results/limits/AEDGE_f_6.dat
# %ECSV 1.0
# ---
# datatype:
# - {name: mx, unit: MeV, datatype: float64}
# - {name: sigma_6, unit: cm2, datatype: float64}
# schema: astropy-2.0
mx sigma_6
3.162277660168379e-07 7.782201458187043e-39
3.2360111549336787e-07 8.309883196379427e-39
3.311463862505236e-07 8.87449028719564e-39
3.388675869043115e-07 9.478639483954459e-39
3.4676881953794695e-07 1.0125133870931246e-38
3.548542818811901e-07 1.0816976091486125e-38
3.6312826954049566e-07 1.1557382780727219e-38
3.715951782811629e-07 1.234980017583761e-38
3.8025950636269697e-07 1.319792070246723e-38
3.89125856928623e-07 1.4105700401794518e-38
3.9819894045202297e-07 1.5077377382591257e-38
4.0748357723809307e-07 1.6117491776757753e-38
4.169846999850535e-07 1.7230907587871853e-38
4.2670735640476865e-07 1.8422836343002546e-38
4.3665671190447213e-07 1.9698862093927396e-38
4.4683805233101997e-07 2.106496760692321e-38
4.572567867791303e-07 2.2527562341650917e-38
4.6791845046510194e-07 2.4093513098407315e-38
4.788287076675383e-07 2.5770177444947137e-38
4.899933547366384e-07 2.7565439115872597e-38
5.014183231736547e-07 2.948774498218624e-38
5.131096827821533e-07 3.154614465609867e-38
5.250736448927506e-07 3.375033408711708e-38
5.373165656630395e-07 3.6110702758559995e-38
5.4984494945446e-07 3.8638383035370613e-38
5.626654522879044e-07 4.1345302147199867e-38
5.757848853798981e-07 4.424423918365318e-38
5.892102187612295e-07 4.734888738224525e-38
6.029485849799565e-07 5.067391939333924e-38
6.17007282890752e-07 5.423505584520642e-38
6.313937815326057e-07 5.804914071828887e-38
6.461157240969403e-07 6.213422333693675e-38
6.611809319882495e-07 6.650964367443614e-38
6.765974089794179e-07 7.119612328173263e-38
6.923733454639272e-07 7.62158658821664e-38
7.085171228072106e-07 8.159266403555015e-38
7.250373177994646e-07 8.735201054544418e-38
7.419427072122865e-07 9.352122115298209e-38
7.592422724615558e-07 1.0012956664747553e-37
7.769452043790388e-07 1.0720841019135378e-37
7.950609080952509e-07 1.1479135783460877e-37
8.135990080361694e-07 1.2291442095694498e-37
8.325693530364543e-07 1.316161853990093e-37
8.519820215718901e-07 1.4093799739179577e-37
8.718473271138315e-07 1.5092416205008199e-37
8.921758236084957e-07 1.616221521574715e-37
9.12978311084014e-07 1.7308283823948555e-37
9.342658413882192e-07 1.8536072967053478e-37
9.560497240602198e-07 1.985142350881777e-37
9.78341532338879e-07 2.1260594352618115e-37
1.0011531093113902e-06 2.2770292026622076e-37
1.0244965742052174e-06 2.4387703105514756e-37
1.048384328826741e-06 2.612052821076921e-37
1.0728290641500308e-06 2.7977019102274215e-37
1.0978437670592484e-06 2.9966017904429373e-37
1.1234417272482566e-06 3.209699952087289e-37
1.149636544281106e-06 3.438011681759088e-37
1.1764421348171486e-06 3.682624923986472e-37
1.2038727400046132e-06 3.944705472929474e-37
1.2319429330465773e-06 4.2255025567494594e-37
1.2606676269433496e-06 4.526354793553198e-37
1.2900620824153782e-06 4.84869661189308e-37
1.3201419160108953e-06 5.19406508252056e-37
1.3509231084026028e-06 5.564107294085781e-37
1.38242201287781e-06 5.960588203863209e-37
1.4146553640265304e-06 6.385399089733914e-37
1.447640286632156e-06 6.840566592728525e-37
1.4813943047694329e-06 7.328262393629068e-37
1.5159353511145682e-06 7.850813612995618e-37
1.5512817764724183e-06 8.410713928720576e-37
1.587452359525819e-06 9.010635494891385e-37
1.6244663168122348e-06 9.653441728867516e-37
1.6623433129330315e-06 1.0342200998283244e-36
1.7011034710007933e-06 1.1080201287620325e-36
1.740767383330235e-06 1.187096592459769e-36
1.7813561223783898e-06 1.2718270429366355e-36
1.8228912519398869e-06 1.3626160565030876e-36
1.8653948386032614e-06 1.4598971682186671e-36
1.908889463474389e-06 1.5641349450795827e-36
1.9533982341732686e-06 1.675827207588639e-36
1.9989447971105317e-06 1.7955074102518267e-36
2.045553350050195e-06 1.9237471924638194e-36
2.0932486549653353e-06 2.0611591120367387e-36
2.1420560511935146e-06 2.2083995744431184e-36
2.192001468898943e-06 2.3661719717639426e-36
2.2431114428485372e-06 2.5352300463451944e-36
2.2954131265091837e-06 2.7163814952497093e-36
2.3489343064737076e-06 2.9104918327440068e-36
2.403703417223201e-06 3.11848852929154e-36
2.4597495562335635e-06 3.341365446849854e-36
2.5171024994342686e-06 3.580187591674572e-36
2.575792717027583e-06 3.8360962073674256e-36
2.635851389676631e-06 4.110314232539803e-36
2.6973104250709106e-06 4.404152149209982e-36
2.760202474878063e-06 4.719014249860414e-36
2.8245609520908932e-06 5.056405353014753e-36
2.8904200487788716e-06 5.4179379995263005e-36
2.9578147542535346e-06 5.8053401643584245e-36
3.026780873657441e-06 6.220463520420972e-36
3.097355046986562e-06 6.665292293252927e-36
3.1695747685562034e-06 7.141952750332073e-36
3.2434784069208122e-06 7.652723369899207e-36
3.319105225258239e-06 8.200045736328567e-36
3.3964954022292982e-06 8.786536217507114e-36
3.4756900533236943e-06 9.414998475953373e-36
3.5567312527036693e-06 1.0088436877625593e-35
3.6396620555569646e-06 1.081007085854929e-35
3.7245265209709786e-06 1.158335032188043e-35
3.811369735340273e-06 1.2411972135362924e-35
3.900237836319859e-06 1.3299897810787633e-35
3.991178037336996e-06 1.4251372448915054e-35
4.0842386526745176e-06 1.5270945039987104e-35
4.179469123139017e-06 1.6363490217734603e-35
4.2769200423275275e-06 1.7534231570613658e-35
4.376643183506652e-06 1.8788766621550273e-35
4.478691527118417e-06 2.0133093595716906e-35
4.583119288927478e-06 2.1573640104346603e-35
4.689981948824612e-06 2.3117293881698755e-35
4.799336280301815e-06 2.47714357221112e-35
4.911240380614659e-06 2.6543974774598686e-35
5.0257537016479225e-06 2.844338636373664e-35
5.142937081500915e-06 3.047875251754996e-35
5.262852776809252e-06 3.2659805396072393e-35
5.385564495820272e-06 3.4996973828526246e-35
5.511137432239651e-06 3.750143318131597e-35
5.639638299867211e-06 4.0185158794549176e-35
5.771135368040315e-06 4.3060983244213283e-35
5.905698497903673e-06 4.614265770129289e-35
6.043399179524854e-06 4.944491768361059e-35
6.184310569875183e-06 5.298355351225536e-35
6.32850753169624e-06 5.677548581106615e-35
6.47606667327258e-06 6.083884640912657e-35
6.627066389131828e-06 6.519306503281254e-35
6.781586901693754e-06 6.985896220189917e-35
6.939710303890459e-06 7.485884877345579e-35
7.101520602780329e-06 8.021663260907642e-35
7.267103764178904e-06 8.595793287502892e-35
7.436547758330399e-06 9.211020252138214e-35
7.609942606644117e-06 9.870285952521165e-35
7.787380429520604e-06 1.057674275244997e-34
7.968955495292936e-06 1.13337686514641e-34
8.15476427030917e-06 1.2144983432748108e-34
8.344905470182516e-06 1.3014265966324659e-34
8.539480112236516e-06 1.394577275024801e-34
8.738591569173047e-06 1.494395777828132e-34
8.942345623991688e-06 1.6013593828901604e-34
9.150850526189614e-06 1.7159795277295806e-34
9.364217049271877e-06 1.8388042539219165e-34
9.58255854960264e-06 1.9704208263387683e-34
9.805991026628606e-06 2.11145853974102e-34
1.0034633184506672e-05 2.262591726119947e-34
1.0268606495168497e-05 2.424542977132974e-34
1.0508035262855554e-05 2.5980865970106355e-34
1.07530466901589e-05 2.7840523024053994e-34
1.1003770945598772e-05 2.9833291868297054e-34
1.1260341232779899e-05 3.1968699685887177e-34
1.1522893861159297e-05 3.4256955424656637e-34
1.1791568318464117e-05 3.670899856860019e-34
1.206650734479802e-05 3.933655139627043e-34
1.2347857008475478e-05 4.21521749752826e-34
1.263576678362426e-05 4.5169329159755715e-34
1.293038962959737e-05 4.840243687653238e-34
1.3231882072236462e-05 5.186695300646507e-34
1.3540404287030327e-05 5.557943818880627e-34
1.3856120184212054e-05 5.955763790014475e-34
1.4179197495840522e-05 6.3820567184382155e-34
1.4509807864912299e-05 6.838860143705198e-34
1.484812693655133e-05 7.328357367598281e-34
1.5194334451324849e-05 7.852887876105917e-34
1.5548614340735104e-05 8.414958505883562e-34
1.5911154824937624e-05 9.017255408290096e-34
1.6282148512737936e-05 9.662656867879782e-34
1.6661792503919872e-05 1.035424703626254e-33
1.7050288493959805e-05 1.1095330646583703e-33
1.7447842881182494e-05 1.1889448778505216e-33
1.785466687641539e-05 1.2740395748538574e-33
1.8270976615199758e-05 1.3652237205890175e-33
1.869699327261814e-05 1.46293295196741e-33
1.91329431807992e-05 1.56763405494342e-33
1.957905794916243e-05 1.679827189744252e-33
2.003557458746648e-05 1.8000482748213338e-33
2.0502735631726606e-05 1.9288715408153537e-33
2.0980789273068064e-05 2.066912266625731e-33
2.1469989489583918e-05 2.2148297105311664e-33
2.1970596181267336e-05 2.3733302502250985e-33
2.2482875308090033e-05 2.543170746607617e-33
2.3007099031300245e-05 2.7251621472266434e-33
2.354354585801526e-05 2.92017334638176e-33
2.4092500789185385e-05 3.1291353201051016e-33
2.4654255471007912e-05 3.35304555551871e-33
2.5229108349871537e-05 3.592972795440613e-33
2.5817364830913554e-05 3.850062120582925e-33
2.641933744027406e-05 4.1255403932561005e-33
2.7035345991133382e-05 4.4207220881756174e-33
2.7665717753620915e-05 4.737015537763872e-33
2.8310787628685666e-05 5.075929621263701e-33
2.8970898326020842e-05 5.4390809290334e-33
2.964640054613707e-05 5.82820143559195e-33
3.033765316668089e-05 6.245146717329315e-33
3.104502343309761e-05 6.691904753307829e-33
3.176888715373972e-05 7.170605350262305e-33
3.25096288995246e-05 7.683530235771287e-33
3.326764220824756e-05 8.233123866633943e-33
3.4043329793658724e-05 8.822005002756669e-33
3.483710375941493e-05 9.452979100345243e-33
3.5649385818020195e-05 1.0129051581928417e-32
3.648060751487119e-05 1.0853442044717825e-32
3.73312104575266e-05 1.1629599473062344e-32
3.820164655032238e-05 1.2461218525284798e-32
3.90923782344573e-05 1.335225697003353e-32
4.0003878733676586e-05 1.4306954352438982e-32
4.093663230568398e-05 1.5329851975873228e-32
4.1891134499415887e-05 1.6425814290979944e-32
4.2867892418314344e-05 1.7600051789900124e-32
4.386742498973848e-05 1.8858145510285975e-32
4.489026324065786e-05 2.0206073260805698e-32
4.5936950579773975e-05 2.1650237687401253e-32
4.700804308621986e-05 2.3197496307629174e-32
4.8104109804991236e-05 2.4855193648980256e-32
4.922573304926602e-05 2.6631195636210345e-32
5.0373508709772956e-05 2.853392638241822e-32
5.154804657137365e-05 3.05724075489197e-32
5.27499706370262e-05 3.275630044995275e-32
5.397991945930254e-05 3.509595108988492e-32
5.5238546479635675e-05 3.760243833298115e-32
5.6526520375476976e-05 4.028762541891315e-32
5.784452541554797e-05 4.3164215051130524e-32
5.9193261823375433e-05 4.6245808299977735e-32
6.057344614930286e-05 4.954696757809342e-32
6.198581165117595e-05 5.308328396220217e-32
6.34311086839044e-05 5.687144915293538e-32
6.491010509810695e-05 6.092933238288051e-32
6.642358664805138e-05 6.527606260263208e-32
6.797235740910648e-05 6.993211629531977e-32
6.955724020492732e-05 7.491941129191147e-32
7.117907704460117e-05 8.026140698258829e-32
7.283872956998614e-05 8.598321134371038e-32
7.453707951348025e-05 9.211169522536202e-32
7.627502916646401e-05 9.867561437123967e-32
7.805350185866558e-05 1.0570573967069738e-31
7.987344244870308e-05 1.132349961722315e-31
8.173581782606456e-05 1.2129861141843494e-31
8.364161742479263e-05 1.2993427369468967e-31
8.559185374914618e-05 1.3918230081729599e-31
8.758756291151902e-05 1.4908582012183748e-31
8.96298051829007e-05 1.5969096034872654e-31
9.17196655561724e-05 1.7104705616059823e-31
9.385825432253677e-05 1.832068660650591e-31
9.604670766138824e-05 1.962268045565146e-31
9.828618824393714e-05 2.1016718933198104e-31
0.00010057788585090809 2.2509250447809726e-31
0.00010292301800464121 2.4107168056980505e-31
0.00010532283061593165 2.581783926649119e-31
0.00010777859864595113 2.7649137722331376e-31
0.00011029162678360347 2.960947690241144e-31
0.00011286325013867351 3.170784591987805e-31
0.00011549483495113791 3.3953847554242276e-31
0.00011818777931701482 3.635773863090149e-31
0.0001209435139311377 3.893047287384343e-31
0.00012376350284724815 4.168374636037599e-31
0.00012664924425581149 4.463004571052094e-31
0.00012960227127996844 4.778269914720833e-31
0.00013262415279004548 5.115593056650512e-31
0.00013571649423705693 5.476491675972201e-31
0.0001388809385056415 5.8625847931280735e-31
0.00014211916678688624 6.275599165753109e-31
0.00014543289947150178 6.717376043219935e-31
0.0001488238970638237 7.18987829436532e-31
0.00015229396111712465 7.695197922750954e-31
0.00015584493519073535 8.235563983514574e-31
0.00015947870582948208 8.81335091541609e-31
0.00016319720356596128 9.431087301055091e-31
0.00016700240394618395 1.0091465067412936e-30
0.00017089632857913436 1.0797349137813098e-30
0.000174881046210801 1.1551787545086054e-30
0.00017895867382325032 1.2358022014122295e-30
0.0001831313777593269 1.3219499020071853e-30
0.00018740137487357792 1.4139881326163752e-30
0.00019177093371001327 1.5123060002422765e-30
0.000196242375707327 1.6173166923431096e-30
0.00020081807643222024 1.7294587739633987e-30
0.00020550046684148122 1.8491975312551073e-30
0.0002102920345734925 1.9770263599414994e-30
0.0002151953252698519 2.113468196741678e-30
0.00022021294392780895 2.259076991153666e-30
0.00022534755628423554 2.4144392143100812e-30
0.0002306018902318662 2.5801754008371686e-30
0.00023597873726856003 2.7569417188024528e-30
0.0002414809539803547 2.9454315618658685e-30
0.0002471114635590999 3.1463771566921416e-30
0.00025287325735547713 3.360551177524141e-30
0.00025876939646823026 3.588768358543036e-30
0.00026480301337045197 3.831887093231267e-30
0.000270977313573789 4.0908110084373824e-30
0.00027729557733145163 4.3664904993818675e-30
0.00028376116138093086 4.659924209402081e-30
0.0002903775007273506 4.972160437752859e-30
0.00029714811046840066 5.30429845494842e-30
0.00030407658766182135 5.657489704550071e-30
0.00031116661323643183 6.03293886715436e-30
0.0003184219539477161 6.431904760453018e-30
0.00032584646437900766 6.855701046509514e-30
0.00033344408898933415 7.30569671517769e-30
0.0003412188642090111 7.783316309685363e-30
0.0003491749205840977 8.290039858395673e-30
0.0003573164849708539 8.827402473564949e-30
0.0003656478827813646 9.396993575996765e-30
0.0003741735402815245 1.000045570163694e-29
0.0003828979869426037 1.0639482844799937e-29
0.000391825857847644 1.1315818288923577e-29
0.000400961896153964 1.2031251876874229e-29
0.0004103109556130814 1.2787616668421086e-29
0.0004198780031493915 1.3586784934031304e-29
0.00042966812149897106 1.443066343305823e-29
0.000439686511909911 1.5321187923336438e-29
0.0004499384969056106 1.6260316854422197e-29
0.00046042952311250296 1.7250024192060905e-29
0.0004711651641537129 1.8292291332889955e-29
0.00048215112361018567 1.9389098064884e-29
0.0004933932380508582 2.0542412538895538e-29
0.0005048974801334842 2.1754180222526637e-29
0.0005166699617777604 2.302631181460748e-29
0.0005287169374124361 2.4360670110359704e-29
0.0005410448072981404 2.5759055815934343e-29
0.0005536601209276797 2.7223192327315866e-29
0.0005665695805056229 2.875470950021638e-29
0.0005797800445090163 3.035512645563326e-29
0.0005932985313311235 3.2025833483913085e-29
0.000607132223010125 3.376807312838149e-29
0.0006212884690447563 3.5582920551573697e-29
0.0006357747902989163 3.747126330784066e-29
0.0006505988829973161 3.943378067021803e-29
0.0006657686228142928 4.1470922681606584e-29
0.0006812920690579615 4.358288912332504e-29
0.0006971774689519261 4.57696086201531e-29
0.0007134332620168255 4.803071811611263e-29
0.0007300680845540431 5.03655429845454e-29
0.0007470907742339592 5.277307804693132e-29
0.0007645103747911887 5.525196979496858e-29
0.0007823361408292924 5.780050011944967e-29
0.00080057754273752 6.041657185925576e-29
0.0008192442717221943 6.309769648683978e-29
0.0008383462449554094 6.584098424184814e-29
0.0008578936108437789 6.864313701823324e-29
0.0008778967544200344 7.150044429536021e-29
0.000898366302860337 7.440878237894478e-29
0.0009193131311302326 7.736361719298141e-29
0.0009407483677622533 8.03600108288706e-29
0.000962683400768232 8.339263200649244e-29
0.000985129883689471 8.645577057068693e-29
0.0010080997417879817 8.954335607288159e-29
0.0010316051783820807 9.264898044646425e-29
0.0010556586813297128 9.576592470849346e-29
0.0010802730296629402 9.888718956459669e-29
0.001105461300377127 1.0200552971875341e-28
0.0011312368753784248 1.051134916345923e-28
0.0011576134485932472 1.0820345441859618e-28
0.0011846050332435167 1.1126767344494e-28
