results/limits/AEDGE_l.dat
# %ECSV 1.0
# ---
# datatype:
# - {name: mx, unit: MeV, datatype: float64}
# - {name: sigma_10, unit: cm2, datatype: float64}
# - {name: sigma_9, unit: cm2, datatype: float64}
# - {name: sigma_7, unit: cm2, datatype: float64}
# - {name: sigma_6, unit: cm2, datatype: float64}
# - {name: sigma_5, unit: cm2, datatype: float64}
# - {name: sigma_4, unit: cm2, datatype: float64}
# - {name: sigma_3, unit: cm2, datatype: float64}
# - {name: sigma_2, unit: cm2, datatype: float64}
# schema: astropy-2.0
mx sigma_10 sigma_9 sigma_7 sigma_6 sigma_5 sigma_4 sigma_3 sigma_2
[from data line 721]
5.214554576410165 1.053100890741875e-44 9.18883815177228e-41 9.15027032639621e-33 8.025755721746236e-29 6.039376397405578e-26 6.3797093567659704e-24 1.5592941104531645e-22 9.900234912867425e-23
5.336140146648369 1.1228638631166606e-44 9.84558867053466e-41 9.804714383024487e-33 8.550273331622963e-29 6.198605548509804e-26 6.5286741535688896e-24 1.595652722196429e-22 1.0131056505963162e-22
5.4605606763588606 1.197451616029687e-44 1.0549325387638378e-40 1.0505932444044744e-32 9.106892251695439e-29 6.361232950646565e-26 6.681107461846871e-24 1.6328581403224454e-22 1.0367286892732281e-22
5.587882267096237 1.277204244614529e-44 1.130341125239791e-40 1.1257263481619901e-32 9.697347345239061e-29 6.527338825833347e-26 6.837090336739918e-24 1.6709328026325004e-22 1.0609029018720192e-22
5.718172561677172 1.3624860228670818e-44 1.2111449952199281e-40 1.2062284329910862e-32 1.032344396241022e-28 6.697005572054009e-26 6.9967055376458e-24 1.709892854967836e-22 1.0856386228970122e-22
5.851500780117376 1.4536871299888804e-44 1.297730314705479e-40 1.2924826570049394e-32 1.0987058521378702e-28 6.870317796682587e-26 7.16003799838345e-24 1.7497640293335025e-22 1.1109525442113496e-22
5.987937756406471 1.551225500214771e-44 1.390510893802006e-40 1.3848994606421778e-32 1.1690138851996088e-28 7.047362342862032e-26 7.327174341978122e-24 1.790561879423875e-22 1.136858404918937e-22
6.127555976140354 1.6555488049596365e-44 1.4899301657808959e-40 1.4839185017427003e-32 1.243470428026899e-28 7.228228327219389e-26 7.498203508243452e-24 1.8323135003778588e-22 1.1633622676736775e-22
6.270429615030991 1.7671365767512647e-44 1.5964633078265973e-40 1.590010726957011e-32 1.3222845432091962e-28 7.413007168905731e-26 7.673216238645687e-24 1.8750365313929153e-22 1.1904926135904372e-22
6.416634578314149 1.8865024850943872e-44 1.7106195136133026e-40 1.7036805889825665e-32 1.405672373537978e-28 7.601792629678765e-26 7.852305621241881e-24 1.918757735383113e-22 1.2182525528173786e-22
6.566248541075969 2.0141967751372218e-44 1.8329444285808864e-40 1.8254684197679934e-32 1.4938570600554088e-28 7.794680847110797e-26 8.035566693337306e-24 1.9634963056510127e-22 1.2466551563019482e-22
6.719350989519823 2.1508088807903336e-44 1.964022759558261e-40 1.95595297051608e-32 1.5870686260722582e-28 7.991770377357409e-26 8.22309692135584e-24 2.0092799272367068e-22 1.2757210130553072e-22
6.87602326319537 2.2969702247817006e-44 2.1044810712161013e-40 2.0957541300512665e-32 1.685543825445757e-28 8.193162231976455e-26 8.414995840850278e-24 2.0561294111022566e-22 1.3054649566956376e-22
7.036348598212252 2.4533572190257747e-44 2.2549907827245935e-40 2.2455358339002838e-32 1.789525953626722e-28 8.398959923468752e-26 8.611365467669597e-24 2.1040720731257543e-22 1.3359028240420953e-22
7.200412171461376 2.6206944796421356e-44 2.4162713789494255e-40 2.4060091772677784e-32 1.8992646202261427e-28 8.609269507128055e-26 8.81231011513549e-24 2.1531329182719877e-22 1.3670519874624376e-22
7.368301145867304 2.7997582719858286e-44 2.5890938515454162e-40 2.5779357459759457e-32 2.0150154821538646e-28 8.824199627447785e-26 9.017936518016104e-24 2.2033371973433417e-22 1.398932279905976e-22
7.540104716695753 2.9913802021511694e-44 2.7742843864067787e-40 2.762131180380658e-32 2.1370399367158658e-28 9.043861566107706e-26 9.2283539335232e-24 2.2547120793097632e-22 1.4315469243179505e-22
7.715914158940838 3.196451172589688e-44 2.9727283151113833e-40 2.959468988280454e-32 2.265604774438809e-28 9.268369290870153e-26 9.443674145527348e-24 2.307284658770299e-22 1.4649267808068106e-22
7.8958228758172275 3.415925620745538e-44 3.185374349259092e-40 3.1708846239016395e-32 2.400981791814463e-28 9.497839507156743e-26 9.664011561019962e-24 2.361083350822097e-22 1.4990840581568033e-22
8.07992644838296 3.650826060965283e-44 3.4132391179572906e-40 3.3973798511767975e-32 2.543447364616205e-28 9.732391710832388e-26 9.88948323763638e-24 2.41613666604997e-22 1.534036906325044e-22
8.2683226863193 3.902247951389054e-44 3.657412030156831e-40 3.6400274107384633e-32 2.693281982937102e-28 9.972148243078767e-26 1.0120208935132578e-23 2.472472828627645e-22 1.5698057529626406e-22
8.461111679894604 4.171364909084264e-44 3.919060485095287e-40 3.899976011328814e-32 2.850769749624467e-28 1.021723434798561e-25 1.0356311254879764e-23 2.530122613099079e-22 1.6064087106884043e-22
8.658395853139817 4.459434298348111e-44 4.1994354557695006e-40 4.1784556676832356e-32 3.016197844332536e-28 1.0467778231118986e-25 1.0597915679494023e-23 2.589118424892148e-22 1.6438671936319473e-22
8.860280018263818 4.767803218889726e-44 4.499877472143531e-40 4.4767834083854997e-32 3.189855955979293e-28 1.072391111832493e-25 1.0845150433811524e-23 2.649486628327602e-22 1.6821918828400736e-22
9.066871431337571 5.097914922515125e-44 4.821823032710354e-40 4.796369378718472e-32 3.3720356869722758e-28 1.0985767323141956e-25 1.1098147050102743e-23 2.7112661114741934e-22 1.7214226599868663e-22
9.278279849276613 5.451315688986771e-44 5.1668114750740926e-40 5.138723365151142e-32 3.563029933113562e-28 1.1253484304806149e-25 1.1357039730028563e-23 2.774481903068536e-22 1.7615535679605694e-22
9.494617588152204 5.829662193925968e-44 5.536492338415512e-40 5.505461769815281e-32 3.7631322436867414e-28 1.152720274279586e-25 1.1621966241956695e-23 2.839175990187855e-22 1.8026279364345603e-22
9.715999582862075 6.234729403978587e-44 5.932633253055892e-40 5.89831506513666e-32 3.9726361667064825e-28 1.1807066597142639e-25 1.1893067105754685e-23 2.905374198853808e-22 1.8446602132268654e-22
9.942543448192506 6.668419036986545e-44 6.357128394855795e-40 6.319135760701933e-32 4.191834584864961e-28 1.2093223187658416e-25 1.2170486552446226e-23 2.973119249026044e-22 1.8876711108914712e-22
10.17436954130415 7.132768627608979e-44 6.812007544886684e-40 6.769906916466651e-32 4.421019048087199e-28 1.2385823259478737e-25 1.2454371829670158e-23 3.042441946148327e-22 1.9316876242666262e-22
10.411601025674827 7.629961241732572e-44 7.299445797708598e-40 7.252751238547764e-32 4.660479109054864e-28 1.2685021063246956e-25 1.2744873823240885e-23 3.11338156723744e-22 1.9767255022285045e-22
10.654363936533231 8.16233588611285e-44 7.821773964689283e-40 7.769940796098845e-32 4.910501668316523e-28 1.2990974429887193e-25 1.3042146889303718e-23 3.185976500705583e-22 2.0228143415798013e-22
10.902787247818345 8.73239866301325e-44 8.381489722124688e-40 8.323907400143612e-32 5.171370335863795e-28 1.3303844849142112e-25 1.3346348856973376e-23 3.260261446467335e-22 2.06998308388862e-22
11.157002940700098 9.342834723170968e-44 8.981269557483075e-40 8.917253687746372e-32 5.443364816185576e-28 1.3623797555047799e-25 1.3657641525359397e-23 3.3362827156862963e-22 2.1182507911143294e-22
11.417146073697703 9.996521074236855e-44 9.623981570912703e-40 9.552764957530961e-32 5.726760323820959e-28 1.3951001602629504e-25 1.397619001834083e-23 3.41407108371429e-22 2.167637689855983e-22
11.683354854432924 1.0696540305927088e-43 1.0312699193243442e-39 1.0233421805327727e-31 6.021827036428917e-28 1.4285629963383395e-25 1.4302163857566372e-23 3.493678497647713e-22 2.2181794143868177e-22
11.955770713056356 1.1446195297508764e-43 1.1050715886096782e-39 1.0962413611631201e-31 6.328829592115606e-28 1.4627859602979393e-25 1.4635735954583832e-23 3.5751371621779165e-22 2.269901379629679e-22
12.234538377385784 1.2249024977938845e-43 1.1841560894415762e-39 1.1743152935597468e-31 6.648026637597116e-28 1.4977871582128609e-25 1.4977083764269514e-23 3.6584991877096e-22 2.3228219713175486e-22
12.519805949796487 1.3108821214010047e-43 1.2689016126760382e-39 1.257929087349612e-31 6.979670433241497e-28 1.5335851140551615e-25 1.5326388445460587e-23 3.743801725751873e-22 2.376987681426108e-22
12.811724985904382 1.4029646907251925e-43 1.3597134244108182e-39 1.3474733442865436e-31 7.324006520663679e-28 1.5701987799963605e-25 1.568383574116581e-23 3.831096313968266e-22 2.4324219805717267e-22
13.110450575083778 1.501585538611547e-43 1.4570258043680022e-39 1.4433659057096024e-31 7.68127345782027e-28 1.6076475455255466e-25 1.6049615388839623e-23 3.920423141367138e-22 2.4891338083166237e-22
13.416141422862523 1.607211118616426e-43 1.561304123050489e-39 1.5460537158793037e-31 8.051702625971879e-28 1.6459512481409776e-25 1.6423921898807212e-23 4.011836417107901e-22 2.5471670250594143e-22
13.72895993523834 1.7203412317633216e-43 1.673047067607609e-39 1.6560148084035733e-31 8.43551811199428e-28 1.6851301829302522e-25 1.680695392862547e-23 4.105377162853262e-22 2.606553937241754e-22
14.04907230496112 1.8415114126828248e-43 1.7927890270562572e-39 1.7737604233565366e-31 8.832936668802043e-28 1.7252051138464583e-25 1.7198915139549516e-23 4.201101254156987e-22 2.6673258172657425e-22
14.37664859982702 1.971295486546368e-43 1.9211026482662776e-39 1.8998372630984524e-31 9.244167755632918e-28 1.766197283954419e-25 1.760001372536931e-23 4.299057859100465e-22 2.729516981048964e-22
14.711862853031292 2.110308309020064e-43 2.058601574935444e-39 2.0348298952236613e-31 9.669413659130147e-28 1.8081284267024947e-25 1.8010462723034314e-23 4.399296898170739e-22 2.7931666059944266e-22
15.054893155627816 2.2592087023403612e-43 2.205943382654745e-39 2.179363311494926e-31 1.0108869695154868e-27 1.8510207773952083e-25 1.8430480250639188e-23 4.501873739715538e-22 2.8582920976346156e-22
15.405921751144481 2.418702601551102e-43 2.363832724102539e-39 2.3341056520656726e-31 1.056272449033517e-27 1.8948970846379824e-25 1.886028943404916e-23 4.606842171679087e-22 2.9249384705246446e-22
15.765135132404664 2.5895464259466044e-43 2.5330246994110897e-39 2.4997711047455752e-31 1.1031160341466263e-27 1.9397806223528386e-25 1.9300118630432529e-23 4.714258342000952e-22 2.9931396496738383e-22
16.132724140606275 2.7725506918425324e-43 2.7143284678262497e-39 2.6771229895282416e-31 1.1514353649969896e-27 1.9856952019483912e-25 1.9750201515759576e-23 4.824179526658327e-22 3.062925943096077e-22
16.50888406671095 2.9685838839502727e-43 2.908611117934751e-39 2.866977039070241e-31 1.2012475427810931e-27 2.0326651847712998e-25 2.0210777160889145e-23 4.93666237222179e-22 3.134347446446798e-22
16.89381475519735 3.178576603867513e-43 3.1168018149707346e-39 3.0702048862871233e-31 1.2525691870518309e-27 2.0807154950474783e-25 2.0682090302652032e-23 5.0517682857525455e-22 3.2074241873885257e-22
17.287720710233557 3.4035260155227665e-43 3.339896245037965e-39 3.2877377707109175e-31 1.3054164992262971e-27 2.1298716329189955e-25 2.1164391401044637e-23 5.1695607811099e-22 3.2822240386178306e-22
17.690811204325115 3.6445006088320244e-43 3.578961377504688e-39 3.5205704757330616e-31 1.3598053317377019e-27 2.1801596875824326e-25 2.1657936482784128e-23 5.290094673407729e-22 3.358739169444099e-22
18.103300389496336 3.902645304347338e-43 3.83514056834953e-39 3.7697655093322726e-31 1.415751262226965e-27 2.2316063518120705e-25 2.216298807255512e-23 5.413445804892255e-22 3.4370623892026295e-22
18.52540741106398 4.179186923308085e-43 4.109659028867898e-39 4.036457541355605e-31 1.473269672115706e-27 2.284238934815071e-25 2.2679814093145088e-23 5.539664838025455e-22 3.5171956959695412e-22
18.957356524063755 4.4754400492532735e-43 4.403829685895548e-39 4.32185811087772e-31 1.5323758289062825e-27 2.338085378147745e-25 2.3208689546648768e-23 5.668834697671675e-22 3.59920758924803e-22
19.399377212391464 4.792813309225727e-43 4.719059461578668e-39 4.6272606176032905e-31 1.593084971497666e-27 2.393174268852419e-25 2.374989501985703e-23 5.8010093769911445e-22 3.683130579113242e-22
19.85170431072216 5.132816104605976e-43 5.056856002726526e-39 4.95404561169449e-31 1.65541239785049e-27 2.4495348560532797e-25 2.4303718358773105e-23 5.9362709578766e-22 3.769006591239786e-22
20.314578129271972 5.4970658237639644e-43 5.418834891932899e-39 5.303686396793367e-31 1.7193735542910582e-27 2.5071970652167543e-25 2.4870453606326793e-23 6.074684166635964e-22 3.8568882707703097e-22
20.788244581469023 5.88729557102117e-43 5.8067273749567026e-39 5.677754961359578e-31 1.7849841258041353e-27 2.566191514697901e-25 2.5450401898210535e-23 6.216324221823346e-22 3.946814385524226e-22
21.272955314601134 6.305362448885066e-43 6.222388641321553e-39 6.077928253749636e-31 1.8522601266574574e-27 2.6265495317828607e-25 2.604387146984002e-23 6.36127089777989e-22 4.038841516449231e-22
21.76896784350983 6.7532564331640804e-43 6.667806697739738e-39 6.50599481671463e-31 1.921217990747999e-27 2.6883031687764615e-25 2.665117732647827e-23 6.509590430164681e-22 4.1330247479900515e-22
22.27654568740161 7.233109883406832e-43 7.145111876801505e-39 6.963861797179588e-31 1.991874661107909e-27 2.75148522109923e-25 2.727264256119248e-23 6.661378225146284e-22 4.2293863469993714e-22
22.79595850984919 7.747207734148136e-43 7.656587026408969e-39 7.45356234727697e-31 2.0642476780211907e-27 2.816129242901332e-25 2.79085967517844e-23 6.816692887667784e-22 4.328004468185506e-22
23.327482262057103 8.297998415700416e-43 8.204678428689569e-39 7.977263432627073e-31 2.138355265310063e-27 2.8822695670270832e-25 2.855937836301221e-23 6.975639243242006e-22 4.42891330116741e-22
23.871399329467756 8.88810555671886e-43 8.792007500613006e-39 8.537274063775578e-31 2.214216414325363e-27 2.9499413209676907e-25 2.922533265997519e-23 7.1382838343683425e-22 4.532179888006953e-22
24.427998681785848 9.520340524507286e-43 9.42138333227428e-39 9.136053966497129e-31 2.2918509653199173e-27 3.0191804473708993e-25 2.99068138155035e-23 7.304726833305502e-22 4.637848627847817e-22
24.997576026500827 1.0197715863039462e-42 1.0095816122811699e-38 9.776222706338166e-31 2.371279685855516e-27 3.090023721615989e-25 3.060418360402558e-23 7.475046182361258e-22 4.745990751176212e-22
25.580433965988984 1.0923459692963558e-42 1.0818531578221581e-38 1.0460569282283287e-30 2.4525243460243254e-27 3.1625087724520656e-25 3.1317812753291e-23 7.649341087415118e-22 4.856667736518271e-22
26.176882158278623 1.170103114245946e-42 1.1592986339932239e-38 1.1192062203768647e-30 2.5356077902625053e-27 3.2366741009842667e-25 3.204808016433198e-23 7.827695427783171e-22 4.969925824524555e-22
26.787237481563718 1.2534136882749002e-42 1.242288451792891e-38 1.19738600644121e-30 2.6205540056383173e-27 3.3125591020639446e-25 3.279537409881979e-23 8.010214756749096e-22 5.085795851025392e-22
27.411824202553472 1.3426748847342809e-42 1.3312195407504532e-38 1.280932262476101e-30 2.7073881865012008e-27 3.3902040840049144e-25 3.356009119302578e-23 8.196981758460364e-22 5.204368328519689e-22
28.050974148747212 1.438312321977001e-42 1.4265172474371517e-38 1.370202241505104e-30 2.7961367954806817e-27 3.469650291353822e-25 3.434263807440696e-23 8.388108786517435e-22 5.325705012331539e-22
28.705026884726152 1.540782078060383e-42 1.5286373698935823e-38 1.4655756867398783e-30 2.8868276208085027e-27 3.550939925570654e-25 3.514343036248598e-23 8.583692609735443e-22 5.449873690293088e-22
29.374329892555654 1.650572871109847e-42 1.6380683377034826e-38 1.5674560984990863e-30 2.979489830037688e-27 3.6341161679263735e-25 3.5962893402010665e-23 8.783833528934936e-22 5.576951755356805e-22
30.05923875639388 1.7682083957719853e-42 1.755333548140585e-38 1.6762720553656174e-30 3.0741540202304e-27 3.719223202608359e-25 3.680146268251612e-23 8.988642685657498e-22 5.706995547608032e-22
30.760117351404876 1.8942498269318568e-42 1.8809938695616388e-38 1.792478589868746e-30 3.1708522647298136e-27 3.80630623977903e-25 3.7659583675274536e-23 9.198227402796563e-22 5.840062278134191e-22
31.477338037076432 2.029298502669472e-42 2.0156503240185323e-38 1.9165586186886396e-30 3.269618156669691e-27 3.8954115397673936e-25 3.8537712268546065e-23 9.412698645843141e-22 5.976233587176912e-22
32.21128185504559 2.173998799287774e-42 2.1599469619195587e-38 2.0490244270512868e-30 3.370486849386978e-27 3.9865864376335168e-25 3.943631501945579e-23 9.63217143942919e-22 6.115572972397881e-22
