results/limits/AEDGE_f_6_phase.dat
# %ECSV 1.0
# ---
# datatype:
# - {name: mx, unit: MeV, datatype: float64}
# - {name: sigma_6, unit: cm2, datatype: float64}
# schema: astropy-2.0
mx sigma_6
[from data line 359]
0.0012404909310584848 2.676395984220017e-18
0.0012694149350204683 2.8075683624323698e-18
0.0012990133477864558 2.942044480531671e-18
0.0013293018942621524 3.07968810908963e-18
0.001360296666004259 3.220349571225727e-18
0.001392014129769518 3.363866397601295e-18
0.0014244711362630968 3.510064116988516e-18
0.0014576849290909482 3.658757115583995e-18
0.0014916731539209149 3.809749612142458e-18
0.0015264538678574353 3.962836725693403e-18
0.0015620455490348386 4.1178056526815994e-18
0.0015984671064343198 4.2744367699190024e-18
0.0016357378899298156 4.432504998675743e-18
0.0016738777005681136 4.591780976879806e-18
0.0017129068010886602 4.7520324058483256e-18
0.0017528459266886532 4.913025368739103e-18
0.00179371629603914 5.074525545629986e-18
0.0018355396225579732 5.236299564447725e-18
0.0018783381259456144 5.398116166980198e-18
0.0019221345439899109 5.559747375227015e-18
0.001966952144646121 5.720969646865504e-18
0.0020128147383986056 5.881564894402079e-18
0.002059746690910748 6.041321473035351e-18
0.0021077729359698315 6.2000350393643094e-18
0.0021569189887337423 6.357509355036236e-18
0.002207210959286545 6.513556995406745e-18
0.0022586755665101248 6.667999951569997e-18
0.0023113401522792685 6.820670137601072e-18
0.0023652326959877285 6.971409770650484e-18
0.0024203818294129824 7.120071795327355e-18
0.0024768168519275916 7.266519969713858e-18
0.002534567746065232 7.410629120869136e-18
0.0025936651934496745 7.552285187348867e-18
0.0026541405910951734 7.691385075425896e-18
0.0027160260680869266 7.82783686109733e-18
0.0027793545026504624 7.961559169321774e-18
0.002844159539619031 8.092481426852532e-18
0.0029104756083082714 8.220543402026125e-18
0.0029783379408076585 8.345694707762924e-18
0.0030477825906984404 8.467894762888388e-18
0.0031188464522080173 8.587112154497681e-18
0.0031915672798109355 8.70332432910064e-18
0.0032659837082868936 8.816517176507563e-18
0.003342135273246469 8.926684407453656e-18
0.0034200624321353945 9.033827268128818e-18
0.0034998065857286074 9.137954050394835e-18
0.0035814101001254554 9.239079329586231e-18
0.003664916329257761 9.3372238824488e-18
0.0037503696379226933 9.432413977598775e-18
0.0038378154253526898 9.524680903640036e-18
0.003927300149334948 9.614060619551968e-18
0.004018871350893299 9.70059321329404e-18
0.00411257767954558 9.78432258061009e-18
0.004208468919149921 9.86529577247074e-18
0.004306596014353682 9.94356290313251e-18
0.004407011097659079 1.001917672318348e-17
0.004509767517119906 1.0092191936771313e-17
0.004614919864684026 1.0162665333581578e-17
0.004722524005196735 1.0230655157718843e-17
0.004832637106080367 1.0296220741758822e-17
0.004945317667705937 1.0359422675743497e-17
0.005060625554472947 1.0420321976731572e-17
0.005178622026613854 1.047898036386146e-17
0.005299369772740128 1.0535459655342065e-17
0.005422932943147155 1.0589821787459556e-17
0.0055493771838957115 1.0642128563411621e-17
0.00567876967168809 1.0692441419785897e-17
0.005811179149557424 1.0740821385608236e-17
0.0059466759633891655 1.0787328859261119e-17
0.006085332099294114 1.083202377248638e-17
0.006227221221852859 1.0874964765863322e-17
0.006372418713251954 1.091621009333746e-17
0.006521001713332612 1.0955816627543635e-17
0.006673049160573193 1.0993840369841667e-17
0.006828641834027273 1.1030336115791871e-17
0.006987862396239558 1.1065357700699079e-17
0.00715079543716245 1.1098957438489909e-17
0.007317527519096606 1.1131186504213538e-17
0.007488147222679345 1.1162094717455821e-17
0.007662745193945353 1.1191730892809222e-17
0.007841414192484688 1.1220142256412562e-17
0.008024249140723652 1.1247374542184092e-17
0.008211347174354735 1.1273472756113245e-17
0.008402807693942412 1.1298480122032486e-17
0.008598732417732204 1.132243863628511e-17
0.008799225435691074 1.134538900046414e-17
0.009004393264807849 1.1367370540681683e-17
0.009214344905683071 1.1388421429667009e-17
0.009429191900438323 1.1408578639860392e-17
0.009649048391975805 1.1427877816243934e-17
0.009874031184619632 1.1446353224898119e-17
0.010104259806171096 1.1464038095142001e-17
0.01033985657141083 1.1480964566100155e-17
0.010580946647081629 1.1497163452073006e-17
0.010827658118386449 1.1512664558434374e-17
0.011080122057036918 1.1527496596623874e-17
0.011338472590888495 1.1541687200860389e-17
0.01160284697519928 1.1555263085942864e-17
0.01187338566555036 1.1568249624830217e-17
0.012150232392466372 1.1580671598769778e-17
0.012433534237775993 1.1592552536647863e-17
0.01272344171275288 1.1603915629826187e-17
0.013020108838078586 1.1614782006780898e-17
0.013323693225669961 1.1625173291854698e-17
0.013634356162414448 1.1635109308839455e-17
0.013952262695857842 1.164460970694203e-17
0.014277581721889965 1.1653692820610938e-17
0.014610486074474885 1.1662376882301008e-17
0.014951152617473332 1.1670678841300146e-17
0.015299762338606094 1.1678614640176633e-17
0.015656500445608335 1.1686200611126778e-17
0.016021556464625875 1.1693451963167107e-17
0.016395124340905766 1.1700382814815531e-17
0.016777402541834602 1.1707007210806548e-17
0.017168594162379338 1.1713338405095825e-17
0.01756890703298664 1.1719388924550162e-17
0.017978553829998065 1.1725171519509774e-17
0.01839775218863974 1.1730697377603372e-17
0.01882672481864659 1.1735978149581839e-17
0.01926569962258253 1.1741024231521656e-17
0.019714909816919448 1.1745846362037471e-17
0.020174594055939365 1.1750453292224499e-17
0.02064499655852557 1.1754855897657314e-17
0.021126367237910063 1.1759062137876289e-17
0.021618961834446313 1.1763081093934537e-17
0.02212304205147776 1.1766920870486902e-17
0.022638875694374342 1.1770589454290667e-17
0.0231667368128109 1.1774094307951543e-17
0.02370690584636297 1.1777442678788927e-17
0.024259669773497434 1.1780641478157502e-17
0.024825322264037063 1.1783697576835316e-17
0.025404163835180054 1.1786617132986462e-17
0.025996502011157406 1.1789405912794929e-17
0.026602651486612925 1.179207012335438e-17
0.027222934293792744 1.1794615230635386e-17
0.027857679973633073 1.1797046601072088e-17
0.02850722575083718 1.1799368718550615e-17
0.02917191671303455 1.1801587130407922e-17
0.029852105994117403 1.180370624525917e-17
0.030548154961852016 1.180573008048629e-17
0.031260433409864494 1.1807663548497513e-17
0.031989319754103004 1.1809510088872134e-17
0.0327352012338808 1.1811273855232219e-17
0.03349847411760691 1.1812958684802923e-17
0.034279543913313774 1.1814568177327096e-17
0.03507882558409363 1.1816104782621727e-17
0.03589674376855814 1.181757291108509e-17
0.03673373300643846 1.1818975508171868e-17
0.037590237969445384 1.1820314487664431e-17
0.038466713697512506 1.1821594002536562e-17
0.03936362584054766 1.1822815986293015e-17
0.04028145090582124 1.1823982021220037e-17
0.04122067651112274 1.182509676917742e-17
0.04218180164382002 1.1826161547290882e-17
0.043165336925959 1.182717767929495e-17
0.044171804885544536 1.182814835625923e-17
0.04520174023414663 1.182907572769014e-17
0.046255690150979495 1.1829961371408997e-17
0.047334214573604344 1.1830807568851674e-17
0.048437886495410414 1.1831614929371872e-17
0.04956729227003216 1.1832386766819376e-17
0.05072303192286451 1.1833123112792046e-17
0.051905719469841495 1.183382681303866e-17
0.05311598324364777 1.1834499094581726e-17
0.05435446622753626 1.1835140130349254e-17
0.05562182639692926 1.1835753710184129e-17
0.056918737068984544 1.1836339505041766e-17
0.058245887260312136 1.1836897990290343e-17
0.05960398205303182 1.1837431997794243e-17
0.06099374296936585 1.1837941423410826e-17
0.06241590835496589 1.1838429091584702e-17
0.06387123377117784 1.1838893311525291e-17
0.06536049239645289 1.1839337162185099e-17
0.06688447543711816 1.1839761637890971e-17
0.06844399254772507 1.1840167101661383e-17
0.0700398722611988 1.1840554040568515e-17
0.0716729624290174 1.1840922938689462e-17
0.07334413067165428 1.184127570445747e-17
0.07505426483952363 1.1841612933883562e-17
0.07680427348467332 1.1841934465507945e-17
0.07859508634347626 1.1842241853252721e-17
0.08042765483057629 1.1842535682225916e-17
0.08230295254435131 1.1842815694927062e-17
0.08422197578416211 1.1843082563546419e-17
0.08618574407966152 1.1843338017217573e-17
0.08819530073244539 1.1843582792200961e-17
0.09025171337033296 1.1843815704540163e-17
0.09235607451457113 1.1844038409017199e-17
0.09450950216026408 1.1844250301894513e-17
0.09671314037033632 1.1844452186944557e-17
0.09896815988334524 1.1844646408374415e-17
0.10127575873546546 1.1844831875633505e-17
0.10363716289697593 1.1845008604601704e-17
0.10605362692358762 1.184517692853919e-17
0.10852643462295801 1.1845339155492274e-17
0.11105689973674641 1.1845491782306652e-17
0.11364636663857243 1.1845640352742616e-17
0.11629621104824843 1.1845779598553455e-17
0.1190078407626656 1.1845914519579148e-17
0.12178269640372161 1.1846040719549678e-17
0.12462225218368743 1.1846164193713642e-17
0.1275280166884199 1.1846281355482901e-17
0.13050153367883624 1.1846392375767727e-17
0.1335443829110759 1.1846497995479176e-17
0.13665818097578622 1.1846600545091216e-17
0.13984458215697693 1.1846698804009199e-17
0.14310527931090045 1.1846790414045668e-17
0.14644200476542463 1.1846877542340755e-17
0.14985653124037576 1.1846962837866761e-17
0.15335067278934078 1.184704399381486e-17
0.1569262857634292 1.1847120950129132e-17
0.1605852697975066 1.1847195107541504e-17
0.16432956881942368 1.1847265294186275e-17
0.16816117208277714 1.1847331521353409e-17
0.172082115223751 1.1847397379336803e-17
0.1760944813425998 1.1847458647268825e-17
0.1802004021103484 1.1847516720030138e-17
0.18440205890129596 1.1847573719209787e-17
0.18870168395192646 1.1847628398174136e-17
0.1931015615468407 1.1847676400983418e-17
0.1976040292323402 1.1847724683210778e-17
0.20221147905830805 1.1847772542703372e-17
0.20692635884904578 1.1847815264103218e-17
0.21175117350374192 1.1847858214940722e-17
0.2166884863272632 1.184789790256799e-17
0.22174092039197504 1.1847936656300405e-17
0.22691115993131514 1.1847974505287163e-17
0.23220195176586036 1.1848011210358621e-17
0.2376161067626448 1.1848043926657266e-17
0.24315650132850383 1.1848077129252915e-17
0.24882607893823822 1.1848107348192883e-17
0.25462785169840935 1.18481364379917e-17
0.2605649019475973 1.1848160477213939e-17
0.26664038389397104 1.1848192240573646e-17
0.27285752529104135 1.1848218282769959e-17
0.2792196291524867 1.1848242588980253e-17
0.2857300755069626 1.1848263894317005e-17
0.2923923231938275 1.1848281633584998e-17
0.2992099117007387 1.1848308736880544e-17
0.3061864630440946 1.1848329726477233e-17
0.31332568369332287 1.1848348458288982e-17
0.32063136654003577 1.1848364636506607e-17
0.3281073929131 1.1848382571932521e-17
0.3357577346406907 1.1848400457993377e-17
0.343586456160426 1.18484141338421e-17
0.3515977166787018 1.184843165963465e-17
0.359795772380376 1.1848446887251183e-17
0.368184978689974 1.1848455235618983e-17
0.3767697925856183 1.184847016170578e-17
0.38555477496691104 1.1848488731978596e-17
0.394544593078027 1.1848497163367089e-17
0.4037440229873054 1.184851153739289e-17
0.4131579521246571 1.1848520395391375e-17
0.42279138187813525 1.1848530658404987e-17
0.43264943025104924 1.1848538293093405e-17
0.4427373345810337 1.1848547230354532e-17
0.4530604543225162 1.1848557418955595e-17
0.4636242738940635 1.1848566736924476e-17
0.47443440559211736 1.1848577684930078e-17
0.48549659257266914 1.1848588514481547e-17
0.4968167119024568 1.1848594669716946e-17
0.5084007776813051 1.1848601322664073e-17
0.5202549442372687 1.1848611349680814e-17
0.5323855093962742 1.1848616642485446e-17
0.5447989178279997 1.1848626190513001e-17
0.557501764469769 1.184862756423457e-17
0.5705007980302781 1.1848632687923952e-17
0.5838029245750183 1.1848640822800727e-17
0.5974152111952977 1.1848649975317356e-17
0.6113448897628128 1.1848653485957947e-17
0.6255993607717623 1.1848655004310217e-17
0.6401861972705483 1.1848663894113669e-17
0.6551131488851486 1.184865880931185e-17
0.6703881459363026 1.184866845479045e-17
0.686019303652694 1.1848673013252832e-17
0.7020149264823721 1.184867032985337e-17
0.7183835125046995 1.1848679939140316e-17
0.7351337579451718 1.1848689233324809e-17
0.7522745617955077 1.1848680502462577e-17
0.7698150305414633 1.1848689729965408e-17
0.7877644830008832 1.1848697004391508e-17
0.8061324552745581 1.1848687991621202e-17
0.8249287058125218 1.1848700234731176e-17
0.8441632205984669 1.1848695088031357e-17
0.8638462184550629 1.1848691236522137e-17
0.8839881564729563 1.1848698790498154e-17
0.9045997355663667 1.1848710041679534e-17
0.9256919061582187 1.1848708782570943e-17
0.9472758739978306 1.1848720350512069e-17
0.9693631061142522 1.1848717400670597e-17
0.9919653369084147 1.1848719467524498e-17
1.0150945743873274 1.1848712599249054e-17
1.0387631065436362 1.1848712342667814e-17
1.0629835078839296 1.1848718560191412e-17
1.0877686461092637 1.184872368008587e-17
1.1131316889514546 1.184871289938328e-17
1.1390861111687691 1.1848727914945245e-17
1.16564570170473 1.1848727358528485e-17
1.1928245710138414 1.1848726469398293e-17
1.2206371585581264 1.1848731998427722e-17
1.2490982404784545 1.184872171506855e-17
1.2782229374447416 1.18487236548687e-17
1.3080267226891875 1.184873723923296e-17
1.3385254302268237 1.1848728470962984e-17
1.369735263267732 1.1848727441877079e-17
1.4016728028254128 1.1848730084629927e-17
1.4343550165258654 1.1848727742912136e-17
1.4677992676220706 1.1848736286944608e-17
1.5020233242186567 1.1848735670049827e-17
1.5370453687116559 1.1848738363059355e-17
1.5728840074483612 1.184874486083694e-17
1.6095582806124205 1.1848741463203831e-17
1.6470876723394143 1.1848754584391518e-17
1.6854921210682972 1.1848739074853454e-17
1.7247920301341966 1.1848733665285147e-17
1.7650082786082029 1.1848740521238267e-17
1.8061622323899016 1.1848759870723753e-17
1.848275755558551 1.1848738066934137e-17
1.8913712219889245 1.1848758505247522e-17
1.935471527238 1.1848741465485982e-17
1.9806001007088037 1.1848747442689838e-17
2.0267809180978715 1.1848740075675482e-17
2.0740385141329463 1.1848734279483248e-17
2.1223979956076717 1.1848774211858671e-17
2.171885054720213 1.1848748290819904e-17
2.222525982722885 1.1848751874243571e-17
2.274347683890048 1.1848766257735243e-17
2.327377689811681 1.1848751897057567e-17
2.3816441740202396 1.1848750322244006e-17
2.437175966958554 1.1848752192660119e-17
2.4940025712967335 1.1848775327201352e-17
2.552154177606206 1.1848767241361934e-17
2.611661680399223 1.184878815514114e-17
2.6725566945423505 1.1848771240480122e-17
2.7348715720526675 1.1848778162016841e-17
2.7986394192855935 1.1848756542103326e-17
2.863894114523477 1.1848768649328282e-17
2.9306703259742912 1.1848738819462443e-17
2.999003530189995 1.1848761622055504e-17
3.068930030914351 1.1848767077737442e-17
3.1404869783702067 1.184873987234563e-17
3.21371238899649 1.184872371613778e-17
3.2886451656454048 1.184873839947323e-17
3.3653251182505572 1.184874615710345e-17
3.443792984976987 1.1848774254835209e-17
3.5240904538643507 1.1848744706712316e-17
3.6062601849747473 1.1848783346615433e-17
3.6903458330569543 1.1848726173544184e-17
3.77639207073912 1.1848762517639571e-17
3.8644446122622242 1.1848699142944876e-17
3.9545502377669295 1.1848738674631013e-17
4.046756818146711 1.1848755992107129e-17
4.141113340480481 1.1848764984528156e-17
4.237669934058216 1.1848746250648998e-17
4.336477897013409 1.1848717149308824e-17
4.437589723576497 1.1848774165212183e-17
4.541059131963759 1.1848764082718537e-17
4.646941092916466 1.1848717968535658e-17
4.755291858905486 1.1848712878524451e-17
4.866168994016832 1.1848756250156532e-17
4.979631404534034 1.184877005690441e-17
5.0957393702336 1.18487891612687e-17
5.214554576410165 1.1848751047721628e-17
5.336140146648369 1.1848691611243294e-17
5.4605606763588606 1.1848789987740142e-17
5.587882267096237 1.1848746128096435e-17
5.718172561677172 1.1848698269807913e-17
5.851500780117376 1.1848761365932031e-17
5.987937756406471 1.1848834955149593e-17
6.127555976140354 1.184878858710729e-17
6.270429615030991 1.1848727281732288e-17
6.416634578314149 1.1848795649354885e-17
6.566248541075969 1.184877592060678e-17
6.719350989519823 1.1848755383610364e-17
