results/limits/AEDGE_h_phase.dat
# %ECSV 1.0
# ---
# datatype:
# - {name: mx, unit: MeV, datatype: float64}
# - {name: sigma, unit: cm2 MeV4, datatype: float64}
# schema: astropy-2.0
mx sigma
3.162277660168379e-07 4.1054785812920963e-32
3.2360111549336787e-07 4.501953605605889e-32
3.311463862505236e-07 4.93671853050005e-32
3.388675869043115e-07 5.413471302502939e-32
3.4676881953794695e-07 5.936267010143394e-32
3.548542818811901e-07 6.509552376306366e-32
3.6312826954049566e-07 7.138203581879512e-32
3.715951782811629e-07 7.827567742308692e-32
3.8025950636269697e-07 8.583508389991446e-32
3.89125856928623e-07 9.412455349269476e-32
3.9819894045202297e-07 1.0321459428313585e-31
4.0748357723809307e-07 1.131825239313093e-31
4.169846999850535e-07 1.241131273376954e-31
4.2670735640476865e-07 1.360993778221498e-31
4.3665671190447213e-07 1.492432279531614e-31
4.4683805233101997e-07 1.6365647675527987e-31
4.572567867791303e-07 1.7946172067018213e-31
4.6791845046510194e-07 1.9679339636131965e-31
4.788287076675383e-07 2.1579892423173576e-31
4.899933547366384e-07 2.3663996238075546e-31
5.014183231736547e-07 2.5949378166862425e-31
5.131096827821533e-07 2.845547735824365e-31
5.250736448927506e-07 3.1203610373145976e-31
5.373165656630395e-07 3.4217152503458493e-31
5.4984494945446e-07 3.75217366025061e-31
5.626654522879044e-07 4.114547111833576e-31
5.757848853798981e-07 4.511917918453884e-31
5.892102187612295e-07 4.947666080232992e-31
6.029485849799565e-07 5.425498034370011e-31
6.17007282890752e-07 5.9494781821901675e-31
6.313937815326057e-07 6.5240634609777305e-31
6.461157240969403e-07 7.154141254815781e-31
6.611809319882495e-07 7.84507096676951e-31
6.765974089794179e-07 8.602729606068938e-31
6.923733454639272e-07 9.43356177812049e-31
7.085171228072106e-07 1.0344634502476048e-30
7.250373177994646e-07 1.1343697325074224e-30
7.419427072122865e-07 1.2439248236125207e-30
7.592422724615558e-07 1.3640605954263053e-30
7.769452043790388e-07 1.495798919173097e-30
7.950609080952509e-07 1.6402603575277283e-30
8.135990080361694e-07 1.7986736961336456e-30
8.325693530364543e-07 1.972386395714299e-30
8.519820215718901e-07 2.1628760536024057e-30
8.718473271138315e-07 2.3717629722419985e-30
8.921758236084957e-07 2.6008239415384167e-30
9.12978311084014e-07 2.852007352296137e-30
9.342658413882192e-07 3.1274497692916934e-30
9.560497240602198e-07 3.429494104992992e-30
9.78341532338879e-07 3.7607095484368035e-30
1.0011531093113902e-06 4.123913418865392e-30
1.0244965742052174e-06 4.5221951299643725e-30
1.048384328826741e-06 4.958942468493009e-30
1.0728290641500308e-06 5.437870410988834e-30
1.0978437670592484e-06 5.963052723480175e-30
1.1234417272482566e-06 6.538956613079077e-30
1.149636544281106e-06 7.170480726306374e-30
1.1764421348171486e-06 7.862996817102498e-30
1.2038727400046132e-06 8.622395439246452e-30
1.2319429330465773e-06 9.45513605162008e-30
1.2606676269433496e-06 1.0368301962684413e-29
1.2900620824153782e-06 1.1369660581366596e-29
1.3201419160108953e-06 1.2467729487040763e-29
1.3509231084026028e-06 1.367184888031348e-29
1.38242201287781e-06 1.499226103136158e-29
1.4146553640265304e-06 1.6440197400941322e-29
1.447640286632156e-06 1.802797417588889e-29
1.4813943047694329e-06 1.9769097031038547e-29
1.5159353511145682e-06 2.16783760091048e-29
1.5512817764724183e-06 2.3772051495651087e-29
1.587452359525819e-06 2.606793236064342e-29
1.6244663168122348e-06 2.8585547441163516e-29
1.6623433129330315e-06 3.134631165500532e-29
1.7011034710007933e-06 3.437370815692117e-29
1.740767383330235e-06 3.76934880869178e-29
1.7813561223783898e-06 4.1333889611467465e-29
1.8228912519398869e-06 4.53258781180729e-29
1.8653948386032614e-06 4.9703409608842613e-29
1.908889463474389e-06 5.450371953122119e-29
1.9533982341732686e-06 5.976763950452255e-29
1.9989447971105317e-06 6.553994463692813e-29
2.045553350050195e-06 7.186973438264212e-29
2.0932486549653353e-06 7.881085018623283e-29
2.1420560511935146e-06 8.642233345876091e-29
2.192001468898943e-06 9.476892778805838e-29
2.2431114428485372e-06 1.0392162965092436e-28
2.2954131265091837e-06 1.1395829231121127e-28
2.3489343064737076e-06 1.2496428804579316e-28
2.403703417223201e-06 1.3703323432328277e-28
2.4597495562335635e-06 1.50267790118361e-28
2.5171024994342686e-06 1.6478052913736054e-28
2.575792717027583e-06 1.8069489737303823e-28
2.635851389676631e-06 1.981462631419072e-28
2.6973104250709106e-06 2.172830685349732e-28
2.760202474878063e-06 2.3826809207398817e-28
2.8245609520908932e-06 2.61279833311431e-28
2.8904200487788716e-06 2.865140311608597e-28
2.9578147542535346e-06 3.141853288560029e-28
3.026780873657441e-06 3.4452909972181778e-28
3.097355046986562e-06 3.7780344926783746e-28
3.1695747685562034e-06 4.142914106484368e-28
3.2434784069208122e-06 4.543033521611661e-28
3.319105225258239e-06 4.981796172426403e-28
3.3964954022292982e-06 5.462934194611962e-28
3.4756900533236943e-06 5.990540170843809e-28
3.5567312527036693e-06 6.569101942409689e-28
3.6396620555569646e-06 7.20354078321836e-28
3.7245265209709786e-06 7.899253260235612e-28
3.811369735340273e-06 8.66215713697273e-28
3.900237836319859e-06 9.49874171033546e-28
3.991178037336996e-06 1.0416123008896783e-27
4.0842386526745176e-06 1.1422104322159574e-27
4.179469123139017e-06 1.2525242575716106e-27
4.2769200423275275e-06 1.3734921117050021e-27
4.376643183506652e-06 1.5061429530483293e-27
4.478691527118417e-06 1.6516051161185013e-27
4.583119288927478e-06 1.811115909173816e-27
4.689981948824612e-06 1.9860321388134634e-27
4.799336280301815e-06 2.1778416510428668e-27
4.911240380614659e-06 2.3881759870028804e-27
5.0257537016479225e-06 2.618824260873099e-27
5.142937081500915e-06 2.8717483782749793e-27
5.262852776809252e-06 3.1490997241816693e-27
5.385564495820272e-06 3.4532374628742575e-27
5.511137432239651e-06 3.786748605001511e-27
5.639638299867211e-06 4.152470012878426e-27
5.771135368040315e-06 4.553512530983546e-27
5.905698497903673e-06 4.993287446809378e-27
6.043399179524854e-06 5.475535507763466e-27
6.184310569875183e-06 6.004358739876557e-27
6.32850753169624e-06 6.584255339881413e-27
6.47606667327258e-06 7.220157937293036e-27
6.627066389131828e-06 7.917475551405713e-27
6.781586901693754e-06 8.682139600696083e-27
6.939710303890459e-06 9.520654355860112e-27
7.101520602780329e-06 1.0440152265399371e-26
7.267103764178904e-06 1.1448454624848638e-26
7.436547758330399e-06 1.2554138104555955e-26
7.609942606644117e-06 1.3766607703805218e-26
7.787380429520604e-06 1.5096176750097218e-26
7.968955495292936e-06 1.6554154624493228e-26
8.15476427030917e-06 1.8152942960455987e-26
8.344905470182516e-06 1.9906141132020903e-26
8.539480112236516e-06 2.1828661931190768e-26
8.738591569173047e-06 2.3936858417233762e-26
8.942345623991688e-06 2.6248663015551616e-26
9.150850526189614e-06 2.8783740053113247e-26
9.364217049271877e-06 3.1563653023111486e-26
9.58255854960264e-06 3.461204800633874e-26
9.805991026628606e-06 3.795485480366177e-26
1.0034633184506672e-05 4.1620507500755395e-26
1.0268606495168497e-05 4.5640186323210334e-26
1.0508035262855554e-05 5.00480828645171e-26
1.07530466901589e-05 5.488169091405257e-26
1.1003770945598772e-05 6.018212538862909e-26
1.1260341232779899e-05 6.599447205243437e-26
1.1522893861159297e-05 7.236817102199985e-26
1.1791568318464117e-05 7.93574373015512e-26
1.206650734479802e-05 8.70217219485068e-26
1.2347857008475478e-05 9.542621775534149e-26
1.263576678362426e-05 1.0464241378839915e-25
1.293038962959737e-05 1.1474870348122173e-25
1.3231882072236462e-05 1.2583105145211958e-25
1.3540404287030327e-05 1.3798372470896483e-25
1.3856120184212054e-05 1.513100945123077e-25
1.4179197495840522e-05 1.6592351564265585e-25
1.4509807864912299e-05 1.8194829060181599e-25
1.484812693655133e-05 1.9952072693922815e-25
1.5194334451324849e-05 2.187902966999777e-25
1.5548614340735104e-05 2.3992090781759693e-25
1.5911154824937624e-05 2.630922983502448e-25
1.6282148512737936e-05 2.885015653206614e-25
1.6661792503919872e-05 3.163648412560901e-25
1.7050288493959805e-05 3.469191326010927e-25
1.7447842881182494e-05 3.804243357018205e-25
1.785466687641539e-05 4.1716544753889355e-25
1.8270976615199758e-05 4.574549898752065e-25
1.869699327261814e-05 5.016356676108791e-25
1.91329431807992e-05 5.500832838387496e-25
1.957905794916243e-05 6.032099364721293e-25
2.003557458746648e-05 6.614675235057738e-25
2.0502735631726606e-05 7.253515869347584e-25
2.0980789273068064e-05 7.954055279188649e-25
2.1469989489583918e-05 8.722252287650398e-25
2.1970596181267336e-05 9.56464121852538e-25
2.2482875308090033e-05 1.0488387474540934e-24
2.3007099031300245e-05 1.150134848852664e-24
2.354354585801526e-05 1.2612140558917808e-24
2.4092500789185385e-05 1.3830212139265617e-24
2.4654255471007912e-05 1.5165924208692106e-24
2.5229108349871537e-05 1.663063840249385e-24
2.5817364830913554e-05 1.823681365424265e-24
2.641933744027406e-05 1.9998112172212828e-24
2.7035345991133382e-05 2.1929515652263198e-24
2.7665717753620915e-05 2.4047452710863927e-24
2.8310787628685666e-05 2.636993862767927e-24
2.8970898326020842e-05 2.8916728587509193e-24
2.964640054613707e-05 3.1709485715838427e-24
3.033765316668089e-05 3.47719653473125e-24
3.104502343309761e-05 3.813021709066812e-24
3.176888715373972e-05 4.181280640630886e-24
3.25096288995246e-05 4.585105758284229e-24
3.326764220824756e-05 5.027932019838493e-24
3.4043329793658724e-05 5.51352612761832e-24
3.483710375941493e-05 6.046018569883443e-24
3.5649385818020195e-05 6.629938754838552e-24
3.648060751487119e-05 7.270253537092894e-24
3.73312104575266e-05 7.972409467445202e-24
3.820164655032238e-05 8.742379119264746e-24
3.90923782344573e-05 9.58671189433238e-24
4.0003878733676586e-05 1.0512589730083537e-23
4.093663230568398e-05 1.1527888190756254e-23
4.1891134499415887e-05 1.2641243457751318e-23
4.2867892418314344e-05 1.386212578659494e-23
4.386742498973848e-05 1.520092006462714e-23
4.489026324065786e-05 1.666901414581972e-23
4.5936950579773975e-05 1.8278895712362564e-23
4.700804308621986e-05 2.0044258498719526e-23
4.8104109804991236e-05 2.198011877306084e-23
4.922573304926602e-05 2.4102943059722882e-23
5.0373508709772956e-05 2.6430788210439187e-23
5.154804657137365e-05 2.898345499587757e-23
5.27499706370262e-05 3.17826565306664e-23
5.397991945930254e-05 3.485220296494931e-23
5.5238546479635675e-05 3.8218204014669776e-23
5.6526520375476976e-05 4.190929106428093e-23
5.784452541554797e-05 4.595686068457686e-23
5.9193261823375433e-05 5.039534170948777e-23
6.057344614930286e-05 5.526248808487858e-23
6.198581165117595e-05 6.05997000073444e-23
6.34311086839044e-05 6.645237606996716e-23
6.491010509810695e-05 7.287029944755672e-23
6.642358664805138e-05 7.990806130580288e-23
6.797235740910648e-05 8.76255252196806e-23
6.955724020492732e-05 9.608833633581428e-23
7.117907704460117e-05 1.0536847974062485e-22
7.283872956998614e-05 1.1554489282169813e-22
7.453707951348025e-05 1.2670413666587363e-22
7.627502916646401e-05 1.389411323748952e-22
7.805350185866558e-05 1.523599684414979e-22
7.987344244870308e-05 1.67074786198071e-22
8.173581782606456e-05 1.8321075061852557e-22
8.364161742479263e-05 2.0090511504634802e-22
8.559185374914618e-05 2.2030838863938167e-22
8.758756291151902e-05 2.4158561665351275e-22
8.96298051829007e-05 2.6491778427283496e-22
9.17196655561724e-05 2.905033560994987e-22
9.385825432253677e-05 3.1855996430794763e-22
9.604670766138824e-05 3.4932625986563085e-22
9.828618824393714e-05 3.83063942406274e-22
0.00010057788585090809 4.2005998651143483e-22
0.00010292301800464121 4.60629082213611e-22
0.00010532283061593165 5.051163125381428e-22
0.00010777859864595113 5.539000878860619e-22
0.00011029162678360347 6.073953658248e-22
0.00011286325013867351 6.660571797182898e-22
0.00011549483495113791 7.3038451010585e-22
0.00011818777931701482 8.009245283498429e-22
0.0001209435139311377 8.782772515314395e-22
0.00012376350284724815 9.631006461474775e-22
0.00012664924425581149 1.0561162239313534e-21
0.00012960227127996844 1.1581151803064417e-21
0.00013262415279004548 1.2699651234168653e-21
0.00013571649423705693 1.3926174550968697e-21
0.0001388809385056415 1.5271154619015104e-21
0.00014211916678688624 1.6746031906952008e-21
0.00014543289947150178 1.836335180101007e-21
0.0001488238970638237 2.0136871302423897e-21
0.00015229396111712465 2.208167606031807e-21
0.00015584493519073535 2.4214308680845237e-21
0.00015947870582948208 2.6552909452633177e-21
0.00016319720356596128 2.9117370630504787e-21
0.00016700240394618395 3.1929505646550248e-21
0.00017089632857913436 3.501323466819665e-21
0.000174881046210801 3.83947880568126e-21
0.00017895867382325032 4.2102929477545e-21
0.0001831313777593269 4.6169200556300984e-21
0.00018740137487357792 5.0628189233813565e-21
0.00019177093371001327 5.551782386584294e-21
0.000196242375707327 6.0879695941139075e-21
0.00020081807643222024 6.675941383772193e-21
0.00020550046684148122 7.32069906971365e-21
0.0002102920345734925 8.02772699929976e-21
0.0002151953252698519 8.803039181335713e-21
0.00022021294392780895 9.653230465163507e-21
0.00022534755628423554 1.0585532625562033e-20
0.0002306018902318662 1.1607875863400166e-20
0.00023597873726856003 1.2728956287454494e-20
0.0002414809539803547 1.3958309859718846e-20
0.0002471114635590999 1.5306393538377013e-20
0.00025287325735547713 1.6784674173952416e-20
0.00025876939646823026 1.8405726114134932e-20
0.00026480301337045197 2.0183338091579278e-20
0.000270977313573789 2.213263058310913e-20
0.00027729557733145163 2.4270184353571394e-20
0.00028376116138093086 2.6614181556348432e-20
0.0002903775007273506 2.918456036095732e-20
0.00029714811046840066 3.2003184502445037e-20
0.00030407658766182135 3.509402938377334e-20
0.00031116661323643183 3.848338587350012e-20
0.0003184219539477161 4.220008400868238e-20
0.00032584646437900766 4.627573819843854e-20
0.00033344408898933415 5.0745016206950736e-20
0.0003412188642090111 5.564593390940059e-20
0.0003491749205840977 6.102017878119455e-20
0.0003573164849708539 6.691346437850452e-20
0.0003656478827813646 7.337591934798967e-20
0.0003741735402815245 8.046251366311966e-20
0.0003828979869426037 8.823352617297545e-20
0.000391825857847644 9.67550575716154e-20
0.000400961896153964 1.0609959248566794e-19
0.0004103109556130814 1.1634661598585026e-19
0.0004198780031493915 1.2758328969280505e-19
0.00042966812149897106 1.3990519339576604e-19
0.000439686511909911 1.5341713775929773e-19
0.0004499384969056106 1.682340561970266e-19
0.00046042952311250296 1.8448198213940998e-19
0.0004711651641537129 2.0229912129591423e-19
0.00048215112361018567 2.2183702700040705e-19
0.0004933932380508582 2.4326188976795187e-19
0.0005048974801334842 2.667559508146454e-19
0.0005166699617777604 2.9251905132548293e-19
0.0005287169374124361 3.207703340101124e-19
0.0005410448072981404 3.517501056521285e-19
0.0005536601209276797 3.857218813824312e-19
0.0005665695805056229 4.2297462756740063e-19
0.0005797800445090163 4.638252170425711e-19
0.0005932985313311235 5.086211279881884e-19
0.000607132223010125 5.577433959196438e-19
0.0006212884690447563 6.116098577664848e-19
0.0006357747902989163 6.706787046261611e-19
0.0006505988829973161 7.354523782993491e-19
0.0006657686228142928 8.064818485214656e-19
0.0006812920690579615 8.843712930012146e-19
0.0006971774689519261 9.697832459788194e-19
0.0007134332620168255 1.0634442247571201e-18
0.0007300680845540431 1.1661509137173035e-18
0.0007470907742339592 1.2787769422175751e-18
0.0007645103747911887 1.4022803131444367e-18
0.0007823361408292924 1.5377115517755338e-18
0.00080057754273752 1.6862226440564712e-18
0.0008192442717221943 1.8490768316849596e-18
0.0008383462449554094 2.0276593607011796e-18
0.0008578936108437789 2.223489266355451e-18
0.0008778967544200344 2.4382322845488396e-18
0.000898366302860337 2.6737150283608733e-18
0.0009193131311302326 2.9319405335649927e-18
0.0009407483677622533 3.2151052686085582e-18
0.000962683400768232 3.52561786093807e-18
0.000985129883689471 3.866119533055577e-18
0.0010080997417879817 4.239506620899206e-18
0.0010316051783820807 4.648955161343555e-18
0.0010556586813297128 5.09794795071758e-18
0.0010802730296629402 5.5903041606167455e-18
0.001105461300377127 6.130211773767339e-18
0.0011312368753784248 6.722263277874735e-18
0.0011576134485932472 7.371494704560463e-18
0.0011846050332435167 8.083428430866862e-18
