results/limits/AEDGE_l.dat
# %ECSV 1.0
# ---
# datatype:
# - {name: mx, unit: MeV, datatype: float64}
# - {name: sigma_10, unit: cm2, datatype: float64}
# - {name: sigma_9, unit: cm2, datatype: float64}
# - {name: sigma_7, unit: cm2, datatype: float64}
# - {name: sigma_6, unit: cm2, datatype: float64}
# - {name: sigma_5, unit: cm2, datatype: float64}
# - {name: sigma_4, unit: cm2, datatype: float64}
# - {name: sigma_3, unit: cm2, datatype: float64}
# - {name: sigma_2, unit: cm2, datatype: float64}
# schema: astropy-2.0
mx sigma_10 sigma_9 sigma_7 sigma_6 sigma_5 sigma_4 sigma_3 sigma_2
[from data line 319]
0.0004933932380508582 1.615959029026595e-48 9.667024242704553e-48 7.957679710798676e-44 9.035451845739125e-41 7.783814817056606e-37 7.505204356413447e-33 1.0648760254456394e-29 2.6503893744980003e-29
0.0005048974801334842 1.594985676577698e-48 9.740119041012761e-48 8.208246660626569e-44 9.629875636223363e-41 8.340050203661081e-37 8.042506141841544e-33 1.1410752284316888e-29 2.839760626650705e-29
0.0005166699617777604 1.574427464158365e-48 9.817104633643867e-48 8.468567422313151e-44 1.026527950632291e-40 8.936077756055452e-37 8.61827416098096e-33 1.2227250475414112e-29 3.0426433977468616e-29
0.0005287169374124361 1.5542774998088235e-48 9.898070968129568e-48 8.739108956794385e-44 1.0944547970751462e-40 9.574745440318737e-37 9.235262259977384e-33 1.3102151329388547e-29 3.2599998680337785e-29
0.0005410448072981404 1.5345290463850885e-48 9.98311095249516e-48 9.020364278296648e-44 1.1670770468021073e-40 1.025910509282411e-36 9.896421433271163e-33 1.4039629574604575e-29 3.492858744204627e-29
0.0005536601209276797 1.5151755191255256e-48 1.0072320475362094e-47 9.312854066105117e-44 1.244725598699716e-40 1.0992427015343752e-36 1.0604913937062285e-32 1.504415808484834e-29 3.7423245320617704e-29
0.0005665695805056229 1.49621048328864e-48 1.0165798421867398e-47 9.617128383673268e-44 1.3277548739657472e-40 1.1778215615051214e-36 1.1364128413061209e-32 1.61205290030575e-29 4.00957621140106e-29
0.0005797800445090163 1.4776276518614756e-48 1.0263646685112156e-47 9.93376851261417e-44 1.4165444954897174e-40 1.2620226164227636e-36 1.2177696094878768e-32 1.727387664487762e-29 4.295880676505827e-29
0.0005932985313311235 1.4594208833380327e-48 1.0365970172866799e-47 1.0263388909661729e-43 1.5115010873579667e-40 1.3522482759835016e-36 1.3049508174498114e-32 1.8509701691895372e-29 4.602589148874416e-29
0.000607132223010125 1.4415841795672198e-48 1.0472876809282667e-47 1.0606639295277658e-43 1.6130602030774128e-40 1.4489297568857547e-36 1.398373441192085e-32 1.9833897488396135e-29 4.931154099113049e-29
0.0006212884690447563 1.42411168366982e-48 1.0584477531386155e-47 1.0964206883210326e-43 1.7216883917273422e-40 1.552529145146311e-36 1.4984843076906005e-32 2.1252777803603356e-29 5.283125506090338e-29
0.0006357747902989163 1.4069976780240484e-48 1.0700886280165518e-47 1.1336818760988549e-43 1.837885411908008e-40 1.6635416060626458e-36 1.6057622318204934e-32 2.277310691325875e-29 5.660166426480631e-29
0.0006505988829973161 1.390236582319342e-48 1.082221998610063e-47 1.172524443205926e-43 1.9621866040613404e-40 1.7824977523918157e-36 1.7207203062418686e-32 2.440213158076984e-29 6.064055879203308e-29
0.0006657686228142928 1.373822951677994e-48 1.0948598549033602e-47 1.2130298531056948e-43 2.0951654324963616e-40 1.909966182073053e-36 1.8439083551978933e-32 2.6147615364624607e-29 6.496696796721547e-29
0.0006812920690579615 1.3577514748444121e-48 1.108014481233284e-47 1.2552843724528942e-43 2.237436209263283e-40 2.046556197632203e-36 1.9759155639577513e-32 2.8017875515997726e-29 6.960131247526971e-29
0.0006971774689519261 1.3420169724416935e-48 1.1216984531365958e-47 1.299379381033607e-43 2.389657012889743e-40 2.1929207202750648e-36 2.11737329647081e-32 3.0021822069735594e-29 7.456536073757167e-29
0.0007134332620168255 1.3266143952953746e-48 1.1359246336366747e-47 1.3454117029910503e-43 2.552532815924509e-40 2.34975941260795e-36 2.268958114711141e-32 3.2169000392639615e-29 7.988253815743882e-29
0.0007300680845540431 1.311538822824209e-48 1.1507061689859703e-47 1.3934839608582997e-43 2.7268188362323846e-40 2.5178220249217097e-36 2.4313950141343248e-32 3.446963581513244e-29 8.557777007537364e-29
0.0007470907742339592 1.296785461497872e-48 1.1660564838890055e-47 1.443704954029693e-43 2.9133241280539274e-40 2.6979119810446955e-36 2.6054608907289306e-32 3.69346824865388e-29 9.1677886514443e-29
0.0007645103747911887 1.2823496433615661e-48 1.1819892762400285e-47 1.4961900634212052e-43 3.1129154299902828e-40 2.8908902209160864e-36 2.791988256219956e-32 3.957587457511548e-29 9.821145425864109e-29
0.0007823361408292924 1.2682268246275562e-48 1.1985185114191432e-47 1.5510616841969916e-43 3.3265212883018197e-40 3.09767931825889e-36 2.991869219200312e-32 4.2405782143818246e-29 1.0520918043615262e-28
0.00080057754273752 1.2544125843336845e-48 1.2156584162011953e-47 1.608449688575486e-43 3.5551364752259263e-40 3.319267893047836e-36 3.2060597512048673e-32 4.543786995100574e-29 1.1270378129733832e-28
0.0008192442717221943 1.2409026230689979e-48 1.2334234723424743e-47 1.6684919208742281e-43 3.799826723429982e-40 3.556715339877206e-36 3.435584258134474e-32 4.86865614421072e-29 1.2073042006659943e-28
0.0008383462449554094 1.2276927617666881e-48 1.2518284099213578e-47 1.731334727108779e-43 4.06173379922728e-40 3.8111568948449174e-36 3.6815404788636396e-32 5.21673060866853e-29 1.2932653932422202e-28
0.0008578936108437789 1.2147789405645365e-48 1.2708882005202896e-47 1.7971335216284933e-43 4.34208093880368e-40 4.0838090651880246e-36 3.9451047344643677e-32 5.58966527282864e-29 1.3853236732133874e-28
0.0008778967544200344 1.2021572177331982e-48 1.290618050347586e-47 1.866053393451018e-43 4.642178673438473e-40 4.375975447640102e-36 4.227537553115976e-32 5.989232693133784e-29 1.483908437886652e-28
0.000898366302860337 1.1898237686726488e-48 1.3110333934084808e-47 1.9382697551492984e-43 4.963431071563297e-40 4.6890529633401845e-36 4.530189697598228e-32 6.417331441987856e-29 1.5894788033986872e-28
0.0009193131311302326 1.1777748849772053e-48 1.3321498848451387e-47 2.013969037350233e-43 5.3073424274961675e-40 5.024538539115249e-36 4.8545086241690094e-32 6.875995037591707e-29 1.702526479393605e-28
0.0009407483677622533 1.1660069735695943e-48 1.353983394574967e-47 2.093349432123917e-43 5.675524428823536e-40 5.384036267093406e-36 5.20204540369049e-32 7.36740146418113e-29 1.8235769041531346e-28
0.000962683400768232 1.154516555904575e-48 1.37655000136509e-47 2.1766216887777106e-43 6.069703836692429e-40 5.7692650768928304e-36 5.574462138083378e-32 7.893883392494195e-29 1.9531922016915628e-28
0.000985129883689471 1.1433002672427159e-48 1.3998659874880187e-47 2.2640099658209747e-43 6.491730715727277e-40 6.182066957082977e-36 5.973539907545249e-32 8.457939096835236e-29 2.0919733466256853e-28
0.0010080997417879817 1.1323548559949654e-48 1.4239478341092082e-47 2.355752743135637e-43 6.943587252914406e-40 6.624415765242189e-36 6.401187286508476e-32 9.062244132263303e-29 2.2405623217533404e-28
0.0010316051783820807 1.12167718313872e-48 1.4488122175607733e-47 2.4521037986756807e-43 7.427397207613668e-40 7.09842666875067e-36 6.859449469031249e-32 9.709663865033811e-29 2.3996463439380674e-28
0.0010556586813297128 1.1112642217061508e-48 1.474476006657309e-47 2.5533332543267156e-43 7.94543603787478e-40 7.60636626147507e-36 7.350518047215524e-32 1.040326684001794e-28 2.56996058154465e-28
0.0010802730296629402 1.1011130563456404e-48 1.5009562612087882e-47 2.659728695886e-43 8.500141751470014e-40 8.150663404733412e-36 7.876741489366406e-32 1.1146339003283824e-28 2.7522867289605563e-28
0.001105461300377127 1.0912208829572008e-48 1.5282702318820797e-47 2.77159637247558e-43 9.094126533520797e-40 8.733920844393705e-36 8.440636367980762e-32 1.1942399221223353e-28 2.9474680243993825e-28
0.0011312368753784248 1.0815850084028316e-48 1.5564353615564372e-47 2.88926248107751e-43 9.730189206309062e-40 9.358927659671491e-36 9.044899391132431e-32 1.2795215291611423e-28 3.156394060847405e-28
0.0011576134485932472 1.0722028502928527e-48 1.5854692883091343e-47 3.0130745422826387e-43 1.0411328580844546e-39 1.002867260317009e-35 9.692420294836752e-32 1.3708821913549386e-28 3.380029485859236e-28
0.0011846050332435167 1.0630719368492696e-48 1.615389850155475e-47 3.1434028737746014e-43 1.1140757764023063e-39 1.0746358395969883e-35 1.0386295657828198e-31 1.4687538858966506e-28 3.619389264418428e-28
0.0012122259692915415 1.0541899068473434e-48 1.6462150916524905e-47 3.280642168530479e-43 1.1921919489781016e-39 1.151541704614102e-35 1.1129843704900355e-31 1.5735991526386686e-28 3.875572469011795e-28
0.0012404909310584848 1.0455545096365428e-48 1.6779632724579857e-47 3.425213185211039e-43 1.2758502547548357e-39 1.233952626394922e-35 1.192662016933829e-31 1.6859131851955856e-28 4.149740524595e-28
0.0012694149350204683 1.037163605242187e-48 1.7106528779164364e-47 3.577564558738893e-43 1.365445938654942e-39 1.3222627052269813e-35 1.2780435290339178e-31 1.806226149230372e-28 4.443140781996263e-28
0.0012990133477864558 1.029015164549069e-48 1.7443026317206799e-47 3.738174739624441e-43 1.4614024980124706e-39 1.4168942556346032e-35 1.3695372026491183e-31 1.935105617634426e-28 4.757104896295889e-28
0.0013293018942621524 1.0211072695684865e-48 1.778931510674057e-47 3.907554071199815e-43 1.5641737040272094e-39 1.5182998263051434e-35 1.4675805572294408e-31 2.0731591585305904e-28 5.093044745306973e-28
0.001360296666004259 1.01343811379011e-48 1.8145587615517778e-47 4.086247014562842e-43 1.674245767906313e-39 1.626964364627064e-35 1.5726424270983725e-31 2.2210371866268855e-28 5.452487686344997e-28
0.001392014129769518 1.0060060026202164e-48 1.8512039200335534e-47 4.27483453171937e-43 1.7921396620509608e-39 1.7434075361929972e-35 1.6852252023289026e-31 2.37943584000923e-28 5.837030098644649e-28
0.0014244711362630968 9.988093539078264e-49 1.8888868316525313e-47 4.473936638146063e-43 1.9184136073870192e-39 1.8681862103620674e-35 1.8058672299432217e-31 2.5491003070876497e-28 6.248417455075805e-28
0.0014576849290909482 9.918466985604032e-49 1.9276276746787248e-47 4.684215136780922e-43 2.0536657387332434e-39 2.0018971237701245e-35 1.9351453868530816e-31 2.7308280685303353e-28 6.688467636104797e-28
0.0014916731539209149 9.851166812507304e-49 1.9674469848294125e-47 4.906376546288251e-43 2.1985369609519907e-39 2.1451797345275468e-35 2.0736778368696346e-31 2.9254726809636183e-28 7.15915905030443e-28
0.0015264538678574353 9.786180612167387e-49 2.0083656816748355e-47 5.141175237343578e-43 2.3537140095397907e-39 2.2987192807564078e-35 2.222126984891383e-31 3.133947521063144e-28 7.66256562153603e-28
0.0015620455490348386 9.723497131559882e-49 2.0504050965856683e-47 5.389416791645614e-43 2.519932730292888e-39 2.463250058096128e-35 2.3812026424095223e-31 3.3572300427383402e-28 8.200929443698085e-28
0.0015984671064343198 9.663106282166423e-49 2.0935870020498388e-47 5.651961599391798e-43 2.697981593730471e-39 2.6395589318540483e-35 2.551665419394674e-31 3.5963660840677776e-28 8.776607399635947e-28
0.0016357378899298156 9.60499915086739e-49 2.1379336421708464e-47 5.929728712056643e-43 2.88870546108109e-39 2.828489100599676e-35 2.7343303587832453e-31 3.8524747083898926e-28 9.392148910569082e-28
0.0016738777005681136 9.54916801183614e-49 2.183467764148228e-47 6.223699968492766e-43 3.0930096198408476e-39 3.030944129203948e-35 2.930070830856764e-31 4.1267530692786955e-28 1.005021684078524e-27
0.0017129068010886602 9.495606339453712e-49 2.2302126505336577e-47 6.5349244136400165e-43 3.31186410820108e-39 3.2478922706137057e-35 3.1398227061405846e-31 4.420481982146431e-28 1.075370449165171e-27
0.0017528459266886532 9.444308822262603e-49 2.2781921520536185e-47 6.864523030483965e-43 3.546308349024916e-39 3.4803710970323955e-35 3.3645888266598417e-31 4.735031469856959e-28 1.1505654942426248e-27
0.00179371629603914 9.395271377978663e-49 2.327430720791646e-47 7.213693807358833e-43 3.797456115532299e-39 3.729492462658111e-35 3.605443796921075e-31 5.071866926173767e-28 1.2309302288304821e-27
0.0018355396225579732 9.348491169579984e-49 2.377953443529956e-47 7.583717164248969e-43 4.066500852439716e-39 3.9964478217155955e-35 3.863539117438977e-31 5.432555675976807e-28 1.316811256851619e-27
0.0018783381259456144 9.303966622491142e-49 2.429786075061574e-47 7.975961763414929e-43 4.354721378000635e-39 4.2825139272185293e-35 4.140108685265771e-31 5.818773823795241e-28 1.4085752871987458e-27
0.0019221345439899109 9.261697442881575e-49 2.4829550712994926e-47 8.39189073146408e-43 4.663487994214492e-39 4.58905893771899e-35 4.436474687757776e-31 6.232313681213684e-28 1.5066125350165426e-27
0.001966952144646121 9.221684637095494e-49 2.537487622028873e-47 8.833068321910939e-43 4.994269034424153e-39 4.917548961252695e-35 4.754053917647897e-31 6.675091632302652e-28 1.6113378500033702e-27
0.0020128147383986056 9.18393053223105e-49 2.593411683170633e-47 9.301167049338143e-43 5.348637879613635e-39 5.269555067779418e-35 5.094364539508585e-31 7.149156470570742e-28 1.723191470837922e-27
0.002059746690910748 9.148438797884934e-49 2.650756008450005e-47 9.797975328486826e-43 5.728280476959537e-39 5.646760803658847e-35 5.459033339846434e-31 7.656698395090626e-28 1.842641041520987e-27
0.0021077729359698315 9.115214469078312e-49 2.7095501803907413e-47 1.0325405653986214e-42 6.135003396591774e-39 6.050970244103181e-35 5.849803495334047e-31 8.200058457573246e-28 1.9701820781704276e-27
0.0021569189887337423 9.08426397037818e-49 2.7698246405837533e-47 1.0885503358987784e-42 6.570742465093365e-39 6.484116622120891e-35 6.268542896162973e-31 8.781738482427023e-28 2.1063410810790065e-27
0.002207210959286545 9.055595141227537e-49 2.8316107192076264e-47 1.148045599371447e-42 7.037572017027557e-39 6.948271575223287e-35 6.717253064203029e-31 9.404412313333561e-28 2.251676960903128e-27
0.0022586755665101248 9.02921726249548e-49 2.894940663806653e-47 1.2112603367881188e-42 7.537714808736142e-39 7.445655054119993e-35 7.1980787082386925e-31 1.0070936336282728e-27 2.4067818600713295e-27
0.0023113401522792685 9.005141084257041e-49 2.9598476673592263e-47 1.2784448304106714e-42 8.073552641821041e-39 7.978645940795809e-35 7.713317962027833e-31 1.0784362800758872e-27 2.5722826764901444e-27
0.0023652326959877285 8.983378854809891e-49 3.026365895694773e-47 1.3498668152832862e-42 8.647637747114864e-39 8.549793426753946e-35 8.265433353500228e-31 1.1547951321312982e-27 2.7488373352268536e-27
0.0024203818294129824 8.963944350933075e-49 3.0945305143406397e-47 1.4258127122911813e-42 9.262704983584267e-39 9.161829205846502e-35 8.8570635576896e-31 1.236518389351419e-27 2.937153102699837e-27
0.0024768168519275916 8.94685290938953e-49 3.1643777149006527e-47 1.5065889485934985e-42 9.921684910507222e-39 9.817680540008818e-35 9.491035988851683e-31 1.3239778313659857e-27 3.137972182312933e-27
0.002534567746065232 8.93212145967165e-49 3.235944741084424e-47 1.592523371657432e-42 1.0627717795442572e-38 1.0520484260388937e-34 1.0170380291945376e-30 1.4175704126163417e-27 3.352078574383909e-27
0.0025936651934496745 8.919768557984815e-49 3.309269914520428e-47 1.6839667635711012e-42 1.138416862498601e-38 1.127360177083778e-34 1.0898342797416051e-30 1.5177199143898803e-27 3.580300165116454e-27
0.0026541405910951734 8.90981442246066e-49 3.3843926604965e-47 1.7812944627957223e-42 1.219464319010353e-38 1.2080635125518438e-34 1.1678402007843171e-30 1.6248785512596908e-27 3.823510958867247e-27
0.0027160260680869266 8.902280969586655e-49 3.4613535337785313e-47 1.8849081010356886e-42 1.3063005322972378e-38 1.2945444257531156e-34 1.2514285190403098e-30 1.7395290405486034e-27 4.082633617016965e-27
0.0027793545026504624 8.89719185183424e-49 3.5401942446622474e-47 1.995237463460583e-42 1.3993395367768574e-38 1.38721654409544e-34 1.340998615310039e-30 1.8621861741162148e-27 4.3586424416731484e-27
0.002844159539619031 8.894572496462206e-49 3.6209576854138334e-47 2.1127424811085817e-42 1.499024997374133e-38 1.4865231074602287e-34 1.4369784290297028e-30 1.99339933055769e-27 4.652562935497565e-27
0.0029104756083082714 8.894450145465841e-49 3.7036879572534874e-47 2.2379153649385708e-42 1.6058323305239905e-38 1.5929390882118412e-34 1.5398264986405913e-30 2.133754166403514e-27 4.965471873720899e-27
