results/limits/AEDGE_l.dat
# %ECSV 1.0
# ---
# datatype:
# - {name: mx, unit: MeV, datatype: float64}
# - {name: sigma_10, unit: cm2, datatype: float64}
# - {name: sigma_9, unit: cm2, datatype: float64}
# - {name: sigma_7, unit: cm2, datatype: float64}
# - {name: sigma_6, unit: cm2, datatype: float64}
# - {name: sigma_5, unit: cm2, datatype: float64}
# - {name: sigma_4, unit: cm2, datatype: float64}
# - {name: sigma_3, unit: cm2, datatype: float64}
# - {name: sigma_2, unit: cm2, datatype: float64}
# schema: astropy-2.0
mx sigma_10 sigma_9 sigma_7 sigma_6 sigma_5 sigma_4 sigma_3 sigma_2
[from data line 478]
0.01926569962258253 2.4883465112582618e-48 2.5779538615370024e-46 4.695543029398654e-40 4.6224417351159984e-36 4.618751754486328e-32 4.385018934995783e-28 3.019320588998303e-25 2.9709959967704426e-25
0.019714909816919448 2.5430169420948377e-48 2.6441401246695212e-46 5.028609692450827e-40 4.9533215671415034e-36 4.949377926957748e-32 4.694839782304029e-28 3.1574175004837503e-25 3.0662056278528776e-25
0.020174594055939365 2.5990817222982165e-48 2.7122361119917e-46 5.3854275203366274e-40 5.3078885712184275e-36 5.303669215792462e-32 5.026347087224508e-28 3.300084291754107e-25 3.16347168556392e-25
0.02064499655852557 2.656569687090417e-48 2.782308027590785e-46 5.767694147836563e-40 5.6878385423450063e-36 5.683319213260115e-32 5.3810344590717375e-28 3.4473847418603324e-25 3.2628244457201426e-25
0.021126367237910063 2.715510503552071e-48 2.854424901251244e-46 6.17722866921209e-40 6.09498868128056e-36 6.090142679430919e-32 5.760495471957733e-28 3.59936980828947e-25 3.364294523831924e-25
0.021618961834446313 2.7759347008168334e-48 2.9286587307434865e-46 6.61598033158798e-40 6.531286286268864e-36 6.526084206954117e-32 6.1664300217375225e-28 3.7561016573673933e-25 3.4679304045130254e-25
0.02212304205147776 2.837873699516885e-48 3.005084632109186e-46 7.0860378506487244e-40 6.998818067018691e-36 6.993227504949885e-32 6.600651026432331e-28 3.9176291006520954e-25 3.573762367491807e-25
0.022638875694374342 2.90135984048815e-48 3.0837809984296313e-46 7.589639393200422e-40 7.499820125489624e-36 7.493805346194355e-32 7.065091523152327e-28 4.0840079718026164e-25 3.6818324186055457e-25
0.0231667368128109 2.966426412770473e-48 3.1648296675950454e-46 8.129183274338265e-40 8.036688651220041e-36 8.030210224913277e-32 7.561812145327607e-28 4.255287917419987e-25 3.792179002005695e-25
0.02370690584636297 3.0331076809635523e-48 3.248316099626872e-46 8.707239420378469e-40 8.611991382352157e-36 8.605005775873917e-32 8.093009018745334e-28 4.431519195933608e-25 3.904855074325428e-25
0.024259669773497434 3.1014389120220905e-48 3.3343295641411637e-46 9.326561652375634e-40 9.228479887170465e-36 9.220939009066512e-32 8.661022080798422e-28 4.612752306366941e-25 4.01987103766629e-25
0.024825322264037063 3.171456401593829e-48 3.4229633385800355e-46 9.990100848971796e-40 9.889102724894844e-36 9.880953418129505e-32 9.26834383945824e-28 4.799034570847569e-25 4.137313800312638e-25
0.025404163835180054 3.243197500021031e-48 3.514314917879701e-46 1.0701019051528858e-39 1.0597019548674064e-35 1.058820302480777e-31 9.917628594629321e-28 4.990416311882261e-25 4.257222645986385e-25
0.025996502011157406 3.316700638139691e-48 3.6084862362878594e-46 1.1462704579003588e-39 1.1355616218232242e-35 1.134606742615824e-31 1.0611702124601265e-27 5.186945529531488e-25 4.379644171893886e-25
0.026602651486612925 3.3920053530209837e-48 3.705583902090984e-46 1.2278788224853908e-39 1.2168520994449256e-35 1.2158167915959675e-31 1.1353571862752418e-27 5.3886706169295885e-25 4.504630399813928e-25
0.027222934293792744 3.4691523138062536e-48 3.8057194460627215e-46 1.3153160613440712e-39 1.30396218933304e-35 1.3028384756857003e-31 1.2146437574100446e-27 5.5956439113143595e-25 4.632237680482553e-25
0.027857679973633073 3.548183347790695e-48 3.9090095844992855e-46 1.4089990798935347e-39 1.3973085282365807e-35 1.396087568520262e-31 1.299370253298792e-27 5.807911983142349e-25 4.762501991985936e-25
0.02850722575083718 3.629141466911348e-48 4.01557649776604e-46 1.509374619568692e-39 1.4973375808221718e-35 1.496009573637904e-31 1.3898985239301474e-27 6.025529473122343e-25 4.895485720241958e-25
0.02917191671303455 3.7120708947933314e-48 4.1255481253419854e-46 1.6169213935370783e-39 1.604527775107257e-35 1.603081848460588e-31 1.4866131647716635e-27 6.248549322370053e-25 5.031280415392974e-25
0.029852105994117403 3.79701709450387e-48 4.239058478415914e-46 1.732152375306584e-39 1.719391790770608e-35 1.7178158797908501e-31 1.5899227944084166e-27 6.477026313003102e-25 5.169922478720407e-25
0.030548154961852016 3.884026797157792e-48 4.356247971159726e-46 1.855617251172023e-39 1.842479011284444e-35 1.8407597216055025e-31 1.7002613861696875e-27 6.711017342638728e-25 5.311485501775794e-25
0.031260433409864494 3.973148031510813e-48 4.4772637718813996e-46 1.987905048230271e-39 1.9743781515959743e-35 1.972500606690781e-31 1.818089654180343e-27 6.95058154704426e-25 5.4560278538976235e-25
0.031989319754103004 4.064430154668716e-48 4.60226017534255e-46 2.1296469505334266e-39 2.1157200739256597e-35 2.1136677444809557e-31 1.9438964938513594e-27 7.195781122524121e-25 5.603613198086765e-25
0.0327352012338808 4.1579238840317127e-48 4.73139899761392e-46 2.281519316849424e-39 2.2671808051491317e-35 2.264935318337164e-31 2.078200476375613e-27 7.446682428653448e-25 5.754333733577551e-25
0.03349847411760691 4.253681330584802e-48 4.864849994936953e-46 2.444246914463807e-39 2.4294847701938557e-35 2.4270256964393472e-31 2.221551395501113e-27 7.703350219821347e-25 5.9082226015022585e-25
0.034279543913313774 4.351756033636231e-48 5.002791308161359e-46 2.6186063844897962e-39 2.6034082569144213e-35 2.6007128714665355e-31 2.3745318681641718e-27 7.9658576844304e-25 6.065415159624593e-25
0.03507882558409363 4.4522029970985516e-48 5.1454099344373176e-46 2.8054299552611115e-39 2.7897831290176e-35 2.786826145311705e-31 2.537758983425281e-27 8.234280573249463e-25 6.2259031846625825e-25
0.03589674376855814 4.5550787273998313e-48 5.292902227958316e-46 3.005609421568628e-39 2.989500804794245e-35 2.9862540762254623e-31 2.7118859995524368e-27 8.508694179573544e-25 6.389845822059212e-25
0.03673373300643846 4.6604412731066463e-48 5.445474431675717e-46 3.2201004087736124e-39 3.203516520686496e-35 3.1999487070095895e-31 2.8976040884059946e-27 8.789184221865407e-25 6.557265944425018e-25
0.037590237969445384 4.7683502663359504e-48 5.6033432420409085e-46 3.449926942192755e-39 3.432853900080561e-35 3.4289300941936817e-31 3.095644118329404e-27 9.075836220767851e-25 6.728288533753308e-25
0.038466713697512506 4.878866966029481e-48 5.766736408975306e-46 3.696186343610513e-39 3.6786098491752513e-35 3.6742911595335205e-31 3.306778476408123e-27 9.368738189682105e-25 6.902966171988559e-25
0.03936362584054766 4.992054303162326e-48 5.935893373423374e-46 3.960054478338916e-39 3.9419598033401983e-35 3.937202886671399e-31 3.531822926048958e-27 9.667994544764096e-25 7.081412716001725e-25
0.04028145090582124 5.1079769279564936e-48 6.111065945010106e-46 4.242791377921694e-39 4.2241633490538826e-35 4.218919887403585e-31 3.771638481021743e-27 9.973689207091414e-25 7.263703328847382e-25
0.04122067651112274 5.226701259170667e-48 6.292519022503005e-46 4.545747265376314e-39 4.5265702483075285e-35 4.520786363723408e-31 4.027133321403341e-27 1.0285950013513615e-24 7.449905590106907e-25
0.04218180164382002 5.348295535539149e-48 6.4805313599700645e-46 4.870369011792955e-39 4.850626894285346e-35 4.844242493635091e-31 4.299264687869095e-27 1.0604857710200875e-24 7.640150877564052e-25
0.043165336925959 5.472829869435337e-48 6.675396381730813e-46 5.2182070551726373e-39 5.197883229193864e-35 5.190831270714333e-31 4.5890408270558495e-27 1.0930554355943797e-24 7.834538821012314e-25
0.044171804885544536 5.600376302838896e-48 6.8774230494184694e-46 5.590922814597531e-39 5.570000157323e-35 5.562205829470027e-31 4.897522880769223e-27 1.1263141973286607e-24 8.033144402958559e-25
0.04520174023414663 5.731008865690047e-48 7.086936784707838e-46 5.990296635195885e-39 5.968757488789369e-35 5.960137290829655e-31 5.2258268037526246e-27 1.1602754905416175e-24 8.236079308051712e-25
0.046255690150979495 5.864803636719725e-48 7.304280451518209e-46 6.418236301902641e-39 6.396062451949832e-35 6.386523164450031e-31 5.575125225429157e-27 1.1949522143982168e-24 8.44345034703575e-25
0.047334214573604344 6.001838806849808e-48 7.5298154017736e-46 6.876786162737474e-39 6.853958815192347e-35 6.84339634713317e-31 5.946649283421353e-27 1.2303575015752525e-24 8.655359603452725e-25
0.048437886495410414 6.142194745264519e-48 7.763922589095748e-46 7.368136905237366e-39 7.344636661724827e-35 7.332934759361551e-31 6.3416904082629955e-27 1.2665063956118982e-24 8.871894120997337e-25
0.04956729227003216 6.285954068260179e-48 8.007003755119977e-46 7.894636032804691e-39 7.87044286410463e-35 7.8574716648921424e-31 6.76160202044172e-27 1.3034125122961174e-24 9.093194552133032e-25
0.05072303192286451 6.433201710988486e-48 8.259482693462362e-46 8.458799091079986e-39 8.433892308597281e-35 8.419506721485955e-31 7.207801171833422e-27 1.341092224364327e-24 9.3193855683823e-25
0.051905719469841495 6.584025002215605e-48 8.521806596728985e-46 9.063321698035269e-39 9.037679923037518e-35 9.021717814175503e-31 7.681770052066948e-27 1.3795606295047759e-24 9.550574579666153e-25
0.05311598324364777 6.738513742227569e-48 8.794447492347823e-46 9.711092435328746e-39 9.684693565707543e-35 9.666973726056943e-31 8.185057403880069e-27 1.4188344342052215e-24 9.78688036718643e-25
0.05435446622753626 6.89676028402091e-48 9.077903773422097e-46 1.0405206662580755e-38 1.0378027836863654e-34 1.0358347705388678e-30 8.719279784988308e-27 1.458931320155655e-24 1.0028430163620392e-24
0.05562182639692926 7.058859617925878e-48 9.372701831252525e-46 1.114898132064517e-38 1.1120998878953422e-34 1.1099131991851091e-30 9.286122658021773e-27 1.4998673844710941e-24 1.0275355174372104e-24
0.056918737068984544 7.224909459819067e-48 9.679397796658125e-46 1.1945970794681447e-38 1.1917160236291878e-34 1.1892853369170344e-30 9.88734134424539e-27 1.5416622440374858e-24 1.0527686687178418e-24
0.058245887260312136 7.395010343091238e-48 9.998579397742341e-46 1.2799983912900685e-38 1.2770319850030203e-34 1.2743289815919735e-30 1.0524761721290386e-26 1.5843344196140002e-24 1.0785681967781725e-24
0.05960398205303182 7.569265714546476e-48 1.0330867942306701e-45 1.371510216229212e-38 1.3684558269677458e-34 1.365448833128196e-30 1.120028073530355e-26 1.627903303345065e-24 1.1049451500901422e-24
0.06099374296936585 7.74778203441866e-48 1.0676920433709861e-45 1.4695699208456569e-38 1.4664248168250988e-34 1.4630784017806866e-30 1.1915866657154905e-26 1.672389021302342e-24 1.1319119153293726e-24
0.06241590835496589 7.930668880702295e-48 1.103743182960982e-45 1.5746461812911475e-38 1.5714075254363043e-34 1.5676820508831642e-30 1.2673559071091178e-26 1.717812169951823e-24 1.1594811435935088e-24
0.06387123377117784 8.11803905800573e-48 1.1413137453712967e-45 1.6872412247916312e-38 1.6839060681227965e-34 1.6797571834223834e-30 1.347546858161329e-26 1.7641942519628747e-24 1.1876683575756756e-24
0.06536049239645289 8.310008711147022e-48 1.180481557139055e-45 1.8078932316029716e-38 1.8044585059729786e-34 1.7998365824497267e-30 1.4323776210587054e-26 1.8115577719503445e-24 1.2164940464448947e-24
0.06688447543711816 8.506697443724461e-48 1.2213290140812676e-45 1.9371789089285686e-38 1.9336414190356317e-34 1.9284909160157737e-30 1.52207324437084e-26 1.8599241249923463e-24 1.245958453921807e-24
0.06844399254772507 8.708228441907495e-48 1.2639433752097767e-45 2.075716249110091e-38 2.0720726637021362e-34 2.0663314180408515e-30 1.6168655995244974e-26 1.9093178607982502e-24 1.276095022546415e-24
0.0700398722611988 8.91472860370699e-48 1.3084170767884556e-45 2.224167485283936e-38 2.220414327459986e-34 2.2140127573036638e-30 1.7169932126269746e-26 1.95976252959936e-24 1.3069066048662332e-24
0.0716729624290174 9.126328673998509e-48 1.3548480679708088e-45 2.383242258640557e-38 2.37937589514324e-34 2.3722361075574025e-30 1.8227010649093946e-26 2.011282700382743e-24 1.3384156949756177e-24
0.07334413067165428 9.343163385587369e-48 1.4033401695607448e-45 2.5537010124358545e-38 2.5497176418164284e-34 2.541752432655051e-30 1.9342403521599885e-26 2.0639037698024036e-24 1.3706365200542657e-24
0.07505426483952363 9.565371606620344e-48 1.454003457551264e-45 2.736358628988483e-38 2.7322542685112853e-34 2.723366001499092e-30 2.0518682055677052e-26 2.1176523993267707e-24 1.4035888045596395e-24
0.07680427348467332 9.793096494665987e-48 1.5069546732160692e-45 2.932088327059066e-38 2.9278587981962477e-34 2.9179381486205687e-30 2.1758473671814449e-26 2.17255359526117e-24 1.4372877352638246e-24
0.07859508634347626 1.0026485657803183e-47 1.562317661657761e-45 3.1418258382528247e-38 3.137466750602149e-34 3.1263912972508248e-30 2.3064458413926836e-26 2.2286382000631554e-24 1.4717515195282167e-24
0.08042765483057629 1.0265691323076749e-47 1.6202238408543645e-45 3.3665738824216436e-38 3.3620806158597957e-34 3.349713262856982e-30 2.443936472449536e-26 2.2859291317244843e-24 1.5069978667446712e-24
0.08230295254435131 1.051087051269871e-47 1.6808127033937143e-45 3.6074069634717847e-38 3.6027746483328837e-34 3.588961856326772e-30 2.588596540146136e-26 2.3444617464192436e-24 1.5430432225802516e-24
0.08422197578416211 1.0762185228395231e-47 1.744232353243649e-45 3.8654765085160006e-38 3.860700003559567e-34 3.845269807211238e-30 2.74070723836022e-26 2.404258898953261e-24 1.5799125180461694e-24
0.08618574407966152 1.101980264432133e-47 1.8106400800755364e-45 4.142016374950964e-38 4.137090242854668e-34 4.119850028830582e-30 2.900553210981107e-26 2.465356727822983e-24 1.6176248062276469e-24
0.08819530073244539 1.128389530898951e-47 1.8802029738403587e-45 4.438348751800876e-38 4.433267231881589e-34 4.4140012484056826e-30 3.06842196366699e-26 2.5277830980033915e-24 1.6561940054287624e-24
0.09025171337033296 1.1554641356683046e-47 1.9530985824910048e-45 4.755890483553791e-38 4.750647461384034e-34 4.729114026949797e-30 3.244603314464283e-26 2.5915710210866512e-24 1.6956417827430246e-24
0.09235607451457113 1.1832224728851775e-47 2.0295156159526143e-45 5.096159846738071e-38 5.090748820284687e-34 5.066677195203336e-30 3.429388781619797e-26 2.656754057934582e-24 1.735993989878075e-24
0.09450950216026408 1.211683540601586e-47 2.1096546996656353e-45 5.460783811651922e-38 5.4551978535182615e-34 5.428284733613679e-30 3.6230709487751764e-26 2.723363397793088e-24 1.7772686624780398e-24
0.09671314037033632 1.2408669650732965e-47 2.193729181264606e-45 5.851505823979363e-38 5.845737539281269e-34 5.815643126153458e-30 3.8259428449523205e-26 2.791436756023097e-24 1.819488714319842e-24
0.09896815988334524 1.2707930262215958e-47 2.2819659942109028e-45 6.270194143512836e-38 6.264235622861535e-34 6.2305792196383906e-30 4.038297250985569e-26 2.861005490704244e-24 1.862670953976621e-24
0.10127575873546546 1.3014826843221296e-47 2.374606582470316e-45 6.718850779867049e-38 6.712693546867838e-34 6.675048622257882e-30 4.260426078617783e-26 2.9321094177293297e-24 1.9068471968924e-24
0.10363716289697593 1.3329576079864287e-47 2.4719078906184733e-45 7.199621067924433e-38 7.193256020527894e-34 7.151144677078251e-30 4.4926196603725846e-26 3.004782463848868e-24 1.9520385481561444e-24
0.10605362692358762 1.365240203505426e-47 2.5741434240689315e-45 7.714803928812229e-38 7.708221273774028e-34 7.661108048585158e-30 4.735166126027576e-26 3.079064190998929e-24 1.9982684324194616e-24
0.10852643462295801 1.3983536456283155e-47 2.6816043844527515e-45 8.266862865490279e-38 8.260052045104628e-34 8.207336962613181e-30 4.988350734517357e-26 3.1549937966988017e-24 2.0455619623463975e-24
0.11105689973674641 1.4323219098542974e-47 2.7946008855350565e-45 8.858437745542314e-38 8.851387355712452e-34 8.792398142534459e-30 5.252455233870265e-26 3.23260798069467e-24 2.0939459995509515e-24
0.11364636663857243 1.4671698063192632e-47 2.913463255435527e-45 9.492357427528543e-38 9.485055126123353e-34 9.419038487180959e-30 5.52775729491961e-26 3.311950341870821e-24 2.143433321252797e-24
0.11629621104824843 1.5029230153642017e-47 3.0385434313277176e-45 1.0171653291292666e-37 1.01640856956101e-33 1.0090197538670502e-29 5.814529900386075e-26 3.39306146082822e-24 2.1940570744897814e-24
0.1190078407626656 1.5396081248771998e-47 3.170216453227796e-45 1.0899573736939464e-37 1.0891726308953661e-33 1.080902079125159e-29 6.113040832123876e-26 3.47598364266214e-24 2.2458558838961433e-24
