results/limits/AEDGE_l_phase.dat
# %ECSV 1.0
# ---
# datatype:
# - {name: mx, unit: MeV, datatype: float64}
# - {name: sigma_10, unit: cm2, datatype: float64}
# - {name: sigma_9, unit: cm2, datatype: float64}
# - {name: sigma_7, unit: cm2, datatype: float64}
# - {name: sigma_6, unit: cm2, datatype: float64}
# - {name: sigma_5, unit: cm2, datatype: float64}
# - {name: sigma_4, unit: cm2, datatype: float64}
# - {name: sigma_3, unit: cm2, datatype: float64}
# - {name: sigma_2, unit: cm2, datatype: float64}
# schema: astropy-2.0
mx sigma_10 sigma_9 sigma_7 sigma_6 sigma_5 sigma_4 sigma_3 sigma_2
[from data line 319]
0.0004933932380508582 1.4944249827266396e-42 1.676498191748045e-41 7.683147744245709e-35 7.028313314412251e-31 7.019433400313485e-27 6.789104209033653e-23 9.639386634603053e-20 2.404233360687619e-19
0.0005048974801334842 1.512352274988169e-42 1.7564483834579715e-41 8.392388889646512e-35 7.706777542300217e-31 7.697362055754044e-27 7.444791054356325e-23 1.0570351769147776e-19 2.63643251609212e-19
0.0005166699617777604 1.530685900633485e-42 1.8415221027863162e-41 9.168590136673562e-35 8.450752011012364e-31 8.440764418192928e-27 8.163803660616774e-23 1.1591228844643488e-19 2.891057298386129e-19
0.0005287169374124361 1.5494387514922694e-42 1.9321074598574262e-41 1.0018146213862982e-34 9.266562943316519e-31 9.255963898645652e-27 8.952257998428523e-23 1.2710701511894332e-19 3.17027356352754e-19
0.0005410448072981404 1.5686242291707817e-42 2.0286255139599987e-41 1.094806600813595e-34 1.0161147493358415e-30 1.014989460178793e-26 9.816860698499598e-23 1.3938292059813988e-19 3.476456338638212e-19
0.0005536601209276797 1.5882562687019187e-42 2.13153330047964e-41 1.1966031728586677e-34 1.1142112755956494e-30 1.1130160313863546e-26 1.076496610448052e-22 1.5284442420885616e-19 3.812210026197118e-19
0.0005665695805056229 1.6083493637779242e-42 2.2413271501779912e-41 1.3080463811597337e-34 1.2217800508976432e-30 1.2205099221660832e-26 1.1804638868877449e-22 1.6760603046843538e-19 4.180390571205848e-19
0.0005797800445090163 1.6289185929048267e-42 2.358546329545839e-41 1.4300591953002373e-34 1.3397358085013297e-30 1.3383854758758368e-26 1.2944722475235412e-22 1.8379330198662466e-19 4.584129727031144e-19
0.0005932985313311235 1.6499796472723357e-42 2.4837770340108365e-41 1.5636533196115563e-34 1.4690816276002591e-30 1.4676453482105338e-26 1.419491456003001e-22 2.0154392890990886e-19 5.02686172923637e-19
0.000607132223010125 1.671548860025723e-42 2.617656768587272e-41 1.7099377318909073e-34 1.6109174543894823e-30 1.6093890252278394e-26 1.5565849298645952e-22 2.210088986640098e-19 5.512352471026481e-19
0.0006212884690447563 1.6936432372851304e-42 2.760879154119682e-41 1.8701280672411362e-34 1.7664494662639437e-30 1.7648221842011603e-26 1.7069187943144816e-22 2.4235378143809743e-19 6.044731565495804e-19
0.0006357747902989163 1.7162804904775113e-42 2.9141992007559744e-41 2.0455568932746754e-34 1.9370003270067495e-30 1.9352669451594086e-26 1.8717717974718302e-22 2.657601379830665e-19 6.628527458604792e-19
0.0006505988829973161 1.7394790709965055e-42 3.078439094391862e-41 2.237684978505131e-34 2.1240204343081907e-30 2.12217311441508e-26 2.052546185061115e-22 2.914270636351632e-19 7.268705939857624e-19
0.0006657686228142928 1.7632582063225623e-42 3.254494545901835e-41 2.448113661333328e-34 2.329100266177486e-30 2.3271305265985046e-26 2.2507796375749015e-22 3.195728831925748e-19 7.970712415519427e-19
0.0006812920690579615 1.7876379384654203e-42 3.443341758253686e-41 2.67859838137846e-34 2.553983890049072e-30 2.5518825489993367e-26 2.468158331615483e-22 3.504370054065317e-19 8.740518162901325e-19
0.0006971774689519261 1.8126391643769354e-42 3.6460450707126506e-41 2.9310635665061665e-34 2.800583824299528e-30 2.798340937830759e-26 2.7065313088102786e-22 3.8428196312591944e-19 9.584671215172246e-19
0.0007134332620168255 1.83828367877986e-42 3.8637653459035337e-41 3.2076188980191073e-34 3.070997279412839e-30 3.068602073693184e-26 2.9679261786835167e-22 4.2139564284127367e-19 1.0510351970125904e-18
0.0007300680845540431 1.864594219426199e-42 4.0977691708619053e-41 3.5105771882925804e-34 3.3675240083520725e-30 3.364964805670718e-26 3.254566377390618e-22 4.620937351351428e-19 1.1525434308743e-18
0.0007470907742339592 1.8915945149040938e-42 4.349438949614545e-41 3.842473973316201e-34 3.692685871174527e-30 3.6899500090880766e-26 3.5688900838978335e-22 5.06722420461837e-19 1.26385525832842e-18
0.0007645103747911887 1.9193093351360796e-42 4.620283972477273e-41 4.2060889840654446e-34 4.049248277756147e-30 4.046322020737897e-26 3.9135709520435782e-22 5.556613127518699e-19 1.3859175035986465e-18
0.0007823361408292924 1.947764545108343e-42 4.911952554075458e-41 4.604469699094599e-34 4.4402437097080526e-30 4.437112152580847e-26 4.291540852889881e-22 6.093266884438295e-19 1.5197684336823927e-18
0.00080057754273752 1.9769871612697788e-42 5.2262453405724e-41 5.040957177219064e-34 4.8689975209428484e-30 4.865644483314719e-26 4.70601482021923e-22 6.681750283258895e-19 1.6665465923293908e-18
0.0008192442717221943 2.007005411784121e-42 5.565129895653336e-41 5.51921436445813e-34 5.3391562114171034e-30 5.335564122277316e-26 5.160518387262517e-22 7.327068988919608e-19 1.8275004808298016e-18
0.0008383462449554094 2.037848799819764e-42 5.930756683990011e-41 6.043257155113099e-34 5.854718453178169e-30 5.850868224709639e-26 5.658917584531126e-22 8.034712115299379e-19 2.0039991811823352e-18
0.0008578936108437789 2.0695481711979463e-42 6.325476581274258e-41 6.617488446457221e-34 6.42006910763832e-30 6.41593999721697e-26 6.205451829755995e-22 8.810698923405462e-19 2.1975440034476555e-18
0.0008778967544200344 2.1021357855111352e-42 6.751860051202154e-41 7.246735444818045e-34 7.040016494685643e-30 7.035585953977298e-26 6.804769961936246e-22 9.66162998366932e-19 2.409781246529063e-18
0.000898366302860337 2.135645391841653e-42 7.212718141324505e-41 7.936290627580752e-34 7.71983331349793e-30 7.715076823382865e-26 7.461969806071302e-22 1.0594743351220106e-18 2.6425162092783527e-18
0.0009193131311302326 2.1701123092511824e-42 7.711125463539949e-41 8.691956658685363e-34 8.46530151494457e-30 8.460192404921673e-26 8.182641558548827e-22 1.1617976165847406e-18 2.897728554615062e-18
0.0009407483677622533 2.205573511799558e-42 8.250445337909876e-41 9.52009552962329e-34 9.282761401133323e-30 9.277270651798941e-26 8.97291525965111e-22 1.274003205498578e-18 3.1775891210218827e-18
0.000962683400768232 2.2420677190797507e-42 8.834357294590409e-41 1.0427682662838365e-33 1.0179165679251573e-29 1.0173261706105709e-25 9.839513056144042e-22 1.3970455337811884e-18 3.4844784303577114e-18
0.000985129883689471 2.2796354922379003e-42 9.46688714473772e-41 1.1422365945798922e-33 1.116213845048367e-29 1.1155786867448515e-25 1.078980623548981e-21 1.5319712004245624e-18 3.8210068854515375e-18
0.0010080997417879817 2.3183193361262466e-42 1.0152439850468052e-40 1.251253078440631e-33 1.2240040209622857e-29 1.2233203570165389e-25 1.1831878071538842e-21 1.6799278945275827e-18 4.190037025722415e-18
0.0010316051783820807 2.3581638077030538e-42 1.0895835440029567e-40 1.3707371124928802e-33 1.342203881713575e-29 1.3414676331025686e-25 1.2974592444849688e-21 1.84217413822873e-18 4.594707827775316e-18
0.0010556586813297128 2.3992156313236417e-42 1.1702348242833988e-40 1.5016967617754886e-33 1.4718187603885475e-29 1.4710254827098294e-25 1.4227669359277636e-21 2.020090008793122e-18 5.038461448180857e-18
0.0010802730296629402 2.4415238215693074e-42 1.2577749733581222e-40 1.645237316091067e-33 1.6139510857439263e-29 1.6130959352740399e-25 1.5601767595618634e-21 2.215188874041511e-18 5.525072493709016e-18
0.001105461300377127 2.485139813709897e-42 1.3528355308889788e-40 1.802570658405167e-33 1.7698097448431555e-29 1.768887441389988e-25 1.7108575235629586e-21 2.4291302452405143e-18 6.058680078708528e-18
0.0011312368753784248 2.5301176025167583e-42 1.456107534461761e-40 1.9750255747784395e-33 1.940720386117485e-29 1.9397251723392614e-25 1.876090927863219e-21 2.663733920986967e-18 6.6438231024538605e-18
0.0011576134485932472 2.5765138905716457e-42 1.568347091401528e-40 2.1640590295748225e-33 2.1281366879806357e-29 2.1270622848496333e-25 2.0572824593797796e-21 2.9209954566021728e-18 7.285478832548007e-18
0.0011846050332435167 2.6243882455713373e-42 1.6903814581679572e-40 2.3712685268364433e-33 2.3336527135057084e-29 2.3324922715504114e-25 2.255973337323922e-21 3.20310312446431e-18 7.98910520698858e-18
0.0012122259692915415 2.6738032686163188e-42 1.8231156729539177e-40 2.598405701013747e-33 2.559016493281927e-29 2.557762539182873e-25 2.4738536459898243e-21 3.5124565603624085e-18 8.760687341469569e-18
0.0012404909310584848 2.7248247732436786e-42 1.9675397915802734e-40 2.8473911526228112e-33 2.8061448541319965e-29 2.8047892322616886e-25 2.712776672138505e-21 3.851687120173094e-18 9.606788302530351e-18
0.0012694149350204683 2.7775219766301197e-42 2.124736780846366e-40 3.1203308109151994e-33 3.0771397727602934e-29 3.0756735811335972e-25 2.9747747167723383e-21 4.223680329924294e-18 1.0534605101981695e-17
0.0012990133477864558 2.8319677033934153e-42 2.2958911295750906e-40 3.4195337865139745e-33 3.3743062206720345e-29 3.3727197408185597e-25 3.2620763487884007e-21 4.631600383084682e-18 1.1552029797474542e-17
0.0013293018942621524 2.888238603516394e-42 2.482298243815706e-40 3.747531996346742e-33 3.7001717800142895e-29 3.698454400163555e-25 3.57712537087082e-21 5.078917068944878e-18 1.2667716656641124e-17
0.001360296666004259 2.946415384762508e-42 2.6853746978452003e-40 4.107101670037911e-33 4.057508140780987e-29 4.055648271726718e-25 3.922601604417802e-21 5.569435283722298e-18 1.389115576300543e-17
0.001392014129769518 3.006583061229153e-42 2.9066694221525274e-40 4.501286931726422e-33 4.449354672827584e-29 4.447339655767302e-25 4.3014436805352596e-21 6.107327389943645e-18 1.523275372600118e-17
0.0014244711362630968 3.068831218758361e-42 3.147875914610131e-40 4.93342568681614e-33 4.879044302363982e-29 4.876860307934356e-25 4.716874059158346e-21 6.697168739394693e-18 1.670392228148595e-17
0.0014576849290909482 3.1332542994896365e-42 3.410845573668696e-40 5.4071779574259287e-33 5.350231836909431e-29 5.347863754591709e-25 5.1724264155167815e-21 7.343976557300596e-18 1.8317175275757945e-17
0.0014916731539209149 3.199951905232556e-42 3.697602258006792e-40 5.9265569764283754e-33 5.866925048302761e-29 5.864356365265442e-25 5.671975693277712e-21 8.05325261274038e-18 2.008623509310993e-17
0.0015264538678574353 3.2690291229247406e-42 4.010358190322946e-40 6.495963293538423e-33 6.433518766915321e-29 6.430731435273025e-25 6.219771069123851e-21 8.831030022810384e-18 2.202614939368364e-17
0.0015620455490348386 3.3405968734849054e-42 4.351531334676872e-40 7.120222236978351e-33 7.054832330502889e-29 7.051806621853913e-25 6.82047216082443e-21 9.68392466200271e-18 2.4153419337544135e-17
0.0015984671064343198 3.414772284138435e-42 4.7237643850222225e-40 7.804624762285339e-33 7.736150421775494e-29 7.732864767894355e-25 7.479188511773492e-21 1.0619191223616901e-17 2.6486139411746893e-17
0.0016357378899298156 3.491679089311753e-42 5.12994552213989e-40 8.554972619244763e-33 8.483268219770334e-29 8.479699037961356e-25 8.201523246375588e-21 1.164478520307426e-17 2.9044152027676865e-17
0.0016738777005681136 3.571448058935247e-42 5.573231103651003e-40 9.37762747598185e-33 9.302540511730954e-29 9.298662013544544e-25 8.993620554761402e-21 1.276943031823753e-17 3.184921567923941e-17
0.0017129068010886602 3.654217459024551e-42 6.057070471744813e-40 1.027956507527987e-32 1.0200935833769475e-28 1.0196719815355706e-24 9.86221803965271e-21 1.4002692833165612e-17 3.4925190319438344e-17
0.0017528459266886532 3.740133545333408e-42 6.585233076845596e-40 1.1268434574786003e-32 1.118609579513712e-28 1.118151140749057e-24 1.081470407510313e-20 1.535506299789034e-17 3.829824048557019e-17
0.00179371629603914 3.829351093796322e-42 7.161838130609002e-40 1.2352623405737069e-32 1.2266399922319498e-28 1.2261413419572292e-24 1.1859180502208396e-20 1.6838044065793264e-17 4.199705732429197e-17
0.0018355396225579732 3.922033970167917e-42 7.791387021459716e-40 1.354132876557371e-32 1.3451037132585746e-28 1.3445611596075059e-24 1.3004531734597698e-20 1.846425041179473e-17 4.605310331572327e-17
0.0018783381259456144 4.018355742528557e-42 8.478798745217684e-40 1.4844635668796475e-32 1.4750083768622164e-28 1.4744178804554312e-24 1.4260500207672767e-20 2.024751465759938e-17 5.050087946273839e-17
0.0019221345439899109 4.1185003397500606e-42 9.229448615710704e-40 1.6273602640708493e-32 1.617458927329582e-28 1.616816068141025e-24 1.5637769214837732e-20 2.220300528522746e-17 5.5378218639896686e-17
0.001966952144646121 4.2226627592821447e-42 1.004921054230147e-39 1.7840355830394846e-32 1.7736670282828228e-28 1.7729669693222026e-24 1.714805388323436e-20 2.4347355807276573e-17 6.072660776690089e-17
0.0020128147383986056 4.331049830376508e-42 1.0944503191414878e-39 1.9558192026419984e-32 1.9449613622208237e-28 1.9441988097322946e-24 1.880420075678666e-20 2.6698806158116835e-17 6.659154046322298e-17
0.002059746690910748 4.443881034562664e-42 1.1922340350644952e-39 2.1441691761238106e-32 2.132798938770555e-28 2.1319680986067978e-24 2.062029713215132e-20 2.92773579325739e-17 7.302290424081164e-17
0.0021077729359698315 4.56138939014635e-42 1.2990385845746163e-39 2.350684318913886e-32 2.3387774802822506e-28 2.337872010091583e-24 2.2611790811188543e-20 3.210494441432147e-17 8.00754045849483e-17
0.0021569189887337423 4.6838224054623056e-42 1.4157013383644762e-39 2.5771178038430074e-32 2.5646490147147027e-28 2.5636619715338954e-24 2.4795621526353765e-20 3.5205617177860135e-17 8.780903037255728e-17
0.002207210959286545 4.811443106999697e-42 1.5431371711880954e-39 2.825392069575784e-32 2.8123347814999357e-28 2.8112585643088496e-24 2.71903650608788e-20 3.8605750714965064e-17 9.628956424672472e-17
0.0022586755665101248 4.944531148397912e-42 1.6823455500561866e-39 3.0976151643167303e-32 3.083941572755237e-28 3.0827678595113687e-24 2.9816391246912486e-20 4.233426676550507e-17 1.0558914213740314e-16
0.0023113401522792685 5.083384007630101e-42 1.834418239269628e-39 3.3960986682122583e-32 3.3817796528623267e-28 3.380499331481188e-24 3.269603722439834e-20 4.642288031594398e-17 1.1578686682514382e-16
0.0023652326959877285 5.228318279677954e-42 2.0005476652653825e-39 3.723377329011288e-32 3.7083823915086125e-28 3.706985484215782e-24 3.585379726693371e-20 5.0906369120173816e-17 1.26969480173681e-16
0.0024203818294129824 5.379671073539561e-42 2.1820359923843445e-39 4.0822306672410557e-32 4.066527865505848e-28 4.065003445891264e-24 3.9316531643088295e-20 5.582287024750166e-17 1.392321027730139e-16
0.0024768168519275916 5.537801522017992e-42 2.3803049543901035e-39 4.475706535079594e-32 4.45926241493379e-28 4.457598517057394e-24 4.3113694373578836e-20 6.121420345957881e-17 1.5267904049861216e-16
0.002534567746065232 5.7030924144821164e-42 2.5969064958263794e-39 4.9071470917627275e-32 4.889926615010403e-28 4.888110133738652e-24 4.727758434531603e-20 6.712622775016479e-17 1.6742467378458954e-16
0.0025936651934496745 5.875951964505655e-42 2.8335342760765413e-39 5.380217219350789e-32 5.362183688445342e-28 5.360200270199208e-24 5.1843620021780706e-20 7.360923138771452e-17 1.8359443045884187e-16
0.0026541405910951734 6.056815721356724e-42 3.092036087772053e-39 5.898935597064632e-32 5.880050576401279e-28 5.877884499422054e-24 5.685063985870201e-20 8.071835845517774e-17 2.0132584960867837e-16
0.0027160260680869266 6.246148642793982e-42 3.3744272446235505e-39 6.467709087964168e-32 6.447932320768141e-28 6.4455663637772344e-24 6.234123473574896e-20 8.851408084715748e-17 2.2076975882514228e-16
0.0027793545026504624 6.444447338830734e-42 3.6829049911040593e-39 7.091369858139781e-32 7.070659180569964e-28 7.068074478919466e-24 6.836210682390527e-20 9.706270780129986e-17 2.42091545064335e-16
0.002844159539619031 6.652242506310071e-42 4.019864009195713e-39 7.775216833168593e-32 7.753528082886454e-28 7.750703970715408e-24 7.496447036172757e-20 1.0643695493325698e-16 2.6547257392116604e-16
0.0029104756083082714 6.870101567337504e-42 4.387913031529945e-39 8.525060630388901e-32 8.502347551456639e-28 8.499261388702151e-24 8.220448605647235e-20 1.1671656101331555e-16 2.911117279792565e-16
0.0029783379408076585 7.098631534446374e-42 4.789892662798099e-39 9.347272779512753e-32 9.32348692312142e-28 9.320113905937678e-24 9.014373694303094e-20 1.2798896360614867e-16 3.192270919758698e-16
