results/limits/AEDGE_h_phase.dat
# %ECSV 1.0
# ---
# datatype:
# - {name: mx, unit: MeV, datatype: float64}
# - {name: sigma, unit: cm2 MeV4, datatype: float64}
# schema: astropy-2.0
mx sigma
[from data line 359]
0.0012404909310584848 9.720210672163092e-18
0.0012694149350204683 1.0658981723615385e-17
0.0012990133477864558 1.1688418625087945e-17
0.0013293018942621524 1.2817277820664853e-17
0.001360296666004259 1.4055161438366912e-17
0.001392014129769518 1.5412598953070994e-17
0.0014244711362630968 1.6901136833084483e-17
0.0014576849290909482 1.8533436669202035e-17
0.0014916731539209149 2.032338285879454e-17
0.0015264538678574353 2.2286200721926847e-17
0.0015620455490348386 2.4438586239307173e-17
0.0015984671064343198 2.6798847530220155e-17
0.0016357378899298156 2.938706127511629e-17
0.0016738777005681136 3.2225242859159596e-17
0.0017129068010886602 3.5337533937450766e-17
0.0017528459266886532 3.8750407958415344e-17
0.00179371629603914 4.249289481020643e-17
0.0018355396225579732 4.659682843413727e-17
0.0018783381259456144 5.109711716853886e-17
0.0019221345439899109 5.603204056110923e-17
0.001966952144646121 6.144357534610664e-17
0.0020128147383986056 6.737775226258564e-17
0.002059746690910748 7.388504781848858e-17
0.0021077729359698315 8.102081337840402e-17
0.0021569189887337423 8.88457460768299e-17
0.002207210959286545 9.742640521841975e-17
0.0022586755665101248 1.0683577840465821e-16
0.0023113401522792685 1.1715390234162215e-16
0.0023652326959877285 1.284685430092667e-16
0.0024203818294129824 1.4087594403709022e-16
0.0024768168519275916 1.5448164278596494e-16
0.002534567746065232 1.694013701204993e-16
0.0025936651934496745 1.8576203472993545e-16
0.0026541405910951734 2.0370279955429078e-16
0.0027160260680869266 2.23376272927792e-16
0.0027793545026504624 2.449497944445999e-16
0.002844159539619031 2.6860687098918943e-16
0.0029104756083082714 2.945487332487521e-16
0.0029783379408076585 3.229960407739964e-16
0.0030477825906984404 3.5419076994789263e-16
0.0031188464522080173 3.883982635815292e-16
0.0031915672798109355 4.2590949199604636e-16
0.0032659837082868936 4.67043529917831e-16
0.003342135273246469 5.121502623983987e-16
0.0034200624321353945 5.616133701947369e-16
0.0034998065857286074 6.158535944883885e-16
0.0035814101001254554 6.753322972452616e-16
0.003664916329257761 7.405554111577337e-16
0.0037503696379226933 8.120777286931923e-16
0.0038378154253526898 8.905076194961717e-16
0.003927300149334948 9.765122143241398e-16
0.004018871350893299 1.0708230713546214e-15
0.00411257767954558 1.1742424102670033e-15
0.004208468919149921 1.2876499082858097e-15
0.004306596014353682 1.4120102168631778e-15
0.004407011097659079 1.5483811666311418e-15
0.004509767517119906 1.69792271652488e-15
0.004614919864684026 1.8619068899703653e-15
0.004722524005196735 2.0417285490153103e-15
0.004832637106080367 2.2389172379276752e-15
0.004945317667705937 2.4551502847954133e-15
0.005060625554472947 2.6922669494013398e-15
0.005178622026613854 2.9522841829583254e-15
0.005299369772740128 3.237413693245486e-15
0.005422932943147155 3.5500808125461375e-15
0.0055493771838957115 3.892945112127239e-15
0.00567876967168809 4.268922998607462e-15
0.005811179149557424 4.6812125575703255e-15
0.0059466759633891655 5.133320722159203e-15
0.006085332099294114 5.629093241698375e-15
0.006227221221852859 6.172747041671832e-15
0.006372418713251954 6.768906597347389e-15
0.006521001713332612 7.422642787348832e-15
0.006673049160573193 8.13951634791187e-15
0.006828641834027273 8.925625008842517e-15
0.006987862396239558 9.787655595723182e-15
0.00715079543716245 1.0732940491521614e-14
0.007317527519096606 1.176952032414331e-14
0.007488147222679345 1.2906212187216896e-14
0.007662745193945353 1.415268506549582e-14
0.007841414192484688 1.5519541454872742e-14
0.008024249140723652 1.7018407549228706e-14
0.008211347174354735 1.8662033277027985e-14
0.008402807693942412 2.0464399268268397e-14
0.008598732417732204 2.244083652098468e-14
0.008799225435691074 2.4608156709489415e-14
0.009004393264807849 2.698479497414205e-14
0.009214344905683071 2.959096717893206e-14
0.009429191900438323 3.24488418203329e-14
0.009649048391975805 3.558272822291366e-14
0.009874031184619632 3.901928296229099e-14
0.010104259806171096 4.278773754700067e-14
0.01033985657141083 4.6920146981262726e-14
0.010580946647081629 5.145166141550069e-14
0.010827658118386449 5.6420826203174695e-14
0.011080122057036918 6.186990938287801e-14
0.011338472590888495 6.784526114083374e-14
0.01160284697519928 7.439770886233045e-14
0.01187338566555036 8.158298663091284e-14
0.012150232392466372 8.946221381749402e-14
0.012433534237775993 9.810241039367924e-14
0.01272344171275288 1.0757707409663765e-13
0.013020108838078586 1.1796679021117606e-13
0.013323693225669961 1.293599399013781e-13
0.013634356162414448 1.418534301426345e-13
0.013952262695857842 1.5555353433661635e-13
0.014277581721889965 1.7057678280462826e-13
0.014610486074474885 1.8705096959659694e-13
0.014951152617473332 2.0511622287541634e-13
0.015299762338606094 2.249261975309473e-13
0.015656500445608335 2.4664940808387403e-13
0.016021556464625875 2.70470636328349e-13
0.016395124340905766 2.9659249906602164e-13
0.016777402541834602 3.252371938035331e-13
0.017168594162379338 3.56648372440048e-13
0.01756890703298664 3.910932124606215e-13
0.017978553829998065 4.2886472073413775e-13
0.01839775218863974 4.702841658863552e-13
0.01882672481864659 5.157038808571471e-13
0.01926569962258253 5.65510194441167e-13
0.019714909816919448 6.201267845367151e-13
0.020174594055939365 6.800181647280723e-13
0.02064499655852557 7.4569385477632e-13
0.021126367237910063 8.177124342068336e-13
0.021618961834446313 8.966865248024468e-13
0.02212304205147776 9.832878736319787e-13
0.022638875694374342 1.0782531229591964e-12
0.0231667368128109 1.1823900432130887e-12
0.02370690584636297 1.2965844283005426e-12
0.024259669773497434 1.4218076190623217e-12
0.024825322264037063 1.5591248017170873e-12
0.025404163835180054 1.709703985244382e-12
0.025996502011157406 1.874825959116643e-12
0.026602651486612925 2.0558953203314006e-12
0.027222934293792744 2.254452247388263e-12
0.027857679973633073 2.4721856948210667e-12
0.02850722575083718 2.710947590475734e-12
0.02917191671303455 2.9727690063598354e-12
0.029852105994117403 3.259876966936911e-12
0.030548154961852016 3.574713508665671e-12
0.031260433409864494 3.9199568447854344e-12
0.031989319754103004 4.2985434428202774e-12
0.0327352012338808 4.713693667894416e-12
0.03349847411760691 5.168938872545282e-12
0.034279543913313774 5.668151447477576e-12
0.03507882558409363 6.215577264881377e-12
0.03589674376855814 6.815873339614213e-12
0.03673373300643846 7.474145809284115e-12
0.037590237969445384 8.195993320713382e-12
0.038466713697512506 8.987556835113652e-12
0.03936362584054766 9.855568938778287e-12
0.04028145090582124 1.08074120660303e-11
0.04122067651112274 1.185118457906059e-11
0.04218180164382002 1.299576403082607e-11
0.043165336925959 1.4250885199167669e-11
0.044171804885544536 1.5627225321687053e-11
0.04520174023414663 1.7136491838908743e-11
0.046255690150979495 1.879152217519567e-11
0.047334214573604344 2.0606394800826968e-11
0.048437886495410414 2.2596545046503713e-11
0.04956729227003216 2.477890417433398e-11
0.05072303192286451 2.7172032225749882e-11
0.051905719469841495 2.9796288010486355e-11
0.05311598324364777 3.267399318938175e-11
0.05435446622753626 3.5829622069008766e-11
0.05562182639692926 3.929002380877761e-11
0.056918737068984544 4.30846281213897e-11
0.058245887260312136 4.724570887855408e-11
0.05960398205303182 5.180866659437886e-11
0.06099374296936585 5.681230888551169e-11
0.06241590835496589 6.229920542407346e-11
0.06387123377117784 6.831601403944043e-11
0.06536049239645289 7.491392483855399e-11
0.06688447543711816 8.214906126766124e-11
0.06844399254772507 9.008296285571509e-11
0.0700398722611988 9.878311288428412e-11
0.0716729624290174 1.0832351156899613e-10
0.07334413067165428 1.1878531971614315e-10
0.07505426483952363 1.302575256446622e-10
0.07680427348467332 1.4283770302178695e-10
0.07859508634347626 1.566328692696702e-10
0.08042765483057629 1.7176036703354475e-10
0.08230295254435131 1.8834885873713195e-10
0.08422197578416211 2.0653944569077478e-10
0.08618574407966152 2.264868775215181e-10
0.08819530073244539 2.4836083535309927e-10
0.09025171337033296 2.723473459034323e-10
0.09235607451457113 2.986504635345161e-10
0.09450950216026408 3.274938961265208e-10
0.09671314037033632 3.5912299200834043e-10
0.09896815988334524 3.938068494569017e-10
0.10127575873546546 4.318404495924881e-10
0.10363716289697593 4.735472930575872e-10
0.10605362692358762 5.192821342651907e-10
0.10852643462295801 5.694340843308916e-10
0.11105689973674641 6.24429555565269e-10
0.11364636663857243 6.847366100079567e-10
0.11629621104824843 7.508679143424134e-10
0.1190078407626656 8.233862650475581e-10
0.12178269640372161 9.029081878960656e-10
0.12462225218368743 9.901105223462002e-10
0.1275280166884199 1.0857347323706898e-09
0.13050153367883624 1.1905941756820656e-09
0.1335443829110759 1.3055808233348416e-09
0.13665818097578622 1.4316729993503543e-09
0.13984458215697693 1.5699431168098573e-09
0.14310527931090045 1.7215669483859729e-09
0.14644200476542463 1.887834437851178e-09
0.14985653124037576 2.0701602784210105e-09
0.15335067278934078 2.270094968463219e-09
0.1569262857634292 2.4893390984756907e-09
0.1605852697975066 2.729757823391202e-09
0.16432956881942368 2.99339586467358e-09
0.16816117208277714 3.2824956583872272e-09
0.172082115223751 3.5995172873118687e-09
0.1760944813425998 3.9471561243134106e-09
0.1802004021103484 4.32836951513901e-09
0.18440205890129596 4.746400835858383e-09
0.18870168395192646 5.204805455632557e-09
0.1931015615468407 5.707480466949036e-09
0.1976040292323402 6.2587046979144595e-09
0.20221147905830805 6.8631667805891475e-09
0.20692635884904578 7.526005527055876e-09
0.21175117350374192 8.252862221282254e-09
0.2166884863272632 9.049917224728224e-09
0.22174092039197504 9.923951923343753e-09
0.22691115993131514 1.0882401051194425e-08
0.23220195176586036 1.1933417123371876e-08
0.2376161067626448 1.308593707396229e-08
0.24315650132850383 1.4349768910497471e-08
0.24882607893823822 1.5735658815629855e-08
0.25462785169840935 1.7255397295089486e-08
0.2605649019475973 1.892190505268846e-08
0.26664038389397104 2.0749378075505937e-08
0.27285752529104135 2.2753339325812266e-08
0.2792196291524867 2.4950840596354656e-08
0.2857300755069626 2.736057057549014e-08
0.2923923231938275 3.000302375499104e-08
0.2992099117007387 3.290071087636569e-08
0.3061864630440946 3.6078240439245e-08
0.31332568369332287 3.956264927859274e-08
0.32063136654003577 4.3383573496971375e-08
0.3281073929131 4.757352945348341e-08
0.3357577346406907 5.216815178233037e-08
0.343586456160426 5.72065032576014e-08
0.3515977166787018 6.273147824328433e-08
0.359795772380376 6.879004317835792e-08
0.368184978689974 7.54337007435711e-08
0.3767697925856183 8.271904489451431e-08
0.38555477496691104 9.070803597595074e-08
0.394544593078027 9.946852215322928e-08
0.4037440229873054 1.0907514658703129e-07
0.4131579521246571 1.1960952403566008e-07
0.42279138187813525 1.3116132308246644e-07
0.43264943025104924 1.4382876021209458e-07
0.4427373345810337 1.5771962992051188e-07
0.4530604543225162 1.7295209365066762e-07
0.4636242738940635 1.896556919874168e-07
0.47443440559211736 2.079725483562621e-07
0.48549659257266914 2.2805844302291977e-07
0.4968167119024568 2.5008413331579817e-07
0.5084007776813051 2.7423706557116564e-07
0.5202549442372687 3.00722763388677e-07
0.5323855093962742 3.297663155450805e-07
0.5447989178279997 3.616150086801424e-07
0.557501764469769 3.9653937138474303e-07
0.5705007980302781 4.348368367002104e-07
0.5838029245750183 4.7683317331097347e-07
0.5974152111952977 5.228855522934564e-07
0.6113448897628128 5.733853923038815e-07
0.6255993607717623 6.28762370153889e-07
0.6401861972705483 6.894880418628287e-07
0.6551131488851486 7.560777014082199e-07
0.6703881459363026 8.290995291562686e-07
0.686019303652694 9.091734141704315e-07
0.7020149264823721 9.96980188069361e-07
0.7183835125046995 1.093268375091071e-06
0.7351337579451718 1.198856044700408e-06
0.7522745617955077 1.314639370730304e-06
0.7698150305414633 1.4416070421633118e-06
0.7877644830008832 1.5808369907717187e-06
0.8061324552745581 1.733511360725859e-06
0.8249287058125218 1.900934175767555e-06
0.8441632205984669 2.0845236768398446e-06
0.8638462184550629 2.2858442621080382e-06
0.8839881564729563 2.5066105647403107e-06
0.9045997355663667 2.7486993081852305e-06
0.9256919061582187 3.014165855107867e-06
0.9472758739978306 3.3052744936373263e-06
0.9693631061142522 3.6244940410020973e-06
0.9919653369084147 3.974545152496426e-06
1.0150945743873274 4.3584007019829194e-06
1.0387631065436362 4.779331139314367e-06
1.0629835078839296 5.240917560085752e-06
1.0877686461092637 5.747083368369659e-06
1.1131316889514546 6.3021260575350616e-06
1.1390861111687691 6.9107888296986455e-06
1.16564570170473 7.57822666701455e-06
1.1928245710138414 8.310124867724665e-06
1.2206371585581264 9.112714109671268e-06
1.2490982404784545 9.99280388059051e-06
1.2782229374447416 1.0957902515993684e-05
1.3080267226891875 1.2016221625308346e-05
1.3385254302268237 1.3176728863624751e-05
1.369735263267732 1.4449325508971165e-05
1.4016728028254128 1.584483336715257e-05
1.4343550165258654 1.7375111356274518e-05
1.4677992676220706 1.905319961819791e-05
1.5020233242186567 2.0893341561349708e-05
1.5370453687116559 2.2911209334275596e-05
1.5728840074483612 2.5123969843755066e-05
1.6095582806124205 2.7550415440258795e-05
1.6470876723394143 3.0211246708066285e-05
1.6854921210682972 3.3128982269513034e-05
1.7247920301341966 3.632853735406725e-05
1.7650082786082029 3.98371427452761e-05
1.8061622323899016 4.368465494985096e-05
1.848275755558551 4.7903597565116576e-05
1.8913712219889245 5.253018132421355e-05
1.935471527238 5.760342370175694e-05
1.9806001007088037 6.3166750821187e-05
2.0267809180978715 6.9267305076807e-05
2.0740385141329463 7.59570523217007e-05
2.1223979956076717 8.329320834979863e-05
2.171885054720213 9.133740446042202e-05
2.222525982722885 0.00010015873329008596
2.274347683890048 0.00010983212268951712
2.327377689811681 0.00012043948172040908
2.3816441740202396 0.00013207142021956245
2.437175966958554 0.00014482680333453566
2.4940025712967335 0.0001588143793466835
2.552154177606206 0.00017415243641588318
2.611661680399223 0.00019097228788606698
2.6725566945423505 0.00020941595245104616
2.7348715720526675 0.00022964132594357873
2.7986394192855935 0.0002518194578109847
2.863894114523477 0.00027614027934042955
2.9306703259742912 0.00030280894381937655
2.999003530189995 0.0003320546501140799
3.068930030914351 0.0003641244143452699
3.1404869783702067 0.0003992903689323373
3.21371238899649 0.00043785294594782124
3.2886451656454048 0.00048014106103643877
3.3653251182505572 0.0005265130816869564
3.443792984976987 0.0005773647032961296
3.5240904538643507 0.0006331245900999707
3.6062601849747473 0.0006942735698242162
3.6903458330569543 0.0007613223366113633
3.77639207073912 0.0008348528596947911
3.8644446122622242 0.0009154774507899785
3.9545502377669295 0.0010038969532324465
4.046756818146711 0.0011008542076521724
4.141113340480481 0.0012071748316970152
4.237669934058216 0.0013237608165830004
4.336477897013409 0.001451605120431097
4.437589723576497 0.001591807760930525
4.541059131963759 0.0017455419274087448
4.646941092916466 0.0019141176658466015
4.755291858905486 0.0020989808768499154
4.866168994016832 0.002301707371994987
4.979631404534034 0.0025240075634642817
5.0957393702336 0.0027677788706325004
5.214554576410165 0.00303507921159662
5.336140146648369 0.003328188296898183
5.4605606763588606 0.003649652646029449
5.587882267096237 0.0040021186770577075
5.718172561677172 0.004388622714777401
5.851500780117376 0.004812498390832464
5.987937756406471 0.005277318826744448
6.127555976140354 0.005786975867858954
6.270429615030991 0.006345845036453628
6.416634578314149 0.00695876237757756
6.566248541075969 0.007630821982069721
6.719350989519823 0.00836778682761274
6.87602326319537 0.0091759327614741
7.036348598212252 0.010062125743542918
7.200412171461376 0.011033980451503039
7.368301145867304 0.012099589771194748
7.540104716695753 0.013268135723329216
