results/limits/AEDGE_l_phase.dat
# %ECSV 1.0
# ---
# datatype:
# - {name: mx, unit: MeV, datatype: float64}
# - {name: sigma_10, unit: cm2, datatype: float64}
# - {name: sigma_9, unit: cm2, datatype: float64}
# - {name: sigma_7, unit: cm2, datatype: float64}
# - {name: sigma_6, unit: cm2, datatype: float64}
# - {name: sigma_5, unit: cm2, datatype: float64}
# - {name: sigma_4, unit: cm2, datatype: float64}
# - {name: sigma_3, unit: cm2, datatype: float64}
# - {name: sigma_2, unit: cm2, datatype: float64}
# schema: astropy-2.0
mx sigma_10 sigma_9 sigma_7 sigma_6 sigma_5 sigma_4 sigma_3 sigma_2
[from data line 977]
1904.4947498826687 1.561050062344936e-20 1.561050052613516e-16 1.5610499994770395e-08 0.00015610447481793913 1.560519752198751 15093.283117795012 21429926.627102 53450023.86027339
1948.9010508978479 1.7080334113654946e-20 1.7080334011945346e-16 1.7080333430597174e-08 0.000170802759731712 1.707453169438318 16514.417110323564 23447698.17153565 58482702.649670795
1994.3427549090043 1.871074496498368e-20 1.8710744858617668e-16 1.8710744221827674e-08 0.0001871068127977766 1.8704388678314205 18090.808108599977 25685908.583746 64065194.928746484
2040.8440039711966 2.056828675524124e-20 2.0568286643557161e-16 2.0568285943601676e-08 0.00020568216752870033 2.0561299442436245 19886.80459296909 28235921.896435108 70425378.7398695
2088.4295030496014 2.249840034417954e-20 2.2498400227537884e-16 2.249839946195485e-08 0.00022498323778413504 2.249075735242311 21752.96837963492 30885560.991540518 77034046.85707098
2137.124533144652 2.475981009735213e-20 2.475980997476604e-16 2.475980913228939e-08 0.00024759725841473905 2.475139888187607 23939.45160638059 33989999.88365306 84777066.03504264
2186.9549647232075 2.712795224936045e-20 2.712795212105003e-16 2.7127951198055627e-08 0.00027127859940923347 2.711873655259707 26229.13090388831 37240959.861163445 92885534.69153205
2237.947271462894 2.9707572619196904e-20 2.9707572485088667e-16 2.9707571474390572e-08 0.00029707471539538907 2.9697480600348065 28723.281583249736 40782234.853390634 101718100.2958843
2290.1285443169163 3.260988957190144e-20 3.260988943119643e-16 3.2609888321822693e-08 0.0003260977862371573 3.2598811607730465 31529.43704851441 44766504.230406635 111655572.17681624
2343.5265059068115 3.5770545358447895e-20 3.577054521111802e-16 3.5770543994291074e-08 0.00035770423663889395 3.575839368930268 34585.37189483013 49105418.3700704 122477590.76457053
2398.169525250793 3.908717378251979e-20 3.908717362882978e-16 3.9087172299252915e-08 0.0003908704081187203 3.907389542360222 37792.11159055109 53658450.06338669 133833656.36754657
2454.086632835509 4.2953295666913416e-20 4.295329550557563e-16 4.295329404456626e-08 0.00042953149551736486 4.293870394990683 41530.138565306996 58965820.446222864 147071175.96031737
2511.3075360392254 4.713889615686395e-20 4.713889598783643e-16 4.713889438453961e-08 0.0004713873581155014 4.712288255246686 45577.05896954261 64711767.61037848 161402583.54598668
2569.8626349146184 5.170828815460823e-20 5.170828797741409e-16 5.170828621878525e-08 0.000517081122745799 5.169072228550862 49995.054847542364 70984579.61327192 177048085.14101496
2629.783038339575 5.65333614668485e-20 5.653336128197514e-16 5.6533359359332194e-08 0.0005653316918381123 5.651415647669383 54660.26063843569 77608388.1656541 193569034.1545762
2691.100580544569 6.22892526619509e-20 6.22892524674132e-16 6.228925034911064e-08 0.0006228904081104731 6.226809234297693 60225.44383775642 85510013.45798123 213277083.91876432
2753.8478380254037 6.829052221310165e-20 6.829052200932623e-16 6.829051968703139e-08 0.0006829028996098463 6.826732320888606 66027.87535588365 93748491.50956215 233825303.98930988
2818.0581468502987 7.473278904024731e-20 7.473278882738686e-16 7.473278628611802e-08 0.0007473253488859409 7.470740154088881 72256.69273731948 102592365.86188307 255883489.41263267
2883.7656203705187 8.185809125969331e-20 8.185809103703209e-16 8.185808825357521e-08 0.0008185781288687584 8.183028323226486 79145.91473089048 112373903.82733637 280280373.5803292
2951.0051673439552 8.983421676357408e-20 8.983421653005246e-16 8.983421347548924e-08 0.0008983391127748554 8.980369917600608 86857.76996920221 123323442.81272817 307590458.68757474
3019.812510481288 9.844771651705132e-20 9.844771627276022e-16 9.844771292543636e-08 0.0009844738175203175 9.841427284866148 95185.88155285263 135147962.28851599 337082899.75444376
3090.2242054245785 1.0812448490436344e-19 1.0812448464818447e-15 1.081244809719628e-07 0.0010812411724637281 10.80877539537569 104542.03285104218 148432125.4667628 370215950.1468364
3162.2776601683795 1.1855433055604628e-19 1.1855433028754823e-15 1.1855432625683812e-07 0.0011855392744574674 11.851405649683848 114626.30996017766 162750104.98450923 405927521.1741773
