results/limits/AEDGE_h.dat
# %ECSV 1.0
# ---
# datatype:
# - {name: mx, unit: MeV, datatype: float64}
# - {name: sigma, unit: cm2, datatype: float64}
# schema: astropy-2.0
mx sigma
[from data line 456]
0.01160284697519928 2.1326976166549903e-25
0.01187338566555036 2.182667365284023e-25
0.012150232392466372 2.233888209597061e-25
0.012433534237775993 2.2856206353862126e-25
0.01272344171275288 2.3387622973681765e-25
0.013020108838078586 2.3933980953508916e-25
0.013323693225669961 2.4494841247621645e-25
0.013634356162414448 2.5063289799874657e-25
0.013952262695857842 2.5647485945385455e-25
0.014277581721889965 2.62471383648324e-25
0.014610486074474885 2.6857797986614654e-25
0.014951152617473332 2.7484569473069815e-25
0.015299762338606094 2.812534657176671e-25
0.015656500445608335 2.8781452427845303e-25
0.016021556464625875 2.945189450308399e-25
0.016395124340905766 3.013922633071669e-25
0.016777402541834602 3.0840807011892874e-25
0.017168594162379338 3.1562288136114577e-25
0.01756890703298664 3.2295968687707423e-25
0.017978553829998065 3.3048735531844846e-25
0.01839775218863974 3.382306685081725e-25
0.01882672481864659 3.460803577695446e-25
0.01926569962258253 3.54145093729015e-25
0.019714909816919448 3.6244047993406575e-25
0.020174594055939365 3.708619476533804e-25
0.02064499655852557 3.7949665810228663e-25
0.021126367237910063 3.883767126554642e-25
0.021618961834446313 3.9742049612439302e-25
0.02212304205147776 4.066663437313146e-25
0.022638875694374342 4.161733385961273e-25
0.0231667368128109 4.258765905305253e-25
0.02370690584636297 4.35783572975445e-25
0.024259669773497434 4.459701722091077e-25
0.024825322264037063 4.563599612224193e-25
0.025404163835180054 4.669879668937636e-25
0.025996502011157406 4.779126593473086e-25
0.026602651486612925 4.890221449816746e-25
0.027222934293792744 5.0044342911711425e-25
0.027857679973633073 5.120967698688078e-25
0.02850722575083718 5.24054943498374e-25
0.02917191671303455 5.362589659557749e-25
0.029852105994117403 5.487645595482298e-25
0.030548154961852016 5.615622088455982e-25
0.031260433409864494 5.746642768413703e-25
0.031989319754103004 5.880478556398036e-25
0.0327352012338808 6.017768495649815e-25
0.03349847411760691 6.157802069807439e-25
0.034279543913313774 6.301797418221255e-25
0.03507882558409363 6.44838265391775e-25
0.03589674376855814 6.598629842466704e-25
0.03673373300643846 6.753169598790632e-25
0.037590237969445384 6.91002456935947e-25
0.038466713697512506 7.070991622891438e-25
0.03936362584054766 7.23654996199701e-25
0.04028145090582124 7.404837169978035e-25
0.04122067651112274 7.577182562533682e-25
0.04218180164382002 7.754412007626282e-25
0.043165336925959 7.935129905099081e-25
0.044171804885544536 8.119675275519552e-25
0.04520174023414663 8.309419568566208e-25
0.046255690150979495 8.503302279462172e-25
0.047334214573604344 8.701043818579049e-25
0.048437886495410414 8.904351970711492e-25
0.04956729227003216 9.111935066709781e-25
0.05072303192286451 9.324064328592673e-25
0.051905719469841495 9.542215356831189e-25
0.05311598324364777 9.764041582800254e-25
0.05435446622753626 9.991994379202287e-25
0.05562182639692926 1.0224762983516131e-24
0.056918737068984544 1.046343170069464e-24
0.058245887260312136 1.0707162205206115e-24
0.05960398205303182 1.0956869877633046e-24
0.06099374296936585 1.1212387122598975e-24
0.06241590835496589 1.1473936730187246e-24
0.06387123377117784 1.1741195445647208e-24
0.06536049239645289 1.2015425714116094e-24
0.06688447543711816 1.2294926789673894e-24
0.06844399254772507 1.2582314291279137e-24
0.0700398722611988 1.2875188275497165e-24
0.0716729624290174 1.3175068894916112e-24
0.07334413067165428 1.3483493370367357e-24
0.07505426483952363 1.3796932907660777e-24
0.07680427348467332 1.4118209892345926e-24
0.07859508634347626 1.444862526702472e-24
0.08042765483057629 1.4784924320581909e-24
0.08230295254435131 1.5128915304104546e-24
0.08422197578416211 1.5482627876180125e-24
0.08618574407966152 1.5843758424443458e-24
0.08819530073244539 1.6212103397469316e-24
0.09025171337033296 1.6590797182126444e-24
0.09235607451457113 1.697820918874581e-24
0.09450950216026408 1.737289282830415e-24
0.09671314037033632 1.7778657082932655e-24
0.09896815988334524 1.8193409608567795e-24
0.10127575873546546 1.8616802229755143e-24
0.10363716289697593 1.9052180135436443e-24
0.10605362692358762 1.9495350134306048e-24
0.10852643462295801 1.9950304120864476e-24
0.11105689973674641 2.041525461519037e-24
0.11364636663857243 2.0891595981077916e-24
0.11629621104824843 2.1378364250941594e-24
0.1190078407626656 2.1876974568561937e-24
0.12178269640372161 2.2387138498839955e-24
0.12462225218368743 2.290925134250425e-24
0.1275280166884199 2.344294863183438e-24
0.13050153367883624 2.399072419101455e-24
0.1335443829110759 2.4548585662784446e-24
0.13665818097578622 2.512214310166679e-24
0.13984458215697693 2.5707322651535623e-24
0.14310527931090045 2.6305845578740576e-24
0.14644200476542463 2.6921370431235745e-24
0.14985653124037576 2.754774261765427e-24
0.15335067278934078 2.8188969664879122e-24
0.1569262857634292 2.8848381387522274e-24
0.1605852697975066 2.952047023015513e-24
0.16432956881942368 3.0207038176861607e-24
0.16816117208277714 3.0912952028661088e-24
0.172082115223751 3.1634649650794605e-24
0.1760944813425998 3.2369831658420905e-24
0.1802004021103484 3.3125608420868474e-24
0.18440205890129596 3.389977602274561e-24
0.18870168395192646 3.468752520460135e-24
0.1931015615468407 3.549732483611251e-24
0.1976040292323402 3.632605414839462e-24
0.20221147905830805 3.7171083862325316e-24
0.20692635884904578 3.8039960954379595e-24
0.21175117350374192 3.892538653259377e-24
0.2166884863272632 3.983336011206263e-24
0.22174092039197504 4.0762128479708806e-24
0.22691115993131514 4.171278471595387e-24
0.23220195176586036 4.2684964400261684e-24
0.2376161067626448 4.368058605642562e-24
0.24315650132850383 4.469906095803775e-24
0.24882607893823822 4.574118629777295e-24
0.25462785169840935 4.68076238656555e-24
0.2605649019475973 4.789983243182876e-24
0.26664038389397104 4.90158510063716e-24
0.27285752529104135 5.015858186316303e-24
0.2792196291524867 5.1329108446852995e-24
0.2857300755069626 5.252456141792134e-24
0.2923923231938275 5.3751529594385495e-24
0.2992099117007387 5.500244054385239e-24
0.3061864630440946 5.628690244318268e-24
0.31332568369332287 5.759747568323544e-24
0.32063136654003577 5.894127841667359e-24
0.3281073929131 6.031558493418928e-24
0.3357577346406907 6.1721265570190684e-24
0.343586456160426 6.316096692486469e-24
0.3515977166787018 6.4633987737975664e-24
0.359795772380376 6.6140708326510696e-24
0.368184978689974 6.768286383160587e-24
0.3767697925856183 6.926088315214294e-24
0.38555477496691104 7.087565765222423e-24
0.394544593078027 7.252838474040909e-24
0.4037440229873054 7.422027728936585e-24
0.4131579521246571 7.595048832044244e-24
0.42279138187813525 7.772056856075808e-24
0.43264943025104924 7.953280323778007e-24
0.4427373345810337 8.138787495159486e-24
0.4530604543225162 8.328612800973272e-24
0.4636242738940635 8.522805018428166e-24
0.47443440559211736 8.721468169403357e-24
0.48549659257266914 8.924815111663587e-24
0.4968167119024568 9.13292466984453e-24
0.5084007776813051 9.345828599656109e-24
0.5202549442372687 9.563731529526775e-24
0.5323855093962742 9.786721790056301e-24
0.5447989178279997 1.0014911298148738e-23
0.557501764469769 1.0248426116137437e-23
0.5705007980302781 1.0487394133787329e-23
0.5838029245750183 1.0731956416366113e-23
0.5974152111952977 1.0982195406524264e-23
0.6113448897628128 1.1238260364791336e-23
0.6255993607717623 1.1500301838166609e-23
0.6401861972705483 1.1768426960684098e-23
0.6551131488851486 1.2042814091055332e-23
0.6703881459363026 1.2323650565561062e-23
0.686019303652694 1.2611044000751364e-23
0.7020149264823721 1.2905011644997806e-23
0.7183835125046995 1.320596423389714e-23
0.7351337579451718 1.3513851319497248e-23
0.7522745617955077 1.3828941679041657e-23
0.7698150305414633 1.4151429945044322e-23
0.7877644830008832 1.4481326149043112e-23
0.8061324552745581 1.4819020345107073e-23
0.8249287058125218 1.516451909728652e-23
0.8441632205984669 1.5518115745282732e-23
0.8638462184550629 1.5879955624464046e-23
0.8839881564729563 1.6250226122413586e-23
0.9045997355663667 1.6629153028680694e-23
0.9256919061582187 1.7016827431587316e-23
0.9472758739978306 1.7413614032466834e-23
0.9693631061142522 1.7819649075918776e-23
0.9919653369084147 1.8235136233510645e-23
1.0150945743873274 1.8660328195991114e-23
1.0387631065436362 1.9095362120473085e-23
1.0629835078839296 1.954058181567692e-23
1.0877686461092637 1.9996199137807782e-23
1.1131316889514546 2.046244971640837e-23
1.1390861111687691 2.0939570084406976e-23
1.16564570170473 2.142782344082746e-23
1.1928245710138414 2.1927560274327134e-23
1.2206371585581264 2.2438793378808407e-23
1.2490982404784545 2.296195395676507e-23
1.2782229374447416 2.349744635185071e-23
1.3080267226891875 2.4045198153003706e-23
1.3385254302268237 2.4605837857926624e-23
1.369735263267732 2.517963886354413e-23
1.4016728028254128 2.57667942368197e-23
1.4343550165258654 2.636749948514125e-23
1.4677992676220706 2.69823329543443e-23
1.5020233242186567 2.7611487510108523e-23
1.5370453687116559 2.8255229042868565e-23
1.5728840074483612 2.89141466423083e-23
1.6095582806124205 2.958820044042049e-23
1.6470876723394143 3.0278244662597297e-23
1.6854921210682972 3.0984164396794923e-23
1.7247920301341966 3.1706594288104244e-23
1.7650082786082029 3.2445866507138955e-23
1.8061622323899016 3.3202354121788677e-23
1.848275755558551 3.397658267958253e-23
1.8913712219889245 3.4768835132707154e-23
1.935471527238 3.5579523536337173e-23
1.9806001007088037 3.640906991191369e-23
2.0267809180978715 3.7257972606463374e-23
2.0740385141329463 3.812670038785052e-23
2.1223979956076717 3.9015720904546496e-23
2.171885054720213 3.9925410618685423e-23
2.222525982722885 4.0856360007631464e-23
2.274347683890048 4.180896132539818e-23
2.327377689811681 4.2783785703351416e-23
2.3816441740202396 4.3781373728980334e-23
2.437175966958554 4.480222730287152e-23
2.4940025712967335 4.584688779740693e-23
2.552154177606206 4.69158289692375e-23
2.611661680399223 4.8009817274411453e-23
2.6725566945423505 4.912918262368281e-23
2.7348715720526675 5.0274717658620255e-23
2.7986394192855935 5.1446929192570285e-23
2.863894114523477 5.2646596463387e-23
2.9306703259742912 5.387409545957528e-23
2.999003530189995 5.513022165429142e-23
3.068930030914351 5.641565811045898e-23
3.1404869783702067 5.773112281999385e-23
3.21371238899649 5.907718766864148e-23
3.2886451656454048 6.045469653168984e-23
3.3653251182505572 6.186430105772374e-23
3.443792984976987 6.330672558709695e-23
3.5240904538643507 6.478279875755979e-23
3.6062601849747473 6.629331526372195e-23
3.6903458330569543 6.783905753165986e-23
3.77639207073912 6.942082123402713e-23
3.8644446122622242 7.103953698277804e-23
3.9545502377669295 7.26958929509461e-23
4.046756818146711 7.439085904007458e-23
4.141113340480481 7.6125363106844e-23
4.237669934058216 7.790035947537824e-23
4.336477897013409 7.971676322646112e-23
4.437589723576497 8.157557251567446e-23
4.541059131963759 8.347760817046806e-23
4.646941092916466 8.54240442937145e-23
4.755291858905486 8.741582702622575e-23
4.866168994016832 8.945402780716883e-23
4.979631404534034 9.153980856126782e-23
5.0957393702336 9.367419356767679e-23
5.214554576410165 9.585837288475889e-23
5.336140146648369 9.809346018031376e-23
5.4605606763588606 1.003806523326361e-22
5.587882267096237 1.0272121769470585e-22
5.718172561677172 1.051162946014933e-22
5.851500780117376 1.0756723633319896e-22
5.987937756406471 1.100753526693952e-22
6.127555976140354 1.1264188150442537e-22
6.270429615030991 1.1526830752978457e-22
6.416634578314149 1.1795599610312697e-22
6.566248541075969 1.2070635209476468e-22
6.719350989519823 1.2352080606716196e-22
6.87602326319537 1.264008845399488e-22
7.036348598212252 1.2934814260562272e-22
7.200412171461376 1.3236402932076875e-22
7.368301145867304 1.35450319993328e-22
7.540104716695753 1.386086038900507e-22
7.715914158940838 1.418404783449429e-22
7.8958228758172275 1.4514771542450511e-22
8.07992644838296 1.4853206392578012e-22
8.2683226863193 1.5199533096545268e-22
8.461111679894604 1.5553932343984811e-22
8.658395853139817 1.5916596581995651e-22
8.860280018263818 1.6287714995688323e-22
9.066871431337571 1.6667494883023938e-22
9.278279849276613 1.705611770704566e-22
9.494617588152204 1.7453808356855607e-22
9.715999582862075 1.7860774323622963e-22
9.942543448192506 1.8277227756369721e-22
10.17436954130415 1.8703390231864913e-22
10.411601025674827 1.913948893881841e-22
10.654363936533231 1.9585756521338614e-22
10.902787247818345 2.0042428892335778e-22
11.157002940700098 2.0509750169248426e-22
11.417146073697703 2.098796662004537e-22
11.683354854432924 2.147733426838856e-22
11.955770713056356 2.1978112623987833e-22
12.234538377385784 2.249056784723403e-22
12.519805949796487 2.3014967534414e-22
12.811724985904382 2.355160166302448e-22
13.110450575083778 2.410074401289596e-22
13.416141422862523 2.4662689565226525e-22
13.72895993523834 2.52377382086702e-22
14.04907230496112 2.582619596798327e-22
14.37664859982702 2.6428377742945147e-22
14.711862853031292 2.704459640120948e-22
15.054893155627816 2.767518289189743e-22
15.405921751144481 2.83204726107247e-22
15.765135132404664 2.898081181202991e-22
16.132724140606275 2.965654510421926e-22
16.50888406671095 3.0348032434879925e-22
16.89381475519735 3.1055644668174087e-22
17.287720710233557 3.1779758132153497e-22
17.690811204325115 3.25207540061756e-22
18.103300389496336 3.3279026555331184e-22
18.52540741106398 3.4054977081731553e-22
18.957356524063755 3.484902536752038e-22
19.399377212391464 3.5661585289894257e-22
19.85170431072216 3.6493092487410064e-22
20.314578129271972 3.734398656470147e-22
20.788244581469023 3.821471897932516e-22
21.272955314601134 3.9105756472462637e-22
21.76896784350983 4.001757009061021e-22
22.27654568740161 4.0950643081898426e-22
22.79595850984919 4.190547283675053e-22
23.327482262057103 4.288256487088276e-22
23.871399329467756 4.388243837148627e-22
24.427998681785848 4.490563017998651e-22
24.997576026500827 4.595267402216126e-22
25.580433965988984 4.702413288927061e-22
26.176882158278623 4.812057551154944e-22
26.787237481563718 4.9242585233132645e-22
27.411824202553472 5.039075437892423e-22
28.050974148747212 5.156569533011907e-22
28.705026884726152 5.276803075322022e-22
29.374329892555654 5.39984022811888e-22
30.05923875639388 5.525746128282144e-22
30.760117351404876 5.654587684041564e-22
31.477338037076432 5.786433457630005e-22
32.21128185504559 5.921353382749929e-22
32.962338731536356 6.059419164142501e-22
33.730907684518286 6.200703454673599e-22
34.51739703569462 6.345283500958191e-22
35.322224627433556 6.4932339965667995e-22
36.14581804475762 6.644634133309401e-22
36.98861484250899 6.799564465814967e-22
37.851062777811606 6.958107183040086e-22
38.733620047953465 7.120346589572254e-22
39.63675553381552 7.286368922964989e-22
40.5609490489765 7.456262352047378e-22
41.506691594626034 7.630117098714592e-22
42.47448562042145 7.808025603956385e-22
43.46484529142686 7.990082226819528e-22
44.4782967612764 8.176383883110481e-22
45.515378451706574 8.367028814680013e-22
46.576641338606535 8.562120155921521e-22
47.66264924473788 8.761760008810665e-22
48.773979139279795 8.966054608190532e-22
49.911221444358546 9.175112616666435e-22
51.07498034872413 9.389044734935435e-22
52.265874128740876 9.607966225251197e-22
53.48453547686238 9.831991593395737e-22
54.731611837765406 1.0061240534658639e-21
56.00776575232122 1.0295834701018982e-21
57.31367520958723 1.0535898879284378e-21
58.650034007005786 1.078156061858358e-21
60.017552119001664 1.103295047511002e-21
61.416956074173925 1.1290201926232135e-21
62.84898934128261 1.1553451541912187e-21
64.31441272423535 1.1822839311000665e-21
65.81400476628369 1.2098508315001117e-21
67.34856216364385 1.2380605169099912e-21
68.91890018876182 1.2669279574122009e-21
70.52585312344742 1.2964684891523766e-21
72.17027470210763 1.3266978079389002e-21
73.8530385653146 1.3576319956963633e-21
75.57503872394936 1.3892874621184573e-21
77.33719003416762 1.421681041683869e-21
79.14042868344033 1.454829925795218e-21
