results/limits/AEDGE_h.dat
# %ECSV 1.0
# ---
# datatype:
# - {name: mx, unit: MeV, datatype: float64}
# - {name: sigma, unit: cm2, datatype: float64}
# schema: astropy-2.0
mx sigma
3.162277660168379e-07 inf
3.2360111549336787e-07 inf
3.311463862505236e-07 inf
3.388675869043115e-07 inf
3.4676881953794695e-07 inf
3.548542818811901e-07 inf
3.6312826954049566e-07 inf
3.715951782811629e-07 inf
3.8025950636269697e-07 inf
3.89125856928623e-07 inf
3.9819894045202297e-07 inf
4.0748357723809307e-07 inf
4.169846999850535e-07 inf
4.2670735640476865e-07 inf
4.3665671190447213e-07 inf
4.4683805233101997e-07 inf
4.572567867791303e-07 inf
4.6791845046510194e-07 inf
4.788287076675383e-07 inf
4.899933547366384e-07 inf
5.014183231736547e-07 inf
5.131096827821533e-07 inf
5.250736448927506e-07 inf
5.373165656630395e-07 inf
5.4984494945446e-07 inf
5.626654522879044e-07 inf
5.757848853798981e-07 inf
5.892102187612295e-07 inf
6.029485849799565e-07 inf
6.17007282890752e-07 inf
6.313937815326057e-07 inf
6.461157240969403e-07 inf
6.611809319882495e-07 inf
6.765974089794179e-07 inf
6.923733454639272e-07 inf
7.085171228072106e-07 inf
7.250373177994646e-07 inf
7.419427072122865e-07 inf
7.592422724615558e-07 inf
7.769452043790388e-07 inf
7.950609080952509e-07 inf
8.135990080361694e-07 inf
8.325693530364543e-07 inf
8.519820215718901e-07 inf
8.718473271138315e-07 inf
8.921758236084957e-07 inf
9.12978311084014e-07 inf
9.342658413882192e-07 inf
9.560497240602198e-07 inf
9.78341532338879e-07 inf
1.0011531093113902e-06 inf
1.0244965742052174e-06 inf
1.048384328826741e-06 inf
1.0728290641500308e-06 inf
1.0978437670592484e-06 inf
1.1234417272482566e-06 inf
1.149636544281106e-06 inf
1.1764421348171486e-06 inf
1.2038727400046132e-06 inf
1.2319429330465773e-06 inf
1.2606676269433496e-06 inf
1.2900620824153782e-06 inf
1.3201419160108953e-06 inf
1.3509231084026028e-06 inf
1.38242201287781e-06 inf
1.4146553640265304e-06 inf
1.447640286632156e-06 inf
1.4813943047694329e-06 inf
1.5159353511145682e-06 inf
1.5512817764724183e-06 inf
1.587452359525819e-06 inf
1.6244663168122348e-06 inf
1.6623433129330315e-06 inf
1.7011034710007933e-06 inf
1.740767383330235e-06 inf
1.7813561223783898e-06 inf
1.8228912519398869e-06 inf
1.8653948386032614e-06 inf
1.908889463474389e-06 inf
1.9533982341732686e-06 inf
1.9989447971105317e-06 inf
2.045553350050195e-06 inf
2.0932486549653353e-06 inf
2.1420560511935146e-06 inf
2.192001468898943e-06 inf
2.2431114428485372e-06 inf
2.2954131265091837e-06 inf
2.3489343064737076e-06 inf
2.403703417223201e-06 inf
2.4597495562335635e-06 inf
2.5171024994342686e-06 inf
2.575792717027583e-06 inf
2.635851389676631e-06 inf
2.6973104250709106e-06 inf
2.760202474878063e-06 inf
2.8245609520908932e-06 inf
2.8904200487788716e-06 inf
2.9578147542535346e-06 inf
3.026780873657441e-06 inf
3.097355046986562e-06 inf
3.1695747685562034e-06 inf
3.2434784069208122e-06 inf
3.319105225258239e-06 inf
3.3964954022292982e-06 inf
3.4756900533236943e-06 inf
3.5567312527036693e-06 inf
3.6396620555569646e-06 inf
3.7245265209709786e-06 inf
3.811369735340273e-06 inf
3.900237836319859e-06 inf
3.991178037336996e-06 inf
4.0842386526745176e-06 inf
4.179469123139017e-06 inf
4.2769200423275275e-06 inf
4.376643183506652e-06 inf
4.478691527118417e-06 inf
4.583119288927478e-06 inf
4.689981948824612e-06 inf
4.799336280301815e-06 inf
4.911240380614659e-06 inf
5.0257537016479225e-06 inf
5.142937081500915e-06 inf
5.262852776809252e-06 inf
5.385564495820272e-06 inf
5.511137432239651e-06 inf
5.639638299867211e-06 inf
5.771135368040315e-06 inf
5.905698497903673e-06 inf
6.043399179524854e-06 inf
6.184310569875183e-06 inf
6.32850753169624e-06 inf
6.47606667327258e-06 inf
6.627066389131828e-06 inf
6.781586901693754e-06 inf
6.939710303890459e-06 inf
7.101520602780329e-06 inf
7.267103764178904e-06 inf
7.436547758330399e-06 inf
7.609942606644117e-06 inf
7.787380429520604e-06 inf
7.968955495292936e-06 inf
8.15476427030917e-06 inf
8.344905470182516e-06 inf
8.539480112236516e-06 inf
8.738591569173047e-06 inf
8.942345623991688e-06 inf
9.150850526189614e-06 inf
9.364217049271877e-06 inf
9.58255854960264e-06 inf
9.805991026628606e-06 inf
1.0034633184506672e-05 inf
1.0268606495168497e-05 inf
1.0508035262855554e-05 inf
1.07530466901589e-05 inf
1.1003770945598772e-05 inf
1.1260341232779899e-05 inf
1.1522893861159297e-05 inf
1.1791568318464117e-05 inf
1.206650734479802e-05 inf
1.2347857008475478e-05 inf
1.263576678362426e-05 inf
1.293038962959737e-05 inf
1.3231882072236462e-05 inf
1.3540404287030327e-05 inf
1.3856120184212054e-05 inf
1.4179197495840522e-05 inf
1.4509807864912299e-05 inf
1.484812693655133e-05 inf
1.5194334451324849e-05 inf
1.5548614340735104e-05 inf
1.5911154824937624e-05 inf
1.6282148512737936e-05 inf
1.6661792503919872e-05 inf
1.7050288493959805e-05 inf
1.7447842881182494e-05 inf
1.785466687641539e-05 inf
1.8270976615199758e-05 inf
1.869699327261814e-05 inf
1.91329431807992e-05 inf
1.957905794916243e-05 inf
2.003557458746648e-05 inf
2.0502735631726606e-05 inf
2.0980789273068064e-05 inf
2.1469989489583918e-05 inf
2.1970596181267336e-05 inf
2.2482875308090033e-05 inf
2.3007099031300245e-05 inf
2.354354585801526e-05 inf
2.4092500789185385e-05 inf
2.4654255471007912e-05 inf
2.5229108349871537e-05 inf
2.5817364830913554e-05 inf
2.641933744027406e-05 inf
2.7035345991133382e-05 inf
2.7665717753620915e-05 inf
2.8310787628685666e-05 inf
2.8970898326020842e-05 inf
2.964640054613707e-05 inf
3.033765316668089e-05 inf
3.104502343309761e-05 inf
3.176888715373972e-05 inf
3.25096288995246e-05 inf
3.326764220824756e-05 inf
3.4043329793658724e-05 inf
3.483710375941493e-05 inf
3.5649385818020195e-05 inf
3.648060751487119e-05 inf
3.73312104575266e-05 inf
3.820164655032238e-05 inf
3.90923782344573e-05 inf
4.0003878733676586e-05 inf
4.093663230568398e-05 inf
4.1891134499415887e-05 inf
4.2867892418314344e-05 inf
4.386742498973848e-05 inf
4.489026324065786e-05 inf
4.5936950579773975e-05 inf
4.700804308621986e-05 inf
4.8104109804991236e-05 inf
4.922573304926602e-05 inf
5.0373508709772956e-05 inf
5.154804657137365e-05 inf
5.27499706370262e-05 inf
5.397991945930254e-05 inf
5.5238546479635675e-05 inf
5.6526520375476976e-05 inf
5.784452541554797e-05 inf
5.9193261823375433e-05 inf
6.057344614930286e-05 inf
6.198581165117595e-05 inf
6.34311086839044e-05 inf
6.491010509810695e-05 inf
6.642358664805138e-05 1.0494326003348196e-25
6.797235740910648e-05 4.496315659572704e-26
6.955724020492732e-05 2.7308366233951026e-26
7.117907704460117e-05 1.8945028284611534e-26
7.283872956998614e-05 1.4119343156166812e-26
7.453707951348025e-05 1.1014348394165909e-26
7.627502916646401e-05 8.873889615732288e-27
7.805350185866558e-05 7.326710634913493e-27
7.987344244870308e-05 6.169088177179877e-27
8.173581782606456e-05 5.279913099774506e-27
8.364161742479263e-05 4.582718662226981e-27
8.559185374914618e-05 4.026913218823369e-27
8.758756291151902e-05 3.577756148376551e-27
8.96298051829007e-05 3.210661093219186e-27
9.17196655561724e-05 2.907789985634535e-27
9.385825432253677e-05 2.6559289651290634e-27
9.604670766138824e-05 2.4451158281991974e-27
9.828618824393714e-05 2.2677258911921343e-27
0.00010057788585090809 2.117847163134823e-27
0.00010292301800464121 1.9908435779765072e-27
0.00010532283061593165 1.8830436618168708e-27
0.00010777859864595113 1.7915147791519373e-27
0.00011029162678360347 1.713896943840688e-27
0.00011286325013867351 1.64827882976645e-27
0.00011549483495113791 1.5931041554091962e-27
0.00011818777931701482 1.5471002432578655e-27
0.0001209435139311377 1.5092229772409635e-27
0.00012376350284724815 1.478614028510793e-27
0.00012664924425581149 1.4545673584090558e-27
0.00012960227127996844 1.4365028060972662e-27
0.00013262415279004548 1.423945136214506e-27
0.00013571649423705693 1.4165073307329746e-27
0.0001388809385056415 1.413877206834301e-27
0.00014211916678688624 1.4158066616280293e-27
0.00014543289947150178 1.4221030072287495e-27
0.0001488238970638237 1.4326219816675537e-27
0.00015229396111712465 1.447262113307874e-27
0.00015584493519073535 1.4659601866821516e-27
0.00015947870582948208 1.488687611590205e-27
0.00016319720356596128 1.5154475389904974e-27
0.00016700240394618395 1.5462725996683103e-27
0.00017089632857913436 1.5812231670947294e-27
0.000174881046210801 1.6203860659472422e-27
0.00017895867382325032 1.6638736636844036e-27
0.0001831313777593269 1.711823295288853e-27
0.00018740137487357792 1.7643969815262986e-27
0.00019177093371001327 1.821781409357477e-27
0.000196242375707327 1.8841881499048008e-27
0.00020081807643222024 1.9518540949401777e-27
0.00020550046684148122 2.0250420974783432e-27
0.0002102920345734925 2.1040418059292873e-27
0.0002151953252698519 2.189170684539972e-27
0.00022021294392780895 2.2807752156634883e-27
0.00022534755628423554 2.3792322818316707e-27
0.0002306018902318662 2.4849507277540484e-27
0.00023597873726856003 2.59837310428591e-27
0.0002414809539803547 2.71997759815305e-27
0.0002471114635590999 2.8502801528330617e-27
0.00025287325735547713 2.989836787508234e-27
0.00025876939646823026 3.1392461224524257e-27
0.00026480301337045197 3.299152120618748e-27
0.000270977313573789 3.470247056577794e-27
0.00027729557733145163 3.653274725335824e-27
0.00028376116138093086 3.849033904955246e-27
0.0002903775007273506 4.058382088320257e-27
0.00029714811046840066 4.282239500852179e-27
0.00030407658766182135 4.521593422493951e-27
0.00031116661323643183 4.7775028338632975e-27
0.0003184219539477161 5.0511034081302154e-27
0.00032584646437900766 5.343612871917961e-27
0.00033344408898933415 5.656336760368032e-27
0.0003412188642090111 5.9906745934600915e-27
0.0003491749205840977 6.348126502748133e-27
0.0003573164849708539 6.730300339875982e-27
0.0003656478827813646 7.138919300580112e-27
0.0003741735402815245 7.575830100388029e-27
0.0003828979869426037 8.043011740889065e-27
0.000391825857847644 8.516235124816272e-27
0.000400961896153964 8.971225642111696e-27
0.0004103109556130814 9.433715937297468e-27
0.0004198780031493915 9.898668387186468e-27
0.00042966812149897106 1.0360207357194552e-26
0.000439686511909911 1.0811798037096461e-26
0.0004499384969056106 1.1246525086612125e-26
0.00046042952311250296 1.1657460359354653e-26
0.0004711651641537129 1.2038091274202407e-26
0.00048215112361018567 1.2382765272149934e-26
0.0004933932380508582 1.2687096001037294e-26
0.0005048974801334842 1.2948277290907287e-26
0.0005166699617777604 1.3165262896919974e-26
0.0005287169374124361 1.3338791163883948e-26
0.0005410448072981404 1.347125898589472e-26
0.0005536601209276797 1.3566472314573865e-26
0.0005665695805056229 1.3629315753179134e-26
0.0005797800445090163 1.36653889869668e-26
0.0005932985313311235 1.3680653612036067e-26
0.000607132223010125 1.3681123288489625e-26
0.0006212884690447563 1.3672616846987654e-26
0.0006357747902989163 1.366058133345562e-26
0.0006505988829973161 1.3649982090127547e-26
0.0006657686228142928 1.364525063373219e-26
0.0006812920690579615 1.365027809023749e-26
0.0006971774689519261 1.3668441514825803e-26
0.0007134332620168255 1.3702651645591017e-26
0.0007300680845540431 1.3755412690621633e-26
0.0007470907742339592 1.382888702598658e-26
0.0007645103747911887 1.3924959809544262e-26
0.0007823361408292924 1.4045300302858802e-26
0.00080057754273752 1.4191418081986608e-26
0.0008192442717221943 1.4364713326745558e-26
0.0008383462449554094 1.456652106469051e-26
0.0008578936108437789 1.4798149679715558e-26
0.0008778967544200344 1.5060914242335485e-26
0.000898366302860337 1.5356165335666205e-26
0.0009193131311302326 1.5685314082323232e-26
0.0009407483677622533 1.604985405585973e-26
0.000962683400768232 1.6451380709292053e-26
0.000985129883689471 1.6891608888449383e-26
0.0010080997417879817 1.737238892943993e-26
0.0010316051783820807 1.789225666739748e-26
0.0010556586813297128 1.838880127926898e-26
0.0010802730296629402 1.8913199314120936e-26
0.001105461300377127 1.9463664530208146e-26
0.0011312368753784248 2.0038050012640626e-26
0.0011576134485932472 2.063387203114151e-26
0.0011846050332435167 2.124835596089964e-26
0.0012122259692915415 2.1878505341746586e-26
0.0012404909310584848 2.2521193253363836e-26
0.0012694149350204683 2.3173273016309894e-26
0.0012990133477864558 2.3831703044288917e-26
0.0013293018942621524 2.4493678785292115e-26
0.001360296666004259 2.5156763415535118e-26
0.001392014129769518 2.5819008545020536e-26
0.0014244711362630968 2.6479056785581655e-26
0.0014576849290909482 2.713621958429809e-26
0.0014916731539209149 2.779052603239049e-26
0.0015264538678574353 2.844274108809225e-26
0.0015620455490348386 2.9094354407783043e-26
0.0015984671064343198 2.9747543390078726e-26
0.0016357378899298156 3.0405115820876e-26
0.0016738777005681136 3.107043851500309e-26
0.0017129068010886602 3.174735857418709e-26
0.0017528459266886532 3.244012343082478e-26
0.00179371629603914 3.315330490666228e-26
0.0018355396225579732 3.3891731296418904e-26
0.0018783381259456144 3.466043018673078e-26
0.0019221345439899109 3.546458349814111e-26
0.001966952144646121 3.6309495197281305e-26
0.0020128147383986056 3.710400197000845e-26
0.002059746690910748 3.791776542805572e-26
0.0021077729359698315 3.875921763589224e-26
0.0021569189887337423 3.9628829844916325e-26
0.002207210959286545 4.052674072545276e-26
0.0022586755665101248 4.145281911532255e-26
0.0023113401522792685 4.2406742502537273e-26
0.0023652326959877285 4.3388088133615664e-26
0.0024203818294129824 4.4396432986103856e-26
0.0024768168519275916 4.543145832804253e-26
0.002534567746065232 4.6493054294389635e-26
0.0025936651934496745 4.758141991042938e-26
0.0026541405910951734 4.869715432236894e-26
0.0027160260680869266 4.9841335650403755e-26
0.0027793545026504624 5.10155848094049e-26
0.002844159539619031 5.222211275856383e-26
0.0029104756083082714 5.346375083089888e-26
0.0029783379408076585 5.474396493731423e-26
0.0030477825906984404 5.606685543092962e-26
0.0031188464522080173 5.743714517575337e-26
0.0031915672798109355 5.880141813128186e-26
0.0032659837082868936 6.014172400393342e-26
0.003342135273246469 6.151401697260786e-26
0.0034200624321353945 6.291949230691383e-26
0.0034998065857286074 6.435938641801432e-26
0.0035814101001254554 6.583500742068788e-26
0.003664916329257761 6.734778030633702e-26
0.0037503696379226933 6.889930452087526e-26
0.0038378154253526898 7.049142089638539e-26
0.003927300149334948 7.212628433122928e-26
0.004018871350893299 7.380643838145122e-26
0.00411257767954558 7.553488801974903e-26
0.004208468919149921 7.731516721083803e-26
0.004306596014353682 7.915139859115727e-26
0.004407011097659079 8.104834335350263e-26
0.004509767517119906 8.301144033837223e-26
0.004614919864684026 8.493421452411508e-26
0.004722524005196735 8.687893792527805e-26
0.004832637106080367 8.88714324115565e-26
0.004945317667705937 9.091349694143689e-26
0.005060625554472947 9.30072161525377e-26
0.005178622026613854 9.515502143453493e-26
0.005299369772740128 9.735975804625731e-26
0.005422932943147155 9.962475615527804e-26
0.0055493771838957115 1.0195390327301091e-25
0.00567876967168809 1.0435171539941102e-25
0.005811179149557424 1.0682340429101017e-25
0.0059466759633891655 1.093749386063804e-25
0.006085332099294114 1.1196710536139033e-25
0.006227221221852859 1.1453517978472624e-25
0.006372418713251954 1.1716750243705986e-25
0.006521001713332612 1.1986681600015555e-25
0.006673049160573193 1.2263630861789876e-25
0.006828641834027273 1.254796948955628e-25
0.006987862396239558 1.2840130035376134e-25
0.00715079543716245 1.3140614686681535e-25
0.007317527519096606 1.3450003647450066e-25
0.007488147222679345 1.376896310362888e-25
0.007662745193945353 1.4095119791399593e-25
0.007841414192484688 1.4419152681775028e-25
0.008024249140723652 1.475147038108214e-25
0.008211347174354735 1.5092471523189573e-25
0.008402807693942412 1.5442618899750344e-25
0.008598732417732204 1.580244935565606e-25
0.008799225435691074 1.617258378744035e-25
0.009004393264807849 1.655373696086178e-25
0.009214344905683071 1.6946357560699204e-25
0.009429191900438323 1.733672401341036e-25
0.009649048391975805 1.773725686191167e-25
0.009874031184619632 1.8148485008308866e-25
0.010104259806171096 1.8571020764342078e-25
0.01033985657141083 1.9005571305584086e-25
0.010580946647081629 1.9452950020428394e-25
0.010827658118386449 1.9908223098217258e-25
0.011080122057036918 2.0368525471406887e-25
