results/limits/AEDGE_l.dat
# %ECSV 1.0
# ---
# datatype:
# - {name: mx, unit: MeV, datatype: float64}
# - {name: sigma_10, unit: cm2, datatype: float64}
# - {name: sigma_9, unit: cm2, datatype: float64}
# - {name: sigma_7, unit: cm2, datatype: float64}
# - {name: sigma_6, unit: cm2, datatype: float64}
# - {name: sigma_5, unit: cm2, datatype: float64}
# - {name: sigma_4, unit: cm2, datatype: float64}
# - {name: sigma_3, unit: cm2, datatype: float64}
# - {name: sigma_2, unit: cm2, datatype: float64}
# schema: astropy-2.0
mx sigma_10 sigma_9 sigma_7 sigma_6 sigma_5 sigma_4 sigma_3 sigma_2
[from data line 80]
1.9989447971105317e-06 1.1628990593521137e-46 1.6540217454501328e-46 9.195020653477146e-46 2.5764857412408186e-44 2.68415781791605e-42 8.865098703638666e-40 7.213928075586813e-37 1.774857082375526e-36
2.045553350050195e-06 1.1397898450164728e-46 1.6231958892723386e-46 9.15884969293246e-46 2.633400837273636e-44 2.7534113077131787e-42 9.337138929840612e-40 7.725058754684534e-37 1.9016100277795996e-36
2.0932486549653353e-06 1.1171497869569392e-46 1.59297321090338e-46 9.12494448479107e-46 2.691756813850578e-44 2.8246811463882855e-42 9.838225174856253e-40 8.272621516009564e-37 2.0374284490811187e-36
2.1420560511935146e-06 1.0949692260038126e-46 1.5633416407141743e-46 9.093311034049592e-46 2.751583851601784e-44 2.898038103987395e-42 1.0370295778336175e-39 8.859219876004604e-37 2.182961114086321e-36
2.192001468898943e-06 1.0732387039825791e-46 1.5342893549508638e-46 9.063956752859055e-46 2.812913010966045e-44 2.973556006775856e-42 1.0935423807637282e-39 9.487643610832074e-37 2.3389032309591715e-36
2.2431114428485372e-06 1.0519489594963494e-46 1.5058047706665744e-46 9.036890486707651e-46 2.8757762611892705e-44 3.0513118925072755e-42 1.1535826570607787e-39 1.016088208769965e-36 2.5059997728637e-36
2.2954131265091837e-06 1.0310909237974153e-46 1.4778765407587452e-46 9.012122541830533e-46 2.940206508600703e-44 3.1313861744798656e-42 1.2173875801810429e-39 1.088213855048336e-36 2.6850490406108995e-36
2.3489343064737076e-06 1.010655716746011e-46 1.450493549109827e-46 8.989664713854618e-46 3.0062376242176655e-44 3.2138628149181713e-42 1.2852108570017001e-39 1.1654845428031116e-36 2.8769064803663036e-36
2.403703417223201e-06 9.9063464285444e-47 1.4236449058291691e-46 8.969530317684092e-46 3.073904470753557e-44 3.298829508253404e-42 1.3573238958256336e-39 1.2482680738317349e-36 3.082488774670619e-36
2.4597495562335635e-06 9.710191874147523e-47 1.3973199425939762e-46 8.951734218629569e-46 3.1432429291250606e-44 3.386377874913375e-42 1.4340170571402297e-39 1.3369585666934825e-36 3.30277822634844e-36
2.5171024994342686e-06 9.51801012708182e-47 1.3715082080872642e-46 8.936292864780845e-46 3.214289924572722e-44 3.476603666273373e-42 1.5156009930261458e-39 1.4319783403973227e-36 3.538827456260519e-36
2.575792717027583e-06 9.329719542946346e-47 1.3461994635307728e-46 8.923224320619596e-46 3.2870834525241486e-44 3.569606981462602e-42 1.602408081538489e-39 1.5337799329372212e-36 3.7917644373793806e-36
2.635851389676631e-06 9.145240173805026e-47 1.3213836783108355e-46 8.912548301864679e-46 3.3616626043406137e-44 3.6654924967669743e-42 1.6947939628400806e-39 1.6428482643352335e-36 4.062797889267e-36
2.6973104250709106e-06 8.964493732631538e-47 1.2970510256952896e-46 8.904286211538303e-46 3.4380675930960556e-44 3.764369708418643e-42 1.7931391843572033e-39 1.7597029545215745e-36 4.3532230588670746e-36
2.760202474878063e-06 8.787403558504686e-47 1.2731918786394794e-46 8.898461177236674e-46 3.5163397795424913e-44 3.86635318961562e-42 1.897850962753942e-39 1.884900807160349e-36 4.6644279149158207e-36
2.8245609520908932e-06 8.613894582538229e-47 1.2497968056795125e-46 8.895098089583372e-46 3.596521698417557e-44 3.971562862671646e-42 2.0093650710851757e-39 2.0190384712788524e-36 4.997899786072018e-36
2.8904200487788716e-06 8.443893294529669e-47 1.226856566910931e-46 8.894223641838106e-46 3.678657085249135e-44 4.0801242872572946e-42 2.128147860092505e-39 2.162755293443597e-36 5.3552324739784836e-36
2.9578147542535346e-06 8.277327710312695e-47 1.2043621100510112e-46 8.895866370627186e-46 3.762790903808558e-44 4.1921689657584906e-42 2.2546984232547843e-39 2.3167363741168783e-36 5.7381338758060185e-36
3.026780873657441e-06 8.114127339798309e-47 1.1823045665829301e-46 8.900056697755003e-46 3.848969374358632e-44 4.307834666848276e-42 2.3895509158985885e-39 2.4817158428175624e-36 6.148434153022735e-36
3.097355046986562e-06 7.95422315569018e-47 1.1606752479801135e-46 8.906826973048818e-46 3.9372400028358805e-44 4.4272657684427786e-42 2.5332770394170897e-39 2.6584803677528202e-36 6.588094483666755e-36
3.1695747685562034e-06 7.797547562859633e-47 1.139465642009037e-46 8.916211518180632e-46 4.027651611098464e-44 4.550613621292192e-42 2.6864887024411362e-39 2.847872916695893e-36 7.05921644182859e-36
3.2434784069208122e-06 7.644034368366606e-47 1.118667409108895e-46 8.92824667140161e-46 4.120254368362604e-44 4.678036934543866e-42 2.8498408716589068e-39 3.050796787094919e-36 7.564052050199e-36
3.319105225258239e-06 7.493618752112631e-47 1.0982723788464838e-46 8.942970833115233e-46 4.215099823941762e-44 4.8097021847064476e-42 3.0240346258925185e-39 3.268219924712533e-36 8.1050145491644e-36
3.3964954022292982e-06 7.346237238112513e-47 1.0782725464447517e-46 8.960424512205202e-46 4.312240941394026e-44 4.945784049543246e-42 3.209820428016993e-39 3.501179551435313e-36 8.684689939780347e-36
3.4756900533236943e-06 7.201827666371664e-47 1.0586600693834607e-46 8.980650373023993e-46 4.4117321341751883e-44 5.0864658685285325e-42 3.4080016303529303e-39 3.750787124364181e-36 9.30584935150271e-36
3.5567312527036693e-06 7.060329165356039e-47 1.0394272640704562e-46 9.003693282936239e-46 4.513629302887692e-44 5.231940131614553e-42 3.619438230283949e-39 4.018233649960492e-36 9.971462295827455e-36
3.6396620555569646e-06 6.921682125042388e-47 1.0205666025820683e-46 9.029600360300281e-46 4.617989874209443e-44 5.3824089981787944e-42 3.8450508940490576e-39 4.304795378614787e-36 1.068471086869867e-35
3.7245265209709786e-06 6.785828170536248e-47 1.002070709471204e-46 9.058421022757689e-46 4.724872841580986e-44 5.5380848481518755e-42 4.0858252679437204e-39 4.6118399068853945e-36 1.1449004970577285e-35
3.811369735340273e-06 6.6527101362458385e-47 9.839323586417027e-47 9.090207035688841e-46 4.834338807726244e-44 5.699190867466751e-42 4.3428165975382105e-39 4.940832716615721e-36 1.226799861404824e-35
3.900237836319859e-06 6.522272040599996e-47 9.66144470287584e-47 9.125012560678822e-46 4.946450029078782e-44 5.865961670120826e-42 4.617154676994014e-39 5.2933441821811405e-36 1.3145607400965972e-35
3.991178037336996e-06 6.394459061298569e-47 9.487001078958228e-47 9.162894203824043e-46 5.061270462184898e-44 6.03864395930364e-42 4.9100491521352794e-39 5.671057079393821e-36 1.4086027250812127e-35
4.0842386526745176e-06 6.269217511084112e-47 9.315924753113234e-47 9.203911063696328e-46 5.178865812154194e-44 6.217497230216876e-42 5.2227952026216806e-39 6.075774631963986e-36 1.5093754463721757e-35
4.179469123139017e-06 6.146494814023705e-47 9.148149138628097e-47 9.248124778766958e-46 5.299303583229971e-44 6.402794517399075e-42 5.5567796303774655e-39 6.509429134046968e-36 1.617360723621483e-35
4.2769200423275275e-06 6.026239482290182e-47 8.983608995483296e-47 9.295599574078694e-46 5.422653131553547e-44 6.594823189567625e-42 5.913487383369568e-39 6.974091190046895e-36 1.733074869685927e-35
4.376643183506652e-06 5.908401093432164e-47 8.82224040279162e-47 9.346402306939791e-46 5.54898572020024e-44 6.79388579520496e-42 6.294508545904167e-39 7.471979615936889e-36 1.857071160466014e-35
4.478691527118417e-06 5.792930268122458e-47 8.663980731808819e-47 9.400602511400326e-46 5.678374576568442e-44 7.000300962345894e-42 6.701545828835375e-39 8.005472049413954e-36 1.9899424811138149e-35
4.583119288927478e-06 5.679778648374879e-47 8.50876861950408e-47 9.458272441257385e-46 5.810894952208436e-44 7.214404356270923e-42 7.136422595464406e-39 8.577116319650078e-36 2.1323241615115757e-35
4.689981948824612e-06 5.568898876219353e-47 8.356543942678473e-47 9.519487111323441e-46 5.946624185182922e-44 7.436549699074683e-42 7.601091461461524e-39 9.18964263101489e-36 2.28489701486847e-35
4.799336280301815e-06 5.460244572825777e-47 8.207247792620168e-47 9.584324336680423e-46 6.085641765057413e-44 7.667109855364543e-42 8.097643509881748e-39 9.845976619087907e-36 2.448390595507781e-35
4.911240380614659e-06 5.353770318067007e-47 8.060822450284993e-47 9.652864769631747e-46 6.228029400625356e-44 7.906477988649667e-42 8.628318165279133e-39 1.0549253341289575e-35 2.623586685907123e-35
5.0257537016479225e-06 5.249431630511777e-47 7.917211361991557e-47 9.725191934055908e-46 6.373871090479774e-44 8.155068793309262e-42 9.195513774069523e-39 1.1302832269213638e-35 2.811323038045946e-35
5.142937081500915e-06 5.147184947838382e-47 7.77635911562012e-47 9.801392256858776e-46 6.523253196550904e-44 8.413319807381572e-42 9.801798941662657e-39 1.2110313354198754e-35 3.0124973780634116e-35
5.262852776809252e-06 5.046987607660225e-47 7.638211417304702e-47 9.881555096217403e-46 6.676264520736982e-44 8.681692811793386e-42 1.0449924680496243e-38 1.2975554243155486e-35 3.2280717026339607e-35
5.385564495820272e-06 4.948797828754544e-47 7.502715068608291e-47 9.96577276630681e-46 6.832996384763649e-44 8.960675322056085e-42 1.1142837426977713e-38 1.3902688726796555e-35 3.4590768770865795e-35
5.511137432239651e-06 4.852574692685766e-47 7.369817944170872e-47 1.0054140558203545e-45 6.993542713415991e-44 9.250782178890892e-42 1.1883692989488446e-38 1.489614650871884e-35 3.706617568874346e-35
5.639638299867211e-06 4.758278125815162e-47 7.239468969820642e-47 1.0146756756665134e-45 7.158000121296165e-44 9.552557244713783e-42 1.267587149405285e-38 1.5960674389728813e-35 3.971877530371269e-35
5.771135368040315e-06 4.665868881688566e-47 7.111618101138632e-47 1.0243722652495083e-45 7.326468003268757e-44 9.866575213413417e-42 1.3522993399042045e-38 1.71013589687823e-35 4.2561252597575856e-35
5.905698497903673e-06 4.575308523794222e-47 6.986216302467355e-47 1.0345142550217581e-45 7.499048628765793e-44 1.0193443541394964e-41 1.442893665538967e-38 1.8323650969169158e-35 4.560720069091319e-35
6.043399179524854e-06 4.486559408682945e-47 6.863215526354261e-47 1.0451123770806615e-45 7.675847240133564e-44 1.0533804508441929e-41 1.5397855094272753e-38 1.963339130622079e-35 4.88711858502976e-35
6.184310569875183e-06 4.399584669442896e-47 6.74256869342092e-47 1.0561776649240034e-45 7.856972155213528e-44 1.0888337417569307e-41 1.643419813007739e-38 2.1036839021299181e-35 5.236881716933145e-35
6.32850753169624e-06 4.3143481995213954e-47 6.624229672649064e-47 1.0677214526681016e-45 8.042534874361211e-44 1.1257760943708611e-41 1.7542731872756905e-38 2.254070121558318e-35 5.611682121260633e-35
6.47606667327258e-06 4.2308146368866677e-47 6.508153262074935e-47 1.0797553737129164e-45 8.232650192118078e-44 1.1642835641780915e-41 1.872856175042798e-38 2.415216512694987e-35 6.013312203777121e-35
6.627066389131828e-06 4.148949348522045e-47 6.39429516988329e-47 1.0922913588428472e-45 8.427436313763845e-44 1.2044366625481997e-41 1.9997156750271297e-38 2.5878932503241527e-35 6.443692691516212e-35
6.781586901693754e-06 4.0687184152458375e-47 6.282611995892924e-47 1.1053416337573599e-45 8.627014976989371e-44 1.2463206428927197e-41 2.1354375393540296e-38 2.772925643642613e-35 6.904881819965476e-35
6.939710303890459e-06 3.990088616849843e-47 6.173061213425467e-47 1.1189187160316558e-45 8.831511578943596e-44 1.2900258064187449e-41 2.280649356877408e-38 2.9711980833778775e-35 7.399085177347263e-35
7.101520602780329e-06 3.9130274175498233e-47 6.065601151549579e-47 1.1330354115144375e-45 9.041055308922283e-44 1.33564782886956e-41 2.4360234356195245e-38 3.1836582714902286e-35 7.928666254178888e-35
7.267103764178904e-06 3.8375029517413424e-47 5.960190977692682e-47 1.1477048101774976e-45 9.255779286981278e-44 1.3832881097518243e-41 2.602279998579508e-38 3.4113217536901825e-35 8.496157748547902e-35
7.436547758330399e-06 3.7634840100545334e-47 5.856790680612702e-47 1.1629402814402048e-45 9.475820708772477e-44 1.4330541456578065e-41 2.7801906081811464e-38 3.6552767764447984e-35 9.10427367868855e-35
7.609942606644117e-06 3.6909400257014205e-47 5.755361053722258e-47 1.1787554690010289e-45 9.701320996917682e-44 1.4850599294079948e-41 2.970581835723778e-38 3.916689491713461e-35 9.75592236537618e-35
7.787380429520604e-06 3.6198410611097e-47 5.655863678758082e-47 1.1951642852179714e-45 9.932425959252556e-44 1.5394263768645947e-41 3.174339193371703e-38 4.196809534301178e-35 1.0454220342699755e-34
7.968955495292936e-06 3.5501577948368715e-47 5.558260909788429e-47 1.2121809050900527e-45 1.016928595429197e-43 1.5962817834006187e-41 3.392411347472903e-38 4.496975998506645e-35 1.120250726413486e-34
8.15476427030917e-06 3.481861508758798e-47 5.462515857551613e-47 1.2298197599027103e-45 1.0412056064287157e-43 1.65576231215307e-41 3.6258146333433445e-38 4.818623842650763e-35 1.20043618747647e-34
8.344905470182516e-06 3.4149240755269547e-47 5.368592374118656e-47 1.2480955306110317e-45 1.066089627626594e-43 1.7180125163427603e-41 3.875637893094383e-38 5.163290752131725e-35 1.2863619132538352e-34
8.539480112236516e-06 3.349317946288632e-47 5.276455037873496e-47 1.2670231410459252e-45 1.091597167146933e-43 1.783185898108228e-41 4.143047659625849e-38 5.532624493807984e-35 1.3784388547390921e-34
8.738591569173047e-06 3.2850161386645627e-47 5.186069138804078e-47 1.2866177510395642e-45 1.1177452623620628e-43 1.8514455064780327e-41 4.429293711562656e-38 5.928390796912196e-35 1.477107383959088e-34
8.942345623991688e-06 3.221992224978576e-47 5.097400664098e-47 1.3068947495773231e-45 1.1445515006488114e-43 1.9229645772947635e-41 4.73571502568641e-38 6.352481798171511e-35 1.5828394001685703e-34
9.150850526189614e-06 3.1602203207338967e-47 5.010416284036301e-47 1.3278697480939375e-45 1.172034041122772e-43 1.9979272181067583e-41 5.063746155314636e-38 6.806925091539863e-35 1.6961405870044259e-34
9.364217049271877e-06 3.0996750733309353e-47 4.925083338179417e-47 1.3495585740413956e-45 1.200211637402034e-43 2.0765291412601858e-41 5.414924065116753e-38 7.293893425817626e-35 1.8175528310187251e-34
9.58255854960264e-06 3.040331651021444e-47 4.84136982183909e-47 1.3719772648647702e-45 1.229103661454669e-43 2.15897844865629e-41 5.790895455038941e-38 7.815715096570526e-35 1.947656814351242e-34
9.805991026628606e-06 2.982165732094077e-47 4.759244372830489e-47 1.3951420625297663e-45 1.258730128587429e-43 2.2454964718866615e-41 6.193424608348554e-38 8.374885081991449e-35 2.0870747909206496e-34
1.0034633184506672e-05 2.925153494286458e-47 4.678676258498648e-47 1.4190694087516338e-45 1.2891117236363043e-43 2.336318671725103e-41 6.624401801315592e-38 8.97407697606102e-35 2.2364735641410417e-34
1.0268606495168497e-05 2.869271604418975e-47 4.599635363013707e-47 1.443775941079201e-45 1.3202698284230914e-43 2.4316956012385687e-41 7.085852314734079e-38 9.616155775976883e-35 2.3965676747348445e-34
1.0508035262855554e-05 2.8144972082456297e-47 4.522092174929269e-47 1.469278489989812e-45 1.3522265505458052e-43 2.5318939370835963e-41 7.579946090364333e-38 1.0304191585128821e-34 2.5681228200020783e-34
1.07530466901589e-05 2.760807920517394e-47 4.446017774998626e-47 1.495594077150537e-45 1.3850047535746153e-43 2.6371975838793287e-41 8.109008078461578e-38 1.1041474297050167e-34 2.7519595147287063e-34
1.1003770945598772e-05 2.7081818152535275e-47 4.3713838242434404e-47 1.5227399149980994e-45 1.4186280887291585e-43 2.7479088568957077e-41 8.67552932586034e-38 1.1831529330678865e-34 2.9489570168531495e-34
1.1260341232779899e-05 2.6565974162165596e-47 4.2981625522697577e-47 1.5507334077843418e-45 1.4531210281174384e-43 2.8643497486666513e-41 9.282178857626623e-38 1.2678134492131198e-34 3.160057532900248e-34
1.1522893861159297e-05 2.606033687586547e-47 4.226326745826272e-47 1.5795921542254774e-45 1.4885088996211732e-43 2.986863285535059e-41 9.931816409083735e-38 1.3585338043637905e-34 3.3862707238299282e-34
1.1791568318464117e-05 2.5564700248305148e-47 4.1558497375998503e-47 1.6093339518819636e-45 1.5248179235174169e-43 3.115814980560816e-41 1.0627506069085208e-37 1.4557478066132873e-34 3.6286785357184856e-34
1.206650734479802e-05 2.5078862457628448e-47 4.0867053952434947e-47 1.63997680338152e-45 1.5620752509314397e-43 3.2515943896765e-41 1.1372530899764942e-37 1.559920320799745e-34 3.8884403729696814e-34
