results/limits/BECCAL_h_phase.dat
# %ECSV 1.0
# ---
# datatype:
# - {name: mx, unit: MeV, datatype: float64}
# - {name: sigma, unit: cm2 MeV4, datatype: float64}
# schema: astropy-2.0
mx sigma
[from data line 359]
0.0012404909310584848 4.401227110187455e-22
0.0012694149350204683 4.826294409200173e-22
0.0012990133477864558 5.292414402163445e-22
0.0013293018942621524 5.803551928967837e-22
0.001360296666004259 6.364054750859372e-22
0.001392014129769518 6.978690532867907e-22
0.0014244711362630968 7.652687397643324e-22
0.0014576849290909482 8.391778396202482e-22
0.0014916731539209149 9.202250273655113e-22
0.0015264538678574353 1.0090996944372296e-21
0.0015620455490348386 1.1065578132126812e-21
0.0015984671064343198 1.2134283673364695e-21
0.0016357378899298156 1.3306204031163239e-21
0.0016738777005681136 1.4591307619122424e-21
0.0017129068010886602 1.6000525592827648e-21
0.0017528459266886532 1.75458448314876e-21
0.00179371629603914 1.92404098983317e-21
0.0018355396225579732 2.1098634849264604e-21
0.0018783381259456144 2.3136325839667668e-21
0.0019221345439899109 2.5370815571781348e-21
0.001966952144646121 2.782111072785535e-21
0.0020128147383986056 3.0508053642878278e-21
0.002059746690910748 3.3454499589136567e-21
0.0021077729359698315 3.66855111844572e-21
0.0021569189887337423 4.022857157739391e-21
0.002207210959286545 4.411381821874458e-21
0.0022586755665101248 4.837429921366013e-21
0.0023113401522792685 5.304625442928846e-21
0.0023652326959877285 5.816942375262605e-21
0.0024203818294129824 6.3787385123989605e-21
0.0024768168519275916 6.994792520538418e-21
0.002534567746065232 7.670344586406687e-21
0.0025936651934496745 8.411140990328924e-21
0.0026541405910951734 9.223482983949174e-21
0.0027160260680869266 1.0114280389639157e-20
0.0027793545026504624 1.1091110375314087e-20
0.002844159539619031 1.2162281906518117e-20
0.0029104756083082714 1.3336906422742093e-20
0.0029783379408076585 1.4624975339896877e-20
0.0030477825906984404 1.6037445037803047e-20
0.0031188464522080173 1.75863300554438e-20
0.0031915672798109355 1.9284805287498518e-20
0.0032659837082868936 2.1147318050738068e-20
0.003342135273246469 2.318971097374676e-20
0.0034200624321353945 2.5429356754468514e-20
0.0034998065857286074 2.788530593450972e-20
0.0035814101001254554 3.057844894211617e-20
0.003664916329257761 3.3531693788657896e-20
0.0037503696379226933 3.6770160926331165e-20
0.0038378154253526898 4.0321396921053556e-20
0.003927300149334948 4.421560876643221e-20
0.004018871350893299 4.848592082781139e-20
0.00411257767954558 5.3168656596792436e-20
0.004208468919149921 5.830364766335263e-20
0.004306596014353682 6.39345725225466e-20
0.004407011097659079 7.010932810884761e-20
0.004509767517119906 7.688043720642644e-20
0.004614919864684026 8.430549521762634e-20
0.004722524005196735 9.244766006365904e-20
0.004832637106080367 1.0137618941322831e-19
0.004945317667705937 1.1116702979087893e-19
0.005060625554472947 1.2190346259007834e-19
0.005178622026613854 1.3367681245202004e-19
0.005299369772740128 1.4658722408696838e-19
0.005422932943147155 1.607445141219944e-19
0.0055493771838957115 1.7626910518730698e-19
0.00567876967168809 1.9329305024834188e-19
0.005811179149557424 2.1196115585018775e-19
0.0059466759633891655 2.3243221384786487e-19
0.006085332099294114 2.5488035210734983e-19
0.006227221221852859 2.7949651563716555e-19
0.006372418713251954 3.0649009079231004e-19
0.006521001713332612 3.360906862888721e-19
0.006673049160573193 3.685500863016042e-19
0.006828641834027273 4.0414439216265895e-19
0.006987862396239558 4.431763708159856e-19
0.00715079543716245 4.859780303195347e-19
0.007317527519096606 5.329134437460355e-19
0.007488147222679345 5.843818461264756e-19
0.007662745193945353 6.408210302852945e-19
0.007841414192484688 7.027110708690542e-19
0.008024249140723652 7.705784076731436e-19
0.008211347174354735 8.4500032373424025e-19
0.008402807693942412 9.266098557315429e-19
0.008598732417732204 1.0161011784213933e-18
0.008799225435691074 1.1142355096290814e-18
0.009004393264807849 1.2218475849727622e-18
0.009214344905683071 1.3398527582203397e-18
0.009429191900438323 1.469254787535133e-18
0.009649048391975805 1.6111543730033113e-18
0.009874031184619632 1.766758519906901e-18
0.010104259806171096 1.9373908049901144e-18
0.01033985657141083 2.1245026352507785e-18
0.010580946647081629 2.3296855934417157e-18
0.010827658118386449 2.5546849761590865e-18
0.011080122057036918 2.801414639765453e-18
0.011338472590888495 3.071973279415745e-18
0.01160284697519928 3.368662280913694e-18
0.01187338566555036 3.694005295783947e-18
0.012150232392466372 4.050769708313388e-18
0.012433534237775993 4.441990174639817e-18
0.01272344171275288 4.870994436753156e-18
0.013020108838078586 5.341431626200656e-18
0.013323693225669961 5.857303305698968e-18
0.013634356162414448 6.42299750661482e-18
0.013952262695857842 7.043326052594045e-18
0.014277581721889965 7.723565489772238e-18
0.014610486074474885 8.469501969837775e-18
0.014951152617473332 9.287480465647222e-18
0.015299762338606094 1.0184458745403648e-17
0.015656500445608335 1.1168066551450547e-17
0.016021556464625875 1.2246670502395818e-17
0.016395124340905766 1.342944525867845e-17
0.016777402541834602 1.4726451561556457e-17
0.017168594162379338 1.6148721813558284e-17
0.01756890703298664 1.770835392128551e-17
0.017978553829998065 1.9418614190316516e-17
0.01839775218863974 2.1294050185185478e-17
0.01882672481864659 2.335061445719498e-17
0.01926569962258253 2.5605800249463502e-17
0.019714909816919448 2.807879028804441e-17
0.020174594055939365 3.0790619949226296e-17
0.02064499655852557 3.3764356200608923e-17
0.021126367237910063 3.702529379009898e-17
0.021618961834446313 4.060117041910941e-17
0.02212304205147776 4.452240268217046e-17
0.022638875694374342 4.882234477558703e-17
0.0231667368128109 5.353757223061867e-17
0.02370690584636297 5.8708193010292e-17
0.024259669773497434 6.437818867791208e-17
0.024825322264037063 7.059578850962115e-17
0.025404163835180054 7.74138797221903e-17
0.025996502011157406 8.489045735268545e-17
0.026602651486612925 9.308911755451815e-17
0.027222934293792744 1.0207959855331697e-16
0.027857679973633073 1.1193837383543339e-16
0.02850722575083718 1.227493026436997e-16
0.02917191671303455 1.346043432789323e-16
0.029852105994117403 1.4760433535562565e-16
0.030548154961852016 1.6185985744758937e-16
0.031260433409864494 1.7749216776004968e-16
0.031989319754103004 1.946342355355418e-16
0.0327352012338808 2.1343187203029884e-16
0.03349847411760691 2.340449709579412e-16
0.034279543913313774 2.5664886836631984e-16
0.03507882558409363 2.814358341728978e-16
0.03589674376855814 3.086167076012613e-16
0.03673373300643846 3.384226904725809e-16
0.037590237969445384 3.7110731402393e-16
0.038466713697512506 4.069485953764382e-16
0.03936362584054766 4.46251402317326e-16
0.04028145090582124 4.893500465187553e-16
0.04122067651112274 5.366111271054879e-16
0.04218180164382002 5.884366495819751e-16
0.043165336925959 6.452674440982358e-16
0.044171804885544536 7.075869165159596e-16
0.04520174023414663 7.759251592343014e-16
0.046255690150979495 8.508634611911988e-16
0.047334214573604344 9.33039251096116e-16
0.048437886495410414 1.023151520994033e-15
0.04956729227003216 1.1219667696200974e-15
0.05072303192286451 1.2303255249207095e-15
0.051905719469841495 1.3491494922351604e-15
0.05311598324364777 1.4794493942079846e-15
0.05435446622753626 1.6223335680742028e-15
0.05562182639692926 1.7790173942874444e-15
0.056918737068984544 1.950833633359099e-15
0.058245887260312136 2.139243762688257e-15
0.05960398205303182 2.345850409333258e-15
0.06099374296936585 2.5724109791582824e-15
0.06241590835496589 2.8208526081423008e-15
0.06387123377117784 3.0932885541531248e-15
0.06536049239645289 3.3920361703594982e-15
0.06688447543711816 3.719636619386818e-15
0.06844399254772507 4.078876488114737e-15
0.0700398722611988 4.472811488307773e-15
0.0716729624290174 4.904792452963442e-15
0.07334413067165428 5.378493831110321e-15
0.07505426483952363 5.897944953514577e-15
0.07680427348467332 6.467564295594693e-15
0.07859508634347626 7.0921970720100366e-15
0.08042765483057629 7.777156439962138e-15
0.08230295254435131 8.528268693921024e-15
0.08422197578416211 9.351922841577561e-15
0.08618574407966152 1.0255124922800159e-14
0.08819530073244539 1.1245557619068654e-14
0.09025171337033296 1.2331645606327737e-14
0.09235607451457113 1.3522627194587647e-14
0.09450950216026408 1.482863294705824e-14
0.09671314037033632 1.6260771805616312e-14
0.09896815988334524 1.783122562477721e-14
0.10127575873546546 1.9553352760608683e-14
0.10363716289697593 2.144180171637059e-14
0.10605362692358762 2.3512635727353848e-14
0.10852643462295801 2.5783469411640632e-14
0.11105689973674641 2.8273618617435433e-14
0.11364636663857243 3.1004264673231185e-14
0.11629621104824843 3.399863457915624e-14
0.1190078407626656 3.72821986057525e-14
0.12178269640372161 4.088288692266773e-14
0.12462225218368743 4.483132716595566e-14
0.1275280166884199 4.916110497127087e-14
0.13050153367883624 5.390904964627584e-14
0.1335443829110759 5.911554746877306e-14
0.13665818097578622 6.482488516294301e-14
0.13984458215697693 7.108562658470807e-14
0.14310527931090045 7.795102599799642e-14
0.14644200476542463 8.547948085044589e-14
0.14985653124037576 9.37350285715037e-14
0.15335067278934078 1.0278789121129072e-13
0.1569262857634292 1.1271507291020669e-13
0.1605852697975066 1.2360101473787816e-13
0.16432956881942368 1.355383131039942e-13
0.16816117208277714 1.486285073026614e-13
0.172082115223751 1.6298294315560223e-13
0.1760944813425998 1.7872372042570966e-13
0.1802004021103484 1.9598473064044785e-13
0.18440205890129596 2.1491279700858001e-13
0.18870168395192646 2.3566892273060715e-13
0.1931015615468407 2.584296601728572e-13
0.1976040292323402 2.833886135527878e-13
0.20221147905830805 3.1075808545465385e-13
0.20692635884904578 3.407708806373629e-13
0.21175117350374192 3.7368229103728233e-13
0.2166884863272632 4.097722618958116e-13
0.22174092039197504 4.4934777613727467e-13
0.22691115993131514 4.927454662228758e-13
0.23220195176586036 5.403344739958892e-13
0.2376161067626448 5.925195942201122e-13
0.24315650132850383 6.497447163015774e-13
0.24882607893823822 7.124966016482692e-13
0.25462785169840935 7.813090180622567e-13
0.2605649019475973 8.567672886398377e-13
0.26664038389397104 9.395132671507826e-13
0.27285752529104135 1.0302507923301796e-12
0.2792196291524867 1.129751683669682e-12
0.2857300755069626 1.238862299773172e-12
0.2923923231938275 1.358510743190185e-12
0.2992099117007387 1.4897147488671616e-12
0.3061864630440946 1.633590340853707e-12
0.31332568369332287 1.7913613403919235e-12
0.32063136654003577 1.9643697483919963e-12
0.3281073929131 2.1540871882972936e-12
0.3357577346406907 2.362127401572753e-12
0.343586456160426 2.5902599913393983e-12
0.3515977166787018 2.840425464810338e-12
0.359795772380376 3.114751741332365e-12
0.368184978689974 3.4155722608594277e-12
0.3767697925856183 3.745445806103694e-12
0.38555477496691104 4.107178308495142e-12
0.394544593078027 4.503846680176357e-12
0.4037440229873054 4.938825004324944e-12
0.4131579521246571 5.41581322657454e-12
0.42279138187813525 5.938868618846091e-12
0.43264943025104924 6.512440340186404e-12
0.4427373345810337 7.141407205315852e-12
0.4530604543225162 7.83111925826308e-12
0.4636242738940635 8.587443204876094e-12
0.47443440559211736 9.416812381066138e-12
0.48549659257266914 1.032628146568875e-11
0.4968167119024568 1.1323586385802755e-11
0.5084007776813051 1.2417210389327087e-11
0.5202549442372687 1.3616455744280757e-11
0.5323855093962742 1.493152337110172e-11
0.5447989178279997 1.6373599346817444e-11
0.557501764469769 1.7954949930669648e-11
0.5705007980302781 1.9689026255296464e-11
0.5838029245750183 2.1590578469968837e-11
0.5974152111952977 2.367578124044854e-11
0.6113448897628128 2.5962371420062467e-11
0.6255993607717623 2.8469798800923453e-11
0.6401861972705483 3.1219391859344594e-11
0.6551131488851486 3.423453851724596e-11
0.6703881459363026 3.7540886046000465e-11
0.686019303652694 4.116655810812283e-11
0.7020149264823721 4.514239521278258e-11
0.7183835125046995 4.950221573042122e-11
0.7351337579451718 5.428310473288964e-11
0.7522745617955077 5.952572836113683e-11
0.7698150305414633 6.527468116849754e-11
0.7877644830008832 7.157886355861568e-11
0.8061324552745581 7.849189917637503e-11
0.8249287058125218 8.607259143292491e-11
0.8441632205984669 9.438542139304337e-11
0.8638462184550629 1.035010985450537e-10
0.8839881564729563 1.1349716093456814e-10
0.9045997355663667 1.244586365777506e-10
0.9256919061582187 1.3647876374718381e-10
0.9472758739978306 1.4965978537499424e-10
0.9693631061142522 1.6411382171396326e-10
0.9919653369084147 1.7996381822887859e-10
1.0150945743873274 1.9734459639310394e-10
1.0387631065436362 2.1640399765419574e-10
1.0629835078839296 2.3730414318431556e-10
1.0877686461092637 2.6022280807042996e-10
1.1131316889514546 2.8535494313750303e-10
1.1390861111687691 3.1291432002036417e-10
1.16564570170473 3.43135363279841e-10
1.1928245710138414 3.7627513614893263e-10
1.2206371585581264 4.1261551945689535e-10
1.2490982404784545 4.524656365284436e-10
1.2782229374447416 4.961644442586547e-10
1.3080267226891875 5.440836538140644e-10
1.3385254302268237 5.966308693542164e-10
1.369735263267732 6.542530563955175e-10
1.4016728028254128 7.174403528750271e-10
1.4343550165258654 7.867302308889282e-10
1.4677992676220706 8.627120827683152e-10
1.5020233242186567 9.460322017559371e-10
1.5370453687116559 1.0373993247559074e-09
1.5728840074483612 1.1375906162692422e-09
1.6095582806124205 1.247458317579355e-09
1.6470876723394143 1.3679369438469593e-09
1.6854921210682972 1.5000513389581606e-09
1.7247920301341966 1.6449252237696058e-09
1.7650082786082029 1.8037909324750605e-09
1.8061622323899016 1.9779997836534267e-09
1.848275755558551 2.1690336060924795e-09
1.8913712219889245 2.3785173281014473e-09
1.935471527238 2.6082328477689093e-09
1.9806001007088037 2.860134120205102e-09
2.0267809180978715 3.136363868247574e-09
2.0740385141329463 3.4392716731111376e-09
2.1223979956076717 3.771434067735432e-09
2.171885054720213 4.135676493666581e-09
2.222525982722885 4.5350971920736296e-09
2.274347683890048 4.973093675648186e-09
2.327377689811681 5.4533915452358326e-09
2.3816441740202396 5.980076208526475e-09
2.437175966958554 6.55762778183696e-09
2.4940025712967335 7.190958806432269e-09
2.552154177606206 7.885456507008518e-09
2.611661680399223 8.64702824150891e-09
2.6725566945423505 9.482152207882812e-09
2.7348715720526675 1.0397931802577347e-08
2.7986394192855935 1.1402156616701955e-08
2.863894114523477 1.2503368837033149e-08
2.9306703259742912 1.3710935370149406e-08
2.999003530189995 1.503512770166879e-08
3.068930030914351 1.6487209610777486e-08
3.1404869783702067 1.807953261067431e-08
3.21371238899649 1.9825641085037168e-08
3.2886451656454048 2.1740387452841392e-08
3.3653251182505572 2.3840058865867402e-08
3.443792984976987 2.6142514942770813e-08
3.5240904538643507 2.8667340002214e-08
3.6062601849747473 3.143601168813878e-08
3.6903458330569543 3.4472079392762846e-08
3.77639207073912 3.780136848294326e-08
3.8644446122622242 4.145219803689918e-08
3.9545502377669295 4.545562148906609e-08
4.046756818146711 4.9845693389300114e-08
4.141113340480481 5.465975486733193e-08
4.237669934058216 5.993875643962e-08
4.336477897013409 6.572759779825698e-08
4.437589723576497 7.207552312103526e-08
4.541059131963759 7.90365251368026e-08
4.646941092916466 8.666981764951514e-08
4.755291858905486 9.504032586457275e-08
4.866168994016832 1.0421925348128603e-07
4.979631404534034 1.1428467678313233e-07
5.0957393702336 1.2532220889223216e-07
5.214554576410165 1.3742573696744937e-07
5.336140146648369 1.5069821960193927e-07
5.4605606763588606 1.65252547275645e-07
5.587882267096237 1.8121252089693312e-07
5.718172561677172 1.9871389581380695e-07
5.851500780117376 2.1790554585754522e-07
5.987937756406471 2.389507072940557e-07
6.127555976140354 2.620283962690146e-07
6.270429615030991 2.8733491495029426e-07
6.416634578314149 3.150855196331069e-07
6.566248541075969 3.455162645025169e-07
6.719350989519823 3.788859694108115e-07
6.87602326319537 4.154785048533413e-07
7.036348598212252 4.556051287118545e-07
7.200412171461376 4.99607152562629e-07
7.368301145867304 5.478588439159915e-07
