results/limits/BECCAL_h.dat
# %ECSV 1.0
# ---
# datatype:
# - {name: mx, unit: MeV, datatype: float64}
# - {name: sigma, unit: cm2, datatype: float64}
# schema: astropy-2.0
mx sigma
[from data line 2932]
0.4921963941108196 9.582073064514934e-22
0.4940134210758255 9.617529681484692e-22
0.495837155905884 9.65311966043512e-22
0.49766762336422543 9.688842026984272e-22
0.4995048483054937 9.724687683994269e-22
0.501348855676091 9.760676903005639e-22
0.5031996705145134 9.796787648636251e-22
0.5050573179516878 9.833037313503317e-22
0.5069218232113203 9.869422129928217e-22
0.5087932116102305 9.905933951147882e-22
0.5106715085587025 9.942590698546853e-22
0.5125567395608265 9.979372846473984e-22
0.5144489302148428 1.0016292863467082e-21
0.5163481062134958 1.005335108450944e-21
0.5182542933443749 1.0090545269955352e-21
0.520167517490272 1.0127876819226548e-21
0.5220878046295296 1.0165344250634591e-21
0.5240151808363909 1.020295074668824e-21
0.5259496722813602 1.0240699540643533e-21
0.5278913052315511 1.0278579572160429e-21
0.5298401060510496 1.0316600954599197e-21
0.5317961012012692 1.03547717650545e-21
0.5337593172413071 1.0393069247478492e-21
0.5357297808283122 1.0431515442937213e-21
0.5377075187178386 1.0470106551415158e-21
0.5396925577642161 1.0508830005759984e-21
0.5416849249209121 1.0547704659815897e-21
0.5436846472408939 1.058672269293388e-21
0.5456917518770038 1.0625878159094629e-21
0.5477062660823193 1.0665181326302144e-21
0.5497282172105302 1.070462936775841e-21
0.5517576327163075 1.0744222524034142e-21
0.5537945401556722 1.0783962672176861e-21
0.5558389671863776 1.0823847049673142e-21
0.5578909415682759 1.086387765607661e-21
0.5599504911637029 1.090405940579593e-21
0.5620176439378527 1.094439129038488e-21
0.5640924279591547 1.098486195848944e-21
0.566174871399662 1.102549051768015e-21
0.5682650025354252 1.106626831556275e-21
0.570362849746884 1.1107189473419671e-21
0.5724684415192495 1.114826800935828e-21
0.5745818064428873 1.11894995460363e-21
0.5767029732137138 1.1230878609374696e-21
0.5788319706335768 1.1272410152080438e-21
0.5809688276106544 1.1314094761284493e-21
0.5831135731598441 1.1355934107188874e-21
0.5852662364031536 1.1397926865418341e-21
0.5874268465701038 1.1440076797382722e-21
0.5895954329981168 1.1482381165221984e-21
0.5917720251329225 1.1524836145288996e-21
0.5939566525289545 1.1567452199852463e-21
0.5961493448497482 1.1610232304596705e-21
0.5983501318683518 1.1653156082217325e-21
0.6005590434677209 1.1696244058820701e-21
0.6027761096411328 1.1739495072688208e-21
0.6050013604925901 1.1782904066658481e-21
0.6072348262372257 1.1826469082363817e-21
0.6094765372017207 1.1870196477482416e-21
0.611726523824712 1.1914084310968861e-21
0.6139848166572027 1.1958134406390535e-21
0.6162514463629847 1.2002346531149754e-21
0.6185264437190455 1.2046722743006346e-21
0.6208098396159952 1.2091265408744001e-21
0.6231016650584817 1.213596823313495e-21
0.6254019511656078 1.218083278567553e-21
0.6277107291713634 1.2225867760671172e-21
0.6300280304250382 1.2271073307028173e-21
0.6323538863916577 1.2316435377217352e-21
0.6346883286524053 1.2361967373438033e-21
0.6370313889050484 1.2407669201565053e-21
0.639383098964377 1.2453539959099087e-21
0.6417434907626255 1.2499579759317634e-21
0.6441125963499157 1.2545789907824207e-21
0.646490447894688 1.2592167796686168e-21
0.6488770776841339 1.263871844341655e-21
0.651272518124644 1.2685443455762745e-21
0.6536768017422373 1.2732334703300624e-21
0.656089961183012 1.277939848917047e-21
0.6585120292135852 1.2826639454252325e-21
0.6609430387215334 1.2874057934191373e-21
0.6633830227158484 1.2921647678134648e-21
0.6658320143273752 1.2969410085073584e-21
0.668290046809271 1.3017350998065224e-21
0.6707571535374526 1.3065469800758154e-21
0.6732333680110455 1.3113764051960216e-21
0.6757187238528487 1.31622363986274e-21
0.6782132548097799 1.321088826560423e-21
0.6807169947533432 1.3259718907202123e-21
0.6832299776800855 1.3308729615474755e-21
0.6857522377120534 1.335792289912046e-21
0.6882838090972663 1.3407300490252415e-21
0.6908247262101708 1.3456854276984365e-21
0.6933750235521162 1.3506589779703988e-21
0.6959347357518203 1.3556510973866362e-21
0.6985038975658338 1.3606617114473437e-21
0.7010825438790228 1.3656909048238873e-21
0.7036707097050318 1.3707384632529323e-21
0.7062684301867675 1.3758045861410332e-21
0.7088757405968734 1.3808894613748975e-21
0.7114926763382035 1.3859930525548221e-21
0.7141192729443128 1.3911154211014207e-21
0.7167555660799292 1.396256774363933e-21
0.7194015915414472 1.401417281544732e-21
0.7220573852574098 1.4065969442218603e-21
0.724722983288992 1.411795249437251e-21
0.7273984218305006 1.4170127300133926e-21
0.7300837372098539 1.422249667808324e-21
0.7327789658890855 1.4275055763710593e-21
0.7354841444648347 1.4327811114169335e-21
0.7381993096688392 1.4380762511046202e-21
0.740924498368444 1.4433906569800956e-21
0.7436597475670902 1.4487248250201548e-21
0.7464050944048282 1.4540788395590359e-21
0.7491605761588167 1.459452341901151e-21
0.7519262302438255 1.4648454119867413e-21
0.7547020942127515 1.4702585278318262e-21
0.7574882057571246 1.4756917286200084e-21
0.7602846027076151 1.481145065434395e-21
0.7630913230345574 1.4866184304031344e-21
0.7659084048484539 1.492111941005673e-21
0.7687358864005033 1.497625954311395e-21
0.7715738060831145 1.5031599165384998e-21
0.7744222024304247 1.5087144549508407e-21
0.777281114118832 1.5142896126122628e-21
0.780150579967509 1.5198854423541883e-21
0.7830306389389406 1.5255015087680074e-21
0.7859213301394485 1.5311383133960826e-21
0.7888226928197172 1.5367960656407552e-21
0.7917347663753379 1.5424746084277868e-21
0.7946575903473314 1.5481741110475395e-21
0.7975912044226954 1.5538947092244733e-21
0.8005356484349392 1.5596361757713274e-21
0.8034909623646191 1.5653990082393984e-21
0.8064571863398934 1.5711830775567458e-21
0.8094343606370534 1.5769884588688987e-21
0.8124225256810823 1.5828152839640314e-21
0.8154217220461991 1.588663639611151e-21
0.8184319904564041 1.5945335744870702e-21
0.8214533717860446 1.6004252116845956e-21
0.824485907060355 1.60633856504153e-21
0.8275296374560268 1.6122736388558088e-21
0.8305846043017624 1.6182306415917444e-21
0.8336508490788309 1.6242094738238273e-21
0.8367284134216433 1.6302104520451233e-21
0.8398173391183045 1.6362335863026674e-21
0.8429176681111923 1.6422789626717363e-21
0.8460294424975221 1.6483466533334205e-21
0.8491527045299131 1.6544367268128786e-21
0.8522874966169741 1.6605493511630036e-21
0.8554338613238656 1.6666844251718897e-21
0.85859184137289 1.6728421626293002e-21
0.8617614796440664 1.6790224510693687e-21
0.864942819175707 1.685225655224386e-21
0.8681359031650153 1.6914517831674386e-21
0.8713407749686567 1.6977008425460176e-21
0.8745574781033607 1.7039729502268157e-21
0.8777860562465065 1.710268246694964e-21
0.8810265532367102 1.7165868924843463e-21
0.8842790130744328 1.7229284573355853e-21
0.8875434799225633 1.7292936706444036e-21
0.8908199981070312 1.7356822807475676e-21
0.8941086121174022 1.7420946766998255e-21
0.897409366607478 1.748530362283648e-21
0.9007223063959144 1.754989909205609e-21
0.9040474764668157 1.76147332991969e-21
0.9073849219703579 1.7679806790981967e-21
0.9107346882233969 1.7745120687289187e-21
0.9140968207100779 1.7810677546427234e-21
0.9174713650824642 1.7876473497493515e-21
0.9208583671611512 1.7942511962157788e-21
0.9242578729358836 1.800879597741176e-21
0.9276699285661923 1.8075324033780586e-21
0.9310945803820069 1.814209536187729e-21
0.9345318748842967 1.8209113741270566e-21
0.9379818587456982 1.82763795823725e-21
0.9414445788111414 1.834389414932785e-21
0.9449200820985005 1.841166035593043e-21
0.9484084157992164 1.847967277868195e-21
0.951909627278951 1.8547936658043754e-21
0.9554237640782246 1.8616455630042454e-21
0.9589508739130556 1.8685222133560893e-21
0.962491004675622 1.8754244117523496e-21
0.9660442044348964 1.8823521556047666e-21
0.9696105214373116 1.88930553941429e-21
0.973190004107411 1.8962847634194896e-21
0.9767827010484987 1.903289268780629e-21
0.980388661043315 1.9103199052545065e-21
0.9840079330546814 1.9173764222413506e-21
0.9876405662261802 1.9244588014603155e-21
0.9912866098828158 1.931567612437952e-21
0.9949461135316781 1.938702742898127e-21
0.9986191268626288 1.945863835447515e-21
1.00230569974896 1.953051243427749e-21
1.0060058822480866 1.9602654746574142e-21
1.0097197246022176 1.9675062834731337e-21
1.0134472772390344 1.9747736904016777e-21
1.017188590772389 1.982068108008666e-21
1.0209437160029746 1.989389118830648e-21
1.02471270391903 1.9967373766517313e-21
1.0284956056970258 2.004112889468339e-21
1.0322924727023535 2.011515555093972e-21
1.0361033564900362 2.018945165973458e-21
1.0399283088054132 2.026402513278425e-21
1.0437673815848574 2.0338873032862027e-21
1.0476206269564727 2.0413999371902315e-21
1.0514880972407972 2.048939751376098e-21
1.0553698449515274 2.0565076972222045e-21
1.0592659227962142 2.0641037636930944e-21
1.0631763836769945 2.071727711197258e-21
1.0671012806913023 2.079379564465689e-21
1.071040667132583 2.0870599174647334e-21
1.0749945964910326 2.0947684646759512e-21
1.0789631224543068 2.1025055389353754e-21
1.082946298908265 2.110271047852069e-21
1.0869441799376953 2.118065536768113e-21
1.0909568198270425 2.125888528942579e-21
1.0949842730611605 2.133740194159865e-21
1.0990265943260344 2.1416212135706693e-21
1.1030838385095387 2.1495310886405164e-21
1.107156060702176 2.1574702048227313e-21
1.1112433161978175 2.165438630664783e-21
1.1153456604944711 2.1734365228898152e-21
1.1194631492950156 2.181463624170478e-21
1.1235958385079732 2.1895206716895456e-21
1.1277437842482618 2.197607381650173e-21
1.1319070428379507 2.205723897445347e-21
1.1360856708070382 2.2138703447004564e-21
1.1402797248942131 2.2220469387858082e-21
1.1444892620476175 2.2302534919343586e-21
1.1487143394256367 2.2384908060294743e-21
1.1529550143976566 2.246757911340689e-21
1.1572113445448589 2.2550558113766592e-21
1.1614833876609962 2.263384307674092e-21
1.1657712017531694 2.2717435753540617e-21
1.1700748450426324 2.280133680880247e-21
1.1743943759655624 2.2885546327452313e-21
1.178729853173872 2.297006773818568e-21
1.1830813355359961 2.305490321953937e-21
1.1874488821376863 2.3140046558810462e-21
1.1918325522828288 2.322550759877709e-21
1.1962324054942297 2.331128347469244e-21
1.2006485015144421 2.3397375501036433e-21
1.2050809003065683 2.3483785139329806e-21
1.2095296620550675 2.3570513983712387e-21
1.2139948471665898 2.3657564612115457e-21
1.2184765162707767 2.3744932652256094e-21
1.2229747302211023 2.383262553119095e-21
1.2274895500956913 2.392064205646766e-21
1.2320210371981413 2.4008984107662397e-21
1.2365692530583727 2.4097648648221864e-21
1.2411342594334442 2.4186646287412768e-21
1.2457161183084082 2.427596540473519e-21
1.250314891897146 2.4365620317030088e-21
1.2549306426432045 2.445560168232172e-21
1.2595634332206616 2.454591623143376e-21
1.2642133265349567 2.4636564061499404e-21
1.2688803857237636 2.472755039658808e-21
1.2735646741578395 2.4818865206189927e-21
1.2782662554418778 2.4910524291452498e-21
1.2829851934153893 2.5002515930746985e-21
1.2877215521535497 2.509484936779259e-21
1.2924753959680864 2.5187522771171373e-21
1.2972467894081445 2.5280539529764684e-21
1.302035797261156 2.5373898621804515e-21
1.3068424845537365 2.5467602644980656e-21
1.3116669165525487 2.5561653524639938e-21
1.3165091587652054 2.565604949929564e-21
1.3213692769411525 2.5750794168709073e-21
1.326247337072553 2.5845888533958925e-21
1.331143405395202 2.5941335157650087e-21
1.3360575483894048 2.6037132752101137e-21
1.3409898327808978 2.613328397409913e-21
1.3459403255417468 2.622979071989008e-21
1.350909093891249 2.632665385832668e-21
1.3558962052968628 2.6423873119909668e-21
1.3609017274751043 2.6521453354319896e-21
1.3659257283924846 2.6619390460619702e-21
1.3709682762664246 2.671768763503791e-21
1.3760294395661734 2.6816350524847843e-21
1.3811092870137571 2.6915383282369552e-21
1.3862078875848893 2.701478349177625e-21
1.3913253105099284 2.7114534974874883e-21
1.3964616252748077 2.72146603036293e-21
1.4016169016219715 2.731515834207406e-21
1.406791209551339 2.7416029276733032e-21
1.411984619321246 2.7517267820957363e-21
1.4171972014493899 2.7618883461822082e-21
1.4224290267138078 2.772087146279048e-21
1.427680166153815 2.7823235379628298e-21
1.4329506910709888 2.792598015932718e-21
1.4382406730301285 2.8029102108014884e-21
1.4435501838602183 2.8132605656456924e-21
1.448879295655423 2.8236489720061355e-21
1.4542280807760442 2.8340759533063185e-21
1.4595966118495214 2.8445412072419314e-21
1.464984961771412 2.855045070550383e-21
1.47039320370637 2.8655879226488636e-21
1.4758214110891619 2.876169475162062e-21
1.4812696576256386 2.886790244928942e-21
1.4867380172937579 2.897449960478019e-21
1.49222656434458 2.908149187376769e-21
1.4977353733032661 2.918887939581266e-21
1.5032645189701124 2.9296663158580484e-21
1.5088140764215408 2.9404843904474673e-21
1.5143841210111393 2.9513424001117288e-21
1.5199747283706773 2.96224051077957e-21
1.525585974411122 2.97317896442921e-21
1.5312179353236917 2.9841576229462142e-21
1.5368706875808644 2.995176866310608e-21
1.5425443079374397 3.006236767762049e-21
1.5482388734315697 3.0173374181643563e-21
1.5539544613857972 3.0284791416331445e-21
1.5596911494081265 3.039661979002166e-21
1.5654490153930527 3.0508861177712184e-21
1.5712281375226413 3.0621517148590604e-21
1.5770285942675801 3.0734588447620887e-21
1.5828504643882353 3.0848075124897577e-21
1.588693826935743 3.096198213873856e-21
1.5945587612530576 3.1076310039496555e-21
1.6004453469760511 3.119106063430534e-21
1.6063536640345848 3.1306230329328102e-21
1.612283792653585 3.1421828525629513e-21
1.618235813354155 3.1537852775103272e-21
1.6242098069546427 3.1654304720627994e-21
1.6302058545717601 3.177118711545953e-21
1.636224037621676 3.1888501751807664e-21
1.6422644378211102 3.2006249589421653e-21
1.6483271371884676 3.212443303736912e-21
1.654412218044924 3.2243052406875584e-21
1.6605197630155693 3.2362107669027117e-21
1.6666498550305164 3.248160335048033e-21
1.6728025773260198 3.2601536855894102e-21
1.6789780134456278 3.2721914956343543e-21
1.6851762472412906 3.284273787143107e-21
1.6913973628745225 3.2964007293578456e-21
1.6976414448175343 3.3085724565591763e-21
1.7039085778543699 3.3207890908182847e-21
1.7101988470820824 3.3330509522351735e-21
1.7165123379118603 3.3453579907728297e-21
1.7228491360702134 3.357710394938115e-21
1.729209327600125 3.370108196932616e-21
1.7355929988622107 3.382551841127032e-21
1.742000236535911 3.395041533869659e-21
1.7484311276206592 3.407577281258046e-21
1.7548857594370502 3.420159300559614e-21
1.7613642196280528 3.4327878478831544e-21
1.7678665961601703 3.4454632163837824e-21
1.7743929773246596 3.4581849485968724e-21
1.7809434517387206 3.4709537543121226e-21
1.7875181083466876 3.483769574512374e-21
1.7941170364212622 3.4966334168277594e-21
1.8007403255646972 3.5095437992184654e-21
1.8073880657100387 3.5225020092730805e-21
1.8140603471223353 3.5355081516750206e-21
1.8207572603998536 3.548562294438812e-21
1.8274788964753343 3.561664619154867e-21
1.8342253466171967 3.574815599474307e-21
1.840996702430804 3.588014912458841e-21
1.8477930558596969 3.601262969952619e-21
1.8546144991868294 3.614559858291385e-21
1.861461125035849 3.627905931235333e-21
1.8683330263723243 3.641301173776204e-21
1.8752302965050336 3.654745861650798e-21
1.88215302908722 3.668240125680217e-21
1.8891013181178526 3.6817843440657184e-21
1.8960752579429287 3.6953785915795775e-21
1.9030749432567249 3.7090228061677765e-21
1.9101004691031092 3.7227174130132935e-21
1.91715193087682 3.736462745364399e-21
1.9242294243247506 3.750258858786555e-21
1.9313330455472755 3.764105379565315e-21
1.9384628909995247 3.778003193746005e-21
1.9456190574927201 3.7919524181976745e-21
1.9528016421954795 3.805953383470418e-21
1.9600107426351225 3.820005992657099e-21
1.967246456699024 3.8341102847808265e-21
1.9745088826359105 3.84826675401384e-21
1.981798119057223 3.86247510384875e-21
1.9891142649384423 3.87673608525705e-21
1.9964574196204234 3.891049989059173e-21
2.0038276828107704 3.905416898776143e-21
2.0112251545851585 3.9198365305907796e-21
2.0186499353887224 3.93430883922683e-21
2.0261021260374066 3.948835212564743e-21
