results/limits/BECCAL_l_phase.dat
# %ECSV 1.0
# ---
# datatype:
# - {name: mx, unit: MeV, datatype: float64}
# - {name: sigma_10, unit: cm2, datatype: float64}
# - {name: sigma_9, unit: cm2, datatype: float64}
# - {name: sigma_7, unit: cm2, datatype: float64}
# - {name: sigma_6, unit: cm2, datatype: float64}
# - {name: sigma_5, unit: cm2, datatype: float64}
# - {name: sigma_4, unit: cm2, datatype: float64}
# - {name: sigma_3, unit: cm2, datatype: float64}
# - {name: sigma_2, unit: cm2, datatype: float64}
# schema: astropy-2.0
mx sigma_10 sigma_9 sigma_7 sigma_6 sigma_5 sigma_4 sigma_3 sigma_2
[from data line 479]
0.019714909816919448 9.281185217413684e-38 2.2489335174322615e-37 1.3440905365030127e-32 8.322909590181659e-29 8.10441607948654e-25 7.836424358908445e-21 1.1126375909865972e-17 2.775114688971697e-17
0.020174594055939365 9.336927045151899e-38 2.279857483279134e-37 1.4689859080979412e-32 9.116192438779039e-29 8.88702477794288e-25 8.593259603338875e-21 1.2200953392718047e-17 3.043133298337513e-17
0.02064499655852557 9.393339239023077e-38 2.3115661677251227e-37 1.6053018768776715e-32 9.985570691072602e-29 9.745212076214702e-25 9.423189410013224e-21 1.3379312807943814e-17 3.3370369553850904e-17
0.021126367237910063 9.450433831233044e-38 2.344086979876425e-37 1.7540542307804418e-32 1.0938369054606672e-28 1.0686277055411296e-24 1.0333273196195894e-20 1.4671477339021942e-17 3.6593256191843466e-17
0.021618961834446313 9.508223138643521e-38 2.377448510395986e-37 1.9163459228934994e-32 1.1982618497689825e-28 1.1718223726512503e-24 1.1331252173861885e-20 1.608843820324081e-17 4.012740693542947e-17
0.02212304205147776 9.56671977022273e-38 2.4116805911916896e-37 2.0933743547025492e-32 1.3127124405085454e-28 1.2849829111706871e-24 1.242561519719072e-20 1.7642248144071548e-17 4.400288345656236e-17
0.022638875694374342 9.625936635864858e-38 2.44681435857143e-37 2.286439286983614e-32 1.438154130858618e-28 1.409071789580714e-24 1.3625670964587003e-20 1.9346123945901225e-17 4.825265075093177e-17
0.0231667368128109 9.68588695582196e-38 2.4828823200526036e-37 2.4969514402422617e-32 1.5756454843420166e-28 1.5451444298564224e-24 1.4941627204700123e-20 2.121455886487128e-17 5.291285756034201e-17
0.02370690584636297 9.746584268475436e-38 2.5199184250598682e-37 2.7264418530160114e-32 1.7263471605838589e-28 1.6943581842835573e-24 1.6384677499256535e-20 2.32634459027064e-17 5.802314383942449e-17
0.024259669773497434 9.808042441253836e-38 2.5579581397601483e-37 2.976572075247993e-32 1.8915317693668079e-28 1.8579821800026904e-24 1.796709649848793e-20 2.5510212996619823e-17 6.362697794315083e-17
0.024825322264037063 9.870275678820205e-38 2.5970385263408125e-37 3.249145281755452e-32 2.072594675913972e-28 2.037408114163088e-24 1.970234433078923e-20 2.797397126347937e-17 6.977202637397843e-17
0.025404163835180054 9.933298534406453e-38 2.6371983269913317e-37 3.546118399726984e-32 2.27106584894653e-28 2.2341620911915395e-24 2.160518109163936e-20 3.0675677554834e-17 7.651055922281142e-17
0.025996502011157406 9.997125920042246e-38 2.678478052886385e-37 3.8696153550442203e-32 2.4886228535892233e-28 2.449917604226469e-24 2.36917923988134e-20 3.3638312724213983e-17 8.389989479914867e-17
0.026602651486612925 1.0061773116087472e-37 2.72092007855149e-37 4.221941553807769e-32 2.7271050978653303e-28 2.6865097693438207e-24 2.5979927064508784e-20 3.6887077098413515e-17 9.200288717100327e-17
0.027222934293792744 1.0127255784352358e-37 2.764568741936412e-37 4.605599724792888e-32 2.988529455204617e-28 2.945950935019178e-24 2.848904806866987e-20 4.0449604834240017e-17 1.0088846080851453e-16
0.027857679973633073 1.0193589978237358e-37 2.80947045058285e-37 5.023307264661965e-32 3.2751073950275817e-28 3.2304477987762536e-24 3.124049810972028e-20 4.4356198972733356e-17 1.1063219685070556e-16
0.02850722575083718 1.0260792154577705e-37 2.855673794325221e-37 5.478015240692079e-32 3.58926376789487e-28 3.5424201774508865e-24 3.425768114895841e-20 4.8640089201699594e-17 1.2131697601079183e-16
0.02917191671303455 1.0328879187817816e-37 2.903229664942173e-37 5.972929219875179e-32 3.9336574039427546e-28 3.8845215897306714e-24 3.7566261483170466e-20 5.333771450536827e-17 1.330336835543723e-16
0.029852105994117403 1.0397868380333053e-37 2.9521913832547046e-37 6.511532110654113e-32 4.311203702088506e-28 4.259661828384891e-24 4.119438206140617e-20 5.84890331375281e-17 1.4588198242720454e-16
0.030548154961852016 1.046777747781363e-37 3.002614834169481e-37 7.097609219861521e-32 4.725099395826327e-28 4.6710317078900835e-24 4.5172903842047816e-20 6.413786246834353e-17 1.5997116089321895e-16
0.031260433409864494 1.0538624681932995e-37 3.0545586102513116e-37 7.735275749923255e-32 5.17884971602013e-28 5.1221302078043504e-24 4.953566832141994e-20 7.033225173086647e-17 1.7542106223018564e-16
0.031989319754103004 1.0610428664748975e-37 3.1080841643779503e-37 8.42900697839424e-32 5.676298173242966e-28 5.616794234287503e-24 5.431978538494814e-20 7.712489072131294e-17 1.9236310410042524e-16
0.0327352012338808 1.0683208583931877e-37 3.163255972163372e-37 9.183671380312118e-32 6.221659214650819e-28 6.159231254751031e-24 5.956594894706909e-20 8.457355795469834e-17 2.109413963301567e-16
0.03349847411760691 1.0756984097926904e-37 3.22014170479612e-37 1.0004566998483528e-31 6.8195540412697005e-28 6.754055091214097e-24 6.53187831419547e-20 9.274161219749548e-17 2.3131396687880145e-16
0.034279543913313774 1.083177538146246e-37 3.278812413097656e-37 1.0897461355093079e-31 7.475049873170659e-28 7.406325159930379e-24 7.162722184638072e-20 1.0169853132633774e-16 2.5365410584781296e-16
0.03507882558409363 1.0907603142270696e-37 3.3393427235157287e-37 1.1868635269809227e-31 8.193703015577115e-28 8.121589510052883e-24 7.854492494667685e-20 1.1152050335714541e-16 2.7815183961175546e-16
0.03589674376855814 1.0984488638820737e-37 3.4018110470174353e-37 1.2924930951529307e-31 8.981606079330312e-28 8.905932014599671e-24 8.61307347664968e-20 1.2229107449586891e-16 3.050155471713722e-16
0.03673373300643846 1.1062453696833346e-37 3.4662998017453526e-37 1.407380476727597e-31 9.845439758336642e-28 9.766024116358965e-24 9.44491765497262e-20 1.3410185974012608e-16 3.3447373251964043e-16
0.037590237969445384 1.114152072869673e-37 3.532895650453747e-37 1.5323385159797388e-31 1.0792529616713717e-27 1.0709181580953035e-23 1.0357100737234231e-19 1.470533222418151e-16 3.6677696850984586e-16
0.038466713697512506 1.1221712752309174e-37 3.601689753873005e-37 1.668253617610932e-31 1.183090835073386e-27 1.1743426722289506e-23 1.135738179829252e-19 1.6125562781952134e-16 4.0220002816052404e-16
0.03936362584054766 1.1303053410505573e-37 3.672778041089789e-37 1.8160927153536086e-31 1.2969384064485104e-27 1.2877556638956314e-23 1.2454269278069875e-19 1.7682958201644804e-16 4.4104422184352686e-16
0.04028145090582124 1.1385566992149897e-37 3.746261498271428e-37 1.9769109151576466e-31 1.4217615140143638e-27 1.4121218042212308e-23 1.3657093354713543e-19 1.9390765767769753e-16 4.836399602433418e-16
0.04122067651112274 1.1469278453282836e-37 3.822246477120795e-37 2.1518598762501674e-31 1.5586192335360985e-27 1.548498930784776e-23 1.4976085304645692e-19 2.126351217296481e-16 5.303495647439687e-16
0.04218180164382002 1.1554213439369558e-37 3.900845024480888e-37 2.342197001978868e-31 1.7086728829725043e-27 1.6980470473601655e-23 1.6422464547515407e-19 2.3317127107202447e-16 5.81570349962136e-16
0.043165336925959 1.1640398307708536e-37 3.982175234778866e-37 2.549295510950278e-31 1.8731958912424253e-27 1.8620381874064215e-23 1.8008534045282935e-19 2.5569078708461644e-16 6.377380021264119e-16
0.044171804885544536 1.172786015304315e-37 4.066361626999624e-37 2.7746554832703783e-31 2.053584627721995e-27 2.0418672378603284e-23 1.974778498929924e-19 2.8038522200792353e-16 6.993302863731804e-16
0.04520174023414663 1.1816626830043214e-37 4.1535355480598155e-37 3.0199159613245905e-31 2.2513702702678362e-27 2.2390638010232368e-23 2.1655011527781847e-19 3.0746462788056053e-16 7.668711096043859e-16
0.046255690150979495 1.1906726981277222e-37 4.243835604747489e-37 3.286868218158409e-31 2.468231825580916e-27 2.4553052082776096e-23 2.3746436633728676e-19 3.3715934365216824e-16 8.409349778629252e-16
0.047334214573604344 1.1998190062910792e-37 4.337408126217887e-37 3.5774702904110574e-31 2.7060104001608738e-27 2.69243078390172e-23 2.6039850063723325e-19 3.6972195396667003e-16 9.221518818842233e-16
0.048437886495410414 1.2091046372925446e-37 4.434407659717807e-37 3.8938629138829584e-31 2.966724857883091e-27 2.952457494890705e-23 2.8554759722122065e-19 4.054294382794282e-16 1.0112126573741864e-15
0.04956729227003216 1.2185327079998763e-37 4.534997501918086e-37 4.238386973768324e-31 3.252588978028643e-27 3.237597100644167e-23 3.131255753188148e-19 4.445855259443279e-16 1.1088748590125557e-15
0.05072303192286451 1.2281064253760393e-37 4.639350268834271e-37 4.613602641244262e-31 3.566030285229762e-27 3.550274973851037e-23 3.4336701469121454e-19 4.875232807987492e-16 1.2159692068645458e-15
0.051905719469841495 1.2378290896735976e-37 4.747648507315467e-37 5.022310330998213e-31 3.909710685481945e-27 3.893150726730678e-23 3.765291505901109e-19 5.346079336699906e-16 1.333406651152383e-15
0.05311598324364777 1.247704097592777e-37 4.860085351530124e-37 5.46757366937209e-31 4.286549098964826e-27 4.2691408332774323e-23 4.12894061769038e-19 5.862399889838004e-16 1.4621861206859606e-15
0.05435446622753626 1.2577349457620209e-37 4.9768652279236275e-37 5.952744664333254e-31 4.699746279171781e-27 4.681443436920403e-23 4.527710698670501e-19 6.428586314861022e-16 1.6034030198288064e-15
0.05562182639692926 1.2679252342388991e-37 5.0982046128720806e-37 6.481491289177387e-31 5.152812031839027e-27 5.1335655570401824e-23 4.9649937080872e-19 7.049454623889191e-16 1.7582585471062294e-15
0.056918737068984544 1.2782786702103043e-37 5.2243328469464564e-37 7.057827703348234e-31 5.649595055571414e-27 5.629352916147076e-23 5.444509196733001e-19 7.730285953999291e-16 1.928069911426838e-15
0.058245887260312136 1.2887990718190985e-37 5.355493010826998e-37 7.686147373841272e-31 6.194315669086728e-27 6.173022652553187e-23 5.9703359464751465e-19 8.476871490038951e-16 2.1142815366262425e-15
0.05960398205303182 1.2994903721615476e-37 5.49194286772901e-37 8.371259378655008e-31 6.791601702086808e-27 6.76919919540655e-23 6.54694666840527e-19 9.295561730170007e-16 2.3184773491641335e-15
0.06099374296936585 1.3103566234235305e-37 5.633955877893531e-37 9.11842817607092e-31 7.446527839576975e-27 7.422953591889321e-23 7.179246039906702e-19 1.0193320492113998e-15 2.542394248236246e-15
0.06241590835496589 1.3214020012104239e-37 5.78182229132075e-37 9.9334172100635e-31 8.164658782830149e-27 8.139846649542565e-23 7.872612431694456e-19 1.1177784158538927e-15 2.7879368826207413e-15
0.06387123377117784 1.3326308091137716e-37 5.9358503251764006e-37 1.082253669144047e-30 8.952096568421919e-27 8.925976235082092e-23 8.632943654994465e-19 1.2257326630368613e-15 3.057193851181317e-15
0.06536049239645289 1.3440474833497793e-37 6.0963674331417304e-37 1.1792695958368885e-30 9.815532452806463e-27 9.788029137062196e-23 9.46670712285635e-19 1.3441130547419854e-15 3.3524554665526653e-15
0.06688447543711816 1.3556565977125491e-37 6.2637216744415635e-37 1.2851460888308344e-30 1.0762303821834217e-26 1.0733337951490868e-22 1.0380994869641345e-18 1.473926540683247e-15 3.676233239257342e-15
0.06844399254772507 1.3674628686277346e-37 6.438283191275099e-37 1.4007116809813855e-30 1.1800456586601382e-26 1.1769943451784454e-22 1.1383583874939476e-18 1.616277321289764e-15 4.031281240286422e-15
0.0700398722611988 1.3794711605640487e-37 6.620445803744432e-37 1.526873745770883e-30 1.293881360027656e-26 1.290666297743507e-22 1.248300220875871e-18 1.7723762392114522e-15 4.420619525174251e-15
0.0716729624290174 1.3916864914995747e-37 6.810628732679874e-37 1.6646260581162252e-30 1.418704970179872e-26 1.4153165447017123e-22 1.3688601583744804e-18 1.9435510805154397e-15 4.847559827002542e-15
0.07334413067165428 1.4041140388510667e-37 7.009278461485485e-37 1.8150570782531457e-30 1.5555773971505738e-26 1.5520053580520096e-22 1.5010636880230373e-18 2.1312578659070538e-15 5.315733718700795e-15
0.07505426483952363 1.4167591453752335e-37 7.2168707489218955e-37 1.9793590381548618e-30 1.705661998529173e-26 1.7018954117192805e-22 1.6460353404506541e-18 2.3370932399385577e-15 5.8291235139221775e-15
0.07680427348467332 1.4296273256270304e-37 7.43391280665583e-37 2.1588378956479378e-30 1.870234472040785e-26 1.8662616681891013e-22 1.805008251188953e-18 2.5628080478782054e-15 6.392096130154078e-15
0.07859508634347626 1.4427242724285859e-37 7.660945655597251e-37 2.3549242531955904e-30 2.0506937078460693e-26 2.0465022265035772e-22 1.9793346528028724e-18 2.810322232773423e-15 7.0094402446261175e-15
0.08042765483057629 1.4560558639303605e-37 7.898546677439346e-37 2.569185320948964e-30 2.2485736825165165e-26 2.2441502115582885e-22 2.1704973741634034e-18 3.081741162486315e-15 7.686407016821847e-15
0.08230295254435131 1.469628170600907e-37 8.147332378623954e-37 2.8033380349553967e-30 2.4655565051647763e-26 2.4608868151327565e-22 2.3801224536719577e-18 3.3793735383533894e-15 8.428754755840679e-15
0.08422197578416211 1.483447462985533e-37 8.407961385823837e-37 3.059263444203855e-30 2.703486728255717e-26 2.698555601132399e-22 2.609992975224452e-18 3.705751039930248e-15 9.24279791786258e-15
0.08618574407966152 1.4975202192988645e-37 8.68113769426055e-37 3.339022468419838e-30 2.964387027494294e-26 2.959178179433413e-22 2.8620642278824542e-18 4.063649849177967e-15 1.0135460791272336e-14
0.08819530073244539 1.5118531338656856e-37 8.967614191354654e-37 3.6448731883685854e-30 3.2504754088648786e-26 3.24497140630542e-22 3.1384803420434556e-18 4.456114271030173e-15 1.111433641052794e-14
0.09025171337033296 1.5264531255905093e-37 9.268196481442724e-37 3.979289796667053e-30 3.564184073527665e-26 3.558366242108877e-22 3.4415925285203077e-18 4.8864826298219225e-15 1.218775114643016e-14
0.09235607451457113 1.5413273469384954e-37 9.583747038708994e-37 4.344983367228399e-30 3.908180097418032e-26 3.9020284230456395e-22 3.773979072165037e-18 5.35841565687679e-15 1.3364835509781178e-14
0.09450950216026408 1.5564831933865214e-37 9.91518971905887e-37 4.7449246449467676e-30 4.2853881255417735e-26 4.278881146867601e-22 4.138467273384073e-18 5.875927643772602e-15 1.4655601853134307e-14
0.09671314037033632 1.5719283131872386e-37 1.026351466401527e-36 5.182369004108623e-30 4.699015232980618e-26 4.692129924552053e-22 4.5381574845674866e-18 6.4434205700331385e-15 1.6071029491287863e-14
0.09896815988334524 1.5876706177372393e-37 1.0629783633324606e-36 5.660883840713984e-30 5.1525782130782915e-26 5.145289858267572e-22 4.9764494932157805e-18 7.065721562736104e-15 1.762315813216675e-14
0.10127575873546546 1.6037182922053444e-37 1.1015135806228548e-36 6.184378582361927e-30 5.649933479360942e-26 5.642215532160793e-22 5.457071432175954e-18 7.748123944191868e-15 1.932519025698673e-14
0.10363716289697593 1.6200798069322407e-37 1.1420794095910408e-36 6.757137606162789e-30 6.195309870375976e-26 6.18713380503094e-22 5.9841114965710745e-18 8.49643226465533e-15 2.119160343979559e-14
0.10605362692358762 1.6367639291905433e-37 1.1848072024903791e-36 7.383856319691531e-30 6.793344612172102e-26 6.784679759531392e-22 6.562052713709297e-18 9.317011669755928e-15 2.323827347856708e-14
0.10852643462295801 1.653779735528422e-37 1.2298381215420661e-36 8.069680730239989e-30 7.44912276365195e-26 7.439936133016101e-22 7.195811080424992e-18 1.0216842049115425e-14 2.5482609451422346e-14
0.11105689973674641 1.6711366247444351e-37 1.2773239552681931e-36 8.820250830296268e-30 8.168220471171188e-26 8.15847655628203e-22 7.890777383400647e-18 1.1203577414179811e-14 2.7943701815435043e-14
0.11364636663857243 1.6888443314500316e-37 1.3274280085851746e-36 9.641748143951848e-30 8.956752380534274e-26 8.946412948277064e-22 8.652863039121234e-18 1.2285610983254001e-14 3.0642484740209206e-14
0.11629621104824843 1.7069129403645459e-37 1.3803260736981442e-36 1.054094788378407e-29 9.821423650489423e-26 9.81044751066665e-22 9.488550382792154e-18 1.34721465833175e-14 3.360191419662469e-14
0.1190078407626656 1.7253529011117638e-37 1.4362074896216612e-36 1.1525276138664689e-29 1.0769586990922883e-25 1.0757929745347932e-21 1.0404947815430912e-17 1.4773276949630657e-14 3.684716324989132e-14
