results/limits/BECCAL_f_9.dat
# %ECSV 1.0
# ---
# datatype:
# - {name: mx, unit: MeV, datatype: float64}
# - {name: sigma_9, unit: cm2, datatype: float64}
# schema: astropy-2.0
mx sigma_9
3.162277660168379e-07 9.463080716448873e-36
3.2360111549336787e-07 9.738423459596834e-36
3.311463862505236e-07 1.0024174688057773e-35
3.388675869043115e-07 1.0320665182574936e-35
3.4676881953794695e-07 1.0628231026063615e-35
3.548542818811901e-07 1.0947212489784587e-35
3.6312826954049566e-07 1.1277953116004828e-35
3.715951782811629e-07 1.1620798903681393e-35
3.8025950636269697e-07 1.1976098855953708e-35
3.89125856928623e-07 1.234420234690419e-35
3.9819894045202297e-07 1.2725460434295463e-35
4.0748357723809307e-07 1.3120223494740807e-35
4.169846999850535e-07 1.352883946822599e-35
4.2670735640476865e-07 1.395165134542229e-35
4.3665671190447213e-07 1.4388994470156464e-35
4.4683805233101997e-07 1.4841192533172913e-35
4.572567867791303e-07 1.530855555560726e-35
4.6791845046510194e-07 1.5791376920447995e-35
4.788287076675383e-07 1.628993057256203e-35
4.899933547366384e-07 1.6804469556605526e-35
5.014183231736547e-07 1.733522340287291e-35
5.131096827821533e-07 1.7882395271172342e-35
5.250736448927506e-07 1.844615828761175e-35
5.373165656630395e-07 1.902665109244912e-35
5.4984494945446e-07 1.9623973196075568e-35
5.626654522879044e-07 2.023818035617207e-35
5.757848853798981e-07 2.086928056788082e-35
5.892102187612295e-07 2.151723059084366e-35
6.029485849799565e-07 2.2181932724089197e-35
6.17007282890752e-07 2.2863231246186534e-35
6.313937815326057e-07 2.3560908260066782e-35
6.461157240969403e-07 2.427467899106457e-35
6.611809319882495e-07 2.500418702952635e-35
6.765974089794179e-07 2.5749000304738483e-35
6.923733454639272e-07 2.6508607930575647e-35
7.085171228072106e-07 2.728241774043537e-35
7.250373177994646e-07 2.8069753955943094e-35
7.419427072122865e-07 2.8869854528321477e-35
7.592422724615558e-07 2.968186853905654e-35
7.769452043790388e-07 3.0504854199924424e-35
7.950609080952509e-07 3.133777808055118e-35
8.135990080361694e-07 3.217951554523879e-35
8.325693530364543e-07 3.302885142707004e-35
8.519820215718901e-07 3.388448139506285e-35
8.718473271138315e-07 3.474501328900883e-35
8.921758236084957e-07 3.560896988225314e-35
9.12978311084014e-07 3.6474792887470443e-35
9.342658413882192e-07 3.7340847910487124e-35
9.560497240602198e-07 3.8205429975438926e-35
9.78341532338879e-07 3.906676955057335e-35
1.0011531093113902e-06 3.992303969193224e-35
1.0244965742052174e-06 4.077236423119676e-35
1.048384328826741e-06 4.161282683194713e-35
1.0728290641500308e-06 4.244248037893511e-35
1.0978437670592484e-06 4.325935705221174e-35
1.1234417272482566e-06 4.4061478930506974e-35
1.149636544281106e-06 4.4846869433729625e-35
1.1764421348171486e-06 4.561356468367253e-35
1.2038727400046132e-06 4.635962510242889e-35
1.2319429330465773e-06 4.7083147287386826e-35
1.2606676269433496e-06 4.7782275662811693e-35
1.2900620824153782e-06 4.845521415027111e-35
1.3201419160108953e-06 4.910023726933515e-35
1.3509231084026028e-06 4.971570099872794e-35
1.38242201287781e-06 5.030005296290701e-35
1.4146553640265304e-06 5.085184197221838e-35
1.447640286632156e-06 5.136972672735408e-35
1.4813943047694329e-06 5.185248365023276e-35
1.5159353511145682e-06 5.229901372292199e-35
1.5512817764724183e-06 5.270834827535526e-35
1.587452359525819e-06 5.30796536688349e-35
1.6244663168122348e-06 5.341223483608335e-35
1.6623433129330315e-06 5.370553765883005e-35
1.7011034710007933e-06 5.395915018356984e-35
1.740767383330235e-06 5.417280268434207e-35
1.7813561223783898e-06 5.43463666027773e-35
1.8228912519398869e-06 5.447985241306507e-35
1.8653948386032614e-06 5.457340646494195e-35
1.908889463474389e-06 5.462730687599847e-35
1.9533982341732686e-06 5.464195855085236e-35
1.9989447971105317e-06 5.461788741690492e-35
2.045553350050195e-06 5.455573397082789e-35
2.0932486549653353e-06 5.445624622107908e-35
2.1420560511935146e-06 5.432027214946611e-35
2.192001468898943e-06 5.414875176862344e-35
2.2431114428485372e-06 5.39427088934016e-35
2.2954131265091837e-06 5.370324270862371e-35
2.3489343064737076e-06 5.343151923845374e-35
2.403703417223201e-06 5.312876279551108e-35
2.4597495562335635e-06 5.279624749791116e-35
2.5171024994342686e-06 5.243528892530224e-35
2.575792717027583e-06 5.204723598337207e-35
2.635851389676631e-06 5.16334630354113e-35
2.6973104250709106e-06 5.119536235302743e-35
2.760202474878063e-06 5.073433692949972e-35
2.8245609520908932e-06 5.025179369156526e-35
2.8904200487788716e-06 4.974913713779485e-35
2.9578147542535346e-06 4.922776342439447e-35
3.026780873657441e-06 4.868905491240958e-35
3.097355046986562e-06 4.8134375184238696e-35
3.1695747685562034e-06 4.7565064531144173e-35
3.2434784069208122e-06 4.6982435908924566e-35
3.319105225258239e-06 4.638777135358425e-35
3.3964954022292982e-06 4.578231884552687e-35
3.4756900533236943e-06 4.5167289606905836e-35
3.5567312527036693e-06 4.4543855814473435e-35
3.6396620555569646e-06 4.391314870725807e-35
3.7245265209709786e-06 4.3276257067354433e-35
3.811369735340273e-06 4.263422605031821e-35
3.900237836319859e-06 4.198805634097629e-35
3.991178037336996e-06 4.1338703609981595e-35
4.0842386526745176e-06 4.0687078246207824e-35
4.179469123139017e-06 4.00340453404507e-35
4.2769200423275275e-06 3.9380424896130407e-35
4.376643183506652e-06 3.8726992243580243e-35
4.478691527118417e-06 3.807447863517146e-35
4.583119288927478e-06 3.7423571999608085e-35
4.689981948824612e-06 3.6774917834792886e-35
4.799336280301815e-06 3.612912021980792e-35
4.911240380614659e-06 3.5486742927780964e-35
5.0257537016479225e-06 3.484831062261428e-35
5.142937081500915e-06 3.4214310123835513e-35
5.262852776809252e-06 3.3585191725264826e-35
5.385564495820272e-06 3.296137055393778e-35
5.511137432239651e-06 3.23432279576183e-35
5.639638299867211e-06 3.173111291001005e-35
5.771135368040315e-06 3.112534342387489e-35
5.905698497903673e-06 3.0526207963573197e-35
6.043399179524854e-06 2.99339668493359e-35
6.184310569875183e-06 2.93488536465963e-35
6.32850753169624e-06 2.877107653456275e-35
6.47606667327258e-06 2.82008196490484e-35
6.627066389131828e-06 2.763824439532699e-35
6.781586901693754e-06 2.708349072749333e-35
6.939710303890459e-06 2.653667839144124e-35
7.101520602780329e-06 2.5997908129134274e-35
7.267103764178904e-06 2.5467262842348393e-35
7.436547758330399e-06 2.494480871453507e-35
7.609942606644117e-06 2.443059628986256e-35
7.787380429520604e-06 2.3924661508871567e-35
7.968955495292936e-06 2.3427026700518098e-35
8.15476427030917e-06 2.2937701530654315e-35
8.344905470182516e-06 2.2456683907237275e-35
8.539480112236516e-06 2.1983960842765225e-35
8.738591569173047e-06 2.1519509274625048e-35
8.942345623991688e-06 2.1063296844192725e-35
9.150850526189614e-06 2.061528263566544e-35
9.364217049271877e-06 2.0175417875701648e-35
9.58255854960264e-06 1.9743646595023713e-35
9.805991026628606e-06 1.9319906253205074e-35
1.0034633184506672e-05 1.8904128327915872e-35
1.0268606495168497e-05 1.8496238869941607e-35
1.0508035262855554e-05 1.8096159025307445e-35
1.07530466901589e-05 1.7703805525847016e-35
1.1003770945598772e-05 1.7319091149556996e-35
1.1260341232779899e-05 1.6941925152076013e-35
1.1522893861159297e-05 1.6572213670612792e-35
1.1791568318464117e-05 1.620986010162378e-35
1.206650734479802e-05 1.5854765453514057e-35
1.2347857008475478e-05 1.550682867560985e-35
1.263576678362426e-05 1.5165946964618502e-35
1.293038962959737e-05 1.4832016049752085e-35
1.3231882072236462e-05 1.4504930457654454e-35
1.3540404287030327e-05 1.4184583758232627e-35
1.3856120184212054e-05 1.3870868792454916e-35
1.4179197495840522e-05 1.356367788313265e-35
1.4509807864912299e-05 1.326290302966346e-35
1.484812693655133e-05 1.2968436087673606e-35
1.5194334451324849e-05 1.2680168934453405e-35
1.5548614340735104e-05 1.2397993621039664e-35
1.5911154824937624e-05 1.2121802511760042e-35
1.6282148512737936e-05 1.1851488412013924e-35
1.6661792503919872e-05 1.1586944685025796e-35
1.7050288493959805e-05 1.1328065358271283e-35
1.7447842881182494e-05 1.1074745220238434e-35
1.785466687641539e-05 1.0826879908152267e-35
1.8270976615199758e-05 1.0584365987257711e-35
1.869699327261814e-05 1.0347101022222154e-35
1.91329431807992e-05 1.0114983641189187e-35
1.957905794916243e-05 9.887913592983973e-36
2.003557458746648e-05 9.665791797942836e-36
2.0502735631726606e-05 9.448520392812291e-36
2.0980789273068064e-05 9.236002770136133e-36
2.1469989489583918e-05 9.028143612525151e-36
2.1970596181267336e-05 8.824848922179731e-36
2.2482875308090033e-05 8.626026046013552e-36
2.3007099031300245e-05 8.43158369670513e-36
2.354354585801526e-05 8.241431969983845e-36
2.4092500789185385e-05 8.055482358437712e-36
2.4654255471007912e-05 7.873647762112336e-36
2.5229108349871537e-05 7.695842496153239e-36
2.5817364830913554e-05 7.521982295727393e-36
2.641933744027406e-05 7.351984318444813e-36
2.7035345991133382e-05 7.185767144486404e-36
2.7665717753620915e-05 7.023250774630858e-36
2.8310787628685666e-05 6.864356626360365e-36
2.8970898326020842e-05 6.709007528213134e-36
2.964640054613707e-05 6.557127712539129e-36
3.033765316668089e-05 6.408642806804946e-36
3.104502343309761e-05 6.263479823583636e-36
3.176888715373972e-05 6.121567149355977e-36
3.25096288995246e-05 5.9828345322405655e-36
3.326764220824756e-05 5.8472130687625105e-36
3.4043329793658724e-05 5.714635189761726e-36
3.483710375941493e-05 5.5850346455355066e-36
3.5649385818020195e-05 5.458346490302675e-36
3.648060751487119e-05 5.334507066070362e-36
3.73312104575266e-05 5.213453985978517e-36
3.820164655032238e-05 5.0951261171916584e-36
3.90923782344573e-05 4.9794635634021025e-36
4.0003878733676586e-05 4.866407647004081e-36
4.093663230568398e-05 4.755900890993487e-36
4.1891134499415887e-05 4.647887000643807e-36
4.2867892418314344e-05 4.542310845004845e-36
4.386742498973848e-05 4.439118438267029e-36
4.489026324065786e-05 4.3382569210306236e-36
4.5936950579773975e-05 4.2396745415161204e-36
4.700804308621986e-05 4.1433206367487964e-36
4.8104109804991236e-05 4.049145613747834e-36
4.922573304926602e-05 3.9571009307476625e-36
5.0373508709772956e-05 3.867139078476883e-36
5.154804657137365e-05 3.7792135615176565e-36
5.27499706370262e-05 3.6932788797665716e-36
5.397991945930254e-05 3.609290510015906e-36
5.5238546479635675e-05 3.527204887672418e-36
5.6526520375476976e-05 3.446979388629105e-36
5.784452541554797e-05 3.368572311303862e-36
5.9193261823375433e-05 3.2919428588573965e-36
6.057344614930286e-05 3.217051121601575e-36
6.198581165117595e-05 3.143858059607978e-36
6.34311086839044e-05 3.0723254855254024e-36
6.491010509810695e-05 3.0024160476138722e-36
6.642358664805138e-05 2.9340932130018807e-36
6.797235740910648e-05 2.867321251172493e-36
6.955724020492732e-05 2.8020652176832695e-36
7.117907704460117e-05 2.7382909381240765e-36
7.283872956998614e-05 2.6759649923161912e-36
7.453707951348025e-05 2.6150546987554267e-36
7.627502916646401e-05 2.555528099301428e-36
7.805350185866558e-05 2.4973539441146773e-36
7.987344244870308e-05 2.4405016768423186e-36
8.173581782606456e-05 2.3849414200533614e-36
8.364161742479263e-05 2.3306439609234462e-36
8.559185374914618e-05 2.2775807371689392e-36
8.758756291151902e-05 2.2257238232298305e-36
8.96298051829007e-05 2.1750459167004328e-36
9.17196655561724e-05 2.125520325006788e-36
9.385825432253677e-05 2.0771209523292655e-36
9.604670766138824e-05 2.0298222867686213e-36
9.828618824393714e-05 1.98359938775366e-36
0.00010057788585090809 1.9384278736883287e-36
0.00010292301800464121 1.8942839098359465e-36
0.00010532283061593165 1.8511441964381425e-36
0.00010777859864595113 1.8089859570658933e-36
0.00011029162678360347 1.7677869271999202e-36
0.00011286325013867351 1.727525343037666e-36
0.00011549483495113791 1.6881799305238895e-36
0.00011818777931701482 1.6497298946018942e-36
0.0001209435139311377 1.612154908682294e-36
0.00012376350284724815 1.5754351043262255e-36
0.00012664924425581149 1.53955106113977e-36
0.00012960227127996844 1.5044837968764005e-36
0.00013262415279004548 1.4702147577441764e-36
0.00013571649423705693 1.4367258089144068e-36
0.0001388809385056415 1.4039992252284927e-36
0.00014211916678688624 1.3720176820996242e-36
0.00014543289947150178 1.3407642466060473e-36
0.0001488238970638237 1.3102223687725278e-36
0.00015229396111712465 1.2803758730367917e-36
0.00015584493519073535 1.2512089498975457e-36
0.00015947870582948208 1.2227061477408826e-36
0.00016319720356596128 1.194852364841734e-36
0.00016700240394618395 1.1676328415371787e-36
0.00017089632857913436 1.1410331525683566e-36
0.000174881046210801 1.1150391995877962e-36
0.00017895867382325032 1.0896372038290122e-36
0.0001831313777593269 1.0648136989352085e-36
0.00018740137487357792 1.040555523944025e-36
0.00019177093371001327 1.0168498164252398e-36
0.000196242375707327 9.93684005768399e-37
0.00020081807643222024 9.710458066174055e-37
0.00020550046684148122 9.489232124491134e-37
0.0002102920345734925 9.273044892929967e-37
0.0002151953252698519 9.061781695890597e-37
0.00022021294392780895 8.85533046181147e-37
0.00022534755628423554 8.653581664428699e-37
0.0002306018902318662 8.456428265334184e-37
0.00023597873726856003 8.26376565780556e-37
0.0002414809539803547 8.075491611881548e-37
0.0002471114635590999 7.89150622065659e-37
0.00025287325735547713 7.711711847769093e-37
0.00025876939646823026 7.536013076058157e-37
0.00026480301337045197 7.36431665736405e-37
0.000270977313573789 7.1965314634479725e-37
0.00027729557733145163 7.032568438007498e-37
0.00028376116138093086 6.872340549763923e-37
0.0002903775007273506 6.715762746598819e-37
0.00029714811046840066 6.562751910717016e-37
0.00030407658766182135 6.413226814813937e-37
0.00031116661323643183 6.2671080792255816e-37
0.0003184219539477161 6.124318130039715e-37
0.00032584646437900766 5.984781158147576e-37
0.00033344408898933415 5.848423079215414e-37
0.0003412188642090111 5.715171494555885e-37
0.0003491749205840977 5.58495565287958e-37
0.0003573164849708539 5.457706412907403e-37
0.0003656478827813646 5.33335620682491e-37
0.0003741735402815245 5.211839004560047e-37
0.0003828979869426037 5.093090278866196e-37
0.000391825857847644 4.97704697119271e-37
0.000400961896153964 4.8636474583255996e-37
0.0004103109556130814 4.752831519781231e-37
0.0004198780031493915 4.644540305936433e-37
0.00042966812149897106 4.5387163068786625e-37
0.000439686511909911 4.4353033219601395e-37
0.0004499384969056106 4.334246430040438e-37
0.00046042952311250296 4.235491960402091e-37
0.0004711651641537129 4.138987464324242e-37
0.00048215112361018567 4.044681687299693e-37
0.0004933932380508582 3.9525245418808946e-37
0.0005048974801334842 3.8624670811409305e-37
0.0005166699617777604 3.774461472735628e-37
0.0005287169374124361 3.688460973553424e-37
0.0005410448072981404 3.604419904939729e-37
0.0005536601209276797 3.5222936284829812e-37
0.0005665695805056229 3.4420385223497304e-37
0.0005797800445090163 3.363611958156448e-37
0.0005932985313311235 3.2869722783660035e-37
0.000607132223010125 3.2120787741969387e-37
0.0006212884690447563 3.138891664034166e-37
0.0006357747902989163 3.067372072329574e-37
0.0006505988829973161 2.9974820089817136e-37
0.0006657686228142928 2.929184349183618e-37
0.0006812920690579615 2.862442813728308e-37
0.0006971774689519261 2.7972219497615632e-37
0.0007134332620168255 2.7334871119719367e-37
0.0007300680845540431 2.6712044442080975e-37
0.0007470907742339592 2.6103408615138664e-37
0.0007645103747911887 2.5508640325715136e-37
0.0007823361408292924 2.4927423625440394e-37
0.00080057754273752 2.435944976307496e-37
0.0008192442717221943 2.3804417020644443e-37
0.0008383462449554094 2.326203055329982e-37
0.0008578936108437789 2.273200223281876e-37
0.0008778967544200344 2.221405049466557e-37
0.000898366302860337 2.1707900188529394e-37
0.0009193131311302326 2.1213282432261434e-37
0.0009407483677622533 2.0729934469134712e-37
0.000962683400768232 2.025759952835044e-37
0.000985129883689471 1.9796026688718064e-37
0.0010080997417879817 1.934497074543627e-37
0.0010316051783820807 1.890419207990534e-37
0.0010556586813297128 1.8473456532501534e-37
0.0010802730296629402 1.8052535278246506e-37
0.001105461300377127 1.7641204705306144e-37
0.0011312368753784248 1.7239246296254378e-37
0.0011576134485932472 1.684644651203929e-37
