results/limits/BECCAL_l.dat
# %ECSV 1.0
# ---
# datatype:
# - {name: mx, unit: MeV, datatype: float64}
# - {name: sigma_10, unit: cm2, datatype: float64}
# - {name: sigma_9, unit: cm2, datatype: float64}
# - {name: sigma_7, unit: cm2, datatype: float64}
# - {name: sigma_6, unit: cm2, datatype: float64}
# - {name: sigma_5, unit: cm2, datatype: float64}
# - {name: sigma_4, unit: cm2, datatype: float64}
# - {name: sigma_3, unit: cm2, datatype: float64}
# - {name: sigma_2, unit: cm2, datatype: float64}
# schema: astropy-2.0
mx sigma_10 sigma_9 sigma_7 sigma_6 sigma_5 sigma_4 sigma_3 sigma_2
[from data line 239]
7.805350185866558e-05 2.5599467832870454e-39 3.3479613344936786e-39 8.695235816947214e-39 3.263192946947826e-38 1.4398615072151099e-36 1.1160017131386588e-33 1.2788169742294814e-30 3.171590066717328e-30
7.987344244870308e-05 2.5075254665781345e-39 3.28178916042951e-39 8.565039981404409e-39 3.2603910434919424e-38 1.4811722270737608e-36 1.1867915484019795e-33 1.370040736284223e-30 3.3981974110651005e-30
8.173581782606456e-05 2.4561913089986515e-39 3.216955609637877e-39 8.437308586737708e-39 3.2584952657823767e-38 1.523988325045217e-36 1.2623793069804671e-33 1.4677831381758346e-30 3.640989339815279e-30
8.364161742479263e-05 2.4059215508236023e-39 3.1534331970935657e-39 8.31199650410916e-39 3.257515646845931e-38 1.5683751742957644e-36 1.3431001574551418e-33 1.5725101902246545e-30 3.901119953835052e-30
8.559185374914618e-05 2.356693912384547e-39 3.091195008486396e-39 8.189059527230587e-39 3.257462943362332e-38 1.6144016446234656e-36 1.4293129881105362e-33 1.684721203993059e-30 4.179824415895532e-30
8.758756291151902e-05 2.3084865838813274e-39 3.0302146882656114e-39 8.068454354871769e-39 3.258348655162255e-38 1.6621403058577996e-36 1.5214020962585714e-33 1.8049511779168282e-30 4.4784287577564644e-30
8.96298051829007e-05 2.2612782154110516e-39 2.9704664279367516e-39 7.950138573757007e-39 3.2601850454588127e-38 1.7116676441935226e-36 1.6197789983633138e-33 1.9337733360513762e-30 4.798351582009304e-30
9.17196655561724e-05 2.215047907210098e-39 2.9119249546052657e-39 7.834070641840504e-39 3.2629851618190747e-38 1.7630642923910464e-36 1.7248843696137493e-33 2.0718018545759908e-30 5.141109984867464e-30
9.385825432253677e-05 2.1697752001038348e-39 2.854565519761907e-39 7.720209871956892e-39 3.266762857881385e-38 1.8164152748375196e-36 1.8371901222071634e-33 2.2196947984924312e-30 5.508333793316778e-30
9.604670766138824e-05 2.1254400661604478e-39 2.798363888304592e-39 7.608516415838264e-39 3.2715328158228e-38 1.871810268529036e-36 1.9572016322613e-33 2.3781572389634727e-30 5.9017656903672976e-30
9.828618824393714e-05 2.0820228995438173e-39 2.743296327792165e-39 7.498951248492532e-39 3.277310569579063e-38 1.9293438811049282e-36 2.085460125991737e-33 2.5479446076537907e-30 6.323270096217625e-30
0.00010057788585090809 2.039504507561679e-39 2.6893395979241857e-39 7.391476152936753e-39 3.284112528818265e-38 1.989115947141313e-36 2.222545236545811e-33 2.729866303963857e-30 6.774849221907613e-30
0.00010292301800464121 1.9978661019044225e-39 2.6364709402432008e-39 7.286053705278638e-39 3.2919560036671083e-38 2.0512318439924978e-36 2.369077743693409e-33 2.9247895237140197e-30 7.258641920667295e-30
0.00010532283061593165 1.957089290070914e-39 2.5846680680534455e-39 7.182647260142324e-39 3.3008592301873434e-38 2.115802828556898e-36 2.525722509460133e-33 3.133643395475706e-30 7.7769417923602e-30
0.00010777859864595113 1.9171560669768324e-39 2.533909156552632e-39 7.081220936430129e-39 3.310841396597209e-38 2.1829463964387862e-36 2.6931916237104355e-33 3.357423391342225e-30 8.332204746306078e-30
0.00011029162678360347 1.878048806742294e-39 2.484172833171466e-39 6.981739603417623e-39 3.321922670230797e-38 2.2527866650793563e-36 2.8722477746982974e-33 3.5971960517774366e-30 8.927058921357763e-30
0.00011286325013867351 1.8397502546540372e-39 2.4354381681167374e-39 6.88416886717483e-39 3.334124225226289e-38 2.3254547825407087e-36 3.0637078606764117e-33 3.854104059344376e-30 9.564320834167374e-30
0.00011549483495113791 1.802243519299206e-39 2.3876846651135643e-39 6.788475057308926e-39 3.347468270931082e-38 2.4010893637450958e-36 3.268446859801832e-33 4.1293716568813784e-30 1.0247005314773346e-29
0.00011818777931701482 1.7655120648666855e-39 2.3408922523429905e-39 6.694625214024961e-39 3.3619780810099646e-38 2.4798369560998317e-36 3.487401976814922e-33 4.424310458845679e-30 1.0978339710577498e-29
0.0001209435139311377 1.7295397036124603e-39 2.2950412735703543e-39 6.602587075497058e-39 3.377678023239476e-38 2.561852536575982e-36 3.7215770862876326e-33 4.7403256777538746e-30 1.1761780965045934e-29
0.00012376350284724815 1.6943105884854512e-39 2.250112479460177e-39 6.512329065548027e-39 3.394593589969978e-38 2.6473000424578402e-36 3.9720474936534265e-33 5.078922784156785e-30 1.2601029208946157e-29
0.00012664924425581149 1.6598092059105286e-39 2.206087019074429e-39 6.423820281631527e-39 3.412751429233544e-38 2.7363529381394815e-36 4.23996503675223e-33 5.441714650976306e-30 1.3500048849375428e-29
0.00012960227127996844 1.6260203687251808e-39 2.1629464315496682e-39 6.337030483113963e-39 3.432179376474664e-38 2.8291948205171728e-36 4.526563552245144e-33 5.830429175680707e-30 1.4463075400037496e-29
0.00013262415279004548 1.5929292092666536e-39 2.1206726379490985e-39 6.251930079850092e-39 3.452906486877559e-38 2.92602006571074e-36 4.833164733009098e-33 6.246917504188383e-30 1.5494656674476126e-29
0.00013571649423705693 1.560521172606248e-39 2.079247933286557e-39 6.168490121050335e-39 3.4749630682627455e-38 3.027034520046027e-36 5.161184404468131e-33 6.693162755934425e-30 1.659965089279924e-29
0.0001388809385056415 1.528782009927728e-39 2.0386549787180877e-39 6.086682284435044e-39 3.4983807145236716e-38 3.132456238443455e-36 5.512139249844549e-33 7.171289413053365e-30 1.7783254255986006e-29
0.00014211916678688624 1.497697772046752e-39 1.9988767938979763e-39 6.006478865672308e-39 3.5231923395731283e-38 3.242516273586935e-36 5.8876540164473104e-33 7.683573423182389e-30 1.90510502845725e-29
0.00014543289947150178 1.467254803068108e-39 1.9598967494955488e-39 5.927852768096205e-39 3.5494322117682956e-38 3.357459519492848e-36 6.28946923739402e-33 8.232452870128607e-30 2.0408988306638793e-29
0.0001488238970638237 1.4374397341781812e-39 1.921698559869493e-39 5.85077749270196e-39 3.5771359887833385e-38 3.47754561336241e-36 6.719449505671528e-33 8.820539547702585e-30 2.186344308098479e-29
0.00015229396111712465 1.4082394775693772e-39 1.884266275896042e-39 5.775227128415253e-39 3.606340752898814e-38 3.603049899883265e-36 7.179592340036977e-33 9.450631336116226e-30 2.3421261005528493e-29
0.00015584493519073535 1.3796412204938876e-39 1.8475842779483478e-39 5.701176342632699e-39 3.6370850466796236e-38 3.7342644624490366e-36 7.67203768509064e-33 1.0125725303506596e-29 2.508973725560481e-29
0.00015947870582948208 1.3516324194439834e-39 1.8116372690231982e-39 5.6286003720305415e-39 3.669408909013933e-38 3.871499226090252e-36 8.199078090921003e-33 1.0849031873155551e-29 2.6876671343119274e-29
0.00016319720356596128 1.3242007944562581e-39 1.7764102680123367e-39 5.5574750136397345e-39 3.7033539114906427e-38 4.0150831372577375e-36 8.763169620937333e-33 1.162399007863914e-29 2.879046049225236e-29
0.00016700240394618395 1.297334323536851e-39 1.7418886031153073e-39 5.487776616184425e-39 3.7389631950976206e-38 4.165365425972544e-36 9.366943539954677e-33 1.2454283603006095e-29 3.084005238723941e-29
0.00017089632857913436 1.2710212372053501e-39 1.7080579053907052e-39 5.4194820716815834e-39 3.776281507228878e-38 4.322716956254807e-36 1.0013218838393765e-32 1.3343858078352743e-29 3.3034972836565696e-29
0.000174881046210801 1.2452500131548454e-39 1.6749041024428702e-39 5.352568807300739e-39 3.8153552389970597e-38 4.487531671172341e-36 1.0705015652434462e-32 1.4296939939833954e-29 3.538551920525229e-29
0.00017895867382325032 1.2200093710253509e-39 1.6424134122414513e-39 5.287014777480866e-39 3.8562324628582716e-38 4.660228139306246e-36 1.1445569644139116e-32 1.531805601109478e-29 3.790265532788073e-29
0.0001831313777593269 1.1952882672885777e-39 1.6105723370706758e-39 5.222798456303606e-39 3.8989629705672364e-38 4.841251209921233e-36 1.2238347410297135e-32 1.641205465768664e-29 4.0598016399387823e-29
0.00018740137487357792 1.1710758902413225e-39 1.5793676576056885e-39 5.15989883012082e-39 3.943598311495761e-38 5.0310737846522125e-36 1.3087062993624402e-32 1.7584129026649694e-29 4.3484216719168647e-29
0.00019177093371001327 1.147361655105446e-39 1.5487864271134865e-39 5.098295390435921e-39 3.990191831363906e-38 5.230198714079592e-36 1.399569557504056e-32 1.883984093869881e-29 4.657465839720484e-29
0.000196242375707327 1.1241351992318378e-39 1.5188159657755654e-39 5.0379681270371785e-39 4.0387987114523567e-38 5.4391608281660654e-36 1.4968508431645615e-32 2.0185146893646435e-29 4.98835855522256e-29
0.00020081807643222024 1.1013863774065167e-39 1.489443855129636e-39 4.978897521382517e-39 4.089476008386673e-38 5.6585291101693245e-36 1.6010069250953646e-32 2.1626426472712218e-29 5.342641960189734e-29
0.00020550046684148122 1.07910525725641e-39 1.460657932628349e-39 4.9210645402354613e-39 4.1422826946088086e-38 5.8889090243315685e-36 1.712527189824829e-32 2.3170511511056095e-29 5.721948318632353e-29
0.0002102920345734925 1.0572821147527175e-39 1.4324462863118923e-39 4.8644506295507825e-39 4.1972796996793227e-38 6.130945008381837e-36 1.8319359741209945e-32 2.4824718364319982e-29 6.128028722357497e-29
0.0002151953252698519 1.0359074298099504e-39 1.4047972495927753e-39 4.809037708610671e-39 4.2545299525842574e-38 6.38532314267098e-36 1.9597950643083335e-32 2.6596882020219596e-29 6.562758042962752e-29
0.00022021294392780895 1.0149718819783922e-39 1.3776993961496284e-39 4.754808164410813e-39 4.314098425255336e-38 6.652774008600007e-36 2.0967063743748645e-32 2.849539230307223e-29 7.028130207283455e-29
0.00022534755628423554 9.944663462280872e-40 1.3511415349287016e-39 4.701744846296766e-39 4.3760521775487647e-38 6.934075749899049e-36 2.2433148156672715e-32 3.052923331732289e-29 7.526287033241208e-29
0.0002306018902318662 9.74381888822438e-40 1.3251127052496178e-39 4.6498310608504506e-39 4.440460403968058e-38 7.230057351273935e-36 2.4003113718642938e-32 3.2708024828252204e-29 8.059510208269328e-29
0.00023597873726856003 9.54709763279384e-40 1.2996021720143133e-39 4.599050567028089e-39 4.507394482460131e-38 7.541602149962897e-36 2.568436393922192e-32 3.5042067000741045e-29 8.63023597907766e-29
0.0002414809539803547 9.354414064183704e-40 1.2745994210161506e-39 4.5493875715501195e-39 4.576928025658559e-38 7.869651596842283e-36 2.748483130720578e-32 3.7542388211395153e-29 9.241071292232528e-29
0.0002471114635590999 9.165684344913447e-40 1.2500941543474945e-39 4.5008267245438824e-39 4.6491369349974884e-38 8.215209284891346e-36 2.94130151226369e-32 4.022079591505866e-29 9.894797057038849e-29
0.00025287325735547713 8.980826393957892e-40 1.2260762859036983e-39 4.4533531154407e-39 4.724099458168744e-38 8.579345264079525e-36 3.1478022035037925e-32 4.3089931334827764e-29 1.059438895769344e-28
0.00025876939646823026 8.799759849682216e-40 1.20253593698116e-39 4.406952269128682e-39 4.801896250447685e-38 8.963200663077191e-36 3.368960948131402e-32 4.6163327265609686e-29 1.1343003769391729e-28
0.00026480301337045197 8.622406033563654e-40 1.17946343196775e-39 4.361610142363058e-39 4.882610440465983e-38 9.367992639623009e-36 3.6058232230851815e-32 4.945547125003499e-29 1.2144042451440947e-28
0.000270977313573789 8.44868791468359e-40 1.1568492941235409e-39 4.317313120435971e-39 4.966327701063297e-38 9.795019682910457e-36 3.859509225972955e-32 5.298187133926015e-29 1.300111674523116e-28
0.00027729557733145163 8.278530074972543e-40 1.1346842414500179e-39 4.274048014108237e-39 5.053136325903638e-38 1.0245667292992248e-35 4.1312192192263286e-32 5.675912677919732e-29 1.3918051678907941e-28
0.00028376116138093086 8.111858675193565e-40 1.1129591826457045e-39 4.2318020568051205e-39 5.143127312594494e-38 1.0721414063949561e-35 4.4222392565131974e-32 6.080500614769677e-29 1.4899006432404317e-28
0.0002903775007273506 7.948601421646716e-40 1.0916652131466458e-39 4.190562902079681e-39 5.236394453098695e-38 1.1223838199447112e-35 4.7339473186706545e-32 6.51385255704135e-29 1.5948339094598387e-28
0.00029714811046840066 7.788687533580531e-40 1.0707936112497973e-39 4.1503186213456454e-39 5.333034432276724e-38 1.1754624491291845e-35 5.067819888515087e-32 6.978003653091497e-29 1.7070698229212658e-28
0.00030407658766182135 7.6320477112944e-40 1.0503358343175267e-39 4.111057701884307e-39 5.433146935443671e-38 1.2315571793758967e-35 5.42543899587367e-32 7.47513204521524e-29 1.8271133245607079e-28
0.00031116661323643183 7.478614104918174e-40 1.0302835150616787e-39 4.072769045128272e-39 5.536834765865026e-38 1.290860102873836e-35 5.80849976639296e-32 8.007568399334408e-29 1.9554935706982212e-28
0.0003184219539477161 7.328320283853201e-40 1.010628457905436e-39 4.035441965226422e-39 5.644203973153464e-38 1.3535763759209144e-35 6.218818510213498e-32 8.577806473129636e-29 2.09276929668843e-28
0.00032584646437900766 7.1811012068618374e-40 9.913626354212843e-40 3.999066187893823e-39 5.755363993557793e-38 1.4199251371176637e-35 6.658341389099565e-32 9.188514854164213e-29 2.239554300928452e-28
0.00033344408898933415 7.036893192791497e-40 9.724781848435456e-40 3.963631849551655e-39 5.870427803161236e-38 1.4901404907020542e-35 7.129153703233992e-32 9.84254842856782e-29 2.3964918325198043e-28
0.0003412188642090111 6.895633891918772e-40 9.53967404653986e-40 3.9291294967616516e-39 5.989512085023062e-38 1.564472559621799e-35 7.633489842076315e-32 1.0542960970432797e-28 2.564248525500119e-28
0.0003491749205840977 6.7572622579017575e-40 9.358227512387165e-40 3.8955500859601546e-39 6.112737411308054e-38 1.6431886132635386e-35 8.173743946811024e-32 1.129301986028014e-28 2.7435700797825365e-28
0.0003573164849708539 6.621718520326149e-40 9.180368356151569e-40 3.8628849834974984e-39 6.240228441452275e-38 1.726574275104666e-35 8.752481334942617e-32 1.2096219728528767e-28 2.935235218722518e-28
0.0003656478827813646 6.488944157834259e-40 9.006024202274216e-40 3.83112596598826e-39 6.372114137409697e-38 1.8149348159252884e-35 9.37245074170227e-32 1.295629755690772e-28 3.140040346308856e-28
0.0003741735402815245 6.358881871822397e-40 8.835124158087373e-40 3.8002652209786416e-39 6.508527997012678e-38 1.9085965386153956e-35 1.0036597436741007e-31 1.3877250891660033e-28 3.3588871145291513e-28
0.0003828979869426037 6.231475560696474e-40 8.667598783093986e-40 3.7702953479374545e-39 6.649608306463981e-38 2.007908261040539e-35 1.0748077278176765e-31 1.4863354047329296e-28 3.5927097677288154e-28
0.000391825857847644 6.106670294672663e-40 8.503380058891268e-40 3.741209359577397e-39 6.79549841295479e-38 2.1132429038872248e-35 1.1510271771303888e-31 1.5919176575363648e-28 3.8424680870431345e-28
0.000400961896153964 5.984412291112034e-40 8.342401359721005e-40 3.7130006835139305e-39 6.946347018377754e-38 2.2249991909017553e-35 1.2326804203789795e-31 1.7049605163299319e-28 4.109245054853322e-28
0.0004103109556130814 5.864648890377773e-40 8.184597423637232e-40 3.685663164269162e-39 7.102308495075313e-38 2.3436034694641782e-35 1.320155693368152e-31 1.8259862844408499e-28 4.394143471562531e-28
0.0004198780031493915 5.74732853220345e-40 8.02990432427478e-40 3.659191065628704e-39 7.263543224533926e-38 2.4695116600064656e-35 1.4138689913124831e-31 1.955553257877809e-28 4.698343078914893e-28
0.00042966812149897106 5.632400732562123e-40 7.878259443209545e-40 3.6335790733596075e-39 7.430217959906752e-38 2.603211343392565e-35 1.5142660535683607e-31 2.0942581741398303e-28 5.0231171130680795e-28
0.000439686511909911 5.5198160610252585e-40 7.729601442894396e-40 3.608822298298109e-39 7.602506213222985e-38 2.7452239960316356e-35 1.621824490161887e-31 2.242738639592624e-28 5.369775170852299e-28
0.0004499384969056106 5.409526118600713e-40 7.58387024016175e-40 3.584916279816058e-39 7.7805886681223e-38 2.8961073831981305e-35 1.7370560602724288e-31 2.40167602805307e-28 5.739750209439882e-28
0.00046042952311250296 5.301483516039965e-40 7.441006980279262e-40 3.561856989675361e-39 7.964653618942443e-38 3.0564581217848863e-35 1.8605091134575898e-31 2.571798223739501e-28 6.134531197847774e-28
0.0004711651641537129 5.195641852605028e-40 7.300954011546698e-40 3.5396408362802285e-39 8.154897436988717e-38 3.2269144245251343e-35 1.9927712052754784e-31 2.7538827551483146e-28 6.555694754415291e-28
