results/limits/BECCAL_l.dat
# %ECSV 1.0
# ---
# datatype:
# - {name: mx, unit: MeV, datatype: float64}
# - {name: sigma_10, unit: cm2, datatype: float64}
# - {name: sigma_9, unit: cm2, datatype: float64}
# - {name: sigma_7, unit: cm2, datatype: float64}
# - {name: sigma_6, unit: cm2, datatype: float64}
# - {name: sigma_5, unit: cm2, datatype: float64}
# - {name: sigma_4, unit: cm2, datatype: float64}
# - {name: sigma_3, unit: cm2, datatype: float64}
# - {name: sigma_2, unit: cm2, datatype: float64}
# schema: astropy-2.0
mx sigma_10 sigma_9 sigma_7 sigma_6 sigma_5 sigma_4 sigma_3 sigma_2
[from data line 964]
1411.3984938541882 5.4745241352538925e-36 4.349618246472063e-32 2.126817003185383e-27 2.836358555638379e-25 3.0852482762028564e-22 1.7327475088653256e-19 4.47061613199568e-18 2.841843775118127e-18
1444.3074773913293 5.865365738165394e-36 4.6160936248642204e-32 2.1772199115026142e-27 2.9287690352598116e-25 3.267615033354721e-22 1.777490475566826e-19 4.575108617104997e-18 2.9074061315933853e-18
1477.9837858208825 6.28409084325752e-36 4.8971442291433163e-32 2.228845608130736e-27 3.0248964622339323e-25 3.4604171287821605e-22 1.823198459610277e-19 4.681966344000587e-18 2.9745842071184567e-18
1512.445310533807 6.73268479649178e-36 5.193401634708304e-32 2.2817255997488968e-27 3.124922045582872e-25 3.664178489441173e-22 1.86989464677856e-19 4.791310375006118e-18 3.0434480781522777e-18
1547.71036008708 7.213273781412629e-36 5.505510267930873e-32 2.3358923069834457e-27 3.229037121645205e-25 3.879441200333789e-22 1.9176026635202595e-19 4.9031988798686275e-18 3.1140790422360833e-18
1583.797669930582 7.72813474524052e-36 5.834126458813583e-32 2.391379096378285e-27 3.3374437736635714e-25 4.106765350169068e-22 1.96634674009796e-19 5.01769137314149e-18 3.1865716502198433e-18
1620.7264123607779 8.279706016642558e-36 6.179917399049967e-32 2.4482203137295813e-27 3.450355491704372e-25 4.346728793123385e-22 2.0161517202778105e-19 5.1348487444907976e-18 3.2610358174171905e-18
1658.5162067064848 8.870598662416391e-36 6.5435600084455e-32 2.5064513188520313e-27 3.567997875640889e-25 4.599926822592081e-22 2.0670430714757213e-19 5.25473330491285e-18 3.337598952949824e-18
1697.1871297521373 9.503608633431576e-36 6.925739713932743e-32 2.566108521847417e-27 3.6906093841184e-25 4.866971752817065e-22 2.1190468953906735e-19 5.377408857444957e-18 3.41640804421826e-18
1736.7597264040865 1.0181729753471919e-35 7.327149146742848e-32 2.6272294209502236e-27 3.818442132619741e-25 5.148492404846343e-22 2.1721899391591177e-19 5.502940802162249e-18 3.497631636194195e-18
1777.255020605602 1.0908167608119767e-35 7.748486764656847e-32 2.6898526420286784e-27 3.9517627439632177e-25 5.4451334939612115e-22 2.2264996070673833e-19 5.631396286124517e-18 3.579073285524773e-18
1818.6945265063737 1.168635439453343e-35 8.19045540763641e-32 2.7540179798242377e-27 4.0908532547923274e-25 5.757554916498613e-22 2.2820039728615794e-19 5.7628444093977116e-18 3.661550118468655e-18
1861.1002598924472 1.2519964796895816e-35 8.653760796497209e-32 2.8197664410165814e-27 4.236012081859271e-25 6.086430934897334e-22 2.338731792696046e-19 5.897356498278177e-18 3.746034263873847e-18
1904.4947498826687 1.3412932956474673e-35 9.139109985615855e-32 2.8871402892062338e-27 4.387555052162864e-25 6.43244926080667e-22 2.396712518762418e-19 6.035006456377328e-18 3.8326065372804915e-18
1948.9010508978479 1.4369470609634545e-35 9.647209781924263e-32 2.9561830919116476e-27 4.545816501276767e-25 6.7963100372075265e-22 2.455976313641281e-19 6.1758712032904474e-18 3.921360943471443e-18
1994.3427549090043 1.5394086471794783e-35 1.0178765143615523e-31 3.0269397696829605e-27 4.711150444497242e-25 7.178724721701955e-22 2.5165540654176605e-19 6.320031209215572e-18 4.012407359667796e-18
2040.8440039711966 1.6491606950245334e-35 1.07344775730333e-31 3.0994566474401484e-27 4.883931825751475e-25 7.580414874415734e-22 2.5784774035998953e-19 6.467571132168274e-18 4.105874361574899e-18
2088.4295030496014 1.7667198273923712e-35 1.1315043519115513e-31 3.173781508149242e-27 5.064557849539841e-25 8.002110855315872e-22 2.6417787158794107e-19 6.618580562438086e-18 4.201912105832176e-18
2137.124533144652 1.8926390133729972e-35 1.1921152805483413e-31 3.2499636489562366e-27 5.253449401538004e-25 8.444550437153197e-22 2.7064911657660313e-19 6.773154876748672e-18 4.300695176614556e-18
2186.9549647232075 2.0275100932730293e-35 1.255348710078622e-31 3.328053939905326e-27 5.451052563858878e-25 8.908477339024318e-22 2.7726484455406307e-19 6.931292754552527e-18 4.402425305922152e-18
2237.947271462894 2.1719664751673603e-35 1.321271844820591e-31 3.408104885374451e-27 5.657840231376713e-25 9.39463969706912e-22 2.8402850698372834e-19 7.093007128982794e-18 4.507333886455244e-18
2290.1285443169163 2.3266860141637183e-35 1.3899507871077894e-31 3.4901706883690875e-27 5.874313835933636e-25 9.90378848067562e-22 2.909436821258033e-19 7.258489397185999e-18 4.614034013547633e-18
2343.5265059068115 2.492394086233197e-35 1.4614504071381157e-31 3.5743073178224235e-27 6.101005185693792e-25 1.0436675851508194e-21 2.980140047453251e-19 7.427828596087385e-18 4.720169584619919e-18
2398.169525250793 2.6698668691644183e-35 1.5358342237380674e-31 3.660572579058646e-27 6.338478427397492e-25 1.0994053500148122e-21 3.0524319448511297e-19 7.601115791416573e-18 4.828829670186985e-18
2454.086632835509 2.8599348439375014e-35 1.6131642975972144e-31 3.749026187584687e-27 6.587332139758775e-25 1.1576670962621542e-21 3.1263505766907976e-19 7.778443995407968e-18 4.940095761299954e-18
2511.3075360392254 3.0634865305871333e-35 1.6935011384279008e-31 3.839729846384772e-27 6.848201566786772e-25 1.2185273934802233e-21 3.2019348915611484e-19 7.959908078412271e-18 5.054061675179215e-18
2569.8626349146184 3.281472473431662e-35 1.7769036273801933e-31 3.9327473269021815e-27 7.12176100037317e-25 1.282060260106997e-21 3.279224742485355e-19 8.145604689403426e-18 5.1708370035881784e-18
2629.783038339575 3.5149094913884515e-35 1.8634289558931932e-31 4.0281445539025965e-27 7.408726322081742e-25 1.3483389994312737e-21 3.358260906599986e-19 8.335632203440529e-18 5.290550944554624e-18
2691.100580544569 3.76488520997354e-35 1.953132581993653e-31 4.125989694424644e-27 7.709857714702799e-25 1.4174360404851223e-21 3.4390851054859645e-19 8.53009071657009e-18 5.413356402458989e-18
2753.8478380254037 4.032562892497131e-35 2.0460682048640684e-31 4.226353251034666e-27 8.025962554795768e-25 1.489422785611244e-21 3.5217400262153445e-19 8.729082110275973e-18 5.539434218048369e-18
2818.0581468502987 4.3191865889132846e-35 2.142287758298331e-31 4.3293081596149284e-27 8.357898498138432e-25 1.5643694664868726e-21 3.6062693431828946e-19 8.932710208295884e-18 5.6689973777489144e-18
2883.7656203705187 4.626086621763628e-35 2.241841423447422e-31 4.434929891927691e-27 8.706576770732491e-25 1.6423450103576955e-21 3.692717740794772e-19 9.141081048377625e-18 5.8022950522149695e-18
2951.0051673439552 4.954685429667387e-35 2.344777661034656e-31 4.543296563211185e-27 9.072965678782649e-25 1.723416918179034e-21 3.781130937087818e-19 9.354303290349565e-18 5.9396163274196025e-18
3019.812510481288 5.306503789854081e-35 2.451143262993705e-31 4.654489045078167e-27 9.458094351871929e-25 1.8076511562774206e-21 3.8715557083523146e-19 9.572488779787016e-18 6.081293516390778e-18
3090.2242054245785 5.683167442306183e-35 2.560983423257703e-31 4.768591084003294e-27 9.863056734398093e-25 1.895112063034e-21 3.964039914829002e-19 9.795753283672472e-18 6.227704973354618e-18
3162.2776601683795 6.086414139176329e-35 2.6743418272080096e-31 4.885689425701823e-27 1.0289015841217811e-24 1.9858622719532966e-21 4.0586325275472744e-19 1.002421741091135e-17 6.373428815305768e-18
