results/limits/BECCAL_l_N2only.dat
# %ECSV 1.0
# ---
# datatype:
# - {name: mx, unit: MeV, datatype: float64}
# - {name: sigma_10, unit: cm2, datatype: float64}
# - {name: sigma_9, unit: cm2, datatype: float64}
# - {name: sigma_7, unit: cm2, datatype: float64}
# - {name: sigma_6, unit: cm2, datatype: float64}
# - {name: sigma_5, unit: cm2, datatype: float64}
# - {name: sigma_4, unit: cm2, datatype: float64}
# - {name: sigma_3, unit: cm2, datatype: float64}
# - {name: sigma_2, unit: cm2, datatype: float64}
# schema: astropy-2.0
mx sigma_10 sigma_9 sigma_7 sigma_6 sigma_5 sigma_4 sigma_3 sigma_2
[from data line 80]
4.371602248248502e-05 4.320275573794028e-39 5.5564497204064464e-39 1.2983327320773763e-38 3.64927909338638e-38 8.150970982837974e-37 4.691513677405435e-34 5.058351267974727e-31 1.2571494336514367e-30
4.45295850994266e-05 4.248913030049252e-39 5.467460019564542e-39 1.2814495569331455e-38 3.630109431695087e-38 8.316729954273977e-37 4.918014345279451e-34 5.345206545304521e-31 1.3286123020152165e-30
4.535828825510191e-05 4.178742574803566e-39 5.379923926835176e-39 1.2648215845652063e-38 3.611490718998628e-38 8.487420569136176e-37 5.156464921030843e-34 5.648361211541177e-31 1.4041389697179233e-30
4.620241371751313e-05 4.109744123825881e-39 5.293817381302948e-39 1.24844492507549e-38 3.5934211899983473e-38 8.663195355754871e-37 5.40752551769375e-34 5.968742018067399e-31 1.4839605558811591e-30
4.706224849841282e-05 4.041897933604458e-39 5.209116724394308e-39 1.2323157512046527e-38 3.575899266949024e-38 8.84421276105773e-37 5.671893494765007e-34 6.307328420688624e-31 1.5683213245014102e-30
4.793808495089107e-05 3.9751845955330304e-39 5.125798693094262e-39 1.216430297333921e-38 3.558923561548887e-38 9.030637438892436e-37 5.950305573978678e-34 6.665155577146899e-31 1.657479432072937e-30
4.883022086877885e-05 3.909585030196663e-39 5.043840413278309e-39 1.200784858503732e-38 3.542492876955694e-38 9.222640552700652e-37 6.243540075258005e-34 7.043317515119374e-31 1.7517077177323557e-30
4.973895958790068e-05 3.845080481755616e-39 4.9632193931575714e-39 1.1853757894488729e-38 3.5266062099318656e-38 9.420400093118774e-37 6.552419279667468e-34 7.442970480397653e-31 1.851294538343318e-30
5.0664610089212685e-05 3.7816525124254986e-39 4.883913516835182e-39 1.1701995036498555e-38 3.511262753121921e-38 9.624101211111527e-37 6.877811926577024e-34 7.8653364754966025e-31 1.9565446510774596e-30
5.1607487103859075e-05 3.7192829970521384e-39 4.805901037972101e-39 1.1552524724002864e-38 3.496461897465402e-38 9.833936567276323e-37 7.2206358526594405e-34 8.31170699952253e-31 2.0677801461928086e-30
5.2567911220184194e-05 3.657954117779421e-39 4.7291605735603985e-39 1.1405312238899472e-38 3.482203234748737e-38 1.0050106697994722e-36 7.581860780776863e-34 8.783447000748178e-31 2.1853414328648195e-30
5.354620899273613e-05 3.597648358808571e-39 4.653671097802209e-39 1.1260323423033571e-38 3.46848656029942e-38 1.0272820399147826e-36 7.962511267270528e-34 9.281999053992207e-31 2.309588281087412e-30
5.454271305329836e-05 3.53834850124731e-39 4.579411936092605e-39 1.111752466933565e-38 3.4553118758262054e-38 1.0502295128158676e-36 8.363669816652258e-34 9.808887775588858e-31 2.4409009228329944e-30
5.555776222398878e-05 3.48003761804724e-39 4.506362759104459e-39 1.097688291310909e-38 3.442679392408876e-38 1.0738757425175226e-36 8.786480173209203e-34 1.036572448946163e-30 2.579681215842057e-30
5.6591701632462424e-05 3.422699069028071e-39 4.4345035769737384e-39 1.0838365623465405e-38 3.430589533641489e-38 1.0982443354262206e-36 9.232150799573764e-34 1.0954212158581752e-30 2.7263538736041947e-30
5.764488282925873e-05 3.366316495987091e-39 4.3638147335833894e-39 1.0701940794904536e-38 3.419042938932914e-38 1.1233598965530797e-36 9.70195855288385e-34 1.1576150596906185e-30 2.8813677652954596e-30
5.8717663907332614e-05 3.31087381789246e-39 4.2942769009441695e-39 1.0567576939037939e-38 3.4080404669687256e-38 1.1492480779200124e-36 1.0197252569763177e-33 1.223344197774739e-30 3.045197289650827e-30
5.981040962380944e-05 3.256355226158881e-39 4.225871073670804e-39 1.0435243076452379e-38 3.3975831993385263e-38 1.1759356292654648e-36 1.0719458371990007e-33 1.292809665543432e-30 3.2183438269767714e-30
6.0923491524007116e-05 3.202745180004192e-39 4.158578563551736e-39 1.0304908728711962e-38 3.387672444332947e-38 1.2034504511637746e-36 1.1270082205400094e-33 1.3662239318084397e-30 3.401337273748562e-30
6.2057288067765e-05 3.1500284018855256e-39 4.0923809942110134e-39 1.0176543910496456e-38 3.378309740914609e-38 1.231821650680158e-36 1.1850715625281184e-33 1.4438115490317258e-30 3.5947376644889704e-30
6.321218475812448e-05 3.09818987301367e-39 4.0272602958606145e-39 1.0050119121873707e-38 3.369496862867522e-38 1.261079599692072e-36 1.246304034227382e-33 1.5258098405814575e-30 3.799136885892887e-30
6.438857427240426e-05 3.0472148289442386e-39 3.9631987001417605e-39 9.925605340704042e-39 3.361235823129426e-38 1.2912559960167802e-36 1.3108833343589047e-33 1.6124696270760917e-30 4.015160488444326e-30
6.558685659571436e-05 2.997088755244391e-39 3.900178735053645e-39 9.802974015174649e-39 3.353528878311689e-38 1.3223839274946383e-36 1.378997230519722e-33 1.7040559940396865e-30 4.243469601070674e-30
6.680743915695615e-05 2.9477973832337274e-39 3.83818321996808e-39 9.68219705646185e-39 3.346378533411543e-38 1.3544979391879759e-36 1.4508441311534167e-33 1.800849103218191e-30 4.48476295469488e-30
6.805073696735207e-05 2.8993266857981396e-39 3.77719526072863e-39 9.563246831519389e-39 3.3397875467214345e-38 1.3876341038660542e-36 1.5266336900210357e-33 1.9031450500397793e-30 4.739779020878787e-30
6.9317172761554e-05 2.851662873275362e-39 3.717198244832804e-39 9.446096155990833e-39 3.333758934940456e-38 1.4218300959581469e-36 1.6065874450206333e-33 2.011256769843848e-30 5.0092982721038595e-30
7.06071771413778e-05 2.80479238941094e-39 3.6581758366958114e-39 9.33071828724404e-39 3.3282959784928637e-38 1.4571252691685471e-36 1.6909394933088112e-33 2.125514995652409e-30 5.294145570607492e-30
7.192118872221193e-05 2.758701907383475e-39 3.6001119729945917e-39 9.217086917526016e-39 3.3234022270587587e-38 1.4935607379599028e-36 1.7799372047887813e-33 2.246269270415311e-30 5.595192693086349e-30
7.32596542821523e-05 2.713378325897855e-39 3.542990858090652e-39 9.105176167236163e-39 3.319081505322175e-38 1.5311794631243824e-36 1.8738419761471216e-33 2.373889016827733e-30 5.9133609989949414e-30
7.462302891391108e-05 2.6688087653454112e-39 3.48679695953044e-39 8.994960578316304e-39 3.3153379189417874e-38 1.5700263416758045e-36 1.9729300277452595e-33 2.5087646679941797e-30 6.249624250605737e-30
7.601177617955322e-05 2.624980564029793e-39 3.431515003621927e-39 8.886415107755696e-39 3.312175860749653e-38 1.6101483013103312e-36 2.0774932458032505e-33 2.6513088623998474e-30 6.605011593463008e-30
7.742636826811278e-05 2.5818812744573957e-39 3.377129971086026e-39 8.779515121209149e-39 3.3096000171833227e-38 1.6515943996982603e-36 2.187840072451888e-33 2.8019577068468742e-30 6.980610706352739e-30
7.886728615614156e-05 2.5394986596913436e-39 3.323627092781703e-39 8.674236386726916e-39 3.3076153749568837e-38 1.6944159288852135e-36 2.3042964463757703e-33 2.9611721112208853e-30 7.377571130429772e-30
8.033501977124735e-05 2.4978206897677777e-39 3.27099184550335e-39 8.570555068594295e-39 3.306227227976423e-38 1.738666525097512e-36 2.4272067969250446e-33 3.129439199173593e-30 7.79710778769261e-30
8.183006815867389e-05 2.456835538173524e-39 3.219209947849368e-39 8.468447721279699e-39 3.3054411845055367e-38 1.78440228426367e-36 2.556935094736843e-33 3.3072737990388065e-30 8.240504699574266e-30
8.335293965098187e-05 2.416531578384005e-39 3.168267356160635e-39 8.367891283489425e-39 3.305263174586516e-38 1.831681883582163e-36 2.6938659620808652e-33 3.495220019545532e-30 8.709118917031725e-30
8.490415204088756e-05 2.3768973804603784e-39 3.118150260527694e-39 8.268863072327615e-39 3.3056994577229006e-38 1.880566709484507e-36 2.838405846326107e-33 3.693852915150954e-30 9.204384674162801e-30
8.648423275731727e-05 2.3379217077048914e-39 3.068845080865508e-39 8.17134077755993e-39 3.3067566308290867e-38 1.9311209923626204e-36 2.9909842601190152e-33 3.903780246090379e-30 9.72781777806369e-30
8.809371904473991e-05 2.2995935133734266e-39 3.020338463054593e-39 8.075302455979404e-39 3.308441636452791e-38 1.9834119484505383e-36 3.152055092067866e-33 4.1256443385316615e-30 1.0281020248364241e-29
8.97331581458352e-05 2.2619019374442883e-39 2.972617275147455e-39 7.980726525873117e-39 3.310761771276039e-38 2.0375099292723477e-36 3.322097991943356e-33 4.360124050527084e-30 1.0865685220640644e-29
9.140310748756223e-05 2.2248363034422538e-39 2.9256686036391693e-39 7.887591761588212e-39 3.313724694900523e-38 2.0934885790917147e-36 3.501619834634242e-33 4.607936849780483e-30 1.1483602128714526e-29
9.310413487069085e-05 2.1883861153169114e-39 2.8794797498010373e-39 7.795877288195905e-39 3.317338438923047e-38 2.1514250008227307e-36 3.691156267337364e-33 4.869841009588996e-30 1.2136662181700283e-29
9.483681866285928e-05 2.1525410543744083e-39 2.834038226076245e-39 7.705562576252154e-39 3.3216114163068215e-38 2.2113999308876407e-36 3.8912733447163845e-33 5.1466379296806424e-30 1.2826864152564157e-29
9.660174799522646e-05 2.1172909762616104e-39 2.789331752536431e-39 7.616627436653551e-39 3.3265524310543594e-38 2.2734979235345116e-36 4.102569257033078e-33 5.4391745890517005e-30 1.3556320495913934e-29
9.839952296278227e-05 2.0826259080018663e-39 2.745348253398195e-39 7.529052015587389e-39 3.3321706881876953e-38 2.337807545156489e-36 4.325676156538939e-33 5.7483461383109255e-30 1.4327263813742807e-29
0.00010023075482838654 2.0485360450814186e-39 2.7020758535984722e-39 7.442816789574427e-39 3.3384758040415735e-38 2.404421579185088e-36 4.561262087716385e-33 6.075098639465636e-30 1.514205368891906e-29
0.00010209606623060465 2.015011748585628e-39 2.6595028754278013e-39 7.357902560603236e-39 3.345477816875312e-38 2.4734372421620478e-36 4.810033027276025e-33 6.420431961535298e-30 1.600318390733655e-29
0.00010399609139541203 1.9820435423841247e-39 2.617617835220461e-39 7.274290451354876e-39 3.3531871978088867e-38 2.5449564116286957e-36 5.07273504015309e-33 6.785402840855709e-30 1.6913290090832424e-29
0.000105931476351837 1.9496221103640944e-39 2.5764094401005795e-39 7.19196190051685e-39 3.3616148620888327e-38 2.619085866507693e-36 5.350156558100284e-33 7.171128115440286e-30 1.787515776423341e-29
0.00010790287915161836 1.9177382937108184e-39 2.5358665847831853e-39 7.11089865818506e-39 3.370772180689454e-38 2.6959375406906966e-36 5.6431307878505356e-33 7.578788143298666e-30 1.889173088122393e-29
0.00010991097009294972 1.8863830882346926e-39 2.4959783484293127e-39 7.031082781352736e-39 3.3806709922547535e-38 2.77562879058579e-36 5.9525382562188124e-33 8.009630415174871e-30 1.9966120835130335e-29
0.00011195643194838783 1.8555476417439247e-39 2.456733991554255e-39 6.952496629485317e-39 3.391323615386542e-38 2.858282677421779e-36 6.279309499931793e-33 8.464973372763032e-30 2.1101615982202235e-29
0.00011403996019700331 1.8252232514620924e-39 2.4181229529879955e-39 6.875122860180107e-39 3.4027428612839905e-38 2.944028265151967e-36 6.62442790841721e-33 8.94621044408759e-30 2.23016917065399e-29
0.00011616226326085019 1.7954013614898448e-39 2.3801348468870068e-39 6.79894442490983e-39 3.414942046739979e-38 3.0330009348481894e-36 6.988932728252161e-33 9.454814308398914e-30 2.3570021057473196e-29
0.0001183240627458378 1.7660735603099485e-39 2.3427594597964998e-39 6.72394456484902e-39 3.4279350074994497e-38 3.1253427165272735e-36 7.373922238465602e-33 9.992341403638888e-30 2.4910485991952483e-29
0.00012052609368708426 1.7372315783349327e-39 2.305986747762262e-39 6.650106806782258e-39 3.4417361119850013e-38 3.221202639405981e-36 7.780557106411737e-33 1.0560436690272275e-29 2.632718925636053e-29
0.00012276910479883593 1.7088672854966562e-39 2.269806833491286e-39 6.577414959093515e-39 3.4563602753949424e-38 3.32073710163808e-36 8.210063934485012e-33 1.1160838686065067e-29 2.7824466944113784e-29
0.00012505385872903913 1.680972688876996e-39 2.2342100035603014e-39 6.505853107835427e-39 3.4718229741789933e-38 3.424110260647802e-36 8.66373900853064e-33 1.1795384787220641e-29 2.940690176748991e-29
0.00012738113231864785 1.6535399303790174e-39 2.199186705671438e-39 6.435405612877896e-39 3.4881402608969116e-38 3.531494445238219e-36 9.142952259422106e-33 1.2466016892159744e-29 3.107933708430217e-29
0.00012975171686575867 1.6265612844378984e-39 2.1647275459541958e-39 6.366057104135006e-39 3.505328779465344e-38 3.6430705907212636e-36 9.649151449929798e-33 1.3174787345158304e-29 3.284689172235525e-29
0.00013216641839466052 1.6000291557709385e-39 2.1308232863129532e-39 6.29779247786954e-39 3.5234057807983184e-38 3.759028698387909e-36 1.0183866599693982e-32 1.3923865218034725e-29 3.4714975647055704e-29
0.0001346260579298911 1.5739360771659807e-39 2.09746484181924e-39 6.230596893074323e-39 3.542389138846954e-38 3.879568320713477e-36 1.0748714661844323e-32 1.4715542949113601e-29 3.6689306520132303e-29
0.00013713147177539455 1.548274707307575e-39 2.0646432781479817e-39 6.164455767929541e-39 3.5622973670441534e-38 4.004899073773408e-36 1.134540446557848e-32 1.5552243359786654e-29 3.877592720015027e-29
0.00013968351179887396 1.5230378286402514e-39 2.0323498090570022e-39 6.099354776335423e-39 3.583149635160329e-38 4.135241178430356e-36 1.1975741939826037e-32 1.6436527070146857e-29 4.0981224238383853e-29
0.0001422830457214352 1.4982183452682645e-39 2.0005757939090627e-39 6.035279844519633e-39 3.604965786576538e-38 4.270826031943349e-36 1.2641635633984315e-32 1.7371100336393148e-29 4.3311947426658805e-29
0.00014493095741262166 1.473809280891172e-39 1.9693127352356618e-39 5.972217147718535e-39 3.6277663559818563e-38 4.411896811745398e-36 1.3345102552622076e-32 1.835882333399481e-29 4.577523045699765e-29
0.00014762814719093911 1.4498037767746532e-39 1.9385522763419378e-39 5.910153106931908e-39 3.651572587502313e-38 4.5587091132365473e-36 1.408827432200779e-32 1.940271891196809e-29 4.837861275630163e-29
0.00015037553212997383 1.426195089755932e-39 1.9082861989519563e-39 5.849074385750383e-39 3.676406453269393e-38 4.71153162354614e-36 1.4873403707334978e-32 2.0505981845060413e-29 5.113006256290152e-29
0.00015317404637020797 1.4029765902832467e-39 1.8785064208936848e-39 5.788967887255072e-39 3.702290672436833e-38 4.870646833330586e-36 1.5702871500590544e-32 2.167198861216114e-29 5.403800131560985e-29
0.0001560246414366368 1.3801417604887575e-39 1.8492049938230078e-39 5.729820750988869e-39 3.7292487306553343e-38 5.036351788792048e-36 1.6579193800145586e-32 2.290430773086775e-29 5.71113294299225e-29
0.0001589282865622978 1.3576841922943237e-39 1.820374100986092e-39 5.6716203499988934e-39 3.7573049000159457e-38 5.208958886229447e-36 1.7505029704348483e-32 2.4206710679840487e-29 6.035945354026806e-29
0.0001618859690178199 1.3355975855496085e-39 1.792006055019499e-39 5.6143542879496714e-39 3.786484259474057e-38 5.38879671156607e-36 1.8483189442665933e-32 2.5583183442375407e-29 6.379231529168477e-29
0.0001648986944471065 1.3138757462019164e-39 1.764093295787319e-39 5.558010396306446e-39 3.816812715767297e-38 5.576210927438694e-36 1.9516642969257722e-32 2.703793870652923e-29 6.742042176905305e-29
0.00016796748720926532 1.2925125844972492e-39 1.736628388254783e-39 5.502576731588395e-39 3.8483170248424305e-38 5.7715652105816334e-36 2.0608529045285525e-32 2.8575428759137125e-29 7.125487765701959e-29
0.00017109339072690134 1.2715021132120468e-39 1.7096040203977047e-39 5.4480415726912964e-39 3.881024813808101e-38 5.975242242396083e-36 2.1762164837752493e-32 3.020035911318978e-29 7.530741922904767e-29
0.00017427746784089192 1.2508384459150718e-39 1.6830130011471203e-39 5.394393418279254e-39 3.914964603432415e-38 6.187644755760887e-36 2.2981056064251142e-32 3.191770291028011e-29 7.959045026962759e-29
0.0001775208011717636 1.2305157952589275e-39 1.6568482583685666e-39 5.341620984245258e-39 3.950165831206736e-38 6.409196641315948e-36 2.426890771466754e-32 3.373271614220196e-29 8.4117080039597e-29
0.00018082449348779517 1.2105284713007076e-39 1.631102836875388e-39 5.2897132012402315e-39 3.9866588749998735e-38 6.640344116634748e-36 2.5629635382656633e-32 3.565095373829215e-29 8.890116340077607e-29
0.00018418966807997109 1.1908708798512622e-39 1.605769896475491e-39 5.2386592122703335e-39 4.0244750773296793e-38 6.881556961897722e-36 2.706737724156883e-32 3.76782865677546e-29 9.395734322273028e-29
