results/limits/BECCAL_h_phase.dat
# %ECSV 1.0
# ---
# datatype:
# - {name: mx, unit: MeV, datatype: float64}
# - {name: sigma, unit: cm2 MeV4, datatype: float64}
# schema: astropy-2.0
mx sigma
[from data line 1072]
0.0005194492321384366 4.80386122863023e-19
0.000521366867604767 4.875192014075937e-19
0.0005232915823495992 4.947581965037854e-19
0.0005252234025072966 5.021046808712489e-19
0.0005271623543087045 5.095602505783796e-19
0.0005291084640815018 5.171265253956877e-19
0.0005310617582505611 5.24805149146165e-19
0.000533022263338307 5.325977900573e-19
0.0005349900059650756 5.405061411301676e-19
0.000536965012849478 5.485319205066307e-19
0.0005389473108087604 5.566768718385233e-19
0.0005409369267591693 5.649427646657248e-19
0.0005429338877163178 5.733313948068448e-19
0.0005449382207955507 5.818445847478234e-19
0.0005469499532123157 5.904841840317074e-19
0.0005489691122825291 5.992520696669389e-19
0.0005509957254229494 6.0815014653208605e-19
0.0005530298201515484 6.17180347792585e-19
0.0005550714240878846 6.2634463531580345e-19
0.000557120564953481 6.356450001026004e-19
0.000559177270572197 6.450834627163147e-19
0.0005612415688706091 6.546620737256226e-19
0.0005633134878783914 6.643829141410941e-19
0.0005653930557286905 6.742480958781505e-19
0.0005674803006585152 6.842597622129779e-19
0.000569575251009114 6.944200882432119e-19
0.0005716779352263616 7.047312813647456e-19
0.000573788381861148 7.151955817503854e-19
0.0005759066195697597 7.2581526283544735e-19
0.0005780326771142767 7.365926318139177e-19
0.0005801665833629568 7.475300301401471e-19
0.00058230836729063 7.586298340330024e-19
0.0005844580579790941 7.698944549927229e-19
0.0005866156846175032 7.813263403345772e-19
0.0005887812765027723 7.929279737090074e-19
0.0005909548630399686 8.047018756414993e-19
0.0005931364737427131 8.166506040919691e-19
0.0005953261382335837 8.287767549952479e-19
0.000597523886244511 8.410829628373492e-19
0.0005997297476171904 8.535719012197029e-19
0.0006019437523034802 8.662462834443882e-19
0.0006041659303658116 8.791088631056688e-19
0.0006063963119775984 8.92162434675349e-19
0.0006086349274236407 9.054098341288502e-19
0.0006108818071005444 9.188539395495654e-19
0.0006131369815171269 9.324976717533664e-19
0.0006154004812948346 9.46343994932008e-19
0.0006176723371681601 9.603959172877761e-19
0.0006199525799850538 9.74656491689025e-19
0.0006222412407073505 9.891288163364098e-19
0.0006245383504111837 1.0038160354406721e-18
0.0006268439402874096 1.0187213398868772e-18
0.0006291580416420334 1.033847967955475e-18
0.0006314806858966271 1.0491992060012728e-18
0.0006338119045887655 1.0647783891734168e-18
0.0006361517293724472 1.080588902159953e-18
0.0006385001920185266 1.0966341798934335e-18
0.0006408573244151485 1.1129177083089493e-18
0.0006432231585681736 1.129443025110382e-18
0.0006455977266016224 1.146213720528706e-18
0.0006479810607581039 1.1632334381084641e-18
0.0006503731933992562 1.1805058754948756e-18
0.0006527741570061881 1.198034785226082e-18
0.0006551839841799155 1.2158239755777112e-18
0.0006576027076418076 1.233877311369557e-18
0.0006600303602340302 1.2521987147987997e-18
0.0006624669749199906 1.2707921663070914e-18
0.000664912584784788 1.2896617054497712e-18
0.0006673672230356595 1.308811431749168e-18
0.0006698309230024324 1.3282455056081972e-18
0.0006723037181379771 1.3479681492050373e-18
0.0006747856420186601 1.3679836474124819e-18
0.0006772767283448033 1.3882963487257528e-18
0.0006797770109411362 1.4089106662064744e-18
0.000682286523757259 1.429831078453905e-18
0.0006848053008681045 1.4510621305573478e-18
0.0006873333764743949 1.4726084351086937e-18
0.0006898707849031145 1.4944746731688627e-18
0.000692417560607969 1.5166655953335235e-18
0.0006949737381698556 1.5391860227127233e-18
0.0006975393522973359 1.5620408480171307e-18
0.000700114437827099 1.5852350366104487e-18
0.0007026990297244444 1.608773627573552e-18
0.0007052931630837493 1.632661734820924e-18
0.0007078968731289476 1.656904548196064e-18
0.0007105101952140116 1.6815073346067742e-18
0.0007131331648234234 1.7064754391714608e-18
0.0007157658175726674 1.7318142863643606e-18
0.0007184081892087055 1.757529381225633e-18
0.0007210603156104659 1.7836263105101972e-18
0.0007237222327893327 1.8101107439610004e-18
0.0007263939768896271 1.836988435479155e-18
0.0007290755841891085 1.864265224432839e-18
0.0007317670910994585 1.89194703685754e-18
0.0007344685341667792 1.920039886826668e-18
0.0007371799500720914 1.948549877682556e-18
0.0007399013756318252 1.9774832034064724e-18
0.0007426328477983297 2.0068461499630446e-18
0.0007453744036603674 2.036645096625947e-18
0.0007481260804436199 2.066886517417608e-18
0.000750887915511197 2.0975769824781235e-18
0.0007536599463641352 2.128723159511024e-18
0.0007564422106419183 2.1603318152271557e-18
0.0007592347461229792 2.192409816810088e-18
0.0007620375907252163 2.224964133416747e-18
0.0007648507825065118 2.2580018376756613e-18
0.0007676743596652395 2.2915301072514372e-18
0.0007705083605407943 2.325556226370547e-18
0.0007733528236141047 2.360087587431118e-18
0.0007762077875081578 2.3951316925939355e-18
0.0007790732909885272 2.4306961554198037e-18
0.0007819493729638912 2.466788702518619e-18
0.0007848360724865711 2.5034171752162567e-18
0.0007877334287530536 2.540589531314672e-18
0.0007906414811045257 2.5783138467133638e-18
0.0007935602690274126 2.61659831730827e-18
0.0007964898321539044 2.6554512606074484e-18
0.0007994302102625065 2.6948811176811954e-18
0.0008023814432785692 2.73489645493451e-18
0.000805343571274835 2.775505965942141e-18
0.0008083166344719836 2.8167184733811175e-18
0.000811300673239174 2.858542930950713e-18
0.0008142957280945956 2.9009884252815695e-18
0.0008173018397060176 2.9440641779228916e-18
0.0008203190488913404 2.987779547363574e-18
0.0008233473966191533 3.0321440310650234e-18
0.0008263869240092852 3.0771672674902907e-18
0.0008294376723333671 3.1228590382232997e-18
0.0008324996830153912 3.1692292701025902e-18
0.0008355729976322724 3.2162880373683558e-18
0.0008386576579144166 3.2640455638485723e-18
0.0008417537057462819 3.312512225153578e-18
0.0008448611831669504 3.3616985509942164e-18
0.0008479801323707016 3.4116152274071445e-18
0.0008511105957075766 3.4622730991340447e-18
0.0008542526156839649 3.51368317192646e-18
0.0008574062349631721 3.565856614931358e-18
0.0008605714963660027 3.618804763184626e-18
0.0008637484428713452 3.672539120033608e-18
0.0008669371176167454 3.727071359591442e-18
0.0008701375638990053 3.7824133293515e-18
0.0008733498251747606 3.838577052704979e-18
0.0008765739450610748 3.895574731595697e-18
0.0008798099673360348 3.953418749144974e-18
0.0008830579359393353 4.012121672317962e-18
0.0008863178949728883 4.071696254738021e-18
0.000889589888701412 4.132155439341484e-18
0.0008928739615530352 4.1935123613181536e-18
0.0008961701581199045 4.2557803508187195e-18
0.0008994785231587794 4.318972935978433e-18
0.0009027991015916534 4.383103845814111e-18
0.0009061319385063533 4.448187013162468e-18
0.0009094770791571551 4.514236577789735e-18
0.0009128345689654028 4.58126688936674e-18
0.0009162044535201145 4.649292510667437e-18
0.0009195867785786138 4.718328220722015e-18
0.0009229815900671425 4.788389017960656e-18
0.0009263889340814863 4.859490123564558e-18
0.0009298088568876053 4.931646984732275e-18
0.0009332414049222518 5.0048752779656395e-18
0.0009366866247936137 5.079190912618714e-18
0.0009401445632819373 5.154610034229543e-18
0.0009436152673401661 5.231149028112305e-18
0.0009470987840945825 5.308824522837362e-18
0.0009505951608454364 5.387653393949795e-18
0.0009541044450676018 5.4676527674909955e-18
0.0009576266844112103 5.548840023876473e-18
0.000961161926702302 5.631232801549832e-18
0.000964710219943479 5.714849000887095e-18
0.0009682716123145463 5.799706788030792e-18
0.0009718461521731797 5.885824598927545e-18
0.000975433888055572 5.973221143208802e-18
0.0009790348686770948 6.061915408341346e-18
0.0009826491429329649 6.151926663740778e-18
0.0009862767598989004 6.2432744649278495e-18
0.0009899177688317917 6.3359786578310865e-18
0.0009935722191703703 6.430059383006507e-18
0.0009972401605358768 6.525537080114603e-18
0.0010009216427327417 6.622432492328804e-18
0.0010046167157492527 6.720766670799819e-18
0.0010083254297582394 6.820560979268928e-18
0.001012047835117753 6.9218370986808756e-18
0.0010157839823717488 7.02461703194953e-18
0.001019533922250777 7.128923108640317e-18
0.001023297705672665 7.234777990030383e-18
0.0010270753837432133 7.342204673700937e-18
0.0010308670077568882 7.451226498825295e-18
0.0010346726291975167 7.561867151087615e-18
0.0010384922997389908 7.674150667897433e-18
0.0010423260712459626 7.788101443611877e-18
0.0010461739957745514 7.903744234782245e-18
0.0010500361255730518 8.02110416546338e-18
0.00105391251308264 8.140206733001789e-18
0.0010578032109380912 8.261077813113297e-18
0.0010617082719684876 8.383743665846799e-18
0.0010656277491979402 8.508230941151697e-18
0.0010695616958463063 8.634566684776647e-18
0.0010735101653299166 8.762778343873589e-18
0.0010774732112622943 8.892893773341543e-18
0.001081450887454887 9.024941241546697e-18
0.0010854432479177963 9.158949436705401e-18
0.0010894503468605104 9.294947473005516e-18
0.0010934722386926443 9.432964896852538e-18
0.001097508978024672 9.573031693397132e-18
0.0011015606196686726 9.715178293207986e-18
0.0011056272186390733 9.859435578400963e-18
0.0011097088301533955 1.0005834889870481e-17
0.0011138055096330086 1.0154408033858714e-17
0.001117917312703876 1.0305187288811927e-17
0.0011220442951973154 1.0458205412498638e-17
0.0011261865131507547 1.0613495649145763e-17
0.0011303440228084933 1.0771091736554435e-17
0.0011345168806224683 1.093102791347694e-17
0.0011387051432530165 1.1093338927138283e-17
0.001142908867569646 1.125806004061348e-17
0.0011471281106518094 1.1425227040725883e-17
0.001151362929789676 1.1594876245508581e-17
0.0011556133824849155 1.1767044512397029e-17
0.001159879526451471 1.1941769246040617e-17
0.0011641614196163475 1.2119088406586433e-17
0.001168459120120398 1.2299040517755674e-17
0.0011727726863191106 1.248166467530352e-17
0.0011771021767834065 1.2667000555505182e-17
0.0011814476503004278 1.2855088423844885e-17
0.0011858091658743409 1.3045969143590925e-17
0.0011901867827271342 1.3239684184830154e-17
0.0011945805602994286 1.3436275633508555e-17
0.0011989905582512758 1.3635786200240645e-17
0.0012034168364629747 1.3838259230176445e-17
0.001207859455035882 1.404373871173351e-17
0.0012123184742932277 1.4252269286814403e-17
0.0012167939547809395 1.4463896259979737e-17
0.001221285957268456 1.4678665608633847e-17
0.001225794542749559 1.4896623992733034e-17
0.001230319772443198 1.511781876511024e-17
0.0012348617077943228 1.5342297982013694e-17
0.0012394204104747202 1.5570110412808667e-17
0.0012439959423838458 1.5801305551310486e-17
0.0012485883656496689 1.6035933626082422e-17
0.0012531977426295145 1.6274045611811502e-17
0.0012578241359109093 1.6515693239711737e-17
0.0012624676083124364 1.6760929009321514e-17
0.0012671282228845803 1.700980619985235e-17
0.0012718060429105888 1.7262378881314396e-17
0.0012765011319073299 1.751870192684215e-17
0.0012812135536261543 1.7778831024366596e-17
0.0012859433720537655 1.8042822688553946e-17
0.0012906906514130805 1.8310734273352128e-17
0.0012954554561641085 1.8582623984236555e-17
0.0013002378510048223 1.8858550891200178e-17
0.0013050379008720382 1.9138574940963966e-17
0.0013098556709423012 1.942275697074683e-17
0.0013146912266327631 1.9711158720744654e-17
0.0013195446336020753 2.0003842848340712e-17
0.001324415957751278 2.030087294112038e-17
0.0013293052652247003 2.0602313530524007e-17
0.0013342126224108505 2.0908230106685846e-17
0.0013391380959433226 2.1218689131946336e-17
0.0013440817527017002 2.153375805562383e-17
0.0013490436598124626 2.1853505328398568e-17
0.001354023884649902 2.2178000417493593e-17
0.0013590224948370304 2.2507313821690857e-17
0.0013640395582465031 2.28415170863617e-17
0.0013690751430015388 2.3180682819187382e-17
0.001374129317476843 2.352488470658049e-17
0.001379202150299543 2.3874197528233174e-17
0.0013842937103501097 2.4228697174823448e-17
0.0013894040667633003 2.4588460663835024e-17
0.0013945332889290943 2.495356615600898e-17
0.0013996814464936349 2.532409297310907e-17
0.0014048486093601797 2.5700121614366662e-17
0.0014100348476900424 2.6081733774427437e-17
0.0014152402319035505 2.6469012361210442e-17
0.001420464832681 2.686204151354324e-17
0.001425708720963614 2.726090661934129e-17
0.0014309719679545113 2.7665694334680848e-17
0.001436254645119665 2.8076492602563955e-17
0.0014415568241888785 2.849339067144683e-17
0.0014468785771567577 2.891647911515996e-17
0.001452219976283688 2.934584985251339e-17
0.0014575810940968203 2.9781596167114473e-17
0.0014629620033910474 3.0223812727644474e-17
0.0014683627772299986 3.06725956086063e-17
0.0014737834889470285 3.112804231086551e-17
0.0014792242121462187 3.159025178331386e-17
0.0014846850207033684 3.2059324444139913e-17
0.0014901659887670033 3.253536220216827e-17
0.001495667190759381 3.301846847980717e-17
0.0015011887013775002 3.350874823529763e-17
0.001506730595594121 3.400630798483717e-17
0.0015122929486587734 3.451125582662963e-17
0.0015178758360987854 3.5023701463656215e-17
0.0015234793337203074 3.554375622854114e-17
0.0015291035176093388 3.607153310626857e-17
0.0015347484641327692 3.660714676007617e-17
0.001540414249939404 3.715071355517081e-17
0.0015461009519610125 3.7702351585387483e-17
0.0015518086474133712 3.826218069738476e-17
0.00155753741379731 3.8830322517950503e-17
0.0015632873288997705 3.9406900479890084e-17
0.0015690584707948544 3.999203984780337e-17
0.001574850917844888 4.058586774726992e-17
0.0015806647487014859 4.118851319138548e-17
0.0015865000423066166 4.180010710907711e-17
0.0015923568778936816 4.2420782372742464e-17
0.001598235334988581 4.305067382863706e-17
0.0016041354934107999 4.3689918324344525e-17
0.0016100574332744905 4.433865473990826e-17
0.0016160012349895588 4.499702401801143e-17
0.0016219669792627625 4.566516919336732e-17
0.0016279547470987967 4.6343235424956474e-17
0.0016339646198014013 4.70313700267347e-17
0.0016399966789744612 4.772972250113837e-17
0.0016460510065231205 4.84384445688395e-17
0.0016521276846548855 4.915769020565906e-17
0.001658226795880747 4.988761567166887e-17
0.0016643484230162995 5.0628379548151775e-17
0.001670492649182863 5.138014277061432e-17
0.0016766595578086203 5.214306866474924e-17
0.0016828492326297372 5.2917322981091815e-17
0.0016890617576915084 5.3703073931989715e-17
0.0016952972173494957 5.450049222625556e-17
0.0017015556962706726 5.530975110857382e-17
0.0017078372794345799 5.613102639556397e-17
0.0017141420521344696 5.696449651495134e-17
0.0017204700999784706 5.781034254310913e-17
0.0017268215088907485 5.866874824690719e-17
0.0017331963651126703 5.953990011890546e-17
0.0017395947552039843 6.042398742348868e-17
0.0017460167660439823 6.132120223427767e-17
0.0017524624848326883 6.223173947694861e-17
0.0017589319990920398 6.315579697200137e-17
0.001765425396667075 6.409357547642264e-17
0.0017719427657271318 6.50452787293974e-17
0.0017784841947670357 6.601111349437353e-17
0.001785049772608307 6.699128960448063e-17
0.0017916395884003643 6.798602001083259e-17
0.001798253731621742 6.899552082478371e-17
0.0018048922920812943 7.002001136643119e-17
0.0018115553599194218 7.105971421347673e-17
0.0018182430256092938 7.211485524765119e-17
0.001824955379958075 7.318566370645616e-17
0.0018316925141081658 7.42723722289723e-17
0.0018384545195384283 7.537521690996868e-17
0.0018452414880654373 7.649443734883955e-17
0.001852053511844723 7.763027670547824e-17
0.0018588906833720224 7.878298174804519e-17
0.0018657530954845412 7.995280290757911e-17
0.001872640841362205 8.113999433643106e-17
0.0018795540145289296 8.234481396009851e-17
0.001886492708853891 8.356752353294684e-17
0.0018934570185527972 8.480838869766668e-17
0.0019004470381891756 8.606767903856106e-17
0.0019074628626756444 8.734566814611831e-17
0.0019145045872752107 8.86426336722618e-17
0.0019215723076025611 8.995885738924362e-17
0.001928666119625358 9.129462525717294e-17
0.0019357861196655504 9.265022748006216e-17
0.0019429324044006708 9.402595857060043e-17
0.0019501050708651553 9.542211741539238e-17
0.0019573042164516587 9.683900734093301e-17
0.0019645299389123754 9.827693617324586e-17
