results/limits/BECCAL_l.dat
# %ECSV 1.0
# ---
# datatype:
# - {name: mx, unit: MeV, datatype: float64}
# - {name: sigma_10, unit: cm2, datatype: float64}
# - {name: sigma_9, unit: cm2, datatype: float64}
# - {name: sigma_7, unit: cm2, datatype: float64}
# - {name: sigma_6, unit: cm2, datatype: float64}
# - {name: sigma_5, unit: cm2, datatype: float64}
# - {name: sigma_4, unit: cm2, datatype: float64}
# - {name: sigma_3, unit: cm2, datatype: float64}
# - {name: sigma_2, unit: cm2, datatype: float64}
# schema: astropy-2.0
mx sigma_10 sigma_9 sigma_7 sigma_6 sigma_5 sigma_4 sigma_3 sigma_2
[from data line 319]
0.0004933932380508582 4.9903805584480315e-40 7.029054207178556e-40 3.497725784932546e-39 8.554750539468558e-38 3.6009223923781007e-35 2.2862857717905e-31 3.1573170312465105e-28 7.483992598000017e-28
0.0005048974801334842 4.8908728839354356e-40 6.897097862039533e-40 3.478021931040917e-39 8.76479754536945e-38 3.8059859653896454e-35 2.448935624466319e-31 3.3805004687727417e-28 7.994782530740955e-28
0.0005166699617777604 4.793390021561613e-40 6.76773274185187e-40 3.459151313470867e-39 8.981899998218971e-38 4.0241858969991633e-35 2.623195935372148e-31 3.6193211410672567e-28 8.539245753534664e-28
0.0005287169374124361 4.697890210038128e-40 6.6409068472157855e-40 3.441112602264204e-39 9.206302660597888e-38 4.256416851280528e-35 2.8098965495137197e-31 3.8748579608069495e-28 9.119502443766105e-28
0.0005410448072981404 4.6043325582963024e-40 6.516569240104069e-40 3.423904938557731e-39 9.438261790681473e-38 4.503636156120831e-35 3.009926635584304e-31 4.148262275293109e-28 9.737776081866837e-28
0.0005536601209276797 4.512677027206152e-40 6.394670021945987e-40 3.407527941920308e-39 9.678045825305999e-38 4.766868236258951e-35 3.224238924621011e-31 4.44076220399641e-28 1.039628643044593e-27
0.0005665695805056229 4.422884411681532e-40 6.275160312168274e-40 3.391981718177732e-39 9.92593609887165e-38 5.047209361280636e-35 3.4538542512314494e-31 4.753668353386934e-28 1.1097625247557288e-27
0.0005797800445090163 4.334916323163926e-40 6.157992227183837e-40 3.377266867737913e-39 1.0182227599738267e-37 5.345832731125301e-35 3.6998664186859022e-31 5.088378065253703e-28 1.184431530955132e-27
0.0005932985313311235 4.2487351724764555e-40 6.043118859818173e-40 3.3633844944290975e-39 1.04472297659759e-37 5.663993923288541e-35 3.963447411181585e-31 5.446381094498817e-28 1.2638956377320673e-27
0.000607132223010125 4.164304153040355e-40 5.9304942591652705e-40 3.350336214864755e-39 1.0721267322563191e-37 6.003036727648393e-35 4.2458529779391e-31 5.829266236941204e-28 1.3484590777013908e-27
0.0006212884690447563 4.0815872244463215e-40 5.820073410862804e-40 3.338124168347481e-39 1.10046811623775e-37 6.364399396713538e-35 4.5484286153568435e-31 6.238726293809938e-28 1.4384180471339683e-27
0.0006357747902989163 4.000549096372967e-40 5.711812217778646e-40 3.326751027326688e-39 1.1297829273595543e-37 6.749621341091728e-35 4.872615975798095e-31 6.676564367769584e-28 1.5340613918918589e-27
0.0006505988829973161 3.921155212845012e-40 5.605667481099849e-40 3.316220008422399e-39 1.160108771641725e-37 7.160350302121379e-35 5.2199597334205e-31 7.14470242068102e-28 1.635749331296184e-27
0.0006657686228142928 3.843371736824826e-40 5.501596881815955e-40 3.3065348840294036e-39 1.1914851652336842e-37 7.598350035902643e-35 5.592114939057352e-31 7.645186660469673e-28 1.743832707927562e-27
0.0006812920690579615 3.767165535128161e-40 5.399558962587157e-40 3.297699994515709e-39 1.2239536429518116e-37 8.065508545422995e-35 5.99085489928803e-31 8.180194108233773e-28 1.8586197582635926e-27
0.0006971774689519261 3.692504163660085e-40 5.299513109990928e-40 3.2897202610280327e-39 1.2575578728175356e-37 8.563846900101322e-35 6.418079617248771e-31 8.75204407195334e-28 1.9805375060203436e-27
0.0007134332620168255 3.6193558529614147e-40 5.201419537138041e-40 3.282601198918857e-39 1.2923437770224437e-37 9.095528684892225e-35 6.875824834083969e-31 9.363203360741844e-28 2.1099899099465004e-27
0.0007300680845540431 3.547689494061373e-40 5.105239266650524e-40 3.2763489318078863e-39 1.328359659784603e-37 9.662870124107153e-35 7.366271714445091e-31 1.0016293903421708e-27 2.2473230483487307e-27
0.0007470907742339592 3.477474624628487e-40 5.01093411399396e-40 3.270970206291089e-39 1.365656342599289e-37 1.026835092833817e-34 7.891757222018083e-31 1.0714106168565546e-27 2.3930191484124754e-27
0.0007645103747911887 3.4086814154140288e-40 4.918466671157028e-40 3.266472407310374e-39 1.4042873074280997e-37 1.0914625916326965e-34 8.454785232854306e-31 1.1459605331259594e-27 2.5475416141371632e-27
0.0007823361408292924 3.341280656981669e-40 4.827800290670195e-40 3.2628635741960735e-39 1.4443088484123188e-37 1.1604537467325205e-34 9.058038439619486e-31 1.2255939212847698e-27 2.711267058316561e-27
0.00080057754273752 3.2752437467173802e-40 4.7388990699574524e-40 3.260152417394747e-39 1.4857802327402766e-37 1.2341128863456319e-34 9.704391103416114e-31 1.3106455052501256e-27 2.8847603499633883e-27
0.0008192442717221943 3.2105426761132254e-40 4.651727836013136e-40 3.2583483358929426e-39 1.5287638713438826e-37 1.3127658585837617e-34 1.0396922711294458e-30 1.4014703839291433e-27 3.0684940670403777e-27
0.0008383462449554094 3.147150018319754e-40 4.56625213039802e-40 3.257461435348137e-39 1.5733255001470272e-37 1.3967615632769404e-34 1.1138932605490374e-30 1.4984453575692567e-27 3.262958097513434e-27
0.0008578936108437789 3.085038915960933e-40 4.48243819454701e-40 3.2575025469367525e-39 1.6195343726383388e-37 1.4864735933173235e-34 1.1933955652370227e-30 1.6019703167553702e-27 3.4687395597712344e-27
0.0008778967544200344 3.024183069206292e-40 4.400252955382827e-40 3.258483246927923e-39 1.667463464592925e-37 1.5823019933682392e-34 1.278577902388321e-30 1.71246891077477e-27 3.686319817877823e-27
0.000898366302860337 2.964556724094486e-40 4.3196640112283e-40 3.2604158769912565e-39 1.7171896918233912e-37 1.6846751443383162e-34 1.3698460171894462e-30 1.830390427088287e-27 3.916329150644885e-27
0.0009193131311302326 2.906134661103407e-40 4.240639618012018e-40 3.263313565245196e-39 1.7687941418984421e-37 1.7940517826200848e-34 1.4676346077435325e-30 1.956210490118294e-27 4.1593202949687034e-27
0.0009407483677622533 2.848892183961072e-40 4.163148675760328e-40 3.267190248051611e-39 1.822362320830399e-37 1.9109231637349942e-34 1.5724093866796591e-30 2.0904326928148916e-27 4.415892839721456e-27
0.000962683400768232 2.7928051086928346e-40 4.087160715370551e-40 3.272060692560564e-39 1.8779844157989014e-37 2.035815380715164e-34 1.6846692889640256e-30 2.2335898620428118e-27 4.686665046563597e-27
0.000985129883689471 2.7378497528989612e-40 4.012645885658337e-40 3.2779405200077736e-39 1.9357555750494747e-37 2.1692918482903737e-34 1.804948836261834e-30 2.3862454458179963e-27 4.972274338211754e-27
0.0010080997417879817 2.684002925258984e-40 3.939574940675106e-40 3.284846229765703e-39 1.995776206182864e-37 2.311955964739389e-34 1.9338206688616107e-30 2.5489948987147968e-27 5.2733725825104734e-27
0.0010316051783820807 2.6312419152567396e-40 3.867919227287848e-40 3.2927952241468776e-39 2.0581522941322494e-37 2.4644539641124295e-34 2.0718982569481545e-30 2.7224670238589872e-27 5.590582666709771e-27
0.0010556586813297128 2.5795444831220483e-40 3.797650673017962e-40 3.30180583395691e-39 2.1229957402147546e-37 2.6274779724400767e-34 2.2198388038674964e-30 2.9073256545239726e-27 5.924606176225623e-27
0.0010802730296629402 2.5288888499847316e-40 3.7287417741318176e-40 3.311897344791848e-39 2.1904247237389416e-37 2.801769282517351e-34 2.3783463548249514e-30 3.1042711924099125e-27 6.276203960797503e-27
0.001105461300377127 2.4792536882356188e-40 3.6611655839791857e-40 3.3230900240726034e-39 2.2605640877530086e-37 2.988121862895145e-34 2.5481751253193076e-30 3.3140408306814095e-27 6.645802206040164e-27
0.0011312368753784248 2.430618112090953e-40 3.594895701573496e-40 3.335405148806934e-39 2.333545750629239e-37 3.187386117829742e-34 2.7301330652273737e-30 3.537412747705611e-27 7.034416101096686e-27
0.0011576134485932472 2.3829616683553346e-40 3.529906260409228e-40 3.3488650340671974e-39 2.4095091453000606e-37 3.4004729161390475e-34 2.9250856741347828e-30 3.775204898070693e-27 7.442678007192437e-27
0.0011846050332435167 2.336264327379531e-40 3.46617191751145e-40 3.363493062169206e-39 2.488601688090114e-37 3.628357908199082e-34 3.1339600862994136e-30 4.028276689149368e-27 7.871010581037812e-27
0.0012122259692915415 2.290506474208352e-40 3.4036678427126532e-40 3.379313712535815e-39 2.5709792792275725e-37 3.8720861516902985e-34 3.357749444075996e-30 4.29753338526443e-27 8.32053919395059e-27
0.0012404909310584848 2.2456688999151894e-40 3.342369708151862e-40 3.396352592225765e-39 2.6568068372678005e-37 4.132777068178263e-34 3.597517579045468e-30 4.583924247748624e-27 8.791971347077568e-27
0.0012694149350204683 2.2017327931188712e-40 3.2822536779920327e-40 3.414636467106308e-39 2.7462588698231925e-37 4.411629754193957e-34 3.854404023167233e-30 4.888443084751637e-27 9.285464401573573e-27
0.0012990133477864558 2.158679731679213e-40 3.223296398350306e-40 3.434193293645861e-39 2.839520083166649e-37 4.709928672172634e-34 4.1296293733441815e-30 5.212135267611609e-27 9.802359500654066e-27
0.0013293018942621524 2.116491674567234e-40 3.165474987437525e-40 3.4550522513007756e-39 2.936786033462047e-37 5.0290497484247885e-34 4.42450103221677e-30 5.556093917817397e-27 1.0343500762609834e-26
0.001360296666004259 2.0751509539066076e-40 3.1087670259020163e-40 3.4772437754683367e-39 3.0382638225753163e-37 5.370466907258276e-34 4.740419352682379e-30 5.921458696665491e-27 1.0908673400516888e-26
0.001392014129769518 2.034640267182438e-40 3.0531505473735883e-40 3.500799590976743e-39 3.14417284163458e-37 5.735759072453788e-34 5.078884215078507e-30 6.309426290026556e-27 1.1499408235352557e-26
0.0014244711362630968 1.9949426696140463e-40 2.9986040292039115e-40 3.525752746081922e-39 3.2547455657383047e-37 6.126617669529359e-34 5.4415020639929764e-30 6.721243976480703e-27 1.2116598302169627e-26
0.0014576849290909482 1.9560415666883387e-40 2.9451063833984875e-40 3.552137646939597e-39 3.3702284034581723e-37 6.544854664622082e-34 5.829993438738933e-30 7.158207958514352e-27 1.2759976901112922e-26
0.0014916731539209149 1.917920706849935e-40 2.892636947736801e-40 3.579990092521947e-39 3.4908826050484907e-37 6.992411178379458e-34 6.246201032371875e-30 7.621673967281579e-27 1.3430944056979495e-26
0.0015264538678574353 1.8805641743453368e-40 2.8411754770764714e-40 3.6093473099479574e-39 3.6169852335589357e-37 7.471366715999062e-34 6.692098312561397e-30 8.113051492931941e-27 1.4130538771408539e-26
0.0015620455490348386 1.8439563822173738e-40 2.790702134837782e-40 3.640247990199635e-39 3.7488302033520685e-37 7.983949057499787e-34 7.169798744738317e-30 8.633798446926964e-27 1.4858163312076234e-26
0.0015984671064343198 1.8080820654470449e-40 2.741197484664274e-40 3.672732324196344e-39 3.886729390854637e-37 8.53254485546155e-34 7.681565661125904e-30 9.185436662412779e-27 1.5615599381062467e-26
0.0016357378899298156 1.772926274239477e-40 2.692642482256729e-40 3.706842039206153e-39 4.031013822721667e-37 9.11971099084983e-34 8.229822814289117e-30 9.769538421382124e-27 1.6403278369009202e-26
0.0016738777005681136 1.7384743674511865e-40 2.6450184673756537e-40 3.7426204355759434e-39 4.182034946967287e-37 9.748186741162871e-34 8.817165666978706e-30 1.0387728681157876e-26 1.7221253350704438e-26
0.0017129068010886602 1.7047120061551416e-40 2.5983071560102112e-40 3.7801124237699216e-39 4.340165993019384e-37 1.042090681901939e-33 9.446373467414471e-30 1.1041693419804906e-26 1.807107951383156e-26
0.0017528459266886532 1.6716251473414547e-40 2.5524906327085827e-40 3.8193645617136424e-39 4.5058034270839905e-37 1.1141015343462267e-33 1.0120422159732024e-29 1.1733163189251597e-26 1.8952205340274885e-26
0.00179371629603914 1.6392000377500268e-40 2.50755134306782e-40 3.8604250924515003e-39 4.679368509667539e-37 1.191188081070821e-33 1.0842498193212796e-29 1.2463930622407727e-26 1.9866231931730064e-26
0.0018355396225579732 1.607423207833191e-40 2.463472086378897e-40 3.903343982137156e-39 4.861308962597395e-37 1.2737112135846598e-33 1.1616013282720985e-29 1.3235832484234772e-26 2.0813109778673843e-26
0.0018783381259456144 1.5762814658447596e-40 2.4202360084242734e-40 3.948172958391415e-39 5.0521007534094445e-37 1.3620575842105522e-33 1.2444620192114977e-29 1.4050758887392748e-26 2.179354179397133e-26
0.0019221345439899109 1.5457618920535197e-40 2.3778265944243447e-40 3.994965549078805e-39 5.252250005536437e-37 1.4566414479782073e-33 1.333222960413837e-29 1.4910646987930539e-26 2.2808050226700953e-26
0.001966952144646121 1.5158518330780892e-40 2.3362276621303484e-40 4.043777121573177e-39 5.462295043334584e-37 1.5579066362806593e-33 1.428302815222873e-29 1.5817480168274607e-26 2.3857208307686002e-26
0.0020128147383986056 1.4865388963407846e-40 2.2954233550597444e-40 4.094664922605728e-39 5.682808581633283e-37 1.666328671720094e-33 1.5301497690812998e-29 1.677328458889212e-26 2.4941261864206474e-26
0.002059746690910748 1.4578109446378433e-40 2.2553981358722533e-40 4.147688118813303e-39 5.914400070183347e-37 1.782417034243196e-33 1.6392435887046856e-29 1.778012705117341e-26 2.6060813845530004e-26
0.0021077729359698315 1.4296560908237328e-40 2.2161367798827028e-40 4.202907838133127e-39 6.157718204119548e-37 1.9067175893884244e-33 1.7560978221216365e-29 1.884011128702005e-26 2.7216761946465016e-26
0.0021569189887337423 1.4020626926069542e-40 2.177624368707988e-40 4.2603872122217336e-39 6.41345361234295e-37 2.0398151902414063e-33 1.8812621490460533e-29 1.995538368985254e-26 2.840842648127426e-26
0.002207210959286545 1.3750193474551036e-40 2.1398462840460116e-40 4.320191420109925e-39 6.682341736574823e-37 2.1823364655237485e-33 2.0153248906903175e-29 2.112809449192904e-26 2.9637439039093126e-26
0.0022586755665101248 1.348514887606734e-40 2.102788201583148e-40 4.3823877333427856e-39 6.965165914737697e-37 2.3349528071292422e-33 2.1589156915527941e-29 2.2360458339537203e-26 3.090340085817389e-26
0.0023113401522792685 1.3225383751879806e-40 2.066436085027679e-40 4.447045562895089e-39 7.2627606832839445e-37 2.498383571372633e-33 2.3127083811520953e-29 2.365469231006042e-26 3.2207092777244705e-26
0.0023652326959877285 1.297079097431563e-40 2.030776180267049e-40 4.514236508194884e-39 7.576015314127142e-37 2.673399509236595e-33 2.4774240299718115e-29 2.5013009556848435e-26 3.354895028074534e-26
0.0024203818294129824 1.2721265619960371e-40 1.9957950096460943e-40 4.584034408634363e-39 7.905877602933519e-37 2.8608264419949792e-33 2.6538342125075335e-29 2.643768395261223e-26 3.4928841381556885e-26
0.0024768168519275916 1.2476704923832101e-40 1.9614793663633664e-40 4.656515397996724e-39 8.25335792671174e-37 3.0615491997605634e-33 2.8427644873914115e-29 2.7930976753954115e-26 3.6348281114380975e-26
0.002534567746065232 1.2237008234517518e-40 1.9278163089835813e-40 4.73175796227601e-39 8.619533589900358e-37 3.276515841760486e-33 3.0450981112867014e-29 2.9495108741911955e-26 3.7805791710357875e-26
0.0025936651934496745 1.2002076970246923e-40 1.8947931560639883e-40 4.8098430014212795e-39 9.005553479499866e-37 3.506742178486106e-33 3.261780003211725e-29 3.1132375837697103e-26 3.930367786317995e-26
0.0026541405910951734 1.1771814575889533e-40 1.862397480891725e-40 4.890853895588495e-39 9.412643051238368e-37 3.7533166173029764e-33 3.493820968771032e-29 3.284503918073073e-26 4.084130393169624e-26
0.0027160260680869266 1.1546126480853566e-40 1.8306171063300107e-40 4.974876576537403e-39 9.842109670299852e-37 4.017405354650008e-33 3.7423022055703525e-29 3.4635289635539815e-26 4.2418895191180816e-26
0.0027793545026504624 1.132492005786305e-40 1.7994400997713965e-40 5.061999604864596e-39 1.0295348331792007e-36 4.300257939609111e-33 4.0083801094081374e-29 3.6505385832285e-26 4.403742579230681e-26
0.002844159539619031 1.1108104582604177e-40 1.7688547681951956e-40 5.1523142538161556e-39 1.0773847787891522e-36 4.603213235395984e-33 4.2932913920069777e-29 3.84575458137389e-26 4.5697057258534283e-26
0.0029104756083082714 1.0895591194211492e-40 1.738849653327574e-40 5.2459146004744366e-39 1.1279197110490561e-36 4.927705807220446e-33 4.598358534756639e-29 4.0493894617039115e-26 4.7398115753591907e-26
