results/limits/BECCAL_f_6_phase.dat
# %ECSV 1.0
# ---
# datatype:
# - {name: mx, unit: MeV, datatype: float64}
# - {name: sigma_6, unit: cm2, datatype: float64}
# schema: astropy-2.0
mx sigma_6
3.162277660168379e-07 4.0890003493496206e-36
3.2360111549336787e-07 4.4372995819553945e-36
3.311463862505236e-07 4.8170358330349364e-36
3.388675869043115e-07 5.2311355110320856e-36
3.4676881953794695e-07 5.6828039685299175e-36
3.548542818811901e-07 6.175551807534989e-36
3.6312826954049566e-07 6.713223802845965e-36
3.715951782811629e-07 7.300030699436671e-36
3.8025950636269697e-07 7.940584148590901e-36
3.89125856928623e-07 8.639935065725553e-36
3.9819894045202297e-07 9.403615719461641e-36
4.0748357723809307e-07 1.0237685894742982e-35
4.169846999850535e-07 1.1148783510820713e-35
4.2670735640476865e-07 1.2144180116400896e-35
4.3665671190447213e-07 1.3231841728615976e-35
4.4683805233101997e-07 1.4420495529155015e-35
4.572567867791303e-07 1.5719702981595733e-35
4.6791845046510194e-07 1.7139939988088357e-35
4.788287076675383e-07 1.8692684744904114e-35
4.899933547366384e-07 2.0390514064574012e-35
5.014183231736547e-07 2.2247208869402377e-35
5.131096827821533e-07 2.4277869607572426e-35
5.250736448927506e-07 2.6499043042439215e-35
5.373165656630395e-07 2.8928859813674744e-35
5.4984494945446e-07 3.158718507303079e-35
5.626654522879044e-07 3.4495781583739103e-35
5.757848853798981e-07 3.7678485762047877e-35
5.892102187612295e-07 4.11613961356863e-35
6.029485849799565e-07 4.4973072964985957e-35
6.17007282890752e-07 4.914480352932556e-35
6.313937815326057e-07 5.371063502274549e-35
6.461157240969403e-07 5.870782316341293e-35
6.611809319882495e-07 6.417690588149195e-35
6.765974089794179e-07 7.016245650051469e-35
6.923733454639272e-07 7.67114848781957e-35
7.085171228072106e-07 8.387730479485424e-35
7.250373177994646e-07 9.171346806096091e-35
7.419427072122865e-07 1.0028386660624839e-34
7.592422724615558e-07 1.0964710439133626e-34
7.769452043790388e-07 1.1988075901170654e-34
7.950609080952509e-07 1.3104471019140711e-34
8.135990080361694e-07 1.4323561270874733e-34
8.325693530364543e-07 1.565071910174906e-34
8.519820215718901e-07 1.7098463509006323e-34
8.718473271138315e-07 1.8674579966914497e-34
8.921758236084957e-07 2.0383103722851396e-34
9.12978311084014e-07 2.22442752533564e-34
9.342658413882192e-07 2.426482078690863e-34
9.560497240602198e-07 2.6456467386180105e-34
9.78341532338879e-07 2.8814074675600706e-34
1.0011531093113902e-06 3.1381255043231082e-34
1.0244965742052174e-06 3.4158635563195935e-34
1.048384328826741e-06 3.7161541793793116e-34
1.0728290641500308e-06 4.036248320678933e-34
1.0978437670592484e-06 4.3857382128866016e-34
1.1234417272482566e-06 4.763042941841062e-34
1.149636544281106e-06 5.170309282008796e-34
1.1764421348171486e-06 5.609898261904255e-34
1.2038727400046132e-06 6.084411213181784e-34
1.2319429330465773e-06 6.596717478826285e-34
1.2606676269433496e-06 7.134061056638915e-34
1.2900620824153782e-06 7.729017727432089e-34
1.3201419160108953e-06 8.37192846044575e-34
1.3509231084026028e-06 9.067015327507875e-34
1.38242201287781e-06 9.818932942664698e-34
1.4146553640265304e-06 1.0632808830784902e-33
1.447640286632156e-06 1.1514287033886034e-33
1.4813943047694329e-06 1.2469575412926206e-33
1.5159353511145682e-06 1.3505497142183294e-33
1.5512817764724183e-06 1.4629546929701424e-33
1.587452359525819e-06 1.5849952532707474e-33
1.6244663168122348e-06 1.7175742173374803e-33
1.6623433129330315e-06 1.861681849971705e-33
1.7011034710007933e-06 2.0096386129172798e-33
1.740767383330235e-06 2.1791207152255346e-33
1.7813561223783898e-06 2.3636081824487567e-33
1.8228912519398869e-06 2.5645209542546955e-33
1.8653948386032614e-06 2.783414851460964e-33
1.908889463474389e-06 3.0219944526323252e-33
1.9533982341732686e-06 3.282127230410884e-33
1.9989447971105317e-06 3.5658590676894574e-33
2.045553350050195e-06 3.875431285103659e-33
2.0932486549653353e-06 4.213299323888619e-33
2.1420560511935146e-06 4.582153242022159e-33
2.192001468898943e-06 4.984940196863361e-33
2.2431114428485372e-06 5.424889104282987e-33
2.2954131265091837e-06 5.905537682747699e-33
2.3489343064737076e-06 6.430762111058778e-33
2.403703417223201e-06 7.004809550666993e-33
2.4597495562335635e-06 7.63233380782897e-33
2.5171024994342686e-06 8.318434437598222e-33
2.575792717027583e-06 9.068699620884789e-33
2.635851389676631e-06 9.889253177933667e-33
2.6973104250709106e-06 1.0786806116746418e-32
2.760202474878063e-06 1.1768713153515613e-32
2.8245609520908932e-06 1.2843034684430683e-32
2.8904200487788716e-06 1.4018604734563276e-32
2.9578147542535346e-06 1.530510546033943e-32
3.026780873657441e-06 1.6713148837799559e-32
3.097355046986562e-06 1.82543662299736e-32
3.1695747685562034e-06 1.994150659359926e-32
3.2434784069208122e-06 2.1788544158887425e-32
3.319105225258239e-06 2.3810796496529106e-32
3.3964954022292982e-06 2.60250539744204e-32
3.4756900533236943e-06 2.844972170336855e-32
3.5567312527036693e-06 3.1311751560502504e-32
3.6396620555569646e-06 3.423987908629901e-32
3.7245265209709786e-06 3.744690034269595e-32
3.811369735340273e-06 4.0959581310992e-32
3.900237836319859e-06 4.4807264434499685e-32
3.991178037336996e-06 4.9022117054616285e-32
4.0842386526745176e-06 5.363940382053823e-32
4.179469123139017e-06 5.869778538694583e-32
4.2769200423275275e-06 6.423964593728074e-32
4.376643183506652e-06 7.031145231535335e-32
4.478691527118417e-06 7.69641478165429e-32
4.583119288927478e-06 8.425358398461933e-32
4.689981948824612e-06 9.224099408301411e-32
4.799336280301815e-06 1.0099351226388595e-31
4.911240380614659e-06 1.1058474284656335e-31
5.0257537016479225e-06 1.2109538454272316e-31
5.142937081500915e-06 1.3261391493314617e-31
5.262852776809252e-06 1.4523734101254537e-31
5.385564495820272e-06 1.5907202218081668e-31
5.511137432239651e-06 1.7423457267464873e-31
5.639638299867211e-06 1.9085285110894868e-31
5.771135368040315e-06 2.09067045537438e-31
5.905698497903673e-06 2.2903086325424114e-31
6.043399179524854e-06 2.509128354480225e-31
6.184310569875183e-06 2.7489774779665502e-31
6.32850753169624e-06 3.011882091609148e-31
6.47606667327258e-06 3.3000637170898337e-31
6.627066389131828e-06 3.6159581709092955e-31
6.781586901693754e-06 3.9622362469364385e-31
6.939710303890459e-06 4.34182639553718e-31
7.101520602780329e-06 4.757939592026854e-31
7.267103764178904e-06 5.214096605799422e-31
7.436547758330399e-06 5.714157901882401e-31
7.609942606644117e-06 6.262356429038766e-31
7.787380429520604e-06 6.863333573066606e-31
7.968955495292936e-06 7.52217858083807e-31
8.15476427030917e-06 8.244471790115779e-31
8.344905470182516e-06 9.03633203251653e-31
8.539480112236516e-06 9.904468612447644e-31
8.738591569173047e-06 1.0856238303726445e-30
8.942345623991688e-06 1.189970784820615e-30
9.150850526189614e-06 1.3043722487483467e-30
9.364217049271877e-06 1.4297981110021596e-30
9.58255854960264e-06 1.5673118652173947e-30
9.805991026628606e-06 1.718079645326654e-30
1.0034633184506672e-05 1.883380133240119e-30
1.0268606495168497e-05 2.0646154228746084e-30
1.0508035262855554e-05 2.2633229328264654e-30
1.07530466901589e-05 2.481188468892385e-30
1.1003770945598772e-05 2.7200605473999904e-30
1.1260341232779899e-05 2.9819661010202198e-30
1.1522893861159297e-05 3.26912770046593e-30
1.1791568318464117e-05 3.5839824383522045e-30
1.206650734479802e-05 3.929202635600301e-30
1.2347857008475478e-05 4.307718546239333e-30
1.263576678362426e-05 4.722743253412524e-30
1.293038962959737e-05 5.177799967997338e-30
1.3231882072236462e-05 5.676751961628433e-30
1.3540404287030327e-05 6.223835388261001e-30
1.3856120184212054e-05 6.823695272923518e-30
1.4179197495840522e-05 7.481424973157269e-30
1.4509807864912299e-05 8.202609448107884e-30
1.484812693655133e-05 8.993372702505507e-30
1.5194334451324849e-05 9.86042980817892e-30
1.5548614340735104e-05 1.0891164203923241e-29
1.5911154824937624e-05 1.1941336356029736e-29
1.6282148512737936e-05 1.3092838526151393e-29
1.6661792503919872e-05 1.4355450224340312e-29
1.7050288493959805e-05 1.5739894779222457e-29
1.7447842881182494e-05 1.7257930406579363e-29
1.785466687641539e-05 1.8922450061464704e-29
1.8270976615199758e-05 2.0747590920462406e-29
1.869699327261814e-05 2.274885442216562e-29
1.91329431807992e-05 2.494323788332371e-29
1.957905794916243e-05 2.73493788060867e-29
2.003557458746648e-05 2.998771309899823e-29
2.0502735631726606e-05 3.28806485521912e-29
2.0980789273068064e-05 3.6052755036049085e-29
2.1469989489583918e-05 3.953097303402417e-29
2.1970596181267336e-05 4.334484227514609e-29
2.2482875308090033e-05 4.7526752401531394e-29
2.3007099031300245e-05 5.211221779225224e-29
2.354354585801526e-05 5.714017886874328e-29
2.4092500789185385e-05 6.26533324304047e-29
2.4654255471007912e-05 6.869849381390537e-29
2.5229108349871537e-05 7.532699393784406e-29
2.5817364830913554e-05 8.259511458851618e-29
2.641933744027406e-05 9.056456562462879e-29
2.7035345991133382e-05 9.930300813150307e-29
2.7665717753620915e-05 1.0888462794241874e-28
2.8310787628685666e-05 1.193907643676271e-28
2.8970898326020842e-05 1.3091059943661553e-28
2.964640054613707e-05 1.435419134664917e-28
3.033765316668089e-05 1.5739191332728478e-28
3.104502343309761e-05 1.7257814038403218e-28
3.176888715373972e-05 1.8922946576452382e-28
3.25096288995246e-05 2.074871813326479e-28
3.326764220824756e-05 2.27506195549245e-28
3.4043329793658724e-05 2.494563442795963e-28
3.483710375941493e-05 2.7352382756801937e-28
3.5649385818020195e-05 2.9991278445301935e-28
3.648060751487119e-05 3.2884701904703526e-28
3.73312104575266e-05 3.6057189236815355e-28
3.820164655032238e-05 3.953563957915796e-28
3.90923782344573e-05 4.334954234994147e-28
4.0003878733676586e-05 4.7531226296384745e-28
4.093663230568398e-05 5.211613243077494e-28
4.1891134499415887e-05 5.714311313708379e-28
4.2867892418314344e-05 6.265475994760057e-28
4.386742498973848e-05 6.869776272645644e-28
4.489026324065786e-05 7.532330325656107e-28
4.5936950579773975e-05 8.258748651011844e-28
4.700804308621986e-05 9.055181319413105e-28
4.8104109804991236e-05 9.928369750111536e-28
4.922573304926602e-05 1.0885703436743518e-27
5.0373508709772956e-05 1.193528209474046e-27
5.154804657137365e-05 1.3085983745537664e-27
5.27499706370262e-05 1.4347539301311087e-27
5.397991945930254e-05 1.5730614267015368e-27
5.5238546479635675e-05 1.7246898234464844e-27
5.6526520375476976e-05 1.890920290644293e-27
5.784452541554797e-05 2.0731569458023794e-27
5.9193261823375433e-05 2.272938611775817e-27
6.057344614930286e-05 2.491951693383874e-27
6.198581165117595e-05 2.7320442780489166e-27
6.34311086839044e-05 2.9952415757610655e-27
6.491010509810695e-05 3.283762824453036e-27
6.642358664805138e-05 3.60003979850705e-27
6.797235740910648e-05 3.9467370708846876e-27
6.955724020492732e-05 4.326774193282587e-27
7.117907704460117e-05 4.743349973831288e-27
7.283872956998614e-05 5.1999690484148906e-27
7.453707951348025e-05 5.700470959614411e-27
7.627502916646401e-05 6.249061976898836e-27
7.805350185866558e-05 6.850349912983792e-27
7.987344244870308e-05 7.509382214461088e-27
8.173581782606456e-05 8.231687630066433e-27
8.364161742479263e-05 9.023321787277842e-27
8.559185374914618e-05 9.890917037913825e-27
8.758756291151902e-05 1.0841736965536207e-26
8.96298051829007e-05 1.1883735982889567e-26
9.17196655561724e-05 1.3025624485446595e-26
9.385825432253677e-05 1.427694006877672e-26
9.604670766138824e-05 1.5648125362084792e-26
9.828618824393714e-05 1.7150613078946044e-26
0.00010057788585090809 1.8796918938793913e-26
0.00010292301800464121 2.0600743169605647e-26
0.00010532283061593165 2.2577081363770315e-26
0.00010777859864595113 2.4742345525412177e-26
0.00011029162678360347 2.7114496219285355e-26
0.00011286325013867351 2.9713186808454556e-26
0.00011549483495113791 3.2559920851570954e-26
0.00011818777931701482 3.567822381976929e-26
0.0001209435139311377 3.909383038969999e-26
0.00012376350284724815 4.283488867316704e-26
0.00012664924425581149 4.693218285379718e-26
0.00012960227127996844 5.141937582107447e-26
0.00013262415279004548 5.633327351852877e-26
0.00013571649423705693 6.171411285923075e-26
0.0001388809385056415 6.760587520576206e-26
0.00014211916678688624 7.405662756694019e-26
0.00014543289947150178 8.111889382629168e-26
0.0001488238970638237 8.885005849216771e-26
0.00015229396111712465 9.731280564148835e-26
0.00015584493519073535 1.0657559592394437e-25
0.00015947870582948208 1.167131846976116e-25
0.00016319720356596128 1.2780718457926002e-25
0.00016700240394618395 1.3994667591895417e-25
0.00017089632857913436 1.5322886893904031e-25
0.000174881046210801 1.6775982152117185e-25
0.00017895867382325032 1.8365521687417268e-25
0.0001831313777593269 2.0104120557353816e-25
0.00018740137487357792 2.200553167224888e-25
0.00019177093371001327 2.4084744325356795e-25
0.000196242375707327 2.6358090665690045e-25
0.00020081807643222024 2.884336066849303e-25
0.00020550046684148122 3.155992618490135e-25
0.0002102920345734925 3.4528874677517597e-25
0.0002151953252698519 3.777315327311265e-25
0.00022021294392780895 4.1317723785944904e-25
0.00022534755628423554 4.51897293855906e-25
0.0002306018902318662 4.9418673599938825e-25
0.00023597873726856003 5.403661235838017e-25
0.0002414809539803547 5.907835978800715e-25
0.0002471114635590999 6.4581708479351625e-25
0.00025287325735547713 7.0587664935255925e-25
0.00025876939646823026 7.714070090335882e-25
0.00026480301337045197 8.428902127361787e-25
0.000270977313573789 9.208484919036409e-25
0.00027729557733145163 1.0058472898147381e-24
0.00028376116138093086 1.0984984745470186e-24
0.0002903775007273506 1.1994637402796016e-24
0.00029714811046840066 1.3094582007630106e-24
0.00030407658766182135 1.429254177565415e-24
0.00031116661323643183 1.5596851843856737e-24
0.0003184219539477161 1.7016501070869713e-24
0.00032584646437900766 1.856117577191704e-24
0.00033344408898933415 2.0241305343894347e-24
0.0003412188642090111 2.2068109710366887e-24
0.0003491749205840977 2.4053648487965862e-24
0.0003573164849708539 2.6210871741804742e-24
0.0003656478827813646 2.8553672162131967e-24
0.0003741735402815245 3.1096938451867668e-24
0.0003828979869426037 3.385660967074967e-24
0.000391825857847644 3.6849730231096815e-24
0.000400961896153964 4.0094505185527394e-24
0.0004103109556130814 4.3610355389138865e-24
0.0004198780031493915 4.741797205465937e-24
0.00042966812149897106 5.153937015245357e-24
0.000439686511909911 5.59979400350948e-24
0.0004499384969056106 6.081849659401233e-24
0.00046042952311250296 6.6027325178163784e-24
0.0004711651641537129 7.165222342454177e-24
0.00048215112361018567 7.772253807773091e-24
0.0004933932380508582 8.426919579028405e-24
0.0005048974801334842 9.13247268259969e-24
0.0005166699617777604 9.892328051645004e-24
0.0005287169374124361 1.0710063125213645e-23
0.0005410448072981404 1.1589417374041249e-23
0.0005536601209276797 1.2534290621051492e-23
0.0005665695805056229 1.3548740021679743e-23
0.0005797800445090163 1.463697556795684e-23
0.0005932985313311235 1.5803353979856116e-23
0.000607132223010125 1.7052370851730247e-23
0.0006212884690447563 1.838865092477586e-23
0.0006357747902989163 1.9816936366285175e-23
0.0006505988829973161 2.1342072947541396e-23
0.0006657686228142928 2.296899402553002e-23
0.0006812920690579615 2.4702702253812542e-23
0.0006971774689519261 2.654824896706315e-23
0.0007134332620168255 2.851071121343588e-23
0.0007300680845540431 3.0595166432808694e-23
0.0007470907742339592 3.2806664817401677e-23
0.0007645103747911887 3.51501994231904e-23
0.0007823361408292924 3.763067414313695e-23
0.00080057754273752 4.025286969216084e-23
0.0008192442717221943 4.302140780060422e-23
0.0008383462449554094 4.594071385358494e-23
0.0008578936108437789 4.9014978264281827e-23
0.0008778967544200344 5.2248116909164237e-23
0.000898366302860337 5.564373099774701e-23
0.0009193131311302326 5.920506678793623e-23
0.0009407483677622533 6.293497559942094e-23
0.000962683400768232 6.683587459317695e-23
0.000985129883689471 7.090970883289296e-23
0.0010080997417879817 7.515791513312211e-23
0.0010316051783820807 7.958138823058254e-23
0.0010556586813297128 8.41804497922232e-23
0.0010802730296629402 8.895482078384759e-23
0.001105461300377127 9.390359767665549e-23
0.0011312368753784248 9.902523296010212e-23
0.0011576134485932472 1.0431752036264015e-22
