results/limits/BECCAL_f_6.dat
# %ECSV 1.0
# ---
# datatype:
# - {name: mx, unit: MeV, datatype: float64}
# - {name: sigma_6, unit: cm2, datatype: float64}
# schema: astropy-2.0
mx sigma_6
[from data line 359]
0.0012404909310584848 6.717465181537765e-27
0.0012694149350204683 6.872634252406311e-27
0.0012990133477864558 7.024114072400836e-27
0.0013293018942621524 7.17150475130027e-27
0.001360296666004259 7.314418450963319e-27
0.001392014129769518 7.45248187376529e-27
0.0014244711362630968 7.585338635563661e-27
0.0014576849290909482 7.71265149516171e-27
0.0014916731539209149 7.834104414454713e-27
0.0015264538678574353 7.949404426139784e-27
0.0015620455490348386 8.058283288976929e-27
0.0015984671064343198 8.16049891402618e-27
0.0016357378899298156 8.255836548977721e-27
0.0016738777005681136 8.344109711535793e-27
0.0017129068010886602 8.425160866730012e-27
0.0017528459266886532 8.498861846929917e-27
0.00179371629603914 8.565114017099105e-27
0.0018355396225579732 8.623848191441522e-27
0.0018783381259456144 8.675024310901547e-27
0.0019221345439899109 8.718630894042233e-27
0.001966952144646121 8.754684276304902e-27
0.0020128147383986056 8.783227655232685e-27
0.002059746690910748 8.804329960555458e-27
0.0021077729359698315 8.818084569899729e-27
0.0021569189887337423 8.824607891444141e-27
0.002207210959286545 8.824037835533059e-27
0.0022586755665101248 8.81653219730502e-27
0.0023113401522792685 8.802266972103315e-27
0.0023652326959877285 8.781434624838139e-27
0.0024203818294129824 8.754242333542857e-27
0.0024768168519275916 8.720910226204607e-27
0.002534567746065232 8.68166962858819e-27
0.0025936651934496745 8.636761339178138e-27
0.0026541405910951734 8.586433945839858e-27
0.0027160260680869266 8.53094219691722e-27
0.0027793545026504624 8.470545437849671e-27
0.002844159539619031 8.405506122652058e-27
0.0029104756083082714 8.336088407627846e-27
0.0029783379408076585 8.262556833577704e-27
0.0030477825906984404 8.185175100509403e-27
0.0031188464522080173 8.10420493793533e-27
0.0031915672798109355 8.019905072218434e-27
0.0032659837082868936 7.932530291278571e-27
0.003342135273246469 7.842330605874748e-27
0.0034200624321353945 7.749550505689628e-27
0.0034998065857286074 7.65442830766971e-27
0.0035814101001254554 7.557195593302144e-27
0.003664916329257761 7.45807673101586e-27
0.0037503696379226933 7.357288479325075e-27
0.0038378154253526898 7.255039666156679e-27
0.003927300149334948 7.151530939351954e-27
0.004018871350893299 7.046954583335572e-27
0.00411257767954558 6.941494396788792e-27
0.004208468919149921 6.835325626182066e-27
0.004306596014353682 6.728614950072709e-27
0.004407011097659079 6.621520509181757e-27
0.004509767517119906 6.514191977421985e-27
0.004614919864684026 6.406770669221624e-27
0.004722524005196735 6.299389678721945e-27
0.004832637106080367 6.1921740466460594e-27
0.004945317667705937 6.085240950898157e-27
0.005060625554472947 5.9786999172040426e-27
0.005178622026613854 5.8726530463784274e-27
0.005299369772740128 5.767195255061315e-27
0.005422932943147155 5.662414527036187e-27
0.0055493771838957115 5.558392172493654e-27
0.00567876967168809 5.455203092854661e-27
0.005811179149557424 5.3529160490294444e-27
0.0059466759633891655 5.2515939311615934e-27
0.006085332099294114 5.151294028199767e-27
0.006227221221852859 5.052068295773835e-27
0.006372418713251954 4.953963621088044e-27
0.006521001713332612 4.857022083697964e-27
0.006673049160573193 4.761281211211006e-27
0.006828641834027273 4.66677422909651e-27
0.006987862396239558 4.5735303039310855e-27
0.00715079543716245 4.4815747795287e-27
0.007317527519096606 4.3909294055152766e-27
0.007488147222679345 4.301612558015567e-27
0.007662745193945353 4.2136394522020274e-27
0.007841414192484688 4.127022346545442e-27
0.008024249140723652 4.04177073866897e-27
0.008211347174354735 3.957891552778091e-27
0.008402807693942412 3.8753893186880485e-27
0.008598732417732204 3.79426634251828e-27
0.008799225435691074 3.7145228691658854e-27
0.009004393264807849 3.636157236754978e-27
0.009214344905683071 3.559166023007944e-27
0.009429191900438323 3.483544184200486e-27
0.009649048391975805 3.409285186368773e-27
0.009874031184619632 3.336381129439323e-27
0.010104259806171096 3.2648228641702735e-27
0.01033985657141083 3.1946001025885517e-27
0.010580946647081629 3.1257015216818197e-27
0.010827658118386449 3.0581148609916675e-27
0.011080122057036918 2.991827014185184e-27
0.011338472590888495 2.9268241149798463e-27
0.01160284697519928 2.8630916174923615e-27
0.01187338566555036 2.8006143715268434e-27
0.012150232392466372 2.7393766928646984e-27
0.012433534237775993 2.6793624288123857e-27
0.01272344171275288 2.6205550193646203e-27
0.013020108838078586 2.5629375541424885e-27
0.013323693225669961 2.506492825296275e-27
0.013634356162414448 2.4512033766381287e-27
0.013952262695857842 2.3970515492603042e-27
0.014277581721889965 2.3440195236770143e-27
0.014610486074474885 2.2920893589555897e-27
0.014951152617473332 2.241243028712846e-27
0.015299762338606094 2.191462454390822e-27
0.015656500445608335 2.1427295358621676e-27
0.016021556464625875 2.095026179558541e-27
0.016395124340905766 2.0483343243357632e-27
0.016777402541834602 2.0026359650471115e-27
0.017168594162379338 1.9579131741948932e-27
0.01756890703298664 1.9141481215975676e-27
0.017978553829998065 1.871323092317214e-27
0.01839775218863974 1.8294205029142777e-27
0.01882672481864659 1.7884229161303522e-27
0.01926569962258253 1.748313054148016e-27
0.019714909816919448 1.7090738104775147e-27
0.020174594055939365 1.670688260622029e-27
0.02064499655852557 1.6331396715286667e-27
0.021126367237910063 1.5964115099954673e-27
0.021618961834446313 1.5604874500447867e-27
0.02212304205147776 1.5253513793776561e-27
0.022638875694374342 1.4909874049443904e-27
0.0231667368128109 1.4573798577371746e-27
0.02370690584636297 1.4245132968123276e-27
0.024259669773497434 1.3923725126545726e-27
0.024825322264037063 1.3609425298885726e-27
0.025404163835180054 1.3302086094190125e-27
0.025996502011157406 1.3001562500259661e-27
0.026602651486612925 1.2707711894730478e-27
0.027222934293792744 1.2420394051589903e-27
0.027857679973633073 1.2139471143556895e-27
0.02850722575083718 1.1864807740631962e-27
0.02917191671303455 1.1596270805190615e-27
0.029852105994117403 1.1333729683777807e-27
0.030548154961852016 1.107705609642203e-27
0.031260433409864494 1.0826124122764854e-27
0.031989319754103004 1.0580810186222521e-27
0.0327352012338808 1.0340993035871606e-27
0.03349847411760691 1.010655372630444e-27
0.034279543913313774 9.877375595957352e-28
0.03507882558409363 9.653344243743853e-28
0.03589674376855814 9.434347504306135e-28
0.03673373300643846 9.220275422058218e-28
0.037590237969445384 9.011020224212894e-28
0.038466713697512506 8.806476292780103e-28
0.03936362584054766 8.606540135787452e-28
0.04028145090582124 8.41111035773146e-28
0.04122067651112274 8.22008762950827e-28
0.04218180164382002 8.033374657952829e-28
0.043165336925959 7.8508761546359875e-28
0.044171804885544536 7.672498804571844e-28
0.04520174023414663 7.498151234724503e-28
0.046255690150979495 7.327743982169419e-28
0.047334214573604344 7.161189462220807e-28
0.048437886495410414 6.998401936519447e-28
0.04956729227003216 6.839297481020074e-28
0.05072303192286451 6.683793954167196e-28
0.051905719469841495 6.531810965043829e-28
0.05311598324364777 6.3832698417123365e-28
0.05435446622753626 6.238093599649887e-28
0.05562182639692926 6.09620691050141e-28
0.056918737068984544 5.957536070943741e-28
0.058245887260312136 5.822008971911442e-28
0.05960398205303182 5.689555067993356e-28
0.06099374296936585 5.560105347261731e-28
0.06241590835496589 5.433592301303384e-28
0.06387123377117784 5.3099498956807155e-28
0.06536049239645289 5.189113540716236e-28
0.06688447543711816 5.071020062576309e-28
0.06844399254772507 4.9556076749493885e-28
0.0700398722611988 4.842815950804659e-28
0.0716729624290174 4.732585794840453e-28
0.07334413067165428 4.6248594161519975e-28
0.07505426483952363 4.519580301402059e-28
0.07680427348467332 4.416693188365214e-28
0.07859508634347626 4.316144039922655e-28
0.08042765483057629 4.217880018462123e-28
0.08230295254435131 4.121849460708914e-28
0.08422197578416211 4.0280018529935584e-28
0.08618574407966152 3.936287806919995e-28
0.08819530073244539 3.846659035479917e-28
0.09025171337033296 3.759068329599971e-28
0.09235607451457113 3.6734695350961407e-28
0.09450950216026408 3.5898175300465885e-28
0.09671314037033632 3.5080682026011684e-28
0.09896815988334524 3.4281784291903683e-28
0.10127575873546546 3.3501060531654565e-28
0.10363716289697593 3.27380986382165e-28
0.10605362692358762 3.1992495758477386e-28
0.10852643462295801 3.1263858091683084e-28
0.11105689973674641 3.0551800691824303e-28
0.11364636663857243 2.985594727388944e-28
0.11629621104824843 2.9175930024142065e-28
0.1190078407626656 2.8511389414040266e-28
0.12178269640372161 2.7861974017908888e-28
0.12462225218368743 2.722734033448768e-28
0.1275280166884199 2.660715261199729e-28
0.13050153367883624 2.6001082676850484e-28
0.1335443829110759 2.5408809765875914e-28
0.13665818097578622 2.4830020362084656e-28
0.13984458215697693 2.4264408033813353e-28
0.14310527931090045 2.371167327721069e-28
0.14644200476542463 2.3171523362164436e-28
0.14985653124037576 2.2643672181474706e-28
0.15335067278934078 2.212784010300866e-28
0.1569262857634292 2.1623753825227215e-28
0.1605852697975066 2.1131146235722917e-28
0.16432956881942368 2.0649756272921166e-28
0.16816117208277714 2.0179328790471548e-28
0.172082115223751 1.9719614424799423e-28
0.1760944813425998 1.9270369465449836e-28
0.1802004021103484 1.8831355728217486e-28
0.18440205890129596 1.8402340431106698e-28
0.18870168395192646 1.7983096072890028e-28
0.1931015615468407 1.7573400314404175e-28
0.1976040292323402 1.717303586238099e-28
0.20221147905830805 1.6781790355892673e-28
0.20692635884904578 1.6399456255214749e-28
0.21175117350374192 1.6025830733182557e-28
0.2166884863272632 1.5660715568929526e-28
0.22174092039197504 1.5303917043966621e-28
0.22691115993131514 1.4955245840561106e-28
0.23220195176586036 1.4614516942361703e-28
0.2376161067626448 1.4281549537249061e-28
0.24315650132850383 1.39561669222913e-28
0.24882607893823822 1.3638196410867638e-28
0.25462785169840935 1.3327469241828734e-28
0.2605649019475973 1.3023820490690764e-28
0.26664038389397104 1.2727088982757997e-28
0.27285752529104135 1.243711720834276e-28
0.2792196291524867 1.215375123963201e-28
0.2857300755069626 1.1876840649662098e-28
0.2923923231938275 1.1606238432910266e-28
0.2992099117007387 1.1341800927831471e-28
0.3061864630440946 1.108338774094807e-28
0.31332568369332287 1.0830861672881416e-28
0.32063136654003577 1.0584088645729642e-28
0.3281073929131 1.034293763246287e-28
0.3357577346406907 1.010728058750292e-28
0.343586456160426 9.87699237920324e-29
0.3515977166787018 9.651950723626602e-29
0.359795772380376 9.432036119916857e-29
0.368184978689974 9.217131787125813e-29
0.3767697925856183 9.007123602390323e-29
0.38555477496691104 8.801900040628146e-29
0.394544593078027 8.601352115444085e-29
0.4037440229873054 8.40537332152837e-29
0.4131579521246571 8.213859578207216e-29
0.42279138187813525 8.026709174396772e-29
0.43264943025104924 7.843822714705183e-29
0.4427373345810337 7.665103066810835e-29
0.4530604543225162 7.490455310014073e-29
0.4636242738940635 7.319786684943133e-29
0.47443440559211736 7.153006544414042e-29
0.48549659257266914 6.990026305397174e-29
0.4968167119024568 6.830759402069385e-29
0.5084007776813051 6.675121239934348e-29
0.5202549442372687 6.523029150980866e-29
0.5323855093962742 6.374402349852309e-29
0.5447989178279997 6.22916189102826e-29
0.557501764469769 6.087230626946893e-29
0.5705007980302781 5.948533167111491e-29
0.5838029245750183 5.812995838093431e-29
0.5974152111952977 5.68054664447243e-29
0.6113448897628128 5.551115230631274e-29
0.6255993607717623 5.4246328434564e-29
0.6401861972705483 5.301032295839183e-29
0.6551131488851486 5.18024793105779e-29
0.6703881459363026 5.062215587918583e-29
0.686019303652694 4.946872566727025e-29
0.7020149264823721 4.8341575960107394e-29
0.7183835125046995 4.7240108000044715e-29
0.7351337579451718 4.6163736668802565e-29
0.7522745617955077 4.511189017684703e-29
0.7698150305414633 4.408400976002969e-29
0.7877644830008832 4.3079549382890004e-29
0.8061324552745581 4.209797544894241e-29
0.8249287058125218 4.113876651732675e-29
0.8441632205984669 4.0201413026097196e-29
0.8638462184550629 3.928541702165182e-29
0.8839881564729563 3.8390291894416226e-29
0.9045997355663667 3.751556212049567e-29
0.9256919061582187 3.6660763009204816e-29
0.9472758739978306 3.582544045635833e-29
0.9693631061142522 3.5009150703162994e-29
0.9919653369084147 3.421146010059614e-29
1.0150945743873274 3.343194487915048e-29
1.0387631065436362 3.267019092381524e-29
1.0629835078839296 3.192579355417552e-29
1.0877686461092637 3.119835730953284e-29
1.1131316889514546 3.048749573888223e-29
1.1390861111687691 2.979283119571648e-29
1.16564570170473 2.9113994637451064e-29
1.1928245710138414 2.845062542946478e-29
1.2206371585581264 2.780237115354884e-29
1.2490982404784545 2.7168887420775364e-29
1.2782229374447416 2.6549837688562935e-29
1.3080267226891875 2.594489308196912e-29
1.3385254302268237 2.5353732218999623e-29
1.369735263267732 2.4776041039929485e-29
1.4016728028254128 2.421151264049682e-29
1.4343550165258654 2.365984710889033e-29
1.4677992676220706 2.312075136646745e-29
1.5020233242186567 2.259393901207178e-29
1.5370453687116559 2.2079130169928413e-29
1.5728840074483612 2.157605134096854e-29
1.6095582806124205 2.1084435257574668e-29
1.6470876723394143 2.060402074160159e-29
1.6854921210682972 2.0134552565658803e-29
1.7247920301341966 1.9675781317529978e-29
1.7650082786082029 1.9227463267695857e-29
1.8061622323899016 1.8789360239866422e-29
1.848275755558551 1.8361239484463672e-29
1.8913712219889245 1.7942873554987642e-29
1.935471527238 1.7534040187197102e-29
1.9806001007088037 1.7134522181041965e-29
2.0267809180978715 1.674410728528619e-29
2.0740385141329463 1.636258808475771e-29
2.1223979956076717 1.5989761890167545e-29
2.171885054720213 1.5625430630438679e-29
2.222525982722885 1.526940074748579e-29
2.274347683890048 1.4921483093396058e-29
2.327377689811681 1.4581492829946097e-29
2.3816441740202396 1.4249249330415344e-29
2.437175966958554 1.3924576083627693e-29
2.4940025712967335 1.36073006001881e-29
2.552154177606206 1.329725432084666e-29
2.611661680399223 1.2994272526957619e-29
2.6725566945423505 1.2698194252972486e-29
2.7348715720526675 1.2408862200930429e-29
2.7986394192855935 1.2126122656895269e-29
2.863894114523477 1.1849825409295572e-29
2.9306703259742912 1.1579823669127143e-29
2.999003530189995 1.1315973991970599e-29
3.068930030914351 1.1058136201789034e-29
3.1404869783702067 1.0806173316457957e-29
3.21371238899649 1.0559951474995666e-29
3.2886451656454048 1.0319339866447885e-29
3.3653251182505572 1.0084210660395904e-29
3.443792984976987 9.85443893904508e-30
3.5240904538643507 9.629902630862943e-30
3.6062601849747473 9.410482445727523e-30
3.6903458330569543 9.196061811554064e-30
3.77639207073912 8.986526812365456e-30
3.8644446122622242 8.78176612777357e-30
3.9545502377669295 8.581670973839363e-30
4.046756818146711 8.386135045280464e-30
4.141113340480481 8.195054458995545e-30
4.237669934058216 8.00832769887533e-30
4.336477897013409 7.825855561871193e-30
4.437589723576497 7.647541105292069e-30
4.541059131963759 7.473289595302853e-30
4.646941092916466 7.303008456595466e-30
4.755291858905486 7.13660722320741e-30
4.866168994016832 6.973997490459866e-30
4.979631404534034 6.815092867992116e-30
5.0957393702336 6.659808933864803e-30
5.214554576410165 6.50806318970976e-30
5.336140146648369 6.359775016901375e-30
5.4605606763588606 6.214865633726541e-30
5.587882267096237 6.073258053530726e-30
5.718172561677172 5.9348770438172086e-30
5.851500780117376 5.799649086278837e-30
5.987937756406471 5.667502337739744e-30
6.127555976140354 5.53836659198771e-30
6.270429615030991 5.41217324247545e-30
6.416634578314149 5.2888552458723726e-30
6.566248541075969 5.1683470864463036e-30
6.719350989519823 5.0505847412571635e-30
6.87602326319537 4.935505646143341e-30
7.036348598212252 4.823048662483329e-30
7.200412171461376 4.7131540447145816e-30
7.368301145867304 4.60576340859241e-30
