results/limits/BECCAL_False_l.dat
# %ECSV 0.9
# ---
# datatype:
# - {name: mx, unit: MeV, datatype: float64}
# - {name: sigma_10, unit: cm2, datatype: float64}
# - {name: sigma_7, unit: cm2, datatype: float64}
# - {name: sigma_5, unit: cm2, datatype: float64}
# - {name: sigma_4, unit: cm2, datatype: float64}
# - {name: sigma_3, unit: cm2, datatype: float64}
# - {name: sigma_2, unit: cm2, datatype: float64}
# schema: astropy-2.0
mx sigma_10 sigma_7 sigma_5 sigma_4 sigma_3 sigma_2
1e-10 3.127847869344367e-32 3.1300779170241365e-32 5.030621163516543e-32 1.087188114007373e-31 9.660821249263451e-31 8.669143225743986e-28
1.3848863713938747e-10 2.1557149500519373e-32 2.1585233846944763e-32 3.632529004229751e-32 7.850378226163777e-32 6.9758960194660135e-31 6.2598256392652835e-28
1.9179102616724848e-10 1.4888072676043136e-32 1.4923527746769617e-32 2.622982533538321e-32 5.668608859456798e-32 5.037163367404811e-31 4.520104552316202e-28
2.656087782946684e-10 1.030173055636939e-32 1.0346514417576809e-32 1.8940062965535674e-32 4.093195128394335e-32 3.6372423672561654e-31 3.26388676009993e-28
3.6783797718286343e-10 7.140670883063941e-33 7.197082807457495e-33 1.367626158353343e-32 2.955619322735793e-32 2.626387272738326e-31 2.3567979578793207e-28
5.094138014816385e-10 4.957531621019649e-33 5.027989041042384e-33 9.87537145491777e-33 2.1341980521412236e-32 1.8964696186748334e-31 1.7018093167084463e-28
7.054802310718631e-10 3.446965227821298e-33 3.533356734774038e-33 7.13082264189079e-33 1.541066118732822e-32 1.3694121092583647e-31 1.2288586313079496e-28
9.770099572992246e-10 2.3999728355098284e-33 2.50231624029248e-33 5.149038429806987e-33 1.1127778210895874e-32 9.888368884981353e-32 8.873556355769002e-29
1.3530477745798075e-09 1.6731383501769777e-33 1.7877359669606326e-33 3.7180328081897435e-33 8.035203317251252e-33 7.140348741512635e-32 6.407706512948888e-29
1.873817422860387e-09 1.1678201300589145e-33 1.2865539182494142e-33 2.684735016551756e-33 5.802132213910946e-33 5.15611230691661e-32 4.627271544619662e-29
2.595024211399732e-09 8.160279112550501e-34 9.290874735578514e-34 1.938616008464259e-33 4.189699373812115e-33 3.7234111477304284e-32 3.3418032108351263e-29
3.5938136638046257e-09 5.708066138945507e-34 6.712095193187411e-34 1.399865466375818e-33 3.0254272474956275e-33 2.688993124660442e-32 2.413798563922726e-29
4.977023564332114e-09 3.996698410311307e-34 4.847587241625466e-34 1.0108547094920291e-33 2.1847768082061354e-33 1.9422093907899266e-32 1.7439916651373538e-29
6.892612104349681e-09 2.801040260217465e-34 3.500602914512562e-34 7.2997230684147536e-34 1.5778259378825272e-33 1.403178589805451e-32 1.2607355898535088e-29
9.545484566618328e-09 1.9648282533837585e-34 2.5279101079100833e-34 5.271730044135426e-34 1.1396506666656495e-33 1.0142422173463957e-32 9.123390509992545e-30
1.3219411484660288e-08 1.3794468491852941e-34 1.8255948614475712e-34 3.807638361652746e-34 8.233803417403008e-34 7.337972059284555e-33 6.615384858074405e-30
1.8307382802953696e-08 9.692993271221094e-35 1.3185529439370467e-34 2.7508360728092143e-34 5.951837611739341e-34 5.3184616584051315e-33 4.815156177369445e-30
2.5353644939701113e-08 6.817054084666658e-35 9.525498002875352e-35 1.9882745104538154e-34 4.30649706593946e-34 3.867897051805118e-33 3.530382021159923e-30
3.5111917342151277e-08 4.799124052584733e-35 6.884319854456348e-35 1.4383704085711646e-34 3.1217408603392467e-34 2.8311874159425508e-33 2.624275725034611e-30
4.8626015800653535e-08 3.382517820095467e-35 4.97937909053263e-35 1.042265618494972e-34 2.270726527453775e-34 2.0976243046133995e-33 2.0015981766304384e-30
6.734150657750828e-08 2.3877590361848585e-35 3.606666612595332e-35 7.5749871603548e-35 1.662138681683383e-34 1.589204068622923e-33 1.6000893623750436e-30
9.3260334688322e-08 1.6891647548091307e-35 2.6187765401169304e-35 5.533924459658312e-35 1.2301876868193715e-34 1.25263709205699e-33 1.3874986597565713e-30
1.2915496650148827e-07 1.1984936383244321e-35 1.9088336088812865e-35 4.076483761917388e-35 9.271294052904217e-35 1.0542493787158796e-33 1.363919768232024e-30
1.7886495290574352e-07 8.535538050996689e-36 1.398796467973969e-35 3.038365717322075e-35 7.176146524031432e-35 9.769893968763029e-34 1.5578203872938167e-30
2.4770763559917087e-07 6.104445491521036e-36 1.0314051156698591e-35 2.2971193124417881e-35 5.749392140439265e-35 1.0187545365173595e-33 1.9948673482591655e-30
3.430469286314912e-07 4.384011318251093e-36 7.651279030620312e-36 1.76300088003972e-35 4.7945857690489254e-35 1.191919878868159e-33 2.703009818698421e-30
4.7508101621027934e-07 3.1613435287929785e-36 5.705997362398256e-36 1.3731213234440543e-35 4.180170891428541e-35 1.523744264422169e-33 3.7800116445032054e-30
6.579332246575682e-07 2.2897511330234104e-36 4.2740294489930496e-36 1.0849405630277451e-35 3.8299858001330907e-35 2.0614300428584766e-33 5.456766453806046e-30
9.111627561154887e-07 1.6672064776466822e-36 3.213226099349767e-36 8.698872576828261e-36 3.7127581566684286e-35 2.896232215579071e-33 8.242986223194111e-30
1.261856883066021e-06 1.2213366615049592e-36 2.4234601591344856e-36 7.085700062313123e-36 3.8379032255425416e-35 4.2223175337996914e-33 1.3353514351184643e-29
1.747528400007683e-06 8.998323454408253e-37 1.833197463720981e-36 5.876397377040215e-36 4.260165126618049e-35 6.466217234811031e-33 2.3870688245353645e-29
2.4201282647943835e-06 6.653414838391929e-37 1.3906762331783986e-36 4.978433973457934e-36 5.092729224678497e-35 1.0603899414581042e-32 4.776915135330627e-29
3.3516026509388406e-06 4.9260702931132595e-37 1.0580628354768774e-36 4.328539399477843e-36 6.526935037172147e-35 1.8964304919927178e-32 1.0560675717710562e-28
4.641588833612773e-06 3.649089229674398e-37 8.07495762545141e-37 3.886124116354538e-36 8.864123480228957e-35 3.7309609616850183e-32 2.5060371564641195e-28
6.4280731172843194e-06 2.7047536237318316e-37 6.183441031497064e-37 3.630509749384373e-36 1.260045800204859e-34 8.029475454072323e-32 6.220970915681257e-28
8.902150854450375e-06 2.0062065479941536e-37 4.75269518515631e-37 3.5617254248867606e-36 1.8657033178524697e-34 1.8581641981780292e-31 1.5874100817220386e-27
1.2328467394420658e-05 1.4891875652684208e-37 3.66834846571447e-37 3.7054973414745263e-36 2.890027945625126e-34 4.528288909959398e-31 4.1181448415362114e-27
1.7073526474706886e-05 1.1062835655173353e-37 2.8449305693428605e-37 4.1235814934184674e-36 4.7317354271559755e-34 1.141465388791961e-30 1.0788862020018586e-26
2.3644894126454072e-05 8.225185609882466e-38 2.218460013254139e-37 4.9300942380214584e-36 8.289294391502145e-34 2.938623453541108e-30 2.842812464821768e-26
3.274549162877725e-05 6.120799734671271e-38 1.7409764143111519e-37 6.313081007866938e-36 1.5697901372274326e-33 7.662745347264838e-30 7.515541446103745e-26
4.534878508128582e-05 4.559079749691865e-38 1.3764917479091625e-37 8.566280491740331e-36 3.225794251073666e-33 2.0134460054075132e-29 1.9905116454872887e-25
6.280291441834246e-05 3.3992144525676866e-38 1.0979859917403915e-37 1.2168328664594859e-35 7.15127450533323e-33 5.314162304612374e-29 5.276446129570181e-25
8.697490026177834e-05 2.5371186892845527e-38 8.85176648565929e-38 1.7998277940811744e-35 1.686121300963715e-32 1.4061284290251064e-28 1.3988620773597729e-24
0.00012045035402587811 1.895812284283339e-38 7.228656602619011e-38 2.782711828151101e-35 4.1555847167635916e-32 3.7254072198526243e-28 3.706334724500329e-24
0.0001668100537200059 1.418329322840685e-38 5.997215232416516e-38 4.542338039147449e-35 1.054540786603682e-31 9.874106640302098e-28 9.803958167995625e-24
0.0002310129700083158 1.0624897974646618e-38 5.073958650220418e-38 7.924633652930333e-35 2.725535918008809e-31 2.616042854922698e-27 2.5845512904887228e-23
0.00031992671377973844 7.970426803470881e-39 4.3990760456282423e-38 1.4932994367084329e-34 7.1233853368417206e-31 6.920916502752946e-27 6.769009456706411e-23
0.00044306214575838776 5.988193707291042e-39 3.9325897678826784e-38 3.052792632442559e-34 1.8741644518925472e-30 1.8252577777923583e-26 1.75122760955443e-22
0.0006135907273413163 4.5063184684821954e-39 3.6528151363859646e-38 6.736532175993316e-34 4.949972993136273e-30 4.7844176567234837e-26 4.431010794348221e-22
0.0008497534359086438 3.397199455418076e-39 3.557521671269867e-38 1.5826699396687312e-33 1.31012522630062e-29 1.2397553785988121e-25 1.0788907996785141e-21
0.0011768119524349966 2.5660373192912322e-39 3.6687141007605995e-38 3.8910262162199796e-33 3.4707931186023855e-29 3.14582827595587e-25 2.470937729865435e-21
0.0016297508346206436 1.9423483584643618e-39 4.042360433828656e-38 9.858437122777703e-33 9.194763932217682e-29 7.6966202875558815e-25 5.191775120645973e-21
0.002257019719633917 1.4736853434101738e-39 4.783998953305047e-38 2.5454914308602364e-32 2.433312872627226e-28 1.7757308008543483e-24 9.844492596535228e-21
0.0031257158496882354 1.1209890219358595e-39 6.069635704537881e-38 6.64889727560898e-32 6.422990028868948e-28 3.767329405738931e-24 1.688377978661085e-20
0.004328761281083053 8.551448227891248e-40 8.174937148212849e-38 1.7487149872370913e-31 1.6866269522555407e-27 7.219777849524014e-24 2.6700971463028417e-20
0.005994842503189409 6.5443075126991745e-40 1.154335147661235e-37 4.617709438121973e-31 4.385302479455846e-27 1.2500070740825674e-23 3.9933506204811665e-20
0.008302175681319735 5.026246375794103e-40 1.6975153380490843e-37 1.2220502247048642e-30 1.1196035061795957e-26 1.9908147920675e-23 5.770839639969213e-20
0.011497569953977356 3.875994881518925e-40 2.6066798426466067e-37 3.237309439965639e-30 2.76806075397001e-26 2.9910130352257374e-23 8.177473774666204e-20
0.01592282793341094 3.0028038782545013e-40 4.2190764497179754e-37 8.576238359098216e-30 6.491249264302827e-26 4.3339924129234575e-23 1.146375102596467e-19
0.022051307399030412 2.3386939073907866e-40 7.2858001928197264e-37 2.2697535479199672e-29 1.407942363926104e-25 6.150621207632834e-23 1.597867433207853e-19
0.030538555088334123 1.8326920195109032e-40 1.3572739791665776e-36 5.992078486377946e-29 2.7665623584227935e-25 8.629427373415613e-23 2.2204680849980193e-19
0.04229242874389499 1.4465445944371994e-40 2.742819930506002e-36 1.573905534583256e-28 4.9019581146357795e-25 1.2033353706674352e-22 3.0809336769052004e-19
0.058570208180566734 1.1515275129476718e-40 5.990907937676448e-36 4.094348957330816e-28 7.946408704051156e-25 1.6726270404108726e-22 4.271835886763171e-19
0.08111308307896856 9.260738505294154e-41 1.3964125095536208e-35 1.0463073651979196e-27 1.2079018108728247e-24 2.321175974445676e-22 5.921944360442023e-19
0.11233240329780265 7.540128925235124e-41 3.414409999966517e-35 2.5910501529128057e-27 1.762526364951452e-24 3.218867752985905e-22 8.211698333299357e-19
0.15556761439304723 6.232696917540506e-41 8.620513361936107e-35 6.091761785547006e-27 2.5111849597328688e-24 4.4631143889939415e-22 1.1395967227010874e-18
0.21544346900318778 5.249170933347348e-41 2.2210198255365236e-34 1.3260063454748254e-26 3.5308879172748354e-24 6.190713885918469e-22 1.5842241075677517e-18
0.2983647240283334 4.5250680290133464e-41 5.793760813658301e-34 2.616374252082774e-26 4.929645952422306e-24 8.596279000087844e-22 2.2097315892306715e-18
0.41320124001153347 4.016372055917127e-41 1.5226269819467216e-33 4.654135223808375e-26 6.857313628485724e-24 1.1963129781967795e-21 3.101953669932427e-18
0.572236765935022 3.6974832287188784e-41 4.018916789880032e-33 7.568008008365247e-26 9.52193366501785e-24 1.6720020418582247e-21 4.406649928470501e-18
0.7924828983539153 3.5617418173587276e-41 1.0633376008089119e-32 1.1527785035113254e-25 1.3213852012690751e-23 2.3556007570641676e-21 6.397172230571036e-18
1.0974987654930546 3.6253300842570376e-41 2.8166364124563484e-32 1.6842284096703727e-25 1.8341975502032016e-23 3.367129700512102e-21 9.642233736565253e-18
1.5199110829529332 3.9358274442467576e-41 7.462180168943562e-32 2.4014091687258053e-25 2.549064598677324e-23 4.935233873551235e-21 1.543269963137625e-17
2.104904144512022 4.5865516099244787e-41 1.9753387122410754e-31 3.3780482918322467e-25 3.551377175689974e-23 7.531854407563592e-21 2.6876132978981756e-17
2.91505306282517 5.736400640037335e-41 5.217326536261024e-31 4.71774998426422e-25 4.9699163862939505e-23 1.2192453561193355e-20 5.168443012585841e-17
4.03701725859655 7.636168717066654e-41 1.3716939038746965e-30 6.564508172172004e-25 7.006947379526126e-23 2.129598334411903e-20 1.0914113622903159e-16
5.5908101825122225 1.0683199028884539e-40 3.574632520126999e-30 9.11867630700671e-25 9.995854617784306e-23 4.051305570178912e-20 2.467131706241359e-16
7.742636826811277 1.557537075547343e-40 9.164362260584257e-30 1.2660669857735657e-24 1.4516491333234268e-22 8.368315663851638e-20 5.759610939001206e-16
10.72267222010321 2.3681841478647775e-40 2.2820988883389248e-29 1.7586667299125935e-24 2.1636177162528344e-22 1.8457709734931169e-19 1.3361821055456884e-15
14.849682622544636 3.78634639772288e-40 5.413201557806847e-29 2.4464321467712407e-24 3.3435387886117965e-22 4.227776014100103e-19 2.965194171978446e-15
20.565123083486515 6.441756269571957e-40 1.193095602050187e-28 3.4123928176537686e-24 5.4205583484967135e-22 9.709532665049893e-19 6.086778581060041e-15
28.48035868435793 1.1798417894243664e-39 2.389149362930994e-28 4.781578856851707e-24 9.32924599817414e-22 2.1516581252380574e-18 1.1332710401274555e-14
39.44206059437648 2.3429492189398453e-39 4.311143339675415e-28 6.749664343031487e-24 1.7205894696745877e-21 4.4393432626810146e-18 1.9170906652687338e-14
54.62277217684337 5.0370223898461854e-39 7.0905858778432455e-28 9.637719288930908e-24 3.4114072236821286e-21 8.334249597351404e-18 3.003686198470285e-14
75.64633275546291 1.1594472232138144e-38 1.0884549413059758e-27 1.40016115292359e-23 7.223613286998578e-21 1.4215656579750486e-17 4.46640612918218e-14
104.76157527896619 2.810131072844604e-38 1.5977715356409025e-27 2.0860013867775655e-23 1.603689905422265e-20 2.2414785192705048e-17 6.432975855851016e-14
145.08287784959373 7.054349502974515e-38 2.284261026392015e-27 3.219029628677922e-23 3.6237287094471346e-20 3.346939784814752e-17 9.099193779306783e-14
200.92330025650458 1.8110450931661406e-37 3.2179767900614954e-27 5.2054985597212374e-23 8.028371183388493e-20 4.832587127959435e-17 1.274290760318314e-13
278.2559402207126 4.714115897919802e-37 4.497708420480888e-27 8.926795297724766e-23 1.6780305359099088e-19 6.844771325315159e-17 1.7751646688091143e-13
385.352859371052 1.2373077479321353e-36 6.2608339041648565e-27 1.6390976479336707e-22 3.2145104721467147e-19 9.593037772843609e-17 2.465960675919649e-13
533.6699231206302 3.2634252159891195e-36 8.698402989850338e-27 3.2346059939614555e-22 5.596163023018212e-19 1.3368989232438805e-16 3.4207061856738254e-13
739.0722033525775 8.631075124582882e-36 1.207753445016027e-26 6.820342618226749e-22 8.966887181442913e-19 1.857556288157298e-16 4.741222597368065e-13
1023.5310218990269 2.2858919886038945e-35 1.6775028801235776e-26 1.5096190236308586e-21 1.3533262578980246e-18 2.576941123288323e-16 6.569803574282197e-13
1417.474162926802 6.056315724216304e-35 2.33295089493503e-26 3.40697434997131e-21 1.966597478676884e-18 3.5719962110538867e-16 9.103204620165692e-13
1963.0406500402685 1.6036284216677653e-34 3.252612423092482e-26 7.553892345169015e-21 2.795497550788274e-18 4.949064205671006e-16 1.2598221086571877e-12
2718.58824273294 4.238239867055305e-34 4.55416258306904e-26 1.5828535131447435e-20 3.925595791327927e-18 6.855528392700296e-16 1.7442939557503186e-12
3764.935806792456 1.1156863381121756e-33 6.420648905969205e-26 3.0429966241478395e-20 5.476461870782077e-18 9.495354298252236e-16 2.4153477764569944e-12
5214.0082879996735 2.9144246119136016e-33 9.150262294378341e-26 5.3165429062825643e-20 7.6134666149318e-18 1.3151085152453707e-15 3.3494484675476907e-12
7220.8090183854565 7.50448618393226e-33 1.3255178867907256e-25 8.54307324758444e-20 1.0564962976891062e-17 1.8213036974614913e-15 4.6382752541508965e-12
10000.0 1.8830870436417662e-32 1.966632630121826e-25 1.2918280604246002e-19 1.4646657706528157e-17 2.5225278436345212e-15 6.4198583067876505e-12
