results/limits/BECCAL_l.dat
# %ECSV 1.0
# ---
# datatype:
# - {name: mx, unit: MeV, datatype: float64}
# - {name: sigma_10, unit: cm2, datatype: float64}
# - {name: sigma_9, unit: cm2, datatype: float64}
# - {name: sigma_7, unit: cm2, datatype: float64}
# - {name: sigma_6, unit: cm2, datatype: float64}
# - {name: sigma_5, unit: cm2, datatype: float64}
# - {name: sigma_4, unit: cm2, datatype: float64}
# - {name: sigma_3, unit: cm2, datatype: float64}
# - {name: sigma_2, unit: cm2, datatype: float64}
# schema: astropy-2.0
mx sigma_10 sigma_9 sigma_7 sigma_6 sigma_5 sigma_4 sigma_3 sigma_2
[from data line 720]
5.0957393702336 9.691552288336767e-42 7.21890306698393e-39 5.398474278399334e-31 6.730561468522279e-28 7.602857004726425e-26 7.516932429184922e-24 1.835971902868137e-22 1.165681346297415e-22
5.214554576410165 9.957369916979167e-42 7.672316198340165e-39 5.76567283707523e-31 6.923626831923588e-28 7.780588507663119e-26 7.692206215373833e-24 1.8787806153098776e-22 1.1928603140794845e-22
5.336140146648369 1.0233271336058169e-41 8.156387916838379e-39 6.1569513440039e-31 7.120734477988823e-28 7.962453697922867e-26 7.871566688645495e-24 1.922587752382286e-22 1.2206713946092098e-22
5.4605606763588606 1.051967609403543e-41 8.67326799168697e-39 6.5737879314801465e-31 7.32196996890586e-28 8.14854919205547e-26 8.055109100961737e-24 1.9674151989025006e-22 1.249134170231663e-22
5.587882267096237 1.0817025729190737e-41 9.225259265600713e-39 7.0177403434118414e-31 7.527421869698156e-28 8.338973855532142e-26 8.242931050695812e-24 2.0132899894637485e-22 1.278261044558836e-22
5.718172561677172 1.1125785112908431e-41 9.814828599126813e-39 7.4904490208940235e-31 7.737181780587215e-28 8.533828851848842e-26 8.435132190752845e-24 2.060231577449612e-22 1.3080644693393646e-22
5.851500780117376 1.144644387312718e-41 1.0444618597430423e-38 7.993640175984955e-31 7.9513443691586415e-28 8.733217701353866e-26 8.631814795668487e-24 2.108270966629695e-22 1.3385645561977902e-22
5.987937756406471 1.1779517902759415e-41 1.1117460175509909e-38 8.529128836370658e-31 8.170007402458606e-28 8.937246329891808e-26 8.8330831761929e-24 2.1574268969071777e-22 1.3697778590254782e-22
6.127555976140354 1.2125550958315712e-41 1.1836386021821702e-38 9.09882184184551e-31 8.39327177949558e-28 9.146023132020886e-26 9.039044436228264e-24 2.207732014471133e-22 1.4017116824922118e-22
6.270429615030991 1.2485116354438001e-41 1.260464502459196e-38 9.704720771740601e-31 8.621241564179225e-28 9.35965902186456e-26 9.249807851376655e-24 2.2592075720454514e-22 1.4344003428805108e-22
6.416634578314149 1.285881876055319e-41 1.3425717729696876e-38 1.0348924780622318e-30 8.854024019152699e-28 9.578267497966655e-26 9.465485526131329e-24 2.311885815500646e-22 1.4678475874369882e-22
6.566248541075969 1.324729610640691e-41 1.430333290392766e-38 1.103363331777805e-30 9.091729640537423e-28 9.801964698237707e-26 9.686191914559629e-24 2.3657898700965915e-22 1.5020691650037142e-22
6.719350989519823 1.365122160382568e-41 1.5241485282744047e-38 1.1761148704235138e-30 9.33447219397755e-28 1.0030869466781751e-25 9.912044398958321e-24 2.420953092752843e-22 1.5370898827998757e-22
6.87602326319537 1.407130589268498e-41 1.6244454587285402e-38 1.2533878539347198e-30 9.582368751995792e-28 1.026510341210236e-25 1.014316285562951e-23 2.4774005578367334e-22 1.5729276134731116e-22
7.036348598212252 1.4508299319731954e-41 1.7316825901480093e-38 1.3354337907367389e-30 9.835539732997288e-28 1.0504790975987191e-25 1.0379670150643678e-23 2.535165177451697e-22 1.6096014384090026e-22
7.200412171461376 1.496299435962421e-41 1.846351150659836e-38 1.422515135294236e-30 1.0094108941937153e-27 1.0750059496778503e-25 1.0621691919288062e-23 2.59427707928771e-22 1.6471322891461627e-22
7.368301145867304 1.543622818830371e-41 1.968977427756607e-38 1.5149054593149665e-30 1.0358203612887393e-27 1.1001039277837976e-25 1.0869356715491303e-23 2.654766687240035e-22 1.685544061928725e-22
7.540104716695753 1.5928885419625593e-41 2.1001252752823858e-38 1.6128895932603457e-30 1.0627954453598556e-27 1.1257863657296692e-25 1.1122796133526873e-23 2.7166667363853644e-22 1.7248406399257642e-22
7.715914158940838 1.6441901017011593e-41 2.2403987997521606e-38 1.716763734732063e-30 1.0903495692165569e-27 1.1520669078244548e-25 1.138214481302003e-23 2.7800098721865275e-22 1.7650592057938136e-22
7.8958228758172275 1.6976263392795669e-41 2.390445238841271e-38 1.8268355202516218e-30 1.1184965125923755e-27 1.1789595161656776e-25 1.1647540555181081e-23 2.844830331157995e-22 1.8062144695660841e-22
8.07992644838296 1.7533017708880965e-41 2.550958045800152e-38 1.9434240569337958e-30 1.1472504172653697e-27 1.2064784780167894e-25 1.1919124355918473e-23 2.911162464861596e-22 1.848328299680196e-22
8.2683226863193 1.8113269393336092e-41 2.72268019453446e-38 2.0668599105805177e-30 1.1766257924191331e-27 1.2346384133843224e-25 1.2197040467835353e-23 2.979040279762413e-22 1.891425308921207e-22
8.461111679894604 1.8718187888626863e-41 2.9064077211455247e-38 2.1974850467938513e-30 1.2066375202528375e-27 1.2634542828754248e-25 1.2481436568335122e-23 3.0485008552353524e-22 1.9355273207365574e-22
8.658395853139817 1.9349010648316375e-41 3.1029935188566036e-38 2.3356527218305096e-30 1.2373008618453187e-27 1.2929413956151046e-25 1.277246380732577e-23 3.119583235682209e-22 1.9806601364973967e-22
8.860280018263818 2.0007047400273877e-41 3.3133514044616834e-38 2.4817273201006932e-30 1.268631463278666e-27 1.3231154171331145e-25 1.3070276639566958e-23 3.192319186645179e-22 2.0268366255003e-22
9.066871431337571 2.069368469571997e-41 3.538460475731541e-38 2.6360841354551666e-30 1.3006453620368425e-27 1.353992378280926e-25 1.3375033505968585e-23 3.2667555633711656e-22 2.074104840284059e-22
9.278279849276613 2.1410390764807853e-41 3.7793697806023455e-38 2.799109093709833e-30 1.3333589936636077e-27 1.3855886829012852e-25 1.3686896064383445e-23 3.3429225221714975e-22 2.1224576031678297e-22
9.494617588152204 2.2158720700908522e-41 4.0372033204624537e-38 2.9711984142305887e-30 1.3667891987147187e-27 1.417921117530984e-25 1.400603027121841e-23 3.420870652234009e-22 2.1719471211106253e-22
9.715999582862075 2.2940321997335697e-41 4.3131654114495496e-38 3.1527582088432918e-30 1.4009532299730382e-27 1.4510068592560059e-25 1.433260539870218e-23 3.500631070507593e-22 2.222590801913803e-22
9.942543448192506 2.375694046192844e-41 4.6085464293813615e-38 3.344204016847063e-30 1.435868759969255e-27 1.4848634858957307e-25 1.4666795191602477e-23 3.5822552492068054e-22 2.27441360163112e-22
10.17436954130415 2.461042653671118e-41 4.924728965776213e-38 3.545960275491378e-30 1.471553888774065e-27 1.519508984418752e-25 1.5008777029977827e-23 3.665780304912924e-22 2.32744804570905e-22
10.411601025674827 2.5502742051785335e-41 5.263194424384191e-38 3.75845972592822e-30 1.508027152098541e-27 1.5549617611486142e-25 1.535873267833256e-23 3.7512535614785537e-22 2.381713109568923e-22
10.654363936533231 2.6435967444683273e-41 5.625530089754247e-38 3.982142755364662e-30 1.5453075296827422e-27 1.5912406512457406e-25 1.5716848083244846e-23 3.8387212720846207e-22 2.43724445370842e-22
10.902787247818345 2.741230947864658e-41 6.013436701617963e-38 4.2174566769145385e-30 1.5834144539867165e-27 1.6283649286188327e-25 1.6083313376502458e-23 3.9282252456975246e-22 2.4940769491449363e-22
11.157002940700098 2.8434109495687924e-41 6.428736571287032e-38 4.4648549494715936e-30 1.6223678191909457e-27 1.6663543166587818e-25 1.6458323474105478e-23 4.0198212814881405e-22 2.5522335631634978e-22
11.417146073697703 2.9503852242871473e-41 6.873382278850989e-38 4.724796340792233e-30 1.6621879904910993e-27 1.705228997842161e-25 1.6842077298547637e-23 4.1135464597780004e-22 2.6117386663004795e-22
11.683354854432924 3.0624175313016756e-41 7.349465992735793e-38 4.9977440378721784e-30 1.7028958137228e-27 1.7450096256323264e-25 1.72347790720051e-23 4.2094633703707013e-22 2.672635193469227e-22
11.955770713056356 3.1797879244004995e-41 7.859229456156791e-38 5.28416470961381e-30 1.7445126252767698e-27 1.7857173341382825e-25 1.7636637101560798e-23 4.307610815774159e-22 2.7349537665046856e-22
12.234538377385784 3.302793832406469e-41 8.405074688184717e-38 5.584527527697013e-30 1.787060262355977e-27 1.8273737506126556e-25 1.804786516930132e-23 4.408051582548437e-22 2.7987165379227064e-22
12.519805949796487 3.4317512153847023e-41 8.989575450556167e-38 5.899303152466031e-30 1.830561073531092e-27 1.8700010058244899e-25 1.8468681520653547e-23 4.510830433535815e-22 2.863979524844982e-22
12.811724985904382 3.56699580197904e-41 9.61548953501702e-38 6.228962691514683e-30 1.8750379296402713e-27 1.9136217467546178e-25 1.8899309925167094e-23 4.616009465200792e-22 2.9307710064518315e-22
13.110450575083778 3.7088844137232894e-41 1.0285771929905182e-37 6.573976639468781e-30 1.9205142350006535e-27 1.9582591478036467e-25 1.933997896574307e-23 4.723637100212804e-22 2.9991017537732475e-22
13.416141422862523 3.857796382598324e-41 1.1003588928877486e-37 6.934813808213651e-30 1.967013938968029e-27 2.0039369239145714e-25 1.979092297672208e-23 4.833778653865314e-22 3.0690246131980265e-22
13.72895993523834 4.0141350685621697e-41 1.1772333249183562e-37 7.311940257472312e-30 2.0145615478170556e-27 2.0506793422996069e-25 2.0252381289851993e-23 4.946483552075713e-22 3.140578510000883e-22
14.04907230496112 4.1783294842697403e-41 1.2595640231709167e-37 7.705818236191661e-30 2.0631821369795087e-27 2.0985112362311274e-25 2.0724599266409913e-23 5.061819117938211e-22 3.2138011235646073e-22
14.37664859982702 4.350836034723806e-41 1.3477405200175707e-37 8.116905145618879e-30 2.112901363612808e-27 2.1474580175416497e-25 2.1207827729344355e-23 5.179844592834683e-22 3.288733800337004e-22
14.711862853031292 4.5321403801616446e-41 1.4421802062414916e-37 8.54565253523534e-30 2.163745479527826e-27 2.197545690363744e-25 2.1702323337581245e-23 5.300620124705384e-22 3.3654237442622182e-22
15.054893155627816 4.722759431085586e-41 1.5433303242566585e-37 8.992505142844697e-30 2.2157413444711607e-27 2.2488008650946184e-25 2.2208348872780652e-23 5.4242124255117645e-22 3.4438919268355973e-22
15.405921751144481 4.923243484992568e-41 1.6516701039398196e-37 9.457899990075546e-30 2.2689164397642743e-27 2.301250772307047e-25 2.272617315087442e-23 5.5506863030146115e-22 3.5241925850571268e-22
15.765135132404664 5.134178515051181e-41 1.7677130512750566e-37 9.942265544349961e-30 2.323298882311995e-27 2.354923277341839e-25 2.325607129140643e-23 5.68010940848528e-22 3.6063665943760038e-22
16.132724140606275 5.356188621718132e-41 1.892009400740539e-37 1.044602095798254e-29 2.3789174389810607e-27 2.409846895071471e-25 2.3798324822938854e-23 5.812550752343169e-22 3.690450472203671e-22
16.50888406671095 5.589938659081949e-41 2.025148743148099e-37 1.096957539451007e-29 2.435801541356077e-27 2.4660508049917567e-25 2.4353221774707524e-23 5.948078586646366e-22 3.776504577642494e-22
16.89381475519735 5.836137048575165e-41 2.167762841483364e-37 1.1513327451616088e-29 2.49398130088151e-27 2.5235648668965354e-25 2.4921057003258086e-23 6.0867668992715505e-22 3.8645530415359996e-22
17.287720710233557 6.095538793609897e-41 2.3205286481907182e-37 1.2077664689111778e-29 2.553487524391384e-27 2.5824196366542244e-25 2.550213226133155e-23 6.228692216531196e-22 3.9546776421475244e-22
17.690811204325115 6.368948709670696e-41 2.4841715383081747e-37 1.266296326938254e-29 2.6143517300334285e-27 2.6426463820949414e-25 2.609675600931314e-23 6.373920583793817e-22 4.0468689444110613e-22
18.103300389496336 6.657224885447103e-41 2.6594687738864098e-37 1.3269587716520543e-29 2.6766061636098833e-27 2.704277100573831e-25 2.6705244537381085e-23 6.522543381591004e-22 4.1412387721893905e-22
18.52540741106398 6.96128239171102e-41 2.847253216228908e-37 1.389789079905933e-29 2.7402838153057195e-27 2.7673445344874484e-25 2.7327920640109934e-23 6.674621651843951e-22 4.237789532879568e-22
18.957356524063755 7.282097255846804e-41 3.0484173036715535e-37 1.4548213539833654e-29 2.8054184368682087e-27 2.8318821905103368e-25 2.796511564232615e-23 6.830255308779573e-22 4.3366037599660665e-22
19.399377212391464 7.620710721229412e-41 3.2639173138855377e-37 1.5220885355024023e-29 2.872044559175872e-27 2.897924355433006e-25 2.8617167598048315e-23 6.989509407408145e-22 4.437720624074032e-22
19.85170431072216 7.978233812024998e-41 3.494777931043401e-37 1.5916224322950492e-29 2.9401975102792415e-27 2.96550611620293e-25 2.928442330826683e-23 7.152482846271183e-22 4.541190640474213e-22
20.314578129271972 8.355852225464646e-41 3.742097139640554e-37 1.6634537581669576e-29 3.009913433852676e-27 3.034663377111281e-25 2.9967237040854214e-23 7.3192536125243e-22 4.647077240084288e-22
20.788244581469023 8.754831575222848e-41 4.007051468320649e-37 1.7376121852943523e-29 3.081229308120931e-27 3.105432879752921e-25 3.066597161002121e-23 7.489912335210677e-22 4.755427133345699e-22
21.272955314601134 9.176523011224762e-41 4.290901608720296e-37 1.814126408871087e-29 3.1541829652360996e-27 3.1778522223632507e-25 3.1380998384672586e-23 7.664555132542943e-22 4.866308493338222e-22
21.76896784350983 9.622369243018462e-41 4.594998436134278e-37 1.8930242234824662e-29 3.228813111120656e-27 3.251959879202407e-25 3.2112696890888105e-23 7.84326181026037e-22 4.979787690038064e-22
22.27654568740161 1.0093910995788606e-40 4.92078946071554e-37 1.9743326105564124e-29 3.30515934580956e-27 3.327795222372593e-25 3.2861456400006784e-23 8.026147321029603e-22 5.095891552242497e-22
22.79595850984919 1.0592793930165112e-40 5.269825739973528e-37 2.0580778361283925e-29 3.3832621842475395e-27 3.405398540611736e-25 3.3627673996941874e-23 8.213282276501289e-22 5.214714246769433e-22
23.327482262057103 1.112077605920412e-40 5.643769285529418e-37 2.1442855580572435e-29 3.463163077633304e-27 3.4848110633629485e-25 3.4411757474766585e-23 8.404792978504123e-22 5.336296967889149e-22
23.871399329467756 1.167973569830022e-40 6.044400999438584e-37 2.2329809417445716e-29 3.5449044352211506e-27 3.566074979966617e-25 3.521412282038193e-23 8.600759602480327e-22 5.4607204930406625e-22
24.427998681785848 1.2271679986337575e-40 6.473629177909262e-37 2.3241887833439226e-29 3.628529646693075e-27 3.649233464376753e-25 3.603519675382522e-23 8.801302843646889e-22 5.588038317720546e-22
24.997576026500827 1.2898754019117786e-40 6.933498622944548e-37 2.417933639395657e-29 3.714083105022914e-27 3.7343306963101844e-25 3.6875415154406455e-23 9.006516612829383e-22 5.718336265904859e-22
25.580433965988984 1.356325063902448e-40 7.426200405324554e-37 2.5142399617922545e-29 3.801610229915531e-27 3.8214118861055783e-25 3.7735224689453823e-23 9.21652044087096e-22 5.851688411651866e-22
26.176882158278623 1.4267620928014896e-40 7.954082325441584e-37 2.6131322369641453e-29 3.891157491776369e-27 3.910523297573478e-25 3.861508187438147e-23 9.431415391968795e-22 5.988150469248237e-22
26.787237481563718 1.501448545437925e-40 8.51966012181605e-37 2.7146351281794486e-29 3.982772436271861e-27 4.001712273755051e-25 3.9515454503371627e-23 9.651328644811797e-22 6.127759592061296e-22
27.411824202553472 1.5806646327297956e-40 9.1256294806723e-37 2.8187736198697624e-29 4.076503709444246e-27 4.095027260647479e-25 4.043682046123037e-23 9.876359823563204e-22 6.270624836526645e-22
28.050974148747212 1.6647100117070108e-40 9.774878903757051e-37 2.9255731629287323e-29 4.172401083450127e-27 4.1905178346244265e-25 4.1379669671260216e-23 1.0106644300462083e-21 6.41682061021034e-22
28.705026884726152 1.7539051703002464e-40 1.0470503495656135e-36 3.03505981997728e-29 4.270515482874052e-27 4.288234727320579e-25 4.234450289135777e-23 1.034229866997822e-21 6.566428589110167e-22
29.374329892555654 1.8485929115357668e-40 1.1215819736228183e-36 3.14726040964942e-29 4.3708990116822544e-27 4.388229853197247e-25 4.3331832597408285e-23 1.0583443782217e-21 6.719542022215182e-22
30.05923875639388 1.9491399442482106e-40 1.2014381308445876e-36 3.262202649021993e-29 4.4736049808060156e-27 4.490556337354818e-25 4.4342183488809266e-23 1.0830213549029253e-21 6.876228792392028e-22
30.760117351404876 2.0559385879292996e-40 1.2869996056938937e-36 3.3799152933894926e-29 4.578687936365859e-27 4.595268543284824e-25 4.537609229198706e-23 1.1082737281259308e-21 7.0365578319579585e-22
31.477338037076432 2.1694085998723083e-40 1.378674415789111e-36 3.500428272669475e-29 4.686203688564991e-27 4.702422101989531e-25 4.6434108284825314e-23 1.1341148678636019e-21 7.200627507364161e-22
