results/limits/BECCAL_l_phase.dat
# %ECSV 1.0
# ---
# datatype:
# - {name: mx, unit: MeV, datatype: float64}
# - {name: sigma_10, unit: cm2, datatype: float64}
# - {name: sigma_9, unit: cm2, datatype: float64}
# - {name: sigma_7, unit: cm2, datatype: float64}
# - {name: sigma_6, unit: cm2, datatype: float64}
# - {name: sigma_5, unit: cm2, datatype: float64}
# - {name: sigma_4, unit: cm2, datatype: float64}
# - {name: sigma_3, unit: cm2, datatype: float64}
# - {name: sigma_2, unit: cm2, datatype: float64}
# schema: astropy-2.0
mx sigma_10 sigma_9 sigma_7 sigma_6 sigma_5 sigma_4 sigma_3 sigma_2
[from data line 479]
0.019714909816919448 1.1487505944759814e-35 2.7862242584648427e-35 1.725508151352475e-30 1.5739839473946884e-26 1.5650845141707017e-22 1.5136588451219068e-18 2.149140092528457e-15 5.36033513236562e-15
0.020174594055939365 1.1556552258824086e-35 2.824588487144756e-35 1.890062708847848e-30 1.7255969862814154e-26 1.7162349100568592e-22 1.6598469013319202e-18 2.3567025187658565e-15 5.878032500054845e-15
0.02064499655852557 1.1626429565503703e-35 2.863927181921572e-35 2.070337563518985e-30 1.8918322114167296e-26 1.8819830984758248e-22 1.8201536945626146e-18 2.5843111772077102e-15 6.445728713136948e-15
0.021126367237910063 1.1697152790413941e-35 2.9042744022414907e-35 2.267832082345438e-30 2.0741008484445768e-26 2.063738913910526e-22 1.9959428020757666e-18 2.833902118383278e-15 7.0682526237455115e-15
0.021618961834446313 1.1768737212493455e-35 2.9456656764563556e-35 2.4841881053880008e-30 2.2739503728855048e-26 2.2630483515753758e-22 2.1887094948161837e-18 3.1075983757235986e-15 7.750899452412535e-15
0.02212304205147776 1.1841198473259516e-35 2.9881380760496584e-35 2.721203430590836e-30 2.493077666464001e-26 2.481606717281722e-22 2.4000934558880023e-18 3.407728023661092e-15 8.499475828159792e-15
0.022638875694374342 1.1914552587759887e-35 3.031730294174434e-35 2.9808465745291035e-30 2.7333434442878687e-26 2.7212730476165718e-22 2.631892727671676e-18 3.736843980192514e-15 9.320349179590144e-15
0.0231667368128109 1.1988815956284334e-35 3.076482728736407e-35 3.265272930425401e-30 2.996788075725579e-26 2.9840859232713595e-22 2.886079006389236e-18 4.0977457225921196e-15 1.022050189771351e-14
0.02370690584636297 1.2064005374020527e-35 3.122437570313335e-35 3.5768424566039976e-30 3.2856489324810724e-26 3.2722808089305716e-22 3.1648144131507883e-18 4.4935030994801166e-15 1.1207590727453355e-14
0.024259669773497434 1.214013804460857e-35 3.1696388952201456e-35 3.9181390421797144e-30 3.6023794123796766e-26 3.5883090682090758e-22 3.470469885100283e-18 4.927482443159954e-15 1.2290011896430212e-14
0.024825322264037063 1.2217231590314297e-35 3.218132764100365e-35 4.291991710632243e-30 3.949669800572956e-26 3.9348588152682448e-22 3.8056453429883365e-18 5.40337520418357e-15 1.3476972534627336e-14
0.025404163835180054 1.229530406610232e-35 3.267967326367662e-35 4.701497837096011e-30 4.3304701449431216e-26 4.314877779833097e-22 4.173191806097064e-18 5.925229350829388e-15 1.4778568990237345e-14
0.025996502011157406 1.237437397234096e-35 3.3191929308681893e-35 5.150048573084653e-30 4.748015340428383e-26 4.731598380270883e-22 4.5762356427917925e-18 6.497483800811718e-15 1.6205872708429906e-14
0.026602651486612925 1.2454460266645742e-35 3.3718622432375157e-35 5.641356692195451e-30 5.20585263715124e-26 5.188565219503929e-22 5.018205164426666e-18 7.125006180158978e-15 1.777102440866627e-14
0.027222934293792744 1.2535582380168722e-35 3.4260303703568687e-35 6.1794870876335795e-30 5.707871803401924e-26 5.689665234764812e-22 5.5028597860344884e-18 7.813134226494376e-15 1.9487337351797655e-14
0.027857679973633073 1.2617760230197365e-35 3.481754992389358e-35 6.768890179197153e-30 6.258338202135067e-26 6.239160759729599e-22 6.034322003855224e-18 8.567721191754348e-15 2.136941058246797e-14
0.02850722575083718 1.2701014234866723e-35 3.5390965029419213e-35 7.414438510726734e-30 6.861929062582407e-26 6.841725780542136e-22 6.617112461981373e-18 9.395185630933879e-15 2.3433253111042878e-14
0.02917191671303455 1.2785365330759483e-35 3.598118157872447e-35 8.121466845788158e-30 7.523773254440497e-26 7.502485693069444e-22 7.25618840537813e-18 1.0302565998915276e-14 2.5696420087748325e-14
0.029852105994117403 1.2870834985734842e-35 3.6588862333589034e-35 8.895816099137568e-30 8.249494902999731e-26 8.227060899668204e-22 7.956985846461621e-18 1.12975805199255e-14 2.817816212767664e-14
0.030548154961852016 1.2957445218030516e-35 3.7214701938504894e-35 9.743881477133923e-30 9.045261215689541e-26 9.021614615715137e-22 8.72546580334117e-18 1.2388692838072485e-14 3.089958905482516e-14
0.031260433409864494 1.304521861200219e-35 3.7859428706271055e-35 1.0672665233102735e-29 9.917834928796503e-26 9.89290529463975e-22 9.568165005057136e-18 1.35851840102647e-14 3.3883849465159297e-14
0.031989319754103004 1.3134178336011645e-35 3.852380651655191e-35 1.1689834487163174e-29 1.0874631820181702e-25 1.084834411701374e-21 1.049225149475118e-17 1.4897231453372052e-14 3.715632763478233e-14
0.0327352012338808 1.3224348161341442e-35 3.9208636835932687e-35 1.2803784593266244e-29 1.1923783769209655e-25 1.1896058024810657e-21 1.1505585596100849e-17 1.6335995506321065e-14 4.074485942109745e-14
0.03349847411760691 1.331575248103002e-35 3.991476086751197e-35 1.402370860918498e-29 1.3074207921414264e-25 1.3044958858132837e-21 1.2616786782033431e-17 1.7913714372435228e-14 4.467996906578122e-14
0.034279543913313774 1.3408416329137722e-35 4.0643061840045304e-35 1.5359673435955002e-29 1.4335682516206865e-25 1.4304819152500524e-21 1.3835306985505878e-17 1.9643808208426863e-14 4.899512881112293e-14
0.03507882558409363 1.350236540151675e-35 4.139446744552886e-35 1.682270329432782e-29 1.5718930048127835e-25 1.5686355267014223e-21 1.517151100067336e-17 2.154099328054991e-14 5.372704362564212e-14
0.03589674376855814 1.359762607783819e-35 4.2169952437221784e-35 1.8424871240430646e-29 1.7235708458975333e-25 1.7201318540433526e-21 1.663676464862332e-17 2.3621407145131115e-14 5.891596342645346e-14
0.03673373300643846 1.3694225442111695e-35 4.297054139884508e-35 2.0179399491247632e-29 1.8898911125420679e-25 1.886259523952833e-21 1.8243531446956742e-17 2.5902745903136107e-14 6.460602541640894e-14
0.037590237969445384 1.3792191306802066e-35 4.3797311697601853e-35 2.2100769437432633e-29 2.072267652436583e-25 2.0684316181679876e-21 2.0005478636262002e-17 2.8404414739950738e-14 7.084562955691405e-14
0.038466713697512506 1.3891552236238277e-35 4.465139663529895e-35 2.4204842254899507e-29 2.2722508473298744e-25 2.2681976928606372e-21 2.1937593430934006e-17 3.114769298201557e-14 7.768785024834109e-14
0.03936362584054766 1.3992337570748914e-35 4.5533988811095093e-35 2.650899114864693e-29 2.4915407982641375e-25 2.4872569587917094e-21 2.405631049703511e-17 3.415591509397319e-14 8.519088776889832e-14
0.04028145090582124 1.4094577452864333e-35 4.644634371239187e-35 2.9032246365599856e-29 2.7320017848593913e-25 2.7274727350538174e-21 2.6379651748235477e-17 3.745466916541984e-14 9.34185633356625e-14
0.04122067651112274 1.4198302853590262e-35 4.73897835511088e-35 3.179545419757474e-29 2.9956781207036153e-25 2.990888298419754e-21 2.8927379639993785e-17 4.107201456288993e-14 1.0244086196709012e-13
0.04218180164382002 1.4303545600047627e-35 4.836570136298956e-35 3.482145134179175e-29 3.284811541435192e-25 3.2797442648425936e-21 3.1721165282643415e-17 4.503872062219756e-14 1.1233452782389495e-13
0.043165336925959 1.4410338403315273e-35 4.937556539095232e-35 3.8135256067331314e-29 3.6018602679044255e-25 3.59649764541281e-21 3.478477274975205e-17 4.9388528335345855e-14 1.2318371690244337e-13
0.044171804885544536 1.4518714890244346e-35 5.042092377349345e-35 4.176427787463679e-29 3.9495199165540827e-25 3.943842748909756e-21 3.8144261246666365e-17 5.4158437395898286e-14 1.350807129766325e-13
0.04520174023414663 1.4628709631398062e-35 5.150340956141782e-35 4.573854735732941e-29 4.330746423182302e-25 4.324734096989958e-21 4.182820674519091e-17 5.938902088299097e-14 1.481267124754257e-13
0.046255690150979495 1.4740358175798313e-35 5.262474608980355e-35 5.0090968303566797e-29 4.748781187173508e-25 4.742411559078424e-21 4.5867945087141656e-17 6.512477042754072e-14 1.6243268538836775e-13
0.047334214573604344 1.4853697082859315e-35 5.378675272996751e-35 5.485759406617208e-29 5.207178635192663e-25 5.2004279058483376e-21 5.02978384803817e-17 7.141447459184746e-14 1.7812031901117754e-13
0.048437886495410414 1.496876395744755e-35 5.499135105463963e-35 6.007793069820783e-29 5.709836457703248e-25 5.702679034604438e-21 5.515556783739743e-17 7.831163394126377e-14 1.9532305320783788e-13
0.04956729227003216 1.5085597485766088e-35 5.624057144594748e-35 6.579526926400174e-29 6.26102875355379e-25 6.2534371016744715e-21 6.048245323033066e-17 8.587491603650798e-14 2.1418721524182517e-13
0.05072303192286451 1.5204237472947746e-35 5.753656018324832e-35 7.205705032078189e-29 6.865442389137727e-25 6.857386868295855e-21 6.632380542680329e-17 9.416865455548301e-14 2.3487326467412525e-13
0.051905719469841495 1.532472488274497e-35 5.888158704786682e-35 7.89152635133161e-29 7.528216858406184e-25 7.519665546083712e-21 7.272931127354316e-17 1.0326339647328467e-13 2.5755715812686507e-13
0.05311598324364777 1.544710187677384e-35 6.027805348735676e-35 8.642688575452201e-29 8.254987994962917e-25 8.245906493245083e-21 7.975345632426254e-17 1.1323650212279465e-13 2.824318459404677e-13
0.05435446622753626 1.5571411857760076e-35 6.172850138249303e-35 9.465436170763815e-29 9.051935907708896e-25 9.042287132874633e-21 8.745598830333339e-17 1.2417280323524367e-13 3.097089134430981e-13
0.05562182639692926 1.5697699513041686e-35 6.323562246949611e-35 1.0366613066599172e-28 9.925837547948995e-25 9.915581501094839e-21 9.590242534912177e-17 1.3616532456036877e-13 3.3962038079885157e-13
0.056918737068984544 1.5826010860547744e-35 6.480226846616212e-35 1.1353720423453475e-28 1.0884124347746443e-24 1.087321786466561e-20 1.0516461328901578e-16 1.493160751033397e-13 3.724206764924667e-13
0.058245887260312136 1.5956393296349352e-35 6.643146196453523e-35 1.243497997555472e-28 1.193494542544034e-24 1.1923341903838214e-20 1.1532133674126567e-16 1.6373691578671427e-13 4.083888014315662e-13
0.05960398205303182 1.608889564433314e-35 6.812640815054642e-35 1.3619403498406257e-28 1.308723690726196e-24 1.3074886009172842e-20 1.2645898935081964e-16 1.7955051107273756e-13 4.4783070246082847e-13
0.06099374296936585 1.6223568207601485e-35 6.98905074196609e-35 1.491686895821362e-28 1.4350797920629064e-24 1.4337645247715225e-20 1.3867230853092198e-16 1.9689137217298426e-13 4.910818743111825e-13
0.06241590835496589 1.6360462822278814e-35 7.172736896530302e-35 1.6338204030258596e-28 1.5736373949944962e-24 1.5722360689151984e-20 1.5206518139011844e-16 2.1590700132932228e-13 5.385102136387351e-13
0.06387123377117784 1.6499632914259859e-35 7.364082541999312e-35 1.7895277673147795e-28 1.7255748236564682e-24 1.7240810773321922e-20 1.6675152843491682e-16 2.3675914652324554e-13 5.905191484915599e-13
0.06536049239645289 1.664113355685532e-35 7.563494863956116e-35 1.960110051763689e-28 1.892184198478211e-24 1.8905911480729286e-20 1.8285627241471522e-16 2.5962517707291675e-13 6.475510692918103e-13
0.06688447543711816 1.6785021532345418e-35 7.771406672654386e-35 2.146993498436165e-28 2.0748824286809024e-24 2.0731826218677133e-20 2.0051640113580305e-16 2.846995926505162e-13 7.100910925916346e-13
0.06844399254772507 1.6931355394786485e-35 7.988278240122371e-35 2.3517415991429773e-28 2.27522326286409e-24 2.2734086284668038e-20 2.1988213257824824e-16 3.1219567755249837e-13 7.786711871155276e-13
0.0700398722611988 1.7080195537260942e-35 8.21459928333108e-35 2.5760683318613014e-28 2.4949105039377304e-24 2.492972296921575e-20 2.411181925886818e-16 3.4234731480871316e-13 8.53874698469043e-13
0.0716729624290174 1.7231604259814865e-35 8.45089110635033e-35 2.8218526767322715e-28 2.735812502957676e-24 2.7337412443331177e-20 2.644052162259219e-16 3.75410975857791e-13 9.363413117407968e-13
0.07334413067165428 1.7385645843143646e-35 8.697708915316327e-35 3.0911545293542545e-28 2.9999780486078063e-24 2.997763459762415e-20 2.899412840460375e-16 4.1166790181385926e-13 1.0267724919671066e-12
0.07505426483952363 1.7542386621939766e-35 8.955644321017192e-35 3.3862321533087025e-28 3.2896537956750657e-24 3.2872847266151475e-20 3.1794360718804844e-16 4.514264960051705e-13 1.1259374515461148e-12
0.07680427348467332 1.7701895065154263e-35 9.225328046281381e-35 3.709561313782513e-28 3.60730337234078e-24 3.6047677232544545e-20 3.48650374777125e-16 4.9502494697631e-13 1.2346796924688006e-12
0.07859508634347626 1.7864241856400812e-35 9.507432855590057e-35 4.063856261701642e-28 3.955628337862292e-24 3.9529129733820106e-20 3.8232278023661637e-16 5.428341055108922e-13 1.3539241821219745e-12
0.08042765483057629 1.8029499981711702e-35 9.802676727308974e-35 4.45209273885479e-28 4.3375911589678554e-24 4.334681814430367e-20 4.192472427812859e-16 5.952606387787769e-13 1.4846852202888068e-12
0.08230295254435131 1.8197744816419946e-35 1.0111826289937957e-34 4.877533203413152e-28 4.7564404061767274e-24 4.7533215851303084e-20 4.597378435482357e-16 6.527504892327522e-13 1.6280750662483704e-12
0.08422197578416211 1.8369054221584923e-35 1.0435700546095009e-34 5.343754500252109e-28 5.215738393503659e-24 5.2123932556254915e-20 5.041389979699923e-16 7.157926689294039e-13 1.785313402482376e-12
0.08618574407966152 1.854350863837112e-35 1.0775174910723623e-34 5.854678183458842e-28 5.719391468018549e-24 5.715801706529286e-20 5.528283843521751e-16 7.84923417617452e-13 1.9577377056822465e-12
0.08819530073244539 1.872119119295626e-35 1.113118559146785e-34 6.4146037828054845e-28 6.271683243198312e-24 6.267828950780696e-20 6.062201570774853e-16 8.607307649476439e-13 2.1468146257067924e-12
0.09025171337033296 1.890218780180851e-35 1.1504734343185027e-34 7.028245275100104e-28 6.877311034847087e-24 6.873170556969502e-20 6.647684694544574e-16 9.43859532326212e-13 2.3541524610885866e-12
0.09235607451457113 1.9086587283318068e-35 1.1896893630320446e-34 7.70077106813545e-28 7.541425807970654e-24 7.536975582417755e-20 7.289713360284016e-16 1.0350168167476e-12 2.581514836681827e-12
0.09450950216026408 1.9274481475271662e-35 1.230881223530963e-34 8.437847866982403e-28 8.269676005184829e-24 8.264890386481095e-20 7.993748701856039e-16 1.1349780074805795e-12 2.830835710340716e-12
0.09671314037033632 1.9465965356224133e-35 1.2741721354105103e-34 9.24568874113374e-28 9.068255572896074e-24 9.06310664018066e-20 8.7657792762487e-16 1.24459337901783e-12 3.1042358169007484e-12
0.09896815988334524 1.9661137174375215e-35 1.3196941224388163e-34 1.0131105864931922e-27 9.943956660394007e-24 9.93841400717056e-20 9.612372016387387e-16 1.3647953255193201e-12 3.4040407121588778e-12
0.10127575873546546 1.9860098579689035e-35 1.3675888336098225e-34 1.1101568328489e-27 1.0904227386077442e-23 1.0898257890100685e-19 1.0540728083175976e-15 1.4966062908639577e-12 3.732800551823654e-12
0.10363716289697593 2.0062954765595596e-35 1.418008327956396e-34 1.2165265537741492e-27 1.1957235192217653e-23 1.1950802763631861e-19 1.1558744120925671e-15 1.64114746589147e-12 4.0933117839733396e-12
0.10605362692358762 2.0269814615179662e-35 1.4711159290578323e-34 1.3331176732412408e-27 1.311193631427517e-23 1.3105001619913783e-19 1.2675079424731887e-15 1.7996483250416462e-12 4.488640935119396e-12
0.10852643462295801 2.0480790854625956e-35 1.5270871559442788e-34 1.4609147215966605e-27 1.4378151961372106e-23 1.4370672122953213e-19 1.3899229596662743e-15 1.9734570842957918e-12 4.922150694160474e-12
0.11105689973674641 2.0696000214510697e-35 1.586110737610262e-34 1.600997196004039e-27 1.576665186797377e-23 1.5758580131678543e-19 1.5241607328919851e-15 2.16405217102855e-12 5.397528520219669e-12
0.11364636663857243 2.091556359840303e-35 1.6483897191615485e-34 1.754548724167276e-27 1.7289245875641912e-23 1.7280531250349647e-19 1.671363095101444e-15 2.373054796219465e-12 5.918817999961791e-12
0.11629621104824843 2.1139606260572194e-35 1.7141426683382199e-34 1.9228671166156417e-27 1.8958884398740375e-23 1.8949471259913602e-19 1.832782156655783e-15 2.602242746245496e-12 6.490453246761028e-12
0.1190078407626656 2.1368257989937872e-35 1.783604992131812e-34 2.107375389207168e-27 2.0789768589764215e-23 2.0779596245697237e-19 2.0097909568308788e-15 2.8535655062284836e-12 7.117296621001924e-12
