results/limits/BECCAL_h_phase.dat
# %ECSV 1.0
# ---
# datatype:
# - {name: mx, unit: MeV, datatype: float64}
# - {name: sigma, unit: cm2 MeV4, datatype: float64}
# schema: astropy-2.0
mx sigma
[from data line 1434]
0.001971782336360376 3.474707004167604e-19
0.001979061507270924 3.5263017233763494e-19
0.001986367550482825 3.5786625547330796e-19
0.001993700565199762 3.6318008739409555e-19
0.002001060650991652 3.685728225646583e-19
0.0020084479077959842 3.740456325912987e-19
0.0020158624359191877 3.7959970648291106e-19
0.0020233043360379887 3.8523625089514576e-19
0.0020307737092007767 3.9095649040006308e-19
0.002038270656828985 3.9676166776751517e-19
0.0020457952807184554 4.0265304419991567e-19
0.002053347683040829 4.086318996428339e-19
0.0020609279663449287 4.1469953304170354e-19
0.002068536233558155 4.2085726262631884e-19
0.002076172587987886 4.27106426211306e-19
0.002083837133322872 4.334483814581035e-19
0.00209152997363465 4.398845062056432e-19
0.002099251213378953 4.464161987439322e-19
0.0021070009573971303 4.530448781225857e-19
0.0021147793109175766 4.5977198446573415e-19
0.002122586379557148 4.665989792863948e-19
0.0021304222693226066 4.735273457906902e-19
0.0021382870866120556 4.805585892038098e-19
0.0021461809382163828 4.876942371258398e-19
0.0021541039313207203 4.949358398098267e-19
0.002162056173505885 5.022849705511396e-19
0.0021700377727498486 5.097432259833214e-19
0.002178048837429203 5.173122264798663e-19
0.0021860894763206275 5.24993616434056e-19
0.0021941597986023767 5.32789064690959e-19
0.002202259913855748 5.407002648699866e-19
0.002210389932066579 5.487289357212874e-19
0.002218549963626737 5.568768215231216e-19
0.0022267401193356265 5.6514569246127e-19
0.00223496051040168 5.735373450055586e-19
0.0022432112484438763 5.820536022951156e-19
0.0022514924454932563 5.906963145410032e-19
0.002259804213994439 5.99467359434261e-19
0.00226814666680716 6.083686425356032e-19
0.002276519917207787 6.174020977032963e-19
0.002284924078890871 6.265696875272751e-19
0.0022933592659706856 6.358734037171673e-19
0.0023018255929827735 6.453152675761409e-19
0.002310323174885512 6.5489733040264005e-19
0.0023188521270616604 6.646216739625871e-19
0.002327412565319935 6.744904109397075e-19
0.0023360046058965803 6.845056853717539e-19
0.0023446283654569443 6.946696731514853e-19
0.002353283961097071 7.049845824697407e-19
0.002361971510345279 7.154526543089366e-19
0.002370691131163764 7.260761629224034e-19
0.0023794429419501995 7.368574163404102e-19
0.002388227061539342 7.47798756865081e-19
0.0023970436092046535 7.58902561565072e-19
0.0024058927046599083 7.701712428204041e-19
0.0024147744680608255 7.816072488255408e-19
0.0024236890200067 7.932130641304735e-19
0.0024326364815420378 8.049912101715148e-19
0.002441616974158208 8.169442458192541e-19
0.002450630619795078 8.290747679712791e-19
0.0024596775408426814 8.413854120384389e-19
0.002468757860142871 8.538788526045583e-19
0.002477871700990999 8.665578039469457e-19
0.002487019187137577 8.79425020646917e-19
0.002496200442789965 8.924832982155315e-19
0.0025054155926140546 9.057354736143847e-19
0.002514664761735961 9.191844259900547e-19
0.0025239480757437314 9.32833077202005e-19
0.0025332656606890354 9.466843925147922e-19
0.0025426176430888856 9.607413812151582e-19
0.002552004149927355 9.750070972897232e-19
0.0025614253086572955 9.894846400391842e-19
0.0025708812472020823 1.0041771548117238e-18
0.0025803720939573333 1.0190878336625829e-18
0.002589897977792663 1.0342199160071091e-18
0.002599459028053431 1.0495766894299824e-18
0.0026090553745624933 1.0651614902498847e-18
0.0026186871476219786 1.0809777043972239e-18
0.002628354478015039 1.0970287680422577e-18
0.002638057497007638 1.1133181683690339e-18
0.0026477963363503295 1.1298494443763152e-18
0.0026575711282800455 1.146626187565836e-18
0.0026673820055219 1.1636520428375164e-18
0.002677229101290977 1.1809307091310523e-18
0.0026871125492941485 1.1984659403709734e-18
0.00269703248373189 1.2162615461981844e-18
0.0027069890393000957 1.234321392804788e-18
0.0027169823511919234 1.2526494038321205e-18
0.0027270125550996095 1.2712495611603844e-18
0.002737079787216326 1.2901259058049922e-18
0.00274718418423802 1.3092825387439417e-18
0.002757325883365285 1.328723621903956e-18
0.0027675050223052063 1.3484533789816716e-18
0.0027777217392732385 1.3684760964115974e-18
0.002787976172995085 1.3887961242357134e-18
0.002798268462708574 1.4094178771265188e-18
0.0028085987481655636 1.4303458352936082e-18
0.002818967169633821 1.451584545489487e-18
0.0028293738678989372 1.4731386219354646e-18
0.0028398189842662393 1.4950127474210166e-18
0.002850302660562703 1.5172116742075887e-18
0.0028608250391388918 1.5397402251924598e-18
0.0028713862628708714 1.5626032948449117e-18
0.0028819864751621622 1.5858058502940182e-18
0.0028926258199456828 1.6093529324849594e-18
0.0029033044416857017 1.6332496571492808e-18
0.002914022485379811 1.6575012160209386e-18
0.0029247800965608774 1.682112877899226e-18
0.00293557742129903 1.707089989818979e-18
0.0029464146062036403 1.7324379782627841e-18
0.0029572917984253106 1.7581623501802805e-18
0.002968209145657883 1.7842686944320235e-18
0.0029791667961404297 1.8107626827547656e-18
0.0029901648986592733 1.837650071172505e-18
0.0030012036025500077 1.8649367010897308e-18
0.0030122830576995215 1.8926285007552717e-18
0.0030234034145480452 1.9207314863892314e-18
0.0030345648240911764 1.9492517635018703e-18
0.003045767437881941 1.978195528382909e-18
0.0030570114080328468 2.0075690691899524e-18
0.0030682968872179587 2.0373787675653127e-18
0.0030796240286749556 2.0676310998665854e-18
0.003090992986207223 2.0983326385705187e-18
0.0031024039141859367 2.1294900537911783e-18
0.0031138569675521572 2.1611101147217474e-18
0.0031253523018189466 2.1931996909668523e-18
0.0031368900730734594 2.2257657542719086e-18
0.0031484704379790766 2.2588153797738263e-18
0.0031600935537775283 2.2923557477329284e-18
0.003171759578291026 2.326394145027525e-18
0.003183468669924418 2.3609379666936045e-18
0.0031952209876673233 2.3959947176286556e-18
0.0032070166910962996 2.4315720141827642e-18
0.0032188559403770094 2.4676775856549845e-18
0.0032307388962663905 2.504319276312389e-18
0.003242665720114852 2.5415050467650648e-18
0.003254636573868447 2.579242975808387e-18
0.003266651620071082 2.61754126238716e-18
0.003278711021866722 2.656408226938937e-18
0.003290814943001604 2.6958523136286927e-18
0.0033029635478264707 2.735882091891209e-18
0.003315157001298784 2.7765062585341124e-18
0.0033273954689849775 2.817733639392974e-18
0.0033396791170627023 2.859573191350044e-18
0.003352008112323079 2.902034004347103e-18
0.0033643826221729754 2.9451253032920414e-18
0.0033768028146372612 2.9888564499708955e-18
0.0033892688583611018 3.0332369453631153e-18
0.0034017809226122406 3.078276431408388e-18
0.0034143391772833136 3.1239846932088182e-18
0.0034269437928941327 3.1703716611247607e-18
0.0034395949405940174 3.2174474132004423e-18
0.003452292792164113 3.2652221767525768e-18
0.0034650375200197215 3.3137063312947548e-18
0.003477829297212656 3.3629104102767193e-18
0.0034906682974335684 3.412845103573587e-18
0.003503554695014324 3.4635212599507286e-18
0.0035164886649303633 3.5149498889494834e-18
0.0035294703828030747 3.5671421639942625e-18
0.003542500024902194 3.620109424056491e-18
0.0035555777681481764 3.673863176608987e-18
0.003568703790114612 3.7284151000238994e-18
0.0035818782690306343 3.7837770461685524e-18
0.0035951013837833366 3.839961042683824e-18
0.0036083733139202156 3.896979295954713e-18
0.003621694239651587 3.954844193531268e-18
0.0036350643418530467 4.013568307005899e-18
0.0036484838020679248 4.073164394494813e-18
0.0036619528025097453 4.133645403649733e-18
0.0036754715260647153 4.195024474455727e-18
0.0036890401562941874 4.257314941817648e-18
0.0037026588774371648 4.3205303388558684e-18
0.0037163278744128015 4.3846843995143495e-18
0.003730047332822907 4.44979106161073e-18
0.0037438174389544847 4.515864469953872e-18
0.003757638379782235 4.582918979485458e-18
0.0037715103429711125 4.650969158326499e-18
0.0037854335168788643 4.720029790780361e-18
0.0037994080905586047 4.790115880565551e-18
0.0038134342537613575 4.861242654601346e-18
0.0038275121969386485 4.933425565450363e-18
0.0038416421112450884 5.006680295387552e-18
0.0038558241885409635 5.081022759449432e-18
0.003870058621394857 5.1564691090536176e-18
0.0038843456030862402 5.233035735523732e-18
0.0038986853276081123 5.3107392733343926e-18
0.00391307798966963 5.389596604084967e-18
0.00392752378469875 5.469624860044317e-18
0.003942022908844895 5.550841427933022e-18
0.003956575558981596 5.6332639526727774e-18
0.003971181932709178 5.716910340920903e-18
0.003985842228357443 5.8017987654344284e-18
0.0040005566449883585 5.887947668822481e-18
0.0040153253823987725 5.9753757674850385e-18
0.004030148641123108 6.0641020558153685e-18
0.004045026622436095 6.154145810091495e-18
0.004059959528355507 6.24552659309918e-18
0.004074947561644897 6.338264257483432e-18
0.004089990925816364 6.4323789515495545e-18
0.004105089825133295 6.5278911221703656e-18
0.004120244464613155 6.624821520058336e-18
0.004135455050030265 6.723191203824475e-18
0.0041507217879185945 6.823021545105331e-18
0.004166044885574579 6.92433423252444e-18
0.0041814245510599125 7.027151277090256e-18
0.004196860993204389 7.131495016388427e-18
0.004212354421608728 7.237388119742205e-18
0.004227905046647438 7.34485359327796e-18
0.004243513079471651 7.453914784329979e-18
0.004259178732012 7.564595387499413e-18
0.0042749022169815 7.676919448573099e-18
0.004290683747878424 7.79091137088303e-18
0.004306523538989227 7.90659591984635e-18
0.004322421805391423 8.023998228546909e-18
0.0043383787629565265 8.14314380367493e-18
0.00435439462835298 8.264058530226224e-18
0.004370469619049089 8.38676867778071e-18
0.004386603953315994 8.511300906041489e-18
0.004402797850230606 8.637682270025285e-18
0.004419051529678602 8.765940227453337e-18
0.004435365212357404 8.896102642849391e-18
0.004451739119779171 9.028197794951754e-18
0.004468173474273826 9.162254382049691e-18
0.004484668498992047 9.298301529507335e-18
0.004501224417908317 9.436368793906827e-18
0.004517841455823956 9.576486171372026e-18
0.0045345198383701735 9.718684103392138e-18
0.004551259792011149 9.862993483287148e-18
0.004568061544047079 1.0009445663280868e-17
0.004584925322617284 1.0158072461038317e-17
0.004601851356703295 1.0308906166585216e-17
0.004618839876131968 1.046197955013526e-17
0.004635891111578614 1.0617325867334313e-17
0.0046530052945701105 1.0774978867955628e-17
0.004670182657488058 1.0934972803621595e-17
0.0046874234335719306 1.1097342434285033e-17
0.0047047278569222585 1.1262123035217175e-17
0.004722096162503781 1.1429350406102935e-17
0.004739528586148652 1.1599060878949438e-17
0.0047570253645596436 1.177129132369881e-17
0.004774586735313349 1.1946079158789526e-17
0.004792212936863432 1.212346235793867e-17
0.0048099042085438335 1.2303479458871705e-17
0.004827660790572042 1.2486169571723449e-17
0.004845482924052349 1.2671572386644947e-17
0.0048633708509791184 1.2859728184120958e-17
0.004881324814240094 1.3050677841893025e-17
0.004899345057619665 1.3244462845456314e-17
0.004917431825802198 1.3441125295493295e-17
0.004935585364375353 1.3640707917658358e-17
0.004953805919833413 1.3843254073816211e-17
0.004972093739580654 1.4048807767418994e-17
0.004990449071934671 1.4257413656962762e-17
0.005008872166129769 1.446911706358681e-17
0.005027363272320348 1.468396398057174e-17
0.005045922641584285 1.490200108509263e-17
0.005064550525926375 1.512327574773257e-17
0.005083247178281712 1.5347836040591468e-17
0.00510201285251915 1.5575730752122334e-17
0.005120847803444739 1.580700939359557e-17
0.005139752286805202 1.604172221166288e-17
0.00515872655929138 1.6279920198606418e-17
0.005177770878541739 1.6521655105265857e-17
0.00519688550314586 1.676697945066248e-17
0.005216070692647945 1.70159465320868e-17
0.005235326707550366 1.7268610439748628e-17
0.005254653809317166 1.7525026066412463e-17
0.005274052260377635 1.7785249120071004e-17
0.005293522324129861 1.804933613569257e-17
0.0053130642649443114 1.8317344488527933e-17
0.005332678348167434 1.858933240466253e-17
0.005352364840125234 1.8865358975602493e-17
0.005372124008126909 1.9145484168824303e-17
0.005391956120468475 1.942976884530583e-17
0.005411861446436403 1.9718274766336305e-17
0.005431840256311296 2.001106461209152e-17
0.00545189282137153 2.030820199255372e-17
0.005472019413896953 2.0609751463757623e-17
0.005492220307172586 2.091577853908763e-17
0.005512495775492317 2.1226349704247433e-17
0.005532846094162659 2.1541532432872358e-17
0.005553271539506443 2.1861395202206005e-17
0.005573772388866604 2.218600750248923e-17
0.005594348920609933 2.2515439858385467e-17
0.005615001414130853 2.2849763841773342e-17
0.0056357301498552404 2.3189052086756505e-17
0.005656535409244189 2.3533378304520508e-17
0.005677417474797864 2.3882817304836173e-17
0.0056983766300593205 2.423744500278832e-17
0.00571941315961838 2.4597338445911738e-17
0.005740527349115455 2.496257582145461e-17
0.0057617194852454595 2.533323648206152e-17
0.005782989855761687 2.5709400952480977e-17
0.005804338749479715 2.609115096051574e-17
0.005825766456281354 2.6478569442478083e-17
0.005847273267118542 2.6871740567617858e-17
0.005868859474017322 2.7270749754674712e-17
0.005890525370081802 2.7675683691405672e-17
0.005912271249498127 2.8086630351586764e-17
0.0059340974075385 2.850367901727351e-17
0.005956004140565151 2.892692029501438e-17
0.00597799174603439 2.9356446135428544e-17
0.006000060522500636 2.979234985719652e-17
0.006022210769620469 3.023472616282633e-17
0.006044442788156717 3.068367116000354e-17
0.00606675687998251 3.113928238719647e-17
0.0060891533480854 3.160165882760047e-17
0.006111632496571468 3.2070900936811183e-17
0.006134194630669447 3.254711065979116e-17
0.006156840056734897 3.303039145636569e-17
0.006179569082254321 3.3520848321734035e-17
0.006202382015849364 3.401858781204316e-17
0.006225279167281004 3.452371806436442e-17
0.006248260847453749 3.50363488200868e-17
0.006271327368419879 3.555659145342441e-17
0.006294479043383653 3.60845589900077e-17
0.006317716186705582 3.662036613452545e-17
0.006341039113906684 3.716412929348714e-17
0.0063644481416728 3.771596660366804e-17
0.006387943587858849 3.8275997956274235e-17
0.006411525771493172 3.884434502020994e-17
0.006435195012781858 3.942113127322211e-17
0.006458951633113085 4.0006482024833505e-17
0.0064827959550615094 4.0600524450693534e-17
0.006506728302392609 4.1203387605000767e-17
0.0065307490000671015 4.18152024654999e-17
0.006554858374245353 4.243610195358035e-17
0.006579056752291801 4.306622096440498e-17
0.006603344462779423 4.370569639484818e-17
0.0066277218354941604 4.4354667174609446e-17
0.006652189201439423 4.5013274296695176e-17
0.006676746892840575 4.568166084940139e-17
0.0067013952431494404 4.635997204204996e-17
0.006726134587048859 4.70483552426246e-17
0.006750965260457189 4.774696000922167e-17
0.006775887600532894 4.845593811581929e-17
0.006800901945679116 4.917544359263772e-17
0.006826008635548263 4.990563275946147e-17
0.006851208011046651 5.064666425234197e-17
0.006876500414339085 5.139869906389324e-17
0.00690188618885354 5.2161900581870524e-17
0.006927365679285812 5.293643461626773e-17
0.006952939231604193 5.3722469436969246e-17
0.0069786071930542 5.452017581863214e-17
0.0070043699121632415 5.5329727066472674e-17
0.0070302277387453834 5.615129906050286e-17
0.007056181023906083 5.698507029319241e-17
0.007082230120046982 5.783122190614291e-17
0.0071083753808706554 5.868993773359658e-17
0.007134617161385436 5.956140433452935e-17
0.007160955817910231 6.04458110419139e-17
0.007187391708079353 6.134335000001966e-17
0.007213925190847404 6.225421620194839e-17
0.007240556626494107 6.317860754332693e-17
0.007267286376629226 6.41167248517233e-17
0.007294114804197466 6.506877193987532e-17
0.007321042273483404 6.603495564687994e-17
0.007348069150116451 6.701548587917009e-17
0.007375195801075783 6.801057566838115e-17
0.007402422594695348 6.902044120179142e-17
0.007429749900668863 7.004530187957083e-17
0.007457178090054821 7.108538035872767e-17
0.00748470753528157 7.214090260130805e-17
0.007512338610152314 7.321209793281558e-17
0.007540071689850221 7.429919907299924e-17
