results/limits/BECCAL_f_6_phase.dat
# %ECSV 1.0
# ---
# datatype:
# - {name: mx, unit: MeV, datatype: float64}
# - {name: sigma_6, unit: cm2, datatype: float64}
# schema: astropy-2.0
mx sigma_6
3.162277660168379e-07 5.0792320011549445e-34
3.2360111549336787e-07 5.512155297819395e-34
3.311463862505236e-07 5.9841776244778254e-34
3.388675869043115e-07 6.498937853591318e-34
3.4676881953794695e-07 7.0604220075055e-34
3.548542818811901e-07 7.6729960490556814e-34
3.6312826954049566e-07 8.341441877198818e-34
3.715951782811629e-07 9.07099686312976e-34
3.8025950636269697e-07 9.867397273471324e-34
3.89125856928623e-07 1.073692594652677e-33
3.9819894045202297e-07 1.1686464615862724e-33
4.0748357723809307e-07 1.2723551312033951e-33
4.169846999850535e-07 1.3856443316856343e-33
4.2670735640476865e-07 1.5094186194057053e-33
4.3665671190447213e-07 1.6446689474522824e-33
4.4683805233101997e-07 1.7924809633287974e-33
4.572567867791303e-07 1.954044105917115e-33
4.6791845046510194e-07 2.1306615786893846e-33
4.788287076675383e-07 2.3237612833806074e-33
4.899933547366384e-07 2.534907807147642e-33
5.014183231736547e-07 2.7658155631936843e-33
5.131096827821533e-07 3.0183631941312463e-33
5.250736448927506e-07 3.294609367225042e-33
5.373165656630395e-07 3.596810070418367e-33
5.4984494945446e-07 3.927437572553973e-33
5.626654522879044e-07 4.2892011801238104e-33
5.757848853798981e-07 4.685069952464957e-33
5.892102187612295e-07 5.1182975368947975e-33
6.029485849799565e-07 5.592449290147276e-33
6.17007282890752e-07 6.111432712272707e-33
6.313937815326057e-07 6.679526912895753e-33
6.461157240969403e-07 7.301421135540648e-33
6.611809319882495e-07 7.982250670073067e-33
6.765974089794179e-07 8.72764640609369e-33
6.923733454639272e-07 9.543752319967642e-33
7.085171228072106e-07 1.0437329988092459e-32
7.250373177994646e-07 1.1415716438819539e-32
7.419427072122865e-07 1.2487032849078866e-32
7.592422724615558e-07 1.3660006270056608e-32
7.769452043790388e-07 1.4944405858118297e-32
7.950609080952509e-07 1.635055353961933e-32
8.135990080361694e-07 1.7890237710652297e-32
8.325693530364543e-07 1.9575573503850395e-32
8.519820215718901e-07 2.1420859829978705e-32
8.718473271138315e-07 2.3440848497703918e-32
8.921758236084957e-07 2.565099262046419e-32
9.12978311084014e-07 2.8070693716271584e-32
9.342658413882192e-07 3.071878915840012e-32
9.560497240602198e-07 3.361658741136314e-32
9.78341532338879e-07 3.6784515660511644e-32
1.0011531093113902e-06 4.0252857949292226e-32
1.0244965742052174e-06 4.404720141352537e-32
1.048384328826741e-06 4.8197894853377487e-32
1.0728290641500308e-06 5.273065403305095e-32
1.0978437670592484e-06 5.769483880686835e-32
1.1234417272482566e-06 6.312420181650408e-32
1.149636544281106e-06 6.906216322402634e-32
1.1764421348171486e-06 7.555626173267536e-32
1.2038727400046132e-06 8.265855897061618e-32
1.2319429330465773e-06 9.042608327589029e-32
1.2606676269433496e-06 9.889092893025524e-32
1.2900620824153782e-06 1.0817637408636481e-31
1.3201419160108953e-06 1.1833209222761028e-31
1.3509231084026028e-06 1.294402212634243e-31
1.38242201287781e-06 1.4159080345526236e-31
1.4146553640265304e-06 1.5488255377513881e-31
1.447640286632156e-06 1.6942370161763835e-31
1.4813943047694329e-06 1.8533291288571273e-31
1.5159353511145682e-06 2.0274030017564265e-31
1.5512817764724183e-06 2.217885295568279e-31
1.587452359525819e-06 2.426340332834519e-31
1.6244663168122348e-06 2.654483386939712e-31
1.6623433129330315e-06 2.904195245585091e-31
1.7011034710007933e-06 3.175364884819281e-31
1.740767383330235e-06 3.474297141239334e-31
1.7813561223783898e-06 3.801565517140896e-31
1.8228912519398869e-06 4.159884951087122e-31
1.8653948386032614e-06 4.552232252485272e-31
1.908889463474389e-06 4.981871334637501e-31
1.9533982341732686e-06 5.452380879746297e-31
1.9989447971105317e-06 5.967684671256267e-31
2.045553350050195e-06 6.532084851596322e-31
2.0932486549653353e-06 7.150298388249668e-31
2.1420560511935146e-06 7.827497058346902e-31
2.192001468898943e-06 8.56935129188004e-31
2.2431114428485372e-06 9.382078246416924e-31
2.2954131265091837e-06 1.0272494522161396e-30
2.3489343064737076e-06 1.1248073965629862e-30
2.403703417223201e-06 1.2317011053465877e-30
2.4597495562335635e-06 1.348829039532851e-30
2.5171024994342686e-06 1.477176294681397e-30
2.575792717027583e-06 1.6178229580380726e-30
2.635851389676631e-06 1.7719532724809844e-30
2.6973104250709106e-06 1.9408656852315987e-30
2.760202474878063e-06 2.1259838667625785e-30
2.8245609520908932e-06 2.3288687935831562e-30
2.8904200487788716e-06 2.551231997627357e-30
2.9578147542535346e-06 2.794950094887537e-30
3.026780873657441e-06 3.062080716812321e-30
3.097355046986562e-06 3.3548799799160056e-30
3.1695747685562034e-06 3.675821642121648e-30
3.2434784069208122e-06 4.027618108704875e-30
3.319105225258239e-06 4.4132434664297395e-30
3.3964954022292982e-06 4.835958741713283e-30
3.4756900533236943e-06 5.299339597566356e-30
3.5567312527036693e-06 5.814452262032426e-30
3.6396620555569646e-06 6.372036002106752e-30
3.7245265209709786e-06 6.9832910591969e-30
3.811369735340273e-06 7.653393166598328e-30
3.900237836319859e-06 8.388017529623806e-30
3.991178037336996e-06 9.193387043846053e-30
4.0842386526745176e-06 1.0076325169122927e-29
4.179469123139017e-06 1.1044313908972021e-29
4.2769200423275275e-06 1.2105557388262138e-29
4.376643183506652e-06 1.3269051569796664e-29
4.478691527118417e-06 1.4544660702554304e-29
4.583119288927478e-06 1.5943201151597888e-29
4.689981948824612e-06 1.7476533322411424e-29
4.799336280301815e-06 1.915766246126717e-29
4.911240380614659e-06 2.1000849188676536e-29
5.0257537016479225e-06 2.3021730705728618e-29
5.142937081500915e-06 2.5237453703888344e-29
5.262852776809252e-06 2.7666820108295097e-29
5.385564495820272e-06 3.0330446893741643e-29
5.511137432239651e-06 3.325094133213286e-29
5.639638299867211e-06 3.645309316144089e-29
5.771135368040315e-06 3.9964085310007014e-29
5.905698497903673e-06 4.3813724967805683e-29
6.043399179524854e-06 4.8034696969245514e-29
6.184310569875183e-06 5.266284164176309e-29
6.32850753169624e-06 5.77374594824336e-29
6.47606667327258e-06 6.330164525289253e-29
6.627066389131828e-06 6.940265433289905e-29
6.781586901693754e-06 7.609230444712067e-29
6.939710303890459e-06 8.342741618034923e-29
7.101520602780329e-06 9.147029602605264e-29
7.267103764178904e-06 1.0028926607470358e-28
7.436547758330399e-06 1.0995924484468483e-28
7.609942606644117e-06 1.2056238419324165e-28
7.787380429520604e-06 1.3218876772156928e-28
7.968955495292936e-06 1.449371766106515e-28
8.15476427030917e-06 1.589159293975549e-28
8.344905470182516e-06 1.7424380283015134e-28
8.539480112236516e-06 1.9105104162714314e-28
8.738591569173047e-06 2.094804657257829e-28
8.942345623991688e-06 2.296886844277788e-28
9.150850526189614e-06 2.518474277622462e-28
9.364217049271877e-06 2.761450063803304e-28
9.58255854960264e-06 3.0278791238781467e-28
9.805991026628606e-06 3.320025747195016e-28
1.0034633184506672e-05 3.6403728397161176e-28
1.0268606495168497e-05 3.9916430304774675e-28
1.0508035262855554e-05 4.376821815519817e-28
1.07530466901589e-05 4.799182935931572e-28
1.1003770945598772e-05 5.262316205610247e-28
1.1260341232779899e-05 5.770158025155103e-28
1.1522893861159297e-05 6.327024841103323e-28
1.1791568318464117e-05 6.937649834731877e-28
1.206650734479802e-05 7.607223152055565e-28
1.2347857008475478e-05 8.341436016715213e-28
1.263576678362426e-05 9.146529100395966e-28
1.293038962959737e-05 1.0029345561553619e-27
1.3231882072236462e-05 1.099738920283113e-27
1.3540404287030327e-05 1.2058888240979105e-27
1.3856120184212054e-05 1.3222865230703161e-27
1.4179197495840522e-05 1.4499213736058175e-27
1.4509807864912299e-05 1.589878240023892e-27
1.484812693655133e-05 1.7433467127347942e-27
1.5194334451324849e-05 1.9116312158501485e-27
1.5548614340735104e-05 2.0991378133036455e-27
1.5911154824937624e-05 2.30177146099204e-27
1.6282148512737936e-05 2.5239675285785307e-27
1.6661792503919872e-05 2.7676145100902255e-27
1.7050288493959805e-05 3.0347831811384273e-27
1.7447842881182494e-05 3.327744188281691e-27
1.785466687641539e-05 3.648987334929102e-27
1.8270976615199758e-05 4.001242727305833e-27
1.869699327261814e-05 4.387503959746849e-27
1.91329431807992e-05 4.811053535841069e-27
1.957905794916243e-05 5.275490740870157e-27
2.003557458746648e-05 5.784762201709671e-27
2.0502735631726606e-05 6.343195393095498e-27
2.0980789273068064e-05 6.955535374059639e-27
2.1469989489583918e-05 7.62698506563855e-27
2.1970596181267336e-05 8.363249410876327e-27
2.2482875308090033e-05 9.170583790938294e-27
2.3007099031300245e-05 1.0055847107075482e-26
2.354354585801526e-05 1.1026559977569029e-26
2.4092500789185385e-05 1.209096854193082e-26
2.4654255471007912e-05 1.3258114411935062e-26
2.5229108349871537e-05 1.4537911360861552e-26
2.5817364830913554e-05 1.594122939912449e-26
2.641933744027406e-05 1.7479986946668e-26
2.7035345991133382e-05 1.916725188066916e-26
2.7665717753620915e-05 2.1017352311802786e-26
2.8310787628685666e-05 2.3045998024085305e-26
2.8970898326020842e-05 2.527041360303734e-26
2.964640054613707e-05 2.770948437500451e-26
3.033765316668089e-05 3.038391638814504e-26
3.104502343309761e-05 3.331641178330217e-26
3.176888715373972e-05 3.6531861032164994e-26
3.25096288995246e-05 4.0057553661352505e-26
3.326764220824756e-05 4.3923409235931584e-26
3.4043329793658724e-05 4.8162230545386936e-26
3.483710375941493e-05 5.280998112064761e-26
3.5649385818020195e-05 5.790608941421849e-26
3.648060751487119e-05 6.349378219778183e-26
3.73312104575266e-05 6.962044997547001e-26
3.820164655032238e-05 7.633804747781744e-26
3.90923782344573e-05 8.370353259317485e-26
4.0003878733676586e-05 9.177934741319082e-26
4.093663230568398e-05 1.0063394541869913e-25
4.1891134499415887e-05 1.1034236921511673e-25
4.2867892418314344e-05 1.209868836454316e-25
4.386742498973848e-05 1.3265766956706626e-25
4.489026324065786e-05 1.4545358408055749e-25
4.5936950579773975e-05 1.5948299354601398e-25
4.700804308621986e-05 1.74864686324042e-25
4.8104109804991236e-05 1.917288728328953e-25
4.922573304926602e-05 2.1021828123206285e-25
5.0373508709772956e-05 2.3048935782627026e-25
5.154804657137365e-05 2.5271358214163417e-25
5.27499706370262e-05 2.7707890756299873e-25
5.397991945930254e-05 3.037913394454844e-25
5.5238546479635675e-05 3.330766637332429e-25
5.6526520375476976e-05 3.6518234034017637e-25
5.784452541554797e-05 4.0037957688367617e-25
5.9193261823375433e-05 4.389655998205405e-25
6.057344614930286e-05 4.812661416265704e-25
6.198581165117595e-05 5.276381644016395e-25
6.34311086839044e-05 5.784728421741933e-25
6.491010509810695e-05 6.341988262562352e-25
6.642358664805138e-05 6.952858202518554e-25
6.797235740910648e-05 7.622484937880689e-25
6.955724020492732e-05 8.356507667214035e-25
7.117907704460117e-05 9.161104984976989e-25
7.283872956998614e-05 1.0043046205355363e-24
7.453707951348025e-05 1.1009747529719093e-24
7.627502916646401e-05 1.2069333508934029e-24
7.805350185866558e-05 1.3230704292949783e-24
7.987344244870308e-05 1.4503609204804987e-24
8.173581782606456e-05 1.5898727225034664e-24
8.364161742479263e-05 1.7427755025254787e-24
8.559185374914618e-05 1.9103503247509468e-24
8.758756291151902e-05 2.0940001788207483e-24
8.96298051829007e-05 2.295261491366895e-24
9.17196655561724e-05 2.51581671076836e-24
9.385825432253677e-05 2.757508063158542e-24
9.604670766138824e-05 3.0223525863903865e-24
9.828618824393714e-05 3.31255855803764e-24
0.00010057788585090809 3.630543443677477e-24
0.00010292301800464121 3.9789535026796986e-24
0.00010532283061593165 4.3606852006123064e-24
0.00010777859864595113 4.7789085901863065e-24
0.00011029162678360347 5.237092836527001e-24
0.00011286325013867351 5.7390340774703244e-24
0.00011549483495113791 6.28888582569393e-24
0.00011818777931701482 6.891192136771515e-24
0.0001209435139311377 7.55092378585507e-24
0.00012376350284724815 8.273517715728037e-24
0.00012664924425581149 9.064920040314246e-24
0.00012960227127996844 9.931632910758413e-24
0.00013262415279004548 1.0880765575754807e-23
0.00013571649423705693 1.1920089993979791e-23
0.0001388809385056415 1.3058101384498262e-23
0.00014211916678688624 1.4304084130789336e-23
0.00014543289947150178 1.5668183485587705e-23
0.0001488238970638237 1.7161483557439147e-23
0.00015229396111712465 1.8796092095126915e-23
0.00015584493519073535 2.0585232623693537e-23
0.00015947870582948208 2.2543344525185822e-23
0.00016319720356596128 2.4686191698423925e-23
0.00016700240394618395 2.70309804755258e-23
0.00017089632857913436 2.959648751778271e-23
0.000174881046210801 3.2403198460193903e-23
0.00017895867382325032 3.5473458122414683e-23
0.0001831313777593269 3.883163315334023e-23
0.00018740137487357792 4.2504288026972207e-23
0.00019177093371001327 4.6520375359028076e-23
0.000196242375707327 5.0911441565033444e-23
0.00020081807643222024 5.57118489324117e-23
0.00020550046684148122 6.095901522918062e-23
0.0002102920345734925 6.66936720218882e-23
0.0002151953252698519 7.296014292148307e-23
0.00022021294392780895 7.980664301950802e-23
0.00022534755628423554 8.728560081645e-23
0.0002306018902318662 9.545400397611994e-23
0.00023597873726856003 1.0437377026793674e-22
0.0002414809539803547 1.1411214507374559e-22
0.0002471114635590999 1.2474212684384698e-22
0.00025287325735547713 1.363429218793307e-22
0.00025876939646823026 1.4900042979542613e-22
0.00026480301337045197 1.628077609805431e-22
0.000270977313573789 1.7786578730598532e-22
0.00027729557733145163 1.9428372725166716e-22
0.00028376116138093086 2.121797665070444e-22
0.0002903775007273506 2.316817149532212e-22
0.00029714811046840066 2.5292770076076774e-22
0.00030407658766182135 2.7606690211210334e-22
0.00031116661323643183 3.012603167935577e-22
0.0003184219539477161 3.2868156959251354e-22
0.00032584646437900766 3.585177570632886e-22
0.00033344408898933415 3.9097032880095346e-22
0.0003412188642090111 4.262560038689572e-22
0.0003491749205840977 4.646077204750547e-22
0.0003573164849708539 5.062756163426325e-22
0.0003656478827813646 5.515280365305021e-22
0.0003741735402815245 6.006525646457621e-22
0.0003828979869426037 6.539570725307717e-22
0.000391825857847644 7.117707825372854e-22
0.000400961896153964 7.744453354408371e-22
0.0004103109556130814 8.423558559296393e-22
0.0004198780031493915 9.159020063695397e-22
0.00042966812149897106 9.955090182538607e-22
0.000439686511909911 1.0816286893630791e-21
0.0004499384969056106 1.1747403332540515e-21
0.00046042952311250296 1.2753516662012389e-21
0.0004711651641537129 1.383999615186887e-21
0.00048215112361018567 1.5012510290818595e-21
0.0004933932380508582 1.627703273574329e-21
0.0005048974801334842 1.7639846890227718e-21
0.0005166699617777604 1.910754888990533e-21
0.0005287169374124361 2.0687048759907597e-21
0.0005410448072981404 2.238556949870863e-21
0.0005536601209276797 2.4210643834183007e-21
0.0005665695805056229 2.617010839098709e-21
0.0005797800445090163 2.827209500625183e-21
0.0005932985313311235 3.052501893076051e-21
0.000607132223010125 3.2937563658900916e-21
0.0006212884690447563 3.551866213960413e-21
0.0006357747902989163 3.827747413722317e-21
0.0006505988829973161 4.122335953300264e-21
0.0006657686228142928 4.4365847385244e-21
0.0006812920690579615 4.771460060241917e-21
0.0006971774689519261 5.127937612373599e-21
0.0007134332620168255 5.506998055530497e-21
0.0007300680845540431 5.909622126023475e-21
0.0007470907742339592 6.336785297119507e-21
0.0007645103747911887 6.78945200593818e-21
0.0007823361408292924 7.2685694672448e-21
0.00080057754273752 7.775061103323448e-21
0.0008192442717221943 8.309819627660367e-21
0.0008383462449554094 8.873699828572019e-21
0.0008578936108437789 9.467511108274836e-21
0.0008778967544200344 1.0092009840657233e-20
0.000898366302860337 1.074789161989704e-20
0.0009193131311302326 1.1435783479359823e-20
0.0009407483677622533 1.215623616770718e-20
0.000962683400768232 1.2909716573601287e-20
0.000985129883689471 1.369660039733507e-20
0.0010080997417879817 1.4517165168061113e-20
0.0010316051783820807 1.5371583709488144e-20
0.0010556586813297128 1.6259918153770073e-20
0.0010802730296629402 1.7182114604140908e-20
0.001105461300377127 1.8137998539283324e-20
0.0011312368753784248 1.9127271049088972e-20
0.0011576134485932472 2.0149505979996397e-20
0.0011846050332435167 2.1204148060784564e-20
