results/limits/BECCAL_l_phase.dat
# %ECSV 1.0
# ---
# datatype:
# - {name: mx, unit: MeV, datatype: float64}
# - {name: sigma_10, unit: cm2, datatype: float64}
# - {name: sigma_9, unit: cm2, datatype: float64}
# - {name: sigma_7, unit: cm2, datatype: float64}
# - {name: sigma_6, unit: cm2, datatype: float64}
# - {name: sigma_5, unit: cm2, datatype: float64}
# - {name: sigma_4, unit: cm2, datatype: float64}
# - {name: sigma_3, unit: cm2, datatype: float64}
# - {name: sigma_2, unit: cm2, datatype: float64}
# schema: astropy-2.0
mx sigma_10 sigma_9 sigma_7 sigma_6 sigma_5 sigma_4 sigma_3 sigma_2
[from data line 559]
0.12462225218368743 2.1839931665850975e-35 1.9346923442589503e-34 2.531353339095156e-27 2.4999068636706082e-23 2.49871731182112e-19 2.4167457708857836e-15 3.4313729768719233e-12 8.558450556229146e-12
0.1275280166884199 2.208323767026272e-35 2.0168859936523144e-34 2.7744097868758268e-27 2.7413287027514695e-23 2.740041484541464e-19 2.6501533628429242e-15 3.762772546910334e-12 9.385019645001787e-12
0.13050153367883624 2.2331721297612523e-35 2.1039298491822283e-34 3.040860123880841e-27 3.006066069611359e-23 3.004672566605653e-19 2.906103294525702e-15 4.126178452544688e-12 1.0291418190542736e-11
0.1335443829110759 2.258553813526612e-35 2.1961679228180094e-34 3.3329597677041536e-27 3.296370723190952e-23 3.2948615229996196e-19 3.1867726896929945e-15 4.524681843789924e-12 1.1285356067221871e-11
0.13665818097578622 2.2844849629441834e-35 2.293971953177767e-34 3.6531817802772724e-27 3.61471189276297e-23 3.6130767141733375e-19 3.494548936089228e-15 4.961672410199624e-12 1.2375287759773026e-11
0.13984458215697693 2.3109823345914023e-35 2.397743858003165e-34 4.004237879128708e-27 3.963797280970926e-23 3.9620248919348213e-19 3.832049992586233e-15 5.440867213596258e-12 1.357048427721807e-11
0.14310527931090045 2.3380633242641142e-35 2.5079184185134435e-34 4.389101481329811e-27 4.3465960993332633e-23 4.344674227123927e-19 4.2021466614542395e-15 5.966342310954617e-12 1.488111202592629e-11
0.14644200476542463 2.3657459959798273e-35 2.624966218107305e-34 4.8110329673415945e-27 4.766364322683111e-23 4.764279555465638e-19 4.607987006046847e-15 6.542567423412706e-12 1.63183192802539e-11
0.14985653124037576 2.3940491121301962e-35 2.7493968609454782e-34 5.273607381555964e-27 5.2266723804306226e-23 5.224410059428139e-19 5.053023124579865e-15 7.174443950540228e-12 1.789433099684699e-11
0.15335067278934078 2.4229921654562826e-35 2.881762497594371e-34 5.7807448134955675e-27 5.731435527738535e-23 5.728979629085108e-19 5.541040515032008e-15 7.867346663564701e-12 1.962255280491514e-11
0.1569262857634292 2.4525954125274833e-35 3.0226616884697124e-34 6.336743715480565e-27 6.284947152888698e-23 6.282280158178961e-19 6.076190278959845e-15 8.627169429379109e-12 2.1517685049986184e-11
0.1605852697975066 2.482879908978373e-35 3.1727436381481486e-34 6.946317427201575e-27 6.891915290838045e-23 6.889018045288127e-19 6.663024425276288e-15 9.460375335976837e-12 2.359584781559874e-11
0.16432956881942368 2.5138675467961486e-35 3.332712837454673e-34 7.614634241431434e-27 7.557502677570055e-23 7.554354234595664e-19 7.30653459751683e-15 1.0374051678664293e-11 2.5874718068632752e-11
0.16816117208277714 2.5455810933232134e-35 3.503334153524752e-34 8.347361323806234e-27 8.287370657941378e-23 8.283948108851569e-19 8.012194526931735e-15 1.1375970236320511e-11 2.8373679998952446e-11
0.172082115223751 2.578044232527666e-35 3.6854384121202208e-34 9.150712880616708e-27 9.087727340887987e-23 9.084005628259593e-19 8.786006592219046e-15 1.2474653378396574e-11 3.111398990194467e-11
0.1760944813425998 2.611281608499961e-35 3.87992852086518e-34 1.0031502984448578e-26 9.965380412129158e-23 9.96133212529238e-19 9.634552882452198e-15 1.3679446565695428e-11 3.411895700827496e-11
0.1802004021103484 2.6453188711576704e-35 4.087786186784844e-34 1.0997203476725062e-26 1.0927795022363794e-22 1.092339017327776e-18 1.0565051167338296e-14 1.5000597818736506e-11 3.741414169203192e-11
0.18440205890129596 2.680182724573157e-35 4.310079286540065e-34 1.2056007506555144e-26 1.1983157312568341e-22 1.1978363090199272e-18 1.1585416317832606e-14 1.644934492471063e-11 4.102757298028275e-11
0.18870168395192646 2.7159009779303976e-35 4.54796995391911e-34 1.321689916070699e-26 1.3140444028325703e-22 1.3135224529459003e-18 1.2704327614037659e-14 1.8038011003390376e-11 4.498998691134132e-11
0.1931015615468407 2.7525025991847917e-35 4.802723454320989e-34 1.4489729827280728e-26 1.4409498867645216e-22 1.4403814801864867e-18 1.393130256351541e-14 1.978010931673304e-11 4.9335087948438416e-11
0.1976040292323402 2.790017771821806e-35 5.075717924299652e-34 1.5885301972880658e-26 1.5801116241847173e-22 1.5794924608185722e-18 1.527677788706973e-14 2.1690458255087687e-11 5.4099835775641245e-11
0.20221147905830805 2.828477954848603e-35 5.36845505943442e-34 1.741546095802788e-26 1.7327133073722399e-22 1.732038680626861e-18 1.6752198275524918e-14 2.3785307356911023e-11 5.932475961329374e-11
0.20692635884904578 2.867915945831197e-35 5.682571843891884e-34 1.9093195696664475e-26 1.9000529437563288e-22 1.8993177017032158e-18 1.8370113695428365e-14 2.6082475466519515e-11 6.505430280786389e-11
0.21175117350374192 2.908365947893714e-35 6.019853422035833e-34 2.093274920408592e-26 2.0835539090479373e-22 2.0827524118447117e-18 2.014428625837438e-14 2.8601502470577155e-11 7.133720128955723e-11
0.2166884863272632 2.949863640285979e-35 6.382247222762515e-34 2.2949739551297154e-26 2.284777040418122e-22 2.283903113642756e-18 2.2089807146176835e-14 3.136381531219914e-11 7.8226897640828e-11
0.22174092039197504 2.9924462531146624e-35 6.7718784570842e-34 2.5161292727503597e-26 2.505433920775382e-22 2.504480804273553e-18 2.4223225052456552e-14 3.439291035643025e-11 8.578199594810706e-11
0.22691115993131514 3.03615264612048e-35 7.191067120336004e-34 2.7586188261239846e-26 2.7474014387548934e-22 2.7463617305699e-18 2.6562686958697636e-14 3.771455326859681e-11 9.406676033373258e-11
0.23220195176586036 3.081023392386683e-35 7.642346642975509e-34 3.0245018827270635e-26 3.0127377468957e-22 3.0116033418068608e-18 2.9128092428934485e-14 4.135699808684345e-11 1.031516613615683e-10
0.2376161067626448 3.127100866907513e-35 8.12848434588495e-34 3.316036540241385e-26 3.3036997749844355e-22 3.3024617971337956e-18 3.194126294091535e-14 4.5351227643940844e-11 1.1311397569147693e-10
0.24315650132850383 3.1744293398693164e-35 8.652503870957357e-34 3.6356989219456765e-26 3.6227624228856695e-22 3.621411151924991e-18 3.5026127455696805e-14 4.973121704493757e-11 1.2403844323914208e-10
0.24882607893823822 3.223055075961782e-35 9.217709772639548e-34 3.9862042407017897e-26 3.9726396218631074e-22 3.97116441199174e-18 3.840892605311847e-14 5.453422279532681e-11 1.3601798831280847e-10
0.25462785169840935 3.27302643945668e-35 9.82771447178515e-34 4.370529862019873e-26 4.356307394705567e-22 4.354696585924375e-18 4.211843289310797e-14 5.980109936864585e-11 1.491545091888142e-10
0.2605649019475973 3.3243940055251777e-35 1.0486467792550437e-33 4.791940649928029e-26 4.777029198984127e-22 4.7752700198009306e-18 4.6186201251942394e-14 6.557664711680605e-11 1.6355974586143318e-10
0.26664038389397104 3.3772106781667916e-35 1.1198289320117303e-33 5.254016724057033e-26 5.238383680869955e-22 5.236462141639289e-18 5.064683186545059e-14 7.190999327236295e-11 1.7935623032986272e-10
0.27285752529104135 3.43153181554214e-35 1.1967903839417804e-33 5.760683875350053e-26 5.744295087595737e-22 5.7421958635991754e-18 5.553826697786194e-14 7.885500944848645e-11 1.9667832791692512e-10
0.2792196291524867 3.4874153626658783e-35 1.2800480137413792e-33 6.316246986655626e-26 6.29906668485892e-22 6.296772988116001e-18 6.090211344456158e-14 8.647077039059759e-11 2.156733814767158e-10
0.2857300755069626 3.544921992563866e-35 1.3701673475299033e-33 6.925426609604827e-26 6.907417330031252e-22 6.904910768774976e-18 6.67839963473636e-14 9.48220560506562e-11 2.365029636565958e-10
0.2923923231938275 3.604115255864749e-35 1.4677672064394535e-33 7.593399136681828e-26 7.574521640614271e-22 7.571782065222679e-18 7.32339473711676e-14 1.0397990301677224e-10 2.593442522600869e-10
0.2992099117007387 3.665061739849207e-35 1.5735247907117312e-33 8.325840796612661e-26 8.306053985606988e-22 8.303059319701336e-18 8.030683014319306e-14 1.1402220842346915e-10 2.843915365057835e-10
0.3061864630440946 3.727831237429889e-35 1.6881812400585617e-33 9.128975914779494e-26 9.108236741935124e-22 9.10496279721066e-18 8.806280680984477e-14 1.2503439241245633e-10 3.118578693215817e-10
0.31332568369332287 3.792496926763034e-35 1.8125477128148972e-33 1.0009629902683249e-25 9.987893279879385e-22 9.984313553077984e-18 9.656785033687748e-14 1.3711012551280601e-10 3.419768815593743e-10
0.32063136654003577 3.859135562445197e-35 1.94751203109715e-33 1.097528721619279e-25 1.0952505916264336e-21 1.0948591366608198e-17 1.0589430484128038e-13 1.5035212421810314e-10 3.7500476630504903e-10
0.3281073929131 3.9278276785940245e-35 2.094045942493658e-33 1.2034155088798025e-25 1.2010279643577677e-21 1.200599844873112e-17 1.1612150176902906e-13 1.6487302585534575e-10 4.112224609561231e-10
0.3357577346406907 3.998657805253563e-35 2.2532130545561734e-33 1.3195233267966735e-25 1.317021186097707e-21 1.3165529149505807e-17 1.273364341032065e-13 1.807963458472233e-10 4.5093803480301927e-10
0.343586456160426 4.071714698628962e-35 2.4261775022298804e-33 1.4468390582605772e-25 1.444216893688989e-21 1.44370464949256e-17 1.3963449662484158e-13 1.982575287581557e-10 4.944893105236202e-10
0.3515977166787018 4.147091586713227e-35 2.6142134158781463e-33 1.5864448870123441e-25 1.583697013037218e-21 1.5831366079999018e-17 1.531202973233464e-13 2.1740510036081168e-10 5.422467376407403e-10
0.359795772380376 4.22488643015271e-35 2.8187152616547335e-33 1.7395274996914487e-25 1.7366479606085895e-21 1.7360348052729617e-17 1.6790854706179576e-13 2.384019308113587e-10 5.946165431044185e-10
0.368184978689974 4.305202201847688e-35 3.0412091354454388e-33 1.9073881814311088e-25 1.904370738419977e-21 1.9036998030009202e-17 1.841250356313066e-13 2.6142662048272134e-10 6.520441878049486e-10
0.3767697925856183 4.388147183072588e-35 3.283365098221043e-33 2.0914538748872996e-25 2.088291992410126e-21 2.0875577644077042e-17 2.0190770095185787e-13 2.8667501805013965e-10 7.150181529465233e-10
0.38555477496691104 4.473835281634735e-35 3.547010649448061e-33 2.293289328789587e-25 2.2899761603785063e-21 2.2891725980996815e-17 2.2140780362025842e-13 3.1436188815197954e-10 7.840740994879846e-10
0.394544593078027 4.562386369818492e-35 3.8341454458580255e-33 2.514610394142207e-25 2.511138767457592e-21 2.510259249059664e-17 2.4279121240963714e-13 3.447227365830694e-10 8.5979942049753e-10
0.4037440229873054 4.653926645802758e-35 4.1469573836560456e-33 2.757298623293942e-25 2.7536610244648543e-21 2.7526982920826464e-17 2.662398157405613e-13 3.7801581434658364e-10 9.428382396122509e-10
0.4131579521246571 4.7485890201168564e-35 4.487840174298287e-33 3.0234172697782617e-25 3.019605826964932e-21 3.018551925450081e-17 2.919530685826562e-13 4.1452431399449426e-10 1.0338968890993204e-09
0.42279138187813525 4.846513528425989e-35 4.859412557145679e-33 3.3152288316201597e-25 3.3112352977769877e-21 3.310081507530097e-17 3.201496885873839e-13 4.545587778511943e-10 1.133749916391275e-09
0.43264943025104924 4.947847772016786e-35 5.264539310517088e-33 3.635214315272102e-25 3.631030050100571e-21 3.6297668134175155e-17 3.5106951858237366e-13 4.984597424425815e-10 1.2432466797594306e-09
0.4427373345810337 5.052747391026571e-35 5.706354233559158e-33 3.986094304376422e-25 3.981710255326908e-21 3.980327095651017e-17 3.84975563555349e-13 5.466006306710603e-10 1.3633185619094224e-09
0.4530604543225162 5.16137656833731e-35 6.188285298184428e-33 4.370852130619923e-25 4.36625881300523e-21 4.364744246379065e-17 4.221562308893183e-13 5.993909325731884e-10 1.4949869033528342e-09
0.4636242738940635 5.273908571468074e-35 6.71408218051796e-33 4.792759214838346e-25 4.787946690928882e-21 4.7862881289145153e-17 4.629277804201537e-13 6.572796839898793e-10 1.6393716788253966e-09
0.47443440559211736 5.390526331035176e-35 7.287846415645919e-33 5.255402918820626e-25 5.250360775939504e-21 5.248544419163274e-17 5.076370172481534e-13 7.207592899064722e-10 1.797701033372736e-09
0.48549659257266914 5.511423062067271e-35 7.914064433290727e-33 5.7627170508763165e-25 5.757434378413584e-21 5.755445099842021e-17 5.566642411262822e-13 7.903697120885901e-10 1.9713217270542024e-09
0.4968167119024568 5.636802928663312e-35 8.597643764191662e-33 6.319015293867648e-25 6.31348065904949e-21 6.311301876012173e-17 6.104264783969168e-13 8.667030578894113e-10 2.1617105802390797e-09
0.5084007776813051 5.766881759010427e-35 9.343952739124475e-33 6.929027971420483e-25 6.923229394135232e-21 6.920842927974891e-17 6.693810367167843e-13 9.504086273619512e-10 2.37048706199649e-09
0.5202549442372687 5.901887810070459e-35 1.0158864023450688e-32 7.597942148960881e-25 7.59186707489053e-21 7.589252997111741e-17 7.340293821430365e-13 1.0421984180700091e-09 2.5994270200666405e-09
0.5323855093962742 6.042062590501558e-35 1.1048802382425052e-32 8.33144589642161e-25 8.325081169311435e-21 8.322217632836403e-17 8.049214186802896e-13 1.1428532013260762e-09 2.8504778360718795e-09
0.5447989178279997 6.187661743279487e-35 1.2020797085261098e-32 9.135776607698656e-25 9.129108439942209e-21 9.125971494101617e-17 8.826601599825728e-13 1.2532291552233374e-09 3.1257749694706405e-09
0.557501764469769 6.33895599519638e-35 1.3082539421608643e-32 1.0017773978567989e-24 1.00107879203117e-20 1.0007351308005982e-16 9.679068514880683e-13 1.3742651372065806e-09 3.4276600966344057e-09
0.5705007980302781 6.496232176416039e-35 1.424244583384254e-32 1.0984938323424627e-24 1.097761923030589e-20 1.0973854165542669e-16 1.0613866087600408e-12 1.5069906895691737e-09 3.7587010779718045e-09
0.5838029245750183 6.659794317837737e-35 1.5509727213679557e-32 1.2045494271576983e-24 1.2037826270643727e-20 1.2033701194638185e-16 1.1638945759170434e-12 1.6525347833894518e-09 4.121713766851106e-09
0.5974152111952977 6.829964832018606e-35 1.6894464966153455e-32 1.320846071692986e-24 1.3200427170920818e-20 1.3195907484657668e-16 1.276302688702413e-12 1.8121354209533291e-09 4.5197859597390174e-09
0.6113448897628128 7.007085783443208e-35 1.8407694520071175e-32 1.4483727597110724e-24 1.447531106685709e-20 1.4470358837815368e-16 1.3995670978492434e-12 1.9871501756855575e-09 4.956303684651768e-09
0.6255993607717623 7.191520258262428e-35 2.006149696676918e-32 1.5882139933859812e-24 1.5873322138816056e-20 1.586789577941507e-16 1.5347362945163914e-12 2.1790677289039456e-09 5.434979975858754e-09
0.6401861972705483 7.383653839085221e-35 2.1869099652569905e-32 1.7415590203179686e-24 1.7406351980050437e-20 1.740040589501517e-16 1.6829600411012656e-12 2.3895205500732874e-09 5.9598865006765604e-09
0.6551131488851486 7.583896194983424e-35 2.3844986559534682e-32 1.9097119222623417e-24 1.908744048151761e-20 1.9080924681294384e-16 1.8454991254942037e-12 2.6202987462080483e-09 6.535488102326561e-09
0.6703881459363026 7.792682797623635e-35 2.600501941889344e-32 2.0941027478240185e-24 2.0930887157019992e-20 2.0923746833737848e-16 2.023736124777887e-12 2.873365344517416e-09 7.166680917552252e-09
0.686019303652694 8.010476771335557e-35 2.8366570557523586e-32 2.296299632538127e-24 2.2952372341161267e-20 2.294454740380884e-16 2.219187123499316e-12 3.1508729303830615e-09 7.858833874675857e-09
0.7020149264823721 8.237770893289346e-35 3.0948668631974627e-32 2.518022172430167e-24 2.5169090923067657e-20 2.5160515487679624e-16 2.433514643989099e-12 3.455182006240441e-09 8.617834483892489e-09
0.7183835125046995 8.475089750187902e-35 3.377215844605465e-32 2.761156027851012e-24 2.7599898381243734e-20 2.7590500211944186e-16 2.6685417660397466e-12 3.7888810391501666e-09 9.450138839455675e-09
0.7351337579451718 8.722992072921131e-35 3.685987613541994e-32 3.027768967891414e-24 3.0265471225827614e-20 3.0255171121901507e-16 2.9262676395947093e-12 4.154808486210532e-09 1.036282655494835e-08
0.7522745617955077 8.982073258121648e-35 4.023684130081131e-32 3.320128457037549e-24 3.318848286139044e-20 3.317719398517893e-16 3.208884488402802e-12 4.556076936890516e-09 1.136366097852746e-08
0.7698150305414633 9.252968097056267e-35 4.393046754864792e-32 3.640720969605856e-24 3.6393796728914945e-20 3.6381423868737624e-16 3.518796284347038e-12 4.996099627439801e-09 1.246115532454786e-08
