results/limits/BECCAL_h.dat
# %ECSV 1.0
# ---
# datatype:
# - {name: mx, unit: MeV, datatype: float64}
# - {name: sigma, unit: cm2, datatype: float64}
# schema: astropy-2.0
mx sigma
1e-05 7.055583203418226e-33
1.0036916706151159e-05 7.132066681510488e-33
1.0073969696621643e-05 7.209391164215846e-33
1.0111159474528228e-05 7.287565955906596e-33
1.0148486544845115e-05 7.366600464192898e-33
1.0185951414410618e-05 7.446504201069604e-33
1.0223554591934197e-05 7.527286784076496e-33
1.0261296588003294e-05 7.608957937471028e-33
1.0299177915090215e-05 7.691527493414076e-33
1.0337199087559224e-05 7.775005393169343e-33
1.037536062167337e-05 7.859401688315438e-33
1.041366303560163e-05 7.94472647995683e-33
1.0452106849425901e-05 8.03099003713133e-33
1.0490692585147977e-05 8.118202810204098e-33
1.0529420766696805e-05 8.206375303989779e-33
1.056829191993541e-05 8.295518139868085e-33
1.0607306572668202e-05 8.385642057079265e-33
1.0646465254648068e-05 8.476757914033399e-33
1.0685768497583504e-05 8.568876689634317e-33
1.0725216835145986e-05 8.662009484618698e-33
1.076481080297704e-05 8.756167522909329e-33
1.0804550938695673e-05 8.851362152984144e-33
1.08444377819056e-05 8.947604849260028e-33
1.0884471874202513e-05 9.044907213491937e-33
1.0924653759181584e-05 9.143280976188152e-33
1.096498398244467e-05 9.242737998040463e-33
1.1005463091607877e-05 9.343290271371061e-33
1.104609163630893e-05 9.444949921594973e-33
1.1086870168214569e-05 9.547729208698756e-33
1.1127799241028195e-05 9.651640528736219e-33
1.1168879410497206e-05 9.756696413434923e-33
1.1210111234420711e-05 9.862909429831043e-33
1.1251495272657026e-05 9.970292491799325e-33
1.1293032087131209e-05 1.0078858554592861e-32
1.1334722241842831e-05 1.0188620717246928e-32
1.1376566302873567e-05 1.0299592224176267e-32
1.1418564838394803e-05 1.041178646679003e-32
1.1460718418675522e-05 1.0525216985125392e-32
1.1503027616089865e-05 1.0639897469498366e-32
1.154549300512505e-05 1.0755841762173873e-32
1.1588115162389119e-05 1.0873063859053787e-32
1.163089466661869e-05 1.0991577911383773e-32
1.1673832098686978e-05 1.1111398227479645e-32
1.1716928041611498e-05 1.123253927447208e-32
1.1760183080562142e-05 1.135501568007161e-32
1.180359780286906e-05 1.1478842234352623e-32
1.1847172798030557e-05 1.1604033891557195e-32
1.189090865772127e-05 1.173060577191965e-32
1.1934805975800007e-05 1.1858573163510386e-32
1.1978865348317977e-05 1.1987951514193483e-32
1.2023087373526816e-05 1.2118756460700008e-32
1.2067472651886637e-05 1.2251003807615563e-32
1.2112021786074345e-05 1.2384709533173598e-32
1.215673538099164e-05 1.251988979297611e-32
1.2201614043773386e-05 1.265656092196491e-32
1.2246658383795795e-05 1.2794739436414236e-32
1.2291869012684615e-05 1.2934442035945409e-32
1.2337246544323621e-05 1.3075685605564686e-32
1.2382791594862741e-05 1.3218487217722644e-32
1.24285047827266e-05 1.3362864134397587e-32
1.2474386728622844e-05 1.3508833809201372e-32
1.2520438055550491e-05 1.3656413889508628e-32
1.256665938880857e-05 1.3805622218610504e-32
1.2613051356004406e-05 1.3956476837891042e-32
1.2659614587062315e-05 1.4108995989029095e-32
1.270634971423209e-05 1.4263198092798706e-32
1.2753257372097507e-05 1.4419101802911626e-32
1.2800338197585116e-05 1.457672599134169e-32
1.2847592829972686e-05 1.4736089723316291e-32
1.289502191089807e-05 1.4897212275731258e-32
1.2942626084367834e-05 1.5060113139502716e-32
1.2990405996765926e-05 1.5224812021945134e-32
1.3038362296862639e-05 1.539132884917668e-32
1.30864956358232e-05 1.5559683768550012e-32
1.313480666721681e-05 1.572989715111145e-32
1.318329604702543e-05 1.5901989594086536e-32
1.3231964433652608e-05 1.607598192339329e-32
1.3280812487932609e-05 1.6251895196184337e-32
1.3329840873139172e-05 1.6429750703415845e-32
1.337905025499471e-05 1.6609569908543283e-32
1.342844130167926e-05 1.679137459190327e-32
1.3478014683839479e-05 1.6975186804147037e-32
1.3527771074597909e-05 1.7161028797351716e-32
1.3577711149562045e-05 1.7348923070666893e-32
1.3627835586833414e-05 1.7538892373059864e-32
1.3678145067016984e-05 1.773095970609239e-32
1.3728640273230183e-05 1.7925148326726835e-32
1.3779321891112363e-05 1.8121481750164992e-32
1.3830190608834034e-05 1.8319983752717543e-32
1.3881247117106117e-05 1.852067837470525e-32
1.3932492109189529e-05 1.8723589923338842e-32
1.3983926280904356e-05 1.8928742975145952e-32
1.4035550330639517e-05 1.913616238086674e-32
1.4087364959362149e-05 1.9345873266528408e-32
1.4139370870627038e-05 1.955790103716738e-32
1.4191568770586386e-05 1.9772271379930806e-32
1.4243959367999157e-05 1.998901026721069e-32
1.4296543374240903e-05 2.0208143959814768e-32
1.4349321503313348e-05 2.042969901017134e-32
1.4402294471853979e-05 2.065370224739869e-32
1.4455462999145997e-05 2.0880180784083935e-32
1.4508827807127839e-05 2.110916211361025e-32
1.456238962040319e-05 2.1340673987433256e-32
1.461614916625073e-05 2.1574744465188642e-32
1.4670107174633927e-05 2.181140191811655e-32
1.4724264378211155e-05 2.20506750249614e-32
1.4778621512345393e-05 2.2292592786961426e-32
1.4833179315114439e-05 2.2537184541085525e-32
1.4887938527320821e-05 2.2784479939455685e-32
1.4942899892501784e-05 2.303450896399673e-32
1.499806415693958e-05 2.3287301929839886e-32
1.5053432069671377e-05 2.3542889488653797e-32
1.5109004382499626e-05 2.3801302632441564e-32
1.5164781850002188e-05 2.406257269735033e-32
1.5220765229542482e-05 2.4326731367542586e-32
1.5276955281279994e-05 2.4593810671728136e-32
1.5333352768180333e-05 2.486384295686132e-32
1.538995845602583e-05 2.513686102286014e-32
1.5446773113425828e-05 2.541289798486409e-32
1.550379751182702e-05 2.569198732579313e-32
1.5561032425524172e-05 2.5974162900436115e-32
1.5618478631670344e-05 2.625945893958216e-32
1.5676136910287696e-05 2.654791005420047e-32
1.5734008044277974e-05 2.6839551239665083e-32
1.579209281943303e-05 2.7134417880026297e-32
1.5850392024445745e-05 2.743254575233167e-32
1.590890645092046e-05 2.77339710294849e-32
1.596763689338395e-05 2.803873028298468e-32
1.6026584149296126e-05 2.834686050096533e-32
1.6085749019060764e-05 2.865839907659913e-32
1.6145132306036595e-05 2.897338381838374e-32
1.6204734816547947e-05 2.9291852954756615e-32
1.6264557359895943e-05 2.9613845138763703e-32
1.632460074836937e-05 2.9939399452777676e-32
1.6384865797255623e-05 3.026855541326915e-32
1.6445353324852004e-05 3.0601352975632573e-32
1.6506064152476555e-05 3.0937832539062937e-32
1.656699910447947e-05 3.1278034951489636e-32
1.6628159008254162e-05 3.1622001514563194e-32
1.668954469424841e-05 3.19697739886976e-32
1.6751156995975864e-05 3.232139459817032e-32
1.68129967500271e-05 3.2676906036276515e-32
1.6875064796081214e-05 3.3036351418566146e-32
1.6937361976917116e-05 3.3399774438598285e-32
1.6999889138424882e-05 3.3767219229966545e-32
1.7062647129617468e-05 3.413873041456659e-32
1.712563680264197e-05 3.4514353109954476e-32
1.718885901279143e-05 3.489413293485706e-32
1.7252314618516356e-05 3.5278116014741537e-32
1.7316004481436267e-05 3.566634898744718e-32
1.73799294663516e-05 3.605887900888105e-32
1.744409044125535e-05 3.645575375877569e-32
1.7508488277344758e-05 3.685702144651032e-32
1.7573123849033367e-05 3.7262730816999446e-32
1.7637998033962634e-05 3.7672931156643146e-32
1.7703111713014087e-05 3.808767229934729e-32
1.776846577032117e-05 3.8507004632608e-32
1.7834061093281156e-05 3.8930979103664214e-32
1.789989857256744e-05 3.93596472257206e-32
1.796597910214134e-05 3.97930610842363e-32
1.8032303579264503e-05 4.02312733346077e-32
1.809887290451096e-05 4.067433723307026e-32
1.816568798177926e-05 4.112230662119997e-32
1.8232749718304993e-05 4.157523593776222e-32
1.8300059024672822e-05 4.2033180226293285e-32
1.8367616814829094e-05 4.249619514182415e-32
1.8435424006094143e-05 4.2964336957676633e-32
1.8503481519174643e-05 4.3437662572334724e-32
1.8571790278176357e-05 4.391622951639542e-32
1.8640351210616397e-05 4.4400095959592496e-32
1.870916524743607e-05 4.488932071790243e-32
1.8778233323013412e-05 4.538396326072688e-32
1.884755637517577e-05 4.5884083718154745e-32
1.8917135345212785e-05 4.638974288830783e-32
1.8986971177888876e-05 4.690100224476391e-32
1.9057064821456343e-05 4.741792394406677e-32
1.912741722766811e-05 4.794057083331661e-32
1.919802935179055e-05 4.84690064578451e-32
1.926890215261673e-05 4.900329506897847e-32
1.934003659247909e-05 4.954350158970552e-32
1.9411433637262807e-05 5.008969166802137e-32
1.94830942564188e-05 5.064193179373605e-32
1.9555019422976755e-05 5.120028912109492e-32
1.962721011355862e-05 5.17648315504405e-32
1.969966730839155e-05 5.233562773650307e-32
1.9772391991321496e-05 5.291274709678772e-32
1.984538514982645e-05 5.3496259820052e-32
1.9918647775029724e-05 5.408623687487735e-32
1.9992180861713682e-05 5.46827500183393e-32
2.0065985408332954e-05 5.528587180476927e-32
2.014006241702824e-05 5.589567559461811e-32
2.0214412893639824e-05 5.651223556341591e-32
2.0289037847721093e-05 5.71356267108302e-32
2.03639382925525e-05 5.776592486982894e-32
2.043911524515519e-05 5.840320671594148e-32
2.0514569726304694e-05 5.904754977662327e-32
2.0590302760545083e-05 5.969903244072737e-32
2.0666315376202524e-05 6.03577339680764e-32
2.074260860539957e-05 6.102373449914642e-32
2.0819183484069015e-05 6.169711498962669e-32
2.0896041051967857e-05 6.237795731988212e-32
2.0973182352691704e-05 6.306634444447647e-32
2.1050608433688604e-05 6.376236012481388e-32
2.112832034627356e-05 6.446608905296869e-32
2.12063191456427e-05 6.517761686202858e-32
2.1284605890887438e-05 6.589703013655244e-32
2.1363181645009193e-05 6.662441642314869e-32
2.1442047474933455e-05 6.735986424116512e-32
2.1521204451524584e-05 6.81034630935035e-32
2.1600653649600222e-05 6.885530347755064e-32
2.168039614794575e-05 6.961547689623051e-32
2.1760433029329234e-05 7.03840758691837e-32
2.1840765380515806e-05 7.11611939440649e-32
2.1921394292282698e-05 7.194692570797193e-32
2.200232085943393e-05 7.274136679899797e-32
2.2083546180815055e-05 7.354461391791207e-32
2.2165071359328367e-05 7.435676483997365e-32
2.2246897501947548e-05 7.517791842687195e-32
2.232902571973298e-05 7.600817463880496e-32
2.241145712784673e-05 7.684763447441164e-32
2.2494192845567533e-05 7.769640018797531e-32
2.257723399630631e-05 7.855457511552298e-32
2.2660581707621068e-05 7.942226373447046e-32
2.2744237111232525e-05 8.02995716831531e-32
2.2828201343039337e-05 8.118660577372758e-32
2.2912475543133382e-05 8.208347400521731e-32
2.2997060855815575e-05 8.299028557670809e-32
2.3081958429611023e-05 8.39071509006823e-32
2.3167169417284943e-05 8.48341816165093e-32
2.3252694975858194e-05 8.577149060408088e-32
2.333853626662282e-05 8.671919199759766e-32
2.3424694455158175e-05 8.76774011995147e-32
2.351117071134635e-05 8.864623489463353e-32
2.35979662093884e-05 8.962581106435927e-32
2.3685082127820144e-05 9.061624900111064e-32
2.3772519649528024e-05 9.161766932289044e-32
2.38602799617655e-05 9.263019398802301e-32
2.394836425616879e-05 9.365394616479305e-32
2.4036773728773378e-05 9.468905061945451e-32
2.412550958003013e-05 9.573563347062004e-32
2.4214573014821423e-05 9.679382218785195e-32
2.4303965242477866e-05 9.78637456571693e-32
2.439368747679432e-05 9.894553419678633e-32
2.4483740936046718e-05 1.000393195730352e-31
2.4574126843008484e-05 1.0114523501645947e-31
2.4664846424966947e-05 1.022634152380865e-31
2.4755900913740395e-05 1.0339399644588715e-31
2.484729154569437e-05 1.0453711636140825e-31
2.4939019561758825e-05 1.0569291423660094e-31
2.5031086207444823e-05 1.068615308708279e-31
2.5123492732861277e-05 1.0804310862806115e-31
2.5216240392732312e-05 1.092377914542766e-31
2.530933044641386e-05 1.1044572489503244e-31
2.540276415791114e-05 1.1166705609615778e-31
2.549654279589567e-05 1.1290193385267836e-31
2.5590667633722325e-05 1.141505086342623e-31
2.5685139949446985e-05 1.1541293256446498e-31
2.5779961025843497e-05 1.1668935945731257e-31
2.5875132150421437e-05 1.179799448360962e-31
2.5970654615443443e-05 1.1928484595236785e-31
2.6066529717942596e-05 1.2060422180514766e-31
2.6162758759740423e-05 1.219382331603517e-31
2.6259343047464124e-05 1.2328704257042515e-31
2.6356283892564692e-05 1.2465081439420417e-31
2.645358261133458e-05 1.2602971481699205e-31
2.6551240524925383e-05 1.2742391187085706e-31
2.6649258959366122e-05 1.2883357545516446e-31
2.6747639245581084e-05 1.3025887725826045e-31
2.6846382719407717e-05 1.3169999096016895e-31
2.694549072161516e-05 1.3315709228906118e-31
2.7044964597922025e-05 1.3463035882264094e-31
2.7144805699015022e-05 1.3611997011198677e-31
2.7245015380567162e-05 1.3762610770348315e-31
2.7345595003255982e-05 1.3914895516099535e-31
2.7446545932782418e-05 1.4068869808829855e-31
2.7547869539888897e-05 1.422455241517449e-31
2.7649567200378353e-05 1.438196231031939e-31
2.7751640295132716e-05 1.4541118680319002e-31
2.7854090210131524e-05 1.4702040924439777e-31
2.7956918336471108e-05 1.4864748639334951e-31
2.8060126070383055e-05 1.5029261674222673e-31
2.8163714813253532e-05 1.519560008283668e-31
2.8267685971642183e-05 1.5363784141190671e-31
2.8372040957301016e-05 1.553383435062307e-31
2.8476781187194006e-05 1.5705771440302088e-31
2.8581908083515856e-05 1.5879616369757225e-31
2.8687423073711713e-05 1.6055390331440302e-31
2.879332759049639e-05 1.6233114751127703e-31
2.8899623071873632e-05 1.6412811285725028e-31
2.900631096115605e-05 1.6594501852580037e-31
2.9113392706984262e-05 1.6778208601965486e-31
2.9220869763346965e-05 1.696395393030987e-31
2.9328743589600502e-05 1.715176048293308e-31
2.9437015650488497e-05 1.7341651156590322e-31
2.9545687416162173e-05 1.7533649102424324e-31
2.9654760362199816e-05 1.7727777729613805e-31
2.9764235969627252e-05 1.7924060706011529e-31
2.987411572493776e-05 1.8122521963019534e-31
2.9984401120112084e-05 1.8323185695564045e-31
3.009509365263911e-05 1.8526076372336e-31
3.0206194825535718e-05 1.8731218733870073e-31
3.0317706147367615e-05 1.8938637793723012e-31
3.042962913226963e-05 1.9148358843430507e-31
3.0541965299966104e-05 1.9360407455511302e-31
3.0654716175791876e-05 1.957480948285157e-31
3.076788329071283e-05 1.9791591073326806e-31
3.0881468181346466e-05 2.0010778661616483e-31
3.099547238998324e-05 2.0232398976174483e-31
3.110989746460698e-05 2.045647904249337e-31
3.1224744958916336e-05 2.068304618640672e-31
3.134001643234572e-05 2.0912128037427023e-31
3.145571345008626e-05 2.1143752532120566e-31
3.157183758310751e-05 2.137794791752128e-31
3.168839040817828e-05 2.161474275458034e-31
3.180537350788847e-05 2.185416591941094e-31
3.192278847067039e-05 2.209624659184279e-31
3.2040636890820124e-05 2.234101431580445e-31
3.215892036851963e-05 2.2588498943121023e-31
3.2277640509857944e-05 2.2838730657369516e-31
3.239679892685346e-05 2.3091739977567206e-31
3.2516397237475605e-05 2.334755776189953e-31
3.263643706566663e-05 2.3606215211489432e-31
3.27569200413641e-05 2.3867743874210036e-31
3.2877847800522504e-05 2.413217564853752e-31
3.299922198513594e-05 2.4399542787449084e-31
3.312104424326022e-05 2.466987790236276e-31
3.3243316229035017e-05 2.4943213967120824e-31
3.336603960270682e-05 2.521958432201932e-31
3.3489216030650926e-05 2.5499022677879876e-31
3.3612847185394546e-05 2.5781563120169098e-31
3.3736934745639314e-05 2.606724010417334e-31
3.3861480396283876e-05 2.635608848403737e-31
3.3986485828447225e-05 2.6648143495746207e-31
3.4111952739491154e-05 2.6943440765414888e-31
3.4237882833043755e-05 2.7242016315090714e-31
3.4364277819022356e-05 2.7543906567153745e-31
3.4491139413656515e-05 2.7849148348765744e-31
3.461846933951185e-05 2.815777889637074e-31
3.4746269325512815e-05 2.8469835860242654e-31
3.4874541106966714e-05 2.878535730908631e-31
3.500328642558702e-05 2.9104381734687764e-31
3.5132507029516844e-05 2.9426948056616422e-31
3.526220467335314e-05 2.9753095626981006e-31
3.539238111816996e-05 3.008286423523592e-31
3.5523038131542884e-05 3.041629411304359e-31
3.565417748757282e-05 3.0753425939189272e-31
3.578580096690981e-05 3.1094300844550163e-31
3.591791035677781e-05 3.143896041712187e-31
3.60505074509983e-05 3.1787446672322115e-31
3.618359405001516e-05 3.213980215082854e-31
3.631717196091896e-05 3.2496069851306416e-31
3.645124299747119e-05 3.285629324144677e-31
3.658580898012948e-05 3.322051627202872e-31
3.672087173607166e-05 3.358878338228737e-31
3.685643309922116e-05 3.3961139505344418e-31
