results/limits/BECCAL_f_6.dat
# %ECSV 1.0
# ---
# datatype:
# - {name: mx, unit: MeV, datatype: float64}
# - {name: sigma_6, unit: cm2, datatype: float64}
# schema: astropy-2.0
mx sigma_6
[from data line 359]
0.0012404909310584848 3.272517938907999e-27
0.0012694149350204683 3.3514793474242306e-27
0.0012990133477864558 3.428745324350595e-27
0.0013293018942621524 3.504111216091165e-27
0.001360296666004259 3.577377667159251e-27
0.001392014129769518 3.648351905314541e-27
0.0014244711362630968 3.716848975423756e-27
0.0014576849290909482 3.7826929074551856e-27
0.0014916731539209149 3.845717804958806e-27
0.0015264538678574353 3.9057688416844104e-27
0.0015620455490348386 3.962703155353605e-27
0.0015984671064343198 4.016390629752724e-27
0.0016357378899298156 4.066714557199507e-27
0.0016738777005681136 4.1135721765321085e-27
0.0017129068010886602 4.156875082804927e-27
0.0017528459266886532 4.196549507323376e-27
0.00179371629603914 4.232536468455962e-27
0.0018355396225579732 4.264791795536772e-27
0.0018783381259456144 4.293286029911736e-27
0.0019221345439899109 4.318004208769179e-27
0.001966952144646121 4.338945538806789e-27
0.0020128147383986056 4.3561229679968335e-27
0.002059746690910748 4.369562664711752e-27
0.0021077729359698315 4.3793034142494954e-27
0.0021569189887337423 4.385395943355524e-27
0.002207210959286545 4.387902183676644e-27
0.0022586755665101248 4.386894485213385e-27
0.0023113401522792685 4.382454790772551e-27
0.0023652326959877285 4.374673782186136e-27
0.0024203818294129824 4.363650008645733e-27
0.0024768168519275916 4.349489006999021e-27
0.002534567746065232 4.332302423205791e-27
0.0025936651934496745 4.3122071432959405e-27
0.0026541405910951734 4.289324441665274e-27
0.0027160260680869266 4.263779153342868e-27
0.0027793545026504624 4.235698876018868e-27
0.002844159539619031 4.205213207604838e-27
0.0029104756083082714 4.172453022179718e-27
0.0029783379408076585 4.1375497893384314e-27
0.0030477825906984404 4.100634937515413e-27
0.0031188464522080173 4.061839265312849e-27
0.0031915672798109355 4.021292399947116e-27
0.0032659837082868936 3.979122304258759e-27
0.003342135273246469 3.935454832088094e-27
0.0034200624321353945 3.890413331115053e-27
0.0034998065857286074 3.844118292250362e-27
0.0035814101001254554 3.796687044111093e-27
0.003664916329257761 3.748233490728985e-27
0.0037503696379226933 3.698867890619129e-27
0.0038378154253526898 3.6486966747633584e-27
0.003927300149334948 3.597822301377759e-27
0.004018871350893299 3.546343144777646e-27
0.00411257767954558 3.4943534160131565e-27
0.004208468919149921 3.441943112541446e-27
0.004306596014353682 3.389197994546699e-27
0.004407011097659079 3.336199585308393e-27
0.004509767517119906 3.283025193296664e-27
0.004614919864684026 3.229747953494177e-27
0.004722524005196735 3.1764368858815874e-27
0.004832637106080367 3.1231569687782063e-27
0.004945317667705937 3.069969225160469e-27
0.005060625554472947 3.0169308199296895e-27
0.005178622026613854 2.96409516655026e-27
0.005299369772740128 2.9115120412064377e-27
0.005422932943147155 2.859227703145433e-27
0.0055493771838957115 2.8072850197869093e-27
0.00567876967168809 2.7557235953195457e-27
0.005811179149557424 2.7045799016952047e-27
0.0059466759633891655 2.6538874109758367e-27
0.006085332099294114 2.603676728183876e-27
0.006227221221852859 2.5539757238020846e-27
0.006372418713251954 2.5048096652589126e-27
0.006521001713332612 2.456201346772899e-27
0.006673049160573193 2.4081712170456517e-27
0.006828641834027273 2.360737504322518e-27
0.006987862396239558 2.3139163385555098e-27
0.00715079543716245 2.2677218701346777e-27
0.007317527519096606 2.2221663851117e-27
0.007488147222679345 2.1772604168860463e-27
0.007662745193945353 2.1330128535561156e-27
0.007841414192484688 2.089431041783327e-27
0.008024249140723652 2.0465208861474896e-27
0.008211347174354735 2.0042869446246152e-27
0.008402807693942412 1.9627325198769696e-27
0.008598732417732204 1.9218597464235977e-27
0.008799225435691074 1.8816696737731965e-27
0.009004393264807849 1.8421623455273664e-27
0.009214344905683071 1.8033368745654353e-27
0.009429191900438323 1.765191514395653e-27
0.009649048391975805 1.727723726679559e-27
0.009874031184619632 1.690930245262764e-27
0.010104259806171096 1.6548071365385063e-27
0.01033985657141083 1.619349856476318e-27
0.010580946647081629 1.5845533043633002e-27
0.010827658118386449 1.5504118733699801e-27
0.011080122057036918 1.5169194981161495e-27
0.011338472590888495 1.4840696993092253e-27
0.01160284697519928 1.4518556255932078e-27
0.01187338566555036 1.4202700928505324e-27
0.012150232392466372 1.3893056208242113e-27
0.012433534237775993 1.358954467463321e-27
0.01272344171275288 1.3292086609446569e-27
0.013020108838078586 1.3000600295599753e-27
0.013323693225669961 1.271500229478547e-27
0.013634356162414448 1.2435207706163152e-27
0.013952262695857842 1.2161130407265399e-27
0.014277581721889965 1.1892683276380577e-27
0.014610486074474885 1.1629778398959804e-27
0.014951152617473332 1.1372327260048594e-27
0.015299762338606094 1.1120240919374808e-27
0.015656500445608335 1.0873430175199186e-27
0.016021556464625875 1.063180571428779e-27
0.016395124340905766 1.0395278250036489e-27
0.016777402541834602 1.0163758649034194e-27
0.017168594162379338 9.937158047532013e-28
0.01756890703298664 9.715387957367272e-28
0.017978553829998065 9.49836036280817e-28
0.01839775218863974 9.285987809082867e-28
0.01882672481864659 9.07818348214513e-28
0.01926569962258253 8.87486128113422e-28
0.019714909816919448 8.675935884000923e-28
0.020174594055939365 8.481322806318188e-28
0.02064499655852557 8.290938453208159e-28
0.021126367237910063 8.104700167382915e-28
0.021618961834446313 7.922526270041519e-28
0.02212304205147776 7.744336097553451e-28
0.022638875694374342 7.5700500335405e-28
0.0231667368128109 7.399589536961881e-28
0.02370690584636297 7.2328771657842045e-28
0.024259669773497434 7.069836597147046e-28
0.024825322264037063 6.910392644329685e-28
0.025404163835180054 6.754471270549817e-28
0.025996502011157406 6.601999599703805e-28
0.026602651486612925 6.452905924367283e-28
0.027222934293792744 6.307119712065708e-28
0.027857679973633073 6.164571608791063e-28
0.02850722575083718 6.025193440017138e-28
0.02917191671303455 5.888918210625761e-28
0.029852105994117403 5.755680102821452e-28
0.030548154961852016 5.6254144723736565e-28
0.031260433409864494 5.498057843507335e-28
0.031989319754103004 5.373547902577997e-28
0.0327352012338808 5.2518234903154065e-28
0.03349847411760691 5.1328245932614455e-28
0.034279543913313774 5.016492334152307e-28
0.03507882558409363 4.902768961402918e-28
0.03589674376855814 4.791597837810823e-28
0.03673373300643846 4.682923428607903e-28
0.037590237969445384 4.576691288942735e-28
0.038466713697512506 4.472848050608956e-28
0.03936362584054766 4.371341408598841e-28
0.04028145090582124 4.272120107021567e-28
0.04122067651112274 4.175133924710401e-28
0.04218180164382002 4.080333660576434e-28
0.043165336925959 3.9876711187079655e-28
0.044171804885544536 3.8970990931658646e-28
0.04520174023414663 3.80857135264454e-28
0.046255690150979495 3.722042625121074e-28
0.047334214573604344 3.6374685822180714e-28
0.048437886495410414 3.5548058236288274e-28
0.04956729227003216 3.4740118614486265e-28
0.05072303192286451 3.395045104531032e-28
0.051905719469841495 3.317864842824816e-28
0.05311598324364777 3.2424312317231853e-28
0.05435446622753626 3.1687052766243812e-28
0.05562182639692926 3.096648817367314e-28
0.056918737068984544 3.026224512844479e-28
0.058245887260312136 2.9573958257492242e-28
0.05960398205303182 2.890127007422837e-28
0.06099374296936585 2.8243830828266314e-28
0.06241590835496589 2.7601298356544543e-28
0.06387123377117784 2.697333793630624e-28
0.06536049239645289 2.635962213944472e-28
0.06688447543711816 2.5759830688346993e-28
0.06844399254772507 2.517365031414299e-28
0.0700398722611988 2.460077461677343e-28
0.0716729624290174 2.4040903925053125e-28
0.07334413067165428 2.3493745162935276e-28
0.07505426483952363 2.2959011711985456e-28
0.07680427348467332 2.2436423281673523e-28
0.07859508634347626 2.19257057767993e-28
0.08042765483057629 2.142659117060802e-28
0.08230295254435131 2.0938817377707356e-28
0.08422197578416211 2.046212812983154e-28
0.08618574407966152 1.999627285430028e-28
0.08819530073244539 1.9541006553236878e-28
0.09025171337033296 1.9096089685948654e-28
0.09235607451457113 1.8661288052982858e-28
0.09450950216026408 1.8236372682219624e-28
0.09671314037033632 1.7821119717196008e-28
0.09896815988334524 1.7415310307312744e-28
0.10127575873546546 1.701873050020116e-28
0.10363716289697593 1.6631171136051362e-28
0.10605362692358762 1.6252427743899477e-28
0.10852643462295801 1.5882300440179397e-28
0.11105689973674641 1.5520593828816398e-28
0.11364636663857243 1.5167116903552905e-28
0.11629621104824843 1.4821682952139597e-28
0.1190078407626656 1.4484109462417236e-28
0.12178269640372161 1.415421803026804e-28
0.12462225218368743 1.38318342694085e-28
0.1275280166884199 1.3516787723003712e-28
0.13050153367883624 1.3208911777233402e-28
0.1335443829110759 1.2908043576153e-28
0.13665818097578622 1.261402393919871e-28
0.13984458215697693 1.232669727923421e-28
0.14310527931090045 1.2045911523365008e-28
0.14644200476542463 1.1771518034854934e-28
0.14985653124037576 1.150337153650942e-28
0.15335067278934078 1.1241330036376603e-28
0.1569262857634292 1.0985254754366142e-28
0.1605852697975066 1.0735010050512555e-28
0.16432956881942368 1.0490463355163546e-28
0.16816117208277714 1.0251485100333548e-28
0.172082115223751 1.0017948652433554e-28
0.1760944813425998 9.789730246731783e-29
0.1802004021103484 9.566708923197879e-29
0.18440205890129596 9.348766463430973e-29
0.18870168395192646 9.135787329235676e-29
0.1931015615468407 8.927658602596079e-29
0.1976040292323402 8.724269926612502e-29
0.20221147905830805 8.525513448026151e-29
0.20692635884904578 8.331283760971724e-29
0.21175117350374192 8.141477851744518e-29
0.2166884863272632 7.955995045086661e-29
0.22174092039197504 7.774736951396622e-29
0.22691115993131514 7.597607415250066e-29
0.23220195176586036 7.424512464998197e-29
0.2376161067626448 7.255360263502109e-29
0.24315650132850383 7.090061059932699e-29
0.24882607893823822 6.928527142666766e-29
0.25462785169840935 6.770672793205162e-29
0.2605649019475973 6.616414241139758e-29
0.26664038389397104 6.465669620065621e-29
0.27285752529104135 6.318358924583696e-29
0.2792196291524867 6.174403968120416e-29
0.2857300755069626 6.033728341804634e-29
0.2923923231938275 5.89625737422273e-29
0.2992099117007387 5.761918092028984e-29
0.3061864630440946 5.630639181524466e-29
0.31332568369332287 5.502350951036492e-29
0.32063136654003577 5.376985294131426e-29
0.3281073929131 5.254475653702084e-29
0.3357577346406907 5.134756986839141e-29
0.343586456160426 5.0177657304619013e-29
0.3515977166787018 4.903439767757762e-29
0.359795772380376 4.79171839538705e-29
0.368184978689974 4.682542291374549e-29
0.3767697925856183 4.575853483759238e-29
0.38555477496691104 4.471595319969776e-29
0.394544593078027 4.369712436836425e-29
0.4037440229873054 4.27015073131687e-29
0.4131579521246571 4.172857331888172e-29
0.42279138187813525 4.0777805705483934e-29
0.43264943025104924 3.984869955489171e-29
0.4427373345810337 3.8940761443616054e-29
0.4530604543225162 3.8053509181537623e-29
0.4636242738940635 3.718647155661608e-29
0.47443440559211736 3.6339188085323146e-29
0.48549659257266914 3.5511208768743375e-29
0.4968167119024568 3.470209385420775e-29
0.5084007776813051 3.391141360229834e-29
0.5202549442372687 3.3138748059156833e-29
0.5323855093962742 3.238368683389962e-29
0.5447989178279997 3.1645828881175483e-29
0.557501764469769 3.092478228852571e-29
0.5705007980302781 3.0220164068651215e-29
0.5838029245750183 2.9531599956396353e-29
0.5974152111952977 2.8858724210246457e-29
0.6113448897628128 2.820117941843332e-29
0.6255993607717623 2.7558616309401496e-29
0.6401861972705483 2.693069356652937e-29
0.6551131488851486 2.631707764712003e-29
0.6703881459363026 2.571744260550212e-29
0.686019303652694 2.5131469920080654e-29
0.7020149264823721 2.4558848324364614e-29
0.7183835125046995 2.399927364186703e-29
0.7351337579451718 2.3452448624669277e-29
0.7522745617955077 2.2918082795699146e-29
0.7698150305414633 2.2395892294633427e-29
0.7877644830008832 2.1885599727218477e-29
0.8061324552745581 2.138693401806559e-29
0.8249287058125218 2.0899630266808567e-29
0.8441632205984669 2.0423429607476907e-29
0.8638462184550629 1.9958079071113888e-29
0.8839881564729563 1.9503331451499186e-29
0.9045997355663667 1.9058945173919825e-29
0.9256919061582187 1.8624684166942883e-29
0.9472758739978306 1.820031773708578e-29
0.9693631061142522 1.7785620446350083e-29
0.9919653369084147 1.7380371992537081e-29
1.0150945743873274 1.6984357092284557e-29
1.0387631065436362 1.659736536676753e-29
1.0629835078839296 1.621919122999619e-29
1.0877686461092637 1.5849633779660902e-29
1.1131316889514546 1.548849669045524e-29
1.1390861111687691 1.5135588109826917e-29
1.16564570170473 1.479072055611199e-29
1.1928245710138414 1.4453710818969124e-29
1.2206371585581264 1.4124379862094319e-29
1.2490982404784545 1.3802552728149067e-29
1.2782229374447416 1.3488058445843212e-29
1.3080267226891875 1.3180729939139964e-29
1.3385254302268237 1.2880403938532993e-29
1.369735263267732 1.258692089433048e-29
1.4016728028254128 1.2300124891919863e-29
1.4343550165258654 1.2019863568969625e-29
1.4677992676220706 1.1745988034501777e-29
1.5020233242186567 1.147835278981436e-29
1.5370453687116559 1.1216815651208933e-29
1.5728840074483612 1.0961237674469003e-29
1.6095582806124205 1.0711483081061105e-29
1.6470876723394143 1.0467419186021919e-29
1.6854921210682972 1.022891632747865e-29
1.7247920301341966 9.995847797780282e-30
1.7650082786082029 9.768089776197144e-30
1.8061622323899016 9.545521263149139e-30
1.848275755558551 9.328024015937103e-30
1.8913712219889245 9.11548248593368e-30
1.935471527238 8.907783757207277e-30
1.9806001007088037 8.704817486542685e-30
2.0267809180978715 8.506475844828416e-30
2.0740385141329463 8.31265345977865e-30
2.1223979956076717 8.123247359960165e-30
2.171885054720213 7.938156920093833e-30
2.222525982722885 7.757283807602976e-30
2.274347683890048 7.580531930377052e-30
2.327377689811681 7.407807385728664e-30
2.3816441740202396 7.239018410509942e-30
2.437175966958554 7.074075332366514e-30
2.4940025712967335 6.912890522103484e-30
2.552154177606206 6.755378347133508e-30
2.611661680399223 6.601455125987062e-30
2.6725566945423505 6.451039083859757e-30
2.7348715720526675 6.304050309170343e-30
2.7986394192855935 6.160410711109458e-30
2.863894114523477 6.020043978155729e-30
2.9306703259742912 5.8828755375362974e-30
2.999003530189995 5.748832515610878e-30
3.068930030914351 5.617843699158919e-30
3.1404869783702067 5.489839497548306e-30
3.21371238899649 5.364751905765728e-30
3.2886451656454048 5.2425144682897516e-30
3.3653251182505572 5.1230622437868315e-30
3.443792984976987 5.0063317706111145e-30
3.5240904538643507 4.8922610330912274e-30
3.6062601849747473 4.780789428584052e-30
3.6903458330569543 4.6718577352799964e-30
3.77639207073912 4.5654080807410954e-30
3.8644446122622242 4.461383911156442e-30
3.9545502377669295 4.359729961297621e-30
4.046756818146711 4.2603922251589824e-30
4.141113340480481 4.1633179272666496e-30
4.237669934058216 4.0684554946412494e-30
4.336477897013409 3.9757545293994126e-30
4.437589723576497 3.885165781979627e-30
4.541059131963759 3.796641124977857e-30
4.646941092916466 3.710133527579512e-30
4.755291858905486 3.6255970305738865e-30
4.866168994016832 3.542986721937785e-30
4.979631404534034 3.462258712975531e-30
5.0957393702336 3.3833701150026456e-30
5.214554576410165 3.3062790165606165e-30
5.336140146648369 3.230944461150895e-30
5.4605606763588606 3.1573264254762776e-30
5.587882267096237 3.0853857981779027e-30
5.718172561677172 3.015084359056733e-30
5.851500780117376 2.946384758768626e-30
5.987937756406471 2.8792504989817907e-30
6.127555976140354 2.813645912986505e-30
6.270429615030991 2.7495361467466155e-30
6.416634578314149 2.6868871403827192e-30
6.566248541075969 2.625665610077233e-30
6.719350989519823 2.5658390303918632e-30
6.87602326319537 2.5073756169878097e-30
7.036348598212252 2.450244309739779e-30
7.200412171461376 2.3944147562347256e-30
