results/limits/BECCAL_l.dat
# %ECSV 1.0
# ---
# datatype:
# - {name: mx, unit: MeV, datatype: float64}
# - {name: sigma_10, unit: cm2, datatype: float64}
# - {name: sigma_9, unit: cm2, datatype: float64}
# - {name: sigma_7, unit: cm2, datatype: float64}
# - {name: sigma_6, unit: cm2, datatype: float64}
# - {name: sigma_5, unit: cm2, datatype: float64}
# - {name: sigma_4, unit: cm2, datatype: float64}
# - {name: sigma_3, unit: cm2, datatype: float64}
# - {name: sigma_2, unit: cm2, datatype: float64}
# schema: astropy-2.0
mx sigma_10 sigma_9 sigma_7 sigma_6 sigma_5 sigma_4 sigma_3 sigma_2
[from data line 239]
7.805350185866558e-05 2.5632488108322647e-39 3.353611374589712e-39 8.73324869366852e-39 3.3086552504934143e-38 1.6701541120422572e-36 2.2379746255481243e-33 2.8676047113698125e-30 7.123051400362479e-30
7.987344244870308e-05 2.5107675338286958e-39 3.287344689812513e-39 8.602776534290892e-39 3.306593180003136e-38 1.724678903245611e-36 2.388034042244943e-33 3.0725685170335983e-30 7.631492631260953e-30
8.173581782606456e-05 2.4593745399322513e-39 3.2224183131095324e-39 8.474775113169538e-39 3.3054691267585543e-38 1.7814966273224317e-36 2.548566315715272e-33 3.292183940551297e-30 8.176157165318448e-30
8.364161742479263e-05 2.409047047913165e-39 3.158804728470997e-39 8.34919924811918e-39 3.305294554940675e-38 1.8407209412523233e-36 2.720315019715417e-33 3.527497644428899e-30 8.759618161950857e-30
8.559185374914618e-05 2.3597627570152023e-39 3.096476991184333e-39 8.226004681683897e-39 3.3060817319480824e-38 1.902472097866261e-36 2.9040768353250284e-33 3.779630956250882e-30 9.384630274403397e-30
8.758756291151902e-05 2.311499836759251e-39 3.035408715867607e-39 8.105148063650314e-39 3.30784375271079e-38 1.966877358468377e-36 3.1007053491558994e-33 4.0497851716226724e-30 1.0054138351889872e-29
8.96298051829007e-05 2.264236916964398e-39 2.975574064755458e-39 7.986586933949708e-39 3.310594565048936e-38 2.034071433048986e-36 3.311115123326034e-33 4.339247269095411e-30 1.0771303505974083e-29
9.17196655561724e-05 2.2179530779820225e-39 2.9169477362322134e-39 7.870279705942206e-39 3.314348996103775e-38 2.1041969500885108e-36 3.536286056641034e-33 4.649395960302341e-30 1.1539496261122022e-29
9.385825432253677e-05 2.1726278411380057e-39 2.859504953606873e-39 7.75618565007642e-39 3.319122779868411e-38 2.177404958093648e-36 3.777268057842114e-33 4.981708270547582e-30 1.2362341901261885e-29
9.604670766138824e-05 2.1282411593789596e-39 2.803221454124854e-39 7.644264877917995e-39 3.324932585845745e-38 2.253855461158893e-36 4.035186053234673e-33 5.337766452582907e-30 1.3243699646240918e-29
9.828618824393714e-05 2.0847734081177254e-39 2.7480734782114614e-39 7.534478326540975e-39 3.331796048861027e-38 2.333717991008829e-36 4.311245352656637e-33 5.719265546081576e-30 1.418772332577734e-29
0.00010057788585090809 2.0422053762743496e-39 2.6940377589422014e-39 7.426787743275697e-39 3.339731800056184e-38 2.4171722181505657e-36 4.60673739940276e-33 6.1280212982825295e-30 1.5198834457013375e-29
0.00010292301800464121 2.000518257507825e-39 2.6410915117350402e-39 7.321155670807473e-39 3.3487594990928984e-38 2.5044086049523864e-36 4.923045931616258e-33 6.565978820532076e-30 1.628178708139351e-29
0.00010532283061593165 1.9596936416348508e-39 2.589212424260021e-39 7.217545432620272e-39 3.35889986759131e-38 2.595629103664926e-36 5.26165358456432e-33 7.035221692366195e-30 1.7441651014414175e-29
0.00010777859864595113 1.9197135062315362e-39 2.538378646561487e-39 7.115921118779841e-39 3.370174723830648e-38 2.6910479026164805e-36 5.6241489653759325e-33 7.537981834985316e-30 1.868386012036325e-29
0.00011029162678360347 1.8805602084141445e-39 2.4885687813885292e-39 7.01624757205105e-39 3.382607018738088e-38 2.7908922240451152e-36 6.012234234035027e-33 8.076650009190536e-30 2.0014228090795143e-29
0.00011286325013867351 1.8422164767948504e-39 2.4397618747291394e-39 6.918490374344031e-39 3.396220873191539e-38 2.89540317727874e-36 6.427733226864939e-33 8.653787065783788e-30 2.1438970467852908e-29
0.00011549483495113791 1.8046654036091008e-39 2.3919374065438432e-39 6.822615833484424e-39 3.4110416166619846e-38 3.00483667124129e-36 6.87260016132506e-33 9.272136004087281e-30 2.296473791693452e-29
0.00011818777931701482 1.7678904370106e-39 2.3450752816944752e-39 6.728590970302597e-39 3.4270958272204673e-38 3.119464390550083e-36 7.348928963714355e-33 9.934634869547903e-30 2.4598647093751106e-29
0.0001209435139311377 1.7318753735304322e-39 2.2991558210640588e-39 6.636383506037449e-39 3.4444113729347985e-38 3.239574839777687e-36 7.85896326435438e-33 1.0644430547811569e-29 2.634830836439528e-29
0.00012376350284724815 1.696604350697039e-39 2.2541597528636838e-39 6.54596185005017e-39 3.463017454680869e-38 3.365474460783018e-36 8.405107108013584e-33 1.1404893536780058e-29 2.82218609152291e-29
0.00012664924425581149 1.662061839813088e-39 2.2100682041224287e-39 6.457295087843704e-39 3.4829446503933516e-38 3.4974888283719736e-36 8.989936430748478e-33 1.2219633753438943e-29 3.02280098517339e-29
0.00012960227127996844 1.628232638886413e-39 2.1668626923564468e-39 6.370352969383843e-39 3.5042249607809366e-38 3.6359639299301673e-36 9.616211357996185e-33 1.3092517428276493e-29 3.237605457437367e-29
0.00013262415279004548 1.5951018657113998e-39 2.1245251174134405e-39 6.285105897717941e-39 3.526891856531577e-38 3.781267535080349e-36 1.028688938268572e-32 1.4027685272138017e-29 3.467596857104366e-29
0.00013571649423705693 1.5626549510977405e-39 2.0830377534887735e-39 6.201524917887533e-39 3.5509803270340094e-38 3.9337906618574615e-36 1.1005139486299713e-32 1.5029571671940568e-29 3.7138356725506654e-29
0.0001388809385056415 1.530877632243319e-39 2.0423832413096087e-39 6.119581706131218e-39 3.576526930642877e-38 4.093949146366447e-36 1.1774357270405048e-32 1.6102925659428483e-29 3.977463521046768e-29
0.00014211916678688624 1.4997559462482005e-39 2.0025445804834978e-39 6.039248559374478e-39 3.6035698465164814e-38 4.262185323394945e-36 1.2598181170850715e-32 1.7252832729208284e-29 4.2596908682724413e-29
0.00014543289947150178 1.4692762237667094e-39 1.9635051220079608e-39 5.960498385003077e-39 3.6321489280582386e-38 4.4389698259961134e-36 1.3480509832203375e-32 1.8484738959003175e-29 4.561823896415484e-29
0.0001488238970638237 1.4394250827945958e-39 1.925248560937625e-39 5.883304690917142e-39 3.66230575799577e-38 4.624803512639838e-36 1.4425520725263005e-32 1.980447579077807e-29 4.8852411074033856e-29
0.00015229396111712465 1.4101894225884557e-39 1.8877589292055904e-39 5.807641575862877e-39 3.694083705135173e-38 4.820219531155201e-36 1.5437690096778443e-32 2.1218287865336563e-29 5.231437297612034e-29
0.00015584493519073535 1.3815564177145127e-39 1.8510205885957713e-39 5.733483720039361e-39 3.7275279828325127e-38 5.025785529356618e-36 1.652181434640142e-32 2.2732861165684082e-29 5.601985453429001e-29
0.00015947870582948208 1.353513512224053e-39 1.8150182238629947e-39 5.6608063759778445e-39 3.762685709230181e-38 5.2421060229638854e-36 1.7683032933247182e-32 2.4355354831253546e-29 5.99858800435295e-29
0.00016319720356596128 1.3260484139527918e-39 1.7797368359977486e-39 5.589585359691229e-39 3.7996059693124455e-38 5.4698249321952006e-36 1.892685292118627e-32 2.609343363266545e-29 6.423047238943996e-29
0.00016700240394618395 1.299149088941499e-39 1.7451617356325173e-39 5.5197970420916404e-39 3.8383398788428836e-38 5.709628299236292e-36 2.02591752802857e-32 2.7955303725028217e-29 6.877293653286365e-29
0.00017089632857913436 1.2728037559753133e-39 1.71127853658669e-39 5.451418340674059e-39 3.878940650255782e-38 5.962247199671274e-36 2.1686323069880826e-32 2.994975058084786e-29 7.363394349008042e-29
0.000174881046210801 1.2470008812391778e-39 1.6780731495471224e-39 5.3844267114643335e-39 3.9214636605854116e-38 6.228460861906646e-36 2.3215071637806447e-32 3.2086178892410446e-29 7.883536178330103e-29
0.00017895867382325032 1.2217291730869891e-39 1.645531775881496e-39 5.3188001412299805e-39 3.9659665215301026e-38 6.509100009632334e-36 2.4852680980154096e-32 3.4374656871808535e-29 8.440087306674923e-29
0.0001831313777593269 1.1969775769219224e-39 1.6136409015816348e-39 5.2545171399523943e-39 4.0125091517638647e-38 6.805050443448494e-36 2.660693041567203e-32 3.682596085047218e-29 9.035525878279868e-29
0.00018740137487357792 1.1727352701856294e-39 1.5823872913340573e-39 5.1915567335593406e-39 4.0611538516259377e-38 7.117256878948471e-36 2.8486155740853466e-32 3.945162669405441e-29 9.672556814367433e-29
0.00019177093371001327 1.1489916574540088e-39 1.5517579827150652e-39 5.1298984569167367e-39 4.111965380339195e-38 7.446727059792101e-36 3.0499289042368573e-32 4.2264000106082845e-29 1.0353997028130552e-28
0.000196242375707327 1.1257363656371557e-39 1.521740280507724e-39 5.069522347078962e-39 4.165011035931467e-38 7.794536165635784e-36 3.265590135763942e-32 4.5276295538077414e-29 1.1082923770608782e-28
0.00020081807643222024 1.1029592392814014e-39 1.4923217511381832e-39 5.010408936797221e-39 4.220360738059923e-38 8.161831536212044e-36 3.4966248386261724e-32 4.850265349602554e-29 1.1862539570735044e-28
0.00020550046684148122 1.0806503359711642e-39 1.4634902172287887e-39 4.9525392482855535e-39 4.278087113967993e-38 8.549837734378381e-36 3.7441319471314665e-32 5.195820762981101e-29 1.2696336695074096e-28
0.0002102920345734925 1.0587999218285297e-39 1.4352337522655293e-39 4.895894787244436e-39 4.3382655878368477e-38 8.959861972590434e-36 4.009289008330377e-32 5.565915053852283e-29 1.3587970918271265e-28
0.0002151953252698519 1.0373984671084388e-39 1.4075406753774086e-39 4.840457537142071e-39 4.4009744738295147e-38 9.393299929005515e-36 4.2933578057970283e-32 5.962280891716259e-29 1.4541378865441908e-28
0.00022021294392780895 1.0164366418875037e-39 1.3803995462253647e-39 4.786209953753751e-39 4.466295073165366e-38 9.85164198129636e-36 4.597690385556156e-32 6.386772052478694e-29 1.5560741554765463e-28
0.00022534755628423554 9.959053118443692e-40 1.353799159998427e-39 4.733134959959823e-39 4.5343117756060077e-38 1.0336479888262353e-35 4.923735512930682e-32 6.841371749527877e-29 1.6650502095155574e-28
0.0002306018902318662 9.75795534129707e-40 1.3277285425148538e-39 4.6812159408031525e-39 4.605112165780707e-38 1.0849513951473736e-35 5.273045591091822e-32 7.3282015333588e-29 1.7815394444453077e-28
0.00023597873726856003 9.560985533239723e-40 1.302176945426013e-39 4.6304367388070776e-39 4.6787871348301247e-38 1.1392560691484875e-35 5.64728407429641e-32 7.84953076313986e-29 1.9060463783831955e-28
0.0002414809539803547 9.368057974809387e-40 1.2771338415208623e-39 4.580781649555299e-39 4.755430997901755e-38 1.1967561075615521e-35 6.048233411152479e-32 8.407786685631545e-29 2.0391077532757815e-28
0.0002471114635590999 9.179088742553063e-40 1.2525889201288876e-39 4.532235417535137e-39 4.835141618088289e-38 1.2576589336935929e-35 6.477803555775603e-32 9.00556517064294e-29 2.1812934074261555e-28
0.00025287325735547713 8.99399567112505e-40 1.2285320826194114e-39 4.4847832322461664e-39 4.918020537461504e-38 1.3221862426915575e-35 6.93804108740254e-32 9.645642192820587e-29 2.3332093668638268e-28
0.00025876939646823026 8.812698316189542e-40 1.204953437995279e-39 4.43841072457627e-39 5.004173115918939e-38 1.3905750147218262e-35 7.43113898191081e-32 1.0330986029806612e-28 2.495499114272006e-28
0.00026480301337045197 8.63511791811083e-40 1.1818432985788615e-39 4.3931039634474964e-39 5.093708678627633e-38 1.4630786009363777e-35 7.959447081811883e-32 1.1064770401475876e-28 2.6688530216182503e-28
0.000270977313573789 8.461177366414228e-40 1.1591921757885102e-39 4.348849452734553e-39 5.186740672919153e-38 1.5399678874443397e-35 8.525483314526074e-32 1.1850387834363268e-28 2.853986334376951e-28
0.00027729557733145163 8.29080116500117e-40 1.1369907760034718e-39 4.3056341284587754e-39 5.28338683556168e-38 1.6215325428788846e-35 9.131945712529558e-32 1.2691465292159246e-28 3.0516862691149907e-28
0.00028376116138093086 8.123915398102354e-40 1.1152299965154646e-39 4.2634453562609775e-39 5.383769371408101e-38 1.7080823555470195e-35 9.781725292313685e-32 1.3591878607059368e-28 3.262753044356566e-28
0.0002903775007273506 7.960447696953668e-40 1.0939009215650459e-39 4.2222709291567926e-39 5.488015144493025e-38 1.799948666575757e-35 1.0477919853876634e-31 1.4555770718708907e-28 3.488079429813349e-28
0.00029714811046840066 7.800327207178618e-40 1.0729948184609973e-39 4.182099065578431e-39 5.596255882725871e-38 1.8974859059241809e-35 1.1223848765890228e-31 1.5587567362823185e-28 3.728552935748261e-28
0.00030407658766182135 7.643484556862984e-40 1.0525031337809789e-39 4.1429184077071285e-39 5.708628397401163e-38 2.0010732386195901e-35 1.2023068807570862e-31 1.6691998437326683e-28 3.9851841214312797e-28
0.00031116661323643183 7.489851825306636e-40 1.0324174896517322e-39 4.104718020100975e-39 5.825274818819813e-38 2.1111163290992563e-35 1.287939114180609e-31 1.7874115364619502e-28 4.258975959959317e-28
0.0003184219539477161 7.339362512438045e-40 1.01272968010716e-39 4.06748738862301e-39 5.946342849386557e-38 2.2280492321000695e-35 1.3796899501093793e-31 1.9139314599217808e-28 4.5510428933916395e-28
0.00032584646437900766 7.191951508877256e-40 9.934316675226341e-40 4.0312164196750136e-39 6.071986035617578e-38 2.352336419139057e-35 1.477996967204425e-31 2.049335870857323e-28 4.862533543387103e-28
0.00033344408898933415 7.0475550666339276e-40 9.745155791239357e-40 3.995895439742715e-39 6.202364060558413e-38 2.4844749502714455e-35 1.5833290371520665e-31 2.1942400698032385e-28 5.194662585527912e-28
0.0003412188642090111 6.9061107704263046e-40 9.559737035692419e-40 3.961515195258441e-39 6.337643058175398e-38 2.624996801502516e-35 1.6961885613510506e-31 2.349301032181823e-28 5.548748757686205e-28
0.0003491749205840977 6.7675575096084145e-40 9.377984876026283e-40 3.928066852787869e-39 6.477995951343296e-38 2.7744713589685945e-35 1.8171138672646562e-31 2.515219853478918e-28 5.926109078524221e-28
0.0003573164849708539 6.631835450692239e-40 9.199825327775803e-40 3.8955419995476545e-39 6.623602815107531e-38 2.9335080917944035e-35 1.9466817759002764e-31 2.6927450038139285e-28 6.328250200359582e-28
0.0003656478827813646 6.4988860104522055e-40 9.02518592249029e-40 3.863932644261417e-39 6.774651266952111e-38 3.102759416382647e-35 2.0855103524691106e-31 2.8826747794347337e-28 6.756604003828744e-28
0.0003741735402815245 6.368651829599765e-40 8.853995676324888e-40 3.83323121836177e-39 6.931336885853104e-38 3.2829237658012615e-35 2.2342618534655503e-31 3.085861186672021e-28 7.212862266259606e-28
0.0003828979869426037 6.241076747015648e-40 8.686185059288493e-40 3.8034305775467e-39 7.093863661944203e-38 3.474748878908479e-35 2.3936458839214107e-31 3.303212579258087e-28 7.698624550653287e-28
0.000391825857847644 6.116105774528088e-40 8.521685965134807e-40 3.7745240036989346e-39 7.262444478665392e-38 3.679035324900641e-35 2.5644227800478056e-31 3.5356979420116958e-28 8.215748198070073e-28
0.000400961896153964 5.993685072225482e-40 8.360431681882644e-40 3.74650520717752e-39 7.437301629309569e-38 3.8966402800873735e-35 2.7474072330559027e-31 3.7843499393815493e-28 8.766006161040504e-28
0.0004103109556130814 5.8737619242917405e-40 8.202356862952365e-40 3.7193683294912593e-39 7.618667369926429e-38 4.128481574898883e-35 2.9434721715693952e-31 4.050269639850508e-28 9.351448434613785e-28
0.0004198780031493915 5.756284715353689e-40 8.047397498905557e-40 3.693107946364104e-39 7.806784510589529e-38 4.375542030416562e-35 3.1535529207641986e-31 4.334629944374487e-28 9.9740479021599e-28
0.00042966812149897106 5.641202907329159e-40 7.895490889775141e-40 3.667719071203284e-39 8.001907047083825e-38 4.6388741050968453e-35 3.3786516581713038e-31 4.638680675840426e-28 1.0636014814810938e-27
0.000439686511909911 5.528467016765387e-40 7.746575617973447e-40 3.6431971589812595e-39 8.204300835127988e-38 4.919604873836043e-35 3.6198421870083578e-31 4.963752784867846e-28 1.1339602633683297e-27
0.0004499384969056106 5.418028592657225e-40 7.600591521766303e-40 3.6195381105433163e-39 8.414244309312776e-38 5.218941363108079e-35 3.878275049751687e-31 5.3112633326280795e-28 1.2087151290175165e-27
0.00046042952311250296 5.3098401947348814e-40 7.457479669300994e-40 3.596738277353037e-39 8.632029249014076e-38 5.538176267604763e-35 4.155183006071887e-31 5.682720732006858e-28 1.2881141597986611e-27
0.0004711651641537129 5.2038553722112624e-40 7.317182333176578e-40 3.574794466688511e-39 8.857961593632072e-38 5.878694075628067e-35 4.451886900988243e-31 6.0797300226914235e-28 1.3724148869837886e-27
