results/limits/BECCAL_f_6_phase.dat
# %ECSV 1.0
# ---
# datatype:
# - {name: mx, unit: MeV, datatype: float64}
# - {name: sigma_6, unit: cm2, datatype: float64}
# schema: astropy-2.0
mx sigma_6
[from data line 359]
0.0012404909310584848 6.71885057269961e-18
0.0012694149350204683 7.048146961176434e-18
0.0012990133477864558 7.385737084355475e-18
0.0013293018942621524 7.731278950428663e-18
0.001360296666004259 8.084396813204384e-18
0.001392014129769518 8.444682822712872e-18
0.0014244711362630968 8.81169896436085e-18
0.0014576849290909482 9.184979266631733e-18
0.0014916731539209149 9.564032253520964e-18
0.0015264538678574353 9.948343613306484e-18
0.0015620455490348386 1.0337379053800589e-17
0.0015984671064343198 1.0730587309843176e-17
0.0016357378899298156 1.1127403268741448e-17
0.0016738777005681136 1.1527251176662822e-17
0.0017129068010886602 1.1929547889278036e-17
0.0017528459266886532 1.2333706130623908e-17
0.00179371629603914 1.2739137723569198e-17
0.0018355396225579732 1.3145256758171224e-17
0.0018783381259456144 1.355148266553695e-17
0.0019221345439899109 1.3957243166968528e-17
0.001966952144646121 1.436197707251963e-17
0.0020128147383986056 1.4765136904417888e-17
0.002059746690910748 1.5166191325439456e-17
0.0021077729359698315 1.5564627355968083e-17
0.0021569189887337423 1.5959952367249156e-17
0.002207210959286545 1.63516958406459e-17
0.0022586755665101248 1.6739410888827544e-17
0.0023113401522792685 1.7122675535022812e-17
0.0023652326959877285 1.7501093753518074e-17
0.0024203818294129824 1.7874296274516106e-17
0.0024768168519275916 1.8241941158444452e-17
0.002534567746065232 1.860371415287076e-17
0.0025936651934496745 1.8959328839571943e-17
0.0026541405910951734 1.930852658521575e-17
0.0027160260680869266 1.9651076311877383e-17
0.0027793545026504624 1.9986774100009794e-17
0.002844159539619031 2.0315442641166992e-17
0.0029104756083082714 2.0636930555947205e-17
0.0029783379408076585 2.095111159408809e-17
0.0030477825906984404 2.1257883732506542e-17
0.0031188464522080173 2.1557168186782588e-17
0.0031915672798109355 2.1848908352688362e-17
0.0032659837082868936 2.2133068690734696e-17
0.003342135273246469 2.240963356911933e-17
0.0034200624321353945 2.2678606075940877e-17
0.0034998065857286074 2.2940006815672127e-17
0.0035814101001254554 2.3193872697144793e-17
0.003664916329257761 2.3440255726663428e-17
0.0037503696379226933 2.367922181253358e-17
0.0038378154253526898 2.3910849588058346e-17
0.003927300149334948 2.4135229264031782e-17
0.004018871350893299 2.4352461511867753e-17
0.00411257767954558 2.4562656384035367e-17
0.004208468919149921 2.4765932277543196e-17
0.004306596014353682 2.496241493929704e-17
0.004407011097659079 2.515223652195891e-17
0.004509767517119906 2.533553468537365e-17
0.004614919864684026 2.5512451750694762e-17
0.004722524005196735 2.5683133902662644e-17
0.004832637106080367 2.5847730443971425e-17
0.004945317667705937 2.600639309946768e-17
0.005060625554472947 2.6159275371503465e-17
0.005178622026613854 2.6306531940121588e-17
0.005299369772740128 2.6448318113403142e-17
0.005422932943147155 2.6584789325637805e-17
0.0055493771838957115 2.6716100672907436e-17
0.00567876967168809 2.6842406497941654e-17
0.005811179149557424 2.69638600106007e-17
0.0059466759633891655 2.708061294822342e-17
0.006085332099294114 2.7192815273221657e-17
0.006227221221852859 2.7300614903389676e-17
0.006372418713251954 2.7404157474707707e-17
0.006521001713332612 2.75035861332161e-17
0.006673049160573193 2.7599041357372882e-17
0.006828641834027273 2.769066080428291e-17
0.006987862396239558 2.7778579179274786e-17
0.00715079543716245 2.7862928133510214e-17
0.007317527519096606 2.794383617127344e-17
0.007488147222679345 2.802142858798402e-17
0.007662745193945353 2.809582741609036e-17
0.007841414192484688 2.816715139500016e-17
0.008024249140723652 2.8235515945115236e-17
0.008211347174354735 2.830103316418036e-17
0.008402807693942412 2.836381183009556e-17
0.008598732417732204 2.8423957413537015e-17
0.008799225435691074 2.848157210481746e-17
0.009004393264807849 2.853675484300502e-17
0.009214344905683071 2.858960135449309e-17
0.009429191900438323 2.8640204201604615e-17
0.009649048391975805 2.868865282718327e-17
0.009874031184619632 2.873503361749165e-17
0.010104259806171096 2.8779429955067605e-17
0.01033985657141083 2.8821922285246077e-17
0.010580946647081629 2.886258818056778e-17
0.010827658118386449 2.8901502408638745e-17
0.011080122057036918 2.8938737002333885e-17
0.011338472590888495 2.8974361331441164e-17
0.01160284697519928 2.900844217265874e-17
0.01187338566555036 2.9041043782302125e-17
0.012150232392466372 2.907222797086004e-17
0.012433534237775993 2.9102054174231683e-17
0.01272344171275288 2.913057953160554e-17
0.013020108838078586 2.9157858946034196e-17
0.013323693225669961 2.91839451672978e-17
0.013634356162414448 2.920888885791825e-17
0.013952262695857842 2.923273866255373e-17
0.014277581721889965 2.9255541276633523e-17
0.014610486074474885 2.927734151369415e-17
0.014951152617473332 2.9298182370951764e-17
0.015299762338606094 2.9318105097437434e-17
0.015656500445608335 2.9337149250454346e-17
0.016021556464625875 2.9355352763578e-17
0.016395124340905766 2.937275200245681e-17
0.016777402541834602 2.9389381822191206e-17
0.017168594162379338 2.940527563074156e-17
0.01756890703298664 2.942046544149483e-17
0.017978553829998065 2.9434981916372884e-17
0.01839775218863974 2.9448854435787396e-17
0.01882672481864659 2.946211113220704e-17
0.01926569962258253 2.947477895412013e-17
0.019714909816919448 2.948688370037237e-17
0.020174594055939365 2.949845007096615e-17
0.02064499655852557 2.95095017160902e-17
0.021126367237910063 2.9520061265467404e-17
0.021618961834446313 2.9530150383419446e-17
0.02212304205147776 2.9539789801547275e-17
0.022638875694374342 2.954899935594213e-17
0.0231667368128109 2.95577980280446e-17
0.02370690584636297 2.956620397635332e-17
0.024259669773497434 2.9574234571371115e-17
0.024825322264037063 2.958190643073309e-17
0.025404163835180054 2.958923544915523e-17
0.025996502011157406 2.959623682635043e-17
0.026602651486612925 2.9602925102216227e-17
0.027222934293792744 2.960931417961273e-17
0.027857679973633073 2.961541735062488e-17
0.02850722575083718 2.962124732551629e-17
0.02917191671303455 2.962681625808897e-17
0.029852105994117403 2.963213576899013e-17
0.030548154961852016 2.9637216965628897e-17
0.031260433409864494 2.964207046654526e-17
0.031989319754103004 2.96467064263955e-17
0.0327352012338808 2.9651134540674155e-17
0.03349847411760691 2.96553640894191e-17
0.034279543913313774 2.9659403935814134e-17
0.03507882558409363 2.9663262551548605e-17
0.03589674376855814 2.9666948037667235e-17
0.03673373300643846 2.9670468124873165e-17
0.037590237969445384 2.967383021042065e-17
0.038466713697512506 2.9677041364742394e-17
0.03936362584054766 2.9680108339945376e-17
0.04028145090582124 2.968303758730668e-17
0.04122067651112274 2.9685835269620596e-17
0.04218180164382002 2.9688507286375967e-17
0.043165336925959 2.9691059258020515e-17
0.044171804885544536 2.969349656766225e-17
0.04520174023414663 2.969582434825035e-17
0.046255690150979495 2.969804751994857e-17
0.047334214573604344 2.9700170765087726e-17
0.048437886495410414 2.9702198573222353e-17
0.04956729227003216 2.97041352139319e-17
0.05072303192286451 2.970598478291833e-17
0.051905719469841495 2.9707751190629494e-17
0.05311598324364777 2.970943816698596e-17
0.05435446622753626 2.9711049273746506e-17
0.05562182639692926 2.971258792071898e-17
0.056918737068984544 2.971405736260529e-17
0.058245887260312136 2.971546070092263e-17
0.05960398205303182 2.971680091478805e-17
0.06099374296936585 2.9718080833049417e-17
0.06241590835496589 2.9719303163773735e-17
0.06387123377117784 2.9720470503644616e-17
0.06536049239645289 2.972158531168792e-17
0.06688447543711816 2.9722649955038123e-17
0.06844399254772507 2.9723666691868743e-17
0.0700398722611988 2.9724637668542926e-17
0.0716729624290174 2.972556494866312e-17
0.07334413067165428 2.972645049075978e-17
0.07505426483952363 2.97272961764384e-17
0.07680427348467332 2.972810379231746e-17
0.07859508634347626 2.972887505858916e-17
0.08042765483057629 2.9729611610526204e-17
0.08230295254435131 2.9730314994160343e-17
0.08422197578416211 2.9730986722548173e-17
0.08618574407966152 2.9731628208074857e-17
0.08819530073244539 2.973224081063992e-17
0.09025171337033296 2.9732825837682466e-17
0.09235607451457113 2.973338451302653e-17
0.09450950216026408 2.9733918044444416e-17
0.09671314037033632 2.973442754916605e-17
0.09896815988334524 2.9734914113728986e-17
0.10127575873546546 2.9735378769785923e-17
0.10363716289697593 2.973582250376042e-17
0.10605362692358762 2.9736246254046396e-17
0.10852643462295801 2.973665091410024e-17
0.11105689973674641 2.973703736121088e-17
0.11364636663857243 2.9737406406028875e-17
0.11629621104824843 2.9737758824511814e-17
0.1190078407626656 2.9738095373884855e-17
0.12178269640372161 2.973841676772148e-17
0.12462225218368743 2.97387236899798e-17
0.1275280166884199 2.9739016785922925e-17
0.13050153367883624 2.9739296681531543e-17
0.1335443829110759 2.9739563976447936e-17
0.13665818097578622 2.9739819232944e-17
0.13984458215697693 2.974006298058227e-17
0.14310527931090045 2.974029574754587e-17
0.14644200476542463 2.974051804290658e-17
0.14985653124037576 2.9740730332786965e-17
0.15335067278934078 2.974093305564454e-17
0.1569262857634292 2.974112664678938e-17
0.1605852697975066 2.9741311507230287e-17
0.16432956881942368 2.974148804182626e-17
0.16816117208277714 2.974165662856031e-17
0.172082115223751 2.974181762218415e-17
0.1760944813425998 2.974197137723681e-17
0.1802004021103484 2.974211819331793e-17
0.18440205890129596 2.974225839851411e-17
0.18870168395192646 2.974239229475619e-17
0.1931015615468407 2.9742520145388624e-17
0.1976040292323402 2.974264224357004e-17
0.20221147905830805 2.9742758862961393e-17
0.20692635884904578 2.974287018972393e-17
0.21175117350374192 2.97429765300559e-17
0.2166884863272632 2.97430780748286e-17
0.22174092039197504 2.974317503317702e-17
0.22691115993131514 2.97432676363597e-17
0.23220195176586036 2.9743356059070156e-17
0.2376161067626448 2.9743440498676215e-17
0.24315650132850383 2.974352112519129e-17
0.24882607893823822 2.9743598162414535e-17
0.25462785169840935 2.974367169398614e-17
0.2605649019475973 2.97437418989851e-17
0.26664038389397104 2.974380898330553e-17
0.27285752529104135 2.974387302107325e-17
0.2792196291524867 2.974393418308301e-17
0.2857300755069626 2.974399256564993e-17
0.2923923231938275 2.9744048334935247e-17
0.2992099117007387 2.974410161046298e-17
0.3061864630440946 2.974415244798169e-17
0.31332568369332287 2.974420103666872e-17
0.32063136654003577 2.974424740798888e-17
0.3281073929131 2.9744291705473e-17
0.3357577346406907 2.974433400147313e-17
0.343586456160426 2.9744374385962497e-17
0.3515977166787018 2.974441295431407e-17
0.359795772380376 2.9744449779391224e-17
0.368184978689974 2.974448497052643e-17
0.3767697925856183 2.974451854295528e-17
0.38555477496691104 2.9744550621792964e-17
0.394544593078027 2.9744581258567644e-17
0.4037440229873054 2.974461052343943e-17
0.4131579521246571 2.9744638471459766e-17
0.42279138187813525 2.974466510660536e-17
0.43264943025104924 2.974469057868256e-17
0.4427373345810337 2.9744714881006913e-17
0.4530604543225162 2.974473812956681e-17
0.4636242738940635 2.9744760310536165e-17
0.47443440559211736 2.97447814888501e-17
0.48549659257266914 2.974480174777647e-17
0.4968167119024568 2.974482103713807e-17
0.5084007776813051 2.974483955995112e-17
0.5202549442372687 2.974485714976232e-17
0.5323855093962742 2.97448739382933e-17
0.5447989178279997 2.9744890043448824e-17
0.557501764469769 2.974490534959285e-17
0.5705007980302781 2.974491998785895e-17
0.5838029245750183 2.974493399736416e-17
0.5974152111952977 2.9744947347227207e-17
0.6113448897628128 2.9744960106675865e-17
0.6255993607717623 2.974497225728744e-17
0.6401861972705483 2.974498394505178e-17
0.6551131488851486 2.974499499785548e-17
0.6703881459363026 2.974500563336808e-17
0.686019303652694 2.9745015739996205e-17
0.7020149264823721 2.9745025427062083e-17
0.7183835125046995 2.9745034694322534e-17
0.7351337579451718 2.974504352896439e-17
0.7522745617955077 2.9745051900647304e-17
0.7698150305414633 2.97450600004652e-17
0.7877644830008832 2.9745067667631226e-17
0.8061324552745581 2.974507494070955e-17
0.8249287058125218 2.9745081998415816e-17
0.8441632205984669 2.974508872201135e-17
0.8638462184550629 2.9745095099056677e-17
0.8839881564729563 2.9745101155734965e-17
0.9045997355663667 2.974510700419511e-17
0.9256919061582187 2.9745112600524325e-17
0.9472758739978306 2.974511785402284e-17
0.9693631061142522 2.974512296844471e-17
0.9919653369084147 2.974512782189719e-17
1.0150945743873274 2.97451324604704e-17
1.0387631065436362 2.974513685540774e-17
1.0629835078839296 2.974514114367067e-17
1.0877686461092637 2.9745145136357746e-17
1.1131316889514546 2.9745148991020606e-17
1.1390861111687691 2.9745152588486744e-17
1.16564570170473 2.97451561145202e-17
1.1928245710138414 2.9745159562948076e-17
1.2206371585581264 2.974516265368195e-17
1.2490982404784545 2.974516581644718e-17
1.2782229374447416 2.9745168622448714e-17
1.3080267226891875 2.9745171456859676e-17
1.3385254302268237 2.974517410477585e-17
1.369735263267732 2.974517666684314e-17
1.4016728028254128 2.9745179091028934e-17
1.4343550165258654 2.974518134803085e-17
1.4677992676220706 2.974518362678554e-17
1.5020233242186567 2.9745185703136106e-17
1.5370453687116559 2.9745187804873e-17
1.5728840074483612 2.974518971744053e-17
1.6095582806124205 2.974519165030372e-17
1.6470876723394143 2.974519320351122e-17
1.6854921210682972 2.9745195061481e-17
1.7247920301341966 2.9745196565038e-17
1.7650082786082029 2.9745198098610086e-17
1.8061622323899016 2.9745199560200256e-17
1.848275755558551 2.9745200970207816e-17
1.8913712219889245 2.9745202250978476e-17
1.935471527238 2.9745203556216673e-17
1.9806001007088037 2.974520473521935e-17
2.0267809180978715 2.974520598540069e-17
2.0740385141329463 2.97452071322138e-17
2.1223979956076717 2.974520808308407e-17
2.171885054720213 2.974520905469745e-17
2.222525982722885 2.974521002092223e-17
2.274347683890048 2.9745210976249404e-17
2.327377689811681 2.9745211859984743e-17
2.3816441740202396 2.974521260252956e-17
2.437175966958554 2.974521353566621e-17
2.4940025712967335 2.9745214275420616e-17
2.552154177606206 2.9745214961535495e-17
2.611661680399223 2.9745215598630914e-17
2.6725566945423505 2.9745216405997837e-17
2.7348715720526675 2.974521713973097e-17
2.7986394192855935 2.97452176800496e-17
2.863894114523477 2.974521833021098e-17
2.9306703259742912 2.9745218855675185e-17
2.999003530189995 2.974521926083229e-17
3.068930030914351 2.974521977029235e-17
3.1404869783702067 2.9745220165778904e-17
3.21371238899649 2.9745220707293354e-17
3.2886451656454048 2.9745221127233294e-17
3.3653251182505572 2.974522172569878e-17
3.443792984976987 2.9745222167934407e-17
3.5240904538643507 2.974522219227049e-17
3.6062601849747473 2.9745222798351324e-17
3.6903458330569543 2.974522304616768e-17
3.77639207073912 2.974522351665786e-17
3.8644446122622242 2.9745223870263774e-17
3.9545502377669295 2.974522408273383e-17
4.046756818146711 2.974522430047699e-17
4.141113340480481 2.974522452494973e-17
4.237669934058216 2.974522512585531e-17
4.336477897013409 2.9745225108461256e-17
4.437589723576497 2.9745225443912233e-17
4.541059131963759 2.974522546034736e-17
4.646941092916466 2.97452258916927e-17
4.755291858905486 2.9745225858881444e-17
4.866168994016832 2.974522607036916e-17
4.979631404534034 2.974522659645756e-17
5.0957393702336 2.9745226670894024e-17
5.214554576410165 2.974522636042089e-17
5.336140146648369 2.974522709023093e-17
5.4605606763588606 2.9745227273799817e-17
5.587882267096237 2.974522728265628e-17
5.718172561677172 2.9745227258247775e-17
5.851500780117376 2.974522765107016e-17
5.987937756406471 2.974522743733554e-17
6.127555976140354 2.9745227581212065e-17
6.270429615030991 2.974522787734445e-17
6.416634578314149 2.9745228296728035e-17
6.566248541075969 2.9745228774087337e-17
6.719350989519823 2.9745228238590546e-17
6.87602326319537 2.974522834569305e-17
7.036348598212252 2.9745228522102287e-17
7.200412171461376 2.974522863547671e-17
7.368301145867304 2.9745228480826385e-17
