results/limits/BECCAL_h_phase.dat
# %ECSV 1.0
# ---
# datatype:
# - {name: mx, unit: MeV, datatype: float64}
# - {name: sigma, unit: cm2 MeV4, datatype: float64}
# schema: astropy-2.0
mx sigma
3.162277660168379e-07 4.0890006248850715e-36
3.2360111549336787e-07 4.437299902993116e-36
3.311463862505236e-07 4.8170362067220926e-36
3.388675869043115e-07 5.231135945640977e-36
3.4676881953794695e-07 5.682804473625881e-36
3.548542818811901e-07 6.175552394169618e-36
3.6312826954049566e-07 6.713224483779994e-36
3.715951782811629e-07 7.30003148939721e-36
3.8025950636269697e-07 7.940585064568186e-36
3.89125856928623e-07 8.639936127315024e-36
3.9819894045202297e-07 9.403616949258012e-36
4.0748357723809307e-07 1.0237687318793806e-35
4.169846999850535e-07 1.1148785159148322e-35
4.2670735640476865e-07 1.2144182023602782e-35
4.3665671190447213e-07 1.3231843934555278e-35
4.4683805233101997e-07 1.442049807975452e-35
4.572567867791303e-07 1.57197059297509e-35
4.6791845046510194e-07 1.7139943394716907e-35
4.788287076675383e-07 1.8692688680152092e-35
4.899933547366384e-07 2.039051860920162e-35
5.014183231736547e-07 2.2247214116373674e-35
5.131096827821533e-07 2.4277875663872603e-35
5.250736448927506e-07 2.649905003116106e-35
5.373165656630395e-07 2.8928867876374914e-35
5.4984494945446e-07 3.158719437239412e-35
5.626654522879044e-07 3.449579230654339e-35
5.757848853798981e-07 3.7678498122405117e-35
5.892102187612295e-07 4.116141037848879e-35
6.029485849799565e-07 4.497308936941638e-35
6.17007282890752e-07 4.914482241373911e-35
6.313937815326057e-07 5.371065674405947e-35
6.461157240969403e-07 5.870784812177874e-35
6.611809319882495e-07 6.417693451940521e-35
6.765974089794179e-07 7.016248931423927e-35
6.923733454639272e-07 7.671152237660701e-35
7.085171228072106e-07 8.387734755410541e-35
7.250373177994646e-07 9.171351660304595e-35
7.419427072122865e-07 1.0028392154191163e-34
7.592422724615558e-07 1.0964716612413547e-34
7.769452043790388e-07 1.19880828090941e-34
7.950609080952509e-07 1.3104478665074901e-34
8.135990080361694e-07 1.4323569687470166e-34
8.325693530364543e-07 1.5650728213227339e-34
8.519820215718901e-07 1.7098473302814878e-34
8.718473271138315e-07 1.8674590340800792e-34
8.921758236084957e-07 2.0383114358646707e-34
9.12978311084014e-07 2.2244286025770066e-34
9.342658413882192e-07 2.426483136970669e-34
9.560497240602198e-07 2.6456477355676167e-34
9.78341532338879e-07 2.8814083035799645e-34
1.0011531093113902e-06 3.138126147383946e-34
1.0244965742052174e-06 3.4158639249567186e-34
1.048384328826741e-06 3.7161541775886777e-34
1.0728290641500308e-06 4.036247726471364e-34
1.0978437670592484e-06 4.385736985467735e-34
1.1234417272482566e-06 4.7630409340344975e-34
1.149636544281106e-06 5.170306329951774e-34
1.1764421348171486e-06 5.609894185091549e-34
1.2038727400046132e-06 6.084405814687728e-34
1.2319429330465773e-06 6.59671054568586e-34
1.2606676269433496e-06 7.134052004743422e-34
1.2900620824153782e-06 7.72900661519408e-34
1.3201419160108953e-06 8.371915025064455e-34
1.3509231084026028e-06 9.066999292689811e-34
1.38242201287781e-06 9.818914019623558e-34
1.4146553640265304e-06 1.063278671940018e-33
1.447640286632156e-06 1.1514261424063992e-33
1.4813943047694329e-06 1.2469545986222587e-33
1.5159353511145682e-06 1.3505463573764032e-33
1.5512817764724183e-06 1.4629508890735136e-33
1.587452359525819e-06 1.5849909693302686e-33
1.6244663168122348e-06 1.717569420619556e-33
1.6623433129330315e-06 1.8616765084433356e-33
1.7011034710007933e-06 2.0096325440831762e-33
1.740767383330235e-06 2.1791140263752043e-33
1.7813561223783898e-06 2.363600845990504e-33
1.8228912519398869e-06 2.5645129461515787e-33
1.8653948386032614e-06 2.7834061524079923e-33
1.908889463474389e-06 3.021985049477161e-33
1.9533982341732686e-06 3.282117117861709e-33
1.9989447971105317e-06 3.565848250360531e-33
2.045553350050195e-06 3.875419779957273e-33
2.0932486549653353e-06 4.213287163141288e-33
2.1420560511935146e-06 4.582140476593918e-33
2.192001468898943e-06 4.9849269004614014e-33
2.2431114428485372e-06 5.424875378225456e-33
2.2954131265091837e-06 5.905523661650146e-33
2.3489343064737076e-06 6.430747969525285e-33
2.403703417223201e-06 7.004795511150068e-33
2.4597495562335635e-06 7.632320149848554e-33
2.5171024994342686e-06 8.318421508539487e-33
2.575792717027583e-06 9.068687848629246e-33
2.635851389676631e-06 9.889243085617432e-33
2.6973104250709106e-06 1.0786798339985497e-32
2.760202474878063e-06 1.1768708460490625e-32
2.8245609520908932e-06 1.284303399928441e-32
2.8904200487788716e-06 1.401860916463438e-32
2.9578147542535346e-06 1.5305116327836464e-32
3.026780873657441e-06 1.6713167716612546e-32
3.097355046986562e-06 1.825439498842738e-32
3.1695747685562034e-06 1.9941547444076397e-32
3.2434784069208122e-06 2.1788599715390483e-32
3.319105225258239e-06 2.381086984141576e-32
3.3964954022292982e-06 2.6025148735733295e-32
3.4756900533236943e-06 2.844984214439827e-32
3.5567312527036693e-06 3.1311907150185816e-32
3.6396620555569646e-06 3.424007179451357e-32
3.7245265209709786e-06 3.744713710692221e-32
3.811369735340273e-06 4.095987023798178e-32
3.900237836319859e-06 4.480761498735605e-32
3.991178037336996e-06 4.902254026894447e-32
4.0842386526745176e-06 5.363991255410692e-32
4.179469123139017e-06 5.869839460796984e-32
4.2769200423275275e-06 6.4240373057206e-32
4.376643183506652e-06 7.03123175729148e-32
4.478691527118417e-06 7.69651747208834e-32
4.583119288927478e-06 8.425479982643327e-32
4.689981948824612e-06 9.224243052402673e-32
4.799336280301815e-06 1.009952060165307e-31
4.911240380614659e-06 1.1058673645750268e-31
5.0257537016479225e-06 1.2109772729590766e-31
5.142937081500915e-06 1.326166638904628e-31
5.262852776809252e-06 1.4524056221281375e-31
5.385564495820272e-06 1.5907579202100553e-31
5.511137432239651e-06 1.742389795007629e-31
5.639638299867211e-06 1.9085799704814718e-31
5.771135368040315e-06 2.0907304860767293e-31
5.905698497903673e-06 2.2903785979313254e-31
6.043399179524854e-06 2.5092098290893315e-31
6.184310569875183e-06 2.749072279670957e-31
6.32850753169624e-06 3.011992318666521e-31
6.47606667327258e-06 3.3001917907669413e-31
6.627066389131828e-06 3.6161068845312844e-31
6.781586901693754e-06 3.962408822321087e-31
6.939710303890459e-06 4.342026547920038e-31
7.101520602780329e-06 4.7581716047482785e-31
7.267103764178904e-06 5.214365416214032e-31
7.436547758330399e-06 5.71446920016939e-31
7.609942606644117e-06 6.262716771841807e-31
7.787380429520604e-06 6.86375051417949e-31
7.968955495292936e-06 7.5226608214826505e-31
8.15476427030917e-06 8.24502935173814e-31
8.344905470182516e-06 9.03697645546319e-31
8.539480112236516e-06 9.905213184384384e-31
8.738591569173047e-06 1.0857098322237377e-30
8.942345623991688e-06 1.190070092267148e-30
9.150850526189614e-06 1.3044868886093216e-30
9.364217049271877e-06 1.4299304158654194e-30
9.58255854960264e-06 1.567464519287013e-30
9.805991026628606e-06 1.7182557371178834e-30
1.0034633184506672e-05 1.8835832161420302e-30
1.0268606495168497e-05 2.0648495847522923e-30
1.0508035262855554e-05 2.2635928760089077e-30
1.07530466901589e-05 2.4814996020923265e-30
1.1003770945598772e-05 2.7204190913419244e-30
1.1260341232779899e-05 2.9823792098167383e-30
1.1522893861159297e-05 3.2696036010858436e-30
1.1791568318464117e-05 3.584530590872196e-30
1.206650734479802e-05 3.929833917331783e-30
1.2347857008475478e-05 4.3084454632816126e-30
1.263576678362426e-05 4.7235801837109335e-30
1.293038962959737e-05 5.178763440590887e-30
1.3231882072236462e-05 5.6778609774674016e-30
1.3540404287030327e-05 6.225111788773975e-30
1.3856120184212054e-05 6.82516416343113e-30
1.4179197495840522e-05 7.48311520928385e-30
1.4509807864912299e-05 8.204554194552522e-30
1.484812693655133e-05 8.995610074924027e-30
1.5194334451324849e-05 9.863003610524343e-30
1.5548614340735104e-05 1.0894147972413676e-29
1.5911154824937624e-05 1.19447681590732e-29
1.6282148512737936e-05 1.3096785341639808e-29
1.6661792503919872e-05 1.4359989014168024e-29
1.7050288493959805e-05 1.5745113974747355e-29
1.7447842881182494e-05 1.726393161482003e-29
1.785466687641539e-05 1.8929350024805874e-29
1.8270976615199758e-05 2.0755523767503773e-29
1.869699327261814e-05 2.2757974252932795e-29
1.91329431807992e-05 2.4953721738471944e-29
1.957905794916243e-05 2.736143007709009e-29
2.003557458746648e-05 3.000156544477217e-29
2.0502735631726606e-05 3.289657039730201e-29
2.0980789273068064e-05 3.607105473681336e-29
2.1469989489583918e-05 3.95520048115979e-29
2.1970596181267336e-05 4.336901302940119e-29
2.2482875308090033e-05 4.7554529536392416e-29
2.3007099031300245e-05 5.214413820254125e-29
2.354354585801526e-05 5.717685926082954e-29
2.4092500789185385e-05 6.269548117450059e-29
2.4654255471007912e-05 6.874692455517967e-29
2.5229108349871537e-05 7.538264122720071e-29
2.5817364830913554e-05 8.265905183255225e-29
2.641933744027406e-05 9.063802569867965e-29
2.7035345991133382e-05 9.938740705065391e-29
2.7665717753620915e-05 1.0898159204388354e-28
2.8310787628685666e-05 1.1950216152508438e-28
2.8970898326020842e-05 1.3103857490423226e-28
2.964640054613707e-05 1.4368893103892836e-28
3.033765316668089e-05 1.5756080260365715e-28
3.104502343309761e-05 1.7277215104053516e-28
3.176888715373972e-05 1.8945232987443944e-28
3.25096288995246e-05 2.077431849263167e-28
3.326764220824756e-05 2.278002607832016e-28
3.4043329793658724e-05 2.4979412378684663e-28
3.483710375941493e-05 2.739118127942044e-28
3.5649385818020195e-05 3.003584300504319e-28
3.648060751487119e-05 3.293588857052086e-28
3.73312104575266e-05 3.611598108118666e-28
3.820164655032238e-05 3.960316550813393e-28
3.90923782344573e-05 4.3427098723345845e-28
4.0003878733676586e-05 4.76203017513313e-28
4.093663230568398e-05 5.221843638279903e-28
4.1891134499415887e-05 5.726060850335618e-28
4.2867892418314344e-05 6.278970071723374e-28
4.386742498973848e-05 6.885273709535352e-28
4.489026324065786e-05 7.55012831503588e-28
4.5936950579773975e-05 8.279188444054727e-28
4.700804308621986e-05 9.078654753386889e-28
4.8104109804991236e-05 9.95532674226034e-28
4.922573304926602e-05 1.091666058751898e-27
5.0373508709772956e-05 1.1970832564459054e-27
5.154804657137365e-05 1.3126808592780705e-27
5.27499706370262e-05 1.4394420499199395e-27
5.397991945930254e-05 1.5784449645408094e-27
5.5238546479635675e-05 1.7308718632755475e-27
5.6526520375476976e-05 1.8980191863646448e-27
5.784452541554797e-05 2.081308581506204e-27
5.9193261823375433e-05 2.2822989962164764e-27
6.057344614930286e-05 2.502699938056479e-27
6.198581165117595e-05 2.7443860155292594e-27
6.34311086839044e-05 3.0094128833024196e-27
6.491010509810695e-05 3.3000347274202336e-27
6.642358664805138e-05 3.618723439215519e-27
6.797235740910648e-05 3.968189641015415e-27
6.955724020492732e-05 4.351405742498923e-27
7.117907704460117e-05 4.7716312238008805e-27
7.283872956998614e-05 5.2324403604507176e-27
7.453707951348025e-05 5.737752625948317e-27
7.627502916646401e-05 6.291866030596868e-27
7.805350185866558e-05 6.89949368017132e-27
7.987344244870308e-05 7.565803865382239e-27
8.173581782606456e-05 8.296464023167671e-27
8.364161742479263e-05 9.097688943681052e-27
8.559185374914618e-05 9.976293633131737e-27
8.758756291151902e-05 1.0939751281998827e-26
8.96298051829007e-05 1.1996256831847744e-26
9.17196655561724e-05 1.3154796681295154e-26
9.385825432253677e-05 1.4425225124174018e-26
9.604670766138824e-05 1.5818348170005958e-26
9.828618824393714e-05 1.7346015459794808e-26
0.00010057788585090809 1.9021221058965083e-26
0.00010292301800464121 2.085821398478901e-26
0.00010532283061593165 2.2872619408500317e-26
0.00010777859864595113 2.5081571562963665e-26
0.00011029162678360347 2.750385948649977e-26
0.00011286325013867351 3.016008684245142e-26
0.00011549483495113791 3.307284717413225e-26
0.00011818777931701482 3.626691608568262e-26
0.0001209435139311377 3.976946198346941e-26
0.00012376350284724815 4.3610277171040576e-26
0.00012664924425581149 4.782203126273509e-26
0.00012960227127996844 5.244054907194706e-26
0.00013262415279004548 5.750511533751587e-26
0.00013571649423705693 6.305880888057521e-26
0.0001388809385056415 6.914886903372234e-26
0.00014211916678688624 7.582709745988028e-26
0.00014543289947150178 8.31502987781935e-26
0.0001488238970638237 9.118076374571866e-26
0.00015229396111712465 9.998679910406852e-26
0.00015584493519073535 1.0964330859819528e-25
0.00015947870582948208 1.2023243010999116e-25
0.00016319720356596128 1.3184423432502614e-25
0.00016700240394618395 1.4457749087679676e-25
0.00017089632857913436 1.5854050848412986e-25
0.000174881046210801 1.7385205622847537e-25
0.00017895867382325032 1.9064237380728664e-25
0.0001831313777593269 2.0905427935786147e-25
0.00018740137487357792 2.2924438427278596e-25
0.00019177093371001327 2.5138442534150013e-25
0.000196242375707327 2.7566272555015494e-25
0.00020081807643222024 3.022857959634454e-25
0.00020550046684148122 3.3148009231553753e-25
0.0002102920345734925 3.6349394125054054e-25
0.0002151953252698519 3.985996525986008e-25
0.00022021294392780895 4.370958356537924e-25
0.00022534755628423554 4.79309939157342e-25
0.0002306018902318662 5.256010365877829e-25
0.00023597873726856003 5.763628804558886e-25
0.0002414809539803547 6.320272515793725e-25
0.0002471114635590999 6.930676318266308e-25
0.00025287325735547713 7.600032315765492e-25
0.00025876939646823026 8.334034061411011e-25
0.00026480301337045197 9.138924987248357e-25
0.000270977313573789 1.002155151121098e-24
0.00027729557733145163 1.0989421272939142e-24
0.00028376116138093086 1.2050766994223044e-24
0.0002903775007273506 1.321461650676422e-24
0.00029714811046840066 1.4490869543411453e-24
0.00030407658766182135 1.5890381945687994e-24
0.00031116661323643183 1.742505800405065e-24
0.0003184219539477161 1.9107951716351064e-24
0.00032584646437900766 2.0953377825712745e-24
0.00033344408898933415 2.297703358244119e-24
0.0003412188642090111 2.5196132265430315e-24
0.0003491749205840977 2.762954959930271e-24
0.0003573164849708539 3.0297984311980803e-24
0.0003656478827813646 3.322413419925818e-24
0.0003741735402815245 3.643288919307309e-24
0.0003828979869426037 3.995154307651344e-24
0.000391825857847644 4.381002564622597e-24
0.000400961896153964 4.804115729647052e-24
0.0004103109556130814 5.268092819097394e-24
0.0004198780031493915 5.776880439692508e-24
0.00042966812149897106 6.334806358553149e-24
0.000439686511909911 6.946616315355834e-24
0.0004499384969056106 7.617514389833319e-24
0.00046042952311250296 8.353207267991982e-24
0.0004711651641537129 9.15995278331784e-24
0.00048215112361018567 1.0044613146355389e-23
0.0004933932380508582 1.1014713314948483e-23
0.0005048974801334842 1.2078505001854978e-23
0.0005166699617777604 1.3245036864329932e-23
0.0005287169374124361 1.4524231472293106e-23
0.0005410448072981404 1.5926969710305976e-23
0.0005536601209276797 1.746518333093173e-23
0.0005665695805056229 1.9151956446700517e-23
0.0005797800445090163 2.100163682438998e-23
0.0005932985313311235 2.3029957927460702e-23
0.000607132223010125 2.525417274618861e-23
0.0006212884690447563 2.769320055222692e-23
0.0006357747902989163 3.036778782664412e-23
0.0006505988829973161 3.330068473090774e-23
0.0006657686228142928 3.6516838620517493e-23
0.0006812920690579615 4.0043606249012894e-23
0.0006971774689519261 4.391098646485992e-23
0.0007134332620168255 4.81518753844993e-23
0.0007300680845540431 5.2802346207282315e-23
0.0007470907742339592 5.79019560565537e-23
0.0007645103747911887 6.349408245388347e-23
0.0007823361408292924 6.962629229107078e-23
0.00080057754273752 7.635074643592461e-23
0.0008192442717221943 8.37246434164747e-23
0.0008383462449554094 9.18107059528141e-23
0.0008578936108437789 1.0067771448044712e-22
0.0008778967544200344 1.1040109220039528e-22
0.000898366302860337 1.210635466329607e-22
0.0009193131311302326 1.3275577312987221e-22
0.0009407483677622533 1.4557722633921892e-22
0.000962683400768232 1.5963696616305735e-22
0.000985129883689471 1.7505458543440212e-22
0.0010080997417879817 1.9196122717436225e-22
0.0010316051783820807 2.1050070010717363e-22
0.0010556586813297128 2.308307018964552e-22
0.0010802730296629402 2.531241605375905e-22
0.001105461300377127 2.775707052844509e-22
0.0011312368753784248 3.0437827965430765e-22
0.0011576134485932472 3.337749101991123e-22
0.0011846050332435167 3.6601064610925156e-22
