results/limits/BECCAL_f_6_phase.dat
# %ECSV 1.0
# ---
# datatype:
# - {name: mx, unit: MeV, datatype: float64}
# - {name: sigma_6, unit: cm2, datatype: float64}
# schema: astropy-2.0
mx sigma_6
3.162277660168379e-07 1.457916828571206e-31
3.2360111549336787e-07 1.5821809219506987e-31
3.311463862505236e-07 1.7176678013332867e-31
3.388675869043115e-07 1.8654219500969349e-31
3.4676881953794695e-07 2.026587495750572e-31
3.548542818811901e-07 2.2024176219820204e-31
3.6312826954049566e-07 2.39428490066047e-31
3.715951782811629e-07 2.6036926400814877e-31
3.8025950636269697e-07 2.8322873489378596e-31
3.89125856928623e-07 3.0818724210677537e-31
3.9819894045202297e-07 3.3544231541489e-31
4.0748357723809307e-07 3.652103225996679e-31
4.169846999850535e-07 3.977282764637319e-31
4.2670735640476865e-07 4.332558162513363e-31
4.3665671190447213e-07 4.720773800791048e-31
4.4683805233101997e-07 5.145045866651407e-31
4.572567867791303e-07 5.608788464750486e-31
4.6791845046510194e-07 6.115742243817593e-31
4.788287076675383e-07 6.670005780110972e-31
4.899933547366384e-07 7.276069984747171e-31
5.014183231736547e-07 7.93885582187883e-31
5.131096827821533e-07 8.66375565137262e-31
5.250736448927506e-07 9.456678566668204e-31
5.373165656630395e-07 1.0324100040409545e-30
5.4984494945446e-07 1.1273116346895163e-30
5.626654522879044e-07 1.2311504141193135e-30
5.757848853798981e-07 1.3447785659680077e-30
5.892102187612295e-07 1.469130000554555e-30
6.029485849799565e-07 1.6052280996778367e-30
6.17007282890752e-07 1.7541944522079224e-30
6.313937815326057e-07 1.9172573119303603e-30
6.461157240969403e-07 2.0957626553718565e-30
6.611809319882495e-07 2.2911844899242872e-30
6.765974089794179e-07 2.505139077397862e-30
6.923733454639272e-07 2.7393899534087967e-30
7.085171228072106e-07 2.9958779263343015e-30
7.250373177994646e-07 3.276708979343244e-30
7.419427072122865e-07 3.5842141736100965e-30
7.592422724615558e-07 3.920898477363368e-30
7.769452043790388e-07 4.289565979383215e-30
7.950609080952509e-07 4.693179432726277e-30
8.135990080361694e-07 5.135122518437513e-30
8.325693530364543e-07 5.61887270235079e-30
8.519820215718901e-07 6.148534270828676e-30
8.718473271138315e-07 6.728341507735765e-30
8.921758236084957e-07 7.36272999587871e-30
9.12978311084014e-07 8.057268647959897e-30
9.342658413882192e-07 8.817364447455576e-30
9.560497240602198e-07 9.649133667258565e-30
9.78341532338879e-07 1.0558439622389089e-29
1.0011531093113902e-06 1.1553974890104482e-29
1.0244965742052174e-06 1.2643083871270693e-29
1.048384328826741e-06 1.3834477730583382e-29
1.0728290641500308e-06 1.5135537789742703e-29
1.0978437670592484e-06 1.6560432049394487e-29
1.1234417272482566e-06 1.8118848695527223e-29
1.149636544281106e-06 1.9823250829838977e-29
1.1764421348171486e-06 2.16872837190643e-29
1.2038727400046132e-06 2.3725890867222574e-29
1.2319429330465773e-06 2.59554413973854e-29
1.2606676269433496e-06 2.83851474883752e-29
1.2900620824153782e-06 3.1050394271902497e-29
1.3201419160108953e-06 3.39654397711002e-29
1.3509231084026028e-06 3.715386043224961e-29
1.38242201287781e-06 4.064150152649187e-29
1.4146553640265304e-06 4.445669769554031e-29
1.447640286632156e-06 4.863051455240005e-29
1.4813943047694329e-06 5.319701335216865e-29
1.5159353511145682e-06 5.819354095037141e-29
1.5512817764724183e-06 6.366104748738326e-29
1.587452359525819e-06 6.964443447899509e-29
1.6244663168122348e-06 7.619293625694026e-29
1.6623433129330315e-06 8.336053799141725e-29
1.7011034710007933e-06 9.114405290759381e-29
1.740767383330235e-06 9.972445181708365e-29
1.7813561223783898e-06 1.091181962370582e-28
1.8228912519398869e-06 1.1940321437829543e-28
1.8653948386032614e-06 1.306649510586202e-28
1.908889463474389e-06 1.4299709197951518e-28
1.9533982341732686e-06 1.5650235780831604e-28
1.9989447971105317e-06 1.7129337482226823e-28
2.045553350050195e-06 1.8749362952178355e-28
2.0932486549653353e-06 2.0523851533390026e-28
2.1420560511935146e-06 2.246764803096348e-28
2.192001468898943e-06 2.45970285577219e-28
2.2431114428485372e-06 2.692983852541647e-28
2.2954131265091837e-06 2.948564395534443e-28
2.3489343064737076e-06 3.2285897395071917e-28
2.403703417223201e-06 3.535411985210019e-28
2.4597495562335635e-06 3.871610029140882e-28
2.5171024994342686e-06 4.2400114393136e-28
2.575792717027583e-06 4.643716443029636e-28
2.635851389676631e-06 5.086124230601058e-28
2.6973104250709106e-06 5.57096179865798e-28
2.760202474878063e-06 6.102315578259201e-28
2.8245609520908932e-06 6.68466611670261e-28
2.8904200487788716e-06 7.322926107892888e-28
2.9578147542535346e-06 8.0224820945896485e-28
3.026780873657441e-06 8.789240197078919e-28
3.097355046986562e-06 9.629676257048308e-28
3.1695747685562034e-06 1.055089082297644e-27
3.2434784069208122e-06 1.1560669444521882e-27
3.319105225258239e-06 1.2667548788531038e-27
3.3964954022292982e-06 1.3880889138784491e-27
3.4756900533236943e-06 1.5210953895882234e-27
3.5567312527036693e-06 1.668950699596601e-27
3.6396620555569646e-06 1.8289966903698492e-27
3.7245265209709786e-06 2.0044482220341527e-27
3.811369735340273e-06 2.1967909106570445e-27
3.900237836319859e-06 2.407653738204538e-27
3.991178037336996e-06 2.638822892859384e-27
4.0842386526745176e-06 2.8922569457113833e-27
4.179469123139017e-06 3.170103492861136e-27
4.2769200423275275e-06 3.474717404436096e-27
4.376643183506652e-06 3.808680835682819e-27
4.478691527118417e-06 4.174825170279783e-27
4.583119288927478e-06 4.576255082446533e-27
4.689981948824612e-06 5.016374922436192e-27
4.799336280301815e-06 5.498917649758335e-27
4.911240380614659e-06 6.027976560136552e-27
5.0257537016479225e-06 6.608040075957211e-27
5.142937081500915e-06 7.24402989601953e-27
5.262852776809252e-06 7.941342828948125e-27
5.385564495820272e-06 8.705896665955872e-27
5.511137432239651e-06 9.54418048297998e-27
5.639638299867211e-06 1.0463309799878027e-26
5.771135368040315e-06 1.1471087065656003e-26
5.905698497903673e-06 1.2576067983984518e-26
6.043399179524854e-06 1.378763424290471e-26
6.184310569875183e-06 1.5116073267070423e-26
6.32850753169624e-06 1.6572665670567437e-26
6.47606667327258e-06 1.8169781153814496e-26
6.627066389131828e-06 1.9920983659820264e-26
6.781586901693754e-06 2.184114668378911e-26
6.939710303890459e-06 2.394657971636024e-26
7.101520602780329e-06 2.625516689539851e-26
7.267103764178904e-06 2.8786519045028625e-26
7.436547758330399e-06 3.156214039437362e-26
7.609942606644117e-06 3.4605611393223734e-26
7.787380429520604e-06 3.794278917866801e-26
7.968955495292936e-06 4.1602027396704417e-26
8.15476427030917e-06 4.5614417247341094e-26
8.344905470182516e-06 5.001405180203568e-26
8.539480112236516e-06 5.483831584005904e-26
8.738591569173047e-06 6.012820366722919e-26
8.942345623991688e-06 6.592866761815485e-26
9.150850526189614e-06 7.228900020386154e-26
9.364217049271877e-06 7.926325315249274e-26
9.58255854960264e-06 8.691069690413075e-26
9.805991026628606e-06 9.529632446449947e-26
1.0034633184506672e-05 1.0449140389903157e-25
1.0268606495168497e-05 1.1457408416191265e-25
1.0508035262855554e-05 1.2563005940766165e-25
1.07530466901589e-05 1.3775329742952145e-25
1.1003770945598772e-05 1.5104683841332008e-25
1.1260341232779899e-05 1.656236707926702e-25
1.1522893861159297e-05 1.8160769164580638e-25
1.1791568318464117e-05 1.9913475979222748e-25
1.206650734479802e-05 2.183538505340263e-25
1.2347857008475478e-05 2.394283218497169e-25
1.263576678362426e-05 2.6253730279403207e-25
1.293038962959737e-05 2.878772158944527e-25
1.3231882072236462e-05 3.156634464720069e-25
1.3540404287030327e-05 3.4613217306051835e-25
1.3856120184212054e-05 3.7954237446503165e-25
1.4179197495840522e-05 4.161780304983779e-25
1.4509807864912299e-05 4.56350535077536e-25
1.484812693655133e-05 5.004013421620458e-25
1.5194334451324849e-05 5.48704866990963e-25
1.5548614340735104e-05 6.025258036667085e-25
1.5911154824937624e-05 6.606887316315079e-25
1.6282148512737936e-05 7.244667567548001e-25
1.6661792503919872e-05 7.944019427230146e-25
1.7050288493959805e-05 8.710886743981201e-25
1.7447842881182494e-05 9.551787065786178e-25
1.785466687641539e-05 1.0473866997267814e-24
1.8270976615199758e-05 1.1484962895986782e-24
1.869699327261814e-05 1.2593667422325334e-24
1.91329431807992e-05 1.3809402507041986e-24
1.957905794916243e-05 1.514249935489717e-24
2.003557458746648e-05 1.6604286162233673e-24
2.0502735631726606e-05 1.8207184291653626e-24
2.0980789273068064e-05 1.9964813718408685e-24
2.1469989489583918e-05 2.189210864147825e-24
2.1970596181267336e-05 2.4005444238188615e-24
2.2482875308090033e-05 2.632277563535418e-24
2.3007099031300245e-05 2.8863790273038944e-24
2.354354585801526e-05 3.1650074950095246e-24
2.4092500789185385e-05 3.4705298964484646e-24
2.4654255471007912e-05 3.805541489714858e-24
2.5229108349871537e-05 4.172887873689787e-24
2.5817364830913554e-05 4.575689120680642e-24
2.641933744027406e-05 5.017366233115066e-24
2.7035345991133382e-05 5.501670147757877e-24
2.7665717753620915e-05 6.032713532364689e-24
2.8310787628685666e-05 6.615005643154863e-24
2.8970898326020842e-05 7.253490537239779e-24
2.964640054613707e-05 7.9535889623006e-24
3.033765316668089e-05 8.721244276714384e-24
3.104502343309761e-05 9.562972787114185e-24
3.176888715373972e-05 1.0485918927449533e-23
3.25096288995246e-05 1.1497915744151966e-23
3.326764220824756e-05 1.2607551196465049e-23
3.4043329793658724e-05 1.3824240829652897e-23
3.483710375941493e-05 1.5158307432070993e-23
3.5649385818020195e-05 1.6621068345478543e-23
3.648060751487119e-05 1.8224931161784337e-23
3.73312104575266e-05 1.9983498609407425e-23
3.820164655032238e-05 2.1911683509016908e-23
3.90923782344573e-05 2.402583476216474e-23
4.0003878733676586e-05 2.6343875428125423e-23
4.093663230568398e-05 2.8885454044642297e-23
4.1891134499415887e-05 3.167211045814732e-23
4.2867892418314344e-05 3.472745754928163e-23
4.386742498973848e-05 3.807738037106534e-23
4.489026324065786e-05 4.175025436105742e-23
4.5936950579773975e-05 4.57771844461479e-23
4.700804308621986e-05 5.019226703105444e-23
4.8104109804991236e-05 5.503287704962223e-23
4.922573304926602e-05 6.033998246424845e-23
5.0373508709772956e-05 6.615848882371988e-23
5.154804657137365e-05 7.253761673595994e-23
5.27499706370262e-05 7.953131538121652e-23
5.397991945930254e-05 8.71987154851461e-23
5.5238546479635675e-05 9.560462549271808e-23
5.6526520375476976e-05 1.0482007503455231e-22
5.784452541554797e-05 1.14922910160867e-22
5.9193261823375433e-05 1.2599844523674018e-22
6.057344614930286e-05 1.3814017684944616e-22
6.198581165117595e-05 1.5145056557815312e-22
6.34311086839044e-05 1.660418920193845e-22
6.491010509810695e-05 1.8203719405784746e-22
6.642358664805138e-05 1.9957129301863368e-22
6.797235740910648e-05 2.1879191704454284e-22
6.955724020492732e-05 2.398609308128747e-22
7.117907704460117e-05 2.6295568154533055e-22
7.283872956998614e-05 2.8827047218115673e-22
7.453707951348025e-05 3.1601817357915313e-22
7.627502916646401e-05 3.464319887005001e-22
7.805350185866558e-05 3.797673829066025e-22
7.987344244870308e-05 4.163041957897838e-22
8.173581782606456e-05 4.563489513566352e-22
8.364161742479263e-05 5.002373848990929e-22
8.559185374914618e-05 5.483372065476777e-22
8.758756291151902e-05 6.0105112328787155e-22
8.96298051829007e-05 6.5882014317801175e-22
9.17196655561724e-05 7.221271876133701e-22
9.385825432253677e-05 7.915010397803231e-22
9.604670766138824e-05 8.675206599289648e-22
9.828618824393714e-05 9.50819900782736e-22
0.00010057788585090809 1.0420926593218605e-21
0.00010292301800464121 1.1420985043290041e-21
0.00010532283061593165 1.2516688224968812e-21
0.00010777859864595113 1.3717135295753096e-21
0.00011029162678360347 1.5032283970148006e-21
0.00011286325013867351 1.647303048843815e-21
0.00011549483495113791 1.8051296881412937e-21
0.00011818777931701482 1.9780126174256784e-21
0.0001209435139311377 2.1673786226251337e-21
0.00012376350284724815 2.3747882960453778e-21
0.00012664924425581149 2.6019483798773922e-21
0.00012960227127996844 2.8507252183979566e-21
0.00013262415279004548 3.1231594140657725e-21
0.00013571649423705693 3.421481790230247e-21
0.0001388809385056415 3.748130771211099e-21
0.00014211916678688624 4.105771299053512e-21
0.00014543289947150178 4.4973154153198e-21
0.0001488238970638237 4.925944645952258e-21
0.00015229396111712465 5.395134337362157e-21
0.00015584493519073535 5.9086801026831625e-21
0.00015947870582948208 6.4707265484375666e-21
0.00016319720356596128 7.08579846368178e-21
0.00016700240394618395 7.75883466616365e-21
0.00017089632857913436 8.49522471290178e-21
0.000174881046210801 9.300848696005087e-21
0.00017895867382325032 1.0182120358456654e-20
0.0001831313777593269 1.1146033778784908e-20
0.00018740137487357792 1.2200213888018864e-20
0.00019177093371001327 1.3352971097196257e-20
0.000196242375707327 1.461336032841268e-20
0.00020081807643222024 1.5991244757260703e-20
0.00020550046684148122 1.749736458888713e-20
0.0002102920345734925 1.9143411204254858e-20
0.0002151953252698519 2.0942107026417288e-20
0.00022021294392780895 2.290729146915495e-20
0.00022534755628423554 2.505401334164595e-20
0.0002306018902318662 2.739863009203835e-20
0.00023597873726856003 2.995891428083007e-20
0.0002414809539803547 3.275416767919702e-20
0.0002471114635590999 3.580534338972019e-20
0.00025287325735547713 3.913517638478544e-20
0.00025876939646823026 4.2768322851505745e-20
0.00026480301337045197 4.673150872052311e-20
0.000270977313573789 5.10536877389138e-20
0.00027729557733145163 5.576620942168755e-20
0.00028376116138093086 6.090299718591108e-20
0.0002903775007273506 6.650073692749882e-20
0.00029714811046840066 7.259907625150762e-20
0.00030407658766182135 7.924083450199488e-20
0.00031116661323643183 8.647222366179568e-20
0.0003184219539477161 9.434308010367757e-20
0.00032584646437900766 1.029071070676275e-19
0.00033344408898933415 1.1222212761719043e-19
0.0003412188642090111 1.2235034768617736e-19
0.0003491749205840977 1.3335862866879623e-19
0.0003573164849708539 1.4531876882043353e-19
0.0003656478827813646 1.5830779253710346e-19
0.0003741735402815245 1.7240824634952465e-19
0.0003828979869426037 1.8770850021991117e-19
0.000391825857847644 2.0430305245171827e-19
0.000400961896153964 2.2229283621833634e-19
0.0004103109556130814 2.4178552539558625e-19
0.0004198780031493915 2.6289583702903386e-19
0.00042966812149897106 2.857458273960872e-19
0.000439686511909911 3.1046517822562157e-19
0.0004499384969056106 3.3719146923452026e-19
0.00046042952311250296 3.660704327107567e-19
0.0004711651641537129 3.9725618543477174e-19
0.00048215112361018567 4.3091143281319e-19
0.0004933932380508582 4.672076396441148e-19
0.0005048974801334842 5.063251615369147e-19
0.0005166699617777604 5.484533306020617e-19
0.0005287169374124361 5.937904886739655e-19
0.0005410448072981404 6.425439610141175e-19
0.0005536601209276797 6.949299631986303e-19
0.0005665695805056229 7.511734337017282e-19
0.0005797800445090163 8.115077846258259e-19
0.0005932985313311235 8.761745630341567e-19
0.000607132223010125 9.454230155174623e-19
0.0006212884690447563 1.0195095488823713e-18
0.0006357747902989163 1.098697080329613e-18
0.0006505988829973161 1.1832542711130316e-18
0.0006657686228142928 1.2734546384583605e-18
0.0006812920690579615 1.3695755415583076e-18
0.0006971774689519261 1.47189703861583e-18
0.0007134332620168255 1.580700613447308e-18
0.0007300680845540431 1.6962677715976108e-18
0.0007470907742339592 1.818878507934352e-18
0.0007645103747911887 1.948809649565729e-18
0.0007823361408292924 2.0863330801832716e-18
0.00080057754273752 2.2317138542061394e-18
0.0008192442717221943 2.3852082115569003e-18
0.0008383462449554094 2.547061506310965e-18
0.0008578936108437789 2.717506065149247e-18
0.0008778967544200344 2.89675899377205e-18
0.000898366302860337 3.085019951981777e-18
0.0009193131311302326 3.282468920235223e-18
0.0009407483677622533 3.489263982617123e-18
0.000962683400768232 3.7055391524660086e-18
0.000985129883689471 3.9314022688763404e-18
0.0010080997417879817 4.1669329923995315e-18
0.0010316051783820807 4.412180929470822e-18
0.0010556586813297128 4.66716391418654e-18
0.0010802730296629402 4.93186647629407e-18
0.001105461300377127 5.206238522085266e-18
0.0011312368753784248 5.4901942539283035e-18
0.0011576134485932472 5.783611350880043e-18
0.0011846050332435167 6.0863304307233734e-18
