results/limits/BECCAL_h_phase.dat
# %ECSV 1.0
# ---
# datatype:
# - {name: mx, unit: MeV, datatype: float64}
# - {name: sigma, unit: cm2 MeV4, datatype: float64}
# schema: astropy-2.0
mx sigma
[from data line 716]
0.00013990368888816543 8.806715456935491e-24
0.00014042016722538018 8.937481053858409e-24
0.00014093855223049607 9.070188327098274e-24
0.00014145885094230237 9.20486610781471e-24
0.00014198107042557426 9.341543655262469e-24
0.0001425052177711672 9.480250663172634e-24
0.0001430313000961137 9.621017266158023e-24
0.00014355932454372065 9.763874046319501e-24
0.00014408929828366458 9.908852039835385e-24
0.0001446212285120912 1.005598274374655e-23
0.00014515512245171137 1.0205298122775823e-23
0.00014569098735189992 1.0356830616267655e-23
0.00014622883048879444 1.0510613145265892e-23
0.00014676865916539268 1.066667911964252e-23
0.00014731048071165367 1.0825062445337697e-23
0.0001478543024845956 1.0985797531768127e-23
0.00014840013186839644 1.1148919299285297e-23
0.00014894797627449448 1.131446318674389e-23
0.00014949784314168815 1.1482465159234742e-23
0.0001500497399362377 1.1652961715875579e-23
0.00015060367415196623 1.1825989897735477e-23
0.00015115965331036153 1.2001587295913102e-23
0.00015171768496067864 1.2179792059650316e-23
0.00015227777668004155 1.2360642904686812e-23
0.00015283993607354658 1.2544179121619163e-23
0.00015340417077436565 1.2730440584471576e-23
0.00015397048844384957 1.291946775931511e-23
0.00015453889677163293 1.3111301713114211e-23
0.00015510940347573734 1.3305984122606178e-23
0.00015568201630267704 1.3503557283364318e-23
0.00015625674302756378 1.3704064119022413e-23
0.00015683359145421234 1.3907548190543038e-23
0.0001574125694152471 1.411405370570631e-23
0.00015799368477220743 1.4323625528758544e-23
0.00015857694541565487 1.4536309190052445e-23
0.000159162359265281 1.4752150896087292e-23
0.00015974993427001315 1.4971197539373417e-23
0.0001603396784081246 1.5193496708788437e-23
0.0001609315996873412 1.541909669978316e-23
0.00016152570614495052 1.564804652496831e-23
0.000162122005847912 1.588039592472105e-23
0.00016272050689296438 1.6116195377955632e-23
0.00016332121740673806 1.6355496113194042e-23
0.00016392414554586363 1.6598350119566043e-23
0.00016452929949708329 1.6844810158208872e-23
0.0001651366874773626 1.7094929773677566e-23
0.00016574631773400036 1.7348763305606358e-23
0.0001663581985447428 1.7606365900473827e-23
0.0001669723382178942 1.786779352361405e-23
0.0001675887450924304 1.8133102971386372e-23
0.0001682074275381126 1.840235188348285e-23
0.00016882839395559928 1.867559875545847e-23
0.00016945165277656253 1.895290295148223e-23
0.00017007721246380076 1.9234324717155145e-23
0.0001707050815113542 1.9519925192686476e-23
0.00017133526844462097 1.980976642609505e-23
0.00017196778182047097 2.0103911386743108e-23
0.00017260263022736443 2.0402423979028423e-23
0.00017323982228546669 2.0705369056188017e-23
0.00017387936664676584 2.10128124344887e-23
0.000174521271995191 2.1324820907461958e-23
0.0001751655470467283 2.1641462260414394e-23
0.0001758122005495416 2.1962805285202483e-23
0.00017646124128408935 2.2288919795109087e-23
0.0001771126780632447 2.2619876640097247e-23
0.00017776651973241563 2.295574772212819e-23
0.0001784227751696632 2.329660601080667e-23
0.00017908145328582466 2.364252555924457e-23
0.00017974256302463236 2.3993581520127916e-23
0.000180406113362836 2.4349850162069936e-23
0.0001810721133103252 2.4711408886176368e-23
0.00018174057191024988 2.5078336242847046e-23
0.0001824114982391455 2.5450711948806684e-23
0.00018308490140705438 2.582861690456085e-23
0.0001837607905576502 2.6212133211787223e-23
0.00018443917486836252 2.660134419128358e-23
0.00018512006355050046 2.699633440107808e-23
0.00018580346584937842 2.7397189654747464e-23
0.00018648939104444143 2.7803997040063074e-23
0.00018717784844939105 2.821684493798706e-23
0.00018786884741231247 2.8635823041747274e-23
0.00018856239731580038 2.906102237647905e-23
0.00018925850757708711 2.9492535318810284e-23
0.00018995718764817034 2.9930455617145357e-23
0.00019065844701594113 3.0374878411824855e-23
0.0001913622952023137 3.082590025596715e-23
0.0001920687417643534 3.1283619136402213e-23
0.00019277779629440735 3.1748134494767225e-23
0.0001934894684202344 3.2219547249456e-23
0.00019420376780513577 3.2697959817276806e-23
0.00019492070414808696 3.3183476135787555e-23
0.00019564028718386836 3.3676201685884906e-23
0.00019636252668319787 3.4176243514736126e-23
0.00019708743245286454 3.4683710258994894e-23
0.0001978150143358594 3.51987121683696e-23
0.00019854528221151203 3.5721361129769624e-23
0.00019927824599562236 3.625177069131921e-23
0.00020001391564059622 3.6790056087255454e-23
0.0002007523011355813 3.733633426287548e-23
0.0002014934125066004 3.7890723899917626e-23
0.00020223725981669065 3.8453345442449413e-23
0.0002029838531660377 3.902432112293378e-23
0.00020373320269211374 3.9603774988803964e-23
0.00020448531856981608 4.0191832929458376e-23
0.00020524021101160286 4.078862270355184e-23
0.0002059978902676348 4.139427396679502e-23
0.0002067583666259119 4.200891830017038e-23
0.00020752165041241412 4.263268923831468e-23
0.00020828775199124242 4.326572229883778e-23
0.00020905668176475703 4.390815501143717e-23
0.00020982845017372182 4.4560126948153644e-23
0.00021060306769744367 4.5221779753184747e-23
0.00021138054485391556 4.5893257174251475e-23
0.0002121608921999604 4.657470509336302e-23
0.00021294412033137175 4.726627155871417e-23
0.00021373023988306098 4.796810681678927e-23
0.00021451926152919916 4.868036334510514e-23
0.00021531119598336288 4.940319588514877e-23
0.00021610605399868053 5.0136761476306086e-23
0.00021690384636797612 5.088121948953361e-23
0.0002177045839239186 5.1636731662379354e-23
0.0002185082775391668 5.2403462133908914e-23
0.0002193149381265177 5.318157748053178e-23
0.00022012457663905577 5.397124675194414e-23
0.000220937204070299 5.477264150815958e-23
0.00022175283145435141 5.558593585653366e-23
0.0002225714698660504 5.641130648960391e-23
0.00022339313042111806 5.724893272376195e-23
0.0002242178242763129 5.809899653775125e-23
0.00022504556262957896 5.89616826127237e-23
0.00022587635672020103 5.983717837182298e-23
0.00022671021782895467 6.07256740213703e-23
0.00022754715727826033 6.162736259191388e-23
0.00022838718643233786 6.254243998021381e-23
0.00022923031669735934 6.347110499195648e-23
0.00023007655952160492 6.441355938476107e-23
0.00023092592639561803 6.537000791183879e-23
0.00023177842885236115 6.634065836718091e-23
0.00023263407846737337 6.732572162971462e-23
0.00023349288685892616 6.832541171022873e-23
0.00023435486568818207 6.933994579663636e-23
0.0002352200266593528 7.036954430223006e-23
0.0002360883815198579 7.141443091306686e-23
0.00023695994206048528 7.247483263652689e-23
0.00023783472011554976 7.355097985075742e-23
0.00023871272756305464 7.46431063548586e-23
0.00023959397632485383 7.575144941940365e-23
0.00024047847836681106 7.687624983803009e-23
0.00024136624569896583 7.80177519801608e-23
0.0002422572903756938 7.91762038433274e-23
0.00024315162449587132 8.035185710779416e-23
0.00024404926020304092 8.154496719093185e-23
0.00024495020968557323 8.275579330247379e-23
0.0002458544851768362 8.398459850144747e-23
0.0002467620989553582 8.523164975249746e-23
0.00024767306334499604 8.649721798471318e-23
0.000248587390715103 8.77815781498273e-23
0.00024950509348069423 8.908500928254028e-23
0.00025042618410261894 9.040779456063013e-23
0.0002513506750877264 9.175022136666306e-23
0.0002522785789890373 9.311258135047385e-23
0.00025320990840591484 9.44951704927068e-23
0.00025414467598423315 9.589828916850998e-23
0.00025508289441655255 9.732224221366628e-23
0.00025602457644228907 9.8767338989911e-23
0.00025696973484788855 1.0023389345287792e-22
0.00025791838246700115 1.0172222421987466e-22
0.0002588705321806528 1.0323265463938854e-22
0.0002598261969174238 1.0476551286115592e-22
0.0002607853896536214 1.0632113190724688e-22
0.00026174812341345726 1.078998497449507e-22
0.00026271441126922494 1.0950200935980581e-22
0.000263684266341475 1.1112795883038233e-22
0.0002646577017991965 1.1277805140336045e-22
0.00026563473085999297 1.1445264557092488e-22
0.000266615366790263 1.1615210514836254e-22
0.0002675996229053815 1.17876799353262e-22
0.00026858751256987737 1.1962710288533524e-22
0.00026957904919761895 1.214033960079834e-22
0.00027057424625199296 1.2320606463162393e-22
0.00027157311724608854 1.250355003961061e-22
0.0002725756757428819 1.2689210075702967e-22
0.00027358193535541726 1.2877626907180613e-22
0.00027459190974699565 1.3068841468706328e-22
0.0002756056126313575 1.326289530274228e-22
0.00027662305777286964 1.3459830568609902e-22
0.0002776442589867138 1.3659690051668508e-22
0.0002786692301390707 1.3862517172545858e-22
0.00027969798514731233 1.406835599662437e-22
0.0002807305379801881 1.427725124359724e-22
0.0002817669026580152 1.4489248297195546e-22
0.0002828070932528703 1.470439321499698e-22
0.0002838511238887785 1.49227327385153e-22
0.00028489900874190664 1.5144314303261827e-22
0.0002859507620407551 1.536918604923246e-22
0.0002870063980663509 1.5597396831035006e-22
0.000288065931152443 1.5828996228860865e-22
0.0002891293756856948 1.6064034559020876e-22
0.00029019674610588074 1.6302562885008358e-22
0.00029126805690608235 1.6544633028476537e-22
0.00029234332263288447 1.6790297580652123e-22
0.0002934225578865739 1.7039609913549706e-22
0.0002945057773213362 1.7292624191793597e-22
0.00029559299564545525 1.754939538421707e-22
0.0002966842276215142 1.7809979275905642e-22
0.0002977794880665929 1.8074432480240302e-22
0.0002988787918524729 1.8342812451235875e-22
0.00029998215390583633 1.861517749607493e-22
0.00030108958920846966 1.8891586787689419e-22
0.0003022011127974685 1.9172100377598771e-22
0.00030331673976543823 1.9456779209066427e-22
0.00030443648526070336 1.9745685130328315e-22
0.00030556036448750975 2.0038880907841972e-22
0.0003066883927062324 2.0336430240175344e-22
0.00030782058523358375 2.063839777170198e-22
0.0003089569574428183 2.0944849106677166e-22
0.0003100975247639459 2.1255850823486565e-22
0.0003112423026839374 2.157147048909399e-22
0.00031239130674693674 2.1891776673825347e-22
0.0003135445525544727 2.22168389660969e-22
0.0003147020557656677 2.2546727987565644e-22
0.0003158638320974547 2.288151540872317e-22
0.00031702989732478704 2.3221273964106298e-22
0.00031820026728085417 2.3566077468260566e-22
0.0003193749578572976 2.3916000831890376e-22
0.00032055398500442325 2.4271120077915866e-22
0.0003217373647314227 2.4631512358119664e-22
0.0003229251131065868 2.499725596995172e-22
0.00032411724625752534 2.5368430373405742e-22
0.00032531378037138723 2.5745116208327046e-22
0.0003265147316950765 2.6127395312026775e-22
0.000327720116535478 2.6515350736961527e-22
0.0003289299512596747 2.690906676876379e-22
0.00033014425229517156 2.7308628944643874e-22
0.0003313630361301197 2.7714124071938793e-22
0.0003325863193135368 2.8125640246866707e-22
0.0003338141184555365 2.854326687385024e-22
0.00033504645022755 2.896709468477852e-22
0.00033628333136255387 2.939721575883413e-22
0.000337524778655299 2.9833723542461276e-22
0.00033877080896253423 3.02767128696194e-22
0.0003400214392032406 3.072627998236696e-22
0.00034127668635885696 3.1182522552051397e-22
0.0003425365674735121 3.1645539700041217e-22
0.00034380109965425704 3.211543201961713e-22
0.00034507030007129556 3.259230159784452e-22
0.0003463441859582183 3.3076252037500633e-22
0.00034762277461223683 3.356738847971045e-22
0.0003489060833944179 3.4065817626930806e-22
0.00035019412972992056 3.4571647766037662e-22
0.00035148693110823097 3.5084988791528653e-22
0.0003527845050834008 3.560595223003976e-22
0.0003540868692742858 3.613465126398952e-22
0.00035539404136478403 3.667120075650824e-22
0.00035670603910407803 3.7215717276282703e-22
0.0003580228803068733 3.7768319122813316e-22
0.0003593445828536417 3.8329126352258706e-22
0.00036067116469086394 3.889826080355249e-22
0.0003620026438312728 3.947584612450678e-22
0.0003633390383540993 4.0062007799132e-22
0.00036468036640531596 4.0656873174644514e-22
0.0003660266461978842 4.1260571489176127e-22
0.00036737789601200304 4.187323389997829e-22
0.0003687341341953537 4.249499351179011e-22
0.00037009537916335325 4.312598540548585e-22
0.00037146164939940113 4.376634666818076e-22
0.00037283296345513135 4.441621642216768e-22
0.000374209339950666 4.507573585580107e-22
0.00037559079757486377 4.574504825358643e-22
0.00037697735508557923 4.642429902788225e-22
0.00037836903130991314 4.711363575011676e-22
0.00037976584514446977 4.781320818291926e-22
0.00038116781555561503 4.852316831268712e-22
0.00038257496157972963 4.924367038273109e-22
0.00038398730232347297 4.997487092659151e-22
0.0003854048569640386 5.071692880208963e-22
0.0003868276447494156 5.1470005225869585e-22
0.0003882556849986523 5.22342638084901e-22
0.0003896889971021135 5.300987058983667e-22
0.00039112760052174974 5.3796994075385115e-22
0.0003925715147913571 5.459580527249773e-22
0.00039402075951684387 5.540647772787859e-22
0.00039547535437649864 5.622918756521666e-22
0.00039693531912125287 5.70641135233227e-22
0.00039840067357495485 5.791143699502271e-22
0.0003998714376346343 5.8771342066584985e-22
0.00040134763127077424 5.964401555786661e-22
0.0004028292745275837 6.052964706244653e-22
0.00040431638752326564 6.14284289895444e-22
0.00040580899045029547 6.234055660467643e-22
0.0004073071035756911 6.326622807375313e-22
0.0004088107472412894 6.420564450446595e-22
0.0004103199418640245 6.515900999069572e-22
0.0004118347079362 6.612653165746533e-22
0.0004133550660257733 6.710841970453912e-22
0.0004148810367766303 6.810488745357042e-22
0.00041641264090886744 6.911615139299636e-22
0.00041794989921907434 7.014243122647431e-22
0.000419492832580612 7.118394991976727e-22
0.000421041461943902 7.224093374911168e-22
0.00042259580833670617 7.331361235108864e-22
0.0004241558928644139 7.440221877177103e-22
0.00042572173671033016 7.550698951745702e-22
0.0004272933611359602 7.662816460701492e-22
0.00042887078748130036 7.776598762239641e-22
0.00043045403716512713 7.892070576293464e-22
0.00043204313168528763 8.009256989819398e-22
0.0004336380926189933 8.12818346233407e-22
0.00043523894162311017 8.248875831332365e-22
0.00043684570043445474 8.371360317989104e-22
0.00043845839087008876 8.495663532853144e-22
0.0004400770348276149 8.621812481548698e-22
0.00044170165428547575 8.749834570765105e-22
0.00044333227130324994 8.879757614056864e-22
0.0004449689080219532 9.011609838062194e-22
0.0004466115866643385 9.1454198884914e-22
0.0004482603295351975 9.28121683642151e-22
0.0004499151590216652 9.41903018458863e-22
0.00045157609759352113 9.558889873814425e-22
0.00045324316780349585 9.700826289504102e-22
0.000454916392287579 9.844870268258842e-22
0.00045659579376532155 9.991053104478341e-22
0.0004582813950401509 1.0139406557353557e-21
0.00045997321899967546 1.0289962857610063e-21
0.0004616712886159968 1.0442754714552691e-21
0.0004633756269460241 1.0597815323126396e-21
0.0004650862571317816 1.075517837129321e-21
0.0004668032024007297 1.0914878047136482e-21
0.00046852648606607496 1.1076949046435606e-21
0.0004702561315270886 1.1241426580115534e-21
0.00047199216226942616 1.140834638198135e-21
0.0004737346018654412 1.1577744716408064e-21
0.00047548347397451194 1.1749658386242673e-21
0.00047723880234335734 1.1924124740836842e-21
0.0004790006108063614 1.210118168412079e-21
0.00048076892328589876 1.2280867682807922e-21
0.0004825437637926542 1.2463221774816742e-21
0.0004843251564259555 1.2648283577767578e-21
0.00048611312537409504 1.283609329747186e-21
0.00048790769491466074 1.30266917367726e-21
0.0004897088894148671 1.322012030442437e-21
0.000491516733331881 1.3416421024018698e-21
0.0004933312512131606 1.361563654308389e-21
0.000495152467696783 1.3817810142489027e-21
0.0004969804075117813 1.4022985745730294e-21
0.0004988150954784819 1.4231207928484023e-21
0.000500656556508836 1.4442521928380567e-21
0.0005025048156067654 1.465697365470284e-21
0.0005043598978684955 1.4874609698431649e-21
0.0005062218284828995 1.5095477342432417e-21
0.0005080906327318411 1.5319624571554725e-21
0.0005099663359905129 1.5547100083244797e-21
0.0005118489637277879 1.5777953297972767e-21
0.0005137385415065598 1.6012234370121465e-21
0.0005156350949840921 1.6249994198632509e-21
