results/limits/BECCAL_f_6.dat
# %ECSV 1.0
# ---
# datatype:
# - {name: mx, unit: MeV, datatype: float64}
# - {name: sigma_6, unit: cm2, datatype: float64}
# schema: astropy-2.0
mx sigma_6
[from data line 359]
0.0012404909310584848 8.46938039519396e-24
0.0012694149350204683 8.665017566543419e-24
0.0012990133477864558 8.856003330229275e-24
0.0013293018942621524 9.041833504643284e-24
0.001360296666004259 9.22201910343991e-24
0.001392014129769518 9.396089472957586e-24
0.0014244711362630968 9.5635952840538e-24
0.0014576849290909482 9.724111343012956e-24
0.0014916731539209149 9.87723918897877e-24
0.0015264538678574353 1.0022609448762928e-23
0.0015620455490348386 1.0159883923798292e-23
0.0015984671064343198 1.0288757388338744e-23
0.0016357378899298156 1.0408959082662658e-23
0.0016738777005681136 1.0520253889883371e-23
0.0017129068010886602 1.0622443189903321e-23
0.0017528459266886532 1.0715365388968411e-23
0.00179371629603914 1.0798896128020418e-23
0.0018355396225579732 1.087294817760465e-23
0.0018783381259456144 1.0937471031262019e-23
0.0019221345439899109 1.0992450213196322e-23
0.001966952144646121 1.1037906319132695e-23
0.0020128147383986056 1.1073893812535411e-23
0.002059746690910748 1.1100499600010916e-23
0.0021077729359698315 1.1117841412074801e-23
0.0021569189887337423 1.1126066016163801e-23
0.002207210959286545 1.1125347289646132e-23
0.0022586755665101248 1.1115884180639379e-23
0.0023113401522792685 1.1097898584080068e-23
0.0023652326959877285 1.1071633159735411e-23
0.0024203818294129824 1.1037349117678947e-23
0.0024768168519275916 1.0995323995286508e-23
0.002534567746065232 1.0945849448092489e-23
0.0025936651934496745 1.0889229074836735e-23
0.0026541405910951734 1.0825776295110847e-23
0.0027160260680869266 1.0755812295637933e-23
0.0027793545026504624 1.0679664059159416e-23
0.002844159539619031 1.0597662487708709e-23
0.0029104756083082714 1.0510140629564796e-23
0.0029783379408076585 1.041743201778075e-23
0.0030477825906984404 1.0319869125337923e-23
0.0031188464522080173 1.0217781940817001e-23
0.0031915672798109355 1.0111496666427721e-23
0.0032659837082868936 1.0001334538790608e-23
0.003342135273246469 9.887610771481564e-24
0.0034200624321353945 9.770633617103207e-24
0.0034998065857286074 9.650703545672121e-24
0.0035814101001254554 9.528112535137453e-24
0.003664916329257761 9.40314346922423e-24
0.0037503696379226933 9.27606963707667e-24
0.0038378154253526898 9.147154328954145e-24
0.003927300149334948 9.016650521663739e-24
0.004018871350893299 8.884800647416498e-24
0.00411257767954558 8.75183643959781e-24
0.004208468919149921 8.617978848965294e-24
0.004306596014353682 8.48343802385132e-24
0.004407011097659079 8.348413348083897e-24
0.004509767517119906 8.21309353053881e-24
0.004614919864684026 8.077656740453364e-24
0.004722524005196735 7.942270782926704e-24
0.004832637106080367 7.807093309308009e-24
0.004945317667705937 7.672272057504011e-24
0.005060625554472947 7.537945117554607e-24
0.005178622026613854 7.404241218171458e-24
0.005299369772740128 7.27128003025844e-24
0.005422932943147155 7.139172483773618e-24
0.0055493771838957115 7.008021094608878e-24
0.00567876967168809 6.87792029847903e-24
0.005811179149557424 6.748956789142713e-24
0.0059466759633891655 6.621209858495718e-24
0.006085332099294114 6.4947517364470256e-24
0.006227221221852859 6.369647928657051e-24
0.006372418713251954 6.2459575505149625e-24
0.006521001713332612 6.1237336559262665e-24
0.006673049160573193 6.00302355970003e-24
0.006828641834027273 5.883869152509456e-24
0.006987862396239558 5.7663072075756084e-24
0.00715079543716245 5.65036967838025e-24
0.007317527519096606 5.536083986852695e-24
0.007488147222679345 5.423473301611838e-24
0.007662745193945353 5.312556805947776e-24
0.007841414192484688 5.2033499553410134e-24
0.008024249140723652 5.095864724395243e-24
0.008211347174354735 4.990109843149039e-24
0.008402807693942412 4.8860910227936564e-24
0.008598732417732204 4.783811170884586e-24
0.008799225435691074 4.6832705961881e-24
0.009004393264807849 4.584467203411007e-24
0.009214344905683071 4.487396677745545e-24
0.009429191900438323 4.392052660063895e-24
0.009649048391975805 4.2984269123441746e-24
0.009874031184619632 4.206509474173391e-24
0.010104259806171096 4.116288810187003e-24
0.01033985657141083 4.027751949308111e-24
0.010580946647081629 3.940884615482261e-24
0.010827658118386449 3.855671350722955e-24
0.011080122057036918 3.772095630565082e-24
0.011338472590888495 3.6901399723990316e-24
0.01160284697519928 3.60978603677451e-24
0.01187338566555036 3.53101472232388e-24
0.012150232392466372 3.453806254383651e-24
0.012433534237775993 3.378140267637101e-24
0.01272344171275288 3.3039958832288395e-24
0.013020108838078586 3.2313517805523916e-24
0.013323693225669961 3.1601862639500828e-24
0.013634356162414448 3.0904773246595044e-24
0.013952262695857842 3.0222026983289987e-24
0.014277581721889965 2.9553399181501042e-24
0.014610486074474885 2.889866364194124e-24
0.014951152617473332 2.8257593087963514e-24
0.015299762338606094 2.7629959585101157e-24
0.015656500445608335 2.7015534926940615e-24
0.016021556464625875 2.64140909897643e-24
0.016395124340905766 2.5825400058658497e-24
0.016777402541834602 2.5249235124725434e-24
0.017168594162379338 2.4685370158066347e-24
0.01756890703298664 2.413358035574456e-24
0.017978553829998065 2.3593642367815e-24
0.01839775218863974 2.306533450226407e-24
0.01882672481864659 2.2548436910130136e-24
0.01926569962258253 2.2042731752683576e-24
0.019714909816919448 2.1548003351294076e-24
0.020174594055939365 2.1064038321898315e-24
0.02064499655852557 2.0590625694158104e-24
0.021126367237910063 2.012755701745588e-24
0.021618961834446313 1.967462645385835e-24
0.02212304205147776 1.9231630859493066e-24
0.022638875694374342 1.879836985478262e-24
0.0231667368128109 1.8374645884869628e-24
0.02370690584636297 1.7960264270329385e-24
0.024259669773497434 1.7555033249586627e-24
0.024825322264037063 1.715876401310253e-24
0.025404163835180054 1.677127073035692e-24
0.025996502011157406 1.6392370569962603e-24
0.026602651486612925 1.6021883713636982e-24
0.027222934293792744 1.5659633364417138e-24
0.027857679973633073 1.5305445749661094e-24
0.02850722575083718 1.4959150119219558e-24
0.02917191671303455 1.4620578739249745e-24
0.029852105994117403 1.4289566881869806e-24
0.030548154961852016 1.396595281168605e-24
0.031260433409864494 1.3649577768305042e-24
0.031989319754103004 1.3340285946364572e-24
0.0327352012338808 1.303792447269507e-24
0.03349847411760691 1.2742343380921338e-24
0.034279543913313774 1.2453395584138788e-24
0.03507882558409363 1.217093684545256e-24
0.03589674376855814 1.189482574677462e-24
0.03673373300643846 1.1624923656097344e-24
0.037590237969445384 1.1361094693485897e-24
0.038466713697512506 1.1103205695773786e-24
0.03936362584054766 1.085112618027768e-24
0.04028145090582124 1.0604728307542354e-24
0.04122067651112274 1.036388684342931e-24
0.04218180164382002 1.0128479120711789e-24
0.043165336925959 9.898384999734139e-25
0.044171804885544536 9.673486828958052e-25
0.04520174023414663 9.453669405255863e-25
0.046255690150979495 9.23881993376839e-25
0.047334214573604344 9.028827987719956e-25
0.048437886495410414 8.8235854681835e-25
0.04956729227003216 8.622986563719072e-25
0.05072303192286451 8.426927710249916e-25
0.051905719469841495 8.23530755090437e-25
0.05311598324364777 8.048026896100017e-25
0.05435446622753626 7.864988683747099e-25
0.05562182639692926 7.686097939852242e-25
0.056918737068984544 7.511261739262371e-25
0.058245887260312136 7.340389166864624e-25
0.05960398205303182 7.173391279001521e-25
0.06099374296936585 7.01018106543153e-25
0.06241590835496589 6.850673411544351e-25
0.06387123377117784 6.694785061118167e-25
0.06536049239645289 6.542434579484769e-25
0.06688447543711816 6.39354231707194e-25
0.06844399254772507 6.248030373695376e-25
0.0700398722611988 6.105822562951977e-25
0.0716729624290174 5.9668443774828105e-25
0.07334413067165428 5.831022954512609e-25
0.07505426483952363 5.698287042023311e-25
0.07680427348467332 5.568566965398681e-25
0.07859508634347626 5.4417945946369595e-25
0.08042765483057629 5.3179033120742965e-25
0.08230295254435131 5.19682798065168e-25
0.08422197578416211 5.078504912732431e-25
0.08618574407966152 4.96287183942463e-25
0.08819530073244539 4.84986788046609e-25
0.09025171337033296 4.739433514655058e-25
0.09235607451457113 4.631510550794303e-25
0.09450950216026408 4.526042099162797e-25
0.09671314037033632 4.422972543537942e-25
0.09896815988334524 4.322247513721408e-25
0.10127575873546546 4.223813858608628e-25
0.10363716289697593 4.1276196197412046e-25
0.10605362692358762 4.033614005397e-25
0.10852643462295801 3.941747365175207e-25
0.11105689973674641 3.851971165081287e-25
0.11364636663857243 3.764237963099329e-25
0.11629621104824843 3.678501385271832e-25
0.1190078407626656 3.5947161022386567e-25
0.12178269640372161 3.5128378062491404e-25
0.12462225218368743 3.4328231886628847e-25
0.1275280166884199 3.354629917894078e-25
0.13050153367883624 3.2782166178154054e-25
0.1335443829110759 3.2035428466048164e-25
0.13665818097578622 3.1305690760389746e-25
0.13984458215697693 3.059256671212421e-25
0.14310527931090045 2.9895678706782703e-25
0.14644200476542463 2.9214657670226887e-25
0.14985653124037576 2.854914287848662e-25
0.15335067278934078 2.789878177135657e-25
0.1569262857634292 2.7263229770244276e-25
0.1605852697975066 2.664215009981473e-25
0.16432956881942368 2.6035213613623224e-25
0.16816117208277714 2.544209862313999e-25
0.172082115223751 2.4862490730759184e-25
0.1760944813425998 2.4296082666328535e-25
0.1802004021103484 2.3742574127191554e-25
0.18440205890129596 2.32016716217979e-25
0.18870168395192646 2.2673088316590043e-25
0.1931015615468407 2.2156543886341147e-25
0.1976040292323402 2.1651764367689217e-25
0.20221147905830805 2.1158482015967176e-25
0.20692635884904578 2.0676435165081312e-25
0.21175117350374192 2.0205368090533532e-25
0.2166884863272632 1.9745030875446584e-25
0.22174092039197504 1.9295179279541e-25
0.22691115993131514 1.8855574611011057e-25
0.23220195176586036 1.842598360123295e-25
0.2376161067626448 1.800617828227869e-25
0.24315650132850383 1.759593586708401e-25
0.24882607893823822 1.719503863234987e-25
0.25462785169840935 1.6803273804011784e-25
0.2605649019475973 1.6420433445273324e-25
0.26664038389397104 1.6046314347071045e-25
0.27285752529104135 1.5680717921183828e-25
0.2792196291524867 1.532345009541825e-25
0.2857300755069626 1.497432121145195e-25
0.2923923231938275 1.4633145924715392e-25
0.2992099117007387 1.4299743106726293e-25
0.3061864630440946 1.3973935749381885e-25
0.31332568369332287 1.365555087169957e-25
0.32063136654003577 1.3344419428254787e-25
0.3281073929131 1.3040376220162534e-25
0.3357577346406907 1.2743259807552226e-25
0.343586456160426 1.2452912424438411e-25
0.3515977166787018 1.2169179895227677e-25
0.359795772380376 1.1891911553235349e-25
0.368184978689974 1.1620960161036833e-25
0.3767697925856183 1.1356181832521275e-25
0.38555477496691104 1.1097435956860098e-25
0.394544593078027 1.0844585124001464e-25
0.4037440229873054 1.0597495052046145e-25
0.4131579521246571 1.0356034516076075e-25
0.42279138187813525 1.012007527875228e-25
0.43264943025104924 9.88949202236035e-26
0.4427373345810337 9.664162282464942e-26
0.4530604543225162 9.443966383043773e-26
0.4636242738940635 9.228787373076856e-26
0.47443440559211736 9.018510964590669e-26
0.48549659257266914 8.813025472097577e-26
0.4968167119024568 8.612221753403967e-26
0.5084007776813051 8.415993151765165e-26
0.5202549442372687 8.224235439349029e-26
0.5323855093962742 8.036846761974385e-26
0.5447989178279997 7.853727585125629e-26
0.557501764469769 7.674780641153431e-26
0.5705007980302781 7.499910877716229e-26
0.5838029245750183 7.329025407351985e-26
0.5974152111952977 7.162033458231652e-26
0.6113448897628128 6.998846325989967e-26
0.6255993607717623 6.839377326698334e-26
0.6401861972705483 6.683541750847258e-26
0.6551131488851486 6.531256818438973e-26
0.6703881459363026 6.382441635037731e-26
0.686019303652694 6.23701714886591e-26
0.7020149264823721 6.094906108848456e-26
0.7183835125046995 5.95603302361791e-26
0.7351337579451718 5.820324121459013e-26
0.7522745617955077 5.687707311144822e-26
0.7698150305414633 5.558112143689057e-26
0.7877644830008832 5.43146977493846e-26
0.8061324552745581 5.307712929045795e-26
0.8249287058125218 5.186775862745127e-26
0.8441632205984669 5.068594330464094e-26
0.8638462184550629 4.953105550210383e-26
0.8839881564729563 4.840248170246723e-26
0.9045997355663667 4.729962236518381e-26
0.9256919061582187 4.6221891608217135e-26
0.9472758739978306 4.5168716896990444e-26
0.9693631061142522 4.41395387403978e-26
0.9919653369084147 4.313381039373243e-26
1.0150945743873274 4.2150997568380976e-26
1.0387631065436362 4.1190578148119714e-26
1.0629835078839296 4.025204191186379e-26
1.0877686461092637 3.933489026274727e-26
1.1131316889514546 3.843863596332612e-26
1.1390861111687691 3.756280287686752e-26
1.16564570170473 3.670692571446474e-26
1.1928245710138414 3.5870549787971555e-26
1.2206371585581264 3.5053230768494886e-26
1.2490982404784545 3.425453445045937e-26
1.2782229374447416 3.347403652096362e-26
1.3080267226891875 3.271132233446581e-26
1.3385254302268237 3.1965986692533434e-26
1.369735263267732 3.123763362865152e-26
1.4016728028254128 3.052587619791323e-26
1.4343550165258654 2.983033627149374e-26
1.4677992676220706 2.915064433582766e-26
1.5020233242186567 2.8486439296324466e-26
1.5370453687116559 2.783736828559488e-26
1.5728840074483612 2.720308647600096e-26
1.6095582806124205 2.658325689651888e-26
1.6470876723394143 2.5977550253731697e-26
1.6854921210682972 2.5385644756934308e-26
1.7247920301341966 2.480722594719342e-26
1.7650082786082029 2.4241986530320478e-26
1.8061622323899016 2.368962621363859e-26
1.848275755558551 2.3149851546469624e-26
1.8913712219889245 2.2622375764256452e-26
1.935471527238 2.2106918636233991e-26
1.9806001007088037 2.1603206316569582e-26
2.0267809180978715 2.111097119889552e-26
2.0740385141329463 2.0629951774153778e-26
2.1223979956076717 2.0159892491679926e-26
2.171885054720213 1.970054362345139e-26
2.222525982722885 1.925166113142571e-26
2.274347683890048 1.8813006537906122e-26
2.327377689811681 1.8384346798852475e-26
2.3816441740202396 1.7965454180087576e-26
2.437175966958554 1.7556106136312851e-26
2.4940025712967335 1.7156085192891477e-26
2.552154177606206 1.6765178830313785e-26
2.611661680399223 1.6383179371303993e-26
2.6725566945423505 1.6009883870491512e-26
2.7348715720526675 1.564509400660043e-26
2.7986394192855935 1.5288615977093281e-26
2.863894114523477 1.4940260395214217e-26
2.9306703259742912 1.4599842189380326e-26
2.999003530189995 1.4267180504861354e-26
3.068930030914351 1.3942098607703833e-26
3.1404869783702067 1.3624423790839206e-26
3.21371238899649 1.3313987282335875e-26
3.2886451656454048 1.3010624155736956e-26
3.3653251182505572 1.2714173242444943e-26
3.443792984976987 1.2424477046098875e-26
3.5240904538643507 1.2141381658905266e-26
3.6062601849747473 1.1864736679873109e-26
3.6903458330569543 1.1594395134912839e-26
3.77639207073912 1.1330213398755521e-26
3.8644446122622242 1.1072051118650926e-26
3.9545502377669295 1.0819771139803942e-26
4.046756818146711 1.0573239432509902e-26
4.141113340480481 1.0332325020950094e-26
4.237669934058216 1.00968999136095e-26
4.336477897013409 9.866839035280064e-27
4.437589723576497 9.642020160612644e-27
4.541059131963759 9.422323849183789e-27
4.646941092916466 9.207633382041016e-27
4.755291858905486 8.997834699694847e-27
4.866168994016832 8.792816341522351e-27
4.979631404534034 8.592469386552951e-27
5.0957393702336 8.396687395601806e-27
5.214554576410165 8.205366354722719e-27
5.336140146648369 8.018404619948983e-27
5.4605606763588606 7.835702863293262e-27
5.587882267096237 7.65716401997815e-27
5.718172561677172 7.482693236868484e-27
5.851500780117376 7.312197822079386e-27
5.987937756406471 7.145587195731574e-27
6.127555976140354 6.982772841829607e-27
6.270429615030991 6.823668261235663e-27
6.416634578314149 6.668188925715592e-27
6.566248541075969 6.516252233031401e-27
6.719350989519823 6.367777463057432e-27
6.87602326319537 6.222685734895984e-27
7.036348598212252 6.080899964970382e-27
7.200412171461376 5.942344826072751e-27
7.368301145867304 5.8069467073448305e-27
