results/limits/BECCAL_l.dat
# %ECSV 1.0
# ---
# datatype:
# - {name: mx, unit: MeV, datatype: float64}
# - {name: sigma_10, unit: cm2, datatype: float64}
# - {name: sigma_9, unit: cm2, datatype: float64}
# - {name: sigma_7, unit: cm2, datatype: float64}
# - {name: sigma_6, unit: cm2, datatype: float64}
# - {name: sigma_5, unit: cm2, datatype: float64}
# - {name: sigma_4, unit: cm2, datatype: float64}
# - {name: sigma_3, unit: cm2, datatype: float64}
# - {name: sigma_2, unit: cm2, datatype: float64}
# schema: astropy-2.0
mx sigma_10 sigma_9 sigma_7 sigma_6 sigma_5 sigma_4 sigma_3 sigma_2
[from data line 559]
0.12462225218368743 8.219375088397413e-39 4.3735351443023213e-38 1.1182606648603277e-32 1.067160963930919e-28 7.355416727642768e-25 2.2671065993961636e-22 5.658921438512061e-21 3.593941732849279e-21
0.1275280166884199 8.108240634436671e-39 4.399167185686832e-38 1.1961026496077324e-32 1.1432945987842523e-28 7.767194390014909e-25 2.322257090684826e-22 5.79096829760061e-21 3.677754995134687e-21
0.13050153367883624 7.999269314649542e-39 4.4265176908523626e-38 1.2794620053421077e-32 1.224848554257978e-28 8.198212298095928e-25 2.3786456659097633e-22 5.9260936936877176e-21 3.763535819072636e-21
0.1335443829110759 7.8924240583508e-39 4.455629428126142e-38 1.3687324618043668e-32 1.3122072570909459e-28 8.649062241342217e-25 2.4363019912257404e-22 6.0643637535748114e-21 3.851290261229346e-21
0.13665818097578622 7.787668600110954e-39 4.4865470994049004e-38 1.4643359043889483e-32 1.4057822176417972e-28 9.120332819590724e-25 2.4952564549680117e-22 6.205858400662127e-21 3.941107685249388e-21
0.13984458215697693 7.684967466254977e-39 4.5193174041213e-38 1.5667243886083192e-32 1.506013915964036e-28 9.612608103352925e-25 2.55554012417537e-22 6.350648769891669e-21 4.033021406496642e-21
0.14310527931090045 7.58428596172127e-39 4.5539891052045024e-38 1.6763822986982268e-32 1.6133738165568375e-28 1.0126466319786472e-24 2.617184804231398e-22 6.498814187260271e-21 4.127063783188529e-21
0.14644200476542463 7.485590157276991e-39 4.590613097075044e-38 1.793828660674753e-32 1.7283665202466585e-28 1.0662478576205034e-24 2.680223024217267e-22 6.650430567148115e-21 4.223309093358852e-21
0.14985653124037576 7.388846877085876e-39 4.6292424757181287e-38 1.9196196208914683e-32 1.8515320621710017e-28 1.1221207637204943e-24 2.7446880881711226e-22 6.805583657453821e-21 4.3217966464193046e-21
0.15335067278934078 7.294023686625037e-39 4.6699326108841686e-38 2.0543511019347228e-32 1.9834483653782163e-28 1.1803206767310925e-24 2.810614033354967e-22 6.964346784664223e-21 4.4225818229818755e-21
0.1569262857634292 7.201088880947421e-39 4.712741220471589e-38 2.1986616485414553e-32 2.1247338601275636e-28 1.2409018657102466e-24 2.8780357472479865e-22 7.126818952068963e-21 4.525713486748706e-21
0.1605852697975066 7.11001147328685e-39 4.757728447154316e-38 2.353235477130467e-32 2.2760502795714435e-28 1.3039174439578799e-24 2.946988830216484e-22 7.293065558565112e-21 4.631250012105559e-21
0.16432956881942368 7.020761184002781e-39 4.804956937325443e-38 2.518805743509598e-32 2.4381056431290097e-28 1.3694192820285543e-24 3.0175098211651873e-22 7.463197839715688e-21 4.739243276488385e-21
0.16816117208277714 6.933308429862105e-39 4.854491922439392e-38 2.696158044362005e-32 2.611657439515193e-28 1.4374579318998908e-24 3.0896359892546472e-22 7.637285953248038e-21 4.849765620868271e-21
0.172082115223751 6.84762431365577e-39 4.906401302847797e-38 2.886134169229729e-32 2.7975160220753926e-28 1.508082564988278e-24 3.1634055568745692e-22 7.815437148661568e-21 4.962863159350532e-21
0.1760944813425998 6.763680614147923e-39 4.960755734239431e-38 3.0896361209075074e-32 2.9965482297894466e-28 1.5813409234812674e-24 3.238857572179738e-22 7.99773927773515e-21 5.078587833605676e-21
0.1802004021103484 6.681449776355727e-39 5.017628716812151e-38 3.3076304234395355e-32 3.2096812480537077e-28 1.657279286923232e-24 3.3160320010846875e-22 8.184288613070636e-21 5.197010145483399e-21
0.18440205890129596 6.60090490215835e-39 5.077096687325361e-38 3.541152738283328e-32 3.437906724122675e-28 1.735942454147411e-24 3.3949697515358487e-22 8.375190871784215e-21 5.318197661136236e-21
0.18870168395192646 6.522019741233442e-39 5.139239114204746e-38 3.791312810673612e-32 3.6822851528938752e-28 1.8173737409771048e-24 3.475712627197129e-22 8.570535886132535e-21 5.442207801698632e-21
0.1931015615468407 6.444768682320329e-39 5.204138595898032e-38 4.0592997697933205e-32 3.943950549549995e-28 1.9016149946449046e-24 3.558303466742633e-22 8.77044207630978e-21 5.569127046942541e-21
0.1976040292323402 6.369126744808776e-39 5.271880962710585e-38 4.3463878080446244e-32 4.224115426428146e-28 1.9887066238847026e-24 3.642786015398124e-22 8.97499942820268e-21 5.6989701443186155e-21
0.20221147905830805 6.295069570652883e-39 5.342555382383954e-38 4.6539422665193767e-32 4.524076092369234e-28 2.078687646152631e-24 3.7292051138103843e-22 9.18433240759259e-21 5.83185438693733e-21
0.20692635884904578 6.222573416609716e-39 5.416254469718515e-38 4.983426155703365e-32 4.845218293703873e-28 2.1715957499597726e-24 3.8176065599595026e-22 9.39853888723636e-21 5.967842538714221e-21
0.21175117350374192 6.151615146802639e-39 5.493074400583694e-38 5.336407142521865e-32 5.189023216958558e-28 2.267467373622665e-24 3.9080372699191177e-22 9.617741910290555e-21 6.107004429464296e-21
0.2166884863272632 6.08217222560965e-39 5.573115030706216e-38 5.714565037054652e-32 5.55707387430741e-28 2.3663377982888922e-24 4.0005452123851817e-22 9.842055777472176e-21 6.2494149764895435e-21
0.22174092039197504 6.014222710877141e-39 5.656480019677956e-38 6.119699814627629e-32 5.951061893752813e-28 2.4682412554384057e-24 4.095179454941431e-22 1.0071593961985635e-20 6.395154357638133e-21
0.22691115993131514 5.94774524746003e-39 5.743276960681227e-38 6.5537402115367e-32 6.3727947369837505e-28 2.5732110477041965e-24 4.191990234040684e-22 1.0306485990992136e-20 6.544291908014651e-21
0.23220195176586036 5.882719061089323e-39 5.833617516489909e-38 7.018752935389247e-32 6.824203368830517e-28 2.6812796814779572e-24 4.291028918423518e-22 1.054685364163133e-20 6.6968608886150104e-21
0.2376161067626448 5.81912395256859e-39 5.927617562370235e-38 7.516952533973065e-32 7.3073504032026495e-28 2.7924790108278394e-24 4.392348070363916e-22 1.0792823945263218e-20 6.853032706986947e-21
0.24315650132850383 5.7569402923011545e-39 6.025397336575147e-38 8.050711969694696e-32 7.824438751354478e-28 2.9068403910163956e-24 4.49600147170529e-22 1.1044528633207379e-20 7.012826241589186e-21
0.24882607893823822 5.696149015150019e-39 6.127081599200503e-38 8.622573949984732e-32 8.377820799262985e-28 3.0243948403678354e-24 4.6020441416039795e-22 1.1302100204928576e-20 7.176345189178304e-21
0.25462785169840935 5.636731615633115e-39 6.232799800249845e-38 9.235263067661182e-32 8.970008141815232e-28 3.1451732092380715e-24 4.710532377757831e-22 1.1565676599552776e-20 7.343681210280832e-21
0.2605649019475973 5.578670143456433e-39 6.342686257837188e-38 9.891698809091835e-32 9.603681902376736e-28 3.269206354562228e-24 4.821523787606214e-22 1.1835401831794786e-20 7.514925936724203e-21
0.26664038389397104 5.5219471993884925e-39 6.456880347542739e-38 1.0595009492119684e-31 1.0281703667134789e-27 3.396525318364538e-24 4.93507726446713e-22 1.2111405623685131e-20 7.690147550461402e-21
0.27285752529104135 5.466545931479401e-39 6.575526704025399e-38 1.1348547200131433e-31 1.1007127064370562e-27 3.527161509924593e-24 5.051253146865864e-22 1.2393851711711593e-20 7.869456281612973e-21
0.2792196291524867 5.4124500316285343e-39 6.698775436086826e-38 1.2155903783379487e-31 1.1783210019488133e-27 3.661146888140133e-24 5.1701130889484745e-22 1.2682877272361293e-20 8.052984806023367e-21
0.2857300755069626 5.3596437325051244e-39 6.826782356474324e-38 1.3020928003733048e-31 1.2613427717212022e-27 3.798514145488515e-24 5.291720234589719e-22 1.2978646001918192e-20 8.240726698021002e-21
0.2923923231938275 5.308111804826382e-39 6.959709227803509e-38 1.3947743904460071e-31 1.3501486302821139e-27 3.939296889772838e-24 5.416139131484103e-22 1.328130367097401e-20 8.432892971253547e-21
0.2992099117007387 5.257839554998329e-39 7.09772402607508e-38 1.4940770492451556e-31 1.4451337354612897e-27 4.083529824976407e-24 5.543435897475323e-22 1.3591027476131556e-20 8.629522178172232e-21
0.3061864630440946 5.208812823124818e-39 7.241001223352927e-38 1.600474282652285e-31 1.5467193159943024e-27 4.23124892737519e-24 5.673678071999875e-22 1.3907957593381496e-20 8.830741588937647e-21
0.31332568369332287 5.1610179813907315e-39 7.389722091262136e-38 1.714473461208961e-31 1.6553542827160457e-27 4.3824916199312005e-24 5.806934920753684e-22 1.4232297863059024e-20 9.03664625387464e-21
0.32063136654003577 5.114441932825794e-39 7.544075027054394e-38 1.8366182409652897e-31 1.771516926549174e-27 4.5372969383374115e-24 5.9432770902285465e-22 1.45641726714851e-20 9.247353832769901e-21
0.3281073929131 5.069072110455831e-39 7.704255904074181e-38 1.9674911572168191e-31 1.895716706444258e-27 4.695705696150773e-24 6.082777123425981e-22 1.4903806496183687e-20 9.462976163108692e-21
0.3357577346406907 5.024896476848916e-39 7.870468448541587e-38 2.1077164034556256e-31 2.028496130346869e-27 4.8577606384849836e-24 6.225509019999602e-22 1.5251344319962913e-20 9.683651302416155e-21
0.343586456160426 4.981903524064207e-39 8.042924644645386e-38 2.2579628087374646e-31 2.170432732158214e-27 5.023506593826975e-24 6.371548647510386e-22 1.5606991749287186e-20 9.909431877801379e-21
0.3515977166787018 4.9400822740118505e-39 8.221845170013995e-38 2.41894702760493e-31 2.3221411475054495e-27 5.192990615514035e-24 6.5209735627636725e-22 1.597093238379642e-20 1.0140487544103842e-20
0.359795772380376 4.899422279232864e-39 8.407459863700763e-38 2.5914369577109702e-31 2.4842752909513736e-27 5.366262117549144e-24 6.673863111143347e-22 1.6343350450597394e-20 1.037693962003895e-20
0.368184978689974 4.8599136241084355e-39 8.600008228885002e-38 2.7762554013624252e-31 2.6575306370385407e-27 5.5433730032969195e-24 6.830298560652408e-22 1.6724464688495483e-20 1.061889646610189e-20
0.3767697925856183 4.821546926508562e-39 8.799739972550847e-38 2.9742839883544136e-31 2.842646607278624e-27 5.724377784799612e-24 6.990362925983203e-22 1.711444696858775e-20 1.086648715504304e-20
0.38555477496691104 4.7843133398907e-39 9.006915584463757e-38 3.186467378698845e-31 3.040409064860656e-27 5.909333698105997e-24 7.154141330266848e-22 1.7513540955481706e-20 1.1119918587094439e-20
0.394544593078027 4.7482045558594165e-39 9.221806957820346e-38 3.413817765169656e-31 3.2516529184490305e-27 6.098300806852324e-24 7.321720667403509e-22 1.7921919177991132e-20 1.1379150427927003e-20
0.4037440229873054 4.713212807198956e-39 9.444698054002405e-38 3.6574196969994467e-31 3.47726483598096e-27 6.291342103950412e-24 7.493190060075342e-22 1.833983712371369e-20 1.1644457749943114e-20
0.4131579521246571 4.679330871390945e-39 9.67588561392261e-38 3.9184352475739054e-31 3.718186068830402e-27 6.488523601103098e-24 7.668640505352885e-22 1.8767483187115e-20 1.1915964601389719e-20
0.42279138187813525 4.64655207463033e-39 9.915679918509856e-38 4.198109550588226e-31 3.9754153860965475e-27 6.689914416871155e-24 7.848165274183041e-22 1.9205110014515838e-20 1.2193808982214483e-20
0.43264943025104924 4.6148702963531465e-39 1.016440560094837e-37 4.497776730861191e-31 4.250012118071276e-27 6.895586854491263e-24 8.031859703728186e-22 1.9652938641347526e-20 1.2478138867153084e-20
0.4427373345810337 4.584279974290446e-39 1.0422402513360712e-37 4.8188662578558675e-31 4.543099307157866e-27 7.105616476528253e-24 8.219821367004945e-22 2.0111202877436088e-20 1.276911254694981e-20
0.4530604543225162 4.554776110063444e-39 1.0690026650712016e-37 5.1629097519386795e-31 4.8558669636289526e-27 7.320082173572833e-24 8.412150144831942e-22 2.0580157205720907e-20 1.3066903430501152e-20
0.4636242738940635 4.5263542753354716e-39 1.0967651134816483e-37 5.531548275530752e-31 5.189575422631638e-27 7.539066227313977e-24 8.608948193481992e-22 2.106004484901278e-20 1.337152717759325e-20
0.47443440559211736 4.499010618537266e-39 1.125566726144947e-37 5.926540143575695e-31 5.545558797763137e-27 7.762654370248783e-24 8.810320056359475e-22 2.1551119408655428e-20 1.3683343583085313e-20
0.48549659257266914 4.472741872182658e-39 1.1554485613713212e-37 6.349769290177465e-31 5.925228525345389e-27 7.990935841065574e-24 9.016372718530884e-22 2.205364464426422e-20 1.400237141053847e-20
0.4968167119024568 4.447545360792578e-39 1.1864537244975807e-37 6.803254230860305e-31 6.3300769922217704e-27 8.224003436400867e-24 9.22721563829278e-22 2.2567885169722782e-20 1.432886960105897e-20
0.5084007776813051 4.423419009446e-39 1.218627493490374e-37 7.2891576626832336e-31 6.761681238479303e-27 8.461953560014775e-24 9.442960831054392e-22 2.3094116224646937e-20 1.4662979647716808e-20
0.5202549442372687 4.400361352977235e-39 1.2520174522342352e-37 7.809796747414831e-31 7.221706724963599e-27 8.704886269264461e-24 9.663722926945058e-22 2.3632623133877064e-20 1.500485459361034e-20
0.5323855093962742 4.378371545839734e-39 1.2866736319068885e-37 8.367654126154849e-31 7.711911153803347e-27 8.952905318860577e-24 9.889619144835994e-22 2.4183668955102573e-20 1.535474096952411e-20
0.5447989178279997 4.357449372657377e-39 1.3226486608752077e-37 8.965389717190345e-31 8.234148328399985e-27 9.206118205516754e-24 1.0120769583760339e-21 2.4747580267615763e-20 1.5712724662282516e-20
0.557501764469769 4.337595259484966e-39 1.3599979235803222e-37 9.605853352511463e-31 8.790372037458889e-27 9.464636207015006e-24 1.035729695727359e-21 2.5324624400509332e-20 1.6079162400058974e-20
0.5705007980302781 4.3188102858005246e-39 1.3987797289198757e-37 1.0292098312301248e-30 9.382639945676051e-27 9.728574425872373e-24 1.0599327004942002e-21 2.5915138581034614e-20 1.6454016707449744e-20
0.5838029245750183 4.30109619725268e-39 1.4390554886794546e-37 1.1027395820871579e-30 1.001311747161046e-26 9.998051827112402e-24 1.0846988216263258e-21 2.6519402619656445e-20 1.6837717178256885e-20
0.5974152111952977 4.284455419187322e-39 1.4808899066140497e-37 1.1815250571962834e-30 1.0684081631142962e-26 1.0273191281917897e-23 1.1100412283521094e-21 2.713778201173936e-20 1.7230300594269527e-20
0.6113448897628128 4.26889107097847e-39 1.5243511788339776e-37 1.2659417356075705e-30 1.1397924822686215e-26 1.0554119604437213e-23 1.135973367834001e-21 2.777054457379502e-20 1.7632051279976828e-20
0.6255993607717623 4.254406981189066e-39 1.5695112062082635e-37 1.3563918867581607e-30 1.2157158528080532e-26 1.0840967598744977e-23 1.1625090379970478e-21 2.84181053040527e-20 1.8043162016130862e-20
0.6401861972705483 4.241007703588247e-39 1.6164458195620354e-37 1.4533064774784808e-30 1.2964416900787704e-26 1.1133870094304298e-23 1.1896623107100902e-21 2.908071265334591e-20 1.8463861977588898e-20
0.6551131488851486 4.228698534052351e-39 1.66523501851304e-37 1.5571472141906727e-30 1.3822460210773378e-26 1.1432965997749814e-23 1.2174476352872498e-21 2.975880739514129e-20 1.8894393363754692e-20
0.6703881459363026 4.2174855283777943e-39 1.7159632248661054e-37 1.6684087298157735e-30 1.4734178113159798e-26 1.1738398330669474e-23 1.245879757904012e-21 3.045269264976794e-20 1.933498576603964e-20
0.686019303652694 4.207375521034497e-39 1.768719551563186e-37 1.7876209255677327e-30 1.5702592705637412e-26 1.2050314281719331e-23 1.2749737902880915e-21 3.1162762351911384e-20 1.9785767174373357e-20
0.7020149264823721 4.198376144889479e-39 1.8235980882707136e-37 1.9153514785190363e-30 1.6730861337509698e-26 1.2368865253246493e-23 1.3047451906826602e-21 3.1889399079838857e-20 2.0247105579987272e-20
0.7183835125046995 4.190495851930816e-39 1.8806982047753436e-37 2.0522085265772187e-30 1.7822279131394577e-26 1.2694206911866695e-23 1.335209766568472e-21 3.2632955149326e-20 2.0719232484916746e-20
0.7351337579451718 4.1837439350227465e-39 1.940124873454043e-37 2.1988435433171338e-30 1.8980281176919097e-26 1.3026499244929118e-23 1.3663837180733445e-21 3.3393882243072586e-20 2.1202329929904742e-20
0.7522745617955077 4.178130550723515e-39 2.0019890121849957e-37 2.3559544159737504e-30 2.0208444354303824e-26 1.3365906611184473e-23 1.39828358665816e-21 3.417250899868083e-20 2.1696666107223523e-20
0.7698150305414633 4.173666743198007e-39 2.066407849172222e-37 2.524288740818036e-30 2.151048874471106e-26 1.3712597806305732e-23 1.43092634308434e-21 3.496933600278008e-20 2.2202631300918418e-20
