results/limits/BECCAL_h_phase.dat
# %ECSV 1.0
# ---
# datatype:
# - {name: mx, unit: MeV, datatype: float64}
# - {name: sigma, unit: cm2 MeV4, datatype: float64}
# schema: astropy-2.0
mx sigma
[from data line 357]
3.726612727285066e-05 1.2731706944487095e-23
3.740370153984301e-05 1.292070916072482e-23
3.7541783685714215e-05 1.3112517462446633e-23
3.768037558538588e-05 1.3307173513710837e-23
3.781947912070098e-05 1.3504719597208744e-23
3.795909618044993e-05 1.3705198623454436e-23
3.8099228660395654e-05 1.390865414010751e-23
3.823987846329982e-05 1.4115130341428737e-23
3.838104749894846e-05 1.4324672077890182e-23
3.85227376841777e-05 1.4537324865910064e-23
3.866495094290027e-05 1.4753134897748353e-23
3.880768920613107e-05 1.4972149051534028e-23
3.8950954412013896e-05 1.5194414901452886e-23
3.909474850584753e-05 1.5419980728085606e-23
3.923907344011191e-05 1.5648895528896232e-23
3.9383931174495224e-05 1.588120902887028e-23
3.9529323675919855e-05 1.6116971691329514e-23
3.967525291856965e-05 1.6356234728869386e-23
3.98217208839165e-05 1.6599050114526573e-23
3.996872956074701e-05 1.6845470593034504e-23
4.011628094519001e-05 1.709554969228927e-23
4.02643770407431e-05 1.7349341734990834e-23
4.0413019858300355e-05 1.7606901850437216e-23
4.056221141617942e-05 1.7868285986493526e-23
4.071195374014865e-05 1.8133550921757187e-23
4.0862248863455196e-05 1.8402754277890717e-23
4.1013098826851964e-05 1.8675954532143065e-23
4.116450567862589e-05 1.8953211030035585e-23
4.131647147462553e-05 1.9234583998282814e-23
4.1468998278288684e-05 1.952013455785728e-23
4.162208816067101e-05 1.9809924737273513e-23
4.177574320047353e-05 2.010401748605251e-23
4.1929965484071345e-05 2.0402476688423894e-23
4.20847571055418e-05 2.0705367177184424e-23
4.224012016669261e-05 2.1012754747780118e-23
4.2396056777090955e-05 2.1324706172621005e-23
4.2552569054091814e-05 2.164128921555623e-23
4.270965912286649e-05 2.1962572646625315e-23
4.286732911643208e-05 2.228862625698138e-23
4.3025581175679714e-05 2.2619520874061027e-23
4.318441744940425e-05 2.2955328376966752e-23
4.3343840094333205e-05 2.3296121712078963e-23
4.3503851275155734e-05 2.3641974908928366e-23
4.366445316455269e-05 2.3992963096224467e-23
4.382564794322537e-05 2.4349162518251433e-23
4.3987437799925785e-05 2.4710650551365875e-23
4.41498249314861e-05 2.507750572084193e-23
4.431281154284818e-05 2.544980771792631e-23
4.447639984709417e-05 2.5827637417139371e-23
4.464059206547583e-05 2.6211076893869335e-23
4.480539042744532e-05 2.66002094421549e-23
4.497079717068521e-05 2.699511959285435e-23
4.513681454113856e-05 2.739589313193408e-23
4.5303444793040015e-05 2.780261711916614e-23
4.54706901889461e-05 2.8215379906988243e-23
4.563855299976567e-05 2.863427115974332e-23
4.5807035504791405e-05 2.9059381873153396e-23
4.5976139991730015e-05 2.9490804394049223e-23
4.614586875673394e-05 2.9928632440477645e-23
4.631622410443226e-05 3.0372961122027263e-23
4.648720834796171e-05 3.0823886960544793e-23
4.6658823808998746e-05 3.128150791102097e-23
4.6831072817790297e-05 3.1745923382939385e-23
4.700395771318608e-05 3.22172342618678e-23
4.7177480842670096e-05 3.269554293133231e-23
4.735164456239218e-05 3.3180953295101274e-23
4.7526451237200666e-05 3.367357079974808e-23
4.770190324067377e-05 3.417350245753439e-23
4.787800295515247e-05 3.4680856869710707e-23
4.805475277177253e-05 3.519574425006009e-23
4.823215509049675e-05 3.571827644885948e-23
4.841021232014814e-05 3.624856697720103e-23
4.8588926878441955e-05 3.6786731031601404e-23
4.876830119201911e-05 3.7332885519079504e-23
4.894833769647891e-05 3.7887149082550047e-23
4.912903883641177e-05 3.844964212654614e-23
4.931040706543313e-05 3.902048684345172e-23
4.9492444846215995e-05 3.9599807239982563e-23
4.967515465052501e-05 4.018772916416761e-23
4.98585389592498e-05 4.0784380332665253e-23
5.004260026243827e-05 4.138989035855596e-23
5.022734105933121e-05 4.200439077942224e-23
5.041276385839534e-05 4.262801508599315e-23
5.059887117735815e-05 4.326089875112304e-23
5.078566554324174e-05 4.390317925921106e-23
5.097314949239683e-05 4.455499613609112e-23
5.116132557053792e-05 4.5216490979344384e-23
5.135019633277706e-05 4.5887807489013183e-23
5.15397643436592e-05 4.6569091498888504e-23
5.173003217719679e-05 4.726049100815082e-23
5.192100241690434e-05 4.79621562135359e-23
5.21126776558343e-05 4.867423954197543e-23
5.230506049661134e-05 4.939689568367032e-23
5.249815355146854e-05 5.013028162576416e-23
5.2691959442282445e-05 5.087455668637532e-23
5.2886480800608394e-05 5.162988254927893e-23
5.3081720267717e-05 5.2396423298960906e-23
5.327768049462913e-05 5.317434545635734e-23
5.347436414215269e-05 5.396381801491143e-23
5.367177388091839e-05 5.47650124774136e-23
5.386991239141572e-05 5.55781028931778e-23
5.406878236403008e-05 5.640326589586847e-23
5.4268386499078466e-05 5.724068074189683e-23
5.4468727506846866e-05 5.809052934933952e-23
5.4669808107626756e-05 5.895299633752541e-23
5.4871631031751704e-05 5.982826906696323e-23
5.507419901963521e-05 6.071653768032663e-23
5.5277514821807045e-05 6.161799514353205e-23
5.5481581198951345e-05 6.253283728772976e-23
5.568640092194379e-05 6.346126285191152e-23
5.589197677188889e-05 6.440347352596522e-23
5.609831154015852e-05 6.53596739946254e-23
5.6305408028428946e-05 6.633007198186372e-23
5.65132690487196e-05 6.731487829596459e-23
5.672189742343101e-05 6.831430687550718e-23
5.693129598538271e-05 6.932857483562413e-23
5.714146757785253e-05 7.035790251532007e-23
5.735241505461428e-05 7.140251352530792e-23
5.7564141279977334e-05 7.246263479653489e-23
5.777664912882512e-05 7.353849662955541e-23
5.7989941486653866e-05 7.46303327445038e-23
5.820402124961255e-05 7.573838033194159e-23
5.8418891324541324e-05 7.686288010430747e-23
5.863455462901178e-05 7.80040763482898e-23
5.885101409136623e-05 7.916221697778049e-23
5.90682726507571e-05 8.033755358789167e-23
5.928633325718767e-05 8.153034150956004e-23
5.95051988715512e-05 8.274083986489516e-23
5.9724872465671926e-05 8.396931162367079e-23
5.9945357022345115e-05 8.521602366029197e-23
6.0166655535377133e-05 8.648124681188471e-23
6.0388771009627005e-05 8.776525593704431e-23
6.061170646104621e-05 8.906832997569371e-23
6.083546491672048e-05 9.039075200951711e-23
6.106004941491057e-05 9.173280932351987e-23
6.128546300509312e-05 9.309479346847443e-23
6.151170874800291e-05 9.447700032429005e-23
6.17387897156735e-05 9.587973016417456e-23
6.196670899147966e-05 9.730328771991725e-23
6.219546967017906e-05 9.87479822482313e-23
6.242507485795379e-05 1.0021412759771409e-22
6.265552767245344e-05 1.0170204227718769e-22
6.288683124283641e-05 1.0321204952485664e-22
6.311898870981335e-05 1.0474447737849466e-22
6.335200322568933e-05 1.0629965874674767e-22
6.358587795440633e-05 1.0787793148147881e-22
6.382061607158696e-05 1.0947963845116066e-22
6.405622076457715e-05 1.111051276152527e-22
6.429269523248912e-05 1.1275475210003033e-22
6.453004268624563e-05 1.1442887027499875e-22
6.476826634862261e-05 1.1612784583104273e-22
6.500736945429381e-05 1.1785204785927486e-22
6.524735524987435e-05 1.196018509312885e-22
6.548822699396434e-05 1.2137763518045026e-22
6.572998795719413e-05 1.2317978638451267e-22
6.597264142226762e-05 1.2500869604951294e-22
6.621619068400779e-05 1.2686476149480221e-22
6.646063904940097e-05 1.287483859392857e-22
6.670598983764148e-05 1.3065997858898764e-22
6.695224638017746e-05 1.3259995472616476e-22
6.719941202075515e-05 1.3456873579933783e-22
6.744749011546523e-05 1.3656674951491904e-22
6.769648403278796e-05 1.3859442993011857e-22
6.794639715363846e-05 1.4065221754725047e-22
6.819723287141368e-05 1.4274055940946046e-22
6.844899459203729e-05 1.4485990919777797e-22
6.870168573400694e-05 1.4701072732979793e-22
6.895530972844024e-05 1.4919348105946121e-22
6.920987001912092e-05 1.51408644579002e-22
6.946537006254651e-05 1.5365669912146884e-22
6.97218133279747e-05 1.5593813306569338e-22
6.997920329747018e-05 1.5825344204202275e-22
7.023754346595281e-05 1.6060312904041052e-22
7.049683734124399e-05 1.6298770451919372e-22
7.075708844411527e-05 1.6540768651654182e-22
7.101830030833571e-05 1.67863600762529e-22
7.128047648071946e-05 1.7035598079364654e-22
7.154362052117493e-05 1.728853680685819e-22
7.180773600275196e-05 1.7545231208588287e-22
7.207282651169132e-05 1.780573705033515e-22
7.233889564747301e-05 1.807011092591979e-22
7.260594702286472e-05 1.833841026950391e-22
7.287398426397184e-05 1.8610693368049375e-22
7.314301101028557e-05 1.8887019373999295e-22
7.341303091473333e-05 1.9167448318128773e-22
7.3684047643728e-05 1.94520411225821e-22
7.395606487721715e-05 1.9740859614097986e-22
7.422908630873412e-05 2.0033966537469257e-22
7.450311564544698e-05 2.0331425569119757e-22
7.477815660820985e-05 2.0633301331045643e-22
7.505421293161306e-05 2.0939659404702554e-22
7.533128836403335e-05 2.1250566345391474e-22
7.560938666768583e-05 2.1566089696640574e-22
7.588851161867386e-05 2.188629800491721e-22
7.616866700704139e-05 2.2211260834476484e-22
7.644985663682399e-05 2.254104878252174e-22
7.673208432609997e-05 2.287573349452772e-22
7.701535390704338e-05 2.3215387679773997e-22
7.729966922597477e-05 2.356008512720827e-22
7.758503414341448e-05 2.3909900721378217e-22
7.787145253413464e-05 2.4264910458820313e-22
7.815892828721129e-05 2.462519146447207e-22
7.84474653060783e-05 2.499082200847053e-22
7.873706750857906e-05 2.536188152315892e-22
7.902773882702089e-05 2.5738450620317096e-22
7.931948320822782e-05 2.6120611108732412e-22
7.96123046135938e-05 2.650844601188911e-22
7.990620701913762e-05 2.6902039586078793e-22
8.020119441555554e-05 2.730147733865928e-22
8.049727080827664e-05 2.770684604666654e-22
8.079444021751674e-05 2.811823377564025e-22
8.109270667833249e-05 2.8535729898767e-22
8.139207424067725e-05 2.895942511629036e-22
8.16925469694549e-05 2.938941147523338e-22
8.1994128944576e-05 2.9825782389381017e-22
8.229682426101289e-05 3.0268632659569903e-22
8.260063702885462e-05 3.071805849431279e-22
8.290557137336406e-05 3.1174157530657106e-22
8.32116314350325e-05 3.1637028855423825e-22
8.351882136963707e-05 3.2106773026757387e-22
8.382714534829664e-05 3.2583492095900673e-22
8.413660755752799e-05 3.306728962946131e-22
8.444721219930382e-05 3.3558270731820818e-22
8.475896349110845e-05 3.4056542068027637e-22
8.507186566599626e-05 3.4562211886950395e-22
8.538592297264866e-05 3.5075390044808684e-22
8.570113967543135e-05 3.559618802900075e-22
8.601752005445325e-05 3.612471898240082e-22
8.633506840562342e-05 3.666109772784477e-22
8.665378904071047e-05 3.7205440793141146e-22
8.697368628740068e-05 3.775786643638201e-22
8.729476448935619e-05 3.8318494671601357e-22
8.761702800627518e-05 3.888744729490313e-22
8.794048121394974e-05 3.946484791081837e-22
8.826512850432643e-05 4.0050821959337283e-22
8.859097428556545e-05 4.064549674298326e-22
8.891802298209997e-05 4.1249001454501193e-22
8.924627903469736e-05 4.1861467205080444e-22
8.957574690051818e-05 4.24830270526446e-22
8.990643105317788e-05 4.3113816030807675e-22
9.023833598280702e-05 4.37539711783197e-22
9.05714661961117e-05 4.440363156872852e-22
9.090582621643603e-05 4.506293834064333e-22
9.124142058382209e-05 4.573203472831116e-22
9.157825385507281e-05 4.641106609289978e-22
9.191633060381339e-05 4.710017995390698e-22
9.225565542055275e-05 4.779952602135966e-22
9.259623291274725e-05 4.850925622816212e-22
9.293806770486167e-05 4.922952476332083e-22
9.328116443843336e-05 4.99604881052452e-22
9.36255277721347e-05 5.070230505588787e-22
9.39711623818358e-05 5.145513677511827e-22
9.43180729606693e-05 5.221914681586436e-22
9.466626421909256e-05 5.299450115955621e-22
9.501574088495298e-05 5.3781368252208155e-22
9.536650770355161e-05 5.457991904104213e-22
9.571856943770704e-05 5.539032701156561e-22
9.607193086782135e-05 5.621276822534436e-22
9.642659679194353e-05 5.704742135814155e-22
9.678257202583597e-05 5.78944677389441e-22
9.713986140303928e-05 5.87540913890202e-22
9.749846977493731e-05 5.96264790622171e-22
9.78584020108242e-05 6.051182028546557e-22
9.821966299796996e-05 6.141030739974122e-22
9.858225764168616e-05 6.232213560213236e-22
9.894619086539395e-05 6.324750298813921e-22
9.931146761068937e-05 6.418661059458791e-22
9.967809283741178e-05 6.513966244352872e-22
0.00010004607152371064 6.610686558640632e-22
0.00010041540866611251 6.708843014911144e-22
0.00010078610927959016 6.808456937752205e-22
0.00010115817839762958 6.909549968403608e-22
0.00010153162107229886 7.012144069445492e-22
0.00010190644237431665 7.116261529558639e-22
0.0001022826473931209 7.221924968397616e-22
0.00010266024123693846 7.329157341472081e-22
0.00010303922903285368 7.437981945153728e-22
0.00010341961592687845 7.54842242174216e-22
0.00010380140708402249 7.660502764572713e-22
0.00010418460768836225 7.7742473232626515e-22
0.00010456922294311286 7.889680808984997e-22
0.00010495525807069756 8.006828299834132e-22
0.00010534271831281905 8.125715246285348e-22
0.00010573160893053113 8.24636747670243e-22
0.0001061219352043089 8.368811202994722e-22
0.00010651370243412198 8.493073026247404e-22
0.00010690691593950534 8.619179942555659e-22
0.00010730158105963187 8.747159348861476e-22
0.00010769770315338541 8.877039048913545e-22
0.00010809528759943223 9.008847259315081e-22
0.00010849433979629567 9.14261261562867e-22
0.00010889486516242815 9.278364178633753e-22
0.0001092968691362853 9.416131440613278e-22
0.0001097003571764001 9.555944331769218e-22
0.00011010533476145595 9.697833226717018e-22
0.00011051180739036241 9.841828951110125e-22
0.00011091978058232888 9.987962788310806e-22
0.00011132925987693976 1.013626648619772e-21
0.00011174025083423028 1.0286772264057912e-21
0.00011215275903476068 1.0439512819582701e-21
0.0001125667900796936 1.0594521335990346e-21
0.00011298234959086884 1.0751831489234156e-21
0.00011339944321088019 1.0911477455277959e-21
0.00011381807660315253 1.1073493917574098e-21
0.0001142382554520174 1.1237916074568258e-21
0.00011465998546279183 1.1404779647356064e-21
0.00011508327236185454 1.1574120887439518e-21
0.00011550812189672418 1.174597658460236e-21
0.00011593453983613777 1.192038407491247e-21
0.00011636253197012781 1.2097381248820065e-21
0.00011679210411010254 1.2277006559398819e-21
0.00011722326208892348 1.245929903070237e-21
0.00011765601176098518 1.2644298266225812e-21
0.00011809035900229518 1.2832044457532191e-21
0.00011852630971055243 1.3022578392952944e-21
0.00011896386980522912 1.3215941466495393e-21
0.00011940304522764968 1.3412175686797375e-21
0.00011984384194107195 1.36113236862786e-21
0.00012028626593076864 1.381342873036272e-21
0.00012073032320410727 1.4018534726926897e-21
0.00012117601979063344 1.4226686235823797e-21
0.00012162336174215134 1.4437928478539059e-21
0.00012207235513280644 1.4652307348054373e-21
0.00012252300605916834 1.4869869418789469e-21
0.00012297532064031277 1.5090661956728817e-21
0.00012342930501790518 1.5314732929675453e-21
0.00012388496535628408 1.5542131017717794e-21
0.00012434230784254453 1.5772905623763099e-21
0.00012480133868662265 1.6007106884270736e-21
0.00012526206412137933 1.6244785680184027e-21
0.0001257244904026851 1.648599364794464e-21
0.00012618862380950525 1.673078319069613e-21
0.0001266544706439847 1.697920748974113e-21
0.00012712203723153428 1.7231320516030885e-21
0.00012759132992091573 1.7487177041890426e-21
0.00012806235508432834 1.7746832652982015e-21
0.00012853511911749594 1.8010343760315506e-21
0.0001290096284397524 1.8277767612506555e-21
0.0001294858894941306 1.8549162308263898e-21
0.00012996390874744836 1.8824586808961406e-21
0.0001304436926903969 1.9104100951495065e-21
0.0001309252478376295 1.938776546120407e-21
0.00013140858072784847 1.9675641965176908e-21
0.00013189369792389568 1.9967793005540605e-21
0.00013238060601284042 2.026428205310274e-21
0.00013286931160606927 2.0565173521106696e-21
0.00013335982133937633 2.0870532779251036e-21
0.000133852141873052 2.1180426167891376e-21
0.00013434627989197522 2.1494921012465845e-21
0.00013484224210570268 2.1814085638051253e-21
0.00013534003524856065 2.213798938428789e-21
0.0001358396660797368 2.2466702620429092e-21
0.0001363411413833705 2.2800296760553926e-21
0.000136844467968647 2.3138844279241037e-21
0.00013734965266988815 2.3482418727123395e-21
0.00013785670234664593 2.383109474699873e-21
0.0001383656238837961 2.4184948090021682e-21
