results/limits/BECCAL_h.dat
# %ECSV 1.0
# ---
# datatype:
# - {name: mx, unit: MeV, datatype: float64}
# - {name: sigma, unit: cm2, datatype: float64}
# schema: astropy-2.0
mx sigma
[from data line 1088]
0.08764383259996444 1.9561511524017176e-24
0.0886592109680007 1.9788991973219386e-24
0.08968635277905047 2.001910670982159e-24
0.09072539431589849 2.0251866779387547e-24
0.09177647344020369 2.048736987371916e-24
0.09283972961079104 2.0725607548012643e-24
0.09391530390215505 2.096663085860306e-24
0.095003339023178 2.1210495333206167e-24
0.09610397933606396 2.1457273346055652e-24
0.09721737087549422 2.170678495871134e-24
0.09834366136800259 2.1959242857780746e-24
0.09948300025157616 2.221475130471343e-24
0.10063553869548303 2.247324918964019e-24
0.10180142962032979 2.2734635286991124e-24
0.10298082771835056 2.2999154429326343e-24
0.10417388947393294 2.326679137632067e-24
0.10538077318437983 2.353756030390398e-24
0.10660163898091277 2.3811506143314853e-24
0.10783664884991835 2.408866832859069e-24
0.1090859666544409 2.4369026235321955e-24
0.11034975815592424 2.4652698399344232e-24
0.11162819103620432 2.4939720972114973e-24
0.11292143491975885 2.523014852392337e-24
0.1142296613962124 2.5523904822040515e-24
0.1155530440431035 2.5821080347668042e-24
0.11689175844891506 2.61217834012455e-24
0.11824598223637178 2.6426038397317192e-24
0.11961589508600773 2.6733873778805423e-24
0.12100167876000553 2.7045356487411144e-24
0.12240351712631439 2.736044957537341e-24
0.12382159618304503 2.7679262599807196e-24
0.12525610408314838 2.8001861012790056e-24
0.1267072311593801 2.8328217003010484e-24
0.12817516994955408 2.8658439645903736e-24
0.12966011522208915 2.899255451346e-24
0.13116226400184997 2.933056162200836e-24
0.13268181559629033 2.9672573842785668e-24
0.13421897162189644 3.001862215253272e-24
0.13577393603093804 3.0368714115984607e-24
0.13734691513852912 3.0722995839268814e-24
0.1389381176500023 3.1081442702045777e-24
0.1405477546885992 3.1444169696270875e-24
0.1421760398234842 3.181111479561269e-24
0.14382318909808 3.2182420357627046e-24
0.14548942105873297 3.2558126985909394e-24
0.1471749567837101 3.293828341718502e-24
0.14888001991253214 3.332295206161106e-24
0.15060483667564664 3.371222516383652e-24
0.15234963592444337 3.4106033958081056e-24
0.15411464916162057 3.450453537274195e-24
0.15590011057189979 3.490779959586075e-24
0.15770625705309818 3.531579312733352e-24
0.1595333282475606 3.572866945752003e-24
0.16138156657395558 3.614647652469586e-24
0.16325121725944025 3.656928561177136e-24
0.16514252837219606 3.69970304121588e-24
0.16705575085434493 3.74299309100629e-24
0.16899113855524317 3.7867987393676356e-24
0.17094894826516316 3.831128922933124e-24
0.17292943974936448 3.8759809453019226e-24
0.17493287578256048 3.921373677790452e-24
0.17695952218378205 3.967314037405054e-24
0.17900964785164927 4.0137946226302846e-24
0.18108352480004766 4.0608384211630436e-24
0.18318142819421987 4.10844156701256e-24
0.185303636387275 4.156616983217652e-24
0.187450430957121 4.205371752614316e-24
0.18962209674382516 4.254708218944792e-24
0.19181892188740562 4.304639638163811e-24
0.19404119786606458 4.355175036167765e-24
0.19628921953486053 4.4063152401217914e-24
0.19856328516483046 4.458071235393678e-24
0.20086369648256494 4.510451063304389e-24
0.20319075871024164 4.5634659320654055e-24
0.20554478060612316 4.6171181099114304e-24
0.20792607450552186 4.671422009732801e-24
0.2103349563622435 4.7263825324527e-24
0.2127717457905068 4.782007469461808e-24
0.21523676610735085 4.838306971057667e-24
0.2177303443755332 4.8952904238402285e-24
0.22025281144692566 4.95296627918772e-24
0.22280450200641022 5.011348744400499e-24
0.2253857546162886 5.070434137472247e-24
0.22799691176120104 5.1302449674696516e-24
0.23063831989356845 5.190784082092355e-24
0.23331032947956015 5.252065134187746e-24
0.2360132950455942 5.3140916301237304e-24
0.23874757522537718 5.376880859865608e-24
0.2415135328074861 5.440440837702841e-24
0.2443115347835069 5.504781572849619e-24
0.24714195239672537 5.569913061500203e-24
0.2500051611913849 5.6358464177179395e-24
0.252901541062514 5.702590469021489e-24
0.2558314763063319 5.770160696564387e-24
0.2587953556712375 5.838567009675464e-24
0.26179357240938744 5.907819138685252e-24
0.2648265243288763 5.9779291957317466e-24
0.2678946138465166 6.04891071063162e-24
0.2709982480412322 6.120775572338373e-24
0.27413783870807057 6.1935360651183036e-24
0.2773138024128407 6.2672025882935845e-24
0.2805265605473816 6.3417914171926275e-24
0.28377653938547664 6.417313094461541e-24
0.28706417013940966 6.49378086834607e-24
0.29038988901717994 6.571208474904139e-24
0.29375413728037847 6.649609435172901e-24
0.2971573613027356 6.728999567582908e-24
0.30060001262934716 6.809393690048226e-24
0.3040825480365834 6.89080187933281e-24
0.307605429592699 6.973242465504977e-24
0.31116912471913794 7.056730832064256e-24
0.314774106252553 7.141280228074827e-24
0.3184208525075418 7.226906112308359e-24
0.32210984734011094 7.313626080153097e-24
0.3258415802118749 7.401455516440111e-24
0.3296165462549964 7.490413785834378e-24
0.3334352463378849 7.580512241470196e-24
0.33729818713165005 7.671772697305193e-24
0.34120588117732853 7.764210091923849e-24
0.3451588469538885 7.857847625600938e-24
0.3491576089470223 7.952694161952536e-24
0.3532026977187367 8.048775336342487e-24
0.35729464997774596 8.14610907388689e-24
0.36143400865068737 8.244710007965853e-24
0.36562132295415484 8.344605620659449e-24
0.36985714846757034 8.445811695379578e-24
0.3741420472068993 8.548351246679337e-24
0.3784765876992204 8.652239760617662e-24
0.3828613450581554 8.757504090393738e-24
0.3872969010601812 8.864163595247678e-24
0.3917838442218173 8.972242545488325e-24
0.396322769877712 9.081764023956805e-24
0.4009142802596325 9.192748735443241e-24
0.40555898457636985 9.305222529214728e-24
0.4102574990945704 9.419210895680379e-24
0.4150104472204999 9.534735172983191e-24
0.419818459582763 9.651824805605398e-24
0.42468217411597264 9.770502592884046e-24
0.4296022361453931 9.890796827114811e-24
0.43457929847256266 1.0012732615514546e-23
0.4396140214619084 1.0136342294858065e-23
0.44470707312836544 1.0261650152110718e-23
0.4498591292260063 1.038868608885759e-23
0.4550708733377066 1.0517483241251864e-23
0.4603429969658404 1.0648067078860714e-23
0.46567619962403045 1.078047136842329e-23
0.471071188929961 1.0914727077109545e-23
0.47652868069926646 1.1050868934076955e-23
0.48204939904050303 1.1188927310528041e-23
0.4876340764512305 1.132893974984e-23
0.49328345391519735 1.1470939622971847e-23
0.49899828100065624 1.1614960874565477e-23
0.5047793159598184 1.1761044055758547e-23
0.5106273258294591 1.190922439511977e-23
0.5165430865326913 1.2059541384938218e-23
0.522527382981911 1.2212033982334082e-23
0.5285810091829479 1.2366742998893058e-23
0.5347047683404104 1.2523709194109566e-23
0.5408994729642576 1.2682977710021275e-23
0.5471659449776043 1.2844587841088224e-23
0.5535050158257748 1.300858725024986e-23
0.559917526586622 1.3175021922558313e-23
0.5664043280821177 1.3343937385347185e-23
0.5729662809912484 1.351538307664791e-23
0.5796042559642065 1.3689410327039114e-23
0.5863191337379112 1.3866066253091673e-23
0.5931118052528659 1.4045405163964515e-23
0.5999831717713704 1.4227478567405775e-23
0.6069341449970971 1.4412344498151954e-23
0.6139656471960652 1.4600055109610522e-23
0.6210786113190024 1.4790672377683902e-23
0.6282739811251326 1.498425072966903e-23
0.6355527113073947 1.518086063597381e-23
0.6429157676191126 1.5380552899625322e-23
0.650364127002135 1.5583397927820196e-23
0.6578987777164514 1.5789463520654455e-23
0.6655207194713245 1.5998811689619682e-23
0.6732309635579277 1.6211518524071356e-23
0.6810305329835259 1.6427651248993517e-23
0.6889204626072101 1.6647285510073062e-23
0.6969017992772037 1.6870498847159766e-23
0.7049756019697624 1.7097362705569433e-23
0.7131429419296733 1.7327962906392153e-23
0.7214049028123998 1.7562380522291573e-23
0.7297625808278555 1.780069848276642e-23
0.7382170848858538 1.8043005561690985e-23
0.7467695367432384 1.8289389507752558e-23
0.7554210711527228 1.8539944706938234e-23
0.7641728360134435 1.8794761615016683e-23
0.7730259925232751 1.905394125955314e-23
0.7819817153328937 1.931758253669252e-23
0.7910411927016324 1.958579100996696e-23
0.8002056266551422 1.985866865105588e-23
0.8094762331448778 2.0136326628581116e-23
0.8188542422094343 2.0418878415354275e-23
0.8283408981377433 2.070643922276778e-23
0.8379374596341781 2.0999127195481158e-23
0.8476451999855527 2.1297065509348678e-23
0.8574654072300661 2.1600377830104832e-23
0.8673993843282011 2.1909197327890998e-23
0.8774484493356022 2.2223658865667437e-23
0.8876139355779604 2.2543899233921084e-23
0.897897191827913 2.2870058653339736e-23
0.908299582484012 2.320228648321806e-23
0.9188224877517467 2.3540732201537473e-23
0.9294673038266745 2.3885550278956742e-23
0.9402354430796694 2.4236903351903038e-23
0.9511283342443179 2.4594953705416272e-23
0.9621474226064876 2.4959871959351046e-23
0.973294170196082 2.533183648183146e-23
0.9845700559810368 2.571102288205928e-23
0.995976576063544 2.6097619680628303e-23
1.0075152438785586 2.6491819524280916e-23
1.0191875903946042 2.689382241060973e-23
1.0309951643169053 2.730382984199247e-23
1.0429395322928647 2.772205392028374e-23
1.055022279119941 2.814870815397569e-23
1.0672450079559133 2.8584017943973566e-23
1.0796093405315925 2.9028216694066077e-23
1.0921169173659961 2.948153762045069e-23
1.1047693979840143 2.9944231703297565e-23
1.1175684611366001 3.041654696619002e-23
1.1305158050235005 3.089874788946252e-23
1.1436131475185893 3.1391104411013695e-23
1.1568622263977881 3.1893895378366403e-23
1.1702647995696402 3.2407401849252145e-23
1.1838226453085516 3.2931925631596875e-23
1.1975375624907363 3.3467768041535015e-23
1.2114113708328955 3.401524842037177e-23
1.2254459111336509 3.4574689974512274e-23
1.2396430455178005 3.5146427355297233e-23
1.2540046576833765 3.573080620555951e-23
1.2685326531515815 3.632818940539528e-23
1.2832289595196156 3.6938939069590806e-23
1.2980955267164345 3.756343798408564e-23
1.3131343272614604 3.820208226222256e-23
1.3283473565263133 3.8855273613757605e-23
1.3437366329995504 3.9523434639079296e-23
1.3593041985544845 4.020699487605836e-23
1.3750521187201032 4.090640246311492e-23
1.3909824829551263 4.1622117080719045e-23
1.4070974049252414 4.235461539445344e-23
1.423399022783537 4.310438878677598e-23
1.4398894994542129 4.3871941632245297e-23
1.4565710229195499 4.465780107336654e-23
1.4734458065102158 4.546250756873128e-23
1.4905160891989353 4.6286617927128376e-23
1.5077841358975597 4.713071224125993e-23
1.5252522377575817 4.7995377689072136e-23
1.5429227124741174 4.888123800119035e-23
1.560797904593439 4.978892844681464e-23
1.5788801858240427 5.0719097636460804e-23
1.597171955351331 5.1672426824139505e-23
1.6156756401559431 5.264961517985636e-23
1.6343936953357714 5.365138838799981e-23
1.6533286044316964 5.467848565033664e-23
1.6724828797571252 5.573168614992671e-23
1.6918590627313173 5.68117783870412e-23
1.7114597242165863 5.791958924004493e-23
1.731287464859406 5.905596461089182e-23
1.7513449154354697 6.022178422009841e-23
1.7716347371987469 6.141795474673125e-23
1.7921596222345701 6.264541079235673e-23
1.8129222938168459 6.390511740481653e-23
1.8339255067693685 6.519807746335362e-23
1.8551720478313383 6.652531890624715e-23
1.8766647360271103 6.78879094199816e-23
1.8984064230402269 6.928694876299284e-23
1.9203999935917873 7.072357672213128e-23
1.9426483658231823 7.219896532880482e-23
1.9651544916832995 7.371432831265042e-23
1.9879213573201786 7.527092018782193e-23
2.010951983477221 7.687003619285728e-23
2.034249425893987 7.851301573153365e-23
2.0578167757116415 8.02012389350501e-23
2.0816571598830724 8.19361343454225e-23
2.1057737415878064 8.371917819099505e-23
2.1301697206516876 8.555189468429425e-23
2.1548483339714393 8.743585805222237e-23
2.1798128559441405 8.937269595498971e-23
2.205066598901679 9.136408481367831e-23
2.2306129135502393 9.341176448222687e-23
2.2564551894148637 9.551752544549619e-23
2.282596855289205 9.768322286121275e-23
2.3090413796904485 9.99107702787133e-23
2.335792271319522 1.0220214519749642e-22
2.3628530795266367 1.0455938940902629e-22
2.3902273947822223 1.0698461418324503e-22
2.4179188491533194 1.0947999790903427e-22
2.4459311167854674 1.120477945553702e-22
2.474267914390228 1.1469032934889954e-22
2.5029330017383034 1.1741000618498585e-22
2.5319301821583906 1.2020930621218016e-22
2.5612633030418195 1.230907965979018e-22
2.590936256353024 1.260571232969789e-22
2.6209529791459434 1.2911102368918348e-22
2.6513174540863744 1.32255326204451e-22
2.68203370998043 1.3549294568599523e-22
2.713105822309065 1.3882690251758775e-22
2.7445379137688235 1.4226030832820163e-22
2.776334154818845 1.4579638312134127e-22
2.8084987642342134 1.4943844533146765e-22
2.841036009665687 1.5318993059427028e-22
2.87395020820597 1.5705438213312447e-22
2.9072457269624925 1.6103545741145716e-22
2.9409269836368472 1.6513694109309203e-22
2.9749984471109374 1.6936273474751046e-22
3.0094646380399173 1.7371687025978284e-22
3.044330129452003 1.782035081050881e-22
3.079599547355207 1.8282695127810403e-22
3.1152775713511587 1.8759164199467806e-22
3.1513689352559795 1.925021457926246e-22
3.187878427728376 1.975632146223619e-22
3.2248108929050088 2.0277972614220318e-22
3.26217123104322 2.0815672589524945e-22
3.299964399171212 2.1369941793743414e-22
3.3381954117457306 2.1941317972938325e-22
3.3768693413174264 2.2530356301365255e-22
3.415991319203865 2.313762943856227e-22
3.455566536170366 2.376372874702821e-22
3.4956002431187176 2.4409264415295e-22
3.5360977517838865 2.5074866579019055e-22
3.577064435438755 2.576118506296546e-22
3.6185057296071004 2.646889087144039e-22
3.6604271327847586 2.7198676366264725e-22
3.702834207169182 2.795125590657964e-22
3.7457325793974383 2.8727366963836236e-22
3.7891279412927643 2.952776975758089e-22
3.8330260506197713 3.0353247717417558e-22
3.877432731848364 3.1204612117047026e-22
3.9223538769265875 3.208269797266068e-22
3.9677954460623495 3.2988366259610514e-22
4.013763468514235 3.3922505234359997e-22
4.0602640433914825 3.488603125874785e-22
4.107303340463217 3.5879888962263543e-22
4.154887600977081 3.6905054084611313e-22
4.203023138487291 3.7962531312365087e-22
4.251716339692387 3.9053356149958557e-22
4.300973665282593 4.0178596194950067e-22
4.35080165079704 4.133935454388075e-22
4.401206907490909 4.253676545980293e-22
4.45219612321264 4.377199948059516e-22
4.50377606329124 4.504626224899476e-22
4.555953571433978 4.636079561533412e-22
4.608735570634381 4.771688250433517e-22
4.662129064090797 4.911584202497948e-22
4.7161411361355885 5.055903388544148e-22
4.770778953175095 5.204785787637554e-22
4.8260497646404925 5.358375749623306e-22
4.88196090394962 5.51682187684709e-22
4.938519789480046 5.680277290650514e-22
4.995733925553313 5.848899484548798e-22
5.053610903430633 6.02285090783251e-22
5.112158402320107 6.2022983083579485e-22
5.171384190395613 6.387414073458592e-22
5.231296125827513 6.5783751072416645e-22
5.291902157825243 6.775363486292127e-22
5.35321032769209 6.978566966216007e-22
5.415228769892084 7.188178201408057e-22
5.477965713129301 7.404395848192972e-22
5.541429481439657 7.627424035084786e-22
5.605628495295373 7.857472685830017e-22
5.6705712727221655 8.094757924994254e-22
5.736266430429501 8.339501741940896e-22
5.802722684953827 8.591932352165449e-22
5.869948853815112 8.85228486572545e-22
5.937953856686763 9.120799801668012e-22
6.006746716579105 9.397725609428164e-22
6.076336561036578 9.683316891813222e-22
6.146732623348747 9.97783529104859e-22
6.21794424377546 1.02815495635193e-21
6.289980870786084 1.059473564281487e-21
6.362852062313149 1.0917677176584584e-21
6.436567487020515 1.1250665357104741e-21
6.5111369255862215 1.1593998505602894e-21
6.58657027200022 1.1947983474749078e-21
6.662877534877064 1.2312934671269643e-21
6.7400688387839605 1.2689174941062391e-21
6.818154425584043 1.3077035320705683e-21
6.897144655795308 1.3476855263595075e-21
6.977050009965252 1.3888982890679969e-21
7.057881090061454 1.4313775220129838e-21
7.139648620878274 1.4751597398453257e-21
7.2223634514597785 1.5202825042358679e-21
7.30603655653929 1.566784149597954e-21
7.390679037995482 1.6147040214799711e-21
