results/limits/BECCAL_l.dat
# %ECSV 1.0
# ---
# datatype:
# - {name: mx, unit: MeV, datatype: float64}
# - {name: sigma_10, unit: cm2, datatype: float64}
# - {name: sigma_9, unit: cm2, datatype: float64}
# - {name: sigma_7, unit: cm2, datatype: float64}
# - {name: sigma_6, unit: cm2, datatype: float64}
# - {name: sigma_5, unit: cm2, datatype: float64}
# - {name: sigma_4, unit: cm2, datatype: float64}
# - {name: sigma_3, unit: cm2, datatype: float64}
# - {name: sigma_2, unit: cm2, datatype: float64}
# schema: astropy-2.0
mx sigma_10 sigma_9 sigma_7 sigma_6 sigma_5 sigma_4 sigma_3 sigma_2
[from data line 721]
5.214554576410165 1.2554252427587868e-38 9.673256599013151e-36 7.269360565594882e-28 8.72930901303293e-25 9.809766331351246e-23 9.698333933360634e-21 2.3687666820973857e-19 1.5039583362539978e-19
5.336140146648369 1.2902108948850696e-38 1.0283574242904248e-35 7.762684524273567e-28 8.977822341827823e-25 1.0039061971198764e-22 9.924471625919838e-21 2.4239987224375926e-19 1.5390225478043576e-19
5.4605606763588606 1.3263208080256628e-38 1.093525666391933e-35 8.288232112026408e-28 9.231540057592719e-25 1.0273691178354519e-22 1.0155881907409668e-20 2.480517168974296e-19 1.574908416556181e-19
5.587882267096237 1.3638106513288168e-38 1.1631207286254077e-35 8.8479673324407e-28 9.490573823113074e-25 1.0513778602408951e-22 1.03926878298634e-20 2.538356106923822e-19 1.6116315809840116e-19
5.718172561677172 1.4027390357807057e-38 1.2374536327794483e-35 9.443958453720939e-28 9.755039127952175e-25 1.0759451790302196e-22 1.0635015035668181e-20 2.5975400631130423e-19 1.6492077402530746e-19
5.851500780117376 1.4431676936739825e-38 1.3168575585248555e-35 1.0078381884105813e-27 1.0025055329006098e-24 1.1010841260493918e-22 1.0882992472563045e-20 2.6581081270960327e-19 1.6876622511004725e-19
5.987937756406471 1.485161668789306e-38 1.4016894276370263e-35 1.075352601058138e-27 1.0300745690970939e-24 1.1268080564293627e-22 1.1136751655546362e-20 2.7200839261435433e-19 1.7270159846731647e-19
6.127555976140354 1.5287895179499129e-38 1.4923316014898346e-35 1.1471794976843937e-27 1.0582237427320998e-24 1.1531306365565072e-22 1.1396427621222694e-20 2.783508620572187e-19 1.7672781506991334e-19
6.270429615030991 1.5741235246683688e-38 1.5891936999250686e-35 1.2235712374201812e-27 1.086966174183814e-24 1.1800658504839968e-22 1.1662158144275927e-20 2.8484090058171775e-19 1.8084920151488837e-19
6.416634578314149 1.6212399256686675e-38 1.6927145501820482e-35 1.3047924816824279e-27 1.1163153871267554e-24 1.2076280081087346e-22 1.1934084566056069e-20 2.9148257374734694e-19 1.8506623025511085e-19
6.566248541075969 1.670219151135934e-38 1.8033642751941456e-35 1.3911205370469245e-27 1.1462853129123969e-24 1.2358317520989894e-22 1.221235119025624e-20 2.9827879718697273e-19 1.8938088690465806e-19
6.719350989519823 1.7211460796202038e-38 1.9216465312256267e-35 1.4828456801588847e-27 1.1768902951136517e-24 1.264692066319919e-22 1.2497106012481348e-20 3.052337765411586e-19 1.9379629915783378e-19
6.87602326319537 1.7741103086000927e-38 2.048100905536493e-35 1.5802714611553613e-27 1.2081450942346968e-24 1.2942242831721866e-22 1.2788500172778335e-20 3.123506731862478e-19 1.9831472039813063e-19
7.036348598212252 1.829206441796767e-38 2.1833054855285213e-35 1.6837149818700112e-27 1.2400648926285791e-24 1.324444092276925e-22 1.308668858069425e-20 3.1963363668038553e-19 2.0293855640672615e-19
7.200412171461376 1.8865343944185302e-38 2.3278796116457865e-35 1.793507144903384e-27 1.272665299624582e-24 1.3553675484528845e-22 1.339182963720475e-20 3.2708646552285597e-19 2.0767044623210055e-19
7.368301145867304 1.9461997176118128e-38 2.482486827181999e-35 1.9099928694766022e-27 1.3059623568950618e-24 1.3870110803484762e-22 1.370408542310869e-20 3.3471299555850727e-19 2.1251340271281887e-19
7.540104716695753 2.0083139434953462e-38 2.647838039088459e-35 2.033531269847898e-27 1.33997254407378e-24 1.4193914992358512e-22 1.4023621852471833e-20 3.4251735402595196e-19 2.17467915438855e-19
7.715914158940838 2.0729949522614396e-38 2.8246949048857314e-35 2.1644957919664595e-27 1.374712784639533e-24 1.4525260078603818e-22 1.4350608678939606e-20 3.5050365686528683e-19 2.225386723997075e-19
7.8958228758172275 2.1403673629414889e-38 3.01387346186324e-35 2.303274303972075e-27 1.4102004520809623e-24 1.4864322096352368e-22 1.4685219642283997e-20 3.5867622061640616e-19 2.2772752823642827e-19
8.07992644838296 2.2105629495528209e-38 3.216248015909518e-35 2.4502691361290338e-27 1.4464533763524632e-24 1.5211281179428023e-22 1.5027632510152554e-20 3.6703937632437607e-19 2.330372401217281e-19
8.2683226863193 2.28372108447117e-38 3.4327553085573653e-35 2.6058970658148943e-27 1.4834898506333465e-24 1.556632165687954e-22 1.537802915623365e-20 3.75597411524463e-19 2.3847091123565496e-19
8.461111679894604 2.3599892110077494e-38 3.664398982158219e-35 2.770589243275722e-27 1.5213286384009797e-24 1.5929632152048406e-22 1.5736595772203955e-20 3.843550011844176e-19 2.440312930785577e-19
8.658395853139817 2.439523347313216e-38 3.912254364525327e-35 2.9447910540154574e-27 1.5599889808242275e-24 1.6301405682389427e-22 1.6103522927874092e-20 3.933170680225893e-19 2.4972163868742397e-19
8.860280018263818 2.522488623883063e-38 4.1774735959125856e-35 3.1289619139144462e-27 1.599490604484074e-24 1.6681839758908589e-22 1.6479005359811802e-20 4.0248761703867727e-19 2.5554357062322225e-19
9.066871431337571 2.6090598571012586e-38 4.4612911228322867e-35 3.323574993476175e-27 1.6398537294410025e-24 1.7071136498588265e-22 1.6863242830323234e-20 4.1187255574241652e-19 2.61503147350254e-19
9.278279849276613 2.6994221614319507e-38 4.765029584968315e-35 3.529116867986243e-27 1.6810990776293046e-24 1.746950272108499e-22 1.725643915763627e-20 4.2147568624167134e-19 2.6759946390648696e-19
9.494617588152204 2.7937716030541684e-38 5.090106123320356e-35 3.746087090838531e-27 1.7232478816224174e-24 1.7877150071061984e-22 1.7658803579595966e-20 4.313033868214656e-19 2.738391025455422e-19
9.715999582862075 2.892315897932123e-38 5.438039139727567e-35 3.974997687840875e-27 1.7663218937297297e-24 1.829429511722686e-22 1.8070549514635685e-20 4.41359580706852e-19 2.8022425804309113e-19
9.942543448192506 2.995275157525812e-38 5.810455540077472e-35 4.2163725709598124e-27 1.8103433954787078e-24 1.8721159480734056e-22 1.8491896020166176e-20 4.516507575148673e-19 2.867580768585008e-19
10.17436954130415 3.1028826855737833e-38 6.209098495816952e-35 4.470746870698077e-27 1.8553352074392784e-24 1.915796994129148e-22 1.8923066736973012e-20 4.621815969042417e-19 2.934446598002051e-19
10.411601025674827 3.2153858296238203e-38 6.635835760859019e-35 4.738666187119049e-27 1.901320699436775e-24 1.960495856583445e-22 1.9364290833751205e-20 4.729580654665187e-19 3.002863992894085e-19
10.654363936533231 3.3330468912491163e-38 7.092668583632537e-35 5.020685760432701e-27 1.9483238011282942e-24 2.0062362828073826e-22 1.9815802751954665e-20 4.839859948029525e-19 3.0728779140181477e-19
10.902787247818345 3.456144099168841e-38 7.581741256865595e-35 5.3173695630325546e-27 1.9963690129603175e-24 2.0530425733458968e-22 2.0277842209749743e-20 4.952706561882096e-19 3.1445323267545e-19
11.157002940700098 3.5849726497942086e-38 8.10535135073982e-35 5.6292893159117066e-27 2.0454814175164663e-24 2.100939595451087e-22 2.0750654957237883e-20 5.068190847819985e-19 3.217856188257108e-19
11.417146073697703 3.719845820045956e-38 8.665960678317642e-35 5.9570234334775364e-27 2.0956866912363342e-24 2.1499527951903013e-22 2.1234491795907896e-20 5.186359556714206e-19 3.292880224899301e-19
11.683354854432924 3.861096157638325e-38 9.266207045642177e-35 6.3011559019145425e-27 2.1470111165503875e-24 2.2001082124510434e-22 2.1729610209088445e-20 5.307291601791875e-19 3.369658569021707e-19
11.955770713056356 4.009076754399651e-38 9.908916842657551e-35 6.66227509739529e-27 2.199481594380983e-24 2.2514324931188728e-22 2.22362728303588e-20 5.431035905256671e-19 3.4482298286351666e-19
12.234538377385784 4.164162608602814e-38 1.0597118535113383e-34 7.040972551594338e-27 2.2531256570745795e-24 2.303952904834848e-22 2.2754749196183118e-20 5.557671628406275e-19 3.5286219336326346e-19
12.519805949796487 4.3267520827117584e-38 1.1334057121919939e-34 7.437841673094325e-27 2.307971481710058e-24 2.3576973500735494e-22 2.3285314470405158e-20 5.6872552082341945e-19 3.610905510403596e-19
12.811724985904382 4.4972684634153476e-38 1.2123209627031246e-34 7.853476434370184e-27 2.364047903841168e-24 2.4126943821494025e-22 2.3828250781682885e-20 5.819864935965587e-19 3.6951162133398353e-19
13.110450575083778 4.676161631319038e-38 1.296830169987321e-34 8.288470035066746e-27 2.4213844316319838e-24 2.4689732193477087e-22 2.438384632734803e-20 5.955561862904203e-19 3.7812676225564396e-19
13.416141422862523 4.863909848200937e-38 1.3873325403627085e-34 8.743413553229576e-27 2.4800112604313343e-24 2.5265637614696355e-22 2.4952396556147504e-20 6.094428338574901e-19 3.8694263667827193e-19
13.72895993523834 5.061021670313793e-38 1.4842558276349848e-34 9.218894596977872e-27 2.5399592877513826e-24 2.585496604617406e-22 2.553420321755949e-20 6.236526679176491e-19 3.9596415230067397e-19
14.04907230496112 5.26803799683172e-38 1.5880583755989536e-34 9.715495969804135e-27 2.6012601286976086e-24 2.6458030585819175e-22 2.612957566309292e-20 6.381941765669107e-19 4.0519605973959727e-19
14.37664859982702 5.485534263202205e-38 1.6992313066864767e-34 1.023379436322085e-26 2.6639461318152122e-24 2.7075151626027207e-22 2.673883013033227e-20 6.530748289589608e-19 4.146435719553623e-19
14.711862853031292 5.714122789873688e-38 1.818300867215266e-34 1.0774359090833922e-26 2.7280503953884914e-24 2.770665702691299e-22 2.7362290214862596e-20 6.683022085463706e-19 4.243126404214536e-19
15.054893155627816 5.954455297630153e-38 1.945830940440461e-34 1.1337750878085675e-26 2.793606784187134e-24 2.83528822923762e-22 2.8000287231812413e-20 6.838847263735318e-19 4.342059092240965e-19
15.405921751144481 6.207225601579849e-38 2.0824257394116627e-34 1.1924520721864594e-26 2.8606499466624427e-24 2.901417074549029e-22 2.8653160104320385e-20 6.998305534032086e-19 4.443302165644869e-19
15.765135132404664 6.473172496719409e-38 2.228732692496099e-34 1.2535208833915202e-26 2.9292153326092574e-24 2.969087371248439e-22 2.9321255703119476e-20 7.161482191079897e-19 4.546907160194384e-19
16.132724140606275 6.753082848931992e-38 2.385445535347954e-34 1.3170343681494106e-26 2.999339211294422e-24 3.0383350708883176e-22 3.000492897943322e-20 7.328464243218554e-19 4.65292011704346e-19
16.50888406671095 7.047794906281541e-38 2.553307624088617e-34 1.3830441138006416e-26 3.071058690061096e-24 3.1091969629782667e-22 3.070454308053476e-20 7.499337742645882e-19 4.761417136951002e-19
16.89381475519735 7.358201846541236e-38 2.733115485518046e-34 1.4516003755429e-26 3.1444117334197812e-24 3.1817106947476647e-22 3.142046976156978e-20 7.674195973280042e-19 4.872428644085585e-19
17.287720710233557 7.68525557804615e-38 2.92572262130778e-34 1.5227520169188775e-26 3.2194371826281665e-24 3.2559147910367534e-22 3.2153089472407353e-20 7.853135419499153e-19 4.98605774448521e-19
17.690811204325115 8.029970812194468e-38 3.132043584337527e-34 1.5965464644837737e-26 3.2961747757682894e-24 3.3318486743271136e-22 3.290279111991469e-20 8.03623935130673e-19 5.102292542418239e-19
18.103300389496336 8.393429427243555e-38 3.3530583466348335e-34 1.6730296774367267e-26 3.3746651683490265e-24 3.4095526868855133e-22 3.366997348276236e-20 8.223622981281008e-19 5.221274025415766e-19
18.52540741106398 8.776785144462723e-38 3.589816979767623e-34 1.75224613283599e-26 3.454949954397034e-24 3.489068110326965e-22 3.4455043540364093e-20 8.415363271078904e-19 5.343005228724102e-19
18.957356524063755 9.181268539220925e-38 3.8434446700288774e-34 1.8342388268420649e-26 3.537071688116753e-24 3.5704371898682e-22 3.525841902707561e-20 8.611586192562087e-19 5.467590210564091e-19
19.399377212391464 9.60819241121093e-38 4.1151470923483335e-34 1.9190492922484318e-26 3.621073906041334e-24 3.6537031542961953e-22 3.608052616141836e-20 8.812373767090362e-19 5.59507835726163e-19
19.85170431072216 1.0058957539750104e-37 4.406216168575624e-34 2.0067176323710778e-26 3.707001149778435e-24 3.7389102412358635e-22 3.6921802190096223e-20 9.017850685949207e-19 5.725533358472291e-19
20.314578129271972 1.0535058851959342e-37 4.7180362376106685e-34 2.0972825711775136e-26 3.794898989274274e-24 3.826103718819088e-22 3.778269377405839e-20 9.228115275347837e-19 5.859035187899866e-19
20.788244581469023 1.1038092033614896e-37 5.0520906668189305e-34 2.1907815193488231e-26 3.88481404667624e-24 3.9153299108502788e-22 3.8663658349477685e-20 9.443281800387863e-19 5.995642738070968e-19
21.272955314601134 1.1569760614601605e-37 5.409968936271082e-34 2.2872506557866748e-26 3.97679402076335e-24 4.0066362211862793e-22 3.9565164138285476e-20 9.663471446915978e-19 6.135441961607567e-19
21.76896784350983 1.2131883563180887e-37 5.793374229597974e-34 2.386725023905438e-26 4.070887711964356e-24 4.100071158175954e-22 4.048768964697979e-20 9.888784834011755e-19 6.278516537778573e-19
22.27654568740161 1.272640342573306e-37 6.204131567663855e-34 2.4892386418906198e-26 4.167145048005071e-24 4.195684362167485e-22 4.143172566888189e-20 1.0119366894002335e-18 6.42490029233276e-19
22.79595850984919 1.3355395051252431e-37 6.644196523844592e-34 2.5948246259608873e-26 4.265617110129582e-24 4.293526629203417e-22 4.239777284866781e-20 1.0355306654059949e-18 6.57471195079828e-19
23.327482262057103 1.4021074942677202e-37 7.115664562464983e-34 2.7035153255457866e-26 4.3663561600110375e-24 4.393649941367433e-22 4.338634533186212e-20 1.0596763355535747e-18 6.7280034509129e-19
23.871399329467756 1.4725811280139168e-37 7.6207810449144686e-34 2.8153424691847655e-26 4.469415667239115e-24 4.49610749098174e-22 4.439796759476784e-20 1.0843838083630796e-18 6.884876636875275e-19
24.427998681785848 1.547213466443142e-37 8.161951951135999e-34 2.930337319869301e-26 4.574850337526774e-24 4.600953711769449e-22 4.543317764602671e-20 1.1096683010879966e-18 7.045398955809825e-19
24.997576026500827 1.6262749632434593e-37 8.741755367584669e-34 3.048530838486555e-26 4.6827161415373735e-24 4.7082443055194685e-22 4.649252504229188e-20 1.1355416540056248e-18 7.209678614589329e-19
25.580433965988984 1.7100546999926434e-37 9.36295379639604e-34 3.1699538539836375e-26 4.793070344436797e-24 4.818036273428775e-22 4.757657294175029e-20 1.1620189375651929e-18 7.377809005789691e-19
26.176882158278623 1.7988617091146e-37 1.002850734440759e-33 3.294637238853108e-26 4.905971536114259e-24 4.930387944911725e-22 4.86858969190561e-20 1.1891128939411237e-18 7.549860373985984e-19
26.787237481563718 1.8930263918708427e-37 1.074158785485608e-33 3.422612088544491e-26 5.021479662148086e-24 5.0453590100767e-22 4.982108676913475e-20 1.2168395578230715e-18 7.725879562145359e-19
27.411824202553472 1.992902038199114e-37 1.150559404905127e-33 3.55390990343024e-26 5.139656055470461e-24 5.163010549639066e-22 5.0982745009170706e-20 1.245211489825974e-18 7.906004068626601e-19
28.050974148747212 2.0988664556958523e-37 1.2324167750121977e-33 3.6885627719981796e-26 5.2605634688186105e-24 5.283405069492914e-22 5.217148933448523e-20 1.2742457576823263e-18 8.0903277064922545e-19
28.705026884726152 2.211323715558096e-37 1.3201211266065621e-33 3.8266035540019083e-26 5.384266107910966e-24 5.406606532085477e-22 5.338795110065629e-20 1.3039570616233891e-18 8.278953452843905e-19
29.374329892555654 2.330706023856378e-37 1.4140906014833272e-33 3.9680660623763673e-26 5.5108296654304325e-24 5.532680391171849e-22 5.46327764373025e-20 1.3343606384309795e-18 8.47199887601104e-19
30.05923875639388 2.457475727105477e-37 1.5147732480072582e-33 4.1129852428132525e-26 5.64032135580151e-24 5.661693626880927e-22 5.590662688544718e-20 1.3654733717118366e-18 8.669549562714897e-19
30.760117351404876 2.592127461737744e-37 1.6226491592459535e-33 4.26139734998912e-26 5.772809950775342e-24 5.793714780705217e-22 5.72101791497922e-20 1.3973115649777797e-18 8.87169242282409e-19
31.477338037076432 2.7351904577669324e-37 1.738232763830536e-33 4.413340119545336e-26 5.908365815858577e-24 5.928813992214812e-22 5.854412575991735e-20 1.429892075091209e-18 9.07855147676459e-19
32.21128185504559 2.8872310076624657e-37 1.8620752804359376e-33 4.5688529350304393e-26 6.047060947593417e-24 6.067063036335387e-22 5.990917545290152e-20 1.4632323755426002e-18 9.290223184398977e-19
