results/limits/BECCAL_l_N2only.dat
# %ECSV 1.0
# ---
# datatype:
# - {name: mx, unit: MeV, datatype: float64}
# - {name: sigma_10, unit: cm2, datatype: float64}
# - {name: sigma_9, unit: cm2, datatype: float64}
# - {name: sigma_7, unit: cm2, datatype: float64}
# - {name: sigma_6, unit: cm2, datatype: float64}
# - {name: sigma_5, unit: cm2, datatype: float64}
# - {name: sigma_4, unit: cm2, datatype: float64}
# - {name: sigma_3, unit: cm2, datatype: float64}
# - {name: sigma_2, unit: cm2, datatype: float64}
# schema: astropy-2.0
mx sigma_10 sigma_9 sigma_7 sigma_6 sigma_5 sigma_4 sigma_3 sigma_2
[from data line 399]
0.01567455410205595 2.791066110371527e-41 5.715179544016413e-41 5.080442347339472e-38 1.7380737686987443e-34 1.6910031096994243e-30 1.6350756397405776e-26 2.3215262748862933e-23 5.790296601839336e-23
0.01596626022101425 2.7514213164280175e-41 5.657213996047811e-41 5.254883372663919e-38 1.8351528503676094e-34 1.787162346970263e-30 1.728071978196796e-26 2.4535653333688785e-23 6.119625343128461e-23
0.016263395040481923 2.712385960472371e-41 5.600179718851648e-41 5.436642357972432e-38 1.937718773922728e-34 1.8887903952323755e-30 1.826357570434363e-26 2.59311424148056e-23 6.46768497639165e-23
0.016566059589499135 2.6739504453713557e-41 5.544064600617121e-41 5.626069497705067e-38 2.046082985218995e-34 1.9961982921162885e-30 1.9302332478377882e-26 2.7406001292113736e-23 6.835540839300566e-23
0.016874356777273756 2.636105329094974e-41 5.488856753902463e-41 5.823533249126284e-38 2.1605746322778774e-34 2.1097147657024612e-30 2.040016951867631e-26 2.8964744199843835e-23 7.224318861641664e-23
0.017188391428171457 2.5988413221821045e-41 5.434544512975323e-41 6.029421337002512e-38 2.281541571884965e-34 2.229687240680554e-30 2.1560447072126087e-26 3.061214212368195e-23 7.635209011551387e-23
0.01750827031735725 2.5621492852482106e-41 5.381116431222124e-41 6.244141815331708e-38 2.409351433435236e-34 2.35648290173507e-30 2.278671650290798e-26 3.235323740375871e-23 8.069468937759697e-23
0.01783410220710008 2.5260202265344426e-41 5.328561278626135e-41 6.468124189402262e-38 2.544392743281701e-34 2.4904898174119427e-30 2.4082731162477318e-26 3.4193359168196146e-23 8.528427818989387e-23
0.018165997883753268 2.490445299497417e-41 5.276868039313935e-41 6.701820601647009e-38 2.6870761130287866e-34 2.632118127906152e-30 2.5452457877786558e-26 3.613813964445383e-23 9.013490432294039e-23
0.018504070195423022 2.455415800439028e-41 5.226025909170129e-41 6.945707084955625e-38 2.837835495407128e-34 2.7818013004058558e-30 2.6900089092911205e-26 3.8193531398397905e-23 9.52614145278646e-23
0.018848434090337953 2.420923166175597e-41 5.176024293520005e-41 7.20028488731847e-38 2.997129511573465e-34 2.9399974558353427e-30 2.843005570124211e-26 4.036582555385859e-23 1.006794999791829e-22
0.019199206655932846 2.3869589717457097e-41 5.126852804880013e-41 7.466081871896226e-38 3.165442853898075e-34 3.1071907710578424e-30 3.0047040607522516e-26 4.2661671048444016e-23 1.0640574430220242e-22
0.019556507158659493 2.3535149281561243e-41 5.078501260775969e-41 7.743653996842655e-38 3.3432877685328313e-34 3.2838929608298076e-30 3.175599306123727e-26 4.508809498454554e-23 1.1245767433202418e-22
0.01992045708453869 2.320582880165056e-41 5.030959681628799e-41 8.033586879455443e-38 3.531205622297642e-34 3.470644844042856e-30 3.356214380522904e-26 4.765252413782754e-23 1.1885381375951782e-22
0.02029118018046678 2.2881548041022937e-41 4.984218288707839e-41 8.336497449489869e-38 3.7297685586807026e-34 3.6680179990471335e-30 3.5471021085906243e-26 5.036280768903309e-23 1.256137398284617e-22
0.02066880249629082 2.2562228057254873e-41 4.938267502151669e-41 8.653035696745623e-38 3.939581248020931e-34 3.876616513122722e-30 3.748846757404636e-26 5.322724124868227e-23 1.3275814325738541e-22
0.021053452427667062 2.2247791181119863e-41 4.893097939056389e-41 8.983886518328082e-38 4.161282737229309e-34 4.097078831454001e-30 3.9620658247987815e-26 5.625459224820042e-23 1.4030889156953113e-22
0.021445260759716676 2.1938160995857125e-41 4.848700411631554e-41 9.329771671291634e-38 4.395548404710171e-34 4.3300797112660116e-30 4.187411929394432e-26 5.945412677518907e-23 1.4828909602476095e-22
0.021844360711494263 2.1633262316783992e-41 4.805065925423699e-41 9.69145183669764e-38 4.643092026465968e-34 4.576332287104342e-30 4.4255748081294094e-26 6.283563793498148e-23 1.5672318235828806e-22
0.022250887981283694 2.1333021171246885e-41 4.762185677607708e-41 1.0069728801461469e-37 4.904667959708827e-34 4.8365902535796375e-30 4.6772834273982526e-26 6.640947582528733e-23 1.6563696554273805e-22
0.02266498079273693 2.1037364778905064e-41 4.720051055346137e-41 1.0465447764725045e-37 5.181073450662204e-34 5.1116501722577766e-30 4.9433082142655674e-26 7.018657921567471e-23 1.7505772880237377e-22
0.023086779941871697 2.0746221532341246e-41 4.678653634216668e-41 1.087949977587327e-37 5.473151073616072e-34 5.402353909756739e-30 5.224463414581995e-26 7.417850902885479e-23 1.8501430712133704e-22
0.023516428844943486 2.0459520977994517e-41 4.637985176708092e-41 1.1312824311715818e-37 5.781791308700447e-34 5.709591214512344e-30 5.521609585220072e-26 7.839748372624479e-23 1.9553717550149477e-22
0.02395407358720877 2.0177193797409215e-41 4.598037630784894e-41 1.1766412000782263e-37 6.107935266267189e-34 6.034302440100196e-30 5.835656228058644e-26 8.285641670612175e-23 2.0665854224004322e-22
0.024399862972595502 1.9899171788795312e-41 4.5588031285210387e-41 1.2241307503128117e-37 6.452577566218165e-34 6.377481423449028e-30 6.167564573777571e-26 8.75689558288306e-23 2.184124475123619e-22
0.024853948574297985 1.962538784889476e-41 4.520273984803114e-41 1.2738612554524714e-37 6.816769381092517e-34 6.740178526755115e-30 6.518350523983429e-26 9.254952519002715e-23 2.308348675618623e-22
0.025316484786313556 1.9355775955148716e-41 4.4824426961034177e-41 1.3259489184408385e-37 7.201621652227036e-34 7.123503852408693e-30 6.88908776067167e-26 9.78133692698169e-23 2.439638248157422e-22
0.02578762887593801 1.9090271148160982e-41 4.4453019393234015e-41 1.3805163117493339e-37 7.608308488832785e-34 7.528630640772079e-30 7.280911032542161e-26 1.0337659959291481e-22 2.5783950426366965e-22
0.026267541037238357 1.8828809514452216e-41 4.408844570707993e-41 1.43769273695145e-37 8.038070760391927e-34 7.95679886120993e-30 7.695019628227421e-26 1.0925624404265216e-22 2.725043764556296e-22
0.02675638444552045 1.85713281695007e-41 4.3730636248314136e-41 1.4976146048156415e-37 8.492219893369509e-34 8.409319007362634e-30 8.132681047063851e-26 1.1547029897976146e-22 2.8800332749538402e-22
0.027254325312810277 1.8317765241064581e-41 4.3379523136550933e-41 1.5604258370850303e-37 8.972141883860712e-34 8.887576108279421e-30 8.595234878641711e-26 1.2203778432546843e-22 3.043837964274363e-22
0.02776153294436801 1.8068059852780873e-41 4.303504025658326e-41 1.6262782911781702e-37 9.479301538455431e-34 9.393033967688777e-30 9.084096903008402e-26 1.289788017774915e-22 3.2169592043802144e-22
0.02827817979625341 1.782215210803694e-41 4.269712325042478e-41 1.6953322091147229e-37 1.001524695629933e-33 9.927239644381028e-30 9.600763424074478e-26 1.3631459633712735e-22 3.3999268831453006e-22
0.028804441533962978 1.7579983074109704e-41 4.236570951009449e-41 1.7677566920437929e-37 1.0581614266070504e-33 1.0491828187417416e-29 1.0146815849486807e-25 1.4406762133575552e-22 3.5933010263310154e-22
0.02934049709215787 1.7341494766568324e-41 4.204073817115273e-41 1.8437302018302435e-37 1.1180132632369126e-33 1.1088527640658223e-29 1.0723925530985866e-25 1.5226160715978211e-22 3.797673511707772e-22
0.029886528735503827 1.7106630133935823e-41 4.1722150106997394e-41 1.923441091236867e-37 1.181262954684416e-33 1.1719164331928718e-29 1.1333858880063686e-25 1.6092163388438757e-22 4.0136698806690363e-22
0.03044272212064303 1.6875333042605628e-41 4.1409887923929817e-41 2.0070881643268976e-37 1.2481036420250753e-33 1.2385668463011175e-29 1.197848277457934e-25 1.700742080383855e-22 4.24195125288254e-22
0.031009266359319266 1.6647548262008685e-41 4.110389595700056e-41 2.0948812688033596e-37 1.3187394492554318e-33 1.3090080017572945e-29 1.2659770272881012e-25 1.7974734373515613e-22 4.483216349839142e-22
0.03158635408267819 1.642322145002691e-41 4.0804120266645744e-41 2.18704192209877e-37 1.3933861079170779e-33 1.3834555005114083e-29 1.3379806652924701e-25 1.8997064841798767e-22 4.738203633493145e-22
0.03217418150676372 1.6202299138649227e-41 4.051050863612519e-41 2.283803973131062e-37 1.4722716172459789e-33 1.4621372060044867e-29 1.414079579487299e-25 2.0077541348225634e-22 5.00769356653962e-22
0.03277294849923382 1.5984728719865943e-41 4.022301056977459e-41 2.3854143017502343e-37 1.555636941867749e-33 1.5452939416092733e-29 1.4945066926710996e-25 2.121947100518414e-22 5.292511001247428e-22
0.03338285864731761 1.5770458431797656e-41 3.9941577292083895e-41 2.492133558014474e-37 1.643736749174227e-33 1.6331802277385043e-29 1.5795081753525379e-25 2.2426349020291137e-22 5.593527704159323e-22
0.03400411932703706 1.5559437345054837e-41 3.966616174761576e-41 2.6042369435556272e-37 1.7368401886382677e-33 1.726065060876898e-29 1.6693441992267899e-25 2.3701869394490866e-22 5.91166502438676e-22
0.034636941773717345 1.5351615349324218e-41 3.939671860177738e-41 2.7220150374218767e-37 1.835231715452086e-33 1.8242327369214154e-29 1.7642897335066566e-25 2.5049936228619056e-22 6.247896713666777e-22
0.03528154115380883 1.514694314017853e-41 3.9133204242461084e-41 2.8457746689204325e-37 1.939211961009954e-33 1.9279837213496958e-29 1.8646353865457107e-25 2.6474675673037825e-22 6.603251906812076e-22
0.03593813663804626 1.4945372206105483e-41 3.887557678256817e-41 2.9758398401261622e-37 2.0490986528996873e-33 2.0376355688802363e-29 1.970688295329632e-25 2.7980448556918485e-22 6.97881827167737e-22
0.03660695147596903 1.4746854815752901e-41 3.862379606343302e-41 3.112552700872908e-37 2.1652275872186597e-33 2.1535238954390984e-29 2.0827730655582102e-25 2.957186373582665e-22 7.375745338282928e-22
0.037288213071828336 1.4551344005386116e-41 3.837782365916367e-41 3.2562745792039113e-37 2.28795365619036e-33 2.2760034054081108e-29 2.2012327651953877e-25 3.1253792198463973e-22 7.795248017285261e-22
0.037982153061907366 1.4358793566554287e-41 3.8137622881916717e-41 3.4073870704266416e-37 2.4176519342268656e-33 2.4054489772989175e-29 2.3264299745285115e-25 3.3031381975745454e-22 8.238610318564474e-22
0.03868900739327975 1.416915803396235e-41 3.790315878812485e-41 3.5662931880952547e-37 2.5547188257611354e-33 2.542256811175636e-29 2.4587478959506115e-25 3.4910073897843634e-22 8.707189281309497e-22
0.03940901640403448 1.3982392673544887e-41 3.767439818569631e-41 3.7334185804329928e-37 2.699573278362625e-33 2.6868456413384305e-29 2.5985915268627413e-25 3.6895618247431425e-22 9.202419127631148e-22
0.04014242490499322 1.3798453470739125e-41 3.7451309642206054e-41 3.909212815905543e-37 2.852658064848993e-33 2.8396580179795226e-29 2.7463888992862e-25 3.8994092360093376e-22 9.7258156524157e-22
0.040889482262948605 1.3617297118953415e-41 3.723386349409969e-41 4.094150741867359e-37 3.014441138318235e-33 3.001161661734645e-29 2.902592389978881e-25 4.1211919225777087e-22 1.0278980862855591e-21
0.04165044248545185 1.3438881008228212e-41 3.702203185693181e-41 4.288733920425653e-37 3.1854170642487116e-33 3.171850895275997e-29 3.0676801050658922e-25 4.355588714822189e-22 1.086360788185831e-21
0.04242556430717777 1.3263163214086403e-41 3.6815788636661144e-41 4.493492145901742e-37 3.3661085340501366e-33 3.352248156328281e-29 3.242157343422213e-25 4.603317052253443e-22 1.1481486130340914e-21
0.04321511127789762 1.309010248656983e-41 3.661510954202586e-41 4.708985048518854e-37 3.557067964698381e-33 3.5429055967391474e-29 3.426558143286811e-25 4.865135179451102e-22 1.2134506804273068e-21
0.044019351852088745 1.291965823945914e-41 3.641997209802368e-41 4.935803789207881e-37 3.7588791893499596e-33 3.744406772498193e-29 3.6214469168418347e-25 5.141844466891648e-22 1.2824668663231912e-21
0.04483855948021186 1.2751790539673976e-41 3.6230355660522086e-41 5.174572850701137e-37 3.972159244110834e-33 3.957368429877448e-29 3.827420177760135e-25 5.4342918637756605e-22 1.355408414818658e-21
0.04567301270168747 1.2586460096850297e-41 3.6046241432023903e-41 5.425951930377819e-37 4.197560256428436e-33 4.1824423931604064e-29 4.0451083670087496e-25 5.743372490362085e-22 1.4324985847238072e-21
0.04652299523960189 1.2423628253092583e-41 3.5867612478616807e-41 5.6906379406354845e-37 4.4357714408866196e-33 4.4203175597373193e-29 4.275177782496624e-25 6.070032377743856e-22 1.5139733329103684e-21
0.047388796097176514 1.2263256972897383e-41 3.5694453748133425e-41 5.969367122890601e-37 4.6875212085124435e-33 4.6717220086736214e-29 4.518332618473107e-25 6.415271363451142e-22 1.6000820365263267e-21
0.04827070965603183 1.2105308833246109e-41 3.552675208955233e-41 6.262917281658025e-37 4.953579396050606e-33 4.937425229205114e-29 4.775317120919042e-25 6.780146151744652e-22 1.691088256287143e-21
0.04916903577628026 1.1949747013863885e-41 3.536449627366881e-41 6.572110145526308e-37 5.2347596220288686e-33 5.218240475980966e-29 5.046917865527878e-25 7.165773547966124e-22 1.7872705431799286e-21
0.050084079898482126 1.1796535287642068e-41 3.520767701506758e-41 6.897813862234085e-37 5.5319217768259715e-33 5.51502725826354e-29 5.333966165249244e-25 7.573333876845801e-22 1.8889232910497248e-21
0.051016153147498335 1.1645638011221719e-41 3.505628699542862e-41 7.240945635461861e-37 5.8459746543631904e-33 5.828693970703695e-29 5.637340614763737e-25 8.004074595229176e-22 1.996357637677405e-21
0.051965572438276576 1.14970201157354e-41 3.4910320888199756e-41 7.60247451138803e-37 6.177878733474936e-33 6.160200673744182e-29 5.957969779677395e-25 8.459314110281422e-22 2.109902417107313e-21
0.052932660583605615 1.1350647097704957e-41 3.476977538466989e-41 7.983424323515142e-37 6.528649117471075e-33 6.510562032160988e-29 6.296835038666536e-25 8.94044581485561e-22 2.2299051661394267e-21
0.053917746403875 1.120648501009264e-41 3.4634649221478404e-41 8.384876804757118e-37 6.899358640888537e-33 6.880850420737124e-29 6.654973587272394e-25 9.448942352376526e-22 2.356733188066725e-21
0.05492116483887789 1.1064500453503175e-41 3.4504943209596296e-41 8.807974876289999e-37 7.291141152941284e-33 7.272199206574714e-29 7.033481612539624e-25 9.986360124294023e-22 2.4907746769137212e-21
0.05594325706169378 1.0924660567534445e-41 3.4380660264817224e-41 9.253926123209153e-37 7.705194987718104e-33 7.685806218091517e-29 7.433517648215168e-25 1.0554344053901863e-21 2.6324399056170508e-21
0.05698437059469142 1.0786933022274387e-41 3.4261805439796107e-41 9.72400646760867e-37 8.142786631750328e-33 8.122937411320339e-29 7.856306120777689e-25 1.1154632621103755e-21 2.7821624817851004e-21
0.05804485942768978 1.0651286009941882e-41 3.4148385957675087e-41 1.0219564050301617e-36 8.605254600174278e-33 8.584930744732326e-29 8.303141097150504e-25 1.1789063183536215e-21 2.9404006748800685e-21
0.059125084138318754 1.0517688236669147e-41 3.4040411247337213e-41 1.0742023333040101e-36 9.094013533353202e-33 9.073200274445044e-29 8.775390245569625e-25 1.2459577600335836e-21 3.107638818884903e-21
0.06022541201461928 1.03861089144238e-41 3.393789298032942e-41 1.1292889433767739e-36 9.610558526496933e-33 9.589240482349147e-29 9.27449902172982e-25 1.3168228175763467e-21 3.2843887947482088e-21
0.06134621717992506 1.0256517753068068e-41 3.3840845109497627e-41 1.1873752708151591e-36 1.0156469705531475e-32 1.013463085040149e-28 9.80199509302186e-25 1.39171839408779e-21 3.471191597144646e-21
0.062487880720068945 1.0128884952553121e-41 3.3749283909377073e-41 1.2486293591394435e-36 1.0733417063224318e-32 1.071104069508583e-28 1.0359493014402672e-24 1.4708737292486043e-21 3.6686189903464414e-21
0.06365079081295572 1.0003181195246524e-41 3.3663228018383164e-41 1.3132287715124767e-36 1.1343165570367337e-32 1.1320234276837757e-28 1.094869917020983e-24 1.5545311009689337e-21 3.87727525827405e-21
0.06483534286054721 9.879377638390633e-42 3.3582698482848484e-41 1.3813611315005431e-36 1.1987580577662014e-32 1.196407620007355e-28 1.1571416997047006e-24 1.642946566950376e-21 4.097799054082809e-21
0.06604193962330306 9.757445906689921e-42 3.3507718802952097e-41 1.4532246945590372e-36 1.2668633524840307e-32 1.2644537120350599e-28 1.222955250372572e-24 1.736390748424982e-21 4.330865354946515e-21
