results/limits/BECCAL_h_phase.dat
# %ECSV 1.0
# ---
# datatype:
# - {name: mx, unit: MeV, datatype: float64}
# - {name: sigma, unit: cm2 MeV4, datatype: float64}
# schema: astropy-2.0
mx sigma
[from data line 1072]
0.0005194492321384366 1.6736157511453311e-21
0.000521366867604767 1.698466661773643e-21
0.0005232915823495992 1.7236865747537374e-21
0.0005252234025072966 1.7492809692788174e-21
0.0005271623543087045 1.7752554058867082e-21
0.0005291084640815018 1.801615527690959e-21
0.0005310617582505611 1.828367061601487e-21
0.000533022263338307 1.855515819550962e-21
0.0005349900059650756 1.8830676997806755e-21
0.000536965012849478 1.911028688119833e-21
0.0005389473108087604 1.9394048592717515e-21
0.0005409369267591693 1.9682023781310303e-21
0.0005429338877163178 1.9974275011446565e-21
0.0005449382207955507 2.0270865776658496e-21
0.0005469499532123157 2.0571860513120005e-21
0.0005489691122825291 2.087732461387107e-21
0.0005509957254229494 2.1187324442918137e-21
0.0005530298201515484 2.1501927349752998e-21
0.0005550714240878846 2.182120168381315e-21
0.000557120564953481 2.2145216809516913e-21
0.000559177270572197 2.2474043121208955e-21
0.0005612415688706091 2.280775205858896e-21
0.0005633134878783914 2.3146416121920823e-21
0.0005653930557286905 2.3490108888161625e-21
0.0005674803006585152 2.3838905026845184e-21
0.000569575251009114 2.4192880316131797e-21
0.0005716779352263616 2.455211165941981e-21
0.000573788381861148 2.4916677102021418e-21
0.0005759066195697597 2.5286655848080402e-21
0.0005780326771142767 2.5662128277857816e-21
0.0005801665833629568 2.6043175965210508e-21
0.00058230836729063 2.6429881695155244e-21
0.0005844580579790941 2.6822329481875465e-21
0.0005866156846175032 2.722060458731331e-21
0.0005887812765027723 2.762479353929093e-21
0.0005909548630399686 2.8034984150319002e-21
0.0005931364737427131 2.845126553708518e-21
0.0005953261382335837 2.887372813928402e-21
0.000597523886244511 2.9302463739693563e-21
0.0005997297476171904 2.9737565483832627e-21
0.0006019437523034802 3.017912790034977e-21
0.0006041659303658116 3.062724692163172e-21
0.0006063963119775984 3.10820199041966e-21
0.0006086349274236407 3.1543545650505793e-21
0.0006108818071005444 3.2011924430019026e-21
0.0006131369815171269 3.2487258000951526e-21
0.0006154004812948346 3.2969649632689626e-21
0.0006176723371681601 3.3459204127901188e-21
0.0006199525799850538 3.395602784537388e-21
0.0006222412407073505 3.446022872322602e-21
0.0006245383504111837 3.4971916302519906e-21
0.0006268439402874096 3.549120175040323e-21
0.0006291580416420334 3.601819788522998e-21
0.0006314806858966271 3.655301920021527e-21
0.0006338119045887655 3.7095781888518675e-21
0.0006361517293724472 3.7646603869184e-21
0.0006385001920185266 3.820560481172188e-21
0.0006408573244151485 3.877290616251882e-21
0.0006432231585681736 3.9348631171532665e-21
0.0006455977266016224 3.993290491871106e-21
0.0006479810607581039 4.052585434139142e-21
0.0006503731933992562 4.112760826172296e-21
0.0006527741570061881 4.173829741426779e-21
0.0006551839841799155 4.235805447542459e-21
0.0006576027076418076 4.2987014091532484e-21
0.0006600303602340302 4.362531290789966e-21
0.0006624669749199906 4.427308959901168e-21
0.000664912584784788 4.493048489881403e-21
0.0006673672230356595 4.559764163044033e-21
0.0006698309230024324 4.627470473804111e-21
0.0006723037181379771 4.696182131795341e-21
0.0006747856420186601 4.765914065073006e-21
0.0006772767283448033 4.836681423346372e-21
0.0006797770109411362 4.908499581267398e-21
0.000682286523757259 4.981384141814409e-21
0.0006848053008681045 5.055350939610191e-21
0.0006873333764743949 5.1304160444495935e-21
0.0006898707849031145 5.206595764666505e-21
0.000692417560607969 5.283906650846717e-21
0.0006949737381698556 5.362365499240846e-21
0.0006975393522973359 5.441989355548698e-21
0.000700114437827099 5.522795518585761e-21
0.0007026990297244444 5.604801543990558e-21
0.0007052931630837493 5.6880252481141895e-21
0.0007078968731289476 5.772484711836625e-21
0.0007105101952140116 5.8581982845219245e-21
0.0007131331648234234 5.9451845880118326e-21
0.0007157658175726674 6.033462520615631e-21
0.0007184081892087055 6.123051261325973e-21
0.0007210603156104659 6.2139702738213154e-21
0.0007237222327893327 6.306239310901854e-21
0.0007263939768896271 6.3998784185661594e-21
0.0007290755841891085 6.4949079405712514e-21
0.0007317670910994585 6.591348522614127e-21
0.0007344685341667792 6.689221117106831e-21
0.0007371799500720914 6.78854698746514e-21
0.0007399013756318252 6.88934771288154e-21
0.0007426328477983297 6.991645193009064e-21
0.0007453744036603674 7.095461652579846e-21
0.0007481260804436199 7.200819646420915e-21
0.000750887915511197 7.307742064223353e-21
0.0007536599463641352 7.416252135579197e-21
0.0007564422106419183 7.526373435011761e-21
0.0007592347461229792 7.638129887080982e-21
0.0007620375907252163 7.75154577161146e-21
0.0007648507825065118 7.866645728912197e-21
0.0007676743596652395 7.983454765227064e-21
0.0007705083605407943 8.101998258050497e-21
0.0007733528236141047 8.222301961735827e-21
0.0007762077875081578 8.344392013038182e-21
0.0007790732909885272 8.468294936818866e-21
0.0007819493729638912 8.594037651790579e-21
0.0007848360724865711 8.721647476324673e-21
0.0007877334287530536 8.85115213458315e-21
0.0007906414811045257 8.982579762167694e-21
0.0007935602690274126 9.115958912735216e-21
0.0007964898321539044 9.251318563626719e-21
0.0007994302102625065 9.388688122661315e-21
0.0008023814432785692 9.528097434311301e-21
0.000805343571274835 9.669576786095282e-21
0.0008083166344719836 9.813156915310907e-21
0.000811300673239174 9.958869015723815e-21
0.0008142957280945956 1.0106744744218844e-20
0.0008173018397060176 1.0256816227723192e-20
0.0008203190488913404 1.0409116070247837e-20
0.0008233473966191533 1.0563677359969663e-20
0.0008263869240092852 1.0720533676300752e-20
0.0008294376723333671 1.087971909727156e-20
0.0008324996830153912 1.1041268206964662e-20
0.0008355729976322724 1.1205216102994799e-20
0.0008386576579144166 1.1371598404125136e-20
0.0008417537057462819 1.1540451257912947e-20
0.0008448611831669504 1.1711811348785787e-20
0.0008479801323707016 1.1885715905794237e-20
0.0008511105957075766 1.2062202710900834e-20
0.0008542526156839649 1.2241310107009876e-20
0.0008574062349631721 1.2423077006278485e-20
0.0008605714963660027 1.2607542898803683e-20
0.0008637484428713452 1.279474786106227e-20
0.0008669371176167454 1.2984732564461463e-20
0.0008701375638990053 1.317753828444737e-20
0.0008733498251747606 1.337320690927597e-20
0.0008765739450610748 1.3571780949262196e-20
0.0008798099673360348 1.3773303545924715e-20
0.0008830579359393353 1.3977818481275168e-20
0.0008863178949728883 1.4185370187623162e-20
0.000889589888701412 1.4396003756825182e-20
0.0008928739615530352 1.4609764950529002e-20
0.0008961701581199045 1.482670020960603e-20
0.0008994785231587794 1.5046856664685492e-20
0.0009027991015916534 1.5270282146247283e-20
0.0009061319385063533 1.5497025194858815e-20
0.0009094770791571551 1.572713507200863e-20
0.0009128345689654028 1.5960661770471236e-20
0.0009162044535201145 1.6197656025450492e-20
0.0009195867785786138 1.6438169325564676e-20
0.0009229815900671425 1.668225392379905e-20
0.0009263889340814863 1.692996284918045e-20
0.0009298088568876053 1.7181349918156906e-20
0.0009332414049222518 1.7436469746045424e-20
0.0009366866247936137 1.76953777593962e-20
0.0009401445632819373 1.795813020760008e-20
0.0009436152673401661 1.8224784175403252e-20
0.0009470987840945825 1.8495397595031378e-20
0.0009505951608454364 1.877002925914461e-20
0.0009541044450676018 1.9048738833106402e-20
0.0009576266844112103 1.9331586868493457e-20
0.000961161926702302 1.9618634815825746e-20
0.000964710219943479 1.9909945038168815e-20
0.0009682716123145463 2.0205580824491322e-20
0.0009718461521731797 2.050560640373158e-20
0.000975433888055572 2.0810086958317645e-20
0.0009790348686770948 2.1119088638627236e-20
0.0009826491429329649 2.1432678577318723e-20
0.0009862767598989004 2.1750924903811312e-20
0.0009899177688317917 2.2073896759274987e-20
0.0009935722191703703 2.2401664311331558e-20
0.0009972401605358768 2.2734298769651986e-20
0.0010009216427327417 2.3071872401315042e-20
0.0010046167157492527 2.3414458546360604e-20
0.0010083254297582394 2.3762131633861887e-20
0.001012047835117753 2.4114967197996283e-20
0.0010157839823717488 2.447304189464845e-20
0.001019533922250777 2.4836433517723392e-20
0.001023297705672665 2.520522101677559e-20
0.0010270753837432133 2.5579484513008206e-20
0.0010308670077568882 2.5959305317696112e-20
0.0010346726291975167 2.634476594932225e-20
0.0010384922997389908 2.6735950151744528e-20
0.0010423260712459626 2.713294291238949e-20
0.0010461739957745514 2.753583048053085e-20
0.0010500361255730518 2.794470038578679e-20
0.00105391251308264 2.835964145828519e-20
0.0010578032109380912 2.878074384635365e-20
0.0010617082719684876 2.9208099037296586e-20
0.0010656277491979402 2.964179987679159e-20
0.0010695616958463063 3.0081940589440077e-20
0.0010735101653299166 3.052861679829114e-20
0.0010774732112622943 3.0981925546942694e-20
0.001081450887454887 3.144196531946964e-20
0.0010854432479177963 3.19088360626616e-20
0.0010894503468605104 3.2382639207349045e-20
0.0010934722386926443 3.286347769016413e-20
0.001097508978024672 3.3351455976281987e-20
0.0011015606196686726 3.384668008266824e-20
0.0011056272186390733 3.4349257599432334e-20
0.0011097088301533955 3.485929771502094e-20
0.0011138055096330086 3.5376911239104335e-20
0.001117917312703876 3.590221062646322e-20
0.0011220442951973154 3.6435310001787607e-20
0.0011261865131507547 3.697632518453847e-20
0.0011303440228084933 3.7525373713738464e-20
0.0011345168806224683 3.8082574873672454e-20
0.0011387051432530165 3.8648049720091877e-20
0.001142908867569646 3.922192110591643e-20
0.0011471281106518094 3.9804313708751055e-20
0.001151362929789676 4.0395354056880685e-20
0.0011556133824849155 4.09951705578125e-20
0.001159879526451471 4.160389352549065e-20
0.0011641614196163475 4.222165520915603e-20
0.001168459120120398 4.284858982148365e-20
0.0011727726863191106 4.348483356805598e-20
0.0011771021767834065 4.4130524676927433e-20
0.0011814476503004278 4.478580342889595e-20
0.0011858091658743409 4.5450812187377555e-20
0.0011901867827271342 4.612569542988159e-20
0.0011945805602994286 4.6810599779507167e-20
0.0011989905582512758 4.750567403563419e-20
0.0012034168364629747 4.8211069208298857e-20
0.001207859455035882 4.892693854861521e-20
0.0012123184742932277 4.965343758437168e-20
0.0012167939547809395 5.039072415198909e-20
0.001221285957268456 5.113895843200645e-20
0.001225794542749559 5.189830298290346e-20
0.001230319772443198 5.26689227770707e-20
0.0012348617077943228 5.345098523752506e-20
0.0012394204104747202 5.424466027170977e-20
0.0012439959423838458 5.50501203109774e-20
0.0012485883656496689 5.586754034646662e-20
0.0012531977426295145 5.669709796873438e-20
0.0012578241359109093 5.753897340399972e-20
0.0012624676083124364 5.839334955524463e-20
0.0012671282228845803 5.92604120417519e-20
0.0012718060429105888 6.014034923786534e-20
0.0012765011319073299 6.103335231593118e-20
0.0012812135536261543 6.193961528696265e-20
0.0012859433720537655 6.285933504223334e-20
0.0012906906514130805 6.379271139698787e-20
0.0012954554561641085 6.473994713310482e-20
0.0013002378510048223 6.570124804435285e-20
0.0013050379008720382 6.667682297893065e-20
0.0013098556709423012 6.766688388744002e-20
0.0013146912266327631 6.867164586636143e-20
0.0013195446336020753 6.969132720756176e-20
0.001324415957751278 7.072614944363613e-20
0.0013293052652247003 7.177633739547314e-20
0.0013342126224108505 7.284211922395217e-20
0.0013391380959433226 7.392372647701876e-20
0.0013440817527017002 7.502139414114779e-20
0.0013490436598124626 7.613536069145581e-20
0.001354023884649902 7.72658681445897e-20
0.0013590224948370304 7.841316211104132e-20
0.0013640395582465031 7.957749184751208e-20
0.0013690751430015388 8.075911031168171e-20
0.001374129317476843 8.195827421941873e-20
0.001379202150299543 8.317524409546499e-20
0.0013842937103501097 8.441028433512258e-20
0.0013894040667633003 8.566366325936862e-20
0.0013945332889290943 8.693565317217097e-20
0.0013996814464936349 8.822653042238096e-20
0.0014048486093601797 8.95365754610257e-20
0.0014100348476900424 9.086607290383259e-20
0.0014152402319035505 9.221531159344842e-20
0.001420464832681 9.358458466087845e-20
0.001425708720963614 9.497418958882141e-20
0.0014309719679545113 9.638442827811757e-20
0.001436254645119665 9.781560711312407e-20
0.0014415568241888785 9.926803702626584e-20
0.0014468785771567577 1.0074203356743521e-19
0.001452219976283688 1.0223791697229468e-19
0.0014575810940968203 1.0375601223131998e-19
0.0014629620033910474 1.0529664916044159e-19
0.0014683627772299986 1.0686016247332774e-19
0.0014737834889470285 1.0844689185294712e-19
0.0014792242121462187 1.1005718202704258e-19
0.0014846850207033684 1.1169138284223552e-19
0.0014901659887670033 1.1334984933836977e-19
0.001495667190759381 1.1503294182845864e-19
0.0015011887013775002 1.1674102597619844e-19
0.001506730595594121 1.1847447287304551e-19
0.0015122929486587734 1.2023365912200314e-19
0.0015178758360987854 1.2201896691695363e-19
0.0015234793337203074 1.2383078412928757e-19
0.0015291035176093388 1.2566950438704738e-19
0.0015347484641327692 1.275355271651377e-19
0.001540414249939404 1.2942925786794857e-19
0.0015461009519610125 1.313511079222322e-19
0.0015518086474133712 1.3330149486139763e-19
0.00155753741379731 1.3528084242064077e-19
0.0015632873288997705 1.372895806271366e-19
0.0015690584707948544 1.393281458898433e-19
0.001574850917844888 1.4139698110118042e-19
0.0015806647487014859 1.4349653572947966e-19
0.0015865000423066166 1.4562726591763135e-19
0.0015923568778936816 1.4778963457937725e-19
0.001598235334988581 1.4998411150517648e-19
0.0016041354934107999 1.522111734579091e-19
0.0016100574332744905 1.5447130428133552e-19
0.0016160012349895588 1.567649950052406e-19
0.0016219669792627625 1.5909274394782657e-19
0.0016279547470987967 1.6145505682802389e-19
0.0016339646198014013 1.6385244687247475e-19
0.0016399966789744612 1.6628543493226215e-19
0.0016460510065231205 1.687545495865735e-19
0.0016521276846548855 1.7126032727130275e-19
0.001658226795880747 1.7380331238043847e-19
0.0016643484230162995 1.7638405739482925e-19
0.001670492649182863 1.7900312299719645e-19
0.0016766595578086203 1.8166107819742385e-19
0.0016828492326297372 1.843585004532967e-19
0.0016890617576915084 1.8709597579930105e-19
0.0016952972173494957 1.8987409896734954e-19
0.0017015556962706726 1.9269347352407108e-19
0.0017078372794345799 1.95554711996451e-19
0.0017141420521344696 1.9845843600829854e-19
0.0017204700999784706 2.0140527641103894e-19
0.0017268215088907485 2.0439587342951084e-19
0.0017331963651126703 2.0743087678457605e-19
0.0017395947552039843 2.1051094585384847e-19
0.0017460167660439823 2.1363674980203102e-19
0.0017524624848326883 2.1680896773009351e-19
0.0017589319990920398 2.200282888242734e-19
0.001765425396667075 2.2329541250122533e-19
0.0017719427657271318 2.2661104856727587e-19
0.0017784841947670357 2.2997591736497157e-19
0.001785049772608307 2.3339074993131396e-19
0.0017916395884003643 2.368562881660404e-19
0.001798253731621742 2.403732849788405e-19
0.0018048922920812943 2.4394250445833307e-19
0.0018115553599194218 2.475647220422957e-19
0.0018182430256092938 2.5124072467940286e-19
0.001824955379958075 2.5497131100948857e-19
0.0018316925141081658 2.587572915231377e-19
0.0018384545195384283 2.625994887501977e-19
0.0018452414880654373 2.664987374302687e-19
0.001852053511844723 2.7045588470736296e-19
0.0018588906833720224 2.744717902963235e-19
0.0018657530954845412 2.785473266730837e-19
0.001872640841362205 2.826833792782459e-19
0.0018795540145289296 2.868808466976655e-19
0.001886492708853891 2.9114064085657926e-19
0.0018934570185527972 2.9546368722674857e-19
0.0019004470381891756 2.9985092501210597e-19
0.0019074628626756444 3.0430330737372103e-19
0.0019145045872752107 3.0882180162228444e-19
0.0019215723076025611 3.134073894232875e-19
0.001928666119625358 3.1806106703228406e-19
0.0019357861196655504 3.227838454901496e-19
0.0019429324044006708 3.275767508487452e-19
0.0019501050708651553 3.324408243982032e-19
0.0019573042164516587 3.3737712289677595e-19
