results/limits/BECCAL_f_6.dat
# %ECSV 1.0
# ---
# datatype:
# - {name: mx, unit: MeV, datatype: float64}
# - {name: sigma_6, unit: cm2, datatype: float64}
# schema: astropy-2.0
mx sigma_6
[from data line 358]
0.0012122259692915415 3.1527195830010436e-27
0.0012404909310584848 3.23217606987324e-27
0.0012694149350204683 3.3101640845945904e-27
0.0012990133477864558 3.3864775681528266e-27
0.0013293018942621524 3.460914389812892e-27
0.001360296666004259 3.533277651636477e-27
0.001392014129769518 3.6033769577766906e-27
0.0014244711362630968 3.671029633128307e-27
0.0014576849290909482 3.73606187692381e-27
0.0014916731539209149 3.798309837795425e-27
0.0015264538678574353 3.857620598107448e-27
0.0015620455490348386 3.913853056710221e-27
0.0015984671064343198 3.966878701391979e-27
0.0016357378899298156 4.016582263178804e-27
0.0016738777005681136 4.0628622476918264e-27
0.0017129068010886602 4.105631339792379e-27
0.0017528459266886532 4.144816680164726e-27
0.00179371629603914 4.180360014269095e-27
0.0018355396225579732 4.2122177159493784e-27
0.0018783381259456144 4.240360689699389e-27
0.0019221345439899109 4.264774157158209e-27
0.001966952144646121 4.2854573348000554e-27
0.0020128147383986056 4.302423010978509e-27
0.002059746690910748 4.315697031473274e-27
0.0021077729359698315 4.325317703454747e-27
0.0021569189887337423 4.3313351283330315e-27
0.002207210959286545 4.333810474291646e-27
0.0022586755665101248 4.3328151994358285e-27
0.0023113401522792685 4.328430236422121e-27
0.0023652326959877285 4.320745149202439e-27
0.0024203818294129824 4.309857272103509e-27
0.0024768168519275916 4.29587084096835e-27
0.002534567746065232 4.278896125442143e-27
0.0025936651934496745 4.259048570643606e-27
0.0026541405910951734 4.236447955959971e-27
0.0027160260680869266 4.211217577518342e-27
0.0027793545026504624 4.183483460050384e-27
0.002844159539619031 4.1533736038516076e-27
0.0029104756083082714 4.1210172696531974e-27
0.0029783379408076585 4.0865443063612006e-27
0.0030477825906984404 4.050084522228722e-27
0.0031188464522080173 4.0117671034410426e-27
0.0031915672798109355 3.971720079237986e-27
0.0032659837082868936 3.930069835001147e-27
0.003342135273246469 3.886940673110745e-27
0.0034200624321353945 3.8424544206813235e-27
0.0034998065857286074 3.7967300832751076e-27
0.0035814101001254554 3.749883543143774e-27
0.003664916329257761 3.702027300170393e-27
0.0037503696379226933 3.653270253661369e-27
0.0038378154253526898 3.603717522573793e-27
0.003927300149334948 3.553470302073247e-27
0.004018871350893299 3.5026257537687746e-27
0.00411257767954558 3.45127692732691e-27
0.004208468919149921 3.3995127107642145e-27
0.004306596014353682 3.347417807059078e-27
0.004407011097659079 3.2950727345157104e-27
0.004509767517119906 3.2425538485869255e-27
0.004614919864684026 3.189933382686615e-27
0.004722524005196735 3.1372795059543613e-27
0.004832637106080367 3.0846563956917814e-27
0.004945317667705937 3.0321243226171268e-27
0.005060625554472947 2.979739746933858e-27
0.005178622026613854 2.9275554236542062e-27
0.005299369772740128 2.875620515348811e-27
0.005422932943147155 2.823980711006183e-27
0.0055493771838957115 2.772678349599972e-27
0.00567876967168809 2.721752547100235e-27
0.005811179149557424 2.671239325852775e-27
0.0059466759633891655 2.621171745294537e-27
0.006085332099294114 2.5715800331663035e-27
0.006227221221852859 2.5224917163791346e-27
0.006372418713251954 2.4739317508789065e-27
0.006521001713332612 2.4259226498899e-27
0.006673049160573193 2.3784846100338173e-27
0.006828641834027273 2.3316356348486964e-27
0.006987862396239558 2.285391655445858e-27
0.00715079543716245 2.239766647777645e-27
0.007317527519096606 2.1947727464406194e-27
0.007488147222679345 2.150420354984835e-27
0.007662745193945353 2.1067182519417335e-27
0.007841414192484688 2.0636736934077275e-27
0.008024249140723652 2.021292511174824e-27
0.008211347174354735 1.97957920703149e-27
0.008402807693942412 1.93853704292716e-27
0.008598732417732204 1.898168127068425e-27
0.008799225435691074 1.858473496026803e-27
0.009004393264807849 1.8194531928671176e-27
0.009214344905683071 1.781106341405266e-27
0.009429191900438323 1.743431216679925e-27
0.009649048391975805 1.7064253116445518e-27
0.009874031184619632 1.6700854004087645e-27
0.010104259806171096 1.634407597857797e-27
0.01033985657141083 1.5993874159781004e-27
0.010580946647081629 1.565019816936229e-27
0.010827658118386449 1.5312992630212425e-27
0.011080122057036918 1.4982197636242303e-27
0.011338472590888495 1.4657749193263534e-27
0.01160284697519928 1.4339579632319927e-27
0.01187338566555036 1.4027617997860015e-27
0.012150232392466372 1.3721790409445019e-27
0.012433534237775993 1.3422020400968626e-27
0.01272344171275288 1.3128229236927013e-27
0.013020108838078586 1.2840336207606638e-27
0.013323693225669961 1.2558258903286849e-27
0.013634356162414448 1.228191346974368e-27
0.013952262695857842 1.2011214846184941e-27
0.014277581721889965 1.1746076984892787e-27
0.014610486074474885 1.1486413055085235e-27
0.014951152617473332 1.1232135632976638e-27
0.015299762338606094 1.0983156874706131e-27
0.015656500445608335 1.0739388678168933e-27
0.016021556464625875 1.0500742831139983e-27
0.016395124340905766 1.0267131147695852e-27
0.016777402541834602 1.0038465593217119e-27
0.017168594162379338 9.814658399422742e-28
0.01756890703298664 9.595622168986993e-28
0.017978553829998065 9.381269971191862e-28
0.01839775218863974 9.171515429363437e-28
0.01882672481864659 8.966272799654944e-28
0.01926569962258253 8.765457042613344e-28
0.019714909816919448 8.568983887996119e-28
0.020174594055939365 8.37676989285713e-28
0.02064499655852557 8.18873249283341e-28
0.021126367237910063 8.004790049593873e-28
0.021618961834446313 7.82486189123179e-28
0.02212304205147776 7.648868348496563e-28
0.022638875694374342 7.476730786479675e-28
0.0231667368128109 7.308371632354092e-28
0.02370690584636297 7.143714398751613e-28
0.024259669773497434 6.982683703680808e-28
0.024825322264037063 6.825205287283955e-28
0.025404163835180054 6.671206025465813e-28
0.025996502011157406 6.520613940501676e-28
0.026602651486612925 6.373358208939071e-28
0.027222934293792744 6.229369167791404e-28
0.027857679973633073 6.088578318010581e-28
0.02850722575083718 5.950918325490488e-28
0.02917191671303455 5.816323020993922e-28
0.029852105994117403 5.684727398092883e-28
0.030548154961852016 5.556067609457209e-28
0.031260433409864494 5.43028096180795e-28
0.031989319754103004 5.307305909670689e-28
0.0327352012338808 5.187082047714678e-28
0.03349847411760691 5.069550102296205e-28
0.034279543913313774 4.954651921959598e-28
0.03507882558409363 4.842330467050919e-28
0.03589674376855814 4.7325297985613795e-28
0.03673373300643846 4.625195066326358e-28
0.037590237969445384 4.520272496661744e-28
0.038466713697512506 4.417709379256515e-28
0.03936362584054766 4.317454053891338e-28
0.04028145090582124 4.21945589653095e-28
0.04122067651112274 4.123665305108699e-28
0.04218180164382002 4.030033685060784e-28
0.043165336925959 3.938513434608985e-28
0.044171804885544536 3.8490579297441265e-28
0.04520174023414663 3.7616215090755945e-28
0.046255690150979495 3.676159458670011e-28
0.047334214573604344 3.5926279966066073e-28
0.048437886495410414 3.5109842575946107e-28
0.04956729227003216 3.4311862774976347e-28
0.05072303192286451 3.353192977882743e-28
0.051905719469841495 3.2769641505504585e-28
0.05311598324364777 3.202460442077168e-28
0.05435446622753626 3.1296433385657644e-28
0.05562182639692926 3.0584751502731116e-28
0.056918737068984544 2.9889189964130377e-28
0.058245887260312136 2.9209387900911787e-28
0.05960398205303182 2.8544992233392185e-28
0.06099374296936585 2.7895657522720135e-28
0.06241590835496589 2.726104582383643e-28
0.06387123377117784 2.6640826540266996e-28
0.06536049239645289 2.6034676280262753e-28
0.06688447543711816 2.544227871442135e-28
0.06844399254772507 2.4863324435683355e-28
0.0700398722611988 2.429751082112231e-28
0.0716729624290174 2.374454189374181e-28
0.07334413067165428 2.3204128190373957e-28
0.07505426483952363 2.267598662586608e-28
0.07680427348467332 2.215984036495507e-28
0.07859508634347626 2.1655418691340232e-28
0.08042765483057629 2.1162456882354847e-28
0.08230295254435131 2.068069608345276e-28
0.08422197578416211 2.020988318550675e-28
0.08618574407966152 1.9749770704758945e-28
0.08819530073244539 1.930011666353401e-28
0.09025171337033296 1.8860684474067066e-28
0.09235607451457113 1.8431242823988682e-28
0.09450950216026408 1.8011565563823348e-28
0.09671314037033632 1.7601431596688217e-28
0.09896815988334524 1.7200624769855406e-28
0.10127575873546546 1.6808933768444158e-28
0.10363716289697593 1.6426152011052658e-28
0.10605362692358762 1.6052077547324268e-28
0.10852643462295801 1.568651295774796e-28
0.11105689973674641 1.5329265254984236e-28
0.11364636663857243 1.4980145787396882e-28
0.11629621104824843 1.4638970144423033e-28
0.1190078407626656 1.4305558063813244e-28
0.12178269640372161 1.3979733340718027e-28
0.12462225218368743 1.3661323738591981e-28
0.1275280166884199 1.3350160901899304e-28
0.13050153367883624 1.3046080270741572e-28
0.1335443829110759 1.2748920996775837e-28
0.13665818097578622 1.2458525861725003e-28
0.13984458215697693 1.2174741196448244e-28
0.14310527931090045 1.189741680272118e-28
0.14644200476542463 1.1626405876117177e-28
0.14985653124037576 1.1361564930342513e-28
0.15335067278934078 1.1102753723841597e-28
0.1569262857634292 1.0849835187327092e-28
0.1605852697975066 1.0602675352930604e-28
0.16432956881942368 1.03611432852446e-28
0.16816117208277714 1.0125111013523858e-28
0.172082115223751 9.89445346524967e-29
0.1760944813425998 9.669048401394458e-29
0.1802004021103484 9.448776353053249e-29
0.18440205890129596 9.23352055915696e-29
0.18870168395192646 9.023166905802711e-29
0.1931015615468407 8.81760386696233e-29
0.1976040292323402 8.616722446155719e-29
0.20221147905830805 8.4204161196799e-29
0.20692635884904578 8.22858078105249e-29
0.21175117350374192 8.041114686466054e-29
0.2166884863272632 7.857918401729723e-29
0.22174092039197504 7.678894750134764e-29
0.22691115993131514 7.50394876160686e-29
0.23220195176586036 7.33298762292733e-29
0.2376161067626448 7.165920629073762e-29
0.24315650132850383 7.002659135615346e-29
0.24882607893823822 6.843116512188339e-29
0.25462785169840935 6.687208096983455e-29
0.2605649019475973 6.53485115226631e-29
0.26664038389397104 6.385964820836537e-29
0.27285752529104135 6.240470083555014e-29
0.2792196291524867 6.098289717689177e-29
0.2857300755069626 5.959348256293597e-29
0.2923923231938275 5.823571948460465e-29
0.2992099117007387 5.690888720419862e-29
0.3061864630440946 5.561228137587499e-29
0.31332568369332287 5.434521367409186e-29
0.32063136654003577 5.310701143030125e-29
0.3281073929131 5.18970172782156e-29
0.3357577346406907 5.071458880685284e-29
0.343586456160426 4.955909822110768e-29
0.3515977166787018 4.8429932010271363e-29
0.359795772380376 4.7326490624097405e-29
0.368184978689974 4.62481881557124e-29
0.3767697925856183 4.519445203197183e-29
0.38555477496691104 4.416472271095595e-29
0.394544593078027 4.3158453385826313e-29
0.4037440229873054 4.217510969568372e-29
0.4131579521246571 4.121416944298726e-29
0.42279138187813525 4.0275122317061784e-29
0.43264943025104924 3.9357469624164166e-29
0.4427373345810337 3.84607240234461e-29
0.4530604543225162 3.758440926895548e-29
0.4636242738940635 3.672805995748395e-29
0.47443440559211736 3.5891221282079275e-29
0.48549659257266914 3.5073448791156993e-29
0.4968167119024568 3.427430815306602e-29
0.5084007776813051 3.349337492597011e-29
0.5202549442372687 3.2730234332958717e-29
0.5323855093962742 3.198448104221707e-29
0.5447989178279997 3.125571895224473e-29
0.557501764469769 3.054356098185648e-29
0.5705007980302781 2.984762886500324e-29
0.5838029245750183 2.916755295024905e-29
0.5974152111952977 2.8502972004734134e-29
0.6113448897628128 2.7853533022657493e-29
0.6255993607717623 2.721889103807664e-29
0.6401861972705483 2.659870894192748e-29
0.6551131488851486 2.599265730323818e-29
0.6703881459363026 2.5400414194400807e-29
0.686019303652694 2.4821665020371393e-29
0.7020149264823721 2.4256102351778388e-29
0.7183835125046995 2.3703425761839567e-29
0.7351337579451718 2.3163341666936196e-29
0.7522745617955077 2.2635563170835292e-29
0.7698150305414633 2.2119809912472626e-29
0.7877644830008832 2.1615807917150733e-29
0.8061324552745581 2.1123289451144785e-29
0.8249287058125218 2.0641992879621111e-29
0.8441632205984669 2.0171662527760808e-29
0.8638462184550629 1.97120485450612e-29
0.8839881564729563 1.9262906772714796e-29
0.9045997355663667 1.8823998614002484e-29
0.9256919061582187 1.8395090907640824e-29
0.9472758739978306 1.7975955804002057e-29
0.9693631061142522 1.756637064415606e-29
0.9919653369084147 1.7166117841660385e-29
1.0150945743873274 1.6774984767040376e-29
1.0387631065436362 1.6392763634897567e-29
1.0629835078839296 1.6019251393586497e-29
1.0877686461092637 1.56542496174028e-29
1.1131316889514546 1.5297564401222717e-29
1.1390861111687691 1.494900625754188e-29
1.16564570170473 1.4608390015857392e-29
1.1928245710138414 1.4275534724338627e-29
1.2206371585581264 1.3950263553736677e-29
1.2490982404784545 1.3632403703482413e-29
1.2782229374447416 1.3321786309919417e-29
1.3080267226891875 1.3018246356627677e-29
1.3385254302268237 1.2721622586789038e-29
1.369735263267732 1.2431757417546063e-29
1.4016728028254128 1.2148496856311814e-29
1.4343550165258654 1.1871690418985662e-29
1.4677992676220706 1.1601191050029496e-29
1.5020233242186567 1.1336855044364875e-29
1.5370453687116559 1.107854197104874e-29
1.5728840074483612 1.0826114598686454e-29
1.6095582806124205 1.0579438822543269e-29
1.6470876723394143 1.0338383593316289e-29
1.6854921210682972 1.0102820847527711e-29
1.7247920301341966 9.872625439503866e-30
1.7650082786082029 9.647675074902808e-30
1.8061622323899016 9.42785024575609e-30
1.848275755558551 9.213034166990019e-30
1.8913712219889245 9.003112714392192e-30
1.935471527238 8.797974363991447e-30
1.9806001007088037 8.597510132818275e-30
2.0267809180978715 8.401613521014172e-30
2.0740385141329463 8.210180455260238e-30
2.1223979956076717 8.023109233493804e-30
2.171885054720213 7.840300470884308e-30
2.222525982722885 7.661657047040149e-30
2.274347683890048 7.487084054417634e-30
2.327377689811681 7.316488747905204e-30
2.3816441740202396 7.149780495556309e-30
2.437175966958554 6.986870730444268e-30
2.4940025712967335 6.827672903614114e-30
2.552154177606206 6.67210243810592e-30
2.611661680399223 6.52007668402564e-30
2.6725566945423505 6.371514874639408e-30
2.7348715720526675 6.226338083468216e-30
2.7986394192855935 6.084469182359518e-30
2.863894114523477 5.9458328005146016e-30
2.9306703259742912 5.8103552844489394e-30
2.999003530189995 5.677964658864872e-30
3.068930030914351 5.548590588415704e-30
3.1404869783702067 5.422164340340758e-30
3.21371238899649 5.298618747951701e-30
3.2886451656454048 5.177888174950824e-30
3.3653251182505572 5.0599084805621326e-30
3.443792984976987 4.9446169854568605e-30
3.5240904538643507 4.831952438455341e-30
3.6062601849747473 4.72185498398734e-30
3.6903458330569543 4.6142661302939085e-30
3.77639207073912 4.509128718353579e-30
3.8644446122622242 4.40638689151658e-30
3.9545502377669295 4.305986065830814e-30
4.046756818146711 4.207872901043919e-30
4.141113340480481 4.1119952722660296e-30
4.237669934058216 4.0183022422781685e-30
4.336477897013409 3.926744034471467e-30
4.437589723576497 3.837272006403003e-30
4.541059131963759 3.749838623954065e-30
4.646941092916466 3.6643974360773115e-30
4.755291858905486 3.580903050119095e-30
4.866168994016832 3.4993111077042174e-30
4.979631404534034 3.419578261170008e-30
5.0957393702336 3.341662150537404e-30
5.214554576410165 3.265521381006643e-30
5.336140146648369 3.191115500965795e-30
5.4605606763588606 3.1184049805002282e-30
5.587882267096237 3.047351190391837e-30
5.718172561677172 2.9779163815967008e-30
5.851500780117376 2.9100636651903083e-30
5.987937756406471 2.8437569927697628e-30
6.127555976140354 2.778961137302513e-30
6.270429615030991 2.7156416744113596e-30
6.416634578314149 2.6537649640859667e-30
6.566248541075969 2.593298132811029e-30
6.719350989519823 2.5342090561016143e-30
6.87602326319537 2.4764663414364846e-30
7.036348598212252 2.420039311580218e-30
7.200412171461376 2.3648979882853665e-30
