results/limits/BECCAL_l_phase.dat
# %ECSV 1.0
# ---
# datatype:
# - {name: mx, unit: MeV, datatype: float64}
# - {name: sigma_10, unit: cm2, datatype: float64}
# - {name: sigma_9, unit: cm2, datatype: float64}
# - {name: sigma_7, unit: cm2, datatype: float64}
# - {name: sigma_6, unit: cm2, datatype: float64}
# - {name: sigma_5, unit: cm2, datatype: float64}
# - {name: sigma_4, unit: cm2, datatype: float64}
# - {name: sigma_3, unit: cm2, datatype: float64}
# - {name: sigma_2, unit: cm2, datatype: float64}
# schema: astropy-2.0
mx sigma_10 sigma_9 sigma_7 sigma_6 sigma_5 sigma_4 sigma_3 sigma_2
[from data line 802]
33.730907684518286 1.0264600061540902e-31 7.009935326856419e-28 6.945174672099906e-20 6.945144847496199e-16 6.942809056696389e-12 6.715056478337643e-08 9.534252190487679e-05 0.00023780109747409815
34.51739703569462 1.1180294828917641e-31 7.68377442439349e-28 7.615935058061329e-20 7.615902672224163e-16 7.613341295374202e-12 7.363592512774478e-08 0.00010455064416995298 0.0002607677815575701
35.322224627433556 1.2176259576662615e-31 8.422539015595849e-28 8.351475692431745e-20 8.351440513063402e-16 8.348631763809922e-12 8.074762441754737e-08 0.00011464806252386521 0.00028595252723286394
36.14581804475762 1.325951631426781e-31 9.23249410661133e-28 9.158054720017339e-20 9.158016493088629e-16 9.154936480398012e-12 8.854617060642203e-08 0.00012572068809653094 0.0003135696120392286
36.98861484250899 1.4437716610585337e-31 1.0120508312613686e-27 1.0042533587903868e-19 1.0042492035594284e-15 1.0039114560856102e-11 9.709790478061054e-08 0.00013786271408630394 0.00034385397045810697
37.851062777811606 1.5719201697266116e-31 1.1094109483999897e-27 1.1012432615656677e-19 1.1012387434102182e-15 1.100868376954364e-11 1.0647553844903768e-07 0.0001511773786216311 0.0003770630966249105
38.733620047953465 1.7113073138713154e-31 1.2161561298097045e-27 1.2076007621042638e-19 1.2075958477828787e-15 1.2071897119159496e-11 1.1675889441244764e-07 0.0001657780166707742 0.0004134796679777474
39.63675553381552 1.8629248867473307e-31 1.3331910325298475e-27 1.3242296959811004e-19 1.3242243491305519e-15 1.3237789894542107e-11 1.2803536157567388e-07 0.00018178870579883195 0.00045341315588954574
40.5609490489765 2.027856843723589e-31 1.4615093267495194e-27 1.45212286610525e-19 1.4521170469366941e-15 1.4516286751627008e-11 1.404009308043681e-07 0.0001993457369102908 0.0004972034939598693
41.506691594626034 2.2072850454948194e-31 1.6021994185794826e-27 1.592367778890808e-19 1.5923614438680067e-15 1.5918259059685e-11 1.539607495367796e-07 0.0002185984017045851 0.0005452230420682345
42.47448562042145 2.4025009489822616e-31 1.7564553852552453e-27 1.7461575618557727e-19 1.7461506633348378e-15 1.7455634040208966e-11 1.688301773705972e-07 0.00023971049143209545 0.0005978803245364142
43.46484529142686 2.6149144602262315e-31 1.925586321149525e-27 1.9148003204270783e-19 1.914792806265806e-15 1.914148830319257e-11 1.8513569074200577e-07 0.0002628615813864369 0.0006556232338791801
44.4782967612764 2.8460658826669225e-31 2.1110275469161663e-27 2.0997303376039743e-19 2.099722150732568e-15 2.0990159805712056e-11 2.0301596578450252e-07 0.0002882485683820787 0.00071894286554518
45.515378451706574 3.0976380868886193e-31 2.3143527669033898e-27 2.3025202320016443e-19 2.3025113099525975e-15 2.3017369391065744e-11 2.2262305385047548e-07 0.00031608733979751884 0.0007883776808055438
46.576641338606535 3.371472100276342e-31 2.5372894569094587e-27 2.5248963387794536e-19 2.5248866131650217e-15 2.5240374545804336e-11 2.44123868642903e-07 0.0003466148850524856 0.0008645187731511412
47.66264924473788 3.6695780606069734e-31 2.781729502532288e-27 2.768749356207731e-19 2.768738752162395e-15 2.7678075829243755e-11 2.677012155972404e-07 0.00038009075715730016 0.0009480135136549606
48.773979139279795 3.994154839125496e-31 3.0497479350983377e-27 3.0361530631681005e-19 3.0361414987262604e-15 3.0351203984871565e-11 2.9355560161527946e-07 0.00041679964223095156 0.001039571959804249
49.911221444358546 4.34760676460261e-31 3.343620801442643e-27 3.329382204511626e-19 3.329369589926634e-15 3.3282498733191984e-11 3.21906964342221e-07 0.00045705381478405627 0.0011399729794100708
51.07498034872413 4.732564954622089e-31 3.665844625818384e-27 3.650931932500928e-19 3.650918169496745e-15 3.649690312008936e-11 3.529965518960852e-07 0.0005011958066188564 0.0012500709073155352
52.265874128740876 5.15190457782292e-31 4.019154504346469e-27 4.003535915474164e-19 4.00352089643746e-15 4.002174454197188e-11 3.870886737354846e-07 0.0005496008927673459 0.0013708017457647564
53.48453547686238 5.608774319472685e-31 4.406552169055841e-27 4.390194379935172e-19 4.390177987010935e-15 4.388701507139924e-11 4.244734119576136e-07 0.000602680941078964 0.0015031927659548304
54.731611837765406 6.1066167910503265e-31 4.8313270785828456e-27 4.81419521581841e-19 4.814177319936039e-15 4.8125582438058104e-11 4.654686618976001e-07 0.0006608873095288921 0.0016483697344346908
56.00776575232122 6.649202786760776e-31 5.297089676811077e-27 5.279147218425353e-19 5.2791276782112e-15 5.277352233519485e-11 5.104233461827072e-07 0.0007247154096351172 0.0018075682950736728
57.31367520958723 7.240655482536303e-31 5.8077953222652976e-27 5.789004023829613e-19 5.788982684439662e-15 5.787035769237074e-11 5.597197289686255e-07 0.0007947079922852147 0.001982142164494137
58.650034007005786 7.88548816554657e-31 6.367782122947434e-27 6.348101940711926e-19 6.348078632536901e-15 6.345943686530425e-11 6.137770737761297e-07 0.0008714603412499528 0.0021735760856121432
60.017552119001664 8.588642912833977e-31 6.981808343912719e-27 6.961197342900482e-19 6.9611718801436444e-15 6.958830743424656e-11 6.730552588536587e-07 0.0009556254063908367 0.002383498630764135
61.416956074173925 9.355526683267219e-31 7.655088453979357e-27 7.633502722479443e-19 7.633474901613798e-15 7.630907661261036e-11 7.380582630348064e-07 0.0010479187529921895 0.0026136945462157564
62.84898934128261 1.0192067141576808e-30 8.393348476547773e-27 8.370742023802195e-19 8.370711621839831e-15 8.367896439913066e-11 8.093395158033648e-07 0.0011491261579547926 0.0028661236984110863
64.31441272423535 1.1104745640478736e-30 9.202858834790436e-27 9.179183505125671e-19 9.179150277778233e-15 9.176063208260231e-11 8.875050745776819e-07 0.0012601081210059529 0.00314293232572773
65.81400476628369 1.2100658212546646e-30 1.0090494771698745e-26 1.0065700144525027e-18 1.006566382415956e-14 1.0062278609582932e-10 9.732194651613327e-07 0.0013818081571583597 0.0034464737213345496
67.34856216364385 1.3187586883924777e-30 1.1063805704361561e-26 1.1037838964246934e-18 1.1037799257605595e-14 1.1034087102365196e-10 1.0672123844883617e-06 0.001515262313482394 0.0037793319697034945
68.91890018876182 1.4374038080739151e-30 1.213105654922623e-26 1.2103862408013523e-18 1.2103818993799183e-14 1.2099748323549017e-10 1.1702827012603e-06 0.0016616048493386507 0.0041443361141132815
70.52585312344742 1.5669348508133505e-30 1.3301328054383544e-26 1.3272848591055703e-18 1.3272801117172232e-14 1.326833730450717e-10 1.2833081487940055e-06 0.001822081998593652 0.004544594482047247
72.17027470210763 1.7083720846378533e-30 1.458455760916472e-26 1.4554732191376223e-18 1.455468027203929e-14 1.4549785348424803e-10 1.4072492786652596e-06 0.001998057583129622 0.00498350868627871
73.8530385653146 1.8628341815643604e-30 1.599165169394138e-26 1.5960416818613158e-18 1.5960360031075062e-14 1.5954992360986108e-10 1.5431603252867764e-06 0.002191028438720181 0.005464812099730831
75.57503872394936 2.0315465777462554e-30 1.7534573066519758e-26 1.7501862244549374e-18 1.7501800125534682e-14 1.7495914051258204e-10 1.6921976399419628e-06 0.0024026363899415453 0.005992599723021221
77.33719003416762 2.2158520744606255e-30 1.9226440897451257e-26 1.919218448122403e-18 1.9192116523022974e-14 1.9185661975803205e-10 1.8556293670104502e-06 0.0026346819887873457 0.006571362450994995
79.14042868344033 2.417219750422775e-30 2.108162663602456e-26 2.104575171954306e-18 2.104567736578944e-14 2.103859944470799e-10 2.034844719960028e-06 0.002889137685018951 0.007206019921905856
80.98571268792693 2.6372595658292394e-30 2.311589221613818e-26 2.3078322448570666e-18 2.3078241089546396e-14 2.3070479593951706e-10 2.2313673356494427e-06 0.003168166787032198 0.007901967809168194
82.87402240144569 2.8777399113235806e-30 2.534656654938881e-26 2.5307221944057714e-18 2.530713291140348e-14 2.529862181398522e-10 2.44687233842835e-06 0.003474147690012816 0.008665138250658113
84.80636103631147 3.1405901103425168e-30 2.7792575352768994e-26 2.77513721911232e-18 2.7751274752457476e-14 2.7741941662258016e-10 2.6831892332646463e-06 0.0038096779836912847 0.009502010094179857
86.78375519631766 3.4279293574395294e-30 3.047472258301827e-26 3.043157318924133e-18 3.043146654182079e-14 3.042123207264081e-10 2.9423291042046456e-06 0.004177613069587405 0.010419705215697834
88.80725542214539 3.742080760465527e-30 3.341582987134167e-26 3.337064239469514e-18 3.337052565860621e-14 3.335930275051454e-10 3.2264980966089623e-06 0.0045810853035205155 0.011426036264139633
90.8779367494899 4.085584375732612e-30 3.6640876745440464e-26 3.659355505890424e-18 3.659342726979462e-14 3.658112046344109e-10 3.5381109860087455e-06 0.0050235232611059635 0.012529554712948742
92.99689928020044 4.461227422089929e-30 4.01772861192558e-26 4.012772952438896e-18 4.012758962521971e-14 4.011409424020014e-10 3.879818762439659e-06 0.005508690902875746 0.013739648544816163
95.16526876673713 4.872065032666621e-30 4.405514179455081e-26 4.400324483712708e-18 4.400309166920407e-14 4.3988292909240116e-10 4.254529670671778e-06 0.006040717447870523 0.01506661676169779
97.38419721025556 5.321441406169629e-30 4.83073976889786e-26 4.8253049960365686e-18 4.825288225366565e-14 4.823665424142407e-10 4.6654294384102686e-06 0.006624126094286685 0.01652174101918343
99.6548634726365 5.813022757217153e-30 5.297020279127214e-26 5.291328867191497e-18 5.291310503431282e-14 5.289530973695872e-10 5.116012689554133e-06 0.0072638786210268156 0.01811739687064513
101.97847390278609 6.350827260292239e-30 5.808320007079964e-26 5.802359847221897e-18 5.802339737770965e-14 5.800388343193415e-10 5.610111844642316e-06 0.007965416421478497 0.019867156112732504
104.35626297753925 6.939262557127013e-30 6.368990389558299e-26 6.3627488020564794e-18 6.362726779621721e-14 6.360586920632942e-10 6.151933613929472e-06 0.008734712317551631 0.02178591601873784
106.78949395750668 7.583149238255828e-30 6.983793075885675e-26 6.977256783997988e-18 6.977232665211231e-14 6.974886141054345e-10 6.746081303489511e-06 0.009578302230598548 0.023889978331467346
109.27945955821409 8.287784158216863e-30 7.657962796431786e-26 7.65111789247674e-18 7.651091476300113e-14 7.648518325940139e-10 7.397615593226529e-06 0.010503371475979828 0.026197264497137274
111.82748263689002 9.058955526148718e-30 8.397223773916592e-26 8.390055702801518e-18 8.390026768879234e-14 8.38720510638769e-10 8.112070421299671e-06 0.011517777316279364 0.028727371917077776
114.43491689526716 9.903023141187344e-30 9.207867298502992e-26 9.200360810134546e-18 9.200329116880766e-14 9.197234940741467e-10 8.89552795885954e-06 0.012630155412835598 0.031501839456662434
117.10314759877073 1.0826953575767793e-29 1.0096788971284378e-25 1.0088928096382764e-17 1.0088893378946378e-13 1.0085500368828e-09 9.75465464219157e-06 0.013849970985332458 0.03454427504636877
119.8335923124757 1.1838373496854793e-29 1.1071541653780651e-25 1.1063309676098045e-17 1.1063271644149126e-13 1.1059550939871576e-09 1.0696752364379384e-05 0.015187591495361911 0.03788053696742668
122.62770165422418 1.2945649141681963e-29 1.2140413022810307e-25 1.2131792430522483e-17 1.2131750765775624e-13 1.212767072020099e-09 1.1729833440441108e-05 0.016654393084324884 0.04153899932675207
125.4869600653028 1.4157960004293523e-29 1.3312501450649962e-25 1.3303473909898534e-17 1.3303428263383307e-13 1.3298954169780067e-09 1.2862693994799053e-05 0.018262864771310294 0.04555081194486973
128.41288659908975 1.5485351230771453e-29 1.4597766481314424e-25 1.4588312792317332e-17 1.4588262781477012e-13 1.4583356583914613e-09 1.4104962748291842e-05 0.02002667772245704 0.04995007312594274
131.40703572809028 1.6938847273542236e-29 1.6007143107908426e-25 1.5997243165030206e-17 1.5997188370436736e-13 1.5991808335746025e-09 1.5467211513046474e-05 0.021960842135111045 0.054774220954582786
134.4709981697896 1.8530516228159143e-29 1.7552605365510535e-25 1.7542238111854214e-17 1.7542178073708498e-13 1.7536278442057324e-09 1.6961016673065278e-05 0.024081794529931377 0.06006425101778789
137.6064017317617 2.027363389417422e-29 1.9247330594049545e-25 1.9236473974561446e-17 1.9236408188641012e-13 1.9229938768867057e-09 1.859911800320388e-05 0.026407623247159864 0.0658652788324866
140.8149121764835 2.218266003334435e-29 2.1105676783921673e-25 2.109430771664492e-17 2.1094235630329497e-13 2.108714140288596e-09 2.039539678293667e-05 0.028958037371844783 0.07222646233955417
144.09823410631301 2.4273551481473862e-29 2.3143492299732212e-25 2.3131586603181514e-17 2.3131507610432666e-13 2.3123728226185446e-09 2.2365175215708157e-05 0.0317547918590227 0.07920206224113911
147.45811186910282 2.656372140161756e-29 2.537807782063207e-25 2.536561017671843e-17 2.5365523613190317e-13 2.5356992905003394e-09 2.4525179664661393e-05 0.03482163533462844 0.08685131180690943
150.89633048492877 2.90723254040653e-29 2.7828470531093494e-25 2.781541442240712e-17 2.7815319559599127e-13 2.7805964958352228e-09 2.6893815402632234e-05 0.038184700194334203 0.09523938984949058
154.41471659442715 3.182028581567687e-29 3.051546978029021e-25 3.050179744733586e-17 3.050169348666064e-13 3.0491435428630815e-09 2.949119144066004e-05 0.04187253785586336 0.10443750864996565
158.01513942924367 3.4830616531660276e-29 3.346195889103171e-25 3.344764125225888e-17 3.344752731802421e-13 3.3436278544052543e-09 3.23394316385702e-05 0.04591656048375755 0.11452401569750108
161.6995118051102 3.812850489133724e-29 3.6692989726833794e-25 3.667799633097824e-17 3.667787146308782e-13 3.666553628929442e-09 3.546275650135984e-05 0.050351157126503274 0.12558468335586243
165.46979113807643 4.174154261603091e-29 4.023601292741953e-25 4.0220311897153195e-17 4.0220175043031753e-13 4.020664855410335e-09 3.88877057779868e-05 0.055214009769420085 0.1377134971551678
169.32798048443664 4.570005983609694e-29 4.412120920102126e-25 4.410476714656611e-17 4.4104617151967315e-13 4.408978428303842e-09 4.264345874804388e-05 0.060546548087935345 0.15101379002691293
173.27612960490418 5.003725102007523e-29 4.838161565271149e-25 4.836439759337029e-17 4.836423319276052e-13 4.834796776880602e-09 4.6761956372155205e-05 0.0663941228806284 0.1655986748766304
177.3163360535986 5.478947738235292e-29 5.3053432742415695e-25 5.303540207258109e-17 5.303522187849481e-13 5.30173855504751e-09 5.127819812267292e-05 0.07280642751895734 0.18159209575398283
181.45074629242436 5.999658816808779e-29 5.81763392582283e-25 5.815745764921991e-17 5.815726014054943e-13 5.813770121564848e-09 5.623054645904775e-05 0.07983793025113856 0.19912990609502967
185.68155683143308 6.570249179777287e-29 6.379406073335765e-25 6.377428800453887e-17 6.377407151290892e-13 6.375262359361849e-09 6.16612763819214e-05 0.08754865447664356 0.21836181486470344
190.01101539577502 7.195506612406999e-29 6.995429117676773e-25 6.99335852898667e-17 6.993334798628401e-13 6.990982863576943e-09 6.761649987617193e-05 0.09600407146801468 0.23945111898606192
194.44142211985996 7.880689761917402e-29 7.670941878727327e-25 7.66877356991783e-17 7.668747557822673e-13 7.666168474167543e-09 7.414686744334439e-05 0.10527609642907276 0.26257718768546834
198.9751307693619 8.631554350192802e-29 8.411679966874166e-25 8.40940933035799e-17 8.409380816670571e-13 8.406552650058317e-09 8.130783286329138e-05 0.11544346441197022 0.28793640009615235
203.61454999171644 9.45445202550139e-29 9.223972682527735e-25 9.221594884373099e-17 9.221563627924973e-13 9.218462315474018e-09 8.916058988793735e-05 0.1265930602649901 0.3157454623830306
208.36214459577587 1.0356279512336035e-28 1.0114694886702997e-24 1.0112204872263112e-16 1.0112170608738028e-12 1.0108769775559608e-08 9.777160717112545e-05 0.13881925831105074 0.346239760784217
213.2204368613011 1.1344658528889767e-28 1.1091444565426984e-24 1.1088837039817283e-16 1.1088799479316797e-12 1.1085070195327634e-08 0.00010721434483772736 0.15222635958748998 0.3796794405177208
