results/limits/BECCAL_f_6_phase.dat
# %ECSV 1.0
# ---
# datatype:
# - {name: mx, unit: MeV, datatype: float64}
# - {name: sigma_6, unit: cm2, datatype: float64}
# schema: astropy-2.0
mx sigma_6
[from data line 358]
0.0012122259692915415 1.1540187978195523e-22
0.0012404909310584848 1.211861851967389e-22
0.0012694149350204683 1.2712561779347316e-22
0.0012990133477864558 1.3321464226231346e-22
0.0013293018942621524 1.3944709018750202e-22
0.001360296666004259 1.458161843325667e-22
0.001392014129769518 1.5231456841576553e-22
0.0014244711362630968 1.589343420826333e-22
0.0014576849290909482 1.656671007282975e-22
0.0014916731539209149 1.7250397972985024e-22
0.0015264538678574353 1.7943570258288525e-22
0.0015620455490348386 1.8645263239987607e-22
0.0015984671064343198 1.9354482615719442e-22
0.0016357378899298156 2.007020910673395e-22
0.0016738777005681136 2.0791404241144794e-22
0.0017129068010886602 2.1517016216844676e-22
0.0017528459266886532 2.2245985779935225e-22
0.00179371629603914 2.297725205083836e-22
0.0018355396225579732 2.370975823938649e-22
0.0018783381259456144 2.4442457188969105e-22
0.0019221345439899109 2.517431669570295e-22
0.001966952144646121 2.5904324555953593e-22
0.0020128147383986056 2.6631493299008257e-22
0.002059746690910748 2.7354864565976397e-22
0.0021077729359698315 2.8073513109025427e-22
0.0021569189887337423 2.878655038698245e-22
0.002207210959286545 2.949312773784858e-22
0.0022586755665101248 3.0192439122823847e-22
0.0023113401522792685 3.0883723433884874e-22
0.0023652326959877285 3.1566266369704586e-22
0.0024203818294129824 3.223940188872432e-22
0.0024768168519275916 3.290251324301524e-22
0.002534567746065232 3.355503362423377e-22
0.0025936651934496745 3.419644642769328e-22
0.0026541405910951734 3.4826285162980154e-22
0.0027160260680869266 3.5444133041433173e-22
0.0027793545026504624 3.604962225859059e-22
0.002844159539619031 3.6642433008016204e-22
0.0029104756083082714 3.7222292250795273e-22
0.0029783379408076585 3.7788972272847752e-22
0.0030477825906984404 3.8342289057931036e-22
0.0031188464522080173 3.8882100504715143e-22
0.0031915672798109355 3.940830451747936e-22
0.0032659837082868936 3.9920836994847177e-22
0.003342135273246469 4.041966974212671e-22
0.0034200624321353945 4.0904808329235223e-22
0.0034998065857286074 4.1376289920405796e-22
0.0035814101001254554 4.183418108680102e-22
0.003664916329257761 4.2278575630607355e-22
0.0037503696379226933 4.27095924295074e-22
0.0038378154253526898 4.312737331239198e-22
0.003927300149334948 4.353208098923509e-22
0.004018871350893299 4.392389703907801e-22
0.00411257767954558 4.430301996065685e-22
0.004208468919149921 4.466966330341771e-22
0.004306596014353682 4.502405387404979e-22
0.004407011097659079 4.536643003262231e-22
0.004509767517119906 4.569704007202301e-22
0.004614919864684026 4.601614069432445e-22
0.004722524005196735 4.63239955684606e-22
0.004832637106080367 4.662087398756232e-22
0.004945317667705937 4.690704961375747e-22
0.005060625554472947 4.718279931610699e-22
0.005178622026613854 4.7448402085691775e-22
0.005299369772740128 4.770413804776835e-22
0.005422932943147155 4.795028755529593e-22
0.0055493771838957115 4.818713035167291e-22
0.00567876967168809 4.841494482029408e-22
0.005811179149557424 4.86340073014815e-22
0.0059466759633891655 4.88445914797684e-22
0.006085332099294114 4.904696783873968e-22
0.006227221221852859 4.92414031732522e-22
0.006372418713251954 4.942816016443724e-22
0.006521001713332612 4.960749699977195e-22
0.006673049160573193 4.977966705610921e-22
0.006828641834027273 4.994491862391783e-22
0.006987862396239558 5.010349466473125e-22
0.00715079543716245 5.025563263712082e-22
0.007317527519096606 5.040156431998698e-22
0.007488147222679345 5.054151570494725e-22
0.007662745193945353 5.067570689789023e-22
0.007841414192484688 5.080435206810953e-22
0.008024249140723652 5.092765939414969e-22
0.008211347174354735 5.104583106381453e-22
0.008402807693942412 5.115906327970195e-22
0.008598732417732204 5.126754627316355e-22
0.008799225435691074 5.137146436426289e-22
0.009004393264807849 5.147099600564131e-22
0.009214344905683071 5.1566313856339865e-22
0.009429191900438323 5.165758487069478e-22
0.009649048391975805 5.174497037125394e-22
0.009874031184619632 5.182862617281988e-22
0.010104259806171096 5.190870266923298e-22
0.01033985657141083 5.198534495906273e-22
0.010580946647081629 5.20586929569024e-22
0.010827658118386449 5.212888151694891e-22
0.011080122057036918 5.21960405657609e-22
0.011338472590888495 5.226029522249169e-22
0.01160284697519928 5.232176593338274e-22
0.01187338566555036 5.238056859264996e-22
0.012150232392466372 5.243681468646014e-22
0.012433534237775993 5.24906114175386e-22
0.01272344171275288 5.254206184837097e-22
0.013020108838078586 5.25912650049405e-22
0.013323693225669961 5.263831602908447e-22
0.013634356162414448 5.268330630296926e-22
0.013952262695857842 5.272632356376378e-22
0.014277581721889965 5.276745203360832e-22
0.014610486074474885 5.2806772544016255e-22
0.014951152617473332 5.284436264389209e-22
0.015299762338606094 5.288029673733878e-22
0.015656500445608335 5.29146461713226e-22
0.016021556464625875 5.294747936506845e-22
0.016395124340905766 5.2978861910735675e-22
0.016777402541834602 5.300885667517434e-22
0.017168594162379338 5.303752391528072e-22
0.01756890703298664 5.306492137634145e-22
0.017978553829998065 5.309110435686007e-22
0.01839775218863974 5.311612585258115e-22
0.01882672481864659 5.31400366043693e-22
0.01926569962258253 5.316288521763568e-22
0.019714909816919448 5.318471822807177e-22
0.020174594055939365 5.320558018243415e-22
0.02064499655852557 5.322551374149663e-22
0.021126367237910063 5.324455972146331e-22
0.021618961834446313 5.326275719468371e-22
0.02212304205147776 5.328014355960456e-22
0.022638875694374342 5.329675458873658e-22
0.0231667368128109 5.331262452120396e-22
0.02370690584636297 5.332778610684807e-22
0.024259669773497434 5.33422706774343e-22
0.024825322264037063 5.335610820747692e-22
0.025404163835180054 5.336932736071208e-22
0.025996502011157406 5.338195555903994e-22
0.026602651486612925 5.339401902486749e-22
0.027222934293792744 5.340554283458145e-22
0.027857679973633073 5.341655096297956e-22
0.02850722575083718 5.342706633520913e-22
0.02917191671303455 5.343711086741096e-22
0.029852105994117403 5.344670553049572e-22
0.030548154961852016 5.345587035052585e-22
0.031260433409864494 5.346462448296816e-22
0.031989319754103004 5.347298624000889e-22
0.0327352012338808 5.348097310964144e-22
0.03349847411760691 5.348860183526012e-22
0.034279543913313774 5.349588839869817e-22
0.03507882558409363 5.35028480832658e-22
0.03589674376855814 5.350949549738513e-22
0.03673373300643846 5.35158445844973e-22
0.037590237969445384 5.3521908688062665e-22
0.038466713697512506 5.352770056054521e-22
0.03936362584054766 5.35332323830524e-22
0.04028145090582124 5.353851579174956e-22
0.04122067651112274 5.354356189264975e-22
0.04218180164382002 5.354838134600043e-22
0.043165336925959 5.355298426712452e-22
0.044171804885544536 5.355738037764845e-22
0.04520174023414663 5.356157893015057e-22
0.046255690150979495 5.356558880524171e-22
0.047334214573604344 5.35694184417825e-22
0.048437886495410414 5.357307595470256e-22
0.04956729227003216 5.35765690197086e-22
0.05072303192286451 5.357990503610802e-22
0.051905719469841495 5.358309106018927e-22
0.05311598324364777 5.358613381839288e-22
0.05435446622753626 5.358903972796772e-22
0.05562182639692926 5.359181494598503e-22
0.056918737068984544 5.359446533683524e-22
0.058245887260312136 5.35969964988008e-22
0.05960398205303182 5.3599413808796e-22
0.06099374296936585 5.360172236121223e-22
0.06241590835496589 5.360392704738829e-22
0.06387123377117784 5.36060325464647e-22
0.06536049239645289 5.360804329922226e-22
0.06688447543711816 5.360996356714024e-22
0.06844399254772507 5.361179742746705e-22
0.0700398722611988 5.361354875202951e-22
0.0716729624290174 5.361522127174223e-22
0.07334413067165428 5.361681849545449e-22
0.07505426483952363 5.361834383693187e-22
0.07680427348467332 5.361980050725189e-22
0.07859508634347626 5.362119162342145e-22
0.08042765483057629 5.362252012291857e-22
0.08230295254435131 5.362378879031329e-22
0.08422197578416211 5.362500037136117e-22
0.08618574407966152 5.362615740553003e-22
0.08819530073244539 5.362726233960688e-22
0.09025171337033296 5.362831754046499e-22
0.09235607451457113 5.362932520360123e-22
0.09450950216026408 5.363028752087699e-22
0.09671314037033632 5.36312064954637e-22
0.09896815988334524 5.363208410522389e-22
0.10127575873546546 5.3632922196742445e-22
0.10363716289697593 5.3633722553269635e-22
0.10605362692358762 5.3634486853977195e-22
0.10852643462295801 5.363521672106734e-22
0.11105689973674641 5.363591374738289e-22
0.11364636663857243 5.363657939193029e-22
0.11629621104824843 5.363721504240489e-22
0.1190078407626656 5.363782206283661e-22
0.12178269640372161 5.363840175104526e-22
0.12462225218368743 5.363895533309126e-22
0.1275280166884199 5.363948398537955e-22
0.13050153367883624 5.363998882628563e-22
0.1335443829110759 5.364047094442032e-22
0.13665818097578622 5.364093134957797e-22
0.13984458215697693 5.364137097209393e-22
0.14310527931090045 5.364179081072618e-22
0.14644200476542463 5.364219175881289e-22
0.14985653124037576 5.36425746674041e-22
0.15335067278934078 5.364294031295401e-22
0.1569262857634292 5.36432894895183e-22
0.1605852697975066 5.364362291895406e-22
0.16432956881942368 5.364394132717411e-22
0.16816117208277714 5.36442453999545e-22
0.172082115223751 5.364453576865545e-22
0.1760944813425998 5.364481311147003e-22
0.1802004021103484 5.364507791388519e-22
0.18440205890129596 5.364533079389827e-22
0.18870168395192646 5.364557231023497e-22
0.1931015615468407 5.364580290668475e-22
0.1976040292323402 5.364602312547011e-22
0.20221147905830805 5.364623350992158e-22
0.20692635884904578 5.364643426956513e-22
0.21175117350374192 5.364662609363602e-22
0.2166884863272632 5.364680924466133e-22
0.22174092039197504 5.364698409449652e-22
0.22691115993131514 5.364715114908106e-22
0.23220195176586036 5.364731063074334e-22
0.2376161067626448 5.364746291139605e-22
0.24315650132850383 5.364760832776984e-22
0.24882607893823822 5.364774731021048e-22
0.25462785169840935 5.364787992199956e-22
0.2605649019475973 5.36480065458046e-22
0.26664038389397104 5.364812756087637e-22
0.27285752529104135 5.364824305474214e-22
0.2792196291524867 5.364835336008418e-22
0.2857300755069626 5.364845866161887e-22
0.2923923231938275 5.364855927390953e-22
0.2992099117007387 5.364865536701134e-22
0.3061864630440946 5.364874701254759e-22
0.31332568369332287 5.364883467844111e-22
0.32063136654003577 5.364891831422623e-22
0.3281073929131 5.364899824475257e-22
0.3357577346406907 5.364907451534655e-22
0.343586456160426 5.364914735353048e-22
0.3515977166787018 5.36492169084243e-22
0.359795772380376 5.364928331191867e-22
0.368184978689974 5.364934681389216e-22
0.3767697925856183 5.364940735427152e-22
0.38555477496691104 5.364946522061291e-22
0.394544593078027 5.3649520486455e-22
0.4037440229873054 5.364957328635612e-22
0.4131579521246571 5.364962370423751e-22
0.42279138187813525 5.364967171891789e-22
0.43264943025104924 5.364971765701462e-22
0.4427373345810337 5.364976147667231e-22
0.4530604543225162 5.364980341883443e-22
0.4636242738940635 5.364984342220261e-22
0.47443440559211736 5.364988161713706e-22
0.48549659257266914 5.364991820207331e-22
0.4968167119024568 5.364995292553641e-22
0.5084007776813051 5.364998644001622e-22
0.5202549442372687 5.365001812008294e-22
0.5323855093962742 5.365004839651519e-22
0.5447989178279997 5.365007747412286e-22
0.557501764469769 5.365010503554723e-22
0.5705007980302781 5.365013142033977e-22
0.5838029245750183 5.365015668677367e-22
0.5974152111952977 5.365018079223696e-22
0.6113448897628128 5.36502038184105e-22
0.6255993607717623 5.365022569782479e-22
0.6401861972705483 5.365024679879384e-22
0.6551131488851486 5.365026671004551e-22
0.6703881459363026 5.365028593495477e-22
0.686019303652694 5.36503040714784e-22
0.7020149264823721 5.365032163979481e-22
0.7183835125046995 5.365033828502875e-22
0.7351337579451718 5.365035428913047e-22
0.7522745617955077 5.365036934690343e-22
0.7698150305414633 5.365038398275551e-22
0.7877644830008832 5.365039780035535e-22
0.8061324552745581 5.365041083344393e-22
0.8249287058125218 5.365042363604435e-22
0.8441632205984669 5.3650435751411355e-22
0.8638462184550629 5.365044730129323e-22
0.8839881564729563 5.365045814009578e-22
0.9045997355663667 5.365046877048734e-22
0.9256919061582187 5.365047890789897e-22
0.9472758739978306 5.365048825998791e-22
0.9693631061142522 5.365049752247892e-22
0.9919653369084147 5.365050624083781e-22
1.0150945743873274 5.365051462698545e-22
1.0387631065436362 5.365052259893294e-22
1.0629835078839296 5.365053039327127e-22
1.0877686461092637 5.365053743961369e-22
1.1131316889514546 5.365054451074454e-22
1.1390861111687691 5.3650550918745165e-22
1.16564570170473 5.365055724915409e-22
1.1928245710138414 5.365056367506936e-22
1.2206371585581264 5.365056910106103e-22
1.2490982404784545 5.365057492585801e-22
1.2782229374447416 5.365057989034182e-22
1.3080267226891875 5.365058483587922e-22
1.3385254302268237 5.365058980379151e-22
1.369735263267732 5.365059443130652e-22
1.4016728028254128 5.365059880752867e-22
1.4343550165258654 5.3650602797294e-22
1.4677992676220706 5.365060702314572e-22
1.5020233242186567 5.365061069153221e-22
1.5370453687116559 5.365061450969541e-22
1.5728840074483612 5.365061798448977e-22
1.6095582806124205 5.365062155531692e-22
1.6470876723394143 5.365062417915898e-22
1.6854921210682972 5.365062772782933e-22
1.7247920301341966 5.365063028057126e-22
1.7650082786082029 5.365063293439435e-22
1.8061622323899016 5.365063560668703e-22
1.848275755558551 5.365063825304548e-22
1.8913712219889245 5.365064051277807e-22
1.935471527238 5.365064284671884e-22
1.9806001007088037 5.365064489916222e-22
2.0267809180978715 5.36506473654226e-22
2.0740385141329463 5.365064944759474e-22
2.1223979956076717 5.365065098639389e-22
2.171885054720213 5.365065276561055e-22
2.222525982722885 5.365065443261312e-22
2.274347683890048 5.365065621323233e-22
2.327377689811681 5.365065786971446e-22
2.3816441740202396 5.365065914233045e-22
2.437175966958554 5.365066101047844e-22
2.4940025712967335 5.365066225162071e-22
2.552154177606206 5.365066354150516e-22
2.611661680399223 5.365066439125163e-22
2.6725566945423505 5.365066620210538e-22
2.7348715720526675 5.365066763453397e-22
2.7986394192855935 5.365066840313174e-22
2.863894114523477 5.3650669517654795e-22
2.9306703259742912 5.365067064568668e-22
2.999003530189995 5.365067128380941e-22
3.068930030914351 5.365067197426253e-22
3.1404869783702067 5.365067278901752e-22
3.21371238899649 5.365067369852726e-22
3.2886451656454048 5.365067450085277e-22
3.3653251182505572 5.365067571245436e-22
3.443792984976987 5.365067661793287e-22
3.5240904538643507 5.365067636405237e-22
3.6062601849747473 5.365067754756511e-22
3.6903458330569543 5.365067814094435e-22
3.77639207073912 5.365067887728431e-22
3.8644446122622242 5.365067968216235e-22
3.9545502377669295 5.365067969422779e-22
4.046756818146711 5.365068042678962e-22
4.141113340480481 5.36506806708905e-22
4.237669934058216 5.365068221168224e-22
4.336477897013409 5.365068164236447e-22
4.437589723576497 5.36506824592435e-22
4.541059131963759 5.36506822484013e-22
4.646941092916466 5.365068322282095e-22
4.755291858905486 5.365068284229413e-22
4.866168994016832 5.365068336139359e-22
4.979631404534034 5.365068448946995e-22
5.0957393702336 5.36506844022639e-22
5.214554576410165 5.365068392224931e-22
5.336140146648369 5.365068506314378e-22
5.4605606763588606 5.365068549093058e-22
5.587882267096237 5.365068568500837e-22
5.718172561677172 5.3650685429603e-22
5.851500780117376 5.365068637533627e-22
5.987937756406471 5.36506862232284e-22
6.127555976140354 5.365068625092959e-22
6.270429615030991 5.365068682024653e-22
6.416634578314149 5.365068741062219e-22
6.566248541075969 5.365068896014198e-22
6.719350989519823 5.365068758751363e-22
6.87602326319537 5.365068738791204e-22
7.036348598212252 5.36506880706529e-22
7.200412171461376 5.365068860398556e-22
7.368301145867304 5.365068745472933e-22
7.540104716695753 5.365068772240753e-22
7.715914158940838 5.36506881471632e-22
