results/limits/BECCAL_h.dat
# %ECSV 1.0
# ---
# datatype:
# - {name: mx, unit: MeV, datatype: float64}
# - {name: sigma, unit: cm2, datatype: float64}
# schema: astropy-2.0
mx sigma
[from data line 359]
1.9765051440486864e-05 5.320493798465721e-32
1.99940351017491e-05 5.506056078884485e-32
2.0225671602913264e-05 5.698119802212543e-32
2.045999167787324e-05 5.896913196293728e-32
2.0697026416583685e-05 6.102672507332557e-32
2.0936807269185087e-05 6.31564214954157e-32
2.117936605017668e-05 6.536075273394441e-32
2.1424734942637456e-05 6.764233978951566e-32
2.167294650249653e-05 7.000389496800791e-32
2.1924033662852534e-05 7.244822586683266e-32
2.217802973834328e-05 7.49782387240114e-32
2.243496842956601e-05 7.759694101698241e-32
2.269488382754881e-05 8.030744592154209e-32
2.2957810418273946e-05 8.311297807915384e-32
2.3223783087253304e-05 8.601687411230221e-32
2.3492837124157355e-05 8.902258786991841e-32
2.3765008227497243e-05 9.213369454717358e-32
2.404033250936136e-05 9.535389309860888e-32
2.4318846500206787e-05 9.86870142597477e-32
2.4600587153706167e-05 1.0213702461512162e-31
2.4885591851650862e-05 1.0570802879215067e-31
2.517389840891061e-05 1.0940427562522996e-31
2.5465545078451174e-05 1.1323016207019663e-31
2.5760570556409587e-05 1.171902394678706e-31
2.605901398722848e-05 1.212892220863149e-31
2.6360914968849877e-05 1.2553198795778501e-31
2.666631355796885e-05 1.2992358649046127e-31
2.6975250275348885e-05 1.3446924078053218e-31
2.7287766111197496e-05 1.3917436368041508e-31
2.7603902530605447e-05 1.440445559829975e-31
2.7923701479048165e-05 1.49085614035943e-31
2.8247205387951152e-05 1.5430353592769553e-31
2.8574457180319936e-05 1.597045358432752e-31
2.8905500276434857e-05 1.652950422251478e-31
2.9240378599612786e-05 1.7108170947086454e-31
2.957913658203412e-05 1.770714276341171e-31
2.992181917063876e-05 1.8327132724577311e-31
3.0268471833089437e-05 1.8968878925388053e-31
3.061914056380451e-05 1.9633145529579382e-31
3.097387189006062e-05 2.0320723185880853e-31
3.133271287816571e-05 2.1032430900064234e-31
3.169571113970453e-05 2.17691161384926e-31
3.206291483785493e-05 2.253165545918876e-31
3.243437269377896e-05 2.3320957169613816e-31
3.281013399308688e-05 2.4137961410923737e-31
3.319024859237661e-05 2.4983641113542116e-31
3.357476692584877e-05 2.585900338198879e-31
3.3963740011998057e-05 2.6765089431874613e-31
3.435721946038323e-05 2.7702979118236e-31
3.475525747847376e-05 2.8673789583285607e-31
3.5157906878577546e-05 2.967867700631199e-31
3.5565221084847914e-05 3.0718838173913015e-31
3.5977254140371655e-05 3.1795511734575133e-31
3.639406071434042e-05 3.2909977884187013e-31
3.681569610930314e-05 3.4063565771753527e-31
3.724221626850491e-05 3.525764930352585e-31
3.7673677783308445e-05 3.6493650634262475e-31
3.811013790070357e-05 3.7773041861872755e-31
3.855165453090255e-05 3.909734678166711e-31
3.899828625502337e-05 4.046813987953221e-31
3.9450092332863235e-05 4.188705541680658e-31
3.990713271076016e-05 4.3355783855591335e-31
4.0369468029547605e-05 4.487607445731985e-31
4.083715963260001e-05 4.644973790547019e-31
4.1310269573972e-05 4.807864846269888e-31
4.17888606266319e-05 4.9764744115043995e-31
4.2272996290790127e-05 5.1510031739635375e-31
4.276274080232545e-05 5.331659230927592e-31
4.325815914130667e-05 5.518657734870302e-31
4.375931704061527e-05 5.712221391704123e-31
4.426628099466649e-05 5.912580726007621e-31
4.477911826823201e-05 6.119974224483203e-31
4.5297896905364855e-05 6.3346484290367685e-31
4.582268573842707e-05 6.556859439438465e-31
4.63535543972236e-05 6.786871874426927e-31
4.689057331823952e-05 7.024959641106358e-31
4.743381375398671e-05 7.27140626103218e-31
4.7983347782457284e-05 7.526504884737081e-31
4.853924831668709e-05 7.79055898887245e-31
4.910158911443003e-05 8.063883434575984e-31
4.9670444787943887e-05 8.3468036658815e-31
5.0245890813891034e-05 8.639656548008814e-31
5.0828003543351446e-05 8.942790584736921e-31
5.141686021195416e-05 9.256565987807363e-31
5.2012538950124536e-05 9.581357015557389e-31
5.26151187934508e-05 9.917550333617008e-31
5.3224679693170735e-05 1.0265546174642694e-30
5.384130252677918e-05 1.0625758028446692e-30
5.446506910876021e-05 1.0998614977463207e-30
5.509606220144084e-05 1.1384561125562906e-30
5.573436552597329e-05 1.1784055831314194e-30
5.63800637734427e-05 1.2197573537720708e-30
5.703324261610415e-05 1.2625607285144053e-30
5.769398871874994e-05 1.3068666300567357e-30
5.836238975020779e-05 1.35272772563439e-30
5.9038534394974235e-05 1.400198631930057e-30
5.972251236497969e-05 1.4493358018941295e-30
6.041441441149292e-05 1.5001976898152526e-30
6.111433233716159e-05 1.5528448431212508e-30
6.182235900819225e-05 1.6073397735831796e-30
6.253858836667339e-05 1.6637474231973003e-30
6.326311544303791e-05 1.7221348947188638e-30
6.39960363686739e-05 1.782571494841361e-30
6.473744838867768e-05 1.845129099043892e-30
6.548744987475777e-05 1.909882216513007e-30
6.624614033828647e-05 1.9769078565639333e-30
6.701362044350276e-05 2.046285727592449e-30
6.778999202086991e-05 2.118098022116894e-30
6.857535808058476e-05 2.1924302160697883e-30
6.936982282624667e-05 2.2693708122952584e-30
7.01734916686828e-05 2.3490112780125976e-30
7.098647123993424e-05 2.4314462849319044e-30
7.180886940740437e-05 2.5167738215548568e-30
7.264079528817007e-05 2.6050946522302628e-30
7.348235926346114e-05 2.696514188989915e-30
7.433367299330386e-05 2.7911411245153608e-30
7.519484943133782e-05 2.8890878902206117e-30
7.606600283980202e-05 2.990470854403922e-30
7.694724880469551e-05 3.0954104601462886e-30
7.783870425111373e-05 3.2040306742756484e-30
7.874048745876149e-05 3.316460654120054e-30
7.965271807764822e-05 3.432834245319258e-30
8.057551714396117e-05 3.553289627329923e-30
8.150900709612633e-05 3.6779698149846046e-30
8.245331179105308e-05 3.807022827748213e-30
8.340855652056777e-05 3.9406014778924445e-30
8.437486802803788e-05 4.078863425427586e-30
8.535237452518762e-05 4.221973713631906e-30
8.634120570911115e-05 4.3701021386720794e-30
8.734149277947868e-05 4.523424434082815e-30
8.835336845594601e-05 4.682122478435793e-30
8.937696699576319e-05 4.846384449540634e-30
9.041242421158814e-05 5.0164031075119214e-30
9.145987748950674e-05 5.1923817422996266e-30
9.251946580726034e-05 5.374528964250656e-30
9.359132975268777e-05 5.563060672410048e-30
9.467561154237602e-05 5.75820030925282e-30
9.57724550405319e-05 5.960178570237153e-30
9.688200577806933e-05 6.169233008208027e-30
9.800441097191795e-05 6.385613035943178e-30
9.91398195445581e-05 6.609574903147485e-30
0.00010028838214377737 6.841383805180806e-30
0.00010145025116266137 7.081314149105287e-30
0.00010262558075981153 7.329646785857134e-30
0.00010381452687980027 7.586678197252878e-30
0.00010501724727386163 7.852712484588337e-30
0.00010623390152082159 8.128064356480018e-30
0.00010746465104827185 8.413057667957174e-30
0.00010870965915398806 8.708029170722233e-30
0.000109969091027596 9.013328969833335e-30
0.00011124311377248993 9.329317906596497e-30
0.00011253189642800366 9.656366440740024e-30
0.00011383560999183917 9.9948627765467e-30
0.00011515442744275438 1.0345207046340851e-29
0.00011648852376351502 1.070781017222095e-29
0.00011783807596411116 1.1083102226978622e-29
0.00011920326310524286 1.1471524556252334e-29
0.000120584266322079 1.1873535344206451e-29
0.00012198126884828998 1.228960955621141e-29
0.00012339445604035978 1.2720234357362117e-29
0.00012482401540217885 1.31659199402508e-29
0.00012627013660992313 1.3627192060480205e-29
0.0001277330115372202 1.4104591070562954e-29
0.00012921283428060708 1.4598676144370067e-29
0.0001307098011852839 1.5110033618842607e-29
0.00013222411087116502 1.5639265366201582e-29
0.00013375596425923173 1.6186994158713247e-29
0.0001353055645981917 1.6753857274895574e-29
0.0001368731174914456 1.7340519341823783e-29
0.0001384588309243674 1.7947676144430443e-29
0.00014006291529189936 1.8576041038146887e-29
0.00014168558342646869 1.9226352108621212e-29
0.00014332705062622582 1.989937303007047e-29
0.0001449875346836102 2.05958775457586e-29
0.00014666725591424822 2.131668924067561e-29
0.0001483664371861845 2.2062658850327067e-29
0.00015008530394945203 2.2834660735063812e-29
0.00015182408426598606 2.3633599503030718e-29
0.0001535830088398831 2.4460411057990217e-29
0.0001553623110480115 2.531604802410146e-29
0.00015716222697097554 2.6201505261289677e-29
0.00015898299542443998 2.711783382388654e-29
0.00016082485799081599 2.8066104767183556e-29
0.00016268805905131416 2.904742610384353e-29
0.00016457284581837043 3.006294408082389e-29
0.00016647946836844616 3.111384055508132e-29
0.00016840817967520805 3.220129915997593e-29
0.00017035923564309412 3.3326625179295225e-29
0.00017233289514126697 3.4491129755320703e-29
0.00017432942003796107 3.5696169138479485e-29
0.00017634907523522732 3.6943146241184e-29
0.0001783921287040817 3.823351224692558e-29
0.00018045885152005945 3.956871075980483e-29
0.00018254951789918136 4.095032902905966e-29
0.00018466440523433827 4.237997980333264e-29
0.00018680379413209535 4.385932201629384e-29
0.000188967968449923 4.539007149332123e-29
0.00019115721533386048 4.697399966893339e-29
0.00019337182525661423 4.8612861025102577e-29
0.00019561209205609865 5.0308619774189494e-29
0.00019787831297442214 5.206323658803897e-29
0.00020017078869732677 5.38787391500959e-29
0.0002024898233940833 5.57572244513517e-29
0.00020483572475784816 5.770077652026745e-29
0.00020720880404648977 5.971168694482259e-29
0.0002096093761238863 6.179228641118138e-29
0.00021203775950170146 6.394496990136846e-29
0.00021449427638164665 6.617217606577948e-29
0.00021697925269823008 6.847642204677692e-29
0.00021949301816200287 7.086041278625158e-29
0.00022203590630330466 7.332688281486694e-29
0.00022460825451651816 7.587858745211266e-29
0.00022721040410483463 7.85184692041797e-29
0.00022984270032553775 8.124957806756312e-29
0.0002325054924358144 8.407495643673654e-29
0.00023519913373909376 8.699787991228479e-29
0.00023792398163192358 9.002163159531789e-29
0.00024068039765139153 9.314966092122387e-29
0.0002434687475230936 9.638553962731556e-29
0.0002462894012096595 9.973287050989659e-29
0.0002491427329598389 1.0319548571836084e-28
0.0002520291213581591 1.067773487608172e-28
0.0002549489493751551 1.1048246618601816e-28
0.0002579026044181822 1.1431484990486567e-28
0.00026089047838281915 1.1827900984745711e-28
0.000263912967704865 1.2237941807891303e-28
0.00026697047341293787 1.266206963361915e-28
0.00027006340118168544 1.3100748016679005e-28
0.00027319216138560986 1.355444980441715e-28
0.000276357169153517 1.4023709834101376e-28
0.00027955884442359567 1.4509053762292234e-28
0.00028279761199913697 1.501102472321566e-28
0.00028607390160489726 1.5530183914638897e-28
0.0002893881479441139 1.6067073601313618e-28
0.0002927407907561838 1.6622288523589304e-28
0.00029613227487500823 1.7196473396471386e-28
0.0002995630502880128 1.7790265388708188e-28
0.00030303357219585474 1.8404322679158062e-28
0.00030654430107281795 1.9039325156609062e-28
0.0003100957027279104 1.9695945527237855e-28
0.0003136882483666671 2.037485546938799e-28
0.00031732241465367206 2.1076864358258797e-28
0.0003209986837758023 2.1802742733296354e-28
0.00032471754350620383 2.2553286286768864e-28
0.00032847948726901237 2.33293166943519e-28
0.0003322850142048202 2.4131682477079386e-28
0.0003361346292369036 2.4961122371780374e-28
0.0003400288431382156 2.5818634891188587e-28
0.0003439681725991579 2.6705161791782265e-28
0.00034795314029613557 2.7621662574878566e-28
0.0003519842749609052 2.8569127714441395e-28
0.00035606211145072997 2.9548579675459258e-28
0.0003601871908193445 3.05609385124687e-28
0.00036436006038874147 3.1607330119208715e-28
0.00036858127382179324 3.268893079304022e-28
0.00037285139119571156 3.380689451164555e-28
0.00037717097907636 3.496241204081502e-28
0.0003815406105934252 3.6156712134876077e-28
0.00038596086551646316 3.7390840936187062e-28
0.00039043233033182273 3.866624409113779e-28
0.0003949555983204602 3.998429483757047e-28
0.00039953126963665925 4.134637732091771e-28
0.00040415995138765937 4.275391926538733e-28
0.00040884225771420607 4.420819813383933e-28
0.000413578809872039 4.571077831602844e-28
0.00041837023631431924 4.72633069341902e-28
0.0004232171727750142 4.88673899464223e-28
0.0004281202623532464 5.0524626644977e-28
0.00043308015559862315 5.223649724997801e-28
0.00043809751059755136 5.400497587965184e-28
0.00044317299306055206 5.583186723488706e-28
0.00044830727641059065 5.771887787507458e-28
0.00045350104187242635 5.966787929200535e-28
0.0004587549785629968 6.168097570380629e-28
0.0004640697835828539 6.376001367713527e-28
0.00046944616210865434 6.590713371944688e-28
0.0004748848274867246 6.812441244369913e-28
0.00048038650132770685 7.041403344443805e-28
0.0004859519136023062 7.277827353279552e-28
0.0004915818027381432 7.521934602829068e-28
0.0004972769157177275 7.773960876671544e-28
0.0005030380081775725 8.034169082475715e-28
0.000508865844508452 8.302810684063069e-28
0.00051476119795682 8.580071802874367e-28
0.0005207248507274086 8.86628168074174e-28
0.0005267575940870108 9.161714525357047e-28
0.0005328602284694675 9.466652525217677e-28
0.0005390335635818685 9.78136799540821e-28
0.0005452784185119888 1.0106062989723515e-27
0.0005515956218369649 1.0441133008741455e-27
0.0005579860117332301 1.078689065346231e-27
0.000564450436087728 1.114365740370188e-27
0.0005709897526104105 1.1511763899547459e-27
0.0005776048289480376 1.1891480632246656e-27
0.0005842965427993025 1.2283084178510173e-27
0.0005910657820312827 1.2687034636026269e-27
0.0005979134447972454 1.3103695915859602e-27
0.0006048404396558136 1.3533441964069251e-27
0.0006118476856915182 1.3976657081935772e-27
0.000618936112636742 1.4433703921771372e-27
0.0006261066609950762 1.4904757428657243e-27
0.000633360282166112 1.539043872875198e-27
0.000640697938571671 1.5891168051187432e-27
0.0006481206037834997 1.6407376802524786e-27
0.0006556292626524482 1.6939507926349914e-27
0.0006632249114391391 1.7488016285533085e-27
0.0006709085579461541 1.8053080576301193e-27
0.0006786812216517484 1.8635296174741136e-27
0.0006865439338451206 1.9235239120274778e-27
0.0006944977377632436 1.9853402951103197e-27
0.0007025436887292811 2.0490293899871502e-27
0.0007106828542926136 2.1146431325034347e-27
0.0007189163143704804 2.1822093812909947e-27
0.0007272451613912625 2.251775540813752e-27
0.0007356705004394322 2.3234191227052162e-27
0.0007441934494021743 2.397196129632068e-27
0.0007528151391177108 2.4731639504611178e-27
0.0007615367135253393 2.5513814097876035e-27
0.0007703593298172171 2.6318652939524174e-27
0.000779284158591897 2.714690769032119e-27
0.0007883123840096416 2.7999373235452072e-27
0.0007974452039495446 2.8876680396883613e-27
0.000806683830168465 2.977947515337697e-27
0.000816029488461802 3.070807506067413e-27
0.0008254834188261404 3.166303769656693e-27
0.0008350468756237728 3.2645367166696834e-27
0.0008447211277491307 3.365575397384726e-27
0.0008545074587971411 3.469489709622236e-27
0.0008644071672335406 3.57627549667807e-27
0.0008744215665671552 3.686068905620595e-27
0.0008845519855241764 3.7989436651357075e-27
0.0008947997682244634 3.91495234666068e-27
0.0009051662743598803 4.034138948953857e-27
0.000915652879374703 4.156623410686083e-27
0.0009262609746481127 4.282454494446631e-27
0.0009369919676788106 4.4117055582700565e-27
0.0009478472822717653 4.544459152168943e-27
0.0009588283587271222 4.680787819863638e-27
0.0009699366540313104 4.8207691314097205e-27
0.0009811736420503548 4.9644837028065825e-27
0.0009925408137254294 5.111981091445835e-27
0.0010040396772706814 5.263397254690015e-27
0.0010156717583733414 5.418819912951147e-27
0.0010274386003961554 5.5781982498557106e-27
0.0010393417645821559 5.741711080762018e-27
0.0010513828302618166 5.909470398370234e-27
0.0010635633950625977 6.081567681631401e-27
0.0010758850751209181 6.25809642255954e-27
0.0010883495052965936 6.438893752977999e-27
0.001100958339389749 6.624260826040908e-27
0.0011137132503602433 6.814296973664544e-27
0.001126615930549649 7.009097666222489e-27
0.0011396680919057878 7.208760450501199e-27
0.0011528714662098784 7.413314021205146e-27
0.001166227805306307 7.622602970088568e-27
0.0011797388813350716 7.836987684749528e-27
0.0011934064869669084 8.056565879728263e-27
