results/limits/BECCAL_f_9.dat
# %ECSV 1.0
# ---
# datatype:
# - {name: mx, unit: MeV, datatype: float64}
# - {name: sigma_9, unit: cm2, datatype: float64}
# schema: astropy-2.0
mx sigma_9
[from data line 358]
0.0012122259692915415 1.6087492876006243e-37
0.0012404909310584848 1.5720935830265548e-37
0.0012694149350204683 1.5362730807401894e-37
0.0012990133477864558 1.501268751008859e-37
0.0013293018942621524 1.4670619976577264e-37
0.001360296666004259 1.4336346481937476e-37
0.001392014129769518 1.4009689441544633e-37
0.0014244711362630968 1.3690475316765355e-37
0.0014576849290909482 1.3378534522790408e-37
0.0014916731539209149 1.3073701338565876e-37
0.0015264538678574353 1.2775813818775616e-37
0.0015620455490348386 1.2484713707827629e-37
0.0015984671064343198 1.2200246355799248e-37
0.0016357378899298156 1.1922260636296407e-37
0.0016738777005681136 1.1650608866183417e-37
0.0017129068010886602 1.1385146727140813e-37
0.0017528459266886532 1.1125733189009613e-37
0.00179371629603914 1.0872230434881376e-37
0.0018355396225579732 1.0624503787894228e-37
0.0018783381259456144 1.0382421639696285e-37
0.0019221345439899109 1.0145855380538222e-37
0.001966952144646121 9.914679330958157e-38
0.0020128147383986056 9.688770675022507e-38
0.002059746690910748 9.468009395087358e-38
0.0021077729359698315 9.252278208045904e-38
0.0021569189887337423 9.041462503027883e-38
0.002207210959286545 8.835450280518233e-38
0.0022586755665101248 8.63413209286245e-38
0.0023113401522792685 8.437400986127153e-38
0.0023652326959877285 8.245152443285062e-38
0.0024203818294129824 8.057284328694121e-38
0.0024768168519275916 7.873696833841372e-38
0.002534567746065232 7.694292424322829e-38
0.0025936651934496745 7.51897578803104e-38
0.0026541405910951734 7.347653784523105e-38
0.0027160260680869266 7.180235395541976e-38
0.0027793545026504624 7.016631676664957e-38
0.002844159539619031 6.856755710053776e-38
0.0029104756083082714 6.700522558280934e-38
0.0029783379408076585 6.54784921920806e-38
0.0030477825906984404 6.398654581892153e-38
0.0031188464522080173 6.252859383496323e-38
0.0031915672798109355 6.110386167182291e-38
0.0032659837082868936 5.971159240962075e-38
0.003342135273246469 5.835104637487121e-38
0.0034200624321353945 5.702150074753659e-38
0.0034998065857286074 5.572224917703122e-38
0.0035814101001254554 5.445260140697498e-38
0.003664916329257761 5.321188290849599e-38
0.0037503696379226933 5.199943452188712e-38
0.0038378154253526898 5.081461210642717e-38
0.003927300149334948 4.965678619817977e-38
0.004018871350893299 4.852534167558889e-38
0.00411257767954558 4.74196774326933e-38
0.004208468919149921 4.6339206059785825e-38
0.004306596014353682 4.5283353531348786e-38
0.004407011097659079 4.4251558901098915e-38
0.004509767517119906 4.3243274003980646e-38
0.004614919864684026 4.2257963164948834e-38
0.004722524005196735 4.129510291438629e-38
0.004832637106080367 4.0354181710005825e-38
0.004945317667705937 3.9434699665087697e-38
0.005060625554472947 3.8536168282909384e-38
0.005178622026613854 3.765811019722595e-38
0.005299369772740128 3.6800058918663225e-38
0.005422932943147155 3.596155858688922e-38
0.0055493771838957115 3.514216372843238e-38
0.00567876967168809 3.434143902001724e-38
0.005811179149557424 3.3558959057292864e-38
0.0059466759633891655 3.279430812883017e-38
0.006085332099294114 3.204707999526883e-38
0.006227221221852859 3.1316877673496264e-38
0.006372418713251954 3.0603313225743676e-38
0.006521001713332612 2.9906007553487636e-38
0.006673049160573193 2.922459019604759e-38
0.006828641834027273 2.855869913377203e-38
0.006987862396239558 2.79079805957091e-38
0.00715079543716245 2.727208887165935e-38
0.007317527519096606 2.6650686128510737e-38
0.007488147222679345 2.60434422307585e-38
0.007662745193945353 2.5450034565114296e-38
0.007841414192484688 2.487014786911159e-38
0.008024249140723652 2.4303474063616397e-38
0.008211347174354735 2.374971208915397e-38
0.008402807693942412 2.3208567745964943e-38
0.008598732417732204 2.2679753537705702e-38
0.008799225435691074 2.2162988518710025e-38
0.009004393264807849 2.1657998144730784e-38
0.009214344905683071 2.1164514127082637e-38
0.009429191900438323 2.068227429010794e-38
0.009649048391975805 2.021102243189022e-38
0.009874031184619632 1.9750508188141517e-38
0.010104259806171096 1.9300486899190821e-38
0.01033985657141083 1.886071948000327e-38
0.010580946647081629 1.8430972293160985e-38
0.010827658118386449 1.8011017024737957e-38
0.011080122057036918 1.7600630563003198e-38
0.011338472590888495 1.719959487988764e-38
0.01160284697519928 1.6807696915151703e-38
0.01187338566555036 1.64247284631923e-38
0.012150232392466372 1.6050486062428822e-38
0.012433534237775993 1.5684770887209493e-38
0.01272344171275288 1.5327388642180618e-38
0.013020108838078586 1.4978149459062738e-38
0.013323693225669961 1.4636867795778707e-38
0.013634356162414448 1.4303362337880006e-38
0.013952262695857842 1.3977455902219313e-38
0.014277581721889965 1.3658975342817776e-38
0.014610486074474885 1.334775145887708e-38
0.014951152617473332 1.3043618904887514e-38
0.015299762338606094 1.2746416102784278e-38
0.015656500445608335 1.2455985156105272e-38
0.016021556464625875 1.2172171766104807e-38
0.016395124340905766 1.1894825149778753e-38
0.016777402541834602 1.1623797959757358e-38
0.017168594162379338 1.1358946206023529e-38
0.01756890703298664 1.1100129179414537e-38
0.017978553829998065 1.0847209376866972e-38
0.01839775218863974 1.0600052428364856e-38
0.01882672481864659 1.0358527025552316e-38
0.01926569962258253 1.0122504851972835e-38
0.019714909816919448 9.891860514897996e-39
0.020174594055939365 9.66647147870955e-39
0.02064499655852557 9.44621799979937e-39
0.021126367237910063 9.230983062952694e-39
0.021618961834446313 9.020652319180985e-39
0.02212304205147776 8.815114024971139e-39
0.022638875694374342 8.614258982919082e-39
0.0231667368128109 8.417980483715893e-39
0.02370690584636297 8.2261742494559e-39
0.024259669773497434 8.038738378236426e-39
0.024825322264037063 7.855573290019917e-39
0.025404163835180054 7.676581673729577e-39
0.025996502011157406 7.501668435550418e-39
0.026602651486612925 7.330740648408365e-39
0.027222934293792744 7.163707502600407e-39
0.027857679973633073 7.000480257549689e-39
0.02850722575083718 6.840972194659887e-39
0.02917191671303455 6.68509857124379e-39
0.029852105994117403 6.532776575501632e-39
0.030548154961852016 6.383925282525267e-39
0.031260433409864494 6.238465611304802e-39
0.031989319754103004 6.096320282714825e-39
0.0327352012338808 5.957413778457934e-39
0.03349847411760691 5.821672300943784e-39
0.034279543913313774 5.6890237340822315e-39
0.03507882558409363 5.5593976049698856e-39
0.03589674376855814 5.432725046449624e-39
0.03673373300643846 5.3089387605231693e-39
0.037590237969445384 5.1879729825973366e-39
0.038466713697512506 5.069763446544972e-39
0.03936362584054766 4.954247350561945e-39
0.04028145090582124 4.8413633238021205e-39
0.04122067651112274 4.731051393772546e-39
0.04218180164382002 4.623252954471575e-39
0.043165336925959 4.5179107352529466e-39
0.044171804885544536 4.414968770399317e-39
0.04520174023414663 4.314372369389077e-39
0.046255690150979495 4.216068087840621e-39
0.047334214573604344 4.1200036991186857e-39
0.048437886495410414 4.0261281665876375e-39
0.04956729227003216 3.934391616496973e-39
0.05072303192286451 3.84474531148463e-39
0.051905719469841495 3.75714162468405e-39
0.05311598324364777 3.6715340144211836e-39
0.05435446622753626 3.587876999488089e-39
0.05562182639692926 3.506126134979853e-39
0.056918737068984544 3.42623798868216e-39
0.058245887260312136 3.348170117996791e-39
0.05960398205303182 3.271881047392948e-39
0.06099374296936585 3.197330246372343e-39
0.06241590835496589 3.1244781079363175e-39
0.06387123377117784 3.053285927543645e-39
0.06536049239645289 2.983715882547778e-39
0.06688447543711816 2.915731012102585e-39
0.06844399254772507 2.8492951975259928e-39
0.0700398722611988 2.7843731431110174e-39
0.0716729624290174 2.720930357374021e-39
0.07334413067165428 2.6589331347302563e-39
0.07505426483952363 2.5983485375869094e-39
0.07680427348467332 2.539144378844184e-39
0.07859508634347626 2.4812892047950824e-39
0.08042765483057629 2.424752278414836e-39
0.08230295254435131 2.3695035630310828e-39
0.08422197578416211 2.315513706366126e-39
0.08618574407966152 2.2627540249427982e-39
0.08819530073244539 2.2111964888456325e-39
0.09025171337033296 2.1608137068292685e-39
0.09235607451457113 2.1115789117661643e-39
0.09450950216026408 2.0634659464258743e-39
0.09671314037033632 2.0164492495783636e-39
0.09896815988334524 1.970503842413963e-39
0.10127575873546546 1.92560531527274e-39
0.10363716289697593 1.8817298146762506e-39
0.10605362692358762 1.8388540306547817e-39
0.10852643462295801 1.7969551843633327e-39
0.11105689973674641 1.756011015979783e-39
0.11364636663857243 1.7159997728787964e-39
0.11629621104824843 1.676900198075192e-39
0.1190078407626656 1.6386915189306354e-39
0.12178269640372161 1.601353436117639e-39
0.12462225218368743 1.5648661128350454e-39
0.1275280166884199 1.529210164269211e-39
0.13050153367883624 1.494366647295347e-39
0.1335443829110759 1.4603170504134983e-39
0.13665818097578622 1.4270432839138374e-39
0.13984458215697693 1.3945276702660585e-39
0.14310527931090045 1.3627529347277362e-39
0.14644200476542463 1.3317021961666816e-39
0.14985653124037576 1.301358958092415e-39
0.15335067278934078 1.2717070998919905e-39
0.1569262857634292 1.2427308682655112e-39
0.1605852697975066 1.2144148688567858e-39
0.16432956881942368 1.1867440580746976e-39
0.16816117208277714 1.1597037351009031e-39
0.172082115223751 1.1332795340796624e-39
0.1760944813425998 1.1074574164856114e-39
0.1802004021103484 1.0822236636654317e-39
0.18440205890129596 1.0575648695494855e-39
0.18870168395192646 1.0334679335294864e-39
0.1931015615468407 1.0099200534984785e-39
0.1976040292323402 9.869087190493908e-40
0.20221147905830805 9.644217048285667e-40
0.20692635884904578 9.424470640407377e-40
0.21175117350374192 9.209731221019827e-40
0.2166884863272632 8.999884704373136e-40
0.22174092039197504 8.794819604195803e-40
0.22691115993131514 8.594426974464763e-40
0.23220195176586036 8.398600351525146e-40
0.2376161067626448 8.207235697528655e-40
0.24315650132850383 8.020231345160925e-40
0.24882607893823822 7.837487943628137e-40
0.25462785169840935 7.658908405874422e-40
0.2605649019475973 7.484397857001876e-40
0.26664038389397104 7.313863583865901e-40
0.27285752529104135 7.147214985818975e-40
0.2792196291524867 6.984363526576794e-40
0.2857300755069626 6.82522268718111e-40
0.2923923231938275 6.669707920034358e-40
0.2992099117007387 6.517736603981591e-40
0.3061864630440946 6.3692280004159255e-40
0.31332568369332287 6.224103210384071e-40
0.32063136654003577 6.0822851326693344e-40
0.3281073929131 5.943698422829565e-40
0.3357577346406907 5.808269453168582e-40
0.343586456160426 5.675926273619561e-40
0.3515977166787018 5.5465985735197496e-40
0.359795772380376 5.420217644256155e-40
0.368184978689974 5.296716342762349e-40
0.3767697925856183 5.176029055847012e-40
0.38555477496691104 5.0580916653352796e-40
0.394544593078027 4.942841514004321e-40
0.4037440229873054 4.8302173722951136e-40
0.4131579521246571 4.72015940578269e-40
0.42279138187813525 4.612609143387586e-40
0.43264943025104924 4.507509446311612e-40
0.4427373345810337 4.404804477681389e-40
0.4530604543225162 4.30443967288363e-40
0.4636242738940635 4.20636171057629e-40
0.47443440559211736 4.1105184843602606e-40
0.48549659257266914 4.016859075096529e-40
0.4968167119024568 3.9253337238540934e-40
0.5084007776813051 3.835893805474263e-40
0.5202549442372687 3.748491802737334e-40
0.5323855093962742 3.6630812811178503e-40
0.5447989178279997 3.579616864115081e-40
0.557501764469769 3.4980542091456234e-40
0.5705007980302781 3.418349983985263e-40
0.5838029245750183 3.340461843747657e-40
0.5974152111952977 3.2643484083875186e-40
0.6113448897628128 3.189969240716439e-40
0.6255993607717623 3.1172848249195983e-40
0.6401861972705483 3.04625654556199e-40
0.6551131488851486 2.976846667072995e-40
0.6703881459363026 2.9090183136984075e-40
0.686019303652694 2.842735449909254e-40
0.7020149264823721 2.7779628612570084e-40
0.7183835125046995 2.7146661356650234e-40
0.7351337579451718 2.652811645146254e-40
0.7522745617955077 2.592366527937514e-40
0.7698150305414633 2.533298671040867e-40
0.7877644830008832 2.4755766931627486e-40
0.8061324552745581 2.419169928041892e-40
0.8249287058125218 2.3640484081570732e-40
0.8441632205984669 2.3101828488061344e-40
0.8638462184550629 2.2575446325477225e-40
0.8839881564729563 2.206105793997555e-40
0.9045997355663667 2.1558390049711058e-40
0.9256919061582187 2.1067175599648184e-40
0.9472758739978306 2.0587153619681203e-40
0.9693631061142522 2.0118069085987393e-40
0.9919653369084147 1.965967278553912e-40
1.0150945743873274 1.9211721183703003e-40
1.0387631065436362 1.87739762948562e-40
1.0629835078839296 1.8346205555950293e-40
1.0877686461092637 1.7928181702956506e-40
1.1131316889514546 1.7519682650125738e-40
1.1390861111687691 1.7120491372000003e-40
1.16564570170473 1.673039578811216e-40
1.1928245710138414 1.6349188650312747e-40
1.2206371585581264 1.5976667432664213e-40
1.2490982404784545 1.561263422384386e-40
1.2782229374447416 1.525689562199843e-40
1.3080267226891875 1.4909262631994524e-40
1.3385254302268237 1.45695505650101e-40
1.369735263267732 1.4237578940413928e-40
1.4016728028254128 1.3913171389880609e-40
1.4343550165258654 1.3596155563690515e-40
1.4677992676220706 1.3286363039164598e-40
1.5020233242186567 1.2983629231185588e-40
1.5370453687116559 1.2687793304757966e-40
1.5728840074483612 1.2398698089560363e-40
1.6095582806124205 1.211618999644476e-40
1.6470876723394143 1.1840118935838468e-40
1.6854921210682972 1.157033823800513e-40
1.7247920301341966 1.1306704575122856e-40
1.7650082786082029 1.1049077885137551e-40
1.8061622323899016 1.0797321297351488e-40
1.848275755558551 1.0551301059707254e-40
1.8913712219889245 1.0310886467728578e-40
1.935471527238 1.007594979508034e-40
1.9806001007088037 9.84636622571062e-41
2.0267809180978715 9.622013787539091e-41
2.0740385141329463 9.402773287656215e-41
2.1223979956076717 9.188528248999037e-41
2.171885054720213 8.979164848469761e-41
2.222525982722885 8.774571856464391e-41
2.274347683890048 8.574640577779131e-41
2.327377689811681 8.379264793863369e-41
2.3816441740202396 8.188340706388326e-41
2.437175966958554 8.001766882101627e-41
2.4940025712967335 7.819444198938278e-41
2.552154177606206 7.641275793359559e-41
2.611661680399223 7.467167008891862e-41
2.6725566945423505 7.297025345837985e-41
2.7348715720526675 7.130760412134368e-41
2.7986394192855935 6.968283875328025e-41
2.863894114523477 6.809509415647651e-41
2.9306703259742912 6.654352680144096e-41
2.999003530189995 6.502731237875735e-41
3.068930030914351 6.354564536114908e-41
3.1404869783702067 6.209773857552271e-41
3.21371238899649 6.068282278476223e-41
3.2886451656454048 5.930014627905246e-41
3.3653251182505572 5.794897447651414e-41
3.443792984976987 5.662858953293878e-41
3.5240904538643507 5.533828996041552e-41
3.6062601849747473 5.407739025464833e-41
3.6903458330569543 5.284522053076424e-41
3.77639207073912 5.164112616742003e-41
3.8644446122622242 5.046446745901819e-41
3.9545502377669295 4.931461927584712e-41
4.046756818146711 4.819097073196516e-41
4.141113340480481 4.709292486065174e-41
4.237669934058216 4.60198982972543e-41
4.336477897013409 4.4971320969260266e-41
4.437589723576497 4.3946635793432276e-41
4.541059131963759 4.294529837984318e-41
4.646941092916466 4.196677674265543e-41
4.755291858905486 4.1010551017489884e-41
4.866168994016832 4.0076113185234784e-41
4.979631404534034 3.916296680214797e-41
5.0957393702336 3.8270626736108096e-41
5.214554576410165 3.739861890887647e-41
5.336140146648369 3.654648004423064e-41
5.4605606763588606 3.5713757421837166e-41
5.587882267096237 3.4900008636732733e-41
5.718172561677172 3.4104801364285084e-41
5.851500780117376 3.3327713130509725e-41
5.987937756406471 3.2568331087620026e-41
6.127555976140354 3.1826251794691124e-41
6.270429615030991 3.1101081003321997e-41
6.416634578314149 3.0392433448180836e-41
6.566248541075969 2.969993264232317e-41
6.719350989519823 2.902321067717376e-41
6.87602326319537 2.8361908027065534e-41
7.036348598212252 2.771567335823292e-41
7.200412171461376 2.7084163342156437e-41
