results/limits/BECCAL_h_phase.dat
# %ECSV 1.0
# ---
# datatype:
# - {name: mx, unit: MeV, datatype: float64}
# - {name: sigma, unit: cm2 MeV4, datatype: float64}
# schema: astropy-2.0
mx sigma
[from data line 1433]
0.0019645299389123754 2.7684322302388226e-21
0.001971782336360376 2.809539720258314e-21
0.001979061507270924 2.8512576011612738e-21
0.001986367550482825 2.8935949364548788e-21
0.001993700565199762 2.9365609241779378e-21
0.002001060650991652 2.980164898971662e-21
0.0020084479077959842 3.024416334079232e-21
0.0020158624359191877 3.069324843455759e-21
0.0020233043360379887 3.1149001837425215e-21
0.0020307737092007767 3.161152256447299e-21
0.002038270656828985 3.208091110219542e-21
0.0020457952807184554 3.2557269427486447e-21
0.002053347683040829 3.3040701032753135e-21
0.0020609279663449287 3.3531310946672306e-21
0.002068536233558155 3.402920575719407e-21
0.002076172587987886 3.453449363583692e-21
0.002083837133322872 3.504728435887075e-21
0.00209152997363465 3.556768933405461e-21
0.002099251213378953 3.6095821622757725e-21
0.0021070009573971303 3.663179596490648e-21
0.0021147793109175766 3.717572880444687e-21
0.002122586379557148 3.772773831476352e-21
0.0021304222693226066 3.828794442327793e-21
0.0021382870866120556 3.885646883780469e-21
0.0021461809382163828 3.943343507532274e-21
0.0021541039313207203 4.001896848445875e-21
0.002162056173505885 4.0613196276969744e-21
0.0021700377727498486 4.121624755166468e-21
0.002178048837429203 4.182825332689097e-21
0.0021860894763206275 4.244934656316108e-21
0.0021941597986023767 4.3079662198082775e-21
0.002202259913855748 4.371933717243985e-21
0.002210389932066579 4.436851045900919e-21
0.002218549963626737 4.502732309469114e-21
0.0022267401193356265 4.569591821118739e-21
0.00223496051040168 4.637444106544553e-21
0.0022432112484438763 4.706303907080976e-21
0.0022514924454932563 4.776186182957648e-21
0.002259804213994439 4.8471061165987295e-21
0.00226814666680716 4.919079115773881e-21
0.002276519917207787 4.992120817057947e-21
0.002284924078890871 5.066247089341083e-21
0.0022933592659706856 5.141474036966194e-21
0.0023018255929827735 5.21781800356033e-21
0.002310323174885512 5.2952955752829825e-21
0.0023188521270616604 5.3739235846441754e-21
0.002327412565319935 5.453719114145644e-21
0.0023360046058965803 5.534699499808011e-21
0.0023446283654569443 5.616882335221543e-21
0.002353283961097071 5.700285475128712e-21
0.002361971510345279 5.784927039414459e-21
0.002370691131163764 5.870825416981956e-21
0.0023794429419501995 5.957999269844168e-21
0.002388227061539342 6.046467537125595e-21
0.0023970436092046535 6.1362494390620696e-21
0.0024058927046599083 6.227364481406107e-21
0.0024147744680608255 6.319832459494641e-21
0.0024236890200067 6.4136734626240594e-21
0.0024326364815420378 6.508907878342043e-21
0.002441616974158208 6.60555639687816e-21
0.002450630619795078 6.70364001593643e-21
0.0024596775408426814 6.803180044627089e-21
0.002468757860142871 6.90419810880084e-21
0.002477871700990999 7.00671615525752e-21
0.002487019187137577 7.110756456682592e-21
0.002496200442789965 7.216341616706664e-21
0.0025054155926140546 7.323494574116458e-21
0.002514664761735961 7.432238608793302e-21
0.0025239480757437314 7.542597345981597e-21
0.0025332656606890354 7.65459476188579e-21
0.0025426176430888856 7.768255188659996e-21
0.002552004149927355 7.883603319887594e-21
0.0025614253086572955 8.000664215547464e-21
0.0025708812472020823 8.119463307944093e-21
0.0025803720939573333 8.240026407040674e-21
0.002589897977792663 8.362379705739453e-21
0.002599459028053431 8.486549786424876e-21
0.0026090553745624933 8.612563625529331e-21
0.0026186871476219786 8.740448600630148e-21
0.002628354478015039 8.870232495528417e-21
0.002638057497007638 9.001943506506823e-21
0.0026477963363503295 9.13561024880568e-21
0.0026575711282800455 9.271261762187951e-21
0.0026673820055219 9.408927518177686e-21
0.002677229101290977 9.548637425247697e-21
0.0026871125492941485 9.690421836461025e-21
0.00269703248373189 9.834311555385936e-21
0.0027069890393000957 9.980337842846052e-21
0.0027169823511919234 1.0128532424181575e-20
0.0027270125550996095 1.0278927495634024e-20
0.002737079787216326 1.043155573159378e-20
0.00274718418423802 1.0586450291289987e-20
0.002757325883365285 1.0743644826764181e-20
0.0027675050223052063 1.0903173489510145e-20
0.0027777217392732385 1.106507093830054e-20
0.002787976172995085 1.1229372346218197e-20
0.002798268462708574 1.1396113408928171e-20
0.0028085987481655636 1.156533035200803e-20
0.002818967169633821 1.1737059939080571e-20
0.0028293738678989372 1.1911339479300295e-20
0.0028398189842662393 1.2088206836242511e-20
0.002850302660562703 1.2267700435211215e-20
0.0028608250391388918 1.2449859272649719e-20
0.0028713862628708714 1.2634722923710232e-20
0.0028819864751621622 1.2822331551049379e-20
0.0028926258199456828 1.3012725914177804e-20
0.0029033044416857017 1.3205947377305372e-20
0.002914022485379811 1.3402037919173744e-20
0.0029247800965608774 1.3601040141650862e-20
0.00293557742129903 1.3802997279192866e-20
0.0029464146062036403 1.4007953208645624e-20
0.0029572917984253106 1.4215952457486514e-20
0.002968209145657883 1.4427040215499024e-20
0.0029791667961404297 1.464126234257772e-20
0.0029901648986592733 1.485866538013757e-20
0.0030012036025500077 1.507929655995355e-20
0.0030122830576995215 1.5303203815996885e-20
0.0030234034145480452 1.55304357935471e-20
0.0030345648240911764 1.5761041859856077e-20
0.003045767437881941 1.5995072116190094e-20
0.0030570114080328468 1.623257740663051e-20
0.0030682968872179587 1.6473609331146856e-20
0.0030796240286749556 1.671822025554691e-20
0.003090992986207223 1.6966463322827953e-20
0.0031024039141859367 1.7218392465452155e-20
0.0031138569675521572 1.7474062417004525e-20
0.0031253523018189466 1.7733528722965703e-20
0.0031368900730734594 1.7996847754694887e-20
0.0031484704379790766 1.8264076719542655e-20
0.0031600935537775283 1.853527367485472e-20
0.003171759578291026 1.881049754005659e-20
0.003183468669924418 1.908980810910303e-20
0.0031952209876673233 1.9373266064254628e-20
0.0032070166910962996 1.9660932988942925e-20
0.0032188559403770094 1.9952871379869584e-20
0.0032307388962663905 2.024914466333182e-20
0.003242665720114852 2.054981720634017e-20
0.003254636573868447 2.0854954331514566e-20
0.003266651620071082 2.1164622332965742e-20
0.003278711021866722 2.1478888487156917e-20
0.003290814943001604 2.1797821070972653e-20
0.0033029635478264707 2.2121489374190106e-20
0.003315157001298784 2.2449963716483527e-20
0.0033273954689849775 2.2783315460806895e-20
0.0033396791170627023 2.3121617029716757e-20
0.003352008112323079 2.3464941921647543e-20
0.0033643826221729754 2.3813364726327534e-20
0.0033768028146372612 2.4166961140239034e-20
0.0033892688583611018 2.452580798533886e-20
0.0034017809226122406 2.488998322334437e-20
0.0034143391772833136 2.5259565973539555e-20
0.0034269437928941327 2.5634636529721343e-20
0.0034395949405940174 2.6015276379812368e-20
0.003452292792164113 2.6401568218706066e-20
0.0034650375200197215 2.6793595971912338e-20
0.003477829297212656 2.7191444809620805e-20
0.0034906682974335684 2.7595201166827896e-20
0.003503554695014324 2.800495276326706e-20
0.0035164886649303633 2.8420788618656085e-20
0.0035294703828030747 2.88427990778202e-20
0.003542500024902194 2.927107582414614e-20
0.0035555777681481764 2.9705711903470335e-20
0.003568703790114612 3.0146801743467945e-20
0.0035818782690306343 3.059444117464199e-20
0.0035951013837833366 3.1048727448745616e-20
0.0036083733139202156 3.150975926280122e-20
0.003621694239651587 3.1977636778675283e-20
0.0036350643418530467 3.245246164634338e-20
0.0036484838020679248 3.2934337023954405e-20
0.0036619528025097453 3.342336760218229e-20
0.0036754715260647153 3.3919659626848404e-20
0.0036890401562941874 3.442332091983473e-20
0.0037026588774371648 3.493446090573213e-20
0.0037163278744128015 3.545319063292834e-20
0.003730047332822907 3.597962279827011e-20
0.0037438174389544847 3.651387177227066e-20
0.003757638379782235 3.7056053624511635e-20
0.0037715103429711125 3.7606286148276296e-20
0.0037854335168788643 3.816468888483096e-20
0.0037994080905586047 3.873138314956438e-20
0.0038134342537613575 3.930649206259711e-20
0.0038275121969386485 3.989014056853138e-20
0.0038416421112450884 4.048245546935172e-20
0.0038558241885409635 4.1083565449080113e-20
0.003870058621394857 4.1693601103042347e-20
0.0038843456030862402 4.2312694966369394e-20
0.0038986853276081123 4.294098154023534e-20
0.00391307798966963 4.357859732398791e-20
0.00392752378469875 4.422568084381019e-20
0.003942022908844895 4.488237268330253e-20
0.003956575558981596 4.5548815513798934e-20
0.003971181932709178 4.622515412294609e-20
0.003985842228357443 4.6911535449989904e-20
0.0040005566449883585 4.760810861611621e-20
0.0040153253823987725 4.8315024956298284e-20
0.004030148641123108 4.903243805327643e-20
0.004045026622436095 4.976050376902319e-20
0.004059959528355507 5.0499380282123326e-20
0.004074947561644897 5.124922811487306e-20
0.004089990925816364 5.201021018018557e-20
0.004105089825133295 5.2782491805097837e-20
0.004120244464613155 5.356624077339951e-20
0.004135455050030265 5.43616273584518e-20
0.0041507217879185945 5.516882436464283e-20
0.004166044885574579 5.598800715941862e-20
0.0041814245510599125 5.68193537169291e-20
0.004196860993204389 5.766304465192556e-20
0.004212354421608728 5.851926326148607e-20
0.004227905046647438 5.938819556597372e-20
0.004243513079471651 6.027003034465237e-20
0.004259178732012 6.116495918467744e-20
0.0042749022169815 6.207317651278232e-20
0.004290683747878424 6.299487964669901e-20
0.004306523538989227 6.393026883186708e-20
0.004322421805391423 6.48795472865645e-20
0.0043383787629565265 6.584292124993379e-20
0.00435439462835298 6.682060001997848e-20
0.004370469619049089 6.781279600432933e-20
0.004386603953315994 6.881972476503142e-20
0.004402797850230606 6.98416050605125e-20
0.004419051529678602 7.087865890534347e-20
0.004435365212357404 7.193111160337343e-20
0.004451739119779171 7.299919180766121e-20
0.004468173474273826 7.408313156362388e-20
0.004484668498992047 7.51831663698727e-20
0.004501224417908317 7.629953521171324e-20
0.004517841455823956 7.743248062844835e-20
0.0045345198383701735 7.858224876046615e-20
0.004551259792011149 7.974908940151756e-20
0.004568061544047079 8.093325605590673e-20
0.004584925322617284 8.213500599135025e-20
0.004601851356703295 8.335460029492599e-20
0.004618839876131968 8.459230393636211e-20
0.004635891111578614 8.584838581043985e-20
0.0046530052945701105 8.712311880730039e-20
0.004670182657488058 8.84167798748806e-20
0.0046874234335719306 8.972965007131861e-20
0.0047047278569222585 9.106201462145654e-20
0.004722096162503781 9.241416299038199e-20
0.004739528586148652 9.3786388947374e-20
0.0047570253645596436 9.517899061128619e-20
0.004774586735313349 9.659227053594266e-20
0.004792212936863432 9.802653576497712e-20
0.0048099042085438335 9.948209790241918e-20
0.004827660790572042 1.0095927318062197e-19
0.004845482924052349 1.0245838252176895e-19
0.0048633708509791184 1.0397975162129788e-19
0.004881324814240094 1.0552371100387861e-19
0.004899345057619665 1.0709059610828725e-19
0.004917431825802198 1.086807473475126e-19
0.004935585364375353 1.102945101878715e-19
0.004953805919833413 1.1193223523987904e-19
0.004972093739580654 1.1359427830172615e-19
0.004990449071934671 1.1528100046808454e-19
0.005008872166129769 1.1699276819155265e-19
0.005027363272320348 1.1872995335945374e-19
0.005045922641584285 1.2049293338886864e-19
0.005064550525926375 1.2228209130355907e-19
0.005083247178281712 1.2409781579953295e-19
0.00510201285251915 1.2594050136500599e-19
0.005120847803444739 1.2781054833266996e-19
0.005139752286805202 1.2970836298128045e-19
0.00515872655929138 1.3163435761852832e-19
0.005177770878541739 1.3358895068556398e-19
0.00519688550314586 1.355725668348148e-19
0.005216070692647945 1.3758563701155042e-19
0.005235326707550366 1.396285985723386e-19
0.005254653809317166 1.4170189536295404e-19
0.005274052260377635 1.4380597782085245e-19
0.005293522324129861 1.459413030701565e-19
0.0053130642649443114 1.4810833502925067e-19
0.005332678348167434 1.5030754449610325e-19
0.005352364840125234 1.5253940926620436e-19
0.005372124008126909 1.5480441421786719e-19
0.005391956120468475 1.5710305145397849e-19
0.005411861446436403 1.5943582035706188e-19
0.005431840256311296 1.618032277394712e-19
0.00545189282137153 1.642057879316853e-19
0.005472019413896953 1.6664402291366823e-19
0.005492220307172586 1.6911846240621505e-19
0.005512495775492317 1.716296439919914e-19
0.005532846094162659 1.7417811324176994e-19
0.005553271539506443 1.767644238411869e-19
0.005573772388866604 1.793891376666584e-19
0.005594348920609933 1.8205282495861892e-19
0.005615001414130853 1.8475606442495843e-19
0.0056357301498552404 1.8749944336238712e-19
0.005656535409244189 1.9028355777656354e-19
0.005677417474797864 1.9310901255596418e-19
0.0056983766300593205 1.9597642152628971e-19
0.00571941315961838 1.9888640766987825e-19
0.005740527349115455 2.018396031844348e-19
0.0057617194852454595 2.0483664969069633e-19
0.005782989855761687 2.0787819828666656e-19
0.005804338749479715 2.1096490979787076e-19
0.005825766456281354 2.1409745482146516e-19
0.005847273267118542 2.172765139237548e-19
0.005868859474017322 2.2050277777402944e-19
0.005890525370081802 2.2377694730245774e-19
0.005912271249498127 2.2709973383755686e-19
0.0059340974075385 2.30471859286184e-19
0.005956004140565151 2.3389405626463316e-19
0.00597799174603439 2.37367068256935e-19
0.006000060522500636 2.408916498088375e-19
0.006022210769620469 2.444685666552863e-19
0.006044442788156717 2.4809859589305454e-19
0.00606675687998251 2.517825261877782e-19
0.0060891533480854 2.5552115788670585e-19
0.006111632496571468 2.593153032424554e-19
0.006134194630669447 2.631657865502011e-19
0.006156840056734897 2.67073444353825e-19
0.006179569082254321 2.7103912561176424e-19
0.006202382015849364 2.750636919037921e-19
0.006225279167281004 2.791480175925437e-19
0.006248260847453749 2.8329299001266605e-19
0.006271327368419879 2.874995097013209e-19
0.006294479043383653 2.917684905485076e-19
0.006317716186705582 2.9610086002056733e-19
0.006341039113906684 3.00497559344233e-19
0.0063644481416728 3.049595437366269e-19
0.006387943587858849 3.0948778260065165e-19
0.006411525771493172 3.1408325971312287e-19
0.006435195012781858 3.187469734765942e-19
0.006458951633113085 3.2347993710478716e-19
0.0064827959550615094 3.282831789003416e-19
0.006506728302392609 3.3315774235525986e-19
0.0065307490000671015 3.3810468651473837e-19
0.006554858374245353 3.431250861396788e-19
0.006579056752291801 3.482200319502991e-19
0.006603344462779423 3.5339063085203254e-19
0.0066277218354941604 3.586380061871022e-19
0.006652189201439423 3.6396329798098726e-19
0.006676746892840575 3.693676632010254e-19
0.0067013952431494404 3.7485227596450782e-19
0.006726134587048859 3.804183278429923e-19
0.006750965260457189 3.860670281166041e-19
0.006775887600532894 3.917996039823978e-19
0.006800901945679116 3.97617300880698e-19
0.006826008635548263 4.035213827645318e-19
0.006851208011046651 4.0951313231553845e-19
0.006876500414339085 4.155938512697871e-19
0.00690188618885354 4.2176486072971225e-19
0.006927365679285812 4.2802750138321436e-19
0.006952939231604193 4.343831338081016e-19
0.0069786071930542 4.408331388349926e-19
0.0070043699121632415 4.473789177558185e-19
0.0070302277387453834 4.540218926815061e-19
0.007056181023906083 4.607635068465002e-19
0.007082230120046982 4.676052249052996e-19
0.0071083753808706554 4.745485332842561e-19
0.007134617161385436 4.81594940441068e-19
0.007160955817910231 4.887459772631066e-19
0.007187391708079353 4.960031973690116e-19
0.007213925190847404 5.033681774121926e-19
0.007240556626494107 5.108425175149721e-19
0.007267286376629226 5.184278415064343e-19
0.007294114804197466 5.2612579735281545e-19
0.007321042273483404 5.339380574905481e-19
0.007348069150116451 5.418663191575868e-19
0.007375195801075783 5.499123048612986e-19
0.007402422594695348 5.580777626245947e-19
0.007429749900668863 5.663644664488267e-19
0.007457178090054821 5.747742166691248e-19
0.00748470753528157 5.833088403441248e-19
0.007512338610152314 5.919701917283306e-19
0.007540071689850221 6.007601525210558e-19
