results/limits/BECCAL_h_phase.dat
# %ECSV 1.0
# ---
# datatype:
# - {name: mx, unit: MeV, datatype: float64}
# - {name: sigma, unit: cm2 MeV4, datatype: float64}
# schema: astropy-2.0
mx sigma
[from data line 2549]
0.12000955991859152 3.855339126727587e-14
0.12045259568447597 3.912585727747964e-14
0.12089726699247878 3.9706823610518885e-14
0.12134357988048299 4.0296416511183025e-14
0.12179154040866073 4.089476408065911e-14
0.12224115465955733 4.150199630729435e-14
0.12269242873817185 4.2118245104908095e-14
0.12314536877204176 4.274364437343603e-14
0.12359998091132536 4.3378329993275186e-14
0.12405627132888458 4.402243979241427e-14
0.12451424622037052 4.467611380098226e-14
0.12497391180430556 4.533949398342188e-14
0.1254352743221696 4.60127244534794e-14
0.12589834003848402 4.669595152667808e-14
0.12636311524089594 4.738932356775475e-14
0.1268296062402655 4.8092991260711535e-14
0.1272978193707494 4.8807107460666236e-14
0.12776776098988873 4.9531827329630216e-14
0.12823943747869454 5.02673083330768e-14
0.12871285524173362 5.1013710219856017e-14
0.12918802070721744 5.1771195193513597e-14
0.12966494032708725 5.253992778137845e-14
0.13014362057710352 5.332007499433638e-14
0.13062406795693307 5.411180638530527e-14
0.13110628899023657 5.4915293897149813e-14
0.131590290224759 5.573071210865562e-14
0.1320760782324163 5.655823821316036e-14
0.13256365960938665 5.739805195408602e-14
0.13305304097619913 5.825033576021547e-14
0.13354422897782275 5.911527488879335e-14
0.13403723028375877 5.999305716669166e-14
0.13453205158812884 6.088387333774927e-14
0.135028699609768 6.178791695303989e-14
0.13552718109231496 6.27053843885315e-14
0.13602750280430292 6.36364749774489e-14
0.13652967153925344 6.458139102543764e-14
0.13703369411576632 6.554033776975681e-14
0.1375395773776143 6.651352359546153e-14
0.13804732819383497 6.75011599000009e-14
0.1385569534588234 6.850346130381043e-14
0.13906846009242732 6.952064555276057e-14
0.13958185504004023 7.055293359221516e-14
0.1400971452726949 7.160054971383921e-14
0.14061433778716 7.266372155313337e-14
0.14113343960603286 7.37426800207125e-14
0.14165445777783667 7.483765962973338e-14
0.14217739937711557 7.594889819132798e-14
0.14270227150452966 7.70766371711126e-14
0.14322908128695352 7.822112148237269e-14
0.1437578358775706 7.93825998911588e-14
0.14428854245597247 8.056132469390195e-14
0.1448212082282554 8.175755196703843e-14
0.14535584042711722 8.297154154969329e-14
0.14589244631195777 8.420355731454005e-14
0.146431033168975 8.545386688514252e-14
0.14697160831126596 8.672274183273476e-14
0.14751417907892528 8.801045789269458e-14
0.14805875283914388 8.931729471386588e-14
0.14860533698631115 9.064353640013337e-14
0.1491539389421129 9.19894709511212e-14
0.1497045661556343 9.335539082227487e-14
0.15025722610346004 9.474159277177505e-14
0.150811926289775 9.614837788519178e-14
0.15136867424646827 9.757605196759481e-14
0.15192747753323302 9.902492507393442e-14
0.15248834373767112 1.0049531191983054e-13
0.15305128047539548 1.0198753209573722e-13
0.15361629539013236 1.035019097031762e-13
0.1541833961538274 1.0503877384956456e-13
0.15475259046674725 1.0659845829271549e-13
0.15532388605758637 1.0818130196959635e-13
0.1558972906835711 1.0978764876432709e-13
0.15647281213056383 1.1141784759237658e-13
0.1570504582131711 1.1307225271433481e-13
0.15763023677484714 1.1475122356194084e-13
0.1582121556880026 1.1645512476657222e-13
0.15879622285411046 1.181843267499451e-13
0.15938244620381237 1.1993920498726218e-13
0.15997083369702858 1.2172014079347205e-13
0.1605613933230635 1.2352752110347923e-13
0.1611541331007163 1.2536173857208638e-13
0.16174906107838902 1.272231916839977e-13
0.1623461853341947 1.2911228498688924e-13
0.16294551397606943 1.3102942859585378e-13
0.16354705514187984 1.3297503939093762e-13
0.16415081699953585 1.3494953979360968e-13
0.16475680774710064 1.3695335883534551e-13
0.1653650356129009 1.389869319552913e-13
0.16597550885564097 1.4105070086433797e-13
0.16658823576451223 1.4314511402567467e-13
0.1672032246593081 1.4527062631252977e-13
0.1678204838905358 1.4742769963408821e-13
0.16844002183952902 1.496168027068594e-13
0.16906184691856385 1.518384108728669e-13
0.16968596757097032 1.5409300696432894e-13
0.17031239227124959 1.5638108075263545e-13
0.17094112952518778 1.587031294995899e-13
0.17157218786997064 1.6105965740283471e-13
0.17220557587430135 1.6345117655865036e-13
0.17284130213851595 1.658782065702364e-13
0.1734793752946991 1.6834127479877423e-13
0.17411980400680352 1.7084091625190953e-13
0.17476259697076518 1.7337767394376996e-13
0.17540776291462348 1.7595209914537818e-13
0.17605531059863896 1.785647509847829e-13
0.17670524881541108 1.8121619722881342e-13
0.17735758639000002 1.8390701404016515e-13
0.17801233218004386 1.8663778580915295e-13
0.17866949507588117 1.8940910572153076e-13
0.17932908400067077 1.9222157608458309e-13
0.17999110791051168 1.9507580774564339e-13
0.18065557579456742 1.979724211590269e-13
0.18132249667518507 2.0091204517733197e-13
0.1819918796080203 2.0389531864127472e-13
0.1826637336821593 2.0692288987385396e-13
0.18333806802024108 2.099954164031277e-13
0.1840148917785839 2.1311356573258828e-13
0.1846942141473066 2.1627801545612422e-13
0.18537604435045615 2.1948945296987107e-13
0.18606039164613153 2.2274857613209357e-13
0.18674726532660849 2.2605609266874586e-13
0.18743667471846837 2.294127214871995e-13
0.18812862918272155 2.3281919176142565e-13
0.18882313811493745 2.362762434613744e-13
0.18952021094537072 2.397846278875434e-13
0.1902198571390883 2.4334510683470206e-13
0.1909220861961006 2.4695845454430163e-13
0.19162690765148735 2.5062545503839706e-13
0.19233433107552989 2.5434690588470485e-13
0.19304436607383976 2.5812361511752114e-13
0.19375702228748823 2.619564036074594e-13
0.1944723093931397 2.6584610358171264e-13
0.19519023710318006 2.697935605973914e-13
0.19591081516585138 2.7379963230368784e-13
0.19663405336538295 2.778651879350855e-13
0.19735996152212307 2.8199111215259457e-13
0.1980885494926751 2.861783007356212e-13
0.19881982717002813 2.904276635888431e-13
0.19955380448369414 2.9474012365642855e-13
0.20029049139984156 2.991166178619186e-13
0.20102989792142947 3.0355809717174734e-13
0.20177203408834618 3.080655263488998e-13
0.2025169099775423 3.126398850792062e-13
0.20326453570317043 3.1728216641175385e-13
0.20401492141672142 3.219933800438519e-13
0.2047680773071607 3.2677454848027214e-13
0.20552401360106973 3.3162671092872094e-13
0.20628274056278148 3.3655092105720695e-13
0.20704426849452268 3.41548249618073e-13
0.2078086077365525 3.466197816445969e-13
0.20857576866730165 3.5176661881138963e-13
0.20934576170351638 3.569898799203697e-13
0.21011859730039628 3.6229069939688523e-13
0.2108942859517395 3.676702284883285e-13
0.21167283819008384 3.731296368801088e-13
0.21245426458684835 3.786701100782745e-13
0.21323857575247965 3.8429285148301327e-13
0.2140257823365947 3.8999908340476857e-13
0.21481589502812387 3.957900451546818e-13
0.21560892455545946 4.016669944833597e-13
0.21640488168659758 4.076312090179882e-13
0.2172037772292876 4.136839840624231e-13
0.2180056220311776 4.198266343254139e-13
0.21881042697996014 4.260604953989918e-13
0.21961820300352347 4.323869200266652e-13
0.22042896107009613 4.388072843082362e-13
0.2212427121883991 4.4532298199251185e-13
0.22205946740779403 4.51935429131844e-13
0.22287923781843166 4.586460620250426e-13
0.22370203455140583 4.654563391709224e-13
0.2245278687789009 4.723677394125651e-13
0.22535675171434655 4.793817646141659e-13
0.22618869461256882 4.864999385262898e-13
0.22702370876994146 4.937238081091587e-13
0.22786180552454255 5.010549428070899e-13
0.22870299625630475 5.08494934181257e-13
0.2295472923871731 5.160453998873021e-13
0.2303947053812587 5.237079793206942e-13
0.23124524674499297 5.314843384683926e-13
0.23209892802728715 5.393761657347799e-13
0.2329557608196854 5.473851763475369e-13
0.23381575675652538 5.555131094974254e-13
0.234678927515095 5.637617319728855e-13
0.23554528481578937 5.721328350376472e-13
0.23641484042227343 5.806282375444656e-13
0.23728760614163763 5.892497856493305e-13
0.2381635938245619 5.979993523290176e-13
0.23904281536547492 6.068788379265328e-13
0.2399252827027142 6.158901723513297e-13
0.24081100781869166 6.250353130294531e-13
0.24170000274005238 6.343162458952963e-13
0.24259227953784124 6.437349882896551e-13
0.24348785032766557 6.532935873822112e-13
0.24438672726985794 6.629941177645521e-13
0.2452889225696449 6.728386884808496e-13
0.2461944484773087 6.828294375584964e-13
0.24710331728835705 6.92968535731409e-13
0.2480155413436886 7.032581863175629e-13
0.24893113302975917 7.13700624295551e-13
0.24985010477875313 7.242981186083417e-13
0.2507724690687485 7.350529712795583e-13
0.25169823842388966 7.45967518076223e-13
0.2526274254145561 7.570441323075052e-13
0.25356004265753135 7.682852189835731e-13
0.2544961028161782 7.796932213412242e-13
0.2554356186006062 7.912706158619978e-13
0.25637860276784796 8.030199203946701e-13
0.25732506812203104 8.149436859176432e-13
0.25827502751454984 8.270445024504799e-13
0.25922849384424407 8.393250014046032e-13
0.2601854800575696 8.517878478469135e-13
0.26114599914877795 8.64435751091987e-13
0.2621100641600911 8.772714578705739e-13
0.26307768818187705 8.902977595778116e-13
0.2640488843528307 9.035174837203132e-13
0.2650236658601507 9.169335022178409e-13
0.26600204593971694 9.30548731300321e-13
0.2669840378762738 9.443661278135938e-13
0.26796965500360664 9.583886942563428e-13
0.26895891070472616 9.726194760794617e-13
0.26995181841204896 9.870615674499858e-13
0.2709483916075778 1.0017181036692852e-12
0.271948643823089 1.0165922692220238e-12
0.27295258864031124 1.0316872977103397e-12
0.2739602396911145 1.0470064655016062e-12
0.2749716106576929 1.0625531027487108e-12
0.27598671527274893 1.0783305862551445e-12
0.2770055673196843 1.0943423435960962e-12
0.27802818063278184 1.1105918569573556e-12
0.279054569097398 1.1270826499237265e-12
0.28008474665014926 1.1438183109169584e-12
0.2811187272790998 1.1608024741315148e-12
0.2821565250239554 1.1780388302826729e-12
0.28319815397624953 1.1955311210026417e-12
0.2842436282795387 1.2132831488819463e-12
0.28529296212959276 1.2312987712547664e-12
0.28634616977458593 1.2495819016043789e-12
0.2874032655152944 1.2681365116405655e-12
0.2884642637052855 1.2869666320785011e-12
0.28952917875111733 1.3060763562516137e-12
0.2905980251125321 1.3254698310482385e-12
0.2916708173026507 1.3451512748883069e-12
0.29274756988817435 1.365124962195418e-12
0.29382829748957706 1.3853952302126244e-12
0.2949130147813089 1.405966486383891e-12
0.29600173649199285 1.4268431952396715e-12
0.29709447740462364 1.4480298969951796e-12
0.2981912523567721 1.4695311941661674e-12
0.2992920762407822 1.491351755627315e-12
0.3003969640039773 1.5134963225002148e-12
0.30150593064886144 1.5359697055394678e-12
0.302618991233321 1.5587767885097609e-12
0.30373616087083366 1.5819225260903311e-12
0.3048574547306686 1.6054119477699106e-12
0.30598288803809687 1.6292501553914686e-12
0.307112476074596 1.6534423263296403e-12
0.3082462341780561 1.6779937231736393e-12
0.30938417774299193 1.7029096702737376e-12
0.31052632222074755 1.7281955875920155e-12
0.31167268311970986 1.7538569670327129e-12
0.31282327600551785 1.779899383182203e-12
0.3139781165012717 1.8063284932082896e-12
0.31513722028774954 1.8331500412607053e-12
0.31630060310361513 1.860369853760626e-12
0.31746828074563616 1.887993842088574e-12
0.3186402690688968 1.9160280116999725e-12
0.31981658398701107 1.9444784479122047e-12
0.32099724147234265 1.973351337790058e-12
0.32218225755622004 2.0026529497064186e-12
0.323371648329152 2.032389650532628e-12
0.324565429941051 2.0625679029175357e-12
0.3257636186014468 2.093194263886415e-12
0.3269662305797116 2.1242753786594055e-12
0.3281732822052786 2.1558180102264097e-12
0.3293847898678619 2.1878290040422715e-12
0.3306007700176839 2.2203153260953286e-12
0.33182123916569284 2.2532840208713616e-12
0.3330462138837922 2.2867422566995483e-12
0.33427571080506324 2.320697301346405e-12
0.33550974662398925 2.355156537204843e-12
0.3367483380966867 2.3901274396401814e-12
0.3379915020411273 2.425617614198838e-12
0.3392392553373714 2.4616347742938957e-12
0.3404916149277949 2.498186738620338e-12
0.3417485978173172 2.535281449066961e-12
0.34301022107363716 2.572926964617034e-12
0.34427650182745906 2.611131469168296e-12
0.3455474572727304 2.6499032603367334e-12
0.34682310466687283 2.6892507598863194e-12
0.3481034613310148 2.729182511636554e-12
0.34938854465023134 2.7697072004457436e-12
0.35067837207377467 2.8108336271959813e-12
0.3519729611153161 2.852570725167957e-12
0.3532723293531816 2.894927560850258e-12
0.35457649443058825 2.937913341257909e-12
0.35588547405588916 2.9815373988914333e-12
0.35719928600280787 3.0258092181420903e-12
0.3585179481106848 3.0707384152537083e-12
0.3598414782847174 3.1163347520738394e-12
0.36116989449620096 3.162608123877738e-12
0.3625032147827778 3.209568601096254e-12
0.3638414572486764 3.2572263777684133e-12
0.36518464006496226 3.3055918063178275e-12
0.3665327814697825 3.354675393343913e-12
0.3678858997686112 3.404487810926298e-12
0.3692440133345032 3.455039874075831e-12
0.3706071406083376 3.5063425725499084e-12
0.37197530009907354 3.5584070417023286e-12
0.37334851038399897 3.611244593408086e-12
0.37472679010898086 3.6648667206404795e-12
0.37611015798872366 3.719285057776663e-12
0.3774986328070172 3.774511438492851e-12
0.3788922334169973 3.830557856565615e-12
0.3802909787413992 3.887436490063146e-12
0.38169488777281246 3.945159688277794e-12
0.3831039795739441 4.003739995355727e-12
0.3845182732778712 4.063190151001601e-12
0.3859377880883062 4.1235230557531614e-12
0.38736254327985536 4.184751823599842e-12
0.3887925581982782 4.246889762961938e-12
0.3902278522607553 4.309950358588108e-12
0.3916684449561461 4.3739473285328254e-12
0.39311435584525883 4.438894553040837e-12
0.3945656045611138 4.504806160091997e-12
0.39602221080920746 4.571696474351463e-12
0.39748419436778504 4.639580013051199e-12
0.3989515750881064 4.7084715383253034e-12
0.40042437289471333 4.778386007031366e-12
0.4019026077857058 4.8493386097585866e-12
0.4033862998330067 4.921344757512604e-12
0.40487546918264056 4.994420108620668e-12
0.40637013605500416 5.06858052424051e-12
0.40787032074513907 5.143842132911798e-12
0.4093760436230126 5.220221262306273e-12
0.41088732513378806 5.297734524978083e-12
0.41240418579810806 5.376398758571262e-12
0.4139266462123705 5.45623104428118e-12
0.4154547270490062 5.5372487363476055e-12
0.41698844905676485 5.619469421353489e-12
0.41852783306099045 5.702910981613609e-12
0.42007289996390984 5.787591533153635e-12
0.42162367074491397 5.873529484931075e-12
0.4231801664608403 5.9607434855141e-12
0.42474240824626447 6.049252511875557e-12
0.4263104173137807 6.139075788923049e-12
0.4278842149542958 6.2302327948240734e-12
0.42946382253731535 6.322743366745688e-12
0.4310492615112317 6.4166275914276605e-12
0.432640553403621 6.511905882971988e-12
0.4342377198215286 6.6085989289849815e-12
0.43584078245176866 6.706727728336871e-12
0.43744976306121586 6.80631360164496e-12
0.4390646834970984 6.907378204424059e-12
0.4406855656873006 7.009943478541858e-12
0.44231243164065415 7.114031702046917e-12
0.4439453034472424 7.2196655076695874e-12
0.4455842032786982 7.326867832627757e-12
0.447229153388502 7.435661965303672e-12
0.44888017611229036 7.54607152751316e-12
0.45053729386815217 7.658120538767054e-12
0.45220052915693904 7.771833318867833e-12
0.4538699045625685 7.887234591413025e-12
0.45554544275232756 8.004349412851464e-12
0.4572271664771872 8.123203239675504e-12
0.4589150985721037 8.243821868225464e-12
0.46060926195633534 8.366231535809379e-12
0.4623096796337507 8.490458821849197e-12
0.4640163746931382 8.61653070006116e-12
0.46572937030852646 8.744474593112515e-12
0.46744868973949083 8.874318269595727e-12
0.4691743563314765 9.006089959654732e-12
0.4709063935161123 9.139818274784122e-12
0.4726448248115259 9.275532274785999e-12
0.4743896738226702 9.413261462682996e-12
0.47614096424163577 9.553035737722785e-12
0.47789871984797955 9.69488546150644e-12
0.4796629645090448 9.838841446111707e-12
0.4814337221802822 9.984935010686281e-12
0.483211016905582 1.0133197870996638e-11
0.48499487281759257 1.0283662223913856e-11
