results/limits/BECCAL_l_phase.dat
# %ECSV 1.0
# ---
# datatype:
# - {name: mx, unit: MeV, datatype: float64}
# - {name: sigma_10, unit: cm2, datatype: float64}
# - {name: sigma_9, unit: cm2, datatype: float64}
# - {name: sigma_7, unit: cm2, datatype: float64}
# - {name: sigma_6, unit: cm2, datatype: float64}
# - {name: sigma_5, unit: cm2, datatype: float64}
# - {name: sigma_4, unit: cm2, datatype: float64}
# - {name: sigma_3, unit: cm2, datatype: float64}
# - {name: sigma_2, unit: cm2, datatype: float64}
# schema: astropy-2.0
mx sigma_10 sigma_9 sigma_7 sigma_6 sigma_5 sigma_4 sigma_3 sigma_2
[from data line 719]
4.979631404534034 2.4884085673508522e-30 1.9232049047296747e-26 1.828980193886482e-18 1.8289580340956996e-14 1.8283427759936394e-10 1.7683656417300497e-06 0.0025107821576044005 0.006262334377858777
5.0957393702336 2.704516053784566e-30 2.10624003469621e-26 2.0056209986585702e-18 2.005597489436238e-14 2.004922818053716e-10 1.9391531349912022e-06 0.0027532717088063125 0.006867146168544844
5.214554576410165 2.940491841149975e-30 2.3067100326884115e-26 2.199321580918746e-18 2.199296629247842e-14 2.198556806875042e-10 2.1264351356962333e-06 0.003019180689797827 0.007530370155540775
5.336140146648369 3.198196715725696e-30 2.526280681502414e-26 2.4117296701836466e-18 2.4117031758231835e-14 2.410891910586927e-10 2.3318047781121425e-06 0.0033107710836201725 0.008257648124263247
5.4605606763588606 3.479666552428315e-30 2.766777406573884e-26 2.6446518973507345e-18 2.6446237522225556e-14 2.64373414464548e-10 2.557008832989726e-06 0.0036305230113133895 0.009055165934844827
5.587882267096237 3.787128990182226e-30 3.0302010325145166e-26 2.900069528733683e-18 2.900039616251236e-14 2.8990641005194515e-10 2.803962920284029e-06 0.003981156331423945 0.009929707395122781
5.718172561677172 4.123021725413498e-30 3.31874452697398e-26 3.1801551644401225e-18 3.180123358777538e-14 3.1790536383923934e-10 3.074767654267541e-06 0.004365653563353342 0.0108887114355213
5.851500780117376 4.490012571764195e-30 3.634811552508884e-26 3.487291272808898e-18 3.4872574381060527e-14 3.4860844153025914e-10 3.3717265638712337e-06 0.0047872853312321125 0.011940335570569326
5.987937756406471 4.891021512009006e-30 3.981036610927975e-26 3.824090244850423e-18 3.824054234341555e-14 3.8227679327623924e-10 3.697365482659823e-06 0.005249637894427529 0.01309352456485172
6.127555976140354 5.3292448925414454e-30 4.3603076631360526e-26 4.193417017827363e-18 4.1933786728927726e-14 4.191968152653431e-10 4.05445442283302e-06 0.0057566442049509425 0.01435808789567116
6.270429615030991 5.808181967262342e-30 4.7757902070741577e-26 4.598413078942462e-18 4.598372228074194e-14 4.596825492755701e-10 4.446030783602938e-06 0.006312616859455105 0.015744781941152586
6.416634578314149 6.331664035336733e-30 5.230954197655248e-26 5.042523339972282e-18 5.0424797976432315e-14 5.040783692246523e-10 4.875425335394629e-06 0.0069222849924340316 0.017265401998402752
6.566248541075969 6.903886438653127e-30 5.729603371105889e-26 5.529525412217082e-18 5.529478977648318e-14 5.527619076703078e-10 5.346290524836685e-06 0.007590834464554971 0.01893288252031199
6.719350989519823 7.529443622524899e-30 6.275907269985358e-26 6.063561538000748e-18 6.063511993810705e-14 6.06147247874531e-10 5.862631348276252e-06 0.008323951697863496 0.020761406448301566
6.87602326319537 8.213367658693797e-30 6.874437186254666e-26 6.6491745608819745e-18 6.649121671618382e-14 6.64688519603271e-10 6.428840130206262e-06 0.009127873055308027 0.022766528373583856
7.036348598212252 8.961170437136523e-30 7.530203994021343e-26 7.291345624087374e-18 7.29128913462026e-14 7.288836676880075e-10 7.049732972638564e-06 0.01000943659272685 0.02496530361576276
7.200412171461376 9.77888994559814e-30 8.248701068585958e-26 7.995537027711714e-18 7.995476661474446e-14 7.992787362892402e-10 7.730591192324952e-06 0.01097614089274127 0.027376434964959798
7.368301145867304 1.0673141071970831e-29 9.035950711546847e-26 8.767738585543186e-18 8.767674042612045e-14 8.76472503003837e-10 8.47720614165357e-06 0.012036208702899356 0.030020431406590085
7.540104716695753 1.1651171211484214e-29 9.89855530046259e-26 9.614518785026007e-18 9.614449740030105e-14 9.611215931237778e-10 9.29592867354999e-06 0.013198657167526339 0.032919783292007704
7.715914158940838 1.2720921290676324e-29 1.0843753150528855e-25 1.0543080445219772e-17 1.0543006545041164e-13 1.053946043539257e-09 1.0193722955320057e-05 0.014473374234341637 0.03609915291011021
7.8958228758172275 1.3891092581962788e-29 1.187947946687306e-25 1.1561321664264369e-17 1.1561242525535964e-13 1.1557353954152298e-09 1.117822539676795e-05 0.015871202322487624 0.039585583170187406
8.07992644838296 1.5171220022650142e-29 1.3014434542765417e-25 1.2677903950450234e-17 1.267781915681624e-13 1.2673555049833766e-09 1.2257810523896988e-05 0.017404031852119226 0.04340873088124511
8.2683226863193 1.6571752367734205e-29 1.4258156501975695e-25 1.390232482184534e-17 1.3902233920963754e-13 1.3897558010373979e-09 1.344166117310679e-05 0.01908490090837256 0.04760111533155451
8.461111679894604 1.81041403611461e-29 1.5621103054233372e-25 1.524499950791374e-17 1.524490200818002e-13 1.5239774523192736e-09 1.473984748581883e-05 0.02092810740046332 0.052198398033263115
8.658395853139817 1.9780932795247623e-29 1.7114738978360088e-25 1.6717348299216236e-17 1.6717243666179725e-13 1.6711620995209513e-09 1.6163411364038645e-05 0.022949328974398466 0.057239681805887066
8.860280018263818 2.1615882368645735e-29 1.875163529148676e-25 1.8331895746822127e-17 1.8331783399271986e-13 1.8325617718562919e-09 1.7724462383033932e-05 0.025165759192867166 0.06276785043302352
9.066871431337571 2.36240611537783e-29 2.0545573346343604e-25 2.0102374470405128e-17 2.010225377607944e-13 2.0095492643417883e-09 1.943627815996827e-05 0.02759625004184081 0.06882992409899304
9.278279849276613 2.5821987549595427e-29 2.2511664690986487e-25 2.2043845067095767e-17 2.2043715337990894e-13 2.2036301246091934e-09 2.1313420289861867e-05 0.030261476540161904 0.07547746995424263
9.494617588152204 2.82277646844606e-29 2.4666475960727554e-25 2.4172820698649722e-17 2.4172681185881254e-13 2.416455107387494e-09 2.3371854804831092e-05 0.03318410777142944 0.08276702869908996
9.715999582862075 3.0861233236803905e-29 2.7028174212411204e-25 2.6507412664754354e-17 2.6507262552953893e-13 2.649834726891399e-09 2.562909292419379e-05 0.036389006725504706 0.09076061302375318
9.942543448192506 3.374413704616596e-29 2.961667410366135e-25 2.9067476994079535e-17 2.906731539523897e-13 2.9057539109411244e-09 2.8104332788515495e-05 0.03990343153704841 0.09952620953282305
10.17436954130415 3.690030652870308e-29 3.2453812852173378e-25 3.1874789598293145e-17 3.187461554503937e-13 3.1863895104164154e-09 3.081862881033153e-05 0.043757275935097956 0.10913837846899742
10.411601025674827 4.0355858283519796e-29 3.5563534668061054e-25 3.4953230483224584e-17 3.495304292145192e-13 3.494128714113419e-09 3.3795069781888287e-05 0.047983322126141315 0.11967888444815525
10.654363936533231 4.413941411490081e-29 3.8972092187567374e-25 3.832898517988956e-17 3.8328782960717824e-13 3.8315891850054734e-09 3.705897363223274e-05 0.05261751731646824 0.13123738615496355
10.902787247818345 4.828234113755635e-29 4.270826991332363e-25 4.2030767726190087e-17 4.2030549597123725e-13 4.201641350833986e-09 4.063810302089432e-05 0.05769927981898302 0.14391219982736056
11.157002940700098 5.281901471284857e-29 4.6803629610002935e-25 4.609006612128244e-17 4.608983071655086e-13 4.6074329412086246e-09 4.456290265971255e-05 0.06327183601033366 0.15781113968717847
11.417146073697703 5.778710638403003e-29 5.129277695889053e-25 5.0541408835734706e-17 5.054115466572425e-13 5.052415629569084e-09 4.8866756992800484e-05 0.06938258619317433 0.17305243046527785
11.683354854432924 6.322789899105605e-29 5.621365275858546e-25 5.542265557406588e-17 5.542238101372779e-13 5.540374099558037e-09 5.3586271325312707e-05 0.07608350375179126 0.18976570296621306
11.955770713056356 6.918663368386098e-29 6.160786803051026e-25 6.077533292967677e-17 6.077503620586156e-13 6.075459599118494e-09 5.876159635730039e-05 0.08343159593566192 0.20809314334385118
12.234538377385784 7.571288612858128e-29 6.752103717095449e-25 6.664496637455409e-17 6.664464555211537e-13 6.66222312817592e-09 6.443674917361382e-05 0.09148935961119439 0.22819062982674776
12.519805949796487 8.286098318275327e-29 7.400318291684637e-25 7.308148569383406e-17 7.308113866041198e-13 7.305655968327413e-09 7.066000524539517e-05 0.10032533783799982 0.2502291209177216
12.811724985904382 9.069045599111114e-29 8.1109152234319055e-25 8.013964059671073e-17 8.013926504609445e-13 8.01123122981308e-09 7.748430027068407e-05 0.11001469041504905 0.27439607843678765
13.110450575083778 9.926653630202735e-29 8.889907745646648e-25 8.78794610554491e-17 8.787905446930625e-13 8.784949869772309e-09 8.496767526110738e-05 0.1206398258290056 0.30089704371197357
13.416141422862523 1.0866070591464524e-28 9.743891253932514e-25 9.636679452242343e-17 9.63663541503225e-13 9.633394395709824e-09 9.317379595960244e-05 0.13229113874014084 0.3299574769995094
13.72895993523834 1.189512832873851e-28 1.0680095223985257e-24 1.0567382371073525e-16 1.056733465482867e-12 1.0563780625955858e-08 0.00010217245346546763 0.14506772078580848 0.3618245303532997
14.04907230496112 1.3022408833487774e-28 1.1706448874321206e-24 1.1587972372709858e-16 1.158792064919337e-12 1.158402338063841e-08 0.00011204019959475566 0.15907826268547479 0.3967692976342781
14.37664859982702 1.4257314681282512e-28 1.2831644872658569e-24 1.270712983711927e-16 1.2707073747672844e-12 1.2702800089997716e-08 0.00012286096209728465 0.17444192774552877 0.4350889931857589
14.711862853031292 1.5610148184817525e-28 1.4065216072808649e-24 1.393437474451361e-16 1.3934313897174998e-12 1.3929627499269361e-08 0.0001347267865431258 0.19128940521347051 0.47710957908492213
15.054893155627816 1.7092196268126243e-28 1.5417614754466653e-24 1.5280145923269942e-16 1.5280079889625142e-12 1.5274940889688316e-08 0.0001477386025449095 0.20976399818487557 0.5231884785750214
15.405921751144481 1.8715825059672614e-28 1.6900302611920533e-24 1.6755890964228605e-16 1.6755819275953815e-12 1.6750183962237786e-08 0.00016200709310976188 0.2300228579371075 0.5737176547117833
15.765135132404664 2.0494582082591987e-28 1.8525847046907945e-24 1.8374162475979445e-16 1.8374084621055648e-12 1.8367905060236383e-08 0.00017765362530022555 0.25223830531149305 0.6291269061240519
16.132724140606275 2.244330843807076e-28 2.0308027664243344e-24 2.0148724587875915e-16 2.0148640006445975e-12 2.0141863636176915e-08 0.00019481127997716488 0.2765992927752674 0.6898875136546354
16.50888406671095 2.4578262836520895e-28 2.2261957143893485e-24 2.2094673811626444e-16 2.209458189144449e-12 2.2087151072262812e-08 0.0002136260203710426 0.3033130635964905 0.7565163786357442
16.89381475519735 2.6917255323470778e-28 2.4404203417335264e-24 2.422856103581302e-16 2.4228461107265406e-12 2.422031263347056e-08 0.00023425787160694615 0.33260682657144214 0.8295801999550464
17.287720710233557 2.9479794377789995e-28 2.6752934556555088e-24 2.6568536584696986e-16 2.6568427915352453e-12 2.6559492477099958e-08 0.0002568823232310162 0.36472974737655406 0.9097004408392821
17.690811204325115 3.228724999286105e-28 2.932807511879472e-24 2.9134506397900715e-16 2.91343881865183e-12 2.912458977938881e-08 0.0002816918392606688 0.3999550925860625 0.9975586764131478
18.103300389496336 3.5363028371739964e-28 3.2151470457246392e-24 3.1948296337488286e-16 3.194816770747258e-12 3.1937422986782795e-08 0.0003088974468161491 0.4385824852619542 1.0939022195392107
18.52540741106398 3.873276460101863e-28 3.524707289461625e-24 3.503383828008181e-16 3.503369827230397e-12 3.502191584483298e-08 0.0003387305353844077 0.4809404596064261 1.1995504925725655
18.957356524063755 4.242453775498189e-28 3.864115135129833e-24 3.841737972332059e-16 3.8417227288231955e-12 3.840430693345493e-08 0.0003714448834355423 0.5273893384167972 1.3154022042418658
19.399377212391464 4.646909763278053e-28 4.236250887279903e-24 4.212770136339794e-16 4.212753535241701e-12 4.211336717056548e-08 0.0004073187621090655 0.578324219966627 1.442442799458628
19.85170431072216 5.090012207357491e-28 4.644273033418867e-24 4.619636460209121e-16 4.619618375813818e-12 4.618064723502125e-08 0.0004466573282784267 0.6341783757553457 1.5817529339052332
20.314578129271972 5.57544903631447e-28 5.091644747811793e-24 5.065797658686301e-16 5.065777953400316e-12 5.064074251669312e-08 0.0004897951871372813 0.6954268889502895 1.7345175489522937
20.788244581469023 6.107258923595024e-28 5.582163399077188e-24 5.555048524434032e-16 5.555027047643084e-12 5.553158804972621e-08 0.0005370992447818992 0.7625907045745337 1.9020359735428272
21.272955314601134 6.6898643367274925e-28 6.119993251375147e-24 6.091550624028132e-16 6.091527210851227e-12 6.089478536144106e-08 0.0005889718694803482 0.8362411179781017 2.0857331192325916
21.76896784350983 7.328108315686419e-28 6.709701739571989e-24 6.679868586805175e-16 6.6798430567280945e-12 6.677596523756118e-08 0.0006458544003229155 0.9170047565321677 2.287171905415738
22.27654568740161 8.027293257787055e-28 7.356295075304503e-24 7.32500565579687e-16 7.324977811180578e-12 7.322514311074417e-08 0.0007082305845254172 1.0055684600223613 2.5080654318881197
22.79595850984919 8.793225249004416e-28 8.065263670305606e-24 8.032449141072188e-16 8.032418765511225e-12 8.029717343963968e-08 0.0007766309721648411 1.102685520435126 2.750292541977106
23.327482262057103 9.632262029603019e-28 8.842629055255825e-24 8.808217337037797e-16 8.808184193560801e-12 8.805221872252703e-08 0.0008516374524600317 1.2091821227143 3.0159138869266027
23.871399329467756 1.0551363911771724e-27 9.694993064306551e-24 9.658908689242312e-16 9.658872518345358e-12 9.655624099833356e-08 0.0009338880075494077 1.3259640943269078 3.3071887605068753
24.427998681785848 1.1558152088828275e-27 1.0629595050653903e-23 1.0591758984395897e-15 1.0591719501880881e-11 1.0588157355254538e-07 0.0010240822420071111 1.4540247562472435 3.626594680756166
24.997576026500827 1.2660970414589547e-27 1.165437316470341e-23 1.161470264653572e-15 1.1614659541144359e-11 1.161075336706729e-07 0.0011229873093694237 1.594453337628828 3.9768483776595187
25.580433965988984 1.3868955194877735e-27 1.2778034532542522e-23 1.2736442929627627e-15 1.2736395860440787e-11 1.273211243258572e-07 0.0012314446988285542 1.748444611769543 4.360929826948556
26.176882158278623 1.519210785068667e-27 1.401012271281287e-23 1.3966519272009406e-15 1.3966467865609504e-11 1.3961770749441297e-07 0.001350376747512985 1.9173081424557818 4.782105312117729
26.787237481563718 1.6641378894640198e-27 1.5361105410519055e-23 1.5315395118967925e-15 1.5315338966317056e-11 1.5310188208340118e-07 0.001480795131766994 2.1024803401529835 5.243957494693916
27.411824202553472 1.8228757367449276e-27 1.68424608554059e-23 1.6794544227926265e-15 1.6794482880946312e-11 1.6788834668926984e-07 0.0016238092117168827 2.305536309887943 5.750414964948554
28.050974148747212 1.9967371045499688e-27 1.8466778007430708e-23 1.841655087742275e-15 1.8416483845239072e-11 1.8410290134726435e-07 0.0017806357201502405 2.528203607829807 6.305786553241516
28.705026884726152 2.1871589571428492e-27 2.0247854755297125e-23 2.019520801274762e-15 2.019513475759715e-11 2.0188342865436704e-07 0.0019526082518968263 2.772375714616883 6.914794934879044
29.374329892555654 2.395714822600019e-27 2.220082747216275e-23 2.2145646887347706e-15 2.214556682005957e-11 2.2138118974307375e-07 0.0021411897984338333 3.0401298323905195 7.582621019061147
30.05923875639388 2.6241273977761123e-27 2.434229047268433e-23 2.428445641964494e-15 2.4284368894709505e-11 2.4276201744405114e-07 0.0023479842881062624 3.333743269969503 8.314944816401919
30.760117351404876 2.874283104290414e-27 2.669044502188624e-23 2.6629832243613926e-15 2.6629736553754774e-11 2.6620780628567434e-07 0.002574750997341372 3.655713904353731 9.117996473535458
31.477338037076432 3.148247090829246e-27 2.926524414837571e-23 2.920172147810677e-15 2.9201616848361046e-11 2.919179596954831e-07 0.0028234185479219277 4.008780054500949 9.998605841826867
32.21128185504559 3.4482808733370826e-27 3.208857075251616e-23 3.2022000822904342e-15 3.2021886404103055e-11 3.201111703557403e-07 0.003096102126512192 4.395944930161087 10.964263457085476
