results/limits/BECCAL_f_6.dat
# %ECSV 1.0
# ---
# datatype:
# - {name: mx, unit: MeV, datatype: float64}
# - {name: sigma_6, unit: cm2, datatype: float64}
# schema: astropy-2.0
mx sigma_6
3.162277660168379e-07 7.479939306727739e-36
3.2360111549336787e-07 7.649271198746901e-36
3.311463862505236e-07 7.823654576454912e-36
3.388675869043115e-07 8.003246192198254e-36
3.4676881953794695e-07 8.188205605722755e-36
3.548542818811901e-07 8.3786938688322e-36
3.6312826954049566e-07 8.574873530402393e-36
3.715951782811629e-07 8.776909685414437e-36
3.8025950636269697e-07 8.98497908259258e-36
3.89125856928623e-07 9.199264314550499e-36
3.9819894045202297e-07 9.419969250074282e-36
4.0748357723809307e-07 9.64731678593564e-36
4.169846999850535e-07 9.881550958266325e-36
4.2670735640476865e-07 1.0122933529729823e-35
4.3665671190447213e-07 1.0371743555889717e-35
4.4683805233101997e-07 1.0628264594876455e-35
4.572567867791303e-07 1.0892788380331416e-35
4.6791845046510194e-07 1.116561086963812e-35
4.788287076675383e-07 1.1447037224288356e-35
4.899933547366384e-07 1.1737389677735509e-35
5.014183231736547e-07 1.203701638335332e-35
5.131096827821533e-07 1.2346297698385536e-35
5.250736448927506e-07 1.2665647277698748e-35
5.373165656630395e-07 1.2995507251077852e-35
5.4984494945446e-07 1.3336340286002055e-35
5.626654522879044e-07 1.3688623453042247e-35
5.757848853798981e-07 1.405284828710391e-35
5.892102187612295e-07 1.4429529312010705e-35
6.029485849799565e-07 1.4819217153940975e-35
6.17007282890752e-07 1.522250984925946e-35
6.313937815326057e-07 1.5640055682401757e-35
6.461157240969403e-07 1.6072546863764074e-35
6.611809319882495e-07 1.6520708854461364e-35
6.765974089794179e-07 1.698529665597476e-35
6.923733454639272e-07 1.746710258231335e-35
7.085171228072106e-07 1.7966973412317884e-35
7.250373177994646e-07 1.8485825448443255e-35
7.419427072122865e-07 1.9024646441859115e-35
7.592422724615558e-07 1.9584486753472422e-35
7.769452043790388e-07 2.0166450484814602e-35
7.950609080952509e-07 2.0771701006866113e-35
8.135990080361694e-07 2.1401480699075085e-35
8.325693530364543e-07 2.2057128853212382e-35
8.519820215718901e-07 2.2740084720604225e-35
8.718473271138315e-07 2.3451878191667254e-35
8.921758236084957e-07 2.419412759764947e-35
9.12978311084014e-07 2.496855607458642e-35
9.342658413882192e-07 2.577701471598756e-35
9.560497240602198e-07 2.662149183223666e-35
9.78341532338879e-07 2.750410733862179e-35
1.0011531093113902e-06 2.842711558503396e-35
1.0244965742052174e-06 2.9392925201462837e-35
1.048384328826741e-06 3.0404121588590007e-35
1.0728290641500308e-06 3.146347312194432e-35
1.0978437670592484e-06 3.2573933306540824e-35
1.1234417272482566e-06 3.37386569132548e-35
1.149636544281106e-06 3.496102470173234e-35
1.1764421348171486e-06 3.624465713967375e-35
1.2038727400046132e-06 3.7593424108052515e-35
1.2319429330465773e-06 3.901146350861345e-35
1.2606676269433496e-06 4.050320683807032e-35
1.2900620824153782e-06 4.207339696296483e-35
1.3201419160108953e-06 4.3727106480122637e-35
1.3509231084026028e-06 4.5469763461347644e-35
1.38242201287781e-06 4.7307177082141535e-35
1.4146553640265304e-06 4.924556211455323e-35
1.447640286632156e-06 5.12915673659773e-35
1.4813943047694329e-06 5.345230584453295e-35
1.5159353511145682e-06 5.573538632998646e-35
1.5512817764724183e-06 5.814894722924185e-35
1.587452359525819e-06 6.070169298984407e-35
1.6244663168122348e-06 6.340293256210156e-35
1.6623433129330315e-06 6.626261998866228e-35
1.7011034710007933e-06 6.92913999675278e-35
1.740767383330235e-06 7.250065354227669e-35
1.7813561223783898e-06 7.590254855412611e-35
1.8228912519398869e-06 7.951009559042135e-35
1.8653948386032614e-06 8.333720248077774e-35
1.908889463474389e-06 8.739873959619027e-35
1.9533982341732686e-06 9.171060389937485e-35
1.9989447971105317e-06 9.628979098766155e-35
2.045553350050195e-06 1.0115447218416773e-34
2.0932486549653353e-06 1.063240739236526e-34
2.1420560511935146e-06 1.1181936822291639e-34
2.192001468898943e-06 1.1766256308167138e-34
2.2431114428485372e-06 1.2387740547511602e-34
2.2954131265091837e-06 1.304892859073121e-34
2.3489343064737076e-06 1.3752535462633784e-34
2.403703417223201e-06 1.4501464231201216e-34
2.4597495562335635e-06 1.5298819205015218e-34
2.5171024994342686e-06 1.614791983209131e-34
2.575792717027583e-06 1.7052315730996068e-34
2.635851389676631e-06 1.8015802754163976e-34
2.6973104250709106e-06 1.9042440273059634e-34
2.760202474878063e-06 2.013656976431746e-34
2.8245609520908932e-06 2.1302834827304344e-34
2.8904200487788716e-06 2.2546202792608796e-34
2.9578147542535346e-06 2.3871987924642735e-34
3.026780873657441e-06 2.5285876466624887e-34
3.097355046986562e-06 2.67939535409246e-34
3.1695747685562034e-06 2.8402731910287695e-34
3.2434784069208122e-06 3.0119182825771823e-34
3.319105225258239e-06 3.1950768808491435e-34
3.3964954022292982e-06 3.3905478726419246e-34
3.4756900533236943e-06 3.5991864923148487e-34
3.5567312527036693e-06 3.821908296164378e-34
3.6396620555569646e-06 4.0596933954040385e-34
3.7245265209709786e-06 4.31359099659257e-34
3.811369735340273e-06 4.584724285127957e-34
3.900237836319859e-06 4.874295692603455e-34
3.991178037336996e-06 5.1835925831858675e-34
4.0842386526745176e-06 5.513993389533023e-34
4.179469123139017e-06 5.866974214328596e-34
4.2769200423275275e-06 6.244115887607937e-34
4.376643183506652e-06 6.647111497195925e-34
4.478691527118417e-06 7.077774372298633e-34
4.583119288927478e-06 7.538046570327779e-34
4.689981948824612e-06 8.03000790960774e-34
4.799336280301815e-06 8.555885646398205e-34
4.911240380614659e-06 9.118064913838566e-34
5.0257537016479225e-06 9.719100021908305e-34
5.142937081500915e-06 1.0361726695146881e-33
5.262852776809252e-06 1.1048875248451916e-33
5.385564495820272e-06 1.1783684673282735e-33
5.511137432239651e-06 1.2569517558825416e-33
5.639638299867211e-06 1.3409975900634039e-33
5.771135368040315e-06 1.4308917879146633e-33
5.905698497903673e-06 1.5270475873222742e-33
6.043399179524854e-06 1.6299075978678814e-33
6.184310569875183e-06 1.7399459221732697e-33
6.32850753169624e-06 1.857670448813898e-33
6.47606667327258e-06 1.9836252986735643e-33
6.627066389131828e-06 2.118393410530787e-33
6.781586901693754e-06 2.2625992681459318e-33
6.939710303890459e-06 2.416911812541833e-33
7.101520602780329e-06 2.5820475986439603e-33
7.267103764178904e-06 2.7587742387881797e-33
7.436547758330399e-06 2.947914126145363e-33
7.609942606644117e-06 3.150348388213255e-33
7.787380429520604e-06 3.3670210407500214e-33
7.968955495292936e-06 3.598943387592182e-33
8.15476427030917e-06 3.84719878130971e-33
8.344905470182516e-06 4.1129478359688807e-33
8.539480112236516e-06 4.39743406554241e-33
8.738591569173047e-06 4.7019898408634405e-33
8.942345623991688e-06 5.028042630472908e-33
9.150850526189614e-06 5.37712167222169e-33
9.364217049271877e-06 5.7508652839013186e-33
9.58255854960264e-06 6.151028831381948e-33
9.805991026628606e-06 6.57949315894502e-33
1.0034633184506672e-05 7.038273395946813e-33
1.0268606495168497e-05 7.529528399025227e-33
1.0508035262855554e-05 8.055571146786458e-33
1.07530466901589e-05 8.618879982126193e-33
1.1003770945598772e-05 9.222110357561067e-33
1.1260341232779899e-05 9.868107220187063e-33
1.1522893861159297e-05 1.0559918598672271e-32
1.1791568318464117e-05 1.1300810436770228e-32
1.206650734479802e-05 1.2094282120199995e-32
1.2347857008475478e-05 1.294408280481713e-32
1.263576678362426e-05 1.385422937794938e-32
1.293038962959737e-05 1.4829025968672335e-32
1.3231882072236462e-05 1.587308423445339e-32
1.3540404287030327e-05 1.699134501547412e-32
1.3856120184212054e-05 1.8189102282470375e-32
1.4179197495840522e-05 1.9472028488461926e-32
1.4509807864912299e-05 2.084620107096573e-32
1.484812693655133e-05 2.231813165904118e-32
1.5194334451324849e-05 2.3894797461839177e-32
1.5548614340735104e-05 2.558367391010792e-32
1.5911154824937624e-05 2.7392770468092565e-32
1.6282148512737936e-05 2.933066920586164e-32
1.6661792503919872e-05 3.1406564983759073e-32
1.7050288493959805e-05 3.363030965373024e-32
1.7447842881182494e-05 3.6012459154717745e-32
1.785466687641539e-05 3.856432311047124e-32
1.8270976615199758e-05 4.1298019451818703e-32
1.869699327261814e-05 4.422653159155592e-32
1.91329431807992e-05 4.7363770262833734e-32
1.957905794916243e-05 5.072464014302417e-32
2.003557458746648e-05 5.432511003369459e-32
2.0502735631726606e-05 5.818228969961258e-32
2.0980789273068064e-05 6.231451041315135e-32
2.1469989489583918e-05 6.674141284647171e-32
2.1970596181267336e-05 7.148403989709771e-32
2.2482875308090033e-05 7.656493713523796e-32
2.3007099031300245e-05 8.2008259636262e-32
2.354354585801526e-05 8.783988701841277e-32
2.4092500789185385e-05 9.408754609917559e-32
2.4654255471007912e-05 1.007809428994387e-31
2.5229108349871537e-05 1.0795190324201524e-31
2.5817364830913554e-05 1.156345243394362e-31
2.641933744027406e-05 1.2386533594040634e-31
2.7035345991133382e-05 1.3268347422817531e-31
2.7665717753620915e-05 1.4213086684550249e-31
2.8310787628685666e-05 1.5225243188708622e-31
2.8970898326020842e-05 1.6309629075977184e-31
2.964640054613707e-05 1.7471399573633418e-31
3.033765316668089e-05 1.871607743718165e-31
3.104502343309761e-05 2.004957906296247e-31
3.176888715373972e-05 2.147824245522719e-31
3.25096288995246e-05 2.30088572087966e-31
3.326764220824756e-05 2.4648696577315246e-31
3.4043329793658724e-05 2.6405551802647163e-31
3.483710375941493e-05 2.8287768890983777e-31
3.5649385818020195e-05 3.0304287978431993e-31
3.648060751487119e-05 3.2464685460020744e-31
3.73312104575266e-05 3.4779219090117355e-31
3.820164655032238e-05 3.725887626317735e-31
3.90923782344573e-05 3.991542569047756e-31
4.0003878733676586e-05 4.276147270625646e-31
4.093663230568398e-05 4.581051845640448e-31
4.1891134499415887e-05 4.907702324032304e-31
4.2867892418314344e-05 5.257647429251861e-31
4.386742498973848e-05 5.632545831044925e-31
4.489026324065786e-05 6.034173905482892e-31
4.5936950579773975e-05 6.464434037112884e-31
4.700804308621986e-05 6.925363500554355e-31
4.8104109804991236e-05 7.419143961023331e-31
4.922573304926602e-05 7.948111636202241e-31
5.0373508709772956e-05 8.514768164580947e-31
5.154804657137365e-05 9.121792228166101e-31
5.27499706370262e-05 9.772051981013108e-31
5.397991945930254e-05 1.0468618337787705e-30
5.5238546479635675e-05 1.1214779180710436e-30
5.6526520375476976e-05 1.201405454609233e-30
5.784452541554797e-05 1.2870212856618495e-30
5.9193261823375433e-05 1.3787288270005954e-30
6.057344614930286e-05 1.4769599217394322e-30
6.198581165117595e-05 1.5821768209415627e-30
6.34311086839044e-05 1.6948742996831434e-30
6.491010509810695e-05 1.815581917336822e-30
6.642358664805138e-05 1.9448664312688973e-30
6.797235740910648e-05 2.083334374656462e-30
6.955724020492732e-05 2.2316348081889968e-30
7.117907704460117e-05 2.390462257868448e-30
7.283872956998614e-05 2.5605598499378614e-30
7.453707951348025e-05 2.742722656459279e-30
7.627502916646401e-05 2.9378012641762655e-30
7.805350185866558e-05 3.146705581298433e-30
7.987344244870308e-05 3.370408897002186e-30
8.173581782606456e-05 3.609952209326869e-30
8.364161742479263e-05 3.866448838221991e-30
8.559185374914618e-05 4.141089341278089e-30
8.758756291151902e-05 4.4351467505686976e-30
8.96298051829007e-05 4.749982150033895e-30
9.17196655561724e-05 5.0870506137999334e-30
9.385825432253677e-05 5.4479075268519515e-30
9.604670766138824e-05 5.8342153106412065e-30
9.828618824393714e-05 6.247750576883527e-30
0.00010057788585090809 6.690411734402048e-30
0.00010292301800464121 7.164227074481744e-30
0.00010532283061593165 7.671363361552534e-30
0.00010777859864595113 8.214134957144721e-30
0.00011029162678360347 8.795013505819465e-30
0.00011286325013867351 9.416638213113656e-30
0.00011549483495113791 1.0081826746674843e-29
0.00011818777931701482 1.0793586792125892e-29
0.0001209435139311377 1.1555128297031556e-29
0.00012376350284724815 1.2369876436246854e-29
0.00012664924425581149 1.3241485333417036e-29
0.00012960227127996844 1.4173852573608728e-29
0.00013262415279004548 1.5171134542647152e-29
0.00013571649423705693 1.6237762629174053e-29
0.0001388809385056415 1.7378460325375632e-29
0.00014211916678688624 1.8598261262478284e-29
0.00014543289947150178 1.9902528216455444e-29
0.0001488238970638237 2.1296973118890875e-29
0.00015229396111712465 2.278767810710841e-29
0.00015584493519073535 2.4381117645541277e-29
0.00015947870582948208 2.608418174944453e-29
0.00016319720356596128 2.790420033867425e-29
0.00016700240394618395 2.984896874682087e-29
0.00017089632857913436 3.192677440708179e-29
0.000174881046210801 3.4146424731933446e-29
0.00017895867382325032 3.6517276198374304e-29
0.0001831313777593269 3.904926464419821e-29
0.00018740137487357792 4.1752936774008803e-29
0.00019177093371001327 4.4639482864634064e-29
0.000196242375707327 4.7720770650896995e-29
0.00020081807643222024 5.100938036106375e-29
0.00020550046684148122 5.451864085891716e-29
0.0002102920345734925 5.826266683645338e-29
0.0002151953252698519 6.225639698330116e-29
0.00022021294392780895 6.651563304337235e-29
0.00022534755628423554 7.105707964850397e-29
0.0002306018902318662 7.589838479616252e-29
0.00023597873726856003 8.105818081610526e-29
0.0002414809539803547 8.655612564154187e-29
0.0002471114635590999 9.241294417302005e-29
0.00025287325735547713 9.865046948960814e-29
0.00025876939646823026 1.0529168362818578e-28
0.00026480301337045197 1.1236075761219407e-28
0.000270977313573789 1.1988309037180441e-28
0.00027729557733145163 1.2788534615204898e-28
0.00028376116138093086 1.3639548995838318e-28
0.0002903775007273506 1.4544282054081569e-28
0.00029714811046840066 1.5505800036097976e-28
0.00030407658766182135 1.6527308193462624e-28
0.00031116661323643183 1.7612152988109507e-28
0.0003184219539477161 1.8763823795093734e-28
0.00032584646437900766 1.9985954024238338e-28
0.00033344408898933415 2.128232157510018e-28
0.0003412188642090111 2.2656848533565437e-28
0.0003491749205840977 2.411360001188288e-28
0.0003573164849708539 2.565678202761552e-28
0.0003656478827813646 2.729073831125139e-28
0.0003741735402815245 2.9019945926377368e-28
0.0003828979869426037 3.0849009581301383e-28
0.000391825857847644 3.2782654506716833e-28
0.000400961896153964 3.482571777039441e-28
0.0004103109556130814 3.698313789762759e-28
0.0004198780031493915 3.9259942665093647e-28
0.00042966812149897106 4.166123493633442e-28
0.000439686511909911 4.419217640963698e-28
0.0004499384969056106 4.685796915348899e-28
0.00046042952311250296 4.966383481201959e-28
0.0004711651641537129 5.26149913725908e-28
0.00048215112361018567 5.571662740036598e-28
0.0004933932380508582 5.897387366098755e-28
0.0005048974801334842 6.239177207251774e-28
0.0005166699617777604 6.597524195049537e-28
0.0005287169374124361 6.972904353887144e-28
0.0005410448072981404 7.365773885037888e-28
0.0005536601209276797 7.776564987651942e-28
0.0005665695805056229 8.2056814267547e-28
0.0005797800445090163 8.653493862758111e-28
0.0005932985313311235 9.120334961821856e-28
0.000607132223010125 9.60649431164445e-28
0.0006212884690447563 1.0112213172773201e-27
0.0006357747902989163 1.0637679101315988e-27
0.0006505988829973161 1.1183020484867485e-27
0.0006657686228142928 1.1748301039516766e-27
0.0006812920690579615 1.2333514321752983e-27
0.0006971774689519261 1.2938578314927862e-27
0.0007134332620168255 1.3563330155424028e-27
0.0007300680845540431 1.4207521068707596e-27
0.0007470907742339592 1.4870811589842963e-27
0.0007645103747911887 1.5552767146615721e-27
0.0007823361408292924 1.6252854086001214e-27
0.00080057754273752 1.6970436226140212e-27
0.0008192442717221943 1.7704772016061018e-27
0.0008383462449554094 1.84550123840029e-27
0.0008578936108437789 1.9220199352187486e-27
0.0008778967544200344 1.9999265491160163e-27
0.000898366302860337 2.0791034280329478e-27
0.0009193131311302326 2.159422143303204e-27
0.0009407483677622533 2.2407437234361927e-27
0.000962683400768232 2.3229189928221862e-27
0.000985129883689471 2.4057890176684694e-27
0.0010080997417879817 2.489185659998996e-27
0.0010316051783820807 2.5729322389594428e-27
0.0010556586813297128 2.6568442969893283e-27
0.0010802730296629402 2.740730466693347e-27
0.001105461300377127 2.8243934324951682e-27
0.0011312368753784248 2.9076309794342068e-27
0.0011576134485932472 2.990237119809511e-27
