results/limits/BECCAL_l_phase.dat
# %ECSV 1.0
# ---
# datatype:
# - {name: mx, unit: MeV, datatype: float64}
# - {name: sigma_10, unit: cm2, datatype: float64}
# - {name: sigma_9, unit: cm2, datatype: float64}
# - {name: sigma_7, unit: cm2, datatype: float64}
# - {name: sigma_6, unit: cm2, datatype: float64}
# - {name: sigma_5, unit: cm2, datatype: float64}
# - {name: sigma_4, unit: cm2, datatype: float64}
# - {name: sigma_3, unit: cm2, datatype: float64}
# - {name: sigma_2, unit: cm2, datatype: float64}
# schema: astropy-2.0
mx sigma_10 sigma_9 sigma_7 sigma_6 sigma_5 sigma_4 sigma_3 sigma_2
3.162277660168379e-07 2.411369800177995e-38 2.854256799994273e-38 4.5114623820020444e-38 6.356841883917698e-38 1.0747251576055507e-37 3.1076329922237316e-37 2.4349667791408952e-36 4.061606076543468e-36
3.2360111549336787e-07 2.41474056639697e-38 2.858980677220763e-38 4.5232754960766874e-38 6.380319579274201e-38 1.0814323723270378e-37 3.1584028880333892e-37 2.604428242420511e-36 4.406819082979587e-36
3.311463862505236e-07 2.4181356984575864e-38 2.8637411546028857e-38 4.5352031485657735e-38 6.404075987212752e-38 1.088253099686523e-37 3.21084716073865e-37 2.787980872643362e-36 4.7831569723685755e-36
3.388675869043115e-07 2.421554854128042e-38 2.868537806843765e-38 4.547244871613499e-38 6.428111818630287e-38 1.0951889758948526e-37 3.265032290724857e-37 2.9868889506441848e-36 5.19351249704561e-36
3.4676881953794695e-07 2.424997699062756e-38 2.873370219186704e-38 4.5594002229694975e-38 6.452427851948378e-38 1.1022416928205157e-37 3.321028127184616e-37 3.202533939579681e-36 5.6410545078947265e-36
3.548542818811901e-07 2.428463906974068e-38 2.8782379876436303e-38 4.571668786694004e-38 6.477024935142876e-38 1.1094129999382159e-37 3.37890808464817e-37 3.436425348887641e-36 6.129253991042462e-36
3.6312826954049566e-07 2.4319531597599944e-38 2.883140719205702e-38 4.584050173823139e-38 6.501903987719137e-38 1.116704706329797e-37 3.4387493524332707e-37 3.690212592816095e-36 6.661912633982466e-36
3.715951782811629e-07 2.4354651476194914e-38 2.8880780320198386e-38 4.596544022970493e-38 6.527066002628268e-38 1.1241186827383877e-37 3.5006331179437096e-37 3.96569793565083e-36 7.243194200992166e-36
3.8025950636269697e-07 2.4389995691620056e-38 2.8930495555449506e-38 4.6091500008937226e-38 6.552512048120602e-38 1.1316568636771594e-37 3.5646448048223796e-37 4.2648506251863565e-36 7.877659001453858e-36
3.89125856928623e-07 2.442556131477024e-38 2.898054930676298e-38 4.621867802989625e-38 6.578243269535086e-38 1.1393212495945191e-37 3.6308743270473243e-37 4.589822326491126e-36 8.57030174541804e-36
3.9819894045202297e-07 2.446134550199384e-38 2.903093809856906e-38 4.6346971537614776e-38 6.604260891024637e-38 1.1471139090980148e-37 3.6994163601484727e-37 4.942963979730894e-36 9.326593099818178e-36
4.0748357723809307e-07 2.449734549547283e-38 2.9081658571480134e-38 4.647637807206709e-38 6.630566217216599e-38 1.1550369812395253e-37 3.7703706308193595e-37 5.326844218858121e-36 1.015252528591049e-35
4.169846999850535e-07 2.453355862353383e-38 2.9132707482863383e-38 4.660689547177795e-38 6.657160634810884e-38 1.163092677864717e-37 3.8438422263031786e-37 5.744269502477824e-36 1.1054662092566546e-35
4.2670735640476865e-07 2.4569982300732113e-38 2.9184081707164755e-38 4.673852187681585e-38 6.684045614116182e-38 1.1712832860300425e-37 3.919941925046389e-37 6.198306124289868e-36 1.204019371954528e-35
4.3665671190447213e-07 2.460661402759015e-38 2.9235778235973986e-38 4.687125573134436e-38 6.711222710529203e-38 1.1796111704908885e-37 3.998786550237062e-37 6.692304288314335e-36 1.3116996908662423e-35
4.4683805233101997e-07 2.4643451390603693e-38 2.9287794177930656e-38 4.7005095785708977e-38 6.738693565956602e-38 1.1880787762648131e-37 4.0804993479800024e-37 7.22992445375819e-36 1.4293700868020348e-35
4.572567867791303e-07 2.4680492061699216e-38 2.9340126758362475e-38 4.714004109810473e-38 6.766459910186764e-38 1.1966886312740829e-37 4.165210392007254e-37 7.815166176005521e-36 1.5579759545459538e-35
4.6791845046510194e-07 2.471773379762073e-38 2.939277331879177e-38 4.727609103581472e-38 6.794523562212661e-38 1.2054433490720508e-37 4.253057016982466e-37 8.452399693936471e-36 1.6985530862082665e-35
4.788287076675383e-07 2.4755174439502853e-38 2.9445731316230204e-38 4.741324527603796e-38 6.822886431511675e-38 1.2143456316582027e-37 4.344184282631496e-37 9.146400539723613e-36 1.8522363568990297e-35
4.899933547366384e-07 2.4792811911960376e-38 2.949899832236255e-38 4.755150380644497e-38 6.851550519286053e-38 1.2233982723869824e-37 4.438745471121341e-37 9.90238747556e-36 2.0202692470450198e-35
5.014183231736547e-07 2.4830644222145747e-38 2.9552572022469623e-38 4.769086692527213e-38 6.880517919668953e-38 1.2326041589758039e-37 4.536902620316153e-37 1.0726064092534866e-35 2.2040142773890458e-35
5.131096827821533e-07 2.486866945887585e-38 2.9606450214324884e-38 4.78313352411697e-38 6.909790820901241e-38 1.2419662766179513e-37 4.638827095764713e-37 1.1623664440267523e-35 2.4049644378606224e-35
5.250736448927506e-07 2.490688579148007e-38 2.9660630806933537e-38 4.797290967281991e-38 6.93937150648364e-38 1.2514877112063762e-37 4.7447002045201915e-37 1.2602003092230005e-35 2.624755725776909e-35
5.373165656630395e-07 2.494529146870499e-38 2.971511181908747e-38 4.811559144813292e-38 6.969262356308993e-38 1.261171652674625e-37 4.854713854160753e-37 1.3668530090399384e-35 2.8651808246776067e-35
5.4984494945446e-07 2.498388481736844e-38 2.9769891377926113e-38 4.825938210337447e-38 6.999465847780481e-38 1.2710213984615488e-37 4.969071260674721e-37 1.4831391255724378e-35 3.128204079481034e-35
5.626654522879044e-07 2.502266424127016e-38 2.982496771731318e-38 4.840428348200571e-38 7.029984556920156e-38 1.2810403571066547e-37 5.087987709193343e-37 1.609949439595322e-35 3.415977799877066e-35
5.757848853798981e-07 2.506162821951721e-38 2.988033917615266e-38 4.855029773329737e-38 7.060821159472725e-38 1.2912320519833141e-37 5.211691371905644e-37 1.7482581991829876e-35 3.7308599639103863e-35
5.892102187612295e-07 2.5100775305455314e-38 2.993600419671947e-38 4.869742731090424e-38 7.091978432010242e-38 1.301600125177389e-37 5.340424187873167e-37 1.8991310995603646e-35 4.0754333390247336e-35
6.029485849799565e-07 2.514010412497592e-38 2.999196132277441e-38 4.884567497113666e-38 7.123459253041214e-38 1.312148341519141e-37 5.474442809882048e-37 2.063734043297185e-35 4.45252598510872e-35
6.17007282890752e-07 2.517961337518757e-38 3.0048209197771493e-38 4.899504377127391e-38 7.155266604133974e-38 1.3228805927778263e-37 5.614019623950268e-37 2.243342758371365e-35 4.865236097606994e-35
6.313937815326057e-07 2.5219301822815954e-38 3.010474656292582e-38 4.914553706762658e-38 7.187403571039392e-38 1.333800902021549e-37 5.759443847478885e-37 2.439353344678926e-35 5.316945183718719e-35
6.461157240969403e-07 2.525916830268959e-38 3.0161572255295233e-38 4.929715851365254e-38 7.219873344858744e-38 1.3449134281649787e-37 5.911022712945599e-37 2.653293862812644e-35 5.811354078001327e-35
6.611809319882495e-07 2.529921171622227e-38 3.0218685205849754e-38 4.944991205794067e-38 7.25267922321222e-38 1.356222470697926e-37 6.069082744096364e-37 2.886837032548706e-35 6.352499641922672e-35
6.765974089794179e-07 2.5339431029905184e-38 3.0276084437507134e-38 4.960380194225359e-38 7.285824611468626e-38 1.3677324746240474e-37 6.233971132929298e-37 3.141814194891824e-35 6.944811096085654e-35
6.923733454639272e-07 2.5379825273583157e-38 3.033376906303813e-38 4.975883269910768e-38 7.319313023903207e-38 1.3794480355718982e-37 6.4060572251038944e-37 3.4202304934426665e-35 7.593028509439732e-35
7.085171228072106e-07 2.5420393539051383e-38 3.0391738283278995e-38 4.991500915037761e-38 7.353148085129864e-38 1.39137390520958e-37 6.585734125788091e-37 3.724281826381042e-35 8.302445328692555e-35
7.250373177994646e-07 2.5461134978371337e-38 3.0449991384830076e-38 5.007233640414815e-38 7.387333531168152e-38 1.4035149967468514e-37 6.773420431288679e-37 4.056372820724226e-35 9.078553025270818e-35
7.419427072122865e-07 2.5502048802587077e-38 3.0508527738632697e-38 5.023081985430788e-38 7.421873211174028e-38 1.4158763909015413e-37 6.96956210595658e-37 4.419137581223674e-35 9.927676574612909e-35
7.592422724615558e-07 2.554313427950054e-38 3.056734679705916e-38 5.039046517604939e-38 7.456771088308524e-38 1.4284633417940226e-37 7.174634503878723e-37 4.815460587140555e-35 1.0856001138627367e-34
7.769452043790388e-07 2.558439073333421e-38 3.062644809336153e-38 5.055127832748079e-38 7.492031241974419e-38 1.4412812835880117e-37 7.38914456836359e-37 5.248502632354566e-35 1.187113677655791e-34
7.950609080952509e-07 2.562581754165275e-38 3.068583123778969e-38 5.071326554266317e-38 7.52765786824704e-38 1.4543358367334213e-37 7.613633194796427e-37 5.721724135163467e-35 1.2979732811925267e-34
8.135990080361694e-07 2.5667414135792735e-38 3.074549591834317e-38 5.087643333670465e-38 7.563655282955939e-38 1.4676328154619584e-37 7.848677815892808e-37 6.238918865385206e-35 1.4191100440905152e-34
8.325693530364543e-07 2.5709179996963115e-38 3.080544189538127e-38 5.104078849464174e-38 7.600027921289892e-38 1.4811782342798792e-37 8.094895165114302e-37 6.804237670933478e-35 1.551183504619197e-34
8.519820215718901e-07 2.5751114657950415e-38 3.0865669004300153e-38 5.120633808208273e-38 7.6367803422296e-38 1.4949783165742215e-37 8.35294432569021e-37 7.422235051548017e-35 1.6953668065079693e-34
8.718473271138315e-07 2.5793217698616903e-38 3.0926177149265147e-38 5.137308943121037e-38 7.67391722756638e-38 1.5090395014992477e-37 8.623529973789526e-37 8.097894014962097e-35 1.8525282138467478e-34
8.921758236084957e-07 2.5835488744981474e-38 3.0986966302230874e-38 5.154105014175248e-38 7.711443384320482e-38 1.5233684524681143e-37 8.907405935025126e-37 8.836665846207668e-35 2.0232746881978813e-34
9.12978311084014e-07 2.5877927472098963e-38 3.1048036507003067e-38 5.17102280953026e-38 7.749363750169316e-38 1.5379720671940336e-37 9.205379089571735e-37 9.64454450002528e-35 2.209408669566319e-34
9.342658413882192e-07 2.5920533596281367e-38 3.110938786856305e-38 5.188063142957052e-38 7.787683390000948e-38 1.5528574846497243e-37 9.5183134885308e-37 1.052807363980988e-34 2.411776755921563e-34
9.560497240602198e-07 2.596330687780169e-38 3.1171020557097734e-38 5.205226855260332e-38 7.826407501448756e-38 1.5680320959025816e-37 9.847134951251302e-37 1.14944259176448e-34 2.6316065530056104e-34
9.78341532338879e-07 2.6006247116221627e-38 3.123293480130957e-38 5.22251481278378e-38 7.865541413928066e-38 1.5835035528031978e-37 1.0192835962951736e-36 1.2551417912649026e-34 2.868841003981778e-34
1.0011531093113902e-06 2.604935415882452e-38 3.1295130900853257e-38 5.2399279112247e-38 7.905090599771179e-38 1.5992797819856323e-37 1.0556481207837487e-36 1.3707709293976184e-34 3.127183099355735e-34
1.0244965742052174e-06 2.6092627885420156e-38 3.1357609204799165e-38 5.257467069968311e-38 7.94506066393671e-38 1.6153689906777805e-37 1.0939213214029974e-36 1.497268696688332e-34 3.4070695328901337e-34
1.048384328826741e-06 2.613606821625328e-38 3.1420370122827066e-38 5.275133235572777e-38 7.985457354520502e-38 1.6317796813722552e-37 1.1342258862611815e-36 1.6356654915408453e-34 3.7100785379353623e-34
1.0728290641500308e-06 2.6179675103685795e-38 3.14834141139619e-38 5.292927378922147e-38 8.026286558908997e-38 1.6485206611426665e-37 1.1766936200959735e-36 1.787075315610885e-34 4.0343316916514146e-34
1.0978437670592484e-06 2.6223448549660766e-38 3.154674171151641e-38 5.310850502670274e-38 8.067554323653071e-38 1.6656010614413141e-37 1.2214662383579533e-36 1.952754709452148e-34 4.3879335278241986e-34
1.1234417272482566e-06 2.626738857821571e-38 3.1610353483558387e-38 5.328903630403958e-38 8.109266832417074e-38 1.683030340852297e-37 1.2686961389470784e-36 2.134043466267823e-34 4.770024686176048e-34
1.149636544281106e-06 2.631149525106828e-38 3.1674250056158224e-38 5.347087813570399e-38 8.151430424776539e-38 1.7008183055613951e-37 1.3185473352984504e-36 2.332418076040311e-34 5.1827625072929075e-34
1.1764421348171486e-06 2.6355768662927263e-38 3.1738432106106377e-38 5.365404129800517e-38 8.194051595370046e-38 1.718975122234708e-37 1.3711964297710685e-36 2.549493295585407e-34 5.628507946263103e-34
1.2038727400046132e-06 2.640020894022765e-38 3.180290035977666e-38 5.3838536829233e-38 8.237136997002477e-38 1.7375113332115835e-37 1.4268336847921284e-36 2.7870347339770626e-34 6.10985167523594e-34
1.2319429330465773e-06 2.644481624040999e-38 3.1867655591805204e-38 5.40243760299195e-38 8.280693443868343e-38 1.7564378724487236e-37 1.4856641924513883e-36 3.046972526484627e-34 6.629642170701596e-34
1.2606676269433496e-06 2.648959074003072e-38 3.193269860848211e-38 5.421157041819869e-38 8.324727904268759e-38 1.7757660774187532e-37 1.5479091141802726e-36 3.331317173362547e-34 7.1771420653821745e-34
1.2900620824153782e-06 2.65345326760101e-38 3.1998030307346924e-38 5.440013190592505e-38 8.369247545454971e-38 1.7955077254514856e-37 1.6138072212805326e-36 3.6425422262338503e-34 7.781009123742898e-34
1.3201419160108953e-06 2.6579642283305683e-38 3.206365158723069e-38 5.459007254283001e-38 8.414259676845601e-38 1.8156750248741826e-37 1.683616214201516e-36 3.983088255586768e-34 8.433374768760672e-34
1.3509231084026028e-06 2.6624919834021663e-38 3.2129563404980674e-38 5.478140468399678e-38 8.459771792959051e-38 1.8362806520808846e-37 1.7576145236259353e-36 4.3557032895496956e-34 9.138406380906934e-34
1.38242201287781e-06 2.6670365626805034e-38 3.219576676038201e-38 5.497414095024587e-38 8.505791567754264e-38 1.8573377676123178e-37 1.8361031045706325e-36 4.763387422300698e-34 9.900698050434555e-34
1.4146553640265304e-06 2.671597998621443e-38 3.226226269526168e-38 5.516829422930307e-38 8.55232685865791e-38 1.878860037570868e-37 1.9194074343824088e-36 5.209414979751494e-34 1.0725311766836798e-33
1.447640286632156e-06 2.6761763261938325e-38 3.232905229251198e-38 5.536387767707716e-38 8.599385710740928e-38 1.9008616561357973e-37 2.0078796998793442e-36 5.697358504948794e-34 1.1617821681821068e-33
1.4813943047694329e-06 2.680771582801331e-38 3.2396136675194423e-38 5.556090471907135e-38 8.646976361049442e-38 1.923357369241715e-37 2.1019011922748296e-36 6.231114698811469e-34 1.2584361871513732e-33
1.5159353511145682e-06 2.6853838082202946e-38 3.2463517005843613e-38 5.575938905205308e-38 8.69510724309508e-38 1.9463624994873258e-37 2.2018849303822716e-36 6.81493246142347e-34 1.3631678076459144e-33
1.5512817764724183e-06 2.690013044532694e-38 3.253119448543694e-38 5.595934464569216e-38 8.743786991509955e-38 1.9698929723457394e-37 2.3082785346411065e-36 7.453443189659497e-34 1.476718394570464e-33
1.587452359525819e-06 2.6946593360595055e-38 3.25991703527439e-38 5.616078574454331e-38 8.793024446871197e-38 1.993965343752156e-37 2.4215673767457634e-36 8.15169349860953e-34 1.5999022355490993e-33
1.6244663168122348e-06 2.6993227293074485e-38 3.26674458836767e-38 5.636372687005688e-38 8.842828660701316e-38 2.0185968291496955e-37 2.542278032116517e-36 8.915180547299923e-34 1.7336132415672387e-33
1.6623433129330315e-06 2.704003272906605e-38 3.27360223904188e-38 5.6568182822796e-38 8.893208900649572e-38 2.0438053340792607e-37 2.6709820651435438e-36 9.749890163831101e-34 1.878832282002047e-33
1.7011034710007933e-06 2.708701014956944e-38 3.280490118292943e-38 5.677416857110639e-38 8.944174627648358e-38 2.0696094712951678e-37 2.8082998936707094e-36 1.0660366612335557e-33 2.0283807622500545e-33
1.740767383330235e-06 2.713416013229298e-38 3.287408371822195e-38 5.698169970250382e-38 8.995735612751977e-38 2.096028654098471e-37 2.9549064428399842e-36 1.1657194433013394e-33 2.1989308555626605e-33
1.7813561223783898e-06 2.718148319935205e-38 3.294357137762062e-38 5.719079176181471e-38 9.047901778329683e-38 2.1230830446308906e-37 3.1115345475080616e-36 1.2746469892819443e-33 2.3844347161503673e-33
1.8228912519398869e-06 2.7228979916497126e-38 3.3013365612421344e-38 5.740146069115609e-38 9.100683312193589e-38 2.1507936489377133e-37 3.278981455533715e-36 1.3936561455638495e-33 2.5863001336857286e-33
1.8653948386032614e-06 2.7276650868314224e-38 3.3083467907150593e-38 5.761372272510465e-38 9.154090647125904e-38 2.1791823426957756e-37 3.458114591587939e-36 1.5236564170298168e-33 2.8060697452263978e-33
1.908889463474389e-06 2.732449665761069e-38 3.315387977934729e-38 5.78275943938381e-38 9.208134467282543e-38 2.208271913216007e-37 3.6498781534440994e-36 1.6656359386919457e-33 3.0454337521062233e-33
