results/limits/BECCAL_f_6_phase.dat
# %ECSV 1.0
# ---
# datatype:
# - {name: mx, unit: MeV, datatype: float64}
# - {name: sigma_6, unit: cm2, datatype: float64}
# schema: astropy-2.0
mx sigma_6
[from data line 359]
0.0012404909310584848 2.3407783058021898e-20
0.0012694149350204683 2.4555017743456868e-20
0.0012990133477864558 2.573114694597473e-20
0.0013293018942621524 2.6934979201356372e-20
0.001360296666004259 2.816520544858862e-20
0.001392014129769518 2.942040478040327e-20
0.0014244711362630968 3.0699051199092155e-20
0.0014576849290909482 3.199952130790705e-20
0.0014916731539209149 3.3320102855091735e-20
0.0015264538678574353 3.465900403160329e-20
0.0015620455490348386 3.6014363418515363e-20
0.0015984671064343198 3.738426046481473e-20
0.0016357378899298156 3.876672637611116e-20
0.0016738777005681136 4.015975528537991e-20
0.0017129068010886602 4.156131557786735e-20
0.0017528459266886532 4.296936124463304e-20
0.00179371629603914 4.4381843137159845e-20
0.0018355396225579732 4.5796720005581986e-20
0.0018783381259456144 4.721196920770026e-20
0.0019221345439899109 4.8625596983501255e-20
0.001966952144646121 5.0035648205039216e-20
0.0020128147383986056 5.1440215516169515e-20
0.002059746690910748 5.283744779275539e-20
0.0021077729359698315 5.422555786667332e-20
0.0021569189887337423 5.560282947010463e-20
0.002207210959286545 5.696762336460296e-20
0.0022586755665101248 5.831838264075692e-20
0.0023113401522792685 5.96536371749776e-20
0.0023652326959877285 6.097200725448677e-20
0.0024203818294129824 6.227220638136194e-20
0.0024768168519275916 6.355304327336751e-20
0.002534567746065232 6.481342310741097e-20
0.0025936651934496745 6.605234803191678e-20
0.0026541405910951734 6.7268916995006e-20
0.0027160260680869266 6.846232494499982e-20
0.0027793545026504624 6.9631861447209e-20
0.002844159539619031 7.07769087772783e-20
0.0029104756083082714 7.189693954497066e-20
0.0029783379408076585 7.299151390738144e-20
0.0030477825906984404 7.406027642660195e-20
0.0031188464522080173 7.510295262583127e-20
0.0031915672798109355 7.611934530177223e-20
0.0032659837082868936 7.710933063850673e-20
0.003342135273246469 7.807285417644642e-20
0.0034200624321353945 7.900992667420869e-20
0.0034998065857286074 7.992061991565358e-20
0.0035814101001254554 8.080506248734749e-20
0.003664916329257761 8.16634355738966e-20
0.0037503696379226933 8.249596879304598e-20
0.0038378154253526898 8.330293609512089e-20
0.003927300149334948 8.408465176523217e-20
0.004018871350893299 8.484146653221213e-20
0.00411257767954558 8.55737638075229e-20
0.004208468919149921 8.628195607414225e-20
0.004306596014353682 8.696648142133251e-20
0.004407011097659079 8.762780025535059e-20
0.004509767517119906 8.82663921689109e-20
0.004614919864684026 8.888275299424693e-20
0.004722524005196735 8.947739202393073e-20
0.004832637106080367 9.00508294131639e-20
0.004945317667705937 9.060359375567758e-20
0.005060625554472947 9.113621983784885e-20
0.005178622026613854 9.164924654900797e-20
0.005299369772740128 9.214321496650593e-20
0.005422932943147155 9.261866660739139e-20
0.0055493771838957115 9.307614181043184e-20
0.00567876967168809 9.351617828979315e-20
0.005811179149557424 9.393930981284105e-20
0.0059466759633891655 9.434606501682847e-20
0.006085332099294114 9.473696635534553e-20
0.006227221221852859 9.511252915874541e-20
0.006372418713251954 9.547326080777633e-20
0.006521001713332612 9.58196600084925e-20
0.006673049160573193 9.615221617336625e-20
0.006828641834027273 9.647140888556617e-20
0.006987862396239558 9.677770744457649e-20
0.00715079543716245 9.707157050947878e-20
0.007317527519096606 9.735344577595772e-20
0.007488147222679345 9.762376976034408e-20
0.007662745193945353 9.788296761111346e-20
0.007841414192484688 9.813145300412685e-20
0.008024249140723652 9.836962805217081e-20
0.008211347174354735 9.859788329223713e-20
0.008402807693942412 9.881659769532062e-20
0.008598732417732204 9.902613871038892e-20
0.008799225435691074 9.922686235796151e-20
0.009004393264807849 9.941911333155672e-20
0.009214344905683071 9.960322513206502e-20
0.009429191900438323 9.977952023708161e-20
0.009649048391975805 9.994831025625729e-20
0.009874031184619632 1.0010989615042935e-19
0.010104259806171096 1.0026456841576759e-19
0.01033985657141083 1.0041260731552956e-19
0.010580946647081629 1.005542831044537e-19
0.010827658118386449 1.0068985626517509e-19
0.011080122057036918 1.0081957775280735e-19
0.011338472590888495 1.0094368924454362e-19
0.01160284697519928 1.0106242338351932e-19
0.01187338566555036 1.0117600403211647e-19
0.012150232392466372 1.012846465317086e-19
0.012433534237775993 1.01388557950844e-19
0.01272344171275288 1.0148793735656749e-19
0.013020108838078586 1.0158297602545683e-19
0.013323693225669961 1.0167385773231055e-19
0.013634356162414448 1.0176075898013444e-19
0.013952262695857842 1.0184384924190511e-19
0.014277581721889965 1.0192329119968647e-19
0.014610486074474885 1.0199924097922198e-19
0.014951152617473332 1.0207184837838213e-19
0.015299762338606094 1.0214125710454069e-19
0.015656500445608335 1.0220760497126583e-19
0.016021556464625875 1.0227102413522577e-19
0.016395124340905766 1.0233164129059234e-19
0.016777402541834602 1.0238957786894375e-19
0.017168594162379338 1.0244495026017151e-19
0.01756890703298664 1.0249786999561701e-19
0.017978553829998065 1.0254844389825644e-19
0.01839775218863974 1.0259677432641665e-19
0.01882672481864659 1.0264295929071962e-19
0.01926569962258253 1.0268709267692174e-19
0.019714909816919448 1.0272926436554304e-19
0.020174594055939365 1.0276956040884661e-19
0.02064499655852557 1.0280806320165305e-19
0.021126367237910063 1.0284485158358499e-19
0.021618961834446313 1.028800010309068e-19
0.02212304205147776 1.029135837703799e-19
0.022638875694374342 1.0294566890890221e-19
0.0231667368128109 1.0297632257585684e-19
0.02370690584636297 1.0300560803358183e-19
0.024259669773497434 1.0303358579911918e-19
0.024825322264037063 1.0306031376659717e-19
0.025404163835180054 1.0308584731156852e-19
0.025996502011157406 1.0311023938826667e-19
0.026602651486612925 1.0313354065219638e-19
0.027222934293792744 1.0315579953948969e-19
0.027857679973633073 1.0317706235840084e-19
0.02850722575083718 1.0319737339017855e-19
0.02917191671303455 1.0321677497741665e-19
0.029852105994117403 1.032353076052526e-19
0.030548154961852016 1.0325300997075521e-19
0.031260433409864494 1.0326991906782366e-19
0.031989319754103004 1.0328607027423402e-19
0.0327352012338808 1.0330149736809025e-19
0.03349847411760691 1.03316232680088e-19
0.034279543913313774 1.0333030708864634e-19
0.03507882558409363 1.0334375010825803e-19
0.03589674376855814 1.0335658996212808e-19
0.03673373300643846 1.0336885358322967e-19
0.037590237969445384 1.0338056674283435e-19
0.038466713697512506 1.0339175407360111e-19
0.03936362584054766 1.0340243909917489e-19
0.04028145090582124 1.034126442951403e-19
0.04122067651112274 1.0342239113203759e-19
0.04218180164382002 1.03431700163078e-19
0.043165336925959 1.0344059096932223e-19
0.044171804885544536 1.034490823049639e-19
0.04520174023414663 1.0345719205266901e-19
0.046255690150979495 1.0346493735378108e-19
0.047334214573604344 1.0347233452105824e-19
0.048437886495410414 1.034793991956458e-19
0.04956729227003216 1.0348614625231864e-19
0.05072303192286451 1.0349258996008038e-19
0.051905719469841495 1.0349874394252834e-19
0.05311598324364777 1.0350462119432148e-19
0.05435446622753626 1.0351023412426033e-19
0.05562182639692926 1.0351559461176408e-19
0.056918737068984544 1.035207139958788e-19
0.058245887260312136 1.0352560308197084e-19
0.05960398205303182 1.0353027224897695e-19
0.06099374296936585 1.0353473135231164e-19
0.06241590835496589 1.0353898982660133e-19
0.06387123377117784 1.0354305671842409e-19
0.06536049239645289 1.035469405947727e-19
0.06688447543711816 1.0355064970249969e-19
0.06844399254772507 1.0355419190884892e-19
0.0700398722611988 1.0355757469152845e-19
0.0716729624290174 1.0356080523991655e-19
0.07334413067165428 1.0356389037733153e-19
0.07505426483952363 1.0356683665909297e-19
0.07680427348467332 1.0356965030959566e-19
0.07859508634347626 1.0357233732181188e-19
0.08042765483057629 1.035749033928633e-19
0.08230295254435131 1.0357735390896518e-19
0.08422197578416211 1.035796941414508e-19
0.08618574407966152 1.0358192901092451e-19
0.08819530073244539 1.0358406325513618e-19
0.09025171337033296 1.035861014290689e-19
0.09235607451457113 1.0358804779639945e-19
0.09450950216026408 1.0358990656488217e-19
0.09671314037033632 1.0359168162683092e-19
0.09896815988334524 1.0359337676763062e-19
0.10127575873546546 1.0359499558145297e-19
0.10363716289697593 1.0359654150489599e-19
0.10605362692358762 1.0359801780722741e-19
0.10852643462295801 1.0359942760115721e-19
0.11105689973674641 1.0360077394306964e-19
0.11364636663857243 1.0360205965718765e-19
0.11629621104824843 1.0360328744686762e-19
0.1190078407626656 1.036044599502039e-19
0.12178269640372161 1.03605579653213e-19
0.12462225218368743 1.0360664893873448e-19
0.1275280166884199 1.0360767005479855e-19
0.13050153367883624 1.0360864518225742e-19
0.1335443829110759 1.0360957641020297e-19
0.13665818097578622 1.0361046569753262e-19
0.13984458215697693 1.0361131488918763e-19
0.14310527931090045 1.0361212582530356e-19
0.14644200476542463 1.0361290027943409e-19
0.14985653124037576 1.0361363987550212e-19
0.15335067278934078 1.0361434614104855e-19
0.1569262857634292 1.0361502059264875e-19
0.1605852697975066 1.0361566462737612e-19
0.16432956881942368 1.0361627965571766e-19
0.16816117208277714 1.0361686699452724e-19
0.172082115223751 1.0361742787972327e-19
0.1760944813425998 1.0361796354648321e-19
0.1802004021103484 1.036184750385813e-19
0.18440205890129596 1.0361896349903749e-19
0.18870168395192646 1.0361942997974771e-19
0.1931015615468407 1.0361987539817686e-19
0.1976040292323402 1.0362030077565943e-19
0.20221147905830805 1.0362070706560196e-19
0.20692635884904578 1.0362109491657109e-19
0.21175117350374192 1.0362146539532994e-19
0.2166884863272632 1.0362181916685443e-19
0.22174092039197504 1.0362215695974936e-19
0.22691115993131514 1.0362247957969562e-19
0.23220195176586036 1.0362278763530744e-19
0.2376161067626448 1.0362308181419393e-19
0.24315650132850383 1.0362336270866438e-19
0.24882607893823822 1.0362363109841193e-19
0.25462785169840935 1.0362388727483043e-19
0.2605649019475973 1.036241318618126e-19
0.26664038389397104 1.0362436557667234e-19
0.27285752529104135 1.0362458867765635e-19
0.2792196291524867 1.0362480175979599e-19
0.2857300755069626 1.0362500515864315e-19
0.2923923231938275 1.0362519945308653e-19
0.2992099117007387 1.0362538505953543e-19
0.3061864630440946 1.0362556217221209e-19
0.31332568369332287 1.0362573145019094e-19
0.32063136654003577 1.036258930030921e-19
0.3281073929131 1.0362604733096216e-19
0.3357577346406907 1.0362619468586829e-19
0.343586456160426 1.0362633538126785e-19
0.3515977166787018 1.0362646974943051e-19
0.359795772380376 1.036265980442047e-19
0.368184978689974 1.036267206464935e-19
0.3767697925856183 1.036268376093762e-19
0.38555477496691104 1.0362694936874116e-19
0.394544593078027 1.0362705610410721e-19
0.4037440229873054 1.0362715805990492e-19
0.4131579521246571 1.0362725542792792e-19
0.42279138187813525 1.0362734822203057e-19
0.43264943025104924 1.036274369641228e-19
0.4427373345810337 1.0362752163091663e-19
0.4530604543225162 1.0362760262650368e-19
0.4636242738940635 1.036276799027153e-19
0.47443440559211736 1.0362775368577877e-19
0.48549659257266914 1.0362782426579068e-19
0.4968167119024568 1.0362789146793881e-19
0.5084007776813051 1.0362795599951083e-19
0.5202549442372687 1.0362801728060054e-19
0.5323855093962742 1.0362807577011249e-19
0.5447989178279997 1.0362813187881482e-19
0.557501764469769 1.036281852038434e-19
0.5705007980302781 1.0362823620205409e-19
0.5838029245750183 1.0362828500972666e-19
0.5974152111952977 1.0362833151927388e-19
0.6113448897628128 1.0362837597187822e-19
0.6255993607717623 1.036284183033569e-19
0.6401861972705483 1.0362845902232351e-19
0.6551131488851486 1.0362849752915268e-19
0.6703881459363026 1.0362853458218266e-19
0.686019303652694 1.036285697926336e-19
0.7020149264823721 1.0362860354137294e-19
0.7183835125046995 1.0362863582755342e-19
0.7351337579451718 1.0362866660653528e-19
0.7522745617955077 1.0362869577261589e-19
0.7698150305414633 1.036287239915468e-19
0.7877644830008832 1.0362875070316318e-19
0.8061324552745581 1.0362877604181861e-19
0.8249287058125218 1.0362880063014e-19
0.8441632205984669 1.0362882405445402e-19
0.8638462184550629 1.0362884627142282e-19
0.8839881564729563 1.0362886737226587e-19
0.9045997355663667 1.0362888774769838e-19
0.9256919061582187 1.0362890724473267e-19
0.9472758739978306 1.0362892554738017e-19
0.9693631061142522 1.0362894336549896e-19
0.9919653369084147 1.0362896027442726e-19
1.0150945743873274 1.0362897643473836e-19
1.0387631065436362 1.0362899174624719e-19
1.0629835078839296 1.0362900668611334e-19
1.0877686461092637 1.0362902059622371e-19
1.1131316889514546 1.036290340254719e-19
1.1390861111687691 1.0362904655867324e-19
1.16564570170473 1.0362905884301046e-19
1.1928245710138414 1.0362907085697782e-19
1.2206371585581264 1.0362908162477615e-19
1.2490982404784545 1.0362909264352432e-19
1.2782229374447416 1.0362910241934453e-19
1.3080267226891875 1.0362911229414025e-19
1.3385254302268237 1.0362912151920734e-19
1.369735263267732 1.0362913044518578e-19
1.4016728028254128 1.0362913889079929e-19
1.4343550165258654 1.0362914675396139e-19
1.4677992676220706 1.0362915469290794e-19
1.5020233242186567 1.0362916192669935e-19
1.5370453687116559 1.036291692489341e-19
1.5728840074483612 1.0362917591212231e-19
1.6095582806124205 1.0362918264601848e-19
1.6470876723394143 1.0362918805723337e-19
1.6854921210682972 1.0362919453020863e-19
1.7247920301341966 1.0362919976844628e-19
1.7650082786082029 1.0362920511125341e-19
1.8061622323899016 1.0362921020328295e-19
1.848275755558551 1.0362921511560401e-19
1.8913712219889245 1.03629219577677e-19
1.935471527238 1.0362922412499238e-19
1.9806001007088037 1.0362922823251623e-19
2.0267809180978715 1.0362923258801919e-19
2.0740385141329463 1.0362923658339789e-19
2.1223979956076717 1.0362923989613194e-19
2.171885054720213 1.0362924328113283e-19
2.222525982722885 1.036292466473604e-19
2.274347683890048 1.0362924997562182e-19
2.327377689811681 1.0362925305446468e-19
2.3816441740202396 1.0362925564141432e-19
2.437175966958554 1.0362925889236625e-19
2.4940025712967335 1.0362926146959436e-19
2.552154177606206 1.0362926385994792e-19
2.611661680399223 1.036292660795227e-19
2.6725566945423505 1.0362926889230587e-19
2.7348715720526675 1.036292714485565e-19
2.7986394192855935 1.0362927333097093e-19
2.863894114523477 1.0362927559606617e-19
2.9306703259742912 1.0362927742672932e-19
2.999003530189995 1.0362927883825493e-19
3.068930030914351 1.0362928061316127e-19
3.1404869783702067 1.0362928199099567e-19
3.21371238899649 1.0362928387757623e-19
3.2886451656454048 1.0362928534060369e-19
3.3653251182505572 1.0362928742559579e-19
3.443792984976987 1.0362928896629915e-19
3.5240904538643507 1.0362928905108355e-19
3.6062601849747473 1.0362929116260673e-19
3.6903458330569543 1.0362929202597336e-19
3.77639207073912 1.0362929366511268e-19
3.8644446122622242 1.0362929489703925e-19
3.9545502377669295 1.0362929563726303e-19
4.046756818146711 1.0362929639585774e-19
4.141113340480481 1.0362929717789765e-19
4.237669934058216 1.0362929927139077e-19
4.336477897013409 1.0362929921079169e-19
4.437589723576497 1.0362930037946833e-19
4.541059131963759 1.0362930043672661e-19
4.646941092916466 1.0362930193948933e-19
4.755291858905486 1.036293018251783e-19
4.866168994016832 1.0362930256197969e-19
4.979631404534034 1.0362930439481746e-19
5.0957393702336 1.0362930465414645e-19
5.214554576410165 1.0362930357249005e-19
5.336140146648369 1.0362930611507302e-19
5.4605606763588606 1.036293067546081e-19
5.587882267096237 1.0362930678546311e-19
5.718172561677172 1.0362930670042639e-19
5.851500780117376 1.036293080689791e-19
5.987937756406471 1.0362930732434971e-19
6.127555976140354 1.0362930782560068e-19
6.270429615030991 1.036293088572954e-19
6.416634578314149 1.036293103183846e-19
6.566248541075969 1.0362931198145522e-19
6.719350989519823 1.0362931011583959e-19
6.87602326319537 1.0362931048897368e-19
