results/limits/BECCAL_l.dat
# %ECSV 1.0
# ---
# datatype:
# - {name: mx, unit: MeV, datatype: float64}
# - {name: sigma_10, unit: cm2, datatype: float64}
# - {name: sigma_9, unit: cm2, datatype: float64}
# - {name: sigma_7, unit: cm2, datatype: float64}
# - {name: sigma_6, unit: cm2, datatype: float64}
# - {name: sigma_5, unit: cm2, datatype: float64}
# - {name: sigma_4, unit: cm2, datatype: float64}
# - {name: sigma_3, unit: cm2, datatype: float64}
# - {name: sigma_2, unit: cm2, datatype: float64}
# schema: astropy-2.0
mx sigma_10 sigma_9 sigma_7 sigma_6 sigma_5 sigma_4 sigma_3 sigma_2
[from data line 559]
0.12462225218368743 6.519174177327059e-42 3.46885706878322e-41 8.869452934650588e-36 8.464157097454419e-32 5.833928039373321e-28 1.7981492073399125e-25 4.488357583966071e-24 2.8505247525061297e-24
0.1275280166884199 6.431028198505028e-42 3.4891870501393404e-41 9.486854441966532e-36 9.068008875751436e-32 6.1605283313013485e-28 1.8418916640120108e-25 4.59309017795395e-24 2.917001005181332e-24
0.13050153367883624 6.344597903453971e-42 3.510880026198271e-41 1.0148016821706663e-35 9.714851774226405e-32 6.502388969866655e-28 1.8866161034674622e-25 4.700264504882485e-24 2.985037823833826e-24
0.1335443829110759 6.259853889664418e-42 3.533969918538171e-41 1.0856062930210065e-35 1.0407734862719831e-31 6.859979331208061e-28 1.9323460553332764e-25 4.809933013037788e-24 3.054640012212031e-24
0.13665818097578622 6.176767393313219e-42 3.5584921823423977e-41 1.1614338939587919e-35 1.1149922024038989e-31 7.2337662616267195e-28 1.9791056220318828e-25 4.922159093439418e-24 3.1258784488386843e-24
0.13984458215697693 6.095310278555041e-42 3.5844838571343e-41 1.2426430315391923e-35 1.1944906913309174e-31 7.624213015002055e-28 2.026919444297507e-25 5.036999166566062e-24 3.1987795577007166e-24
0.14310527931090045 6.015455027099599e-42 3.611983619093659e-41 1.3296178937530985e-35 1.279642893791294e-31 8.0317782105738865e-28 2.0758127484804657e-25 5.1545161496084565e-24 3.2733690036270428e-24
0.14644200476542463 5.937174728071523e-42 3.6410318349866296e-41 1.422770144621803e-35 1.3708490325078408e-31 8.456914820497842e-28 2.1258113349297756e-25 5.274770253843205e-24 3.349705700030752e-24
0.14985653124037576 5.86044306814982e-42 3.671670617744175e-41 1.522540890057619e-35 1.4685374348272713e-31 8.900069199926826e-28 2.1769416186493923e-25 5.3978294899743386e-24 3.427820825060899e-24
0.15335067278934078 5.785234321984105e-42 3.7039438837277226e-41 1.6294027843797422e-35 1.5731664787859645e-31 9.361680169058725e-28 2.2292305961977077e-25 5.523752016698149e-24 3.507758303693737e-24
0.1569262857634292 5.711523342885018e-42 3.7378974117256766e-41 1.7438622875459367e-35 1.6852266706004262e-31 9.84217816139658e-28 2.2827059384804758e-25 5.6526163581946814e-24 3.5895568920368555e-24
0.1605852697975066 5.6392855537863276e-42 3.7735789037302925e-41 1.8664620838796676e-35 1.8052428620547657e-31 1.034198444358123e-27 2.3373958818278556e-25 5.784474385414761e-24 3.6732628895697365e-24
0.16432956881942368 5.5684969384765094e-42 3.811038047551625e-41 1.9977836738428345e-35 1.933776616755066e-31 1.0861510425453724e-27 2.393329406969113e-25 5.919414324531572e-24 3.7589174427344395e-24
0.16816117208277714 5.49913403309763e-42 3.850326581333832e-41 2.13845015122974e-35 2.071428734739881e-31 1.1401157058599283e-27 2.450536073833861e-25 6.057491820948755e-24 3.8465779285682216e-24
0.172082115223751 5.4311739179098045e-42 3.891498360049372e-41 2.2891291790422795e-35 2.2188419454803713e-31 1.1961314344720631e-27 2.5090461984027283e-25 6.1987919393043815e-24 3.936280922343697e-24
0.1760944813425998 5.3645942093193834e-42 3.934609424058586e-41 2.4505361782539556e-35 2.376703779869395e-31 1.2542360949632274e-27 2.568890751609589e-25 6.343384358989168e-24 4.028067621450383e-24
0.1802004021103484 5.299373052169422e-42 3.9797180698361737e-41 2.6234377446853656e-35 2.5457496323899247e-31 1.314466393823558e-27 2.6301014323068734e-25 6.491345438345839e-24 4.121993944231589e-24
0.18440205890129596 5.235489112291217e-42 4.026884922982348e-41 2.808655310301552e-35 2.7267660252659775e-31 1.3768578631213312e-27 2.6927106865169567e-25 6.64275902660704e-24 4.218113480590701e-24
0.18870168395192646 5.172921569315609e-42 4.0761730136548853e-41 3.007069066406577e-35 2.920594087035524e-31 1.441444858679671e-27 2.7567516706980034e-25 6.797696373973853e-24 4.316471773938608e-24
0.1931015615468407 5.1116501097434023e-42 4.127647854579716e-41 3.2196221674592076e-35 3.1281332586434253e-31 1.5082605715131216e-27 2.8222583622235983e-25 6.956251405089415e-24 4.41713741546261e-24
0.1976040292323402 5.0516549202740226e-42 4.181377521821551e-41 3.4473252355707145e-35 3.350345240831255e-31 1.5773370516950394e-27 2.8892654574962196e-25 7.118495492006076e-24 4.5201221020616146e-24
0.20221147905830805 4.99291668139204e-42 4.237432738523194e-41 3.691261187178605e-35 3.5882581973013128e-31 1.6487052458107483e-27 2.9578085217484363e-25 7.284527354407397e-24 4.6255188644354914e-24
0.20692635884904578 4.9354165612112625e-42 4.2958869618524415e-41 3.9525904049248107e-35 3.842971228848696e-31 1.7223950463965536e-27 3.0279238795190315e-25 7.454424619794524e-24 4.73337748360689e-24
0.21175117350374192 4.879136209576367e-42 4.356816473428969e-41 4.232556279411171e-35 4.115659134390778e-31 1.7984353544004807e-27 3.099648742159534e-25 7.628284879500175e-24 4.843753344896704e-24
0.2166884863272632 4.824057752422301e-42 4.4203004735408883e-41 4.532491147266336e-35 4.407577475570254e-31 1.8768541529652635e-27 3.1730211559058944e-25 7.806198790815776e-24 4.956705868751778e-24
0.22174092039197504 4.770163786391795e-42 4.4864211795012345e-41 4.853822653845124e-35 4.720067962367773e-31 1.9576785926927113e-27 3.2480800385738097e-25 7.988256354693475e-24 5.0722986480063334e-24
0.22691115993131514 4.717437373711737e-42 4.555263928539207e-41 5.198080570902673e-35 5.05456417792592e-31 2.0409350874722862e-27 3.3248652350641936e-25 8.174560305235986e-24 5.190586675603085e-24
0.23220195176586036 4.665862037329245e-42 4.626917285669081e-41 5.566904101750822e-35 5.412597661555605e-31 2.12664941965691e-27 3.4034174883488046e-25 8.36520722963828e-24 5.311596332407165e-24
0.2376161067626448 4.615421756308622e-42 4.701473157031567e-41 5.962049708723672e-35 5.7958043696637615e-31 2.2148468542109255e-27 3.4837784880470562e-25 8.560297882465387e-24 5.435463569831787e-24
0.24315650132850383 4.566100961490608e-42 4.779026909257982e-41 6.385399500263551e-35 6.2059315351007825e-31 2.305552260472423e-27 3.565990891076416e-25 8.759936746042019e-24 5.562203361273261e-24
0.24882607893823822 4.517884531415547e-42 4.859677495466599e-41 6.838970217600021e-35 6.6448449461719035e-31 2.3987902405377944e-27 3.6500983357256097e-25 8.96422891194508e-24 5.6918979535217e-24
0.25462785169840935 4.47075778851251e-42 4.943527588562755e-41 7.324922863844858e-35 7.114536667280506e-31 2.4945852632798512e-27 3.736145474354959e-25 9.173283786203419e-24 5.824620046865288e-24
0.2605649019475973 4.424706495556416e-42 5.030683722579875e-41 7.845573021379357e-35 7.6171332238646805e-31 2.592961802789688e-27 3.824177998142577e-25 9.387215593682047e-24 5.9604423188296074e-24
0.26664038389397104 4.379716852395869e-42 5.121256442866443e-41 8.403401906680586e-35 8.154904274940808e-31 2.693944479961304e-27 3.9142426181575916e-25 9.606127223043728e-24 6.09941884773843e-24
0.27285752529104135 4.335775492954327e-42 5.215360465994376e-41 9.001068215235706e-35 8.730271797170579e-31 2.7975582069762506e-27 4.006387191731211e-25 9.830148541422101e-24 6.24163706230108e-24
0.2792196291524867 4.292869482507759e-42 5.313114850336484e-41 9.641420812945413e-35 9.34581980490271e-31 2.903828331944164e-27 4.100660619675552e-25 1.0059388349961168e-23 6.387202193989512e-24
0.2857300755069626 4.250986315242221e-42 5.41464317833399e-41 1.0327512334434903e-34 1.0004304631103381e-30 3.012780784811286e-27 4.197112984376848e-25 1.029397648390702e-23 6.5361091463004255e-24
0.2923923231938275 4.2101139120950076e-42 5.520073751549388e-41 1.1062613752994668e-34 1.0708665794451305e-30 3.124442221511888e-27 4.2957954816570065e-25 1.0534028560793488e-23 6.68852528411353e-24
0.2992099117007387 4.170240618883482e-42 5.629539799674034e-41 1.1850229991481177e-34 1.1462037478131838e-30 3.2388401674124836e-27 4.396760552697343e-25 1.0779685123606493e-23 6.844481185196824e-24
0.3061864630440946 4.1313552047259384e-42 5.743179704733489e-41 1.2694116648443608e-34 1.226776064598488e-30 3.356003156994925e-27 4.500061766211487e-25 1.1031057352537816e-23 7.004077793519346e-24
0.31332568369332287 4.093446860759239e-42 5.861137241806106e-41 1.3598297919027382e-34 1.3129395821640622e-30 3.475960872176019e-27 4.6057540600908735e-25 1.12883069229746e-23 7.167390497978263e-24
0.32063136654003577 4.0565051991583354e-42 5.983561837640885e-41 1.4567085795865858e-34 1.405073655606697e-30 3.59874427400559e-27 4.713893467401287e-25 1.1551532491576613e-23 7.334512620101652e-24
0.3281073929131 4.0205202524630935e-42 6.110608848628749e-41 1.5605100641231442e-34 1.5035823608566486e-30 3.72438573364126e-27 4.8245375254198515e-25 1.182091210205909e-23 7.505532863475628e-24
0.3357577346406907 3.98548247321832e-42 6.242439859646766e-41 1.6717293228207777e-34 1.6088959865613785e-30 3.852919154249444e-27 4.937744926763192e-25 1.2096560747127522e-23 7.680560728037016e-24
0.343586456160426 3.9513827339331814e-42 6.379223005356587e-41 1.790896835559335e-34 1.7214726021063062e-30 3.9843800914181596e-27 5.053575845573395e-25 1.237864150296946e-23 7.859637954829008e-24
0.3515977166787018 3.918212327366663e-42 6.521133315597004e-41 1.9185810148687104e-34 1.8417997040061833e-30 4.118805865369212e-27 5.172091795811949e-25 1.2667299991121658e-23 8.042899105109206e-24
0.359795772380376 3.8859629671461275e-42 6.668353086565163e-41 2.0553909166072983e-34 1.9703959427528197e-30 4.256235668679745e-27 5.293355710046371e-25 1.2962682330794436e-23 8.230440402474683e-24
0.368184978689974 3.854626788726472e-42 6.821072279532468e-41 2.2019791441049267e-34 2.1078129320187936e-30 4.396710668357068e-27 5.41743204576411e-25 1.3264962014054555e-23 8.422347792746682e-24
0.3767697925856183 3.8241963506977356e-42 6.979488948889355e-41 2.3590449595478927e-34 2.2546371418913348e-30 4.5402741004737975e-27 5.544386645834347e-25 1.3574275359978077e-23 8.618723649613248e-24
0.38555477496691104 3.794664636449644e-42 7.143809701358861e-41 2.5273376173612283e-34 2.4114918775431293e-30 4.686971361640646e-27 5.674287025428526e-25 1.3890815630461443e-23 8.819732075410085e-24
0.394544593078027 3.766025056201783e-42 7.314250188263294e-41 2.707659935389766e-34 2.579039344427366e-30 4.83685009116136e-27 5.807202104198574e-25 1.421471966624688e-23 9.025341079077797e-24
0.4037440229873054 3.738271449408877e-42 7.49103563277201e-41 2.9008721207995206e-34 2.7579828007185394e-30 4.989960251686343e-27 5.943202569548564e-25 1.454619010660213e-23 9.235768833516785e-24
0.4131579521246571 3.71139808755084e-42 7.674401394103253e-41 3.1078958688199545e-34 2.9490687972900998e-30 5.146354200211585e-27 6.082360595548435e-25 1.4885376376066438e-23 9.451113727244368e-24
0.42279138187813525 3.685399677318011e-42 7.86459357070096e-41 3.3297187537308306e-34 3.153089505037103e-30 5.306086757928687e-27 6.224750159786749e-25 1.5232478860356805e-23 9.671485214529954e-24
0.43264943025104924 3.660271364202337e-42 8.061869644459915e-41 3.567398932870681e-34 3.370885128793834e-30 5.4692152719459675e-27 6.3704468786650485e-25 1.5587672873102394e-23 9.897000661117939e-24
0.4427373345810337 3.636008736505886e-42 8.266499168132936e-41 3.8220701859138357e-34 3.603346406476102e-30 5.635799674498677e-27 6.519528141946368e-25 1.5951143859907492e-23 1.0127785614865863e-23
0.4530604543225162 3.612607829778616e-42 8.47876449812291e-41 4.09494731323561e-34 3.851417191376486e-30 5.805902537436408e-27 6.672073169820391e-25 1.6323093663197978e-23 1.0363977614551066e-23
0.4636242738940635 3.590065131697784e-42 8.698961574944779e-41 4.387331918868444e-34 4.11609711476347e-30 5.979589122248784e-27 6.828162987246876e-25 1.6703715194460486e-23 1.0605589080688769e-23
0.47443440559211736 3.568377587402088e-42 8.927400753739528e-41 4.700618605352395e-34 4.398444325075232e-30 6.1569274274241605e-27 6.987880512532256e-25 1.709320959688577e-23 1.0852905383557135e-23
0.48549659257266914 3.5475426052940863e-42 9.164407687337082e-41 5.036301609710381e-34 4.699578299051058e-30 6.3379882323765746e-27 7.151310600580379e-25 1.7491786070669103e-23 1.1105941405421771e-23
0.4968167119024568 3.527558063325098e-42 9.410324264501023e-41 5.39598191183937e-34 5.0206827191080765e-30 6.522845138496648e-27 7.318540067930554e-25 1.7899654493566228e-23 1.136490252469103e-23
0.5084007776813051 3.5084223157773607e-42 9.665509606147232e-41 5.7813748488141276e-34 5.363008410144938e-30 6.711574608154911e-27 7.489657759288788e-25 1.8317033171102406e-23 1.1629900966194447e-23
0.5202549442372687 3.4901342005588406e-42 9.930341122514297e-41 6.194318270958304e-34 5.7278763277356746e-30 6.904256001562087e-27 7.664754593218974e-25 1.8744148407870333e-23 1.1901058115633984e-23
0.5323855093962742 3.472693047026675e-42 1.0205215634477735e-40 6.636781278060511e-34 6.11668058836792e-30 7.100971611474406e-27 7.843923541538326e-25 1.9181208847334684e-23 1.217856950820633e-23
0.5447989178279997 3.456098684355901e-42 1.0490550562445582e-40 7.110873576810646e-34 6.530891530982834e-30 7.301806698607196e-27 8.027259860456365e-25 1.962847351494038e-23 1.2462503264804096e-23
0.557501764469769 3.440351450470685e-42 1.0786785186551126e-40 7.618855503416766e-34 6.972058797583499e-30 7.506849522619527e-27 8.214860879883649e-25 2.008615444200357e-23 1.275314232337226e-23
0.5705007980302781 3.425452201555978e-42 1.109438198217204e-40 8.163148758447506e-34 7.441814419122079e-30 7.716191376748261e-27 8.40682632980264e-25 2.0554519099367867e-23 1.3050456960399998e-23
0.5838029245750183 3.4114023221680654e-42 1.1413828035154237e-40 8.746347904242816e-34 7.941875891223365e-30 7.92992661776641e-27 8.603258121296153e-25 2.1033789417914537e-23 1.3354787907000206e-23
0.5974152111952977 3.398203735963203e-42 1.1745636541506142e-40 9.371232678761602e-34 8.474049222613341e-30 8.14815270060619e-27 8.80426070572774e-25 2.152425528926147e-23 1.3666164336545226e-23
0.6113448897628128 3.385858917064099e-42 1.2090348396753983e-40 1.0040781183503082e-33 9.040231937347785e-30 8.370970207551821e-27 9.009940738887235e-25 2.202612913131981e-23 1.3984811760201996e-23
0.6255993607717623 3.374370902084656e-42 1.244853388061323e-40 1.0758184007166198e-33 9.642416010167368e-30 8.598482885486299e-27 9.220407658628129e-25 2.2539740098765022e-23 1.431088308148049e-23
0.6401861972705483 3.3637433028340263e-42 1.2820794443135383e-40 1.1526859351015627e-33 1.0282690712463473e-29 8.830797674018147e-27 9.435773075581376e-25 2.3065285249675232e-23 1.4644560069772612e-23
0.6551131488851486 3.353980319721596e-42 1.320776459903306e-40 1.2350469226521054e-33 1.0963245344576932e-29 9.068024746552988e-27 9.656151594074547e-25 2.3603114182282764e-23 1.4986034824852573e-23
0.6703881459363026 3.3450867558852186e-42 1.361011393747103e-40 1.3232936800749803e-33 1.1686371828320748e-29 9.310277540260062e-27 9.881660172982743e-25 2.4153467315622012e-23 1.5335489446501015e-23
0.686019303652694 3.337068032065442e-42 1.4028549255235919e-40 1.417846497024007e-33 1.2454467131957477e-29 9.55767279740693e-27 1.0112418670548268e-24 2.4716657097878125e-23 1.5693025449569744e-23
0.7020149264823721 3.3299302022492226e-42 1.4463816821864229e-40 1.5191556249686963e-33 1.3270035498185213e-29 9.810330602338329e-27 1.0348549693391001e-24 2.5292986969925105e-23 1.605893470526644e-23
0.7183835125046995 3.3236799701070725e-42 1.4916704786017145e-40 1.6277034067758008e-33 1.413569044421796e-29 1.006837442159164e-26 1.0590178618098863e-24 2.5882736370027063e-23 1.6433400828777745e-23
0.7351337579451718 3.318324706248062e-42 1.5388045733142947e-40 1.7440065568744246e-33 1.5054156501708384e-29 1.0331931148681786e-26 1.0837433935528883e-24 2.648626354904384e-23 1.681656820520569e-23
0.7522745617955077 3.3138724663177276e-42 1.5878719405265192e-40 1.8686186025573327e-33 1.602827066311862e-29 1.0601131144288497e-26 1.1090446843811674e-24 2.7103829164963057e-23 1.720864955049486e-23
