results/limits/BECCAL_l.dat
# %ECSV 1.0
# ---
# datatype:
# - {name: mx, unit: MeV, datatype: float64}
# - {name: sigma_10, unit: cm2, datatype: float64}
# - {name: sigma_9, unit: cm2, datatype: float64}
# - {name: sigma_7, unit: cm2, datatype: float64}
# - {name: sigma_6, unit: cm2, datatype: float64}
# - {name: sigma_5, unit: cm2, datatype: float64}
# - {name: sigma_4, unit: cm2, datatype: float64}
# - {name: sigma_3, unit: cm2, datatype: float64}
# - {name: sigma_2, unit: cm2, datatype: float64}
# schema: astropy-2.0
mx sigma_10 sigma_9 sigma_7 sigma_6 sigma_5 sigma_4 sigma_3 sigma_2
[from data line 964]
1411.3984938541882 1.5480802066692361e-32 9.817401600026521e-29 2.6578626630065317e-24 2.658321790251285e-22 2.6587823179015073e-20 2.6544656990301956e-18 1.1953920995975952e-16 2.0234834580724277e-16
1444.3074773913293 1.6584311135804605e-32 1.0340107966523294e-28 2.719855851321896e-24 2.7203051765938064e-22 2.720796811148911e-20 2.7184165616376805e-18 1.2572865384273801e-16 2.1578579616054147e-16
1477.9837858208825 1.7766264775752622e-32 1.0885193536009362e-28 2.7832940322840457e-24 2.783733815638925e-22 2.7842589679710985e-20 2.7840259317266482e-18 1.3231520821745543e-16 2.3016408204560915e-16
1512.445310533807 1.9032211872657482e-32 1.1453217176900272e-28 2.8482109090309363e-24 2.8486414071277045e-22 2.849202671340358e-20 2.8513450776434366e-18 1.393261393070599e-16 2.455499935405765e-16
1547.71036008708 2.0388090465470312e-32 1.2044727810595925e-28 2.9146409702978864e-24 2.915062436654724e-22 2.915662603588295e-20 2.9204273733313236e-18 1.4679063421616742e-16 2.6201509075483173e-16
1583.797669930582 2.1840254631416126e-32 1.2660263373283943e-28 2.9826195087405755e-24 2.983032193998237e-22 2.9836742657143067e-20 2.9913284125626237e-18 1.5473993807466514e-16 2.796360450387085e-16
1620.7264123607779 2.339550317973235e-32 1.3300349877599713e-28 3.0521826396851772e-24 3.0525867918782313e-22 3.05327399719235e-20 3.0641061304933277e-18 1.6320750097829848e-16 2.984950046135753e-16
1658.5162067064848 2.5061110269378845e-32 1.3965500586709732e-28 3.123367320315561e-24 3.1237631851523776e-22 3.1244989962911155e-20 3.1388209330436954e-18 1.722291354267054e-16 3.1867998637068486e-16
1697.1871297521373 2.684485807306944e-32 1.4656215312412188e-28 3.196211369307744e-24 3.196599190460085e-22 3.197387340923155e-20 3.2155358346436213e-18 1.8184318500978898e-16 3.4028529571226765e-16
1736.7597264040865 2.87550716169453e-32 1.5372979847673537e-28 3.2707534869220917e-24 3.271133506325229e-22 3.2719780100394e-20 3.2943166049198323e-18 1.9209070514714813e-16 3.6341197644249376e-16
1777.255020605602 3.080065593247277e-32 1.6116265542654775e-28 3.3470332755638675e-24 3.347405733728176e-22 3.348310905585864e-20 3.375231924942532e-18 2.0301565674294972e-16 3.8816829285961005e-16
1818.6945265063737 3.2991135664709084e-32 1.6886529031752413e-28 3.425091260823071e-24 3.4254563971582283e-22 3.4264268750403205e-20 3.4583535536930198e-18 2.146651136804218e-16 4.146702463545832e-16
1861.1002598924472 3.5336697288925626e-32 1.7684212117509334e-28 3.504968913004784e-24 3.505326966157588e-22 3.506367734547229e-20 3.5437565054603904e-18 2.2708948514634815e-16 4.4304212898659833e-16
1904.4947498826687 3.784823409571489e-32 1.850974181547343e-28 3.5867086691614304e-24 3.5870598773685156e-22 3.5881762926701467e-20 3.631519238925731e-18 2.403427538468968e-16 4.734171166826214e-16
1948.9010508978479 4.053739411311223e-32 1.9363530562227162e-28 3.670353955638639e-24 3.670698557095295e-22 3.6718963747815683e-20 3.721723858745878e-18 2.544827312521189e-16 5.059379048977202e-16
1994.3427549090043 4.341663114293635e-32 2.024597658691772e-28 3.755949211146728e-24 3.7562874443932795e-22 3.7575728481110744e-20 3.8144563305063555e-18 2.6957133108791637e-16 5.407573897759464e-16
2040.8440039711966 4.649925909746323e-32 2.1157464444718134e-28 3.843539910370039e-24 3.8438720146971175e-22 3.845251647473498e-20 3.909806709974675e-18 2.8567486238155424e-16 5.780393980691622e-16
2088.4295030496014 4.979950983168741e-32 2.2098365708784683e-28 3.933172588126694e-24 3.933498804001061e-22 3.9349798016999176e-20 4.007869387651557e-18 3.028643434603098e-16 6.179594693044251e-16
2137.124533144652 5.333259467575142e-32 2.3069039815478243e-28 4.024894864091557e-24 4.025215433604088e-22 4.026805460795139e-20 4.1087433496879486e-18 3.2121583840308144e-16 6.607056939404189e-16
2186.9549647232075 5.711476988161788e-32 2.406983505592192e-28 4.11875546809561e-24 4.1190706354332354e-22 4.1207779238465877e-20 4.2125324563119394e-18 3.4081081755215047e-16 7.06479611521202e-16
2237.947271462894 6.116340620766834e-32 2.510108970540535e-28 4.214804266015108e-24 4.215114277958631e-22 4.216947667710529e-20 4.3193457389907776e-18 3.6173654380737077e-16 7.554971731225153e-16
2290.1285443169163 6.549706287459665e-32 2.6163133280744157e-28 4.313092286264353e-24 4.313397392714123e-22 4.3153663765028016e-20 4.429297717640186e-18 3.8408648654836557e-16 8.079897726933799e-16
2343.5265059068115 7.013556613566312e-32 2.7256287914484766e-28 4.41367174690606e-24 4.413972201437731e-22 4.416086971922609e-20 4.542508739286607e-18 4.0796076516243917e-16 8.64205352225233e-16
2398.169525250793 7.510009271402145e-32 2.8380869833827647e-28 4.516596083393816e-24 4.51689214384653e-22 4.519163644439083e-20 4.659105339687783e-18 4.334666242975055e-16 9.2440958603397e-16
2454.086632835509 8.041325836935341e-32 2.9537190931340015e-28 4.6219199769613205e-24 4.622211906060734e-22 4.62465188537202e-20 4.779220629524394e-18 4.607189431110568e-16 9.88887149818633e-16
2511.3075360392254 8.609921186534392e-32 3.072556041394795e-28 4.729699383673507e-24 4.72998744969239e-22 4.732608519899473e-20 4.902994706889918e-18 4.898407809487716e-16 1.057943080565969e-15
2569.8626349146184 9.218373461851958e-32 3.1946286516342227e-28 4.839991564154935e-24 4.840276041614225e-22 4.8430917410266903e-20 5.030575097929171e-18 5.209639620606003e-16 1.131904233804611e-15
2629.783038339575 9.869434631752408e-32 3.319967826479727e-28 4.952855114011382e-24 4.953136284424629e-22 4.9561611445525567e-20 5.1621172276074445e-18 5.542297021488413e-16 1.2111208451782115e-15
2691.100580544569 1.056604168098918e-31 3.4486047277480355e-28 5.0683499949605904e-24 5.068628147625207e-22 5.0718777650713794e-20 5.297784922733473e-18 5.89789279742784e-16 1.295968203805853e-15
2753.8478380254037 1.1311328456066341e-31 3.580570958761064e-28 5.186537566688929e-24 5.186812999527639e-22 5.1903041130501076e-20 5.437750949510758e-18 6.278047556088813e-16 1.3868484454326957e-15
2818.0581468502987 1.2108638199358897e-31 3.7158987476290876e-28 5.3074806194507136e-24 5.307753639907023e-22 5.3115042130227725e-20 5.582197588053674e-18 6.684497436351257e-16 1.484192473946806e-15
2883.7656203705187 1.2961536803100395e-31 3.854621130247052e-28 5.4312434074276495e-24 5.431514333419304e-22 5.435543642946386e-20 5.731317246478678e-18 7.119102368744798e-16 1.588462020452068e-15
2951.0051673439552 1.3873826815254915e-31 3.996772131827456e-28 5.557891682866022e-24 5.558160843800762e-22 5.562489574764789e-20 5.885313117366959e-18 7.583854926960103e-16 1.7001518497449988e-15
3019.812510481288 1.4849562229548292e-31 4.14238694588355e-28 5.6874927310098224e-24 5.687760468868069e-22 5.692410816229322e-20 6.044399879594146e-18 8.080889812750484e-16 1.819792124748351e-15
3090.2242054245785 1.5893064092017993e-31 4.291502109676389e-28 5.820115405848372e-24 5.82038207633774e-22 5.825377854027951e-20 6.208804448736676e-18 8.61249401956606e-16 1.9479509402098597e-15
3162.2776601683795 1.7008936956323156e-31 4.444155675246722e-28 5.955830166697404e-24 5.956096140484313e-22 5.96146289827719e-20 6.378766779493057e-18 9.181117723508981e-16 2.085237037784103e-15
