results/limits/BECCAL_l.dat
# %ECSV 1.0
# ---
# datatype:
# - {name: mx, unit: MeV, datatype: float64}
# - {name: sigma_10, unit: cm2, datatype: float64}
# - {name: sigma_9, unit: cm2, datatype: float64}
# - {name: sigma_7, unit: cm2, datatype: float64}
# - {name: sigma_6, unit: cm2, datatype: float64}
# - {name: sigma_5, unit: cm2, datatype: float64}
# - {name: sigma_4, unit: cm2, datatype: float64}
# - {name: sigma_3, unit: cm2, datatype: float64}
# - {name: sigma_2, unit: cm2, datatype: float64}
# schema: astropy-2.0
mx sigma_10 sigma_9 sigma_7 sigma_6 sigma_5 sigma_4 sigma_3 sigma_2
[from data line 319]
0.0004933932380508582 4.9903805584480315e-40 7.029054207178556e-40 3.497725784932546e-39 8.554750539468558e-38 3.600922392378098e-35 2.286285771789962e-31 3.1573170304331157e-28 7.4839925775800705e-28
0.0005048974801334842 4.8908728839354356e-40 6.897097862039533e-40 3.478021931040917e-39 8.76479754536945e-38 3.8059859653896454e-35 2.4489356244656877e-31 3.3805004678185507e-28 7.994782506897768e-28
0.0005166699617777604 4.793390021561613e-40 6.76773274185187e-40 3.459151313470867e-39 8.981899998218971e-38 4.024185896999162e-35 2.6231959353714067e-31 3.619321139947972e-28 8.539245725694959e-28
0.0005287169374124361 4.697890210038128e-40 6.6409068472157855e-40 3.441112602264204e-39 9.206302660597888e-38 4.256416851280526e-35 2.8098965495128513e-31 3.8748579594941274e-28 9.119502411274588e-28
0.0005410448072981404 4.6043325582963024e-40 6.516569240104069e-40 3.423904938557731e-39 9.438261790681473e-38 4.5036361561208283e-35 3.0099266355832808e-31 4.148262273753432e-28 9.737776043966856e-28
0.0005536601209276797 4.512677027206152e-40 6.394670021945987e-40 3.407527941920308e-39 9.678045825305999e-38 4.766868236258947e-35 3.22423892461981e-31 4.440762202190767e-28 1.0396286386221362e-27
0.0005665695805056229 4.422884411681532e-40 6.275160312168274e-40 3.391981718177732e-39 9.92593609887165e-38 5.047209361280636e-35 3.453854251230037e-31 4.753668351269644e-28 1.1097625195999927e-27
0.0005797800445090163 4.334916323163926e-40 6.157992227183837e-40 3.377266867737913e-39 1.0182227599738267e-37 5.345832731125301e-35 3.6998664186842447e-31 5.088378062771222e-28 1.1844315249465674e-27
0.0005932985313311235 4.2487351724764555e-40 6.043118859818173e-40 3.3633844944290975e-39 1.04472297659759e-37 5.663993923288543e-35 3.963447411179639e-31 5.446381091588354e-28 1.2638956307276486e-27
0.000607132223010125 4.164304153040355e-40 5.9304942591652705e-40 3.350336214864755e-39 1.0721267322563191e-37 6.003036727648391e-35 4.245852977936814e-31 5.829266233529421e-28 1.348459069543822e-27
0.0006212884690447563 4.0815872244463215e-40 5.820073410862804e-40 3.338124168347481e-39 1.10046811623775e-37 6.364399396713536e-35 4.548428615354163e-31 6.238726289810994e-28 1.4384180376390047e-27
0.0006357747902989163 4.000549096372967e-40 5.711812217778646e-40 3.326751027326688e-39 1.1297829273595543e-37 6.749621341091728e-35 4.872615975794943e-31 6.676564363082739e-28 1.5340613808344578e-27
0.0006505988829973161 3.921155212845012e-40 5.605667481099849e-40 3.316220008422399e-39 1.160108771641725e-37 7.16035030212138e-35 5.219959733416803e-31 7.1447024151887445e-28 1.6357493184318384e-27
0.0006657686228142928 3.843371736824826e-40 5.501596881815955e-40 3.3065348840294036e-39 1.1914851652336842e-37 7.598350035902642e-35 5.59211493905301e-31 7.645186654034576e-28 1.7438326929758413e-27
0.0006812920690579615 3.767165535128161e-40 5.399558962587157e-40 3.297699994515709e-39 1.2239536429518116e-37 8.065508545422993e-35 5.990854899282927e-31 8.180194100694502e-28 1.8586197408716012e-27
0.0006971774689519261 3.692504163660085e-40 5.299513109990928e-40 3.2897202610280327e-39 1.2575578728175356e-37 8.563846900101319e-35 6.418079617242781e-31 8.752044063121873e-28 1.980537485810267e-27
0.0007134332620168255 3.6193558529614147e-40 5.201419537138041e-40 3.282601198918857e-39 1.2923437770224437e-37 9.095528684892225e-35 6.875824834076933e-31 9.363203350398545e-28 2.1099898864872692e-27
0.0007300680845540431 3.547689494061373e-40 5.105239266650524e-40 3.2763489318078863e-39 1.328359659784603e-37 9.66287012410715e-35 7.366271714436825e-31 1.0016293891308909e-27 2.247323021102234e-27
0.0007470907742339592 3.477474624628487e-40 5.01093411399396e-40 3.270970206291089e-39 1.365656342599289e-37 1.0268350928338159e-34 7.891757222008378e-31 1.0714106154383003e-27 2.3930191167961106e-27
0.0007645103747911887 3.4086814154140288e-40 4.918466671157028e-40 3.266472407310374e-39 1.4042873074280997e-37 1.0914625916326965e-34 8.454785232842906e-31 1.1459605314656902e-27 2.5475415774908172e-27
0.0007823361408292924 3.341280656981669e-40 4.827800290670195e-40 3.2628635741960735e-39 1.4443088484123188e-37 1.1604537467325203e-34 9.058038439606093e-31 1.2255939193414085e-27 2.711267015818776e-27
0.00080057754273752 3.2752437467173802e-40 4.7388990699574524e-40 3.260152417394747e-39 1.4857802327402766e-37 1.2341128863456323e-34 9.70439110340038e-31 1.3106455029758697e-27 2.8847603007350054e-27
0.0008192442717221943 3.2105426761132254e-40 4.651727836013136e-40 3.2583483358929426e-39 1.5287638713438826e-37 1.312765858583761e-34 1.0396922711275982e-30 1.4014703812681522e-27 3.0684940100489994e-27
0.0008383462449554094 3.147150018319754e-40 4.56625213039802e-40 3.257461435348137e-39 1.5733255001470272e-37 1.3967615632769398e-34 1.1138932605468675e-30 1.4984453544563121e-27 3.262958031555437e-27
0.0008578936108437789 3.085038915960933e-40 4.48243819454701e-40 3.2575025469367525e-39 1.6195343726383388e-37 1.4864735933173235e-34 1.193395565234474e-30 1.6019703131145184e-27 3.4687394835113706e-27
0.0008778967544200344 3.024183069206292e-40 4.400252955382827e-40 3.258483246927923e-39 1.667463464592925e-37 1.5823019933682384e-34 1.2785779023853269e-30 1.7124689065172785e-27 3.686319729725384e-27
0.000898366302860337 2.964556724094486e-40 4.3196640112283e-40 3.2604158769912565e-39 1.7171896918233912e-37 1.6846751443383154e-34 1.3698460171859302e-30 1.8303904221108768e-27 3.916329048837856e-27
0.0009193131311302326 2.906134661103407e-40 4.240639618012018e-40 3.263313565245196e-39 1.7687941418984421e-37 1.794051782620083e-34 1.4676346077394004e-30 1.9562104843005272e-27 4.15932017746271e-27
0.0009407483677622533 2.848892183961072e-40 4.163148675760328e-40 3.267190248051611e-39 1.822362320830399e-37 1.910923163734992e-34 1.5724093866748063e-30 2.0904326860164727e-27 4.415892704180107e-27
0.000962683400768232 2.7928051086928346e-40 4.087160715370551e-40 3.272060692560564e-39 1.8779844157989014e-37 2.0358153807151626e-34 1.6846692889583247e-30 2.2335898541003866e-27 4.686664890324274e-27
0.000985129883689471 2.7378497528989612e-40 4.012645885658337e-40 3.2779405200077736e-39 1.9357555750494747e-37 2.169291848290371e-34 1.804948836255137e-30 2.3862454365414457e-27 4.972274158246902e-27
0.0010080997417879817 2.684002925258984e-40 3.939574940675106e-40 3.284846229765703e-39 1.995776206182864e-37 2.3119559647393878e-34 1.9338206688537445e-30 2.5489948878829406e-27 5.273372375382919e-27
0.0010316051783820807 2.6312419152567396e-40 3.867919227287848e-40 3.2927952241468776e-39 2.0581522941322494e-37 2.4644539641124252e-34 2.0718982569389147e-30 2.7224670112144802e-27 5.590582428462839e-27
0.0010556586813297128 2.5795444831220483e-40 3.797650673017962e-40 3.30180583395691e-39 2.1229957402147546e-37 2.6274779724400737e-34 2.2198388038566423e-30 2.9073256397677608e-27 5.92460590241251e-27
0.0010802730296629402 2.5288888499847316e-40 3.7287417741318176e-40 3.311897344791848e-39 2.1904247237389416e-37 2.8017692825173475e-34 2.3783463548122013e-30 3.1042711751948522e-27 6.276203646465281e-27
0.001105461300377127 2.4792536882356188e-40 3.6611655839791857e-40 3.3230900240726034e-39 2.260564087753008e-37 2.9881218628951426e-34 2.5481751253043313e-30 3.314040810603199e-27 6.645801845215761e-27
0.0011312368753784248 2.430618112090953e-40 3.594895701573496e-40 3.335405148806934e-39 2.333545750629239e-37 3.187386117829738e-34 2.7301330652097815e-30 3.5374127242963386e-27 7.034415687477148e-27
0.0011576134485932472 2.3829616683553346e-40 3.529906260409228e-40 3.3488650340671974e-39 2.4095091453000606e-37 3.400472916139043e-34 2.925085674114116e-30 3.7752048707872e-27 7.44267753351273e-27
0.0011846050332435167 2.336264327379531e-40 3.46617191751145e-40 3.363493062169206e-39 2.488601688090114e-37 3.628357908199074e-34 3.1339600862751403e-30 4.028276657360272e-27 7.871010038656818e-27
0.0012122259692915415 2.290506474208352e-40 3.4036678427126532e-40 3.379313712535815e-39 2.5709792792275725e-37 3.87208615169029e-34 3.35774944404748e-30 4.297533348240201e-27 8.320538573792479e-27
0.0012404909310584848 2.2456688999151894e-40 3.342369708151862e-40 3.396352592225765e-39 2.6568068372678005e-37 4.132777068178253e-34 3.59751757901197e-30 4.583924204644326e-27 8.7919706388568e-27
0.0012694149350204683 2.2017327931188712e-40 3.2822536779920327e-40 3.414636467106308e-39 2.7462588698231925e-37 4.411629754193949e-34 3.8544040231278814e-30 4.888443034585622e-27 9.285463592727476e-27
0.0012990133477864558 2.158679731679213e-40 3.223296398350306e-40 3.434193293645861e-39 2.839520083166649e-37 4.709928672172621e-34 4.129629373297959e-30 5.212135209252263e-27 9.802358578238779e-27
0.0013293018942621524 2.116491674567234e-40 3.165474987437525e-40 3.4550522513007756e-39 2.936786033462047e-37 5.029049748424775e-34 4.4245010321624754e-30 5.5560938499575325e-27 1.0343499712290467e-26
0.001360296666004259 2.0751509539066076e-40 3.1087670259020163e-40 3.4772437754683367e-39 3.0382638225753163e-37 5.370466907258258e-34 4.740419352618599e-30 5.921458617787824e-27 1.0908672204325898e-26
0.001392014129769518 2.034640267182438e-40 3.0531505473735883e-40 3.500799590976743e-39 3.14417284163458e-37 5.735759072453768e-34 5.0788842150035836e-30 6.3094261983856646e-27 1.1499406874970665e-26
0.0014244711362630968 1.9949426696140463e-40 2.9986040292039115e-40 3.525752746081922e-39 3.2547455657383047e-37 6.126617669529333e-34 5.441502063904973e-30 6.721243870064768e-27 1.2116596757468903e-26
0.0014576849290909482 1.9560415666883387e-40 2.9451063833984875e-40 3.552137646939597e-39 3.3702284034581723e-37 6.544854664622056e-34 5.829993438635558e-30 7.158207834995192e-27 1.2759975147361861e-26
0.0014916731539209149 1.917920706849935e-40 2.892636947736801e-40 3.579990092521947e-39 3.4908826050484907e-37 6.992411178379427e-34 6.246201032250446e-30 7.621673823983762e-27 1.3430942068410292e-26
0.0015264538678574353 1.8805641743453368e-40 2.8411754770764714e-40 3.6093473099479574e-39 3.6169852335589357e-37 7.471366715999022e-34 6.692098312418768e-30 8.113051326780008e-27 1.4130536520151197e-26
0.0015620455490348386 1.8439563822173738e-40 2.790702134837782e-40 3.640247990199635e-39 3.7488302033520685e-37 7.983949057499749e-34 7.169798744570776e-30 8.633798254369417e-27 1.4858160763806267e-26
0.0015984671064343198 1.8080820654470449e-40 2.741197484664274e-40 3.672732324196344e-39 3.886729390854637e-37 8.532544855461499e-34 7.681565660929113e-30 9.185436439381358e-27 1.5615596500834265e-26
0.0016357378899298156 1.772926274239477e-40 2.692642482256729e-40 3.706842039206153e-39 4.031013822721667e-37 9.119710990849774e-34 8.229822814057962e-30 9.769538163203505e-27 1.640327511734339e-26
0.0016738777005681136 1.7384743674511865e-40 2.6450184673756537e-40 3.7426204355759434e-39 4.182034946967287e-37 9.748186741162803e-34 8.817165666707193e-30 1.0387728382462491e-26 1.722124968228382e-26
0.0017129068010886602 1.7047120061551416e-40 2.5983071560102112e-40 3.7801124237699216e-39 4.340165993019384e-37 1.0420906819019313e-33 9.446373467095557e-30 1.1041693074452588e-26 1.8071075381392979e-26
0.0017528459266886532 1.6716251473414547e-40 2.5524906327085827e-40 3.8193645617136424e-39 4.5058034270839905e-37 1.1141015343462175e-33 1.0120422159357437e-29 1.1733162790192963e-26 1.895220068792445e-26
0.00179371629603914 1.6392000377500268e-40 2.50755134306782e-40 3.8604250924515003e-39 4.679368509667539e-37 1.1911880810708097e-33 1.0842498192772828e-29 1.2463930161595616e-26 1.9866226701232366e-26
0.0018355396225579732 1.607423207833191e-40 2.463472086378897e-40 3.903343982137156e-39 4.861308962597395e-37 1.2737112135846475e-33 1.1616013282204216e-29 1.323583195246116e-26 2.0813103903757675e-26
0.0018783381259456144 1.5762814658447596e-40 2.4202360084242734e-40 3.948172958391415e-39 5.0521007534094445e-37 1.3620575842105377e-33 1.2444620191508028e-29 1.405075827414756e-26 2.1793535202242144e-26
0.0019221345439899109 1.5457618920535197e-40 2.3778265944243447e-40 3.994965549078805e-39 5.252250005536437e-37 1.45664144797819e-33 1.333222960342551e-29 1.491064628122568e-26 2.2808042838590296e-26
0.001966952144646121 1.5158518330780892e-40 2.3362276621303484e-40 4.043777121573177e-39 5.462295043334584e-37 1.557906636280638e-33 1.4283028151391504e-29 1.581747935445225e-26 2.385720003609713e-26
0.0020128147383986056 1.4865388963407846e-40 2.2954233550597444e-40 4.094664922605728e-39 5.682808581633283e-37 1.6663286717200694e-33 1.5301497689829707e-29 1.677328365240644e-26 2.4941252612599263e-26
0.002059746690910748 1.4578109446378433e-40 2.2553981358722533e-40 4.147688118813303e-39 5.914400070183347e-37 1.7824170342431673e-33 1.639243588589205e-29 1.7780125974347785e-26 2.6060803508657014e-26
0.0021077729359698315 1.4296560908237328e-40 2.2161367798827028e-40 4.202907838133127e-39 6.157718204119548e-37 1.9067175893883912e-33 1.7560978219860143e-29 1.8840110049777875e-26 2.721675041121025e-26
0.0021569189887337423 1.4020626926069542e-40 2.177624368707988e-40 4.2603872122217336e-39 6.41345361234295e-37 2.0398151902413666e-33 1.8812621488867795e-29 1.9955382269460503e-26 2.8408413618682675e-26
0.002207210959286545 1.3750193474551036e-40 2.1398462840460116e-40 4.320191420109925e-39 6.682341736574823e-37 2.1823364655237013e-33 2.0153248905032724e-29 2.1128092862521242e-26 2.9637424714099703e-26
0.0022586755665101248 1.348514887606734e-40 2.102788201583148e-40 4.3823877333427856e-39 6.965165914737697e-37 2.3349528071291906e-33 2.1589156913331398e-29 2.236045647195872e-26 3.0903384919497846e-26
0.0023113401522792685 1.3225383751879806e-40 2.066436085027679e-40 4.447045562895089e-39 7.262760683283942e-37 2.4983835713725694e-33 2.3127083808941555e-29 2.3654690171345942e-26 3.220707506164132e-26
0.0023652326959877285 1.297079097431563e-40 2.030776180267049e-40 4.514236508194884e-39 7.576015314127142e-37 2.6733995092365222e-33 2.4774240296689217e-29 2.5013007109635513e-26 3.354893061107286e-26
0.0024203818294129824 1.2721265619960371e-40 1.9957950096460943e-40 4.584034408634363e-39 7.905877602933519e-37 2.8608264419948927e-33 2.6538342121518666e-29 2.643768115494693e-26 3.492881956158983e-26
0.0024768168519275916 1.2476704923832101e-40 1.9614793663633664e-40 4.656515397996724e-39 8.25335792671174e-37 3.0615491997604632e-33 2.8427644869737864e-29 2.7930973558610386e-26 3.6348256938108255e-26
0.002534567746065232 1.2237008234517518e-40 1.9278163089835813e-40 4.73175796227601e-39 8.619533589900358e-37 3.276515841760369e-33 3.0450981107963394e-29 2.9495105095472465e-26 3.780576494188932e-26
0.0025936651934496745 1.2002076970246923e-40 1.8947931560639883e-40 4.8098430014212795e-39 9.005553479499862e-37 3.506742178485966e-33 3.261780002635974e-29 3.113237168045568e-26 3.930364825926598e-26
0.0026541405910951734 1.1771814575889533e-40 1.862397480891725e-40 4.890853895588495e-39 9.412643051238368e-37 3.753316617302814e-33 3.493820968095052e-29 3.2845034445768884e-26 4.0841271221754906e-26
0.0027160260680869266 1.1546126480853566e-40 1.8306171063300107e-40 4.974876576537403e-39 9.842109670299852e-37 4.0174053546498175e-33 3.742302204776712e-29 3.463528424744733e-26 4.2418859080515376e-26
0.0027793545026504624 1.132492005786305e-40 1.7994400997713965e-40 5.061999604864596e-39 1.0295348331792007e-36 4.3002579396088854e-33 4.0083801084763995e-29 3.650537970701466e-26 4.403738596622381e-26
0.002844159539619031 1.1108104582604177e-40 1.7688547681951956e-40 5.1523142538161556e-39 1.0773847787891522e-36 4.603213235395722e-33 4.2932913909131577e-29 3.8457538857513565e-26 4.5697013374643606e-26
0.0029104756083082714 1.0895591194211492e-40 1.738849653327574e-40 5.2459146004744366e-39 1.1279197110490561e-36 4.92770580722014e-33 4.5983585334725943e-29 4.04938867246982e-26 4.739806744089576e-26
