results/limits/BECCAL_l_N2only.dat
# %ECSV 1.0
# ---
# datatype:
# - {name: mx, unit: MeV, datatype: float64}
# - {name: sigma_10, unit: cm2, datatype: float64}
# - {name: sigma_9, unit: cm2, datatype: float64}
# - {name: sigma_7, unit: cm2, datatype: float64}
# - {name: sigma_6, unit: cm2, datatype: float64}
# - {name: sigma_5, unit: cm2, datatype: float64}
# - {name: sigma_4, unit: cm2, datatype: float64}
# - {name: sigma_3, unit: cm2, datatype: float64}
# - {name: sigma_2, unit: cm2, datatype: float64}
# schema: astropy-2.0
mx sigma_10 sigma_9 sigma_7 sigma_6 sigma_5 sigma_4 sigma_3 sigma_2
[from data line 722]
6.050367879391224 1.193361087349452e-41 1.1435229337708856e-38 9.726076549046942e-31 9.725861903614591e-27 9.722589173955269e-23 9.40364840363311e-19 1.335160108906729e-15 3.3301252458831767e-15
6.162966255132942 1.221416639469397e-41 1.2023850864450744e-38 1.0279249566715018e-30 1.0279029674672113e-26 1.0275570874951838e-22 9.938490039263347e-19 1.4110986367879941e-15 3.5195293534098082e-15
6.2776601058065 1.250347684081849e-41 1.2644584778240998e-38 1.0863884706127008e-30 1.086365939862801e-26 1.0860003947226945e-22 1.0503751312349993e-18 1.4913562421928512e-15 3.7197060034984054e-15
6.3944884285569366 1.2801854250001509e-41 1.3299231343102247e-38 1.1481771403577208e-30 1.1481540504584375e-26 1.147767721806688e-22 1.1101162369316477e-18 1.5761785768500756e-15 3.931267894969315e-15
6.513490946272796 1.31096243212376e-41 1.398969282633852e-38 1.2134800871241719e-30 1.2134564197160935e-26 1.2130481256047168e-22 1.1732551760344344e-18 1.6658252641690914e-15 4.154862574483324e-15
6.634708121092351 1.3427127074716733e-41 1.4717979292896493e-38 1.2824971885779763e-30 1.2824729245076446e-26 1.282041415766719e-22 1.2399852036182637e-18 1.7605706938928885e-15 4.391174418546478e-15
6.75818116816111 1.3754717544378454e-41 1.548621472896732e-38 1.3554396906167015e-30 1.3554148098961046e-26 1.3549587663105045e-22 1.3105105663280912e-18 1.8607048619475354e-15 4.640926728243163e-15
6.883952069645496 1.4092766504462722e-41 1.6296643513552849e-38 1.432530853948727e-30 1.4325053357125775e-26 1.432023361981255e-22 1.385047127535186e-18 1.966534258059072e-15 4.904883943109497e-15
7.012063589007177 1.444166123195105e-41 1.7151637257783278e-38 1.514006637447163e-30 1.5139804599078344e-26 1.5134710813732824e-22 1.4638230280496965e-18 2.078382803854355e-15 5.183853980922588e-15
7.142559285543119 1.4801806306915148e-41 1.8053702032901904e-38 1.6001164203702184e-30 1.6000895607702023e-26 1.5995512189050302e-22 1.5470793844119115e-18 2.1965928443173517e-15 5.478690710567761e-15
7.275483529196233 1.5173624452918674e-41 1.9005486009021352e-38 1.6911237656585525e-30 1.691096200220311e-26 1.6905272478571123e-22 1.6350710268995334e-18 2.32152619563549e-15 5.7902965655524914e-15
7.41088151564157 1.555755741975219e-41 2.000978752801295e-38 1.787307226645853e-30 1.7872789305189084e-26 1.7866776268088255e-22 1.7280672795097574e-18 2.4535652526432057e-15 6.1196253061663116e-15
7.548799281653431 1.595406691092384e-41 2.1069563635223076e-38 1.888961199651971e-30 1.8889321468570793e-26 1.8882966519416302e-22 1.8263527843037206e-18 2.5931141592525583e-15 6.4676849387416084e-15
7.689283720758305 1.6363635558474218e-41 2.2187939096110457e-38 1.9963968250679977e-30 1.996366988438251e-26 1.9956953578181147e-22 1.9302283726362127e-18 2.740600045453098e-15 6.835540800949852e-15
7.832382599179204 1.6786767947840045e-41 2.3368215925387835e-38 2.1099429396915062e-30 2.109912290810169e-26 2.1092024693936955e-22 2.040011985937505e-18 2.8964743346673586e-15 7.224318822577259e-15
7.978144572076629 1.7223991695652175e-41 2.461388345781701e-38 2.2299470832267002e-30 2.2299155923616353e-26 2.2291654081748436e-22 2.1560396488654575e-18 3.061214125463406e-15 7.635208971759987e-15
8.126619200091946 1.7675858583523876e-41 2.5928628991468173e-38 2.356776562030375e-30 2.3567441980648177e-26 2.35595135560366e-22 2.278666497806724e-18 3.2353236518537604e-15 8.069468897227752e-15
8.277856966198472 1.8142945751061713e-41 2.731634903600194e-38 2.490819573359309e-30 2.4907863037188172e-26 2.489948376923349e-22 2.4082678678748386e-18 3.41933582665009e-15 8.528427777703127e-15
8.431909292866251 1.8625856951519397e-41 2.878116120039049e-38 2.6324863935604138e-30 2.632452184135768e-26 2.6315666089647127e-22 2.5452404417324436e-18 3.613813872597789e-15 9.01349039023944e-15
8.588828559546258 1.9125223873709397e-41 3.032741675644755e-38 2.782210633840315e-30 2.7821754489061556e-26 2.781239515489126e-22 2.690003463753879e-18 3.8193530462829074e-15 9.52614140994924e-15
8.748668120479914 1.9641707533993372e-41 3.1959713916606865e-38 2.940450567458003e-30 2.940414369586922e-26 2.93942521393033e-22 2.843000023244398e-18 4.036582460087869e-15 1.0067949954283868e-14
8.911482322840202 2.017599974238956e-41 3.3682911866578027e-38 3.1076905324029858e-30 3.1076532823748707e-26 3.1066078775960692e-22 3.0046984106438566e-18 4.266167007772889e-15 1.0640574385773752e-14
9.077326525210223 2.0728824647061553e-41 3.5502145595813385e-38 3.2844424138519724e-30 3.284404070558293e-26 3.2832992176211605e-22 3.1755935508656537e-18 4.508809399576517e-15 1.1245767387928757e-14
9.246257116405733 2.130094036169498e-41 3.7422841571168173e-38 3.4712472109418025e-30 3.47120773128458e-26 3.4700400492082e-22 3.3562085181583135e-18 4.7652523130645844e-15 1.1885381329835575e-14
9.41833153464796 2.189314068052079e-41 3.9450734301713035e-38 3.668676692654098e-30 3.668636031439235e-26 3.6674019469496723e-22 3.547096137126256e-18 5.0362806663107726e-15 1.2561373935871775e-14
9.593608287093147 2.2506256886012001e-41 4.1591883845386274e-38 3.877335147879862e-30 3.8772932577045336e-26 3.8759889942980425e-22 3.748840674810113e-18 5.322724020366428e-15 1.3275814277889946e-14
9.772146969725725 2.314115965456415e-41 4.3852694311059824e-38 4.0978612350209205e-30 4.097818066154686e-26 4.0964396325388864e-22 3.9620596290059495e-18 5.625459118373432e-15 1.4030889108213994e-14
9.954008287621518 2.3798761065767026e-41 4.6239933412632207e-38 4.330929936789001e-30 4.3308854370482793e-26 4.32942861492591e-22 4.187405618296663e-18 5.9454125690913e-15 1.4828909552829926e-14
10.139254075588143 2.4480016721193593e-41 4.876075313498991e-38 4.577254626186044e-30 4.577208740801567e-26 4.575669071959444e-22 4.425568379580864e-18 6.283563683052684e-15 1.5672318185258727e-14
10.327947319189525 2.518592797896569e-41 5.142271157507643e-38 4.8375892499891414e-30 4.837541921466e-26 4.835914694129628e-22 4.67727687921317e-18 6.640947470027884e-15 1.6563696502762655e-14
10.520152176161591 2.5917544310710353e-41 5.423379602490561e-38 5.112730636423135e-30 5.112681804393017e-26 5.110962038805116e-22 4.943301544217478e-18 7.018657806972962e-15 1.7505772827767595e-14
10.715933998226712 2.6675965787897487e-41 5.720244736716145e-38 5.403520934084649e-30 5.40347053514979e-26 5.40165296832858e-22 5.224456620403001e-18 7.417850786158327e-15 1.8501430658687403e-14
10.91535935331391 2.7462345704945237e-41 6.033758585803652e-38 5.710850189582013e-30 5.710798157150409e-26 5.708877226781042e-22 5.521602664600089e-18 7.839748253725015e-15 1.9553717495708523e-14
11.118496048192698 2.8277893346902025e-41 6.364863837621259e-38 6.035659071781056e-30 6.035605335892443e-26 6.033575163302192e-22 5.8356491786445785e-18 8.285641549499964e-15 2.0665854168550208e-14
11.325413151528126 2.912387690996032e-41 6.714556722137414e-38 6.378941750995082e-30 6.378886238137174e-26 6.376740610302364e-22 6.167557393172576e-18 8.756895459516959e-15 2.1841244694750132e-14
11.536181017364784 3.000162658352877e-41 7.083890055038228e-38 6.741748941931335e-30 6.741691574845748e-26 6.739423925375299e-22 6.518343209746002e-18 9.254952393340758e-15 2.3083486698648957e-14
11.750871309048076 3.091253780309213e-41 7.473976454426025e-38 7.125191119708412e-30 7.125131817185687e-26 7.122735206223083e-22 6.889080310314874e-18 9.781336798981113e-15 2.4396382422966092e-14
11.969557023590427 3.185807468361612e-41 7.885991740442351e-38 7.530441918787392e-30 7.530380595450518e-26 7.527847688432671e-22 7.280903443532808e-18 1.0337659828908786e-14 2.5783950366668128e-14
12.192312516491095 3.283977364381821e-41 8.321178528220021e-38 7.958741725220665e-30 7.958678291296452e-26 7.956001336504483e-22 7.695011897985161e-18 1.0925624271456076e-14 2.725043758475313e-14
12.419213527017845 3.385924723221856e-41 8.780850025159677e-38 8.411401473213385e-30 8.411335834291e-26 8.408506639124157e-22 8.132673172960361e-18 1.154702976269544e-14 2.8800332687596975e-14
12.650337203959038 3.4918188166515303e-41 9.266394044151668e-38 8.889806657617856e-30 8.889738714393719e-26 8.886748620293912e-22 8.595226857999678e-18 1.2203778294748547e-14 3.043837957964948e-14
12.88576213185518 3.601837359849619e-41 9.779277245025957e-38 9.395421574642846e-30 9.395351222651269e-26 9.392191078601363e-22 9.08408873310069e-18 1.2897880037386369e-14 3.216959197953371e-14
13.125568357718427 3.716166961740037e-41 1.0321049617209484e-37 9.929793803756891e-30 9.929720933085519e-26 9.926381067600324e-22 9.600755102123256e-18 1.3631459490737763e-14 3.399926876598851e-14
13.369837418249451 3.835003600539449e-41 1.0893349217310493e-37 1.0494558944504551e-29 1.0494483439493767e-25 1.0490953631018042e-21 1.0146807372662496e-17 1.4406761987939754e-14 3.593301019662724e-14
13.618652367560827 3.958553125961393e-41 1.1497907176128428e-37 1.1091445622733466e-29 1.1091367361658894e-25 1.108763680728165e-21 1.0723916896406351e-17 1.5226160567632187e-14 3.797673504915405e-14
13.87209780541621 4.0870317896056423e-41 1.2136552990412667e-37 1.1722280781555385e-29 1.1722199636292523e-25 1.1718256918681928e-21 1.1333850084793048e-17 1.6092163237332002e-14 4.013669873750262e-14
14.130259905995336 4.220666805149906e-41 1.2811220115566094e-37 1.2388995273236147e-29 1.2388911108906083e-25 1.238474416136383e-21 1.197847381562705e-17 1.700742064991961e-14 4.2419512458349924e-14
14.393226447194065 4.3596969400542204e-41 1.3523951876408274e-37 1.309362976912938e-29 1.3093542443724545e-25 1.3089138513252538e-21 1.265976114720098e-17 1.797473421673223e-14 4.483216342660441e-14
14.66108684046983 4.504373140587329e-41 1.4276907714088791e-37 1.3838341005743638e-29 1.3838250369732425e-25 1.383359597799895e-21 1.3379797357414058e-17 1.899706468209756e-14 4.738203626180832e-14
14.933932161242533 4.654959192088698e-41 1.5072369788268772e-37 1.4625408386060608e-29 1.4625314281969793e-25 1.4620395184055569e-21 1.4140786326371264e-17 2.007754118555247e-14 5.0076935590912495e-14
15.211855179861049 4.811732416490178e-41 1.591274995477607e-37 1.5457240956309526e-29 1.5457143218282976e-25 1.5451944359080833e-21 1.4945057281998742e-17 2.1219470839483622e-14 5.292510993660447e-14
15.494950393146317 4.974984409238198e-41 1.680059714008997e-37 1.6336384779552933e-29 1.633628323288557e-25 1.6330788701020343e-21 1.5795071929323204e-17 2.2426348851506817e-14 5.59352769643113e-14
15.783314056521165 5.145021817880338e-41 1.773860513522355e-37 1.7265530728651778e-29 1.7265425189297078e-25 1.7259618168424655e-21 1.6693431985235547e-17 2.370186922256545e-14 5.911665016514744e-14
16.07704421673822 5.322167164710842e-41 1.8729620832857758e-37 1.8247522722463028e-29 1.8247412996512893e-25 1.8241275713849296e-21 1.764288714180149e-17 2.5049936053494005e-14 6.247896705648238e-14
16.37624074521689 5.506759716007186e-41 1.9776652932936685e-37 1.9285366430479405e-29 1.9285252313614498e-25 1.927876598553755e-21 1.8646343482493616e-17 2.647467549465381e-14 6.603251898644355e-14
16.68100537200059 5.69915640053529e-41 2.088288114336698e-37 2.0382238472553103e-29 2.0382119749462142e-25 2.037526452401927e-21 1.9706872377104016e-17 2.7980448375214712e-14 6.978818263357641e-14
16.99144172034626 5.899732780155022e-41 2.2051665903981853e-37 2.154149614186399e-29 2.154137258563041e-25 2.1534127481776305e-21 2.0827719882564892e-17 2.957186355074125e-14 7.375745329808348e-14
17.30765534195724 6.108884075519629e-41 2.328655866352794e-37 2.2766687680890013e-29 2.27665590523437e-25 2.2758901895722277e-21 2.2012316678448897e-17 3.125379200993412e-14 7.795248008652968e-14
17.629753752872038 6.32702625003486e-41 2.459131274112965e-37 2.406156314183371e-29 2.4061429188866245e-25 2.4053336543940037e-21 2.326428856756115e-17 3.303138178370691e-14 8.238610309771504e-14
17.957846470020968 6.554597155424661e-41 2.5969894805472483e-37 2.543008586474631e-29 2.5429946321587498e-25 2.5421393419906846e-21 2.458746757376286e-17 3.491007370223144e-14 8.707189272352943e-14
18.29204504846294 6.792057742441606e-41 2.742649700683692e-37 2.68764446084804e-29 2.687629919493387e-25 2.686725985932639e-21 2.5985903670993466e-17 3.6895618048178884e-14 9.202419118507916e-14
18.6324631193156 7.039893340463366e-41 2.896554979911611e-37 2.840506637160389e-29 2.8404914792239326e-25 2.8395361356687515e-21 2.7463877179393904e-17 3.8994092157132536e-14 9.725815643122652e-14
18.979216428390995 7.298615009929106e-41 3.0591735491056775e-37 3.002062994251427e-29 3.0020471885814068e-25 3.0010375110776038e-21 2.9025911866469964e-17 4.121191901903913e-14 1.027898085338959e-13
19.33242287555043 7.568760971796479e-41 3.2310002568199933e-37 3.1728080220229636e-29 3.172791535768739e-25 3.1717244340601122e-21 3.0676788793397795e-17 4.3555886937636357e-14 1.0863607872216113e-13
19.692202554791734 7.8508981184378e-41 3.4125580829354632e-37 3.3532643349688796e-29 3.353247133485638e-25 3.3521193415554126e-21 3.2421560948851426e-17 4.603317030803017e-14 1.148148612051935e-13
20.05867779508234 8.145623610645699e-41 3.6043997383929044e-37 3.5439842717884736e-29 3.543966318536581e-25 3.5427743846108584e-21 3.426556871514239e-17 4.865135157601476e-14 1.2134506794268719e-13
20.431973201952704 8.453566565685447e-41 3.807109355908449e-37 3.7455515859796415e-29 3.7455328424182807e-25 3.744273118400935e-21 3.6214456214013453e-17 5.141844444635384e-14 1.282466865304134e-13
20.812215699863373 8.775389841610537e-41 4.021304276845321e-37 3.958583232585936e-29 3.9585636580607118e-25 3.957232288367405e-21 3.827418858211272e-17 5.434291841105205e-14 1.3554084137806364e-13
21.199534575360687 9.111791923356355e-41 4.247636939711237e-37 4.1837312565667e-29 4.183710808190897e-25 4.182303717947975e-21 4.045107022902829e-17 5.743372467269708e-14 1.4324985836664628e-13
21.594061521035677 9.463508916439281e-41 4.486796876061347e-37 4.4216847885701403e-29 4.42166342109924e-25 4.4201763036714755e-21 4.275176413376684e-17 6.070032354221766e-14 1.513973331833357e-13
21.99593068030075 9.831316654419354e-41 4.739512819915072e-37 4.6731721542177305e-29 4.673149819916832e-25 4.671578123725754e-21 4.5183312238736e-17 6.415271339491299e-14 1.6000820354292709e-13
22.40527869300018 1.0216032926635284e-40 5.006554937143624e-37 4.938963103356524e-29 4.938939751860226e-25 4.937278666452778e-21 4.775315700365781e-17 6.780146127338894e-14 1.691088255169666e-13
22.82224474186896 1.061851983308799e-40 5.288737181650798e-37 5.219871166102088e-29 5.219846744266472e-25 5.218091185591253e-21 5.046916418537869e-17 7.165773523106166e-14 1.7872705420416546e-13
23.246970599856454 1.1039686273740324e-40 5.586919785558875e-37 5.516756142883777e-29 5.516730594629968e-25 5.514875189476101e-21 5.3339646913304815e-17 7.573333851523172e-14 1.8889232898902622e-13
23.679600678330786 1.148049057991151e-40 5.902011891021151e-37 5.830526736113782e-29 5.830500002262641e-25 5.828539071813556e-21 5.637339113415124e-17 8.004074569435343e-14 1.996357636496376e-13
24.120282076180068 1.1941943295879658e-40 6.234974331715836e-37 6.162143331534706e-29 6.162115349632186e-25 6.160042892084009e-21 5.95796825038842e-17 8.459314084007558e-14 2.1099024159043052e-13
24.569164629827903 1.2425110119266019e-40 6.586822572535076e-37 6.512620937759404e-29 6.512591641891944e-25 6.510401314083303e-21 6.296833480917214e-17 8.940445788092768e-14 2.229905164914025e-13
25.026400964179167 1.2931115009258003e-40 6.95862981646575e-37 6.883032292999522e-29 6.8830016135990445e-25 6.88068671159606e-21 6.654972000533081e-17 9.448942325115615e-14 2.356733186818517e-13
25.492146544514206 1.346114347224226e-40 7.351530288171707e-37 7.274511148492605e-29 7.2744790121303855e-25 7.27203245070738e-21 7.033479996270791e-17 9.986360096525756e-14 2.490774675642276e-13
25.966559729348724 1.401644603495894e-40 7.76672270432707e-37 7.688255738677107e-29 7.688222067846007e-25 7.68563635879919e-21 7.433516001867332e-17 1.0554344025616874e-13 2.6324399043219586e-13
