results/limits/BECCAL_f_6.dat
# %ECSV 1.0
# ---
# datatype:
# - {name: mx, unit: MeV, datatype: float64}
# - {name: sigma_6, unit: cm2, datatype: float64}
# schema: astropy-2.0
mx sigma_6
3.162277660168379e-07 7.880957063872752e-36
3.2360111549336787e-07 8.073134782658995e-36
3.311463862505236e-07 8.271895360334631e-36
3.388675869043115e-07 8.477498857926441e-36
3.4676881953794695e-07 8.690216803102076e-36
3.548542818811901e-07 8.910331698086708e-36
3.6312826954049566e-07 9.138137903785273e-36
3.715951782811629e-07 9.373944117234598e-36
3.8025950636269697e-07 9.618077141159857e-36
3.89125856928623e-07 9.870886418040484e-36
3.9819894045202297e-07 1.013274833759628e-35
4.0748357723809307e-07 1.0404069417604668e-35
4.169846999850535e-07 1.0685287638241723e-35
4.2670735640476865e-07 1.097687167629371e-35
4.3665671190447213e-07 1.1279318851155831e-35
4.4683805233101997e-07 1.1593152733826209e-35
4.572567867791303e-07 1.1918922211533908e-35
4.6791845046510194e-07 1.2257203130016074e-35
4.788287076675383e-07 1.260860300793433e-35
4.899933547366384e-07 1.2973768026567468e-35
5.014183231736547e-07 1.3353390467293342e-35
5.131096827821533e-07 1.374821439897927e-35
5.250736448927506e-07 1.4159038094335735e-35
5.373165656630395e-07 1.458671325321366e-35
5.4984494945446e-07 1.5032142873037683e-35
5.626654522879044e-07 1.549628078977787e-35
5.757848853798981e-07 1.5980135191262828e-35
5.892102187612295e-07 1.6484776732241565e-35
6.029485849799565e-07 1.7011348814436978e-35
6.17007282890752e-07 1.756107726492405e-35
6.313937815326057e-07 1.8135274157105063e-35
6.461157240969403e-07 1.8735339807986638e-35
6.611809319882495e-07 1.9362762308769361e-35
6.765974089794179e-07 2.0019121323759357e-35
6.923733454639272e-07 2.0706097413806108e-35
7.085171228072106e-07 2.1425485399843662e-35
7.250373177994646e-07 2.2179205614957424e-35
7.419427072122865e-07 2.2969311802920537e-35
7.592422724615558e-07 2.3797994649611064e-35
7.769452043790388e-07 2.4667587199632744e-35
7.950609080952509e-07 2.5580575883958517e-35
8.135990080361694e-07 2.653961615293218e-35
8.325693530364543e-07 2.7547547734367814e-35
8.519820215718901e-07 2.8607405847138644e-35
8.718473271138315e-07 2.9722430538211085e-35
8.921758236084957e-07 3.089607920257309e-35
9.12978311084014e-07 3.2132044490534903e-35
9.342658413882192e-07 3.3434274150836537e-35
9.560497240602198e-07 3.4806988655803867e-35
9.78341532338879e-07 3.62546973977902e-35
1.0011531093113902e-06 3.7782217943454223e-35
1.0244965742052174e-06 3.9394699752084447e-35
1.048384328826741e-06 4.109764922727935e-35
1.0728290641500308e-06 4.2896953884719754e-35
1.0978437670592484e-06 4.4798907822278017e-35
1.1234417272482566e-06 4.68102410307352e-35
1.149636544281106e-06 4.893815138481065e-35
1.1764421348171486e-06 5.119033761614033e-35
1.2038727400046132e-06 5.357503393782058e-35
1.2319429330465773e-06 5.610104831867539e-35
1.2606676269433496e-06 5.877780372177178e-35
1.2900620824153782e-06 6.161538158228724e-35
1.3201419160108953e-06 6.462456829467528e-35
1.3509231084026028e-06 6.781690554728706e-35
1.38242201287781e-06 7.120474411952831e-35
1.4146553640265304e-06 7.480130127137971e-35
1.447640286632156e-06 7.862072240480673e-35
1.4813943047694329e-06 8.267814717711889e-35
1.5159353511145682e-06 8.69897802339129e-35
1.5512817764724183e-06 9.157296700289811e-35
1.587452359525819e-06 9.644627496751584e-35
1.6244663168122348e-06 1.0162958067544052e-34
1.6623433129330315e-06 1.0714416300295604e-34
1.7011034710007933e-06 1.1301280306910314e-34
1.740767383330235e-06 1.1925989129056037e-34
1.7813561223783898e-06 1.2591154208748019e-34
1.8228912519398869e-06 1.3299571679216556e-34
1.8653948386032614e-06 1.4054235533952341e-34
1.908889463474389e-06 1.4858351737457312e-34
1.9533982341732686e-06 1.571535334453757e-34
1.9989447971105317e-06 1.6628916701167908e-34
2.045553350050195e-06 1.7602978803241105e-34
2.0932486549653353e-06 1.864175589706423e-34
2.1420560511935146e-06 1.974976341007396e-34
2.192001468898943e-06 2.0931837306504335e-34
2.2431114428485372e-06 2.219315697077455e-34
2.2954131265091837e-06 2.353926972755776e-34
2.3489343064737076e-06 2.49761171158315e-34
2.403703417223201e-06 2.6510063041366062e-34
2.4597495562335635e-06 2.814792394450345e-34
2.5171024994342686e-06 2.98970011238993e-34
2.575792717027583e-06 3.1765115375428767e-34
2.635851389676631e-06 3.3760644105511322e-34
2.6973104250709106e-06 3.589256110270292e-34
2.760202474878063e-06 3.8170479152344876e-34
2.8245609520908932e-06 4.060469570120716e-34
2.8904200487788716e-06 4.320624178885134e-34
2.9578147542535346e-06 4.598693447888721e-34
3.026780873657441e-06 4.89594330434672e-34
3.097355046986562e-06 5.213729916600048e-34
3.1695747685562034e-06 5.553506145172329e-34
3.2434784069208122e-06 5.916828455404679e-34
3.319105225258239e-06 6.30536432470597e-34
3.3964954022292982e-06 6.7209001798388985e-34
3.4756900533236943e-06 7.165349902068186e-34
3.5567312527036693e-06 7.640763940895202e-34
3.6396620555569646e-06 8.149339079945247e-34
3.7245265209709786e-06 8.693428901657064e-34
3.811369735340273e-06 9.275555000767676e-34
3.900237836319859e-06 9.89841900011654e-34
3.991178037336996e-06 1.0564915426272825e-33
4.0842386526745176e-06 1.1278145506505999e-33
4.179469123139017e-06 1.2041431953147652e-33
4.2769200423275275e-06 1.285833480546903e-33
4.376643183506652e-06 1.3732668405664374e-33
4.478691527118417e-06 1.466851958903031e-33
4.583119288927478e-06 1.5670267176182583e-33
4.689981948824612e-06 1.6742602859774856e-33
4.799336280301815e-06 1.7890553585757296e-33
4.911240380614659e-06 1.911950553655707e-33
5.0257537016479225e-06 2.0435229829415503e-33
5.142937081500915e-06 2.1843910054766286e-33
5.262852776809252e-06 2.3352171783658897e-33
5.385564495820272e-06 2.496711418793343e-33
5.511137432239651e-06 2.6696343921426098e-33
5.639638299867211e-06 2.854801142665987e-33
5.771135368040315e-06 3.0530849838141117e-33
5.905698497903673e-06 3.2654216669874284e-33
6.043399179524854e-06 3.492813848518851e-33
6.184310569875183e-06 3.736335876216444e-33
6.32850753169624e-06 3.9971389183809454e-33
6.47606667327258e-06 4.276456459838305e-33
6.627066389131828e-06 4.575610190954098e-33
6.781586901693754e-06 4.896016318187065e-33
6.939710303890459e-06 5.2391923258794584e-33
7.101520602780329e-06 5.60676422186911e-33
7.267103764178904e-06 6.000474301349853e-33
7.436547758330399e-06 6.422189466069937e-33
7.609942606644117e-06 6.873910138623785e-33
7.787380429520604e-06 7.357779814279451e-33
7.968955495292936e-06 7.876095296110378e-33
8.15476427030917e-06 8.43131766192073e-33
8.344905470182516e-06 9.026084015654974e-33
8.539480112236516e-06 9.663220079198596e-33
8.738591569173047e-06 1.03457536844775e-32
8.942345623991688e-06 1.1076929230510162e-32
9.150850526189614e-06 1.186022317394911e-32
9.364217049271877e-06 1.2699360627551557e-32
9.58255854960264e-06 1.3598333144896513e-32
9.805991026628606e-06 1.4561417776875306e-32
1.0034633184506672e-05 1.5593197490305361e-32
1.0268606495168497e-05 1.669858304621144e-32
1.0508035262855554e-05 1.788283644176927e-32
1.07530466901589e-05 1.9151596027596893e-32
1.1003770945598772e-05 2.0510903420361007e-32
1.1260341232779899e-05 2.1967232338302408e-32
1.1522893861159297e-05 2.3527519497320877e-32
1.1791568318464117e-05 2.51991977141753e-32
1.206650734479802e-05 2.699023137515471e-32
1.2347857008475478e-05 2.8909154437901316e-32
1.263576678362426e-05 3.09651111477612e-32
1.293038962959737e-05 3.316789966255633e-32
1.3231882072236462e-05 3.5528018790939234e-32
1.3540404287030327e-05 3.805671807093783e-32
1.3856120184212054e-05 4.0766051420486604e-32
1.4179197495840522e-05 4.366893462006825e-32
1.4509807864912299e-05 4.6779206897153e-32
1.484812693655133e-05 5.011169690574289e-32
1.5194334451324849e-05 5.368229341443536e-32
1.5548614340735104e-05 5.750802103624671e-32
1.5911154824937624e-05 6.160712136130017e-32
1.6282148512737936e-05 6.599913987617932e-32
1.6661792503919872e-05 7.070501907928403e-32
1.7050288493959805e-05 7.574719823763302e-32
1.7447842881182494e-05 8.11497202498398e-32
1.785466687641539e-05 8.693834613015293e-32
1.8270976615199758e-05 9.314067764401834e-32
1.869699327261814e-05 9.978628868261638e-32
1.91329431807992e-05 1.069068659904065e-31
1.957905794916243e-05 1.145363599167322e-31
2.003557458746648e-05 1.2271114589230126e-31
2.0502735631726606e-05 1.314701973996156e-31
2.0980789273068064e-05 1.4085527124837806e-31
2.1469989489583918e-05 1.509111060257604e-31
2.1970596181267336e-05 1.6168563465602384e-31
2.2482875308090033e-05 1.7323021206776403e-31
2.3007099031300245e-05 1.8559985903877206e-31
2.354354585801526e-05 1.988535233523861e-31
2.4092500789185385e-05 2.1305435950322554e-31
2.4654255471007912e-05 2.28270028246963e-31
2.5229108349871537e-05 2.445730174014943e-31
2.5817364830913554e-05 2.6204098539567117e-31
2.641933744027406e-05 2.807571291686071e-31
2.7035345991133382e-05 3.008105781283402e-31
2.7665717753620915e-05 3.2229681600591787e-31
2.8310787628685666e-05 3.453181325657726e-31
2.8970898326020842e-05 3.6998410726701866e-31
2.964640054613707e-05 3.964121271086403e-31
3.033765316668089e-05 4.247279410649036e-31
3.104502343309761e-05 4.550662536735378e-31
3.176888715373972e-05 4.875713604778685e-31
3.25096288995246e-05 5.223978283194299e-31
3.326764220824756e-05 5.597112235094614e-31
3.4043329793658724e-05 5.996888913145581e-31
3.483710375941493e-05 6.425207902517165e-31
3.5649385818020195e-05 6.88410385028881e-31
3.648060751487119e-05 7.375756022069143e-31
3.73312104575266e-05 7.902498529183302e-31
3.820164655032238e-05 8.466831272657666e-31
3.90923782344573e-05 9.071431653710082e-31
4.0003878733676586e-05 9.719167103449173e-31
4.093663230568398e-05 1.0413108488186992e-30
4.1891134499415887e-05 1.1156544450477922e-30
4.2867892418314344e-05 1.195299674987852e-30
4.386742498973848e-05 1.2806236672020672e-30
4.489026324065786e-05 1.3720302578683076e-30
4.5936950579773975e-05 1.469951867649093e-30
4.700804308621986e-05 1.5748515087332503e-30
4.8104109804991236e-05 1.687224930827306e-30
4.922573304926602e-05 1.8076029155016285e-30
5.0373508709772956e-05 1.936553728847138e-30
5.154804657137365e-05 2.0746857431637382e-30
5.27499706370262e-05 2.2226502389329386e-30
5.397991945930254e-05 2.3811443990054675e-30
5.5238546479635675e-05 2.5509145080842553e-30
5.6526520375476976e-05 2.7327593707296617e-30
5.784452541554797e-05 2.927533962620824e-30
5.9193261823375433e-05 3.1361533302483828e-30
6.057344614930286e-05 3.3595967553167005e-30
6.198581165117595e-05 3.5989122012016295e-30
6.34311086839044e-05 3.855221059668754e-30
6.491010509810695e-05 4.1297232172993376e-30
6.642358664805138e-05 4.4237024620960785e-30
6.797235740910648e-05 4.738532252123931e-30
6.955724020492732e-05 5.075681869079945e-30
7.117907704460117e-05 5.4367229811222814e-30
7.283872956998614e-05 5.823336640696893e-30
7.453707951348025e-05 6.2373207444354535e-30
7.627502916646401e-05 6.680597983652054e-30
7.805350185866558e-05 7.155224315870622e-30
7.987344244870308e-05 7.663397988699062e-30
8.173581782606456e-05 8.207469149735993e-30
8.364161742479263e-05 8.789950077746501e-30
8.559185374914618e-05 9.41352607154635e-30
8.758756291151902e-05 1.0081067035716474e-29
8.96298051829007e-05 1.0795639803331423e-29
9.17196655561724e-05 1.156052123823579e-29
9.385825432253677e-05 1.2379212161315843e-29
9.604670766138824e-05 1.3255452146637747e-29
9.828618824393714e-05 1.41932352358594e-29
0.00010057788585090809 1.5196826620873357e-29
0.00010292301800464121 1.6270780347079014e-29
0.00010532283061593165 1.741995809032977e-29
0.00010777859864595113 1.8649549064389476e-29
0.00011029162678360347 1.996509111510663e-29
0.00011286325013867351 2.1372493061903075e-29
0.00011549483495113791 2.2878058345979266e-29
0.00011818777931701482 2.4488510048305935e-29
0.0001209435139311377 2.621101733992012e-29
0.00012376350284724815 2.805322342996899e-29
0.00012664924425581149 3.002327507510445e-29
0.00012960227127996844 3.212985371731062e-29
0.00013262415279004548 3.4382208314277377e-29
0.00013571649423705693 3.6790189928647655e-29
0.0001388809385056415 3.9364288139903666e-29
0.00014211916678688624 4.2115669341835314e-29
0.00014543289947150178 4.505621698703831e-29
0.0001488238970638237 4.819857383579249e-29
0.00015229396111712465 5.155618626478524e-29
0.00015584493519073535 5.514335068540642e-29
0.00015947870582948208 5.897526211585127e-29
0.00016319720356596128 6.306806494528958e-29
0.00016700240394618395 6.74389059210909e-29
0.00017089632857913436 7.2105989377391e-29
0.000174881046210801 7.708863471611113e-29
0.00017895867382325032 8.240733613861521e-29
0.0001831313777593269 8.808382460615208e-29
0.00018740137487357792 9.414113199951724e-29
0.00019177093371001327 1.0060365742015418e-28
0.000196242375707327 1.0749723555973309e-28
0.00020081807643222024 1.1484920703832699e-28
0.00020550046684148122 1.2268849058242312e-28
0.0002102920345734925 1.3104565688713667e-28
0.0002151953252698519 1.399530039696172e-28
0.00022021294392780895 1.4944463378339332e-28
0.00022534755628423554 1.5955652982406223e-28
0.0002306018902318662 1.703266354054281e-28
0.00023597873726856003 1.817949322400774e-28
0.0002414809539803547 1.940035188997476e-28
0.0002471114635590999 2.069966886709556e-28
0.00025287325735547713 2.208210062545466e-28
0.00025876939646823026 2.3552538269113207e-28
0.00026480301337045197 2.511611478126584e-28
0.000270977313573789 2.6778211944046676e-28
0.00027729557733145163 2.854446684645651e-28
0.00028376116138093086 3.042077788435738e-28
0.0002903775007273506 3.2413310146413317e-28
0.00029714811046840066 3.452850007027892e-28
0.00030407658766182135 3.677305924166366e-28
0.00031116661323643183 3.915397719827445e-28
0.0003184219539477161 4.167852308899265e-28
0.00032584646437900766 4.435424602669395e-28
0.00033344408898933415 4.718897396173809e-28
0.0003412188642090111 5.019081089067813e-28
0.0003491749205840977 5.336813220401892e-28
0.0003573164849708539 5.67295779647388e-28
0.0003656478827813646 6.028404389969313e-28
0.0003741735402815245 6.404066987591417e-28
0.0003828979869426037 6.800882562542176e-28
0.000391825857847644 7.219809347618434e-28
0.000400961896153964 7.661824784114482e-28
0.0004103109556130814 8.127923121585522e-28
0.0004198780031493915 8.619112643496464e-28
0.00042966812149897106 9.136412494278146e-28
0.000439686511909911 9.680849083964072e-28
0.0004499384969056106 1.0253452047948105e-27
0.00046042952311250296 1.0855249741026332e-27
0.0004711651641537129 1.1487264247221809e-27
0.00048215112361018567 1.2150505889782144e-27
0.0004933932380508582 1.2845967229290521e-27
0.0005048974801334842 1.3574616542099335e-27
0.0005166699617777604 1.4337390776390349e-27
0.0005287169374124361 1.5135187988861297e-27
0.0005410448072981404 1.5968859271802962e-27
0.0005536601209276797 1.683920018769022e-27
0.0005665695805056229 1.7746941736696734e-27
0.0005797800445090163 1.8692740891569846e-27
0.0005932985313311235 1.9677170744063077e-27
0.000607132223010125 2.070071031751984e-27
0.0006212884690447563 2.1763734111149843e-27
0.0006357747902989163 2.286650145288898e-27
0.0006505988829973161 2.400914574928826e-27
0.0006657686228142928 2.5191663732507327e-27
0.0006812920690579615 2.6413904815898836e-27
0.0006971774689519261 2.7675560680585938e-27
0.0007134332620168255 2.8976155225633565e-27
0.0007300680845540431 3.0315035023553343e-27
0.0007470907742339592 3.1691360430544887e-27
0.0007645103747911887 3.310409750690626e-27
0.0007823361408292924 3.455201090688939e-27
0.00080057754273752 3.603365789876444e-27
0.0008192442717221943 3.754738367461333e-27
0.0008383462449554094 3.90913181050758e-27
0.0008578936108437789 4.06633740868092e-27
0.0008778967544200344 4.2261247619503884e-27
0.000898366302860337 4.388241973488887e-27
0.0009193131311302326 4.5524160382267555e-27
0.0009407483677622533 4.7183534353752426e-27
0.000962683400768232 4.885740930781067e-27
0.000985129883689471 5.0542465922173615e-27
0.0010080997417879817 5.223521017708566e-27
0.0010316051783820807 5.393198773774804e-27
0.0010556586813297128 5.562900037123026e-27
0.0010802730296629402 5.732232429880723e-27
0.001105461300377127 5.900793035035555e-27
0.0011312368753784248 6.0681705753922195e-27
0.0011576134485932472 6.233947736172352e-27
0.0011846050332435167 6.397703608438192e-27
