results/limits/BECCAL_f_6.dat
# %ECSV 1.0
# ---
# datatype:
# - {name: mx, unit: MeV, datatype: float64}
# - {name: sigma_6, unit: cm2, datatype: float64}
# schema: astropy-2.0
mx sigma_6
3.162277660168379e-07 7.573298971196132e-36
3.2360111549336787e-07 7.744744352105302e-36
3.311463862505236e-07 7.9213042680129e-36
3.388675869043115e-07 8.103137427744715e-36
3.4676881953794695e-07 8.290405382565987e-36
3.548542818811901e-07 8.483271194422794e-36
3.6312826954049566e-07 8.681899441018702e-36
3.715951782811629e-07 8.88645727794138e-36
3.8025950636269697e-07 9.097123659975965e-36
3.89125856928623e-07 9.314083458736607e-36
3.9819894045202297e-07 9.537543087564983e-36
4.0748357723809307e-07 9.76772822528317e-36
4.169846999850535e-07 1.0004885953920809e-35
4.2670735640476865e-07 1.0249281303290148e-35
4.3665671190447213e-07 1.0501196811942094e-35
4.4683805233101997e-07 1.0760919577192482e-35
4.572567867791303e-07 1.1028744973909423e-35
4.6791845046510194e-07 1.1304972653421108e-35
4.788287076675383e-07 1.1589911586043608e-35
4.899933547366384e-07 1.1883888027135556e-35
5.014183231736547e-07 1.2187254475491266e-35
5.131096827821533e-07 1.2500396035722504e-35
5.250736448927506e-07 1.282373152566282e-35
5.373165656630395e-07 1.3157708593469217e-35
5.4984494945446e-07 1.3502795681330945e-35
5.626654522879044e-07 1.3859475814298803e-35
5.757848853798981e-07 1.4228246662292496e-35
5.892102187612295e-07 1.4609629171082352e-35
6.029485849799565e-07 1.50041808393992e-35
6.17007282890752e-07 1.5412507167902864e-35
6.313937815326057e-07 1.5835264532487305e-35
6.461157240969403e-07 1.6273153783261918e-35
6.611809319882495e-07 1.672690943606839e-35
6.765974089794179e-07 1.7197295915817905e-35
6.923733454639272e-07 1.7685115425659957e-35
7.085171228072106e-07 1.8191225313369783e-35
7.250373177994646e-07 1.8716553318084612e-35
7.419427072122865e-07 1.926209951943212e-35
7.592422724615558e-07 1.9828927388230696e-35
7.769452043790388e-07 2.0418154806678195e-35
7.950609080952509e-07 2.103095966618366e-35
8.135990080361694e-07 2.166859985275529e-35
8.325693530364543e-07 2.2332431374319722e-35
8.519820215718901e-07 2.302391144598807e-35
8.718473271138315e-07 2.374458905325919e-35
8.921758236084957e-07 2.449610272632337e-35
9.12978311084014e-07 2.528019710826258e-35
9.342658413882192e-07 2.609874639671349e-35
9.560497240602198e-07 2.695376371883743e-35
9.78341532338879e-07 2.784739544930564e-35
1.0011531093113902e-06 2.8781924075316215e-35
1.0244965742052174e-06 2.975978828978829e-35
1.048384328826741e-06 3.0783605762667987e-35
1.0728290641500308e-06 3.1856179422519916e-35
1.0978437670592484e-06 3.298049963805894e-35
1.1234417272482566e-06 3.4159760555927765e-35
1.149636544281106e-06 3.539738513218251e-35
1.1764421348171486e-06 3.669703902281127e-35
1.2038727400046132e-06 3.8062640410087074e-35
1.2319429330465773e-06 3.949837884231265e-35
1.2606676269433496e-06 4.100874112721822e-35
1.2900620824153782e-06 4.259852932867467e-35
1.3201419160108953e-06 4.4272879356312425e-35
1.3509231084026028e-06 4.603728703154432e-35
1.38242201287781e-06 4.789763403616564e-35
1.4146553640265304e-06 4.986021271090725e-35
1.447640286632156e-06 5.193175484918836e-35
1.4813943047694329e-06 5.411946223899982e-35
1.5159353511145682e-06 5.64310386278739e-35
1.5512817764724183e-06 5.887472400093697e-35
1.587452359525819e-06 6.145933144890189e-35
1.6244663168122348e-06 6.419428611024946e-35
1.6623433129330315e-06 6.708966626741669e-35
1.7011034710007933e-06 7.015624947849843e-35
1.740767383330235e-06 7.340555883774589e-35
1.7813561223783898e-06 7.684991405733756e-35
1.8228912519398869e-06 8.050248811418087e-35
1.8653948386032614e-06 8.437736242623906e-35
1.908889463474389e-06 8.848959296666104e-35
1.9533982341732686e-06 9.28552751135568e-35
1.9989447971105317e-06 9.749161659208245e-35
2.045553350050195e-06 1.0241701552781453e-34
2.0932486549653353e-06 1.0765114082344634e-34
2.1420560511935146e-06 1.1321502375837901e-34
2.192001468898943e-06 1.1913114951791634e-34
2.2431114428485372e-06 1.254235614713244e-34
2.2954131265091837e-06 1.3211796703017489e-34
2.3489343064737076e-06 1.3924185531401907e-34
2.403703417223201e-06 1.4682461934445627e-34
2.4597495562335635e-06 1.5489768966660767e-34
2.5171024994342686e-06 1.6349467507221588e-34
2.575792717027583e-06 1.7265151478690299e-34
2.635851389676631e-06 1.8240664110825609e-34
2.6973104250709106e-06 1.9280115441486898e-34
2.760202474878063e-06 2.0387901134753875e-34
2.8245609520908932e-06 2.1568722748335183e-34
2.8904200487788716e-06 2.2827609611760532e-34
2.9578147542535346e-06 2.4169942318581946e-34
3.026780873657441e-06 2.560147808395219e-34
3.097355046986562e-06 2.712837798072085e-34
3.1695747685562034e-06 2.8757236059638893e-34
3.2434784069208122e-06 3.049511058231753e-34
3.319105225258239e-06 3.2349557212133287e-34
3.3964954022292982e-06 3.4328664528834997e-34
3.4756900533236943e-06 3.644109162072271e-34
3.5567312527036693e-06 3.86961083244538e-34
3.6396620555569646e-06 4.110363808317493e-34
3.7245265209709786e-06 4.367430391750969e-34
3.811369735340273e-06 4.64194778700245e-34
3.900237836319859e-06 4.935133433622541e-34
3.991178037336996e-06 5.2482907638077095e-34
4.0842386526745176e-06 5.58281541490223e-34
4.179469123139017e-06 5.9402019133290114e-34
4.2769200423275275e-06 6.322050820000304e-34
4.376643183506652e-06 6.730076354745509e-34
4.478691527118417e-06 7.166114479548761e-34
4.583119288927478e-06 7.6321314913003244e-34
4.689981948824612e-06 8.130233167243886e-34
4.799336280301815e-06 8.66267456278142e-34
4.911240380614659e-06 9.231870580709597e-34
5.0257537016479225e-06 9.840407412218807e-34
5.142937081500915e-06 1.0491054927356198e-33
5.262852776809252e-06 1.1186780015275465e-33
5.385564495820272e-06 1.193076084625509e-33
5.511137432239651e-06 1.2726401979099527e-33
5.639638299867211e-06 1.3577350367093463e-33
5.771135368040315e-06 1.4487512345936137e-33
5.905698497903673e-06 1.5461071872111996e-33
6.043399179524854e-06 1.6502510285043527e-33
6.184310569875183e-06 1.761662778530799e-33
6.32850753169624e-06 1.8808566649959093e-33
6.47606667327258e-06 2.008383600141146e-33
6.627066389131828e-06 2.144833798602028e-33
6.781586901693754e-06 2.290839538532958e-33
6.939710303890459e-06 2.4470781102370094e-33
7.101520602780329e-06 2.6142750122051894e-33
7.267103764178904e-06 2.793207437603797e-33
7.436547758330399e-06 2.98470804417235e-33
7.609942606644117e-06 3.1896689570603295e-33
7.787380429520604e-06 3.409045974607399e-33
7.968955495292936e-06 3.643863023076942e-33
8.15476427030917e-06 3.895216976730524e-33
8.344905470182516e-06 4.164282935653002e-33
8.539480112236516e-06 4.452319934537587e-33
8.738591569173047e-06 4.760676973990573e-33
8.942345623991688e-06 5.0907993392728705e-33
9.150850526189614e-06 5.4442353551726775e-33
9.364217049271877e-06 5.822643787882631e-33
9.58255854960264e-06 6.22780191259087e-33
9.805991026628606e-06 6.661614049035488e-33
1.0034633184506672e-05 7.126120478087085e-33
1.0268606495168497e-05 7.62350700180693e-33
1.0508035262855554e-05 8.156115467873233e-33
1.07530466901589e-05 8.726455152221605e-33
1.1003770945598772e-05 9.337214650973972e-33
1.1260341232779899e-05 9.99127441997785e-33
1.1522893861159297e-05 1.0691720531382981e-32
1.1791568318464117e-05 1.1441859692296772e-32
1.206650734479802e-05 1.224523496546069e-32
1.2347857008475478e-05 1.3105642301218629e-32
1.263576678362426e-05 1.4027148723034176e-32
1.293038962959737e-05 1.5014112081280622e-32
1.3231882072236462e-05 1.6071201593089437e-32
1.3540404287030327e-05 1.7203419766947623e-32
1.3856120184212054e-05 1.841612664943884e-32
1.4179197495840522e-05 1.971506549339676e-32
1.4509807864912299e-05 2.1106389590901325e-32
1.484812693655133e-05 2.2596691844867144e-32
1.5194334451324849e-05 2.419303654936366e-32
1.5548614340735104e-05 2.5902992438530684e-32
1.5911154824937624e-05 2.7734668945458544e-32
1.6282148512737936e-05 2.969675525594883e-32
1.6661792503919872e-05 3.179856099452218e-32
1.7050288493959805e-05 3.4050060977436203e-32
1.7447842881182494e-05 3.646194289589474e-32
1.785466687641539e-05 3.904565753290492e-32
1.8270976615199758e-05 4.181347406730749e-32
1.869699327261814e-05 4.477853796228573e-32
1.91329431807992e-05 4.795493357557833e-32
1.957905794916243e-05 5.135775161490071e-32
2.003557458746648e-05 5.500316019385952e-32
2.0502735631726606e-05 5.890848263001093e-32
2.0980789273068064e-05 6.309227899456834e-32
2.1469989489583918e-05 6.757443510159655e-32
2.1970596181267336e-05 7.237625649217472e-32
2.2482875308090033e-05 7.752057013543522e-32
2.3007099031300245e-05 8.303183259445196e-32
2.354354585801526e-05 8.893624649977829e-32
2.4092500789185385e-05 9.526188473673111e-32
2.4654255471007912e-05 1.020388240971406e-31
2.5229108349871537e-05 1.0929928763273028e-31
2.5817364830913554e-05 1.1707779813492822e-31
2.641933744027406e-05 1.2541134129264695e-31
2.7035345991133382e-05 1.3433954176113947e-31
2.7665717753620915e-05 1.439048504963229e-31
2.8310787628685666e-05 1.5415274623090052e-31
2.8970898326020842e-05 1.6513195099135018e-31
2.964640054613707e-05 1.7689466049188247e-31
3.033765316668089e-05 1.8949679160142374e-31
3.104502343309761e-05 2.0299824672891375e-31
3.176888715373972e-05 2.1746319698471442e-31
3.25096288995246e-05 2.3296038574943777e-31
3.326764220824756e-05 2.495634533590335e-31
3.4043329793658724e-05 2.673512846835168e-31
3.483710375941493e-05 2.86408381478198e-31
3.5649385818020195e-05 3.0682526095291506e-31
3.648060751487119e-05 3.286988823203659e-31
3.73312104575266e-05 3.521331034294055e-31
3.820164655032238e-05 3.772391695986308e-31
3.90923782344573e-05 4.041362368336591e-31
4.0003878733676586e-05 4.329519317914798e-31
4.093663230568398e-05 4.638229510548968e-31
4.1891134499415887e-05 4.968957024570352e-31
4.2867892418314344e-05 5.323269913573284e-31
4.386742498973848e-05 5.702847549724365e-31
4.489026324065786e-05 6.109488480648405e-31
4.5936950579773975e-05 6.545118835200561e-31
4.700804308621986e-05 7.011801315917157e-31
4.8104109804991236e-05 7.511744818119186e-31
4.922573304926602e-05 8.047314718615913e-31
5.0373508709772956e-05 8.621043879697328e-31
5.154804657137365e-05 9.23564441691052e-31
5.27499706370262e-05 9.894020282716363e-31
5.397991945930254e-05 1.0599280720910148e-30
5.5238546479635675e-05 1.1354754650887729e-30
5.6526520375476976e-05 1.2164006043729596e-30
5.784452541554797e-05 1.303085035708499e-30
5.9193261823375433e-05 1.3959372100364353e-30
6.057344614930286e-05 1.4953943604513896e-30
6.198581165117595e-05 1.6019245075291697e-30
6.34311086839044e-05 1.716028601801803e-30
6.491010509810695e-05 1.8382428122524218e-30
6.642358664805138e-05 1.9691409701386152e-30
6.797235740910648e-05 2.1093371789841784e-30
6.955724020492732e-05 2.2594886006256223e-30
7.117907704460117e-05 2.4202984296799433e-30
7.283872956998614e-05 2.5925190676013593e-30
7.453707951348025e-05 2.7769555100165016e-30
7.627502916646401e-05 2.974468960131127e-30
7.805350185866558e-05 3.185980683028415e-30
7.987344244870308e-05 3.4124761158377286e-30
8.173581782606456e-05 3.655009249648679e-30
8.364161742479263e-05 3.914707300135391e-30
8.559185374914618e-05 4.192775684642257e-30
8.758756291151902e-05 4.4905033243886954e-30
8.96298051829007e-05 4.8092682914659536e-30
9.17196655561724e-05 5.15054382127489e-30
9.385825432253677e-05 5.515904712089157e-30
9.604670766138824e-05 5.907034134607021e-30
9.828618824393714e-05 6.325730875038821e-30
0.00010057788585090809 6.773917036893273e-30
0.00010292301800464121 7.253646227248035e-30
0.00010532283061593165 7.767112254656114e-30
0.00010777859864595113 8.316658366980403e-30
0.00011029162678360347 8.904787058217599e-30
0.00011286325013867351 9.534170474725625e-30
0.00011549483495113791 1.0207661452419223e-29
0.00011818777931701482 1.092830521686732e-29
0.0001209435139311377 1.1699351780080804e-29
0.00012376350284724815 1.2524269067685635e-29
0.00012664924425581149 1.3406756811685684e-29
0.00012960227127996844 1.4350761244230784e-29
0.00013262415279004548 1.536049062840951e-29
0.00013571649423705693 1.6440431662530505e-29
0.0001388809385056415 1.7595366794290415e-29
0.00014211916678688624 1.8830392481376517e-29
0.00014543289947150178 2.0150938434390645e-29
0.0001488238970638237 2.1562787877474513e-29
0.00015229396111712465 2.3072098861173296e-29
0.00015584493519073535 2.4685426659909514e-29
0.00015947870582948208 2.6409747285558046e-29
0.00016319720356596128 2.8252482145193507e-29
0.00016700240394618395 3.022152386861141e-29
0.00017089632857913436 3.2325263327276256e-29
0.000174881046210801 3.4572617861969287e-29
0.00017895867382325032 3.697306073105422e-29
0.0001831313777593269 3.953665178488824e-29
0.00018740137487357792 4.227406936507441e-29
0.00019177093371001327 4.5196643418082466e-29
0.000196242375707327 4.8316389803960205e-29
0.00020081807643222024 5.164604576907004e-29
0.00020550046684148122 5.519910653926455e-29
0.0002102920345734925 5.898986297679729e-29
0.0002151953252698519 6.30334402261474e-29
0.00022021294392780895 6.734583725814903e-29
0.00022534755628423554 7.194396720081108e-29
0.0002306018902318662 7.684569832223686e-29
0.00023597873726856003 8.206989550860382e-29
0.0002414809539803547 8.763646205044454e-29
0.0002471114635590999 9.356638152280816e-29
0.00025287325735547713 9.988175951081442e-29
0.00025876939646823026 1.0660586489792353e-28
0.00026480301337045197 1.1376317039429799e-28
0.000270977313573789 1.213793919427478e-28
0.00027729557733145163 1.2948152659376193e-28
0.00028376116138093086 1.380978883934815e-28
0.0002903775007273506 1.4725814177951187e-28
0.00029714811046840066 1.5699333192202603e-28
0.00030407658766182135 1.6733591139504201e-28
0.00031116661323643183 1.7831976250110456e-28
0.0003184219539477161 1.89980214511433e-28
0.00032584646437900766 2.023540550223822e-28
0.00033344408898933415 2.1547953456188915e-28
0.0003412188642090111 2.293963635175577e-28
0.0003491749205840977 2.441457003922082e-28
0.0003573164849708539 2.5977013032866104e-28
0.0003656478827813646 2.763136327873886e-28
0.0003741735402815245 2.9382153720158713e-28
0.0003828979869426037 3.123404653834185e-28
0.000391825857847644 3.3191825941168455e-28
0.000400961896153964 3.526038936947032e-28
0.0004103109556130814 3.7444736987925468e-28
0.0004198780031493915 3.974995932656944e-28
0.00042966812149897106 4.218122293948467e-28
0.000439686511909911 4.474375394983225e-28
0.0004499384969056106 4.744281935484418e-28
0.00046042952311250296 5.028370597172108e-28
0.0004711651641537129 5.327169691525132e-28
0.00048215112361018567 5.641204551079289e-28
0.0004933932380508582 5.970994656276256e-28
0.0005048974801334842 6.31705049190558e-28
0.0005166699617777604 6.679870129479715e-28
0.0005287169374124361 7.059935534809165e-28
0.0005410448072981404 7.45770860316307e-28
0.0005536601209276797 7.873626928108356e-28
0.0005665695805056229 8.308099314190599e-28
0.0005797800445090163 8.76150104815159e-28
0.0005932985313311235 9.234168948261198e-28
0.000607132223010125 9.72639621665067e-28
0.0006212884690447563 1.0238427125111978e-27
0.0006357747902989163 1.0770451570693843e-27
0.0006505988829973161 1.1322599543429039e-27
0.0006657686228142928 1.1894935554657315e-27
0.0006812920690579615 1.2487453080432133e-27
0.0006971774689519261 1.310006908041544e-27
0.0007134332620168255 1.3732618658220899e-27
0.0007300680845540431 1.4384849934262464e-27
0.0007470907742339592 1.505641920661432e-27
0.0007645103747911887 1.5746886479005295e-27
0.0007823361408292924 1.6455711437693024e-27
0.00080057754273752 1.7182249960403174e-27
0.0008192442717221943 1.7925751240601226e-27
0.0008383462449554094 1.868535560896077e-27
0.0008578936108437789 1.9460093130844918e-27
0.0008778967544200344 2.0248883053837238e-27
0.000898366302860337 2.105053417278188e-27
0.0009193131311302326 2.1863746171386596e-27
0.0009407483677622533 2.2687111989231883e-27
0.000962683400768232 2.3519121251096767e-27
0.000985129883689471 2.435816478197992e-27
0.0010080997417879817 2.520254021624218e-27
0.0010316051783820807 2.605045869319747e-27
0.0010556586813297128 2.6900052614462218e-27
0.0010802730296629402 2.7749384420867097e-27
0.001105461300377127 2.8596456329020073e-27
0.0011312368753784248 2.9439220950180712e-27
0.0011576134485932472 3.0275592697317703e-27
0.0011846050332435167 3.1103459870558614e-27
