results/limits/BECCAL_l.dat
# %ECSV 1.0
# ---
# datatype:
# - {name: mx, unit: MeV, datatype: float64}
# - {name: sigma_10, unit: cm2, datatype: float64}
# - {name: sigma_9, unit: cm2, datatype: float64}
# - {name: sigma_7, unit: cm2, datatype: float64}
# - {name: sigma_6, unit: cm2, datatype: float64}
# - {name: sigma_5, unit: cm2, datatype: float64}
# - {name: sigma_4, unit: cm2, datatype: float64}
# - {name: sigma_3, unit: cm2, datatype: float64}
# - {name: sigma_2, unit: cm2, datatype: float64}
# schema: astropy-2.0
mx sigma_10 sigma_9 sigma_7 sigma_6 sigma_5 sigma_4 sigma_3 sigma_2
[from data line 80]
1.9989447971105317e-06 7.271654465916028e-38 8.780427636533343e-38 1.4970917756295018e-37 2.3119121050236067e-37 5.008771107139615e-37 4.023853570325668e-36 9.875142756728434e-35 9.831254004401147e-35
2.045553350050195e-06 7.117897130534323e-38 8.597892820920951e-38 1.468083523433891e-37 2.2714177893719315e-37 4.949832549072022e-37 4.0739710512513106e-36 1.022350592746514e-34 1.0322284034539695e-34
2.0932486549653353e-06 6.967469702970923e-38 8.419198606043302e-38 1.4396580154634131e-37 2.231704792153828e-37 4.8921575947633105e-37 4.1262366021708484e-36 1.0588316710015222e-34 1.084392753603708e-34
2.1420560511935146e-06 6.820292362428893e-38 8.24426303559894e-38 1.411803191946216e-37 2.192757409717324e-37 4.8357261143009125e-37 4.180709797630925e-36 1.097052923293579e-34 1.1398268154045943e-34
2.192001468898943e-06 6.676287722760708e-38 8.073005942447974e-38 1.3845072532644048e-37 2.1545602766626035e-37 4.780518538934532e-37 4.237452212151514e-36 1.1371159189116119e-34 1.1987533491761821e-34
2.2431114428485372e-06 6.535380764722931e-38 7.905348907843985e-38 1.3577586539385626e-37 2.11709835787597e-37 4.726515851384137e-37 4.296527461122211e-36 1.1791288025698094e-34 1.2614105347873156e-34
2.2954131265091837e-06 6.397498765461282e-38 7.741215221668796e-38 1.3315460967677385e-37 2.080356940780176e-37 4.673699576585709e-37 4.358001243287916e-36 1.2232067396020898e-34 1.3280530207924198e-34
2.3489343064737076e-06 6.262571225590968e-38 7.580529843645356e-38 1.3058585271207809e-37 2.0443216277947106e-37 4.622051772881169e-37 4.4219413852828745e-36 1.2694723945868982e-34 1.3989530834075976e-34
2.403703417223201e-06 6.130529794285721e-38 7.423219365499851e-38 1.2806851273740839e-37 2.0089783289985697e-37 4.571555023638029e-37 4.4884178885138345e-36 1.3180564435501737e-34 1.474401838219866e-34
2.4597495562335635e-06 6.001308192834619e-38 7.269211974046879e-38 1.2560153114914866e-37 1.9743132549898344e-37 4.5221924292904915e-37 4.5575029787888497e-36 1.3690981217039781e-34 1.554710559428508e-34
2.5171024994342686e-06 5.874842137157435e-38 7.11843741517318e-38 1.2318387197421651e-37 1.940312909935778e-37 4.473947599798366e-37 4.62927115916766e-36 1.422745810462238e-34 1.640212075234386e-34
2.575792717027583e-06 5.751069259791669e-38 6.970826958694639e-38 1.2081452135523357e-37 1.906964084806694e-37 4.426804647515697e-37 4.703799266524484e-36 1.4791576659241196e-34 1.7312622740157545e-34
2.635851389676631e-06 5.629929031872366e-38 6.826313364062452e-38 1.184924870486806e-37 1.8742538507891392e-37 4.380748180464512e-37 4.781166532381364e-36 1.5385022919491375e-34 1.8282417153492939e-34
2.6973104250709106e-06 5.511362685623639e-38 6.684830846896902e-38 1.1621679793567486e-37 1.842169552871897e-37 4.33576329600837e-37 4.861454648620169e-36 1.6009594610588134e-34 1.9315573622121656e-34
2.760202474878063e-06 5.395313137867964e-38 6.546315046324548e-38 1.1398650354498436e-37 1.8106988035998468e-37 4.29183557492141e-37 4.944747838731455e-36 1.6667208864797257e-34 2.0416444426243633e-34
2.8245609520908932e-06 5.281724915032525e-38 6.41070299309848e-38 1.1180067358793331e-37 1.779829476990675e-37 4.248951075849456e-37 5.031132935315306e-36 1.7359910492276758e-34 2.158968452026911e-34
2.8904200487788716e-06 5.170544080099369e-38 6.277933078480416e-38 1.096583975048598e-37 1.7495497026092286e-37 4.207096330159593e-37 5.120699464591136e-36 1.8089880838572948e-34 2.284027312914541e-34
2.9578147542535346e-06 5.061718161901319e-38 6.147945023864341e-38 1.0755878402280334e-37 1.7198478597950484e-37 4.166258337175931e-37 5.2135397387292785e-36 1.8859447273181978e-34 2.4173536911052704e-34
3.026780873657441e-06 4.955196087118016e-38 6.020679851121827e-38 1.0550096072404905e-37 1.6907125720382603e-37 4.126424559798836e-37 5.309748956851876e-36 1.9671093349011865e-34 2.5595174950861657e-34
3.097355046986562e-06 4.850928115268988e-38 5.89607985365031e-38 1.0348407362533409e-37 1.6621327014998929e-37 4.087582920507602e-37 5.409425315609351e-36 2.052746969039144e-34 2.711128557023695e-34
3.1695747685562034e-06 4.748865776944008e-38 5.774088568105873e-38 1.0150728676728178e-37 1.6340973436713975e-37 4.0497217977433995e-37 5.512670130243599e-36 2.1431405645089185e-34 2.8728395034736538e-34
3.2434784069208122e-06 4.6489618154486483e-38 5.65465074680204e-38 9.956978181389217e-38 1.6065958221705813e-37 4.012830022674193e-37 5.619587967115985e-36 2.23859217696027e-34 3.045348833806072e-34
3.319105225258239e-06 4.551170131984333e-38 5.537712330758651e-38 9.767075766172718e-38 1.5796176836690756e-37 3.976896876340331e-37 5.730286788672319e-36 2.339424319568535e-34 3.229404197968106e-34
3.3964954022292982e-06 4.455445734421458e-38 5.423220423381912e-38 9.580943005857974e-38 1.5531526929476443e-37 3.9419120871822e-37 5.844878111852027e-36 2.445981394469738e-34 3.42580591212272e-34
3.4756900533236943e-06 4.3617446896683313e-38 5.311123264761267e-38 9.398503123134177e-38 1.52719082807602e-37 3.907865828950528e-37 5.9634771809507324e-36 2.558631225360909e-34 3.635410669691775e-34
3.5567312527036693e-06 4.270024079588078e-38 5.201370206566005e-38 9.219680952279446e-38 1.5017222757136735e-37 3.874748719001667e-37 6.086203155956055e-36 2.677766698818586e-34 3.8591355518043115e-34
3.6396620555569646e-06 4.180241960367213e-38 5.093911687526848e-38 9.04440290371406e-38 1.476737426527405e-37 3.842551816979379e-37 6.213179317363517e-36 2.8038075214577694e-34 4.097962264878846e-34
3.7245265209709786e-06 4.092357325199839e-38 4.988699209487055e-38 8.872596929398497e-38 1.4522268707236485e-37 3.811266623886193e-37 6.344533288477759e-36 2.9372021015883555e-34 4.352941708920683e-34
3.811369735340273e-06 4.0063300701176395e-38 4.885685314009168e-38 8.704192489054336e-38 1.4281813936909616e-37 3.780885081547272e-37 6.480397276180934e-36 3.078429563960629e-34 4.625198875621427e-34
3.900237836319859e-06 3.922120962768378e-38 4.784823559522678e-38 8.539120517190014e-38 1.4045919717507982e-37 3.7513995724705145e-37 6.620908331132147e-36 3.228001907060261e-34 4.915938119104092e-34
3.991178037336996e-06 3.83969161392535e-38 4.6860684989993667e-38 8.37731339090409e-38 1.3814497680125925e-37 3.722802920107044e-37 6.766208628335416e-36 3.386466313108955e-34 5.2264488527421585e-34
4.0842386526745176e-06 3.7590044514973233e-38 4.5893756581430607e-38 8.218704898449151e-38 1.358746128330891e-37 3.6950883895163835e-37 6.916445768962709e-36 3.554407621282227e-34 5.558111655801103e-34
4.179469123139017e-06 3.680022696801277e-38 4.4947015140803106e-38 8.063230208534869e-38 1.3364725773614955e-37 3.6682496884418902e-37 7.0717731043378e-36 3.732450975916881e-34 5.912404872334472e-34
4.2769200423275275e-06 3.6027103428594605e-38 4.402003474540053e-38 7.910825840350587e-38 1.3146208147138251e-37 3.642280968801364e-37 7.23235008293242e-36 3.92126466156038e-34 6.290911635142664e-34
4.376643183506652e-06 3.5270321344861476e-38 4.3112398575100014e-38 7.761429634288837e-38 1.2931827111970374e-37 3.617176828599567e-37 7.398342621077303e-36 4.121563138380457e-34 6.695327401383895e-34
4.478691527118417e-06 3.452953549939022e-38 4.2223698713575857e-38 7.614980723350877e-38 1.2721503051572382e-37 3.5929323142685933e-37 7.569923498444753e-36 4.334110291545542e-34 7.127467954584535e-34
4.583119288927478e-06 3.380440783921626e-38 4.135353595404052e-38 7.471419505216624e-38 1.2515157989034326e-37 3.5695429234433833e-37 7.747272778743849e-36 4.559722910266646e-34 7.589277913310324e-34
4.689981948824612e-06 3.309460731739618e-38 4.0501519609406676e-38 7.330687614962455e-38 1.2312715552197686e-37 3.547004608179709e-37 7.930578256726974e-36 4.799274412161336e-34 8.082839812643889e-34
4.799336280301815e-06 3.239980974430389e-38 3.96672673267621e-38 7.192727898408145e-38 1.2114100939617206e-37 3.525313778622748e-37 8.1200359320965e-36 5.053698831141042e-34 8.610383833571983e-34
4.911240380614659e-06 3.171969764704848e-38 3.885040490604807e-38 7.057484386079243e-38 1.1919240887340049e-37 3.504467307134209e-37 8.31585051121323e-36 5.323995087519454e-34 9.174298269744853e-34
5.0257537016479225e-06 3.105396013559031e-38 3.8050566122838736e-38 6.924902267766639e-38 1.1728063636484188e-37 3.484462532887217e-37 8.518235937459409e-36 5.611231560353287e-34 9.777140837694093e-34
5.142937081500915e-06 3.040229277433252e-38 3.7267392555128404e-38 6.794927867669091e-38 1.1540498901586574e-37 3.4652972669376595e-37 8.727415951123323e-36 5.916550983256547e-34 1.0421650869346136e-33
5.262852776809252e-06 2.9764397458143866e-38 3.650053341401664e-38 6.667508620104681e-38 1.1356477839711667e-37 3.446969797782236e-37 8.943624679909992e-36 6.241175689331798e-34 1.1110762486807718e-33
5.385564495820272e-06 2.913998229195452e-38 3.5749645378210437e-38 6.542593045774499e-38 1.1175933020288846e-37 3.4294788974123684e-37 9.167107261033973e-36 6.586413224584074e-34 1.1847618593291294e-33
5.511137432239651e-06 2.8528761473226473e-38 3.5014392432237977e-38 6.420130728566577e-38 1.0998798395673147e-37 3.412823827875094e-37 9.398120496258794e-36 6.953662360376243e-34 1.263558588562632e-33
5.639638299867211e-06 2.793045517674652e-38 3.4294445708296515e-38 6.300072292885488e-38 1.0825009272398243e-37 3.3970043483513836e-37 9.636933541183092e-36 7.34441953292639e-34 1.3478270645400467e-33
5.771135368040315e-06 2.734478944132697e-38 3.358948333163813e-38 6.182369381494279e-38 1.0654502283110464e-37 3.382020722763017e-37 9.88382863035126e-36 7.760285737707223e-34 1.4379535658692127e-33
5.905698497903673e-06 2.677149605810329e-38 3.2899190269412797e-38 6.066974633856672e-38 1.0487215359168621e-37 3.3678737279194185e-37 1.0139101839939876e-35 8.202973914626125e-34 1.5343518308899631e-33
6.043399179524854e-06 2.6210312460223167e-38 3.222325818288512e-38 5.953841664966001e-38 1.0323087703884627e-37 3.3545646622163094e-37 1.0403063889989034e-35 8.674316858802229e-34 1.6374650131018807e-33
6.184310569875183e-06 2.566098161378982e-38 3.1561385282944516e-38 5.842925044649791e-38 1.0162059766397628e-37 3.342095354897932e-37 1.0676040988392081e-35 9.176275693233927e-34 1.747767800457085e-33
6.32850753169624e-06 2.512325190999098e-38 3.091327618883039e-38 5.73418027733714e-38 1.0004073216161113e-37 3.3304681758951734e-37 1.0958375719113906e-35 9.710948947931822e-34 1.865768697515059e-33
6.47606667327258e-06 2.4596877058391615e-38 3.0278641789996714e-38 5.627563782278615e-38 9.849070918029845e-38 3.3196860462518153e-37 1.125042797739834e-35 1.0280582281350527e-33 1.9920124699897338e-33
6.627066389131828e-06 2.408161598140093e-38 2.9657199111040416e-38 5.523032874206699e-38 9.696996907928885e-38 3.3097524491513448e-37 1.1552575955030531e-35 1.0887578897522055e-33 2.1270827348177716e-33
6.781586901693754e-06 2.3577232709951545e-38 2.9048671179624183e-38 5.420545744425996e-38 9.54779636909406e-38 3.3006714415572257e-37 1.186521717900551e-35 1.1534510702120664e-33 2.2716046987452723e-33
6.939710303890459e-06 2.3083496280444166e-38 2.845278689731785e-38 5.320061442323688e-38 9.401415608868746e-38 3.29244766647881e-37 1.2188769607349027e-35 1.2224130255101666e-33 2.4262480893340432e-33
7.101520602780329e-06 2.2600180633013475e-38 2.7869280913298593e-38 5.221539857288377e-38 9.257802036042391e-38 3.285086365875585e-37 1.252367278612911e-35 1.2959383576694497e-33 2.5917303259648035e-33
7.267103764178904e-06 2.212706451118568e-38 2.729789350083418e-38 5.124941701029336e-38 9.116904138720751e-38 3.2785933942126283e-37 1.287038907209119e-35 1.3743423868418925e-33 2.7688199499442842e-33
7.436547758330399e-06 2.1663931362979423e-38 2.6738370436489387e-38 5.030228490284636e-38 8.978671462712984e-38 3.272975232678787e-37 1.3229404925713837e-35 1.4579626214998657e-33 2.95834033748663e-33
7.609942606644117e-06 2.1210569243512197e-38 2.619046288199333e-38 4.937362529910568e-38 8.843054590424518e-38 3.268239004080412e-37 1.3601232279871015e-35 1.5471603335749162e-33 3.161173654356078e-33
7.787380429520604e-06 2.0766770719159462e-38 2.565392726870111e-38 4.846306896341689e-38 8.710005120240465e-38 3.2643924884216585e-37 1.398640998969783e-35 1.6423222459329796e-33 3.3782650212143596e-33
7.968955495292936e-06 2.0332332773305713e-38 2.5128525184593763e-38 4.757025421413664e-38 8.579475646396289e-38 3.2614441391832037e-37 1.4385505369671554e-35 1.7438623403432708e-33 3.610626944268217e-33
8.15476427030917e-06 1.9907056713724208e-38 2.461402326375781e-38 4.669482676539845e-38 8.451419739317338e-38 3.2594031003096896e-37 1.4799115824363128e-35 1.8522237947258206e-33 3.859344099209131e-33
8.344905470182516e-06 1.9490748081605728e-38 2.411019307828477e-38 4.58364395723354e-38 8.32579192641961e-38 3.2582792239162055e-37 1.5227870579764567e-35 1.967881059115988e-33 4.125578532999389e-33
8.539480112236516e-06 1.9083216562255078e-38 2.3616811032537626e-38 4.499475267967196e-38 8.202547673361092e-38 3.25808308872339e-37 1.567243252257153e-35 2.0913420801920284e-33 4.4105752809044864e-33
8.738591569173047e-06 1.8684275897464277e-38 2.3133658259728184e-38 4.4169433073615217e-38 8.081643365734795e-38 3.2588260192291696e-37 1.6133500155299237e-35 2.2231506846371493e-33 4.7156683333700574e-33
8.942345623991688e-06 1.829374379956494e-38 2.2660520520754622e-38 4.336015453695597e-38 7.96303629119184e-38 3.260520105625043e-37 1.6611809675640385e-35 2.3638891326792337e-33 5.0422869084893386e-33
9.150850526189614e-06 1.7911441867155543e-38 2.2197188105245844e-38 4.2566597507318533e-38 7.846684621987013e-38 3.263178224463172e-37 1.710813718903444e-35 2.5141808541805035e-33 5.3919621669782625e-33
9.364217049271877e-06 1.753719550249737e-38 2.174345573476168e-38 4.1788448938474614e-38 7.732547397937033e-38 3.2668140600795946e-37 1.7623301064012553e-35 2.6746933806709668e-33 5.7663345367303855e-33
9.58255854960264e-06 1.717083383056503e-38 2.129912246810403e-38 4.102540216465666e-38 7.620584509783566e-38 3.27144212677718e-37 1.8158164440511888e-35 2.846141487262349e-33 6.167161637778608e-33
9.805991026628606e-06 1.6812189619737313e-38 2.0863991608685685e-38 4.027715676779577e-38 7.510756682952203e-38 3.2770777917707796e-37 1.871363790203123e-35 3.029290559158343e-33 6.596326727540896e-33
1.0034633184506672e-05 1.6461099204107915e-38 2.0437870613915076e-38 3.95434184476281e-38 7.403025461699198e-38 3.2837372988951215e-37 1.9290682323229023e-35 3.224960198431809e-33 7.055847564906151e-33
1.0268606495168497e-05 1.6117402407395235e-38 2.0020571006548025e-38 3.882389889458673e-38 7.2973531936387e-38 3.2914377930743315e-37 1.9890311905352426e-35 3.434028088646438e-33 7.547885889446819e-33
1.0508035262855554e-05 1.5780942468432023e-38 1.9611908287963865e-38 3.8118315665431117e-38 7.193703014642427e-38 3.3001973455499854e-37 2.0513597412729552e-35 3.657434136458196e-33 8.074757842402773e-33
1.07530466901589e-05 1.5451565968203474e-38 1.921170185332257e-38 3.7426392061543383e-38 7.092038834104996e-38 3.310034979862777e-37 2.116166962445964e-35 3.8961849094951086e-33 8.63894516799651e-33
1.1003770945598772e-05 1.5129122758416363e-38 1.8819774908561124e-38 3.6747857009830677e-38 6.992325320567678e-38 3.3209706985802724e-37 2.183572301641456e-35 4.151358391039646e-33 9.243106978294726e-33
1.1260341232779899e-05 1.481346589156779e-38 1.843595438918537e-38 3.608244494618066e-38 6.894527887693769e-38 3.3330255107615425e-37 2.253701968972887e-35 4.4241090744767153e-33 9.890092269706387e-33
1.1522893861159297e-05 1.450445155248846e-38 1.80600708808208e-38 3.5429895701402443e-38 6.798612680590198e-38 3.3462214601467183e-37 2.3266893563093717e-35 4.715673422354344e-33 1.058295351605846e-32
1.1791568318464117e-05 1.420193899133443e-38 1.769195854148045e-38 3.4789954389607705e-38 6.70454656246699e-38 3.360581654057199e-37 2.4026754847398584e-35 5.027375716609468e-33 1.1324961463184658e-32
1.206650734479802e-05 1.3905790457999508e-38 1.733145502551293e-38 3.416237129896767e-38 6.612297101630852e-38 3.3761302929900402e-37 2.48180948225787e-35 5.3606343261398724e-33 1.2119620716411945e-32
