results/limits/BECCAL_h.dat
# %ECSV 1.0
# ---
# datatype:
# - {name: mx, unit: MeV, datatype: float64}
# - {name: sigma, unit: cm2, datatype: float64}
# schema: astropy-2.0
mx sigma
[from data line 4104]
36.958432439600095 7.203634510863508e-20
37.09487079861819 7.230227961143699e-20
37.23181284311696 7.256919593319101e-20
37.369260432537395 7.283709763138979e-20
37.50721543318488 7.310598821714025e-20
37.645679718254385 7.33758716916829e-20
37.78465516785641 7.364675131396738e-20
37.92414366904187 7.39186309498252e-20
38.064147115828305 7.419151429463477e-20
38.20466740922533 7.44654049578913e-20
38.34570645726024 7.474030691950206e-20
38.48726617500445 7.501622362832464e-20
38.62934848459886 7.529315884922721e-20
38.77195531528052 7.557111659620477e-20
38.915088603408606 7.585010034972073e-20
39.05875029249044 7.613011400094776e-20
39.202942333208455 7.641116142749881e-20
39.34766668344604 7.669324631289265e-20
39.492925308314696 7.697637258600033e-20
39.63872018018045 7.726054410109087e-20
39.78505327869042 7.754576470077522e-20
39.93192659080018 7.783203826865858e-20
40.07934211080048 7.811936867738175e-20
40.2273018403441 7.840775975932086e-20
40.37580778847358 7.869721552770964e-20
40.52486197164785 7.89877397370127e-20
40.67446641377021 7.927933652475595e-20
40.82462314621552 7.95720098087968e-20
40.975334207857586 7.986576366658829e-20
41.126601645097374 8.01606018670623e-20
41.27842751189015 8.045652850745457e-20
41.43081386977399 8.075354757834411e-20
41.583762787897456 8.10516631147303e-20
41.73727634304748 8.135087928088864e-20
41.89135661967817 8.165120005399445e-20
42.04600570993837 8.195262954899381e-20
42.201225713700744 8.225517172477615e-20
42.35701873858997 8.255883036238277e-20
42.51338690001114 8.286361083278803e-20
42.670332321179046 8.316951615930584e-20
42.827857133146374 8.347655075908047e-20
42.98596347483319 8.378471867987037e-20
43.14465349305576 8.40940244907692e-20
43.303929342555435 8.440447188648956e-20
43.46379318602849 8.471606560904348e-20
43.624247194154826 8.502880940099472e-20
43.785293545628036 8.534270795627965e-20
43.94693442718474 8.565776521082264e-20
44.109172033634 8.597398549954938e-20
44.27200856788775 8.629137332171344e-20
44.43544624098998 8.660993265454481e-20
44.59948727214741 8.692966813446676e-20
44.76413388875932 8.725058396485479e-20
44.92938832644756 8.757268441411204e-20
45.09525282908753 8.78959740328251e-20
45.26172964883789 8.822045712534692e-20
45.42882104617183 8.85461380942491e-20
45.59652928990743 8.887302133252739e-20
45.76485665723825 8.920111137345405e-20
45.93380543376486 8.95304126450766e-20
46.10337791352514 8.986092950230535e-20
46.27357639902608 9.019266652212549e-20
46.44440320127478 9.05256282195244e-20
46.61586063980952 9.085981910838307e-20
46.78795104273193 9.11952437241807e-20
46.96067674673787 9.153190662403731e-20
47.13404009714976 9.186981238676298e-20
47.308043447948194 9.220896557903482e-20
47.482689161803606 9.254937073816097e-20
47.65797961010902 9.289103257157109e-20
47.83391717301145 9.323395536432848e-20
48.01050423944494 9.357814494191583e-20
48.18774320716269 9.392360468930409e-20
48.365636482769325 9.427033978332764e-20
48.54418648175424 9.46183549804883e-20
48.72339562852363 9.496765479608433e-20
48.90326635643412 9.531824417437731e-20
49.08380110782545 9.567012788235049e-20
49.265002334053406 9.602331046852832e-20
49.44687249552364 9.637779705918272e-20
49.62941406172485 9.673359222989831e-20
49.81262951126194 9.709070080573742e-20
49.99652133189042 9.744912786147663e-20
50.18109202054937 9.780887791929113e-20
50.36634408339606 9.816995626593185e-20
50.55228003583965 9.853236741247379e-20
50.73890240257507 9.88961165930894e-20
50.92621371761799 9.926120857308364e-20
51.11421652433843 9.9627648320457e-20
51.302913375496004 9.999544087258223e-20
51.49230683327426 1.0036459121512206e-19
51.682399469315186 1.0073510429841948e-19
51.873193864754846 1.0110698518986868e-19
52.064692610257566 1.0148023898003461e-19
52.256898306051895 1.018548706463435e-19
52.449813561965556 1.0223088539029794e-19
52.643440997460566 1.0260828811036422e-19
52.837783241669584 1.0298708430570419e-19
53.03284293343072 1.033672787565417e-19
53.22862272132412 1.0374887679121865e-19
53.42512526370763 1.0413188355739921e-19
53.622353228752544 1.045163042091803e-19
53.8203092944806 1.0490214409280351e-19
54.01899614879949 1.0528940829889186e-19
54.21841648954006 1.0567810223397202e-19
54.41857302449272 1.0606823104393197e-19
54.61946847144378 1.0645980008220737e-19
54.82110555821317 1.0685281469365778e-19
55.02348702269059 1.0724728005926047e-19
55.226615612873466 1.0764320182218337e-19
55.43049408690392 1.0804058517936168e-19
55.6351252131059 1.084394355094411e-19
55.84051177002353 1.088397582604665e-19
56.04665654645795 1.0924155886622165e-19
56.253562341506004 1.0964484283357033e-19
56.46123196459785 1.1004961552376313e-19
56.66966823553479 1.1045588244065234e-19
56.8788739845284 1.108636493413512e-19
57.08885205223796 1.1127292148637773e-19
57.299605289809904 1.1168370450023918e-19
57.51113655891615 1.1209600400108575e-19
57.723448731792615 1.1250982564232458e-19
57.93654469127904 1.1292517494683287e-19
58.150427330857184 1.1334205757723558e-19
58.36509955469094 1.1376047913937626e-19
58.580564277665424 1.141804454638828e-19
58.79682442542619 1.1460196207474564e-19
59.01388293441978 1.1502503481280823e-19
59.231742751932664 1.1544966918810769e-19
59.450406836132075 1.158758714958229e-19
59.66987815610583 1.1630364731244272e-19
59.89015969190227 1.1673300219140368e-19
60.111254434571585 1.1716394204638246e-19
60.333165386205444 1.175964727808729e-19
60.55589555997863 1.1803060022104429e-19
60.77944798018955 1.1846633039413714e-19
61.00382568230098 1.1890366922391047e-19
61.22903171298198 1.193426224504229e-19
61.45506913014892 1.1978319615862984e-19
61.68194100300661 1.2022539635280877e-19
61.90965041209084 1.2066922895937783e-19
62.13820044930925 1.2111470012107075e-19
62.36759421798415 1.215618157315759e-19
62.59783483289428 1.2201058190262987e-19
62.82892542031675 1.224610048361583e-19
63.060869118070364 1.229130906432689e-19
63.29366907555721 1.2336684541890642e-19
63.52732845380632 1.2382227524299893e-19
63.76185042551618 1.2427938634174772e-19
63.997238175097465 1.2473818490104535e-19
64.23349489871718 1.2519867732116072e-19
64.47062380434097 1.2566086964320675e-19
64.70862811177764 1.261247682162468e-19
64.94751105272249 1.265903793598403e-19
65.18727587080073 1.2705770950490135e-19
65.42792582161255 1.2752676475625376e-19
65.66946417277617 1.2799755162692672e-19
65.91189420397322 1.28470076512186e-19
66.1552192069928 1.2894434575287276e-19
66.3994424857758 1.294203659054036e-19
66.64456735646074 1.298981432943288e-19
66.8905971474277 1.303776845445605e-19
67.13753519934441 1.3085899606598885e-19
67.38538486521128 1.3134208444385907e-19
67.63414951040644 1.318269561975775e-19
67.88383251273251 1.3231361796458451e-19
68.13443726246122 1.3280207633032846e-19
68.3859671623805 1.332923378989883e-19
68.63842562784028 1.337844093951287e-19
68.89181608679839 1.3427829705230487e-19
69.14614197986813 1.3477400874239578e-19
69.40140676036384 1.3527154995976617e-19
69.65761389434877 1.3577092809788582e-19
69.91476686068178 1.3627214969413797e-19
70.17286915106403 1.3677522123469808e-19
70.43192427008752 1.372801507984008e-19
70.69193573528148 1.377869439391765e-19
70.95290707716107 1.3829560800697156e-19
71.21484183927502 1.3880614989605336e-19
71.4777435782532 1.3931857655908506e-19
71.74161586385597 1.3983289485743905e-19
72.00646227902149 1.4034911192165614e-19
72.2722864199154 1.408672346910778e-19
72.5390918959792 1.4138727012869921e-19
72.80688232997876 1.4190922541232462e-19
73.0756613580547 1.4243310763738866e-19
73.34543262977039 1.429589238224063e-19
73.61619980816268 1.4348668111241748e-19
73.88796656979112 1.4401638665581316e-19
74.16073660478747 1.4454804785768332e-19
74.43451361690687 1.4508167169093186e-19
74.70930132357685 1.4561726541181416e-19
74.98510345594893 1.4615483654080316e-19
75.26192375894884 1.466943921080984e-19
75.53976599132683 1.472359395417328e-19
75.81863392570975 1.477794861405967e-19
76.09853134865168 1.483250393875174e-19
76.37946206068496 1.4887260667803394e-19
76.6614298763729 1.4942219534649012e-19
76.94443862436027 1.4997381287590093e-19
77.22849214742641 1.505274669311254e-19
77.51359430253693 1.5108316477979003e-19
77.79974896089563 1.516409141033362e-19
78.08696000799812 1.5220072248891434e-19
78.37523134368337 1.527625975166974e-19
78.66456688218774 1.5332654662519314e-19
78.9549705521977 1.5389257787468883e-19
79.24644629690259 1.5446069863838516e-19
79.53899807404937 1.5503091670909346e-19
79.83262985599511 1.5560323982960776e-19
80.1273456297619 1.5617767571276794e-19
80.4231493970907 1.5675423237800537e-19
80.72004517449501 1.5733291742040657e-19
81.01803699331668 1.5791373879605997e-19
81.31712889977928 1.584967043364237e-19
81.61732495504418 1.5908182203124903e-19
81.91862923526524 1.596690997551433e-19
82.22104583164365 1.6025854553191418e-19
82.52457885048459 1.6085016736532356e-19
82.82923241325173 1.6144397327209677e-19
83.13501065662435 1.6203997118204767e-19
83.44191773255291 1.6263816947556119e-19
83.7499578083151 1.6323857611430763e-19
84.05913506657342 1.6384119922818956e-19
84.36945370543074 1.6444604703011707e-19
84.68091793848846 1.6505312760590094e-19
84.9935319949032 1.6566244952149366e-19
85.30730011944368 1.6627402040794716e-19
85.62222657254968 1.6688784967335683e-19
85.93831563038836 1.675039447509207e-19
86.25557158491361 1.6812231419132041e-19
86.57399874392384 1.687429664779591e-19
86.89360143111986 1.6936590995987094e-19
87.21438398616489 1.699911531501301e-19
87.53635076474205 1.7061870455974262e-19
87.85950613861472 1.7124857262918453e-19
88.18385449568541 1.7188076603344663e-19
88.50940024005479 1.7251529318500407e-19
88.83614779208271 1.7315216291191621e-19
89.16410158844684 1.7379138336924713e-19
89.4932660822041 1.7443296432425126e-19
89.82364574285072 1.7507691342094108e-19
90.15524505638217 1.7572323975009252e-19
90.48806852535557 1.7637195202587782e-19
90.82212066894921 1.7702305931516439e-19
91.15740602302529 1.7767656989129796e-19
91.49392914019086 1.7833249361823567e-19
91.8316945898592 1.7899083850131432e-19
92.17070695831306 1.7965161374388982e-19
92.51097084876552 1.8031482829273964e-19
92.85249088142375 1.80980491399133e-19
93.1952716935512 1.8164861177378534e-19
93.53931793953002 1.8231919864639968e-19
93.88463429092536 1.8299226113910027e-19
94.23122543654827 1.836678083113232e-19
94.57909608251873 1.8434584942921098e-19
94.92825095233098 1.85026393617953e-19
95.27869478691605 1.8570945017306895e-19
95.6304323447075 1.8639502836030591e-19
95.98346840170548 1.8708313733626532e-19
96.33780775154095 1.8777378678748916e-19
96.6934552055422 1.8846698581430863e-19
97.05041559279852 1.8916274389607758e-19
97.40869376022724 1.8986107047771257e-19
97.7682945726389 1.9056197504075311e-19
98.12922291280269 1.912654671521224e-19
98.49148368151424 1.9197155625459966e-19
98.85508179766045 1.9268025206879264e-19
99.22002219828775 1.9339156409458624e-19
99.58630983866851 1.941055021528503e-19
99.95394969236774 1.9482207570368255e-19
100.32294675131203 1.9554129471954974e-19
100.69330602585569 1.9626316881298913e-19
101.06503254485021 1.9698770783233202e-19
101.43813135571197 1.9771492161058674e-19
101.81260752449012 1.984448200381252e-19
102.1884661359368 1.9917741298005819e-19
102.5657122935746 1.9991271041386294e-19
102.94435111976722 2.0065072233895146e-19
103.32438775578845 2.0139145876605232e-19
103.70582736189134 2.021349296736239e-19
104.08867511737972 2.0288114532851141e-19
104.47293622067689 2.0363011572495209e-19
104.85861588939764 2.0438185112031357e-19
105.24571936041846 2.0513636160688625e-19
105.63425188994805 2.0589365753329206e-19
106.02421875360014 2.0665374914242076e-19
106.41562524646342 2.0741664673310797e-19
106.80847668317497 2.0818236073718896e-19
107.20277839799175 2.0895090149250569e-19
107.5985357448624 2.0972227941750706e-19
107.99575409750142 2.1049650502959059e-19
108.39443884946044 2.1127358883323899e-19
108.79459541420297 2.1205354137703887e-19
109.19622922517723 2.12836372813381e-19
109.59934573588927 2.1362209474814927e-19
110.00395041997861 2.1441071747389257e-19
110.4100487712907 2.1520225130023255e-19
110.81764630395318 2.1599670716659472e-19
111.22674855245002 2.1679409585908937e-19
111.63736107169598 2.1759442832018643e-19
112.04948943711366 2.183977153031659e-19
112.46313924470739 2.1920396770465857e-19
112.87831611114076 2.2001319666011975e-19
113.29502567381225 2.208254129588312e-19
113.71327359093107 2.216406276853793e-19
114.13306554159533 2.2245885188357014e-19
114.55440722586857 2.232800967600269e-19
114.97730436485632 2.2410437335707035e-19
115.40176270078554 2.249316924976686e-19
115.82778799708059 2.2576206668375556e-19
116.25538603844329 2.265955058876017e-19
116.6845626309306 2.2743202191023114e-19
117.11532360203286 2.282716259654056e-19
117.5476748007545 2.291143297477985e-19
117.98162209769164 2.2996014442115907e-19
118.41717138511339 2.308090815541187e-19
118.8543285770412 2.3166115268223777e-19
119.2930996093284 2.3251636939292764e-19
119.73349043974248 2.3337474329847513e-19
120.17550704804414 2.3423628600981494e-19
120.61915543607005 2.351010092030616e-19
121.06444162781374 2.359689244560078e-19
121.51137166950654 2.368400443097275e-19
121.95995162970154 2.3771437981079804e-19
122.41018759935385 2.3859194305436734e-19
122.86208569190521 2.394727459171534e-19
123.31565204336611 2.403568004678259e-19
123.77089281239846 2.412441183382252e-19
124.2278141804009 2.421347124538168e-19
124.68642235159076 2.4302859409217384e-19
125.14672355309006 2.439257757038553e-19
125.60872403500927 2.4482626935744607e-19
126.07243007053152 2.457300873126759e-19
126.53784795599941 2.466372418035615e-19
127.00498401099857 2.475477453209697e-19
127.47384457844524 2.4846161018068964e-19
127.94443602467159 2.493788486094131e-19
128.41676473951145 2.502994728244885e-19
128.8908371363888 2.5122349647096964e-19
129.3666596524029 2.521509309062438e-19
129.84423874841738 2.5308178912186464e-19
130.32358090914727 2.5401608371386047e-19
130.80469264324623 2.549538274989203e-19
131.28758048339682 2.5589503274477624e-19
131.77225098639704 2.56839713284006e-19
132.2587107332512 2.5778788091204794e-19
132.74696632925853 2.5873954889719543e-19
133.23702440410202 2.5969473011797866e-19
133.7288916119404 2.6065343755708e-19
134.2225746314962 2.6161568417245284e-19
134.7180801661485 2.6258148320143364e-19
135.21541494402297 2.6355084758720516e-19
135.71458571808253 2.645237905115828e-19
136.21559926622086 2.6550032526074953e-19
136.71846239135238 2.664804650403969e-19
137.22318192150635 2.6746422314424034e-19
137.72976470991895 2.684516130209251e-19
138.23821763512538 2.694426478737034e-19
138.74854760105526 2.704373414929599e-19
139.26076153712407 2.7143570713355883e-19
139.77486639832932 2.7243775830576683e-19
140.29086916534408 2.734435088877987e-19
140.80877684461083 2.744529722556107e-19
141.3285964684385 2.754661622739034e-19
141.85033509509688 2.764830926498123e-19
142.3739998089118 2.7750377707554237e-19
142.89959772036318 2.7852822976420456e-19
143.42713596617932 2.795564642693195e-19
143.95662170943586 2.8058849468242466e-19
144.48806213965224 2.816243348974604e-19
145.02146447288823 2.8266399933084796e-19
145.55683595184416 2.8370750171727525e-19
146.09418384595682 2.8475485640465436e-19
146.63351545150027 2.858060775874523e-19
147.17483809168402 2.868611794704883e-19
147.71815911675154 2.8792017651055774e-19
148.26348590408216 2.889830829089744e-19
148.8108258582889 2.900499133826375e-19
149.36018641132108 2.9112068212514904e-19
149.91157502256428 2.9219540383281935e-19
150.46499917894081 2.9327409306049656e-19
151.02046639501344 2.9435676443007833e-19
151.57798421308502 2.954434326778826e-19
152.13756020330297 2.965341125441043e-19
152.69920196376123 2.9762881881605283e-19
153.26291712060248 2.987275660030058e-19
153.82871332812385 2.9983037025113553e-19
154.3965982688784 3.009372451499365e-19
154.96657965378145 3.0204820644665027e-19
155.53866522221463 3.03163268964383e-19
