results/limits/BECCAL_l_phase.dat
# %ECSV 1.0
# ---
# datatype:
# - {name: mx, unit: MeV, datatype: float64}
# - {name: sigma_10, unit: cm2, datatype: float64}
# - {name: sigma_9, unit: cm2, datatype: float64}
# - {name: sigma_7, unit: cm2, datatype: float64}
# - {name: sigma_6, unit: cm2, datatype: float64}
# - {name: sigma_5, unit: cm2, datatype: float64}
# - {name: sigma_4, unit: cm2, datatype: float64}
# - {name: sigma_3, unit: cm2, datatype: float64}
# - {name: sigma_2, unit: cm2, datatype: float64}
# schema: astropy-2.0
mx sigma_10 sigma_9 sigma_7 sigma_6 sigma_5 sigma_4 sigma_3 sigma_2
[from data line 721]
5.214554576410165 1.0244370574514234e-32 8.036340061249189e-29 7.6622097610197e-21 7.662122831969392e-17 7.659545367056815e-13 7.4082808963756e-09 1.0518514414789337e-05 2.6235033662413587e-05
5.336140146648369 1.1142187802593985e-32 8.801301576278416e-29 8.40221765663867e-21 8.402125353016901e-17 8.399298988529802e-13 8.123767568442427e-09 1.1534385300224758e-05 2.876879516380895e-05
5.4605606763588606 1.2122799709887007e-32 9.639167384681979e-29 9.213694694849957e-21 9.213596640123568e-17 9.210497338993761e-13 8.908355289708454e-09 1.2648368067789092e-05 3.154726503644692e-05
5.587882267096237 1.3193967160861046e-32 1.0556908153234049e-28 1.0103543403332785e-20 1.0103439191326241e-16 1.0100040595037752e-12 9.768717882703912e-09 1.3869938424393119e-05 3.459407736780181e-05
5.718172561677172 1.4364182838674534e-32 1.1562163955253896e-28 1.1079332896988727e-20 1.1079222089337667e-16 1.1075495293744094e-12 1.0712173671098444e-08 1.5209487160300931e-05 3.793514862493432e-05
5.851500780117376 1.5642741131154217e-32 1.266330890340574e-28 1.214936345001124e-20 1.214924557339299e-16 1.2145158882818699e-12 1.174674791232272e-08 1.6678408792965104e-05 4.1598898747880335e-05
5.987937756406471 1.7039814957400398e-32 1.386952133052164e-28 1.3322736363489379e-20 1.332261090658715e-16 1.3318129564431013e-12 1.2881240350244198e-08 1.8289197480478683e-05 4.5616490374749153e-05
6.127555976140354 1.8566540058883753e-32 1.5190862594806859e-28 1.4609432783631666e-20 1.4609299193830764e-16 1.460438508666255e-12 1.4125301421933532e-08 2.0055555222382095e-05 5.00220987136555e-05
6.270429615030991 2.023510747561764e-32 1.6638360964902405e-28 1.602039732814103e-20 1.6020255007925422e-16 1.6014866341457591e-12 1.5489513113259944e-08 2.199250666102631e-05 5.485319787760637e-05
6.416634578314149 2.205886505910064e-32 1.8224105406166975e-28 1.7567631714669527e-20 1.7567480017681888e-16 1.7561570961253249e-12 1.6985479485168392e-08 2.4116527613679513e-05 6.015088146628708e-05
6.566248541075969 2.4052428948167486e-32 1.9961347743661714e-28 1.9264296751727053e-20 1.9264134978474285e-16 1.925765527523271e-12 1.862592528535017e-08 2.644568508453456e-05 6.596021178074974e-05
6.719350989519823 2.6231805716859947e-32 2.186461423401679e-28 2.1124823584736804e-20 2.1124650977883924e-16 2.1117545517555886e-12 2.0424803508387884e-08 2.899978998204653e-05 7.233060072743894e-05
6.87602326319537 2.8614526584601447e-32 2.394983078738012e-28 2.316503901254448e-20 2.316485475180004e-16 2.315706310131496e-12 2.2397416560212195e-08 3.180056915210791e-05 7.931623889933126e-05
7.036348598212252 3.1219794408103604e-32 2.6234454772801834e-28 2.5402296824874654e-20 2.5402100021392123e-16 2.5393555911336385e-12 2.4560543243961957e-08 3.4871845676638646e-05 8.697654527247831e-05
7.200412171461376 3.406864491449179e-32 2.8737624543769717e-28 2.785562711240022e-20 2.7855416802649957e-16 2.784604756350621e-12 2.6932583122992396e-08 3.823974384480738e-05 9.5376678440453e-05
7.368301145867304 3.7184123691557834e-32 3.14803211784903e-28 3.054589776914486e-20 3.0545672908223526e-16 3.05353988522949e-12 2.953371267225967e-08 4.1932910861766754e-05 0.0001045880895951137
7.540104716695753 4.059147991748111e-32 3.4485546680042255e-28 3.349599272852096e-20 3.349575218286991e-16 3.348448592626205e-12 3.238605760893916e-08 4.598276152918323e-05 0.00011468913280308216
7.715914158940838 4.4318378962055257e-32 3.7778518592702327e-28 3.673100586992485e-20 3.6730748409317555e-16 3.6718394128707186e-12 3.551388037430874e-08 5.0423744438017525e-05 0.0001257657289375765
7.8958228758172275 4.8395135161762376e-32 4.138688235345913e-28 4.027845335342425e-20 4.027817764224925e-16 4.026463026024252e-12 3.894378543323994e-08 5.52936334593154e-05 0.0001379120927079527
8.07992644838296 5.285496725566034e-32 4.5340948887553e-28 4.416851098138653e-20 4.4168215569103167e-16 4.415335985976688e-12 4.2704948771383635e-08 6.0633853591660124e-05 0.00015123154538083068
8.2683226863193 5.7734277629473e-32 4.96739480353514e-28 4.843426712809823e-20 4.843395043879356e-16 4.841766004812334e-12 4.682936244451986e-08 6.64898281801694e-05 0.00016583738080562966
8.461111679894604 6.307295949512593e-32 5.442231337994752e-28 5.311200737978515e-20 5.311166770075964e-16 5.309380407142052e-12 5.135210978769334e-08 7.291136966723695e-05 0.00018185384001596653
8.658395853139817 6.891473155212978e-32 5.9625987029379244e-28 5.82415188519687e-20 5.824115432125129e-16 5.822156551497361e-12 5.631165964968959e-08 7.995309735606357e-05 0.00019941715320572444
8.860280018263818 7.53075067852981e-32 6.532876511196276e-28 6.386643578999438e-20 6.386604438270643e-16 6.384456378645247e-12 6.175020054292213e-08 8.767491184736481e-05 0.00021867672305803912
9.066871431337571 8.23037947419177e-32 7.1578660440524365e-28 7.003460122574135e-20 7.003418073914748e-16 7.001062564964879e-12 6.771399031741003e-08 9.614249151768086e-05 0.00023979636304993546
9.278279849276613 8.996114382180882e-32 7.84283200913363e-28 7.679848472770811e-20 7.679803276487454e-16 7.677220283267627e-12 7.425376006971867e-08 0.00010542786600222228 0.0002629557278198851
9.494617588152204 9.8342623458771e-32 8.593546051473365e-28 8.421561644986914e-20 8.421513040175975e-16 8.418680592928906e-12 8.14251338105376e-08 0.00011561001205233484 0.00028835179934161455
9.715999582862075 1.0751735653199172e-31 9.4163373864756e-28 9.23490942940744e-20 9.23485713200297e-16 9.231751138910123e-12 8.928911882354403e-08 0.00012677554976271325 0.0003162006234378082
9.942543448192506 1.175610963378582e-31 1.0318144075647903e-27 1.01268094618165e-19 1.0126753162445626e-15 1.0123347205202011e-11 9.791259945221501e-08 0.0001390194436657281 0.00034673905843324814
10.17436954130415 1.2855686559067756e-31 1.1306573980615913e-27 1.1104848245451473e-19 1.1104787607091373e-15 1.1101052715958162e-11 1.0736892710029264e-07 0.00015244584043297616 0.00038022686453050784
10.411601025674827 1.4059565183057105e-31 1.2389969017452537e-27 1.217734532827418e-19 1.2177279983685297e-15 1.2173184390958866e-11 1.1773854074080179e-07 0.0001671689498938517 0.00041694890122595616
10.654363936533231 1.5377717047436125e-31 1.3577475334107157e-27 1.33534234794643e-19 1.3353353028388613e-15 1.3348861898268758e-11 1.291096454296813e-07 0.0001833140084109242 0.0004572175301381832
10.902787247818345 1.6821070131750555e-31 1.4879121154689485e-27 1.4643086373945948e-19 1.4643010380026915e-15 1.4638085512358538e-11 1.415789634119561e-07 0.00020101834532453136 0.0005013752749092669
11.157002940700098 1.8401600457681478e-31 1.630590227278656e-27 1.6057304106160223e-19 1.6057222093577445e-15 1.605182159883362e-11 1.5525256092653018e-07 0.000220432556876696 0.0005497977491784615
11.417146073697703 2.0132432402715425e-31 1.786987495116738e-27 1.760810603945786e-19 1.7608017489245286e-15 1.7602095432283658e-11 1.7024674593662654e-07 0.00024172178083754816 0.0006028968357257359
11.683354854432924 2.2027948482897916e-31 1.9584257373106664e-27 1.9308682104771726e-19 1.9308586450779113e-15 1.9302092460530764e-11 1.8668904755344659e-07 0.0002650670871223956 0.0006611241549164801
11.955770713056356 2.4103910248683152e-31 2.1463546389691396e-27 2.1173499739336014e-19 2.1173396363816353e-15 2.1166275203647176e-11 2.0471934667867973e-07 0.00029066708311416246 0.0007249750686593365
12.234538377385784 2.6377589351305572e-31 2.3523633586559863e-27 2.3218419548478207e-19 2.3218307777246443e-15 2.3210498876419966e-11 2.2449099430024766e-07 0.0003187395014554873 0.0007949926406402759
12.519805949796487 2.886791270812514e-31 2.5781946369803543e-27 2.5460836554843267e-19 2.5460715651974985e-15 2.545215258961178e-11 2.4617217718511195e-07 0.00034952313910310395 0.0008717724726668702
12.811724985904382 3.1595620356534484e-31 2.8257592857258137e-27 2.791982499295148e-19 2.7919694154986587e-15 2.7910304095327963e-11 2.6994731785053634e-07 0.0003832798450518603 0.0009559676624032354
13.110450575083778 3.458343836549253e-31 3.0971522534145926e-27 3.0616298686567096e-19 3.061615703614455e-15 3.0605860109879486e-11 2.9601862520025073e-07 0.0004202967219775916 0.0010482942946564182
13.416141422862523 3.785627025724373e-31 3.3946713079134064e-27 3.3573198209578804e-19 3.3573044788476607e-15 3.3561753411124884e-11 3.246079041222755e-07 0.0004608886955620555 0.0011495378497267967
13.72895993523834 4.144140137567696e-31 3.720835124059243e-27 3.6815671275431593e-19 3.681550503695139e-15 3.680312316657988e-11 3.559582996150122e-07 0.0005054009908589935 0.001260559379902637
14.04907230496112 4.536873049472686e-31 4.0784061598773485e-27 4.0371301675452622e-19 4.037112147605098e-15 4.035754379399566e-11 3.903365103173826e-07 0.000554212275135099 0.0013823033482608354
14.37664859982702 4.967101521880092e-31 4.47041285122802e-27 4.427033095898907e-19 4.427013554913741e-15 4.4255246566172055e-11 4.2803493186150185e-07 0.0006077377010707671 0.0015158052189473427
14.711862853031292 5.438414774373631e-31 4.900176346148771e-27 4.854592575612213e-19 4.8545713770264354e-15 4.8529386842866316e-11 4.693742415287538e-07 0.0006664325765375449 0.001662200610250617
15.054893155627816 5.954745054981565e-31 5.3713381111809394e-27 5.323445386925881e-19 5.323422381484469e-15 5.321632006860792e-11 5.147060676893514e-07 0.0007307961547538929 0.001822734747919831
15.405921751144481 6.520400595435193e-31 5.887891282508558e-27 5.837579752528127e-19 5.8375547770718945e-15 5.835591491841759e-11 5.64416018534902e-07 0.0008013759345766489 0.001998773190851695
15.765135132404664 7.140101213195771e-31 6.4542142133974885e-27 6.401368871904548e-19 6.401341748051346e-15 6.399188852738582e-11 6.189269244051558e-07 0.0008787722640603659 0.002191813313180929
16.132724140606275 7.819017394987988e-31 7.075107576174522e-27 7.019608025890789e-19 7.019578558592159e-15 7.01721774101685e-11 6.787024253061798e-07 0.0009636434341304724 0.0024034970088012125
16.50888406671095 8.562813507983113e-31 7.75583647281297e-27 7.697556683605565e-19 7.697524659561354e-15 7.694935838728593e-11 7.442510420922702e-07 0.0010567114589777131 0.002635625108690383
16.89381475519735 9.377694388521396e-31 8.502172999916785e-27 8.440981004083856e-19 8.440946190007571e-15 8.438107345702583e-11 8.161302858096023e-07 0.001158767910635823 0.0028901719333781543
17.287720710233557 1.027045658961782e-30 9.32044672655494e-27 9.256204373270109e-19 9.256166513990247e-15 9.25305349937741e-11 8.949515439537846e-07 0.0012706808566464614 0.0031693025967084306
17.690811204325115 1.1248545196761886e-30 1.0217599163159856e-26 1.0150161815409985e-18 1.015012063178245e-14 1.0146706967705246e-10 9.813853413292317e-07 0.0013934023295957853 0.003475391636183423
18.103300389496336 1.2320114689911422e-30 1.1201241005680438e-26 1.113045723594419e-18 1.1130412422572173e-14 1.1126669072601754e-10 1.0761668746777984e-06 0.0015279761853573966 0.0038110426128102086
18.52540741106398 1.3494096069080847e-30 1.2279716996533184e-26 1.2205428254084226e-18 1.2205379476817123e-14 1.2201274600497078e-10 1.1801022811287213e-06 0.00167554700323827 0.0041791103096373745
18.957356524063755 1.4780271794412981e-30 1.34621789568979e-26 1.3384219227542903e-18 1.3384166120728775e-14 1.3379664802260966e-10 1.2940756987214713e-06 0.0018373701107351613 0.0045827257352690064
19.399377212391464 1.618935477907371e-30 1.4758661571030907e-26 1.4676857054306156e-18 1.4676799217791043e-14 1.467186316922859e-10 1.419056595431938e-06 0.002014821989520643 0.005025322078232637
19.85170431072216 1.7733078035196562e-30 1.6180168683943505e-26 1.6094337401531891e-18 1.6094274397362145e-14 1.608886163280276e-10 1.5561081063626328e-06 0.002209412112852701 0.0055106642315705945
20.314578129271972 1.942428992592826e-30 1.7738765637915847e-26 1.7648717042790183e-18 1.764864839160432e-14 1.7642712870329752e-10 1.7063959615291927e-06 0.0024227956215318626 0.006042880408916989
20.788244581469023 2.1277060773393697e-30 1.944768207391875e-26 1.935321664468724e-18 1.9353141821760627e-14 1.9346633056807944e-10 1.8711984239635481e-06 0.002656787434338261 0.006626497338421238
21.272955314601134 2.3306797998752848e-30 2.1321425859183527e-26 2.1222334676348724e-18 2.1222253107252975e-14 2.121511573567701e-10 2.051917303250011e-06 0.0029133778854028175 0.00726647926511501
21.76896784350983 2.5530374254230793e-30 2.337590946613766e-26 2.3271973836025588e-18 2.327188489186776e-14 2.3264058202485148e-10 2.250090179301795e-06 0.0031947500799165106 0.007968271239118054
22.27654568740161 2.796626254569362e-30 2.5628574020263632e-26 2.5519564906886102e-18 2.551946789911216e-14 2.551088531859121e-10 2.4674023775715528e-06 0.003503296896917751 0.008737841523594464
22.79595850984919 3.0634690678395942e-30 2.809854755028492e-26 2.7984225111776166e-18 2.798411928645179e-14 2.7974707812146436e-10 2.7057022798575058e-06 0.0038416427280650867 0.009581735815093254
23.327482262057103 3.355780836429231e-30 3.080680844860985e-26 3.0686921568259464e-18 3.0686806099800845e-14 3.067648567761288e-10 2.9670171282379138e-06 0.004212665916569445 0.010507133210210438
23.871399329467756 3.6759864613830295e-30 3.3776356825142446e-26 3.3650642580697112e-18 3.365051656501932e-14 3.363919940965355e-10 3.2535695867427933e-06 0.004619522271985851 0.011521904855634944
24.427998681785848 4.026741087921063e-30 3.703241384044604e-26 3.6900596884382904e-18 3.6900459331369024e-14 3.688804917958069e-10 3.5677970056183993e-06 0.0050656724222329745 0.012634682168918634
24.997576026500827 4.410951628734723e-30 4.060263519255471e-26 4.0464427195067495e-18 4.0464277020325745e-14 4.0450668312349053e-10 3.9123720687345655e-06 0.00555491112944315 0.01385492995738666
25.580433965988984 4.831801078628305e-30 4.451735561153998e-26 4.437245475274977e-18 4.437229076855302e-14 4.4357367747287524e-10 4.290226437726531e-06 0.006091400860671972 0.015193030149419369
26.176882158278623 5.292773829617417e-30 4.8809823872302815e-26 4.865791397761666e-18 4.8657734883016524e-14 4.864137061429615e-10 4.704573440108618e-06 0.006679704001208541 0.016660362140140498
26.787237481563718 5.797684927461738e-30 5.351650838044501e-26 5.335725843485233e-18 5.335706280480289e-14 5.333911809476597e-10 5.1589376520171106e-06 0.007324824857100959 0.018269407553137905
27.411824202553472 6.350711230405093e-30 5.867739810563477e-26 5.851046151301687e-18 5.851024778646015e-14 5.849056999779919e-10 5.657183969819133e-06 0.008032250931957453 0.020033853192099608
28.050974148747212 6.956426320466421e-30 6.433635168714652e-26 6.416136554180336e-18 6.416113200858269e-14 6.413955375938139e-10 6.20355136516963e-06 0.008808000853457025 0.021968710578000265
28.705026884726152 7.619836433069927e-30 7.054143954743404e-26 7.035802372132271e-18 7.035776850792696e-14 7.033410625550374e-10 6.802685945036531e-06 0.009658671313031712 0.024090433024963456
29.374329892555654 8.346423577891325e-30 7.734539525086594e-26 7.71531517793987e-18 7.715287283321731e-14 7.712692530607251e-10 7.459684620973877e-06 0.01059149906889875 0.026417070286780385
30.05923875639388 9.142189453258583e-30 8.480603167976169e-26 8.460454379842482e-18 8.460423887056869e-14 8.457578536048405e-10 8.180135314060453e-06 0.011614418030319767 0.02896841093513952
30.760117351404876 1.0013706157708852e-29 9.298676016593498e-26 9.27755914922176e-18 9.277525811860857e-14 9.274405659811028e-10 8.97016716208594e-06 0.012736130543371166 0.03176616015893481
31.477338037076432 1.096816845646409e-29 1.0195709500501347e-25 1.0173578856742677e-17 1.0173542404817414e-13 1.0170120911837323e-09 9.836499284608583e-06 0.013966176629134379 0.034834112456547044
32.21128185504559 1.2013455238039184e-29 1.1179327396696165e-25 1.1156135119182616e-17 1.1156095256851264e-13 1.1152343319827639e-09 1.0786500774009374e-05 0.015315019160915402 0.03819836408288112
32.962338731536356 1.3158194225605325e-29 1.2257891025623635e-25 1.2233587011466538e-17 1.2233543414545496e-13 1.2229429119126418e-09 1.1828253746882766e-05 0.01679413338662809 0.04188753633400907
