results/limits/BECCAL_False_l_5.dat
# %ECSV 1.0
# ---
# datatype:
# - {name: mx, unit: MeV, datatype: float64}
# - {name: sigma_5, unit: cm2, datatype: float64}
# schema: astropy-2.0
mx sigma_5
1e-10 9.195305368302325e-31
1.3848863713938747e-10 6.639779451372126e-31
1.9179102616724848e-10 4.794462926459942e-31
2.656087782946684e-10 3.461991333379986e-31
3.6783797718286343e-10 2.4998384048058733e-31
5.094138014816385e-10 1.805086153846267e-31
7.054802310718631e-10 1.3034190001555477e-31
9.770099572992246e-10 9.411750124747968e-32
1.3530477745798075e-09 6.796059474993943e-32
1.873817422860387e-09 4.907324773453334e-32
2.595024211399732e-09 3.543513221529602e-32
3.5938136638046257e-09 2.558741614430921e-32
4.977023564332114e-09 1.84767161391022e-32
6.892612104349681e-09 1.3342419894411098e-32
9.545484566618328e-09 9.635325436455396e-33
1.3219411484660288e-08 6.958894172106815e-33
1.8307382802953696e-08 5.026833410309492e-33
2.5353644939701113e-08 3.632470239775059e-33
3.5111917342151277e-08 2.6266386351228152e-33
4.8626015800653535e-08 1.901709127882502e-33
6.734150657750828e-08 1.3800404191919948e-33
9.3260334688322e-08 1.0055929763833194e-33
1.2915496650148827e-07 7.3777478835990156e-34
1.7886495290574352e-07 5.468776764077316e-34
2.4770763559917087e-07 4.108298843791077e-34
3.430469286314912e-07 3.13260277606644e-34
4.7508101621027934e-07 2.424544202677765e-34
6.579332246575682e-07 1.9039155232710567e-34
9.111627561154887e-07 1.5168445300146402e-34
1.261856883066021e-06 1.2269793084483419e-34
1.747528400007683e-06 1.0094449932427722e-34
2.4201282647943835e-06 8.470276570075048e-35
3.3516026509388406e-06 7.278495345353806e-35
4.641588833612773e-06 6.440102339629258e-35
6.4280731172843194e-06 5.909014451888767e-35
8.902150854450375e-06 5.670929908496922e-35
1.2328467394420658e-05 5.74843857126833e-35
1.7073526474706886e-05 6.21420739022908e-35
2.3644894126454072e-05 7.214554850465914e-35
3.274549162877725e-05 9.004572207955674e-35
4.534878508128582e-05 1.1998553659519973e-34
6.280291441834246e-05 1.6871961937851835e-34
8.697490026177834e-05 2.483650716012434e-34
0.00012045035402587811 3.8313943342607135e-34
0.0001668100537200059 6.247092254878167e-34
0.0002310129700083158 1.089222417389224e-33
0.00031992671377973844 2.051828017876227e-33
0.00044306214575838776 4.1938345756679675e-33
0.0006135907273413163 9.253483927070313e-33
0.0008497534359086438 2.1738707680051636e-32
0.0011768119524349966 5.344326936703184e-32
0.0016297508346206436 1.3540311257848113e-31
0.002257019719633917 3.4961293388112157e-31
0.0031257158496882354 9.131934550506149e-31
0.004328761281083053 2.4017658537075698e-30
0.005994842503189409 6.342162051786703e-30
0.008302175681319735 1.678414464421421e-29
0.011497569953977356 4.446250552474547e-29
0.01592282793341094 1.1778937264177748e-28
0.022051307399030412 3.1173628734564305e-28
0.030538555088334123 8.229722250250212e-28
0.04229242874389499 2.161646337857532e-27
0.058570208180566734 5.623253539623842e-27
0.08111308307896856 1.436998201850987e-26
0.11233240329780265 3.558463037360773e-26
0.15556761439304723 8.365909101528808e-26
0.21544346900318778 1.8209294563653558e-25
0.2983647240283334 3.592702053173584e-25
0.41320124001153347 6.390513690558431e-25
0.572236765935022 1.0391048497357969e-24
0.7924828983539153 1.5827453547610828e-24
1.0974987654930546 2.312376981544867e-24
1.5199110829529332 3.2970054003334514e-24
2.104904144512022 4.6378550815371656e-24
2.91505306282517 6.477167281372323e-24
4.03701725859655 9.01263491303922e-24
5.5908101825122225 1.2519328932223768e-23
7.742636826811277 1.7382240161909814e-23
10.72267222010321 2.414529389310866e-23
14.849682622544636 3.358783785471588e-23
20.565123083486515 4.6849810871032033e-23
28.48035868435793 6.564779068366144e-23
39.44206059437648 9.266824824434968e-23
54.62277217684337 1.3231925412919142e-22
75.64633275546291 1.9223249098122138e-22
104.76157527896619 2.863936349731935e-22
145.08287784959373 4.419506150681516e-22
200.92330025650458 7.1467912916380845e-22
278.2559402207126 1.2255875642491448e-21
385.352859371052 2.2503682797914027e-21
533.6699231206302 4.4408914545755025e-21
739.0722033525775 9.363861112456744e-21
1023.5310218990269 2.0726030447537444e-20
1417.474162926802 4.677541353936302e-20
1963.0406500402685 1.0370974416319103e-19
2718.58824273294 2.1731489586167845e-19
3764.935806792456 4.1778249768327025e-19
5214.0082879996735 7.299247576787119e-19
7220.8090183854565 1.1729051712706286e-18
10000.0 1.7735910347955488e-18
