results/limits/BECCAL_l_phase.dat
# %ECSV 1.0
# ---
# datatype:
# - {name: mx, unit: MeV, datatype: float64}
# - {name: sigma_10, unit: cm2, datatype: float64}
# - {name: sigma_9, unit: cm2, datatype: float64}
# - {name: sigma_7, unit: cm2, datatype: float64}
# - {name: sigma_6, unit: cm2, datatype: float64}
# - {name: sigma_5, unit: cm2, datatype: float64}
# - {name: sigma_4, unit: cm2, datatype: float64}
# - {name: sigma_3, unit: cm2, datatype: float64}
# - {name: sigma_2, unit: cm2, datatype: float64}
# schema: astropy-2.0
mx sigma_10 sigma_9 sigma_7 sigma_6 sigma_5 sigma_4 sigma_3 sigma_2
[from data line 317]
0.0004711651641537129 1.674582630390464e-33 2.4044168819436365e-33 1.5371007610987578e-32 2.040932351370373e-30 1.5457119296125862e-26 1.4187364108951795e-22 2.012414949887206e-19 5.019269428577342e-19
0.00048215112361018567 1.679686352063479e-33 2.414951654673987e-33 1.5714278694643323e-32 2.2160191741901702e-30 1.6928034629261605e-26 1.5556887880200456e-22 2.20677150669587e-19 5.50402671069503e-19
0.0004933932380508582 1.6848212784334738e-33 2.4255790998963454e-33 1.6070238716051028e-32 2.407134702856453e-30 1.8538982299014737e-26 1.7058646645751544e-22 2.419898832338804e-19 6.0356014980255e-19
0.0005048974801334842 1.6899876962639794e-33 2.4363004437786388e-33 1.6439496909227737e-32 2.6157788908355317e-30 2.0303327810270908e-26 1.8705410027336626e-22 2.6536097920241387e-19 6.618515391594251e-19
0.0005166699617777604 1.6951858964287794e-33 2.4471169341295174e-33 1.6822697508580148e-32 2.8435925820899132e-30 2.2235718185618558e-26 2.051118085505519e-22 2.909892336086444e-19 7.257726685428042e-19
0.0005287169374124361 1.7004161728271525e-33 2.4580298408637792e-33 1.7220522059131063e-32 3.0923708442729727e-30 2.4352205402060965e-26 2.2491314266334975e-22 3.190926409578603e-19 7.958672542053729e-19
0.0005410448072981404 1.7056788235120868e-33 2.469040456465296e-33 1.7633691897438339e-32 3.364077598038868e-30 2.667038174167329e-26 2.466264830717482e-22 3.4991024949730384e-19 8.72731524125968e-19
0.0005536601209276797 1.71097414962427e-33 2.4801500965984057e-33 1.806297081706236e-32 3.66086167155015e-30 2.9209528205847445e-26 2.704364714678449e-22 3.8370419457306406e-19 9.57019289559727e-19
0.0005665695805056229 1.7163024567144033e-33 2.4913601004900778e-33 1.8509167933632675e-32 3.9850744215011254e-30 3.199077725291136e-26 2.9654558123355856e-22 4.2076192836342085e-19 1.0494475063857469e-18
0.0005797800445090163 1.721664054067796e-33 2.5026718315245278e-33 1.897314076591267e-32 4.339289075218377e-30 3.503729124130696e-26 3.251758395718701e-22 4.613986649606403e-19 1.1508023735717637e-18
0.0005932985313311235 1.7270592538327386e-33 2.5140866777542264e-33 1.94557985506974e-32 4.726321962730542e-30 3.837445809329723e-26 3.565707159563036e-22 5.059600615941069e-19 1.261946020616996e-18
0.000607132223010125 1.732488373907767e-33 2.5256060525371078e-33 1.9958105810980007e-32 5.149255823235604e-30 4.2030105841032326e-26 3.909971929679058e-22 5.548251588103608e-19 1.383823840879206e-18
0.0006212884690447563 1.7379517343748324e-33 2.537231394986396e-33 2.0481086198556172e-32 5.6114653872675504e-30 4.603473787626464e-26 4.287480371259343e-22 6.084096046077192e-19 1.5174725331345914e-18
0.0006357747902989163 1.7434496602760544e-33 2.548964170646296e-33 2.1025826634145955e-32 6.116645454216249e-30 5.0421790901669577e-26 4.701442890312299e-22 6.671691899550852e-19 1.66402891978479e-18
0.0006505988829973161 1.7489824810499337e-33 2.5608058720506944e-33 2.1593481770193946e-32 6.668841704847517e-30 5.522791777462166e-26 5.155379940067956e-22 7.316037257732612e-19 1.82473961673164e-18
0.0006657686228142928 1.7545505298877244e-33 2.5727580193925656e-33 2.218527880380833e-32 7.272484510340841e-30 6.049329764521307e-26 5.653151964564981e-22 8.022612943483924e-19 2.0009716371517503e-18
0.0006812920690579615 1.7601541438255046e-33 2.5848221610825656e-33 2.2802522669797802e-32 7.93242602326588e-30 6.626197602310574e-26 6.198992234188577e-22 8.797429113504456e-19 2.194224019392494e-18
0.0006971774689519261 1.7657936649851647e-33 2.596999874467148e-33 2.3446601646521114e-32 8.653980862163215e-30 7.258223766018465e-26 6.797542852280685e-22 9.647076380870496e-19 2.4061405778344778e-18
0.0007134332620168255 1.7714694392800462e-33 2.609292766467837e-33 2.4118993410287377e-32 9.442970730195881e-30 7.950701541968192e-26 7.453894239455266e-22 1.0578781875293037e-18 2.6385238853084626e-18
0.0007300680845540431 1.77718181798435e-33 2.6217024742820723e-33 2.482127157734954e-32 1.0305773340034793e-29 8.70943386008431e-26 8.173628431001056e-22 1.1600470717279714e-18 2.8933506058354405e-18
0.0007470907742339592 1.7829311557905295e-33 2.6342306661044704e-33 2.5555112776182867e-32 1.1249376051979699e-29 9.54078245312812e-26 8.962866556041282e-22 1.272083342964813e-18 3.1727883082470122e-18
0.0007645103747911887 1.7887178127448276e-33 2.646879041814488e-33 2.6322304296725815e-32 1.2281434670745611e-29 1.0451721760164677e-25 9.828320902080598e-22 1.3949399859474998e-18 3.479213903623365e-18
0.0007823361408292924 1.7945421533234265e-33 2.659649333776781e-33 2.7124752367655413e-32 1.3410337888569945e-29 1.144989803235967e-25 1.077735200793329e-21 1.5296620239457286e-18 3.8152338634266376e-18
0.00080057754273752 1.800404547104943e-33 2.6725433075606535e-33 2.7964491117589877e-32 1.4645277908886476e-29 1.2543694143298613e-25 1.1818031270597299e-21 1.6773954078102101e-18 4.183706390282432e-18
0.0008192442717221943 1.806305367307839e-33 2.685562762783535e-33 2.8843692281419463e-32 1.5996327835931942e-29 1.374230065458029e-25 1.295920959868278e-21 1.839396763495904e-18 4.5877657300224925e-18
0.0008383462449554094 1.8122449937712115e-33 2.698709533869913e-33 2.9764675718775383e-32 1.7474526472048963e-29 1.505579374032308e-25 1.4210592696026849e-21 2.0170440809550637e-18 5.030848831669852e-18
0.0008578936108437789 1.8182238099584663e-33 2.7119854909212716e-33 3.07299208180898e-32 1.909197122622397e-29 1.6495220633405577e-25 1.5582823616496957e-21 2.211848435411509e-18 5.516724582365126e-18
0.0008778967544200344 1.8242422055090797e-33 2.725392540590066e-33 3.174207886671892e-32 2.0861919905352082e-29 1.8072693319038533e-25 1.7087573291575143e-21 2.425466840630115e-18 6.049525865688776e-18
0.000898366302860337 1.8303005745894913e-33 2.738932626913104e-33 3.280398647538381e-32 2.2798902234152258e-29 1.9801491272321262e-25 1.873763980109149e-21 2.659716343560681e-18 6.6337847161901645e-18
0.0009193131311302326 1.8363993161921632e-33 2.7526077322691056e-33 3.391868015370537e-32 2.4918842031233747e-29 2.169617411274035e-25 2.0547057231222435e-21 2.9165894802060205e-18 7.274470869050376e-18
0.0009407483677622533 1.842538835830699e-33 2.7664198783155048e-33 3.5089412143027014e-32 2.723919105820042e-29 2.3772705133876353e-25 2.2531215046471574e-21 3.198271224292522e-18 7.97703403305787e-18
0.000962683400768232 1.848719543231682e-33 2.780371126906124e-33 3.6319667623044686e-32 2.9779075656222984e-29 2.604858675674762e-25 2.4706988989298606e-21 3.507157572666036e-18 8.747450245866305e-18
0.000985129883689471 1.854941854835611e-33 2.7944635811421242e-33 3.761318342017897e-32 3.2559457391549324e-29 2.8543009060521565e-25 2.709288462329405e-21 3.845875925851912e-18 9.592272706708591e-18
0.0010080997417879817 1.8612061915889403e-33 2.8086993863223307e-33 3.897396835816063e-32 3.5603309047834725e-29 3.1277012650799967e-25 2.9709194738316625e-21 4.217307436773155e-18 1.051868751804517e-17
0.0010316051783820807 1.867512980876248e-33 2.8230807310927883e-33 4.0406325405109455e-32 3.8935807431021694e-29 3.4273667252440715e-25 3.2578171958974326e-21 4.6246115180802395e-18 1.1534574811170695e-17
0.0010556586813297128 1.873862655407786e-33 2.8376098484111747e-33 4.1914875786636715e-32 4.2584544591156185e-29 3.755826754231839e-25 3.5724218021753194e-21 5.071252716140558e-18 1.264857577468812e-17
0.0010802730296629402 1.8802556540783426e-33 2.8522890167761668e-33 4.350458525124258e-32 4.657975921818021e-29 4.1158547890233834e-25 3.9174091334148694e-21 5.561030180756528e-18 1.3870166157188387e-17
0.001105461300377127 1.8866924215606287e-33 2.8671205612745468e-33 4.5180792692757574e-32 5.09545901338916e-29 4.510491783042872e-25 4.295713457803934e-21 6.0981099808203274e-18 1.5209736868198804e-17
0.0011312368753784248 1.8931734093282558e-33 2.8821068548083285e-33 4.6949241354927193e-32 5.574535398424832e-29 4.943072026883353e-25 4.7105524296498515e-21 6.687060541238071e-18 1.6678682364128647e-17
0.0011576134485932472 1.89969907400222e-33 2.897250319329349e-33 4.8816112865662016e-32 6.099184943297899e-29 5.4172514617759785e-25 5.165454458340687e-21 7.33289150203692e-18 1.828949756974357e-17
0.0011846050332435167 1.9062698795416144e-33 2.912553427061684e-33 5.078806437312779e-32 6.673769037465297e-29 5.9370387268584665e-25 5.664288720708555e-21 8.041096330648555e-18 2.0055884160724758e-17
0.0012122259692915415 1.9128862956870392e-33 2.928018701777193e-33 5.287226908311013e-32 7.303067092043975e-29 6.506829204118968e-25 6.2112980719824544e-21 8.817699049692166e-18 2.1992867111010986e-17
0.0012404909310584848 1.9195487987041798e-33 2.9436487201779997e-33 5.507646052694988e-32 7.992316516791002e-29 7.131442350379187e-25 6.811135135156897e-21 9.669305477562413e-18 2.411692249587315e-17
0.0012694149350204683 1.9262578716180878e-33 2.9594461132036044e-33 5.740898092242757e-32 8.74725650479731e-29 7.816162633803963e-25 7.468901875816815e-21 1.0603159417767826e-17 2.6446117638046902e-17
0.0012990133477864558 1.9330140045275345e-33 2.975413567496073e-33 5.987883402618796e-32 9.574175985055383e-29 8.566784423228654e-25 8.190192999243293e-21 1.1627204275253615e-17 2.900026478972289e-17
0.0013293018942621524 1.93981769433658e-33 2.9915538268126128e-33 6.249574291632245e-32 1.0479966136550595e-28 9.389661211571816e-25 8.981143538520377e-21 1.2750150623228645e-17 3.180108965614564e-17
0.001360296666004259 1.9466694447327666e-33 3.007869693573656e-33 6.527021318769134e-32 1.1472177894656594e-28 1.0291759592366607e-24 9.848481038874452e-21 1.3981550295856942e-17 3.487241619587144e-17
0.001392014129769518 1.953569766391929e-33 3.0243640303433722e-33 6.821360209095323e-32 1.2559084920426806e-28 1.128071844805168e-24 1.0799582781822325e-20 1.5331877636616804e-17 3.824036926852525e-17
0.0014244711362630968 1.9605191778959947e-33 3.0410397614761636e-33 7.133819419947072e-32 1.3749752547920938e-28 1.2364913853456227e-24 1.1842538535963034e-20 1.6812618593550285e-17 4.1933596854088404e-17
0.0014576849290909482 1.967518204290985e-33 3.0578998747380182e-33 7.4657284246764e-32 1.505411327238373e-28 1.3553530246331357e-24 1.2986219368146525e-20 1.843636841921418e-17 4.5983513733832326e-17
0.0014916731539209149 1.974567379338717e-33 3.0749474230160896e-33 7.818526784147519e-32 1.6483049395282686e-28 1.485663847055537e-24 1.424035310070527e-20 2.021693880690773e-17 5.042456870699275e-17
0.0015264538678574353 1.981667243178399e-33 3.0921855260505376e-33 8.193774083735265e-32 1.8048483499327524e-28 1.6285281354678597e-24 1.5615607055625937e-20 2.2169475373113262e-17 5.529453761272802e-17
0.0015620455490348386 1.9888183449189025e-33 3.109617372233689e-33 8.593160821337243e-32 1.976347749044996e-28 1.7851567554925113e-24 1.7123678790807445e-20 2.4310586487339484e-17 6.063484465450255e-17
0.0015984671064343198 1.996021240336841e-33 3.127246220497755e-33 9.018520340399038e-32 2.164234101201825e-28 1.9568774459299227e-24 1.8777395598857055e-20 2.6658484543277648e-17 6.649091475530476e-17
0.0016357378899298156 2.0032764946471024e-33 3.145075402211789e-33 9.471841911288765e-32 2.370075011319161e-28 2.1451461029267564e-24 2.059082361607759e-20 2.923314087479497e-17 7.29125599454977e-17
0.0016738777005681136 2.010584680294828e-33 3.1631083231694664e-33 9.955285074569792e-32 2.5955877135445885e-28 2.3515591537591882e-24 2.2579387468707474e-20 3.2056455633036293e-17 7.995440306631847e-17
0.0017129068010886602 2.017946378464054e-33 3.1813484656318414e-33 1.0471195370901509e-31 2.8426532872416832e-28 2.5778671254673747e-24 2.4760001474185664e-20 3.5152444069698e-17 8.767634239326916e-17
0.0017528459266886532 2.0253621789848804e-33 3.1997993904433006e-33 1.1022121594544668e-31 3.1133322158260213e-28 2.8259895238520534e-24 2.715121351460413e-20 3.85474408126574e-17 9.614406113562084e-17
0.00179371629603914 2.0328326802078722e-33 3.218464739217254e-33 1.1610834720834762e-31 3.4098814148249504e-28 3.0980311492092565e-24 2.9773362804529027e-20 4.2270323869247294e-17 1.054295861401504e-16
0.0018355396225579732 2.040358489495531e-33 3.237348236561827e-33 1.2240348672589445e-31 3.7347728675349714e-28 3.39629998766825e-24 3.2648752896262883e-20 4.635276026411212e-17 1.156119005553472e-16
0.0018783381259456144 2.047940222626581e-33 3.256453692428038e-33 1.2913943106401724e-31 4.0907140197987465e-28 3.723326830281872e-24 3.580184139401281e-20 5.082947540087846e-17 1.2677761566700184e-16
0.0019221345439899109 2.0555785055449983e-33 3.275785004506882e-33 1.3635188417148427e-31 4.480670099832985e-28 4.081886786601999e-24 3.925944798949975e-20 5.57385484371658e-17 1.3902170761566454e-16
0.001966952144646121 2.063273972772237e-33 3.2953461606950135e-33 1.4407973178017873e-31 4.907888544862664e-28 4.4750228759585416e-24 4.3050982591037445e-20 6.112173618892093e-17 1.5244832527127482e-16
0.0020128147383986056 2.0710272687502847e-33 3.315141241672814e-33 1.5236534254003964e-31 5.375925733672187e-28 4.906071896848793e-24 4.7208695484297646e-20 6.702482831601582e-17 1.671716761287917e-16
0.002059746690910748 2.0788390472749557e-33 3.3351744235404076e-33 1.6125489849258001e-31 5.888676243298654e-28 5.378692794488847e-24 5.176795165294302e-20 7.34980368107675e-17 1.8331699776136925e-16
0.0021077729359698315 2.0867099723878633e-33 3.3554499805545896e-33 1.7079875773092211e-31 6.450404869041825e-28 5.896897767845249e-24 5.676753159311171e-20 8.059642310324356e-17 2.0102162309644473e-16
0.0021569189887337423 2.0946407179605508e-33 3.375972287967275e-33 1.810518523589977e-31 7.06578166997539e-28 6.46508638084515e-24 6.224996118179101e-20 8.83803664181767e-17 2.2043614858062606e-16
0.002207210959286545 2.1026319682446924e-33 3.396745824932084e-33 1.9207412515011228e-31 7.739920327477348e-28 7.08808296749707e-24 6.826187340116506e-20 9.691607736197261e-17 2.4172571515642576e-16
0.0022586755665101248 2.1106844177940838e-33 3.417775177531532e-33 2.0393100861625615e-31 8.478420132149777e-28 7.771177649583905e-24 7.48544050009933e-20 1.0627616111581734e-16 2.6507141296537067e-16
0.0023113401522792685 2.118798772351849e-33 3.4390650419043276e-33 2.166939505370324e-31 9.28741194468302e-28 8.520171315067092e-24 8.208363146603232e-20 1.165402350154704e-16 2.9067182170111427e-16
0.0023652326959877285 2.1269757477622353e-33 3.460620227493314e-33 2.304409903624545e-31 1.0173608510675087e-27 9.341424940602383e-24 9.001104399657203e-20 1.2779560578258148e-16 3.187446997439926e-16
0.0024203818294129824 2.1352160714332007e-33 3.4824456603295536e-33 2.4525739129877675e-31 1.1144359545256652e-27 1.0241913677323533e-23 9.870407255613507e-20 1.4013801216359883e-16 3.495288364336657e-16
0.0024768168519275916 2.143520481817748e-33 3.504546386580748e-33 2.612363333148344e-31 1.2207712044347222e-27 1.1229286158921395e-23 1.0823665942565594e-19 1.5367243927934598e-16 3.832860832008423e-16
0.002534567746065232 2.1518897292940158e-33 3.526927576034931e-33 2.7847967276825015e-31 1.3372476324461359e-27 1.2311929538568503e-23 1.186898881636452e-19 1.6851401164174576e-16 4.2030358090876416e-16
0.0025936651934496745 2.1603245752234483e-33 3.549594525854879e-33 2.970987748529286e-31 1.4648298340981267e-27 1.3499040806048078e-23 1.3015267330459956e-19 1.8478897240859834e-16 4.608962022876405e-16
0.0026541405910951734 2.1688257937163137e-33 3.572552664420726e-33 3.172154256099892e-31 1.604573888881068e-27 1.480070499175951e-23 1.4272251666331602e-19 2.0263575720750406e-16 5.05409230241233e-16
0.0027160260680869266 2.1773941704772144e-33 3.595807555252536e-33 3.3896283083317356e-31 1.757636034886692e-27 1.6227980924198247e-23 1.5650633669236966e-19 2.222061716829507e-16 5.542212948573473e-16
0.0027793545026504624 2.1860305042102554e-33 3.61936490114562e-33 3.62486709836537e-31 1.9252821707954332e-27 1.7792995268683574e-23 1.7162137793130934e-19 2.4366668276013e-16 6.077475940479342e-16
0.002844159539619031 2.1947356058775092e-33 3.643230548418156e-33 3.879464927445078e-31 2.10889826508479e-27 1.9509045648134633e-23 1.8819620829292172e-19 2.6719983462257553e-16 6.664434252475041e-16
