results/limits/BECCAL_h.dat
# %ECSV 1.0
# ---
# datatype:
# - {name: mx, unit: MeV, datatype: float64}
# - {name: sigma, unit: cm2, datatype: float64}
# schema: astropy-2.0
mx sigma
[from data line 1475]
7.56291718213456 1.7149604756514493e-21
7.650535697644272 1.767380483739003e-21
7.739169298216416 1.8213856087606608e-21
7.828829743895997 1.8770200313959226e-21
7.919528930971415 1.934328907966893e-21
8.011278893552912 1.9933585077642013e-21
8.104091805169267 2.05415602218554e-21
8.197979980383002 2.1167697575224932e-21
8.292955876424317 2.181249059226786e-21
8.389032094843865 2.2476443004077647e-21
8.486221383184843 2.3160069522858826e-21
8.584536636674295 2.3863895937911467e-21
8.683990899934086 2.4588458158440738e-21
8.784597368711676 2.5334303307160194e-21
8.886369391630968 2.610198982604369e-21
8.989320471963424 2.6892086917684328e-21
9.09346426941964 2.7705175202986146e-21
9.19881460196184 2.854184541466539e-21
9.305385447637203 2.9402700632745527e-21
9.413190946432495 3.028835421977572e-21
9.522245402150194 3.1199431635660078e-21
9.632563284306363 3.2136567260506798e-21
9.744159230050398 3.3100409218114826e-21
9.85704804610724 3.409161658839004e-21
9.971244710741864 3.5110856995543305e-21
10.086764375746649 3.615881011757597e-21
10.203622368451729 3.7236168851487784e-21
10.321834193758658 3.834363404947901e-21
10.441415536197642 3.9481918400424124e-21
10.562382262008503 4.065174480915812e-21
10.684750421245958 4.185384797033091e-21
10.808536249909091 4.308897061561029e-21
10.933756172095581 4.4357868515460085e-21
11.06042680218089 4.566130470631857e-21
11.18856494702267 4.700005348776953e-21
11.318187608190755 4.837489967668497e-21
11.449311984222863 4.978663565778406e-21
11.581955472906664 5.123606328558273e-21
11.716135673588044 5.272399608243578e-21
11.851870389506253 5.4251251880248874e-21
11.989177630156053 5.5818660296906444e-21
12.128075613677277 5.742705875180039e-21
12.268582769271942 5.9077290435521686e-21
12.41071773964961 6.0770207197091105e-21
12.55449938350083 6.250667033321609e-21
12.699946777999372 6.428754345560572e-21
12.847079221333413 6.6113700980176916e-21
12.995916235266042 6.798601992843191e-21
13.146477567725482 6.990538574366122e-21
13.298783195425152 7.187268608860186e-21
13.45285332651438 7.388881593508788e-21
13.608708403259538 7.595467407267674e-21
13.76636910475639 7.807116618295381e-21
13.925856349673815 8.02391970960947e-21
14.087191299029337 8.245967112857396e-21
14.25039535899683 8.473350489393213e-21
14.415490183746604 8.706161172123268e-21
14.58249767831869 8.944490289283848e-21
14.751440001529117 9.188429916913498e-21
14.922339568910012 9.438072216909736e-21
15.095219055683721 9.693507848900092e-21
15.27010139977143 9.954829200776206e-21
15.447009804836483 1.0222127541923766e-20
15.625967743363253 1.0495494429259627e-20
15.806998959771397 1.0775021062959192e-20
15.990127473566332 1.1060798484214157e-20
16.175377582526174 1.135291699942971e-20
16.36277386592561 1.1651467445965589e-20
16.55234118779715 1.1956539446091215e-20
16.744104700229986 1.2268222543883477e-20
16.93808984670742 1.2586605700986272e-20
17.134322365482603 1.2911777268218957e-20
17.332828292993558 1.3243824965356633e-20
17.53363396731775 1.3582836220710738e-20
17.73676603166665 1.3928897383792314e-20
17.942251437920838 1.4282094144063875e-20
18.15011745020588 1.4642511172714168e-20
18.36039164850998 1.501023321117466e-20
18.573101932343214 1.538534325333232e-20
18.788276524439286 1.5767923650622524e-20
19.00594397450019 1.615805596699723e-20
19.226133162984222 1.6555820592832947e-20
19.44887330493792 1.696129735394917e-20
19.674193953872205 1.737456448643305e-20
19.90212500568383 1.7795699673739262e-20
20.13269670262184 1.8224779436610143e-20
20.365939637300226 1.866187896237457e-20
20.601884756756988 1.9107072550343858e-20
20.840563366560264 1.9560433292299497e-20
21.082007134961863 2.0022033503768428e-20
21.32624809709928 2.0491943630215543e-20
21.573318659246034 2.097023411299628e-20
21.823251603111387 2.1456972908888526e-20
22.076080090189908 2.1952228169243242e-20
22.33183766616136 2.24560658179473e-20
22.59055826534167 2.2968550773381727e-20
22.85227621518518 2.348974879653195e-20
23.11702624083956 2.4019721755347693e-20
23.38484346975299 2.455853152788811e-20
23.655763436334993 2.5106239581598152e-20
23.929822086671187 2.566290586306539e-20
24.207055783292667 2.622858843656966e-20
24.487501310000688 2.6803346548221576e-20
24.771195876747015 2.73872361336868e-20
25.05817712457127 2.7980313611796856e-20
25.348483130595028 2.858263418164256e-20
25.642152413073994 2.919425232614468e-20
25.939223936508657 2.9815222230886817e-20
26.239737116814222 3.0445595634334163e-20
26.54373182655016 3.1085425986404546e-20
26.851248400210878 3.173476383397386e-20
27.162327639577157 3.239366007109773e-20
27.47701081912984 3.3062165243293695e-20
27.79533969152621 3.3740329760171306e-20
28.117356493139773 3.442820274653091e-20
28.443103949664337 3.5125832971616244e-20
28.772625281782663 3.5833269999206775e-20
29.105964210901416 3.655056226701577e-20
29.44316496495195 3.72777579958673e-20
29.784272284258606 3.801490489120618e-20
30.129331427474924 3.876205319569494e-20
30.478388177588627 3.95192492754711e-20
30.83148884799625 4.028654252626807e-20
31.188680288647824 4.106398175718654e-20
31.550009892263365 4.185161554760167e-20
31.91552560062084 4.2649492605334813e-20
32.28527591091689 4.34576627016437e-20
32.65930988220224 4.427617591374622e-20
33.03767714188992 4.5105082756705714e-20
33.420427892341024 4.594443409440323e-20
33.80761291752449 4.679428224129025e-20
34.19928358975634 4.765467803206988e-20
34.595491876514856 4.852567776152917e-20
34.99629034733613 4.940733335880958e-20
35.401732180789466 5.0299699211273244e-20
35.81187117153227 5.1202834867231314e-20
36.22676173744867 5.2116793738784707e-20
36.646458926868675 5.304163582111674e-20
37.07101842587321 5.397741985905118e-20
37.500496565681615 5.492420774993916e-20
37.934950330126185 5.588206144308723e-20
38.37443736321335 5.685104325316825e-20
38.819015976770906 5.783121955770426e-20
39.26874515818612 5.882265435008421e-20
39.72368457823106 5.982541905141758e-20
40.183894598981055 6.083958218212038e-20
40.6494362818225 6.186521256250742e-20
41.12037139555508 6.290238737588179e-20
41.59676242458783 6.395117814768081e-20
42.0786725772285 6.501166305153178e-20
42.5661657940715 6.608392023305329e-20
43.05930675648025 6.716802988426902e-20
43.55816089517059 6.826407553895375e-20
44.062794398891015 6.937214020324307e-20
44.57327422320524 7.049231259253849e-20
45.08966809937648 7.162467930686928e-20
45.612044543352894 7.27693325218779e-20
46.14047286485984 7.392636457109881e-20
46.67502317659453 7.509587146922024e-20
47.21576640353019 7.627794969235539e-20
47.76277429232516 7.74726995894406e-20
48.316119420842924 7.868022472960989e-20
48.87587520778245 7.990062730489927e-20
49.442115922418125 8.113401616337111e-20
50.014916694455486 8.238050016036681e-20
50.594353523998194 8.364019053577697e-20
51.18050329163236 8.491320297551874e-20
51.77344376862792 8.619965360463056e-20
52.37325362725588 8.749966154169907e-20
52.980012451228426 8.881334971514074e-20
53.59380074625651 9.014084146820049e-20
54.214699950733184 9.14822670489891e-20
54.84279244653742 9.28377525847228e-20
55.47816156996539 9.420743377977668e-20
56.12089162278825 9.559144404877297e-20
56.77106788343593 9.698992233828145e-20
57.42877661831378 9.840300887754735e-20
58.094105093246725 9.983084738360547e-20
58.76714158505963 1.0127358405230467e-19
59.447975393288466 1.0273136799447972e-19
60.13669685202932 1.0420435052384286e-19
60.83339734192483 1.0569268803506548e-19
61.53816930228704 1.0719653779603109e-19
62.2511062433643 1.0871605851607178e-19
62.97230275874641 1.1025141507953663e-19
63.70185453791745 1.1180277283967007e-19
64.4398583789502 1.133703009858234e-19
65.18641220135027 1.1495417193666464e-19
65.94161505904894 1.1655456071308592e-19
66.70556715354404 1.1817164480852941e-19
67.47836984719687 1.1980560605781706e-19
68.26012567667904 1.2145662751632218e-19
69.05093836657933 1.231248965492683e-19
69.85091284316412 1.2481060295788364e-19
70.66015524830001 1.2651393997736097e-19
71.47877295353771 1.282351030105749e-19
72.30687457435631 1.2997429263699553e-19
73.14456998457683 1.3173170917622944e-19
73.99197033093812 1.3350755942816624e-19
74.84918804784634 1.353020510931229e-19
75.7163368722909 1.3711539587662917e-19
76.59353185893606 1.3894780899229934e-19
77.48088939538758 1.4079950794689897e-19
78.37852721763298 1.4267071346883866e-19
79.28656442566547 1.4456164966333663e-19
80.20512149928416 1.4647254702263598e-19
81.1343203140803 1.4840363284164326e-19
82.07428415760909 1.503551424789536e-19
83.02513774574527 1.5232731294777157e-19
83.98700723923326 1.543203852837411e-19
84.96002026042378 1.5633460383642457e-19
85.94430591020956 1.5837021488768073e-19
86.93999478515235 1.6042746830582543e-19
87.94721899481168 1.6250661779666932e-19
88.96611217927439 1.6460793015416733e-19
89.9968095268838 1.6673165652071543e-19
91.0394477921795 1.688780610627742e-19
92.09416531403929 1.710474160180304e-19
93.16110203403714 1.732399912371355e-19
94.24039951500828 1.7545605979214693e-19
95.33220095983299 1.776959036478335e-19
96.4366512304383 1.7995980277214033e-19
97.55389686701567 1.8224804275094756e-19
98.68408610746731 1.8456091430954146e-19
99.82736890707154 1.8689870879435865e-19
100.9838969583822 1.8926172446150954e-19
102.15382371135264 1.916502612459973e-19
103.33730439369698 1.9406462297352934e-19
104.53449603148712 1.9650511802446348e-19
105.74555746998438 1.9897205832236685e-19
106.97064939471862 2.014657597600906e-19
108.20993435280491 2.0398654144683434e-19
109.46357677451395 2.065347270804551e-19
110.73174299508591 2.0911064326998028e-19
112.01460127680129 2.1171462446016148e-19
113.31232183130767 2.1434700212685238e-19
114.62507684220046 2.170081197090536e-19
115.95304048787212 2.196983180834208e-19
117.29638896461871 2.224179457094744e-19
118.65530051002175 2.251673550614008e-19
120.02995542659357 2.279469015708889e-19
121.4205361057017 2.307569475905894e-19
122.82722705177025 2.3359785479089776e-19
124.2502149067568 2.364699962119895e-19
125.68968847492035 2.393737418512729e-19
127.14583874786811 2.423094653707772e-19
128.6188589299007 2.4527756660995162e-19
130.10894446364316 2.4827841427903497e-19
131.61629305597805 2.513124064263074e-19
133.14110470427923 2.543799390625613e-19
134.68358172294404 2.5748141088730343e-19
136.24392877024104 2.606172258571098e-19
137.82235287546047 2.6378780824307595e-19
139.41906346638496 2.669935559414153e-19
141.03427239707844 2.7023489503499497e-19
142.66819397599122 2.735122499018181e-19
144.32104499439941 2.7682605047640865e-19
145.99304475516448 2.801767304661437e-19
147.6844151018354 2.835647315413048e-19
149.39538044807904 2.869904973866787e-19
151.12616780745748 2.904544774579424e-19
152.87700682355046 2.9395712706122375e-19
154.64812980042035 2.974989062900066e-19
156.43977173343987 3.0108028294470123e-19
158.25217034046634 3.04701725219719e-19
160.0855660933877 3.083637140217719e-19
161.94020225002424 3.120667272898234e-19
163.81632488640616 3.15811254052894e-19
165.71418292942556 3.195977875180677e-19
167.63402818985955 3.234268268213208e-19
169.5761153957865 3.2729887663510523e-19
171.54070222637816 3.3121444750907183e-19
173.52804934609455 3.3517405590794774e-19
175.53842043926437 3.391782242534832e-19
177.57208224507323 3.4322748033848293e-19
179.62930459295703 3.4732235913329393e-19
181.71036043839854 3.5146340240793276e-19
183.81552589914915 3.556511550156842e-19
185.9450802918589 3.5988617065089067e-19
188.09930616914247 3.641690083973815e-19
190.27848935706353 3.685002354106165e-19
192.4829189930608 3.7288042294444204e-19
194.7128875643136 3.773101502432286e-19
196.96869094654414 3.8179000280325115e-19
199.25062844328087 3.863205725131802e-19
201.55900282556436 3.9090245943507792e-19
203.89412037212583 3.955362689769682e-19
206.25629091001898 4.0022261444499643e-19
208.64582785573072 4.049621153631798e-19
211.06304825676838 4.097553988367505e-19
213.50827283372013 4.1460309896664826e-19
215.98182602281548 4.1950585778132857e-19
218.484036018966 4.244643237520555e-19
221.01523481931338 4.294791534825945e-19
223.57575826728174 4.345510109153154e-19
226.165946097132 4.396805667075078e-19
228.78614197904528 4.448685019543684e-19
231.43669356471437 4.501155019497429e-19
234.1179525334782 4.554222616612937e-19
236.8302746389765 4.607894832023465e-19
239.57401975635463 4.662178812140636e-19
242.34955193001537 4.717081708348201e-19
245.15723942191397 4.772610804633347e-19
247.99745476042762 4.828773464383021e-19
250.8705747897752 4.885577122954624e-19
253.77698072002553 4.943029304171755e-19
256.7170581776699 5.001137625777596e-19
259.6911972567906 5.059909782687797e-19
262.6997925708223 5.119353575415484e-19
265.74324330490265 5.179476870051833e-19
268.8219532688454 5.240287632867942e-19
271.9363309507098 5.301793941257062e-19
275.08678957100824 5.364003929914609e-19
278.2737471375251 5.426925851668699e-19
281.4976265007822 5.490568048501001e-19
284.75885541014657 5.554938954842648e-19
288.05786657057695 5.620047105918075e-19
291.395097700045 5.685901131502229e-19
294.77099158760313 5.752509760906769e-19
298.1859961521437 5.819881838980583e-19
301.6405645018213 5.888026281763482e-19
305.13515499417576 5.956952132409755e-19
308.670231296951 6.026668526102105e-19
312.2462624496067 6.097184711040461e-19
315.8637229255614 6.168510037676544e-19
319.52309269513586 6.240653961002681e-19
323.22485728924687 6.313626053551036e-19
326.9695078638191 6.387435989297299e-19
330.7575412649561 6.462093554918036e-19
334.5894600948669 6.53760865617009e-19
338.46577277854266 6.6139913036460125e-19
342.386993631226 6.691251628329446e-19
346.3536429266403 6.769399839980421e-19
350.3662469660313 6.84844642172815e-19
354.42533814798816 6.928401734542436e-19
358.53145503908684 7.009276430314344e-19
362.6851424453524 7.091081228828286e-19
366.8869514845345 7.173826984737958e-19
371.13743965924243 7.257524670873398e-19
375.437170930905 7.342185393216946e-19
379.7867157946021 7.427820354604079e-19
384.1866513547638 7.514440984719829e-19
388.63756140173047 7.6020586610495555e-19
393.1400364892235 7.690685156021045e-19
397.6946740126884 7.780332101826946e-19
402.30207828857067 7.871011431470325e-19
406.9628606344865 7.962735134059301e-19
411.6776394503379 8.055515491672138e-19
416.44704030036814 8.149364696968416e-19
421.2716959961508 8.244295243389032e-19
426.15224668056584 8.340319703771217e-19
431.08933991272096 8.437450860647635e-19
436.0836307538846 8.535701558003748e-19
441.1357818543885 8.635084844033772e-19
446.2464635415539 8.735613901994723e-19
451.41635390863763 8.83730206940974e-19
456.6461389047896 8.940162836116778e-19
461.9365124260803 9.044209847498626e-19
467.2881764075532 9.14945691034992e-19
472.7018409163736 9.255917982549308e-19
478.17822424602826 9.363607191055191e-19
483.7180530116352 9.47253882102717e-19
489.3220622463582 9.582727324762076e-19
494.9909954989184 9.694187321048927e-19
500.7256049322652 9.80693359709513e-19
506.52665142335854 9.920981111148897e-19
512.3949046641396 1.0036344993045793e-18
518.33114326364 1.0153040547538912e-18
524.3361548512953 1.027108325918967e-18
530.4107361814553 1.039048878614185e-18
536.5556932390836 1.0511272976899047e-18
542.7718413467142 1.0633451847951172e-18
549.0600052726124 1.075704160663818e-18
555.4210193402242 1.0882058665833267e-18
561.8557275388595 1.1008519597215042e-18
568.3649836356811 1.1136441182822564e-18
574.9496512889906 1.1265840390664714e-18
581.6106041628036 1.1396734402113185e-18
588.3487260427881 1.1529140571687707e-18
595.1649109535092 1.1663076450431397e-18
602.0600632770573 1.1798559863155747e-18
609.0350978730504 1.193560872999244e-18
616.0909402000013 1.2074241256544165e-18
623.2285264381295 1.221447583043803e-18
630.4488036135543 1.2356331062264472e-18
637.7527297239686 1.2499825768793083e-18
645.1412738657291 1.264497899154215e-18
652.6154163624456 1.2791809986577581e-18
660.1761488950596 1.2940338233150047e-18
667.8244746334034 1.3090583450105442e-18
675.5614083693241 1.3242565557649998e-18
683.3879766513058 1.339630472485542e-18
