results/limits/BECCAL_h_phase.dat
# %ECSV 1.0
# ---
# datatype:
# - {name: mx, unit: MeV, datatype: float64}
# - {name: sigma, unit: cm2 MeV4, datatype: float64}
# schema: astropy-2.0
mx sigma
[from data line 1071]
0.0005175386499123683 1.3334338294567027e-23
0.0005194492321384366 1.3532335024659692e-23
0.000521366867604767 1.3733271737916633e-23
0.0005232915823495992 1.3937192089111852e-23
0.0005252234025072966 1.4144140381292823e-23
0.0005271623543087045 1.4354161575234273e-23
0.0005291084640815018 1.4567301299392487e-23
0.0005310617582505611 1.4783605859775043e-23
0.000533022263338307 1.500312224985698e-23
0.0005349900059650756 1.5225898160977932e-23
0.000536965012849478 1.5451981992686102e-23
0.0005389473108087604 1.5681422863138029e-23
0.0005409369267591693 1.5914270619748844e-23
0.0005429338877163178 1.615057585019773e-23
0.0005449382207955507 1.639038989337469e-23
0.0005469499532123157 1.6633764850360418e-23
0.0005489691122825291 1.6880753595927668e-23
0.0005509957254229494 1.7131409789942414e-23
0.0005530298201515484 1.7385787889103325e-23
0.0005550714240878846 1.7643943158634004e-23
0.000557120564953481 1.7905931684439877e-23
0.000559177270572197 1.8171810385192705e-23
0.0005612415688706091 1.8441637024805705e-23
0.0005633134878783914 1.8715470224731262e-23
0.0005653930557286905 1.8993369477002266e-23
0.0005674803006585152 1.927539515707509e-23
0.000569575251009114 1.956160853680692e-23
0.0005716779352263616 1.9852071797887318e-23
0.000573788381861148 2.014684804532178e-23
0.0005759066195697597 2.0446001321110883e-23
0.0005780326771142767 2.0749596618226953e-23
0.0005801665833629568 2.1057699894746642e-23
0.00058230836729063 2.1370378088052758e-23
0.0005844580579790941 2.1687699129393927e-23
0.0005866156846175032 2.2009731958917563e-23
0.0005887812765027723 2.2336546540322175e-23
0.0005909548630399686 2.2668213876065344e-23
0.0005931364737427131 2.3004806023121484e-23
0.0005953261382335837 2.3346396108207138e-23
0.000597523886244511 2.369305834401426e-23
0.0005997297476171904 2.40448680451045e-23
0.0006019437523034802 2.4401901644395085e-23
0.0006041659303658116 2.4764236709822142e-23
0.0006063963119775984 2.5131951960830032e-23
0.0006086349274236407 2.5505127286007748e-23
0.0006108818071005444 2.5883843760113393e-23
0.0006131369815171269 2.6268183661666333e-23
0.0006154004812948346 2.6658230491071765e-23
0.0006176723371681601 2.705406898849851e-23
0.0006199525799850538 2.7455785152345336e-23
0.0006222412407073505 2.7863466258008533e-23
0.0006245383504111837 2.827720087697489e-23
0.0006268439402874096 2.8697078895533124e-23
0.0006291580416420334 2.912319153508589e-23
0.0006314806858966271 2.955563137127632e-23
0.0006338119045887655 2.999449235426959e-23
0.0006361517293724472 3.043986982972707e-23
0.0006385001920185266 3.0891860558683e-23
0.0006408573244151485 3.1350562738898057e-23
0.0006432231585681736 3.181607602644443e-23
0.0006455977266016224 3.228850155706701e-23
0.0006479810607581039 3.276794196833811e-23
0.0006503731933992562 3.325450142183012e-23
0.0006527741570061881 3.374828562543281e-23
0.0006551839841799155 3.424940185714447e-23
0.0006576027076418076 3.4757958987795796e-23
0.0006600303602340302 3.527406750452153e-23
0.0006624669749199906 3.579783953518594e-23
0.000664912584784788 3.6329388872868377e-23
0.0006673672230356595 3.6868830999900563e-23
0.0006698309230024324 3.741628311360234e-23
0.0006723037181379771 3.797186415148445e-23
0.0006747856420186601 3.853569481714639e-23
0.0006772767283448033 3.910789760641265e-23
0.0006797770109411362 3.968859683392419e-23
0.000682286523757259 4.027791866049775e-23
0.0006848053008681045 4.0875991119954936e-23
0.0006873333764743949 4.148294414764534e-23
0.0006898707849031145 4.20989096076708e-23
0.000692417560607969 4.272402132290651e-23
0.0006949737381698556 4.335841510259683e-23
0.0006975393522973359 4.4002228772954456e-23
0.000700114437827099 4.465560220680657e-23
0.0007026990297244444 4.5318677353571307e-23
0.0007052931630837493 4.59915982707074e-23
0.0007078968731289476 4.6674511154571534e-23
0.0007105101952140116 4.736756437239899e-23
0.0007131331648234234 4.807090849459466e-23
0.0007157658175726674 4.878469632699371e-23
0.0007184081892087055 4.9509082944949505e-23
0.0007210603156104659 5.0244225725696053e-23
0.0007237222327893327 5.099028438421555e-23
0.0007263939768896271 5.174742100620085e-23
0.0007290755841891085 5.2515800084926733e-23
0.0007317670910994585 5.329558855506048e-23
0.0007344685341667792 5.408695583127163e-23
0.0007371799500720914 5.489007384290883e-23
0.0007399013756318252 5.570511707259281e-23
0.0007426328477983297 5.653226259408827e-23
0.0007453744036603674 5.737169010964817e-23
0.0007481260804436199 5.822358199056987e-23
0.000750887915511197 5.9088123315757e-23
0.0007536599463641352 5.99655019124463e-23
0.0007564422106419183 6.085590839688129e-23
0.0007592347461229792 6.17595362155924e-23
0.0007620375907252163 6.267658168766939e-23
0.0007648507825065118 6.360724404696641e-23
0.0007676743596652395 6.455172548617292e-23
0.0007705083605407943 6.551023119979461e-23
0.0007733528236141047 6.648296942950066e-23
0.0007762077875081578 6.747015150894194e-23
0.0007790732909885272 6.847199190987487e-23
0.0007819493729638912 6.948870828861535e-23
0.0007848360724865711 7.052052153299456e-23
0.0007877334287530536 7.156765581194028e-23
0.0007906414811045257 7.263033862115329e-23
0.0007935602690274126 7.370880083659853e-23
0.0007964898321539044 7.480327676001838e-23
0.0007994302102625065 7.591400417386696e-23
0.0008023814432785692 7.704122439123991e-23
0.000805343571274835 7.818518230756705e-23
0.0008083166344719836 7.934612645505138e-23
0.000811300673239174 8.052430905675367e-23
0.0008142957280945956 8.171998608037207e-23
0.0008173018397060176 8.293341729422075e-23
0.0008203190488913404 8.416486632416445e-23
0.0008233473966191533 8.541460071088247e-23
0.0008263869240092852 8.668289196702874e-23
0.0008294376723333671 8.797001563692985e-23
0.0008324996830153912 8.927625135669196e-23
0.0008355729976322724 9.060188291468226e-23
0.0008386576579144166 9.194719831311151e-23
0.0008417537057462819 9.331248982985471e-23
0.0008448611831669504 9.469805408375258e-23
0.0008479801323707016 9.610419209729774e-23
0.0008511105957075766 9.753120936365645e-23
0.0008542526156839649 9.897941591159514e-23
0.0008574062349631721 1.0044912637268101e-22
0.0008605714963660027 1.0194066005152308e-22
0.0008637484428713452 1.034543409940144e-22
0.0008669371176167454 1.049904980564698e-22
0.0008701375638990053 1.065494649792742e-22
0.0008733498251747606 1.0813158045780205e-22
0.0008765739450610748 1.0973718821720252e-22
0.0008798099673360348 1.1136663708634128e-22
0.0008830579359393353 1.1302028107291048e-22
0.0008863178949728883 1.1469847944270875e-22
0.000889589888701412 1.1640159679442522e-22
0.0008928739615530352 1.1813000314247236e-22
0.0008961701581199045 1.198840739932532e-22
0.0008994785231587794 1.2166419043033733e-22
0.0009027991015916534 1.2347073919606862e-22
0.0009061319385063533 1.253041127743372e-22
0.0009094770791571551 1.2716470947817653e-22
0.0009128345689654028 1.2905293353357038e-22
0.0009162044535201145 1.3096919516955473e-22
0.0009195867785786138 1.3291391070703954e-22
0.0009229815900671425 1.3488750264736788e-22
0.0009263889340814863 1.3689039976671298e-22
0.0009298088568876053 1.3892303720809018e-22
0.0009332414049222518 1.4098585657392032e-22
0.0009366866247936137 1.4307930602600278e-22
0.0009401445632819373 1.4520384037936983e-22
0.0009436152673401661 1.473599212034765e-22
0.0009470987840945825 1.495480169202326e-22
0.0009505951608454364 1.517686029087528e-22
0.0009541044450676018 1.5402216160455862e-22
0.0009576266844112103 1.5630918260881545e-22
0.000961161926702302 1.586301627912636e-22
0.000964710219943479 1.6098560640020234e-22
0.0009682716123145463 1.6337602517049478e-22
0.0009718461521731797 1.6580193843730545e-22
0.000975433888055572 1.6826387324541962e-22
0.0009790348686770948 1.7076236446616164e-22
0.0009826491429329649 1.732979549132709e-22
0.0009862767598989004 1.7587119545998404e-22
0.0009899177688317917 1.7848264516023899e-22
0.0009935722191703703 1.8113287136754298e-22
0.0009972401605358768 1.8382244986108774e-22
0.0010009216427327417 1.8655196496993476e-22
0.0010046167157492527 1.8932200969877446e-22
0.0010083254297582394 1.9213318585788114e-22
0.001012047835117753 1.9498610419305688e-22
0.0010157839823717488 1.9788138451987888e-22
0.001019533922250777 2.0081965585560196e-22
0.001023297705672665 2.0380155656170218e-22
0.0010270753837432133 2.0682773447324146e-22
0.0010308670077568882 2.0989884704783043e-22
0.0010346726291975167 2.130155615041877e-22
0.0010384922997389908 2.161785549690316e-22
0.0010423260712459626 2.1938851462418885e-22
0.0010461739957745514 2.226461378543886e-22
0.0010500361255730518 2.259521323968263e-22
0.00105391251308264 2.2930721650421313e-22
0.0010578032109380912 2.327121190878121e-22
0.0010617082719684876 2.3616757988543517e-22
0.0010656277491979402 2.3967434961827625e-22
0.0010695616958463063 2.432331901570772e-22
0.0010735101653299166 2.468448746799917e-22
0.0010774732112622943 2.505101878512881e-22
0.001081450887454887 2.542299259824825e-22
0.0010854432479177963 2.580048972121461e-22
0.0010894503468605104 2.618359216783415e-22
0.0010934722386926443 2.6572383169457426e-22
0.001097508978024672 2.696694719336716e-22
0.0011015606196686726 2.736736996157547e-22
0.0011056272186390733 2.7773738468089523e-22
0.0011097088301533955 2.818614099928211e-22
0.0011138055096330086 2.8604667152396873e-22
0.001117917312703876 2.902940785486243e-22
0.0011220442951973154 2.9460455384344003e-22
0.0011261865131507547 2.989790338884575e-22
0.0011303440228084933 3.0341846906755777e-22
0.0011345168806224683 3.07923823876268e-22
0.0011387051432530165 3.1249607713364134e-22
0.001142908867569646 3.171362221900733e-22
0.0011471281106518094 3.2184526714979494e-22
0.001151362929789676 3.2662423508105885e-22
0.0011556133824849155 3.314741642469224e-22
0.001159879526451471 3.36396108325298e-22
0.0011641614196163475 3.4139113664230374e-22
0.001168459120120398 3.464603343997738e-22
0.0011727726863191106 3.5160480291357047e-22
0.0011771021767834065 3.5682565985263367e-22
0.0011814476503004278 3.62124039483747e-22
0.0011858091658743409 3.6750109291309455e-22
0.0011901867827271342 3.7295798834075967e-22
0.0011945805602994286 3.784959113153954e-22
0.0011989905582512758 3.841160649823826e-22
0.0012034168364629747 3.8981967036177956e-22
0.001207859455035882 3.9560796659430097e-22
0.0012123184742932277 4.014822112291407e-22
0.0012167939547809395 4.0744368048237427e-22
0.001221285957268456 4.1349366952388546e-22
0.001225794542749559 4.1963349275084544e-22
0.001230319772443198 4.258644840785554e-22
0.0012348617077943228 4.32187997237317e-22
0.0012394204104747202 4.386054060457282e-22
0.0012439959423838458 4.451181047299308e-22
0.0012485883656496689 4.51727508213699e-22
0.0012531977426295145 4.584350524388924e-22
0.0012578241359109093 4.65242194658512e-22
0.0012624676083124364 4.721504137690295e-22
0.0012671282228845803 4.79161210630078e-22
0.0012718060429105888 4.862761083778542e-22
0.0012765011319073299 4.934966527723303e-22
0.0012812135536261543 5.008244125260543e-22
0.0012859433720537655 5.0826097964046135e-22
0.0012906906514130805 5.158079697593044e-22
0.0012954554561641085 5.234670225136135e-22
0.0013002378510048223 5.312398018876224e-22
0.0013050379008720382 5.39127996562734e-22
0.0013098556709423012 5.471333203054144e-22
0.0013146912266327631 5.552575123187243e-22
0.0013195446336020753 5.635023376426221e-22
0.001324415957751278 5.718695875205839e-22
0.0013293052652247003 5.803610797842018e-22
0.0013342126224108505 5.889786592711914e-22
0.0013391380959433226 5.97724198206029e-22
0.0013440817527017002 6.06599596616067e-22
0.0013490436598124626 6.156067827367259e-22
0.001354023884649902 6.247477134391367e-22
0.0013590224948370304 6.340243746531394e-22
0.0013640395582465031 6.434387817906878e-22
0.0013690751430015388 6.52992980188692e-22
0.001374129317476843 6.626890455716045e-22
0.001379202150299543 6.7252908446124e-22
0.0013842937103501097 6.82515234675556e-22
0.0013894040667633003 6.92649665774294e-22
0.0013945332889290943 7.029345795224165e-22
0.0013996814464936349 7.1337221039055245e-22
0.0014048486093601797 7.239648260182446e-22
0.0014100348476900424 7.347147277195037e-22
0.0014152402319035505 7.456242509858923e-22
0.001420464832681 7.56695765983302e-22
0.001425708720963614 7.679316780640609e-22
0.0014309719679545113 7.793344283042117e-22
0.001436254645119665 7.909064940321162e-22
0.0014415568241888785 8.026503893503941e-22
0.0014468785771567577 8.145686656970664e-22
0.001452219976283688 8.266639123978302e-22
0.0014575810940968203 8.389387572243199e-22
0.0014629620033910474 8.513958669652918e-22
0.0014683627772299986 8.640379480110823e-22
0.0014737834889470285 8.76867746932242e-22
0.0014792242121462187 8.89888051089791e-22
0.0014846850207033684 9.031016892344064e-22
0.0014901659887670033 9.165115321075412e-22
0.001495667190759381 9.301204930878524e-22
0.0015011887013775002 9.439315288179517e-22
0.001506730595594121 9.579476398276252e-22
0.0015122929486587734 9.721718712113093e-22
0.0015178758360987854 9.866073132695434e-22
0.0015234793337203074 1.0012571022094294e-21
0.0015291035176093388 1.0161244207845602e-21
0.0015347484641327692 1.031212499024433e-21
0.001540414249939404 1.0465246149025153e-21
0.0015461009519610125 1.0620640950872162e-21
0.0015518086474133712 1.0778343156234683e-21
0.00155753741379731 1.0938387027019184e-21
0.0015632873288997705 1.1100807333881933e-21
0.0015690584707948544 1.1265639363490293e-21
0.001574850917844888 1.1432918926744091e-21
0.0015806647487014859 1.1602682366250899e-21
0.0015865000423066166 1.1774966564302288e-21
0.0015923568778936816 1.1949808950659763e-21
0.001598235334988581 1.212724751111474e-21
0.0016041354934107999 1.2307320795226857e-21
0.0016100574332744905 1.2490067925093648e-21
0.0016160012349895588 1.2675528603852175e-21
0.0016219669792627625 1.2863743123958205e-21
0.0016279547470987967 1.3054752376267295e-21
0.0016339646198014013 1.3248597858685174e-21
0.0016399966789744612 1.344532168560607e-21
0.0016460510065231205 1.364496659629463e-21
0.0016521276846548855 1.38475759652843e-21
0.001658226795880747 1.4053193810575222e-21
0.0016643484230162995 1.4261864804045835e-21
0.001670492649182863 1.4473634280752424e-21
0.0016766595578086203 1.4688548249059658e-21
0.0016828492326297372 1.4906653400403174e-21
0.0016890617576915084 1.5127997119703894e-21
0.0016952972173494957 1.5352627495129518e-21
0.0017015556962706726 1.5580593329195356e-21
0.0017078372794345799 1.5811944148923202e-21
0.0017141420521344696 1.6046730216875651e-21
0.0017204700999784706 1.6285002541731558e-21
0.0017268215088907485 1.6526812890074748e-21
0.0017331963651126703 1.6772213796307866e-21
0.0017395947552039843 1.702125857564842e-21
0.0017460167660439823 1.7274001334667404e-21
0.0017524624848326883 1.7530496983351377e-21
0.0017589319990920398 1.7790801247150176e-21
0.001765425396667075 1.805497067871328e-21
0.0017719427657271318 1.8323062670766622e-21
0.0017784841947670357 1.859513546796204e-21
0.001785049772608307 1.887124817967164e-21
0.0017916395884003643 1.9151460793594476e-21
0.001798253731621742 1.9435834187659992e-21
0.0018048922920812943 1.972443014369101e-21
0.0018115553599194218 2.001731136116791e-21
0.0018182430256092938 2.03145414703063e-21
0.001824955379958075 2.061618504663251e-21
0.0018316925141081658 2.092230762388761e-21
0.0018384545195384283 2.1232975709269884e-21
0.0018452414880654373 2.154825679722017e-21
0.001852053511844723 2.1868219385161356e-21
0.0018588906833720224 2.219293298695452e-21
0.0018657530954845412 2.252246814828271e-21
0.001872640841362205 2.2856896463111653e-21
0.0018795540145289296 2.319629058829127e-21
0.001886492708853891 2.3540724259252245e-21
0.0018934570185527972 2.3890272306754994e-21
0.0019004470381891756 2.424501067190048e-21
0.0019074628626756444 2.4605016424320218e-21
0.0019145045872752107 2.497036777773998e-21
0.0019215723076025611 2.5341144106569937e-21
0.001928666119625358 2.5717425964927224e-21
0.0019357861196655504 2.609929510242396e-21
0.0019429324044006708 2.6486834482413762e-21
0.0019501050708651553 2.688012830036932e-21
