results/limits/BECCAL_l.dat
# %ECSV 1.0
# ---
# datatype:
# - {name: mx, unit: MeV, datatype: float64}
# - {name: sigma_10, unit: cm2, datatype: float64}
# - {name: sigma_9, unit: cm2, datatype: float64}
# - {name: sigma_7, unit: cm2, datatype: float64}
# - {name: sigma_6, unit: cm2, datatype: float64}
# - {name: sigma_5, unit: cm2, datatype: float64}
# - {name: sigma_4, unit: cm2, datatype: float64}
# - {name: sigma_3, unit: cm2, datatype: float64}
# - {name: sigma_2, unit: cm2, datatype: float64}
# schema: astropy-2.0
mx sigma_10 sigma_9 sigma_7 sigma_6 sigma_5 sigma_4 sigma_3 sigma_2
3.162277660168379e-07 4.095013910902106e-37 4.832106172213509e-37 7.55011311760375e-37 1.0504352985498404e-36 1.7244385662105106e-36 4.441220534596336e-36 1.4502851636823607e-35 8.134762499658497e-36
3.2360111549336787e-07 4.0061335179629815e-37 4.728168809606586e-37 7.393140291484175e-37 1.0294179199351866e-36 1.6930052921102177e-36 4.3886737684893113e-36 1.4704661028403678e-35 8.331385619405114e-36
3.311463862505236e-07 3.919236276343693e-37 4.626543626843121e-37 7.2396292609628645e-37 1.0088618378252588e-36 1.6622689066855473e-36 4.337705707162372e-36 1.491677359999497e-35 8.53472479407336e-36
3.388675869043115e-07 3.834275954746107e-37 4.527176470483651e-37 7.0894974948904895e-37 9.887558421613926e-37 1.632211902940999e-36 4.288282412893535e-36 1.513939016071071e-35 8.745037350050626e-36
3.4676881953794695e-07 3.7512074528584e-37 4.43001452681161e-37 6.942664573503174e-37 9.690890180046557e-37 1.602817256983839e-36 4.240371221458485e-36 1.5372720367365037e-35 8.96259331834899e-36
3.548542818811901e-07 3.669986775439242e-37 4.335006290795995e-37 6.799052141249394e-37 9.498507391714406e-37 1.5740684181675063e-36 4.193940719126743e-36 1.5616983080421217e-35 9.187675079987006e-36
3.6312826954049566e-07 3.590571004950349e-37 4.242101532530904e-37 6.658583853766816e-37 9.310306606771458e-37 1.545949295338355e-36 4.148960724198024e-36 1.587240678661579e-35 9.420578123957431e-36
3.715951782811629e-07 3.5129182754074357e-37 4.151251266938387e-37 6.521185328130773e-37 9.126187117592374e-37 1.5184442467263192e-36 4.1054022649844e-36 1.6139230115006956e-35 9.66161307062857e-36
3.8025950636269697e-07 3.436987746060672e-37 4.062407721994158e-37 6.3867840916238535e-37 8.946050885535908e-37 1.4915380672721527e-36 4.063237561424078e-36 1.6417702444572474e-35 9.911108813062683e-36
3.89125856928623e-07 3.3627395761751735e-37 3.975524308665862e-37 6.2553095334037814e-37 8.769802472790374e-37 1.4652159775859546e-36 4.02244000422794e-36 1.670808458508184e-35 1.0169416312902905e-35
3.9819894045202297e-07 3.2901349001257206e-37 3.890555591149261e-37 6.1266928563844024e-37 8.59734897406597e-37 1.439463612681465e-36 3.982984137165797e-36 1.7010649522258277e-35 1.0436912309167673e-35
4.0748357723809307e-07 3.219135802561804e-37 3.80745725708739e-37 6.000867028488189e-37 8.428599946460188e-37 1.4142670100350098e-36 3.9448456357279626e-36 1.7325683212185045e-35 1.071400220459021e-35
4.169846999850535e-07 3.1497052951344036e-37 3.7261860898589815e-37 5.877766738451232e-37 8.263467347700757e-37 1.3896125998285291e-36 3.908001288266548e-36 1.7653485394927997e-35 1.1001121497287528e-35
4.2670735640476865e-07 3.081807292245183e-37 3.6466999393882314e-37 5.7573283473882555e-37 8.101865465452753e-37 1.3654871925183987e-36 3.87242897776635e-36 1.7994370444172218e-35 1.129873562431279e-35
4.3665671190447213e-07 3.0154065885633126e-37 3.56895769531603e-37 5.639489845654077e-37 7.943710856480189e-37 1.3418779690031335e-36 3.838107662893707e-36 1.8348668258966202e-35 1.1607338642707023e-35
4.4683805233101997e-07 2.9504688360443688e-37 3.4929192593659e-37 5.524190807139588e-37 7.788922280152725e-37 1.318772469018393e-36 3.805017359376932e-36 1.8716725205661768e-35 1.1927451709443394e-35
4.572567867791303e-07 2.886960522748236e-37 3.4185455201223194e-37 5.411372349032546e-37 7.637420642204103e-37 1.2961585822781174e-36 3.773139124476828e-36 1.909890519748626e-35 1.225962259566133e-35
4.6791845046510194e-07 2.824848950724534e-37 3.3457983263595693e-37 5.30097708750968e-37 7.48912892984401e-37 1.2740245369194957e-36 3.742455040795058e-36 1.9495590875174074e-35 1.260442728300843e-35
4.788287076675383e-07 2.764102215466344e-37 3.2746404627520834e-37 5.192949098120003e-37 7.343972155610377e-37 1.2523588906889652e-36 3.712948203013443e-36 1.990718497049023e-35 1.2962474027349805e-35
4.899933547366384e-07 2.7046891859039507e-37 3.2050356251810782e-37 5.087233877298208e-37 7.201877302937157e-37 1.2311505209219491e-36 3.684602703918641e-36 2.033411179364653e-35 1.3334409320569225e-35
5.014183231736547e-07 2.6465794835571942e-37 3.1369483969596e-37 4.983778300126218e-37 7.062773263647121e-37 1.2103886152061518e-36 3.657403621708133e-36 2.0776818836383348e-35 1.372092432669092e-35
5.131096827821533e-07 2.5897434641847105e-37 3.0703442262652247e-37 4.882530586147569e-37 6.9265907909981874e-37 1.1900626632028366e-36 3.6313370096587376e-36 2.1235778425380772e-35 1.4122760040095592e-35
5.250736448927506e-07 2.5341521986247553e-37 3.0051894023245825e-37 4.783440261589428e-37 6.793262445014352e-37 1.1701624459721717e-36 3.6063898832604035e-36 2.1711489425904607e-35 1.4540709921383416e-35
5.373165656630395e-07 2.4797774541185867e-37 2.9414510341712184e-37 4.686458122544696e-37 6.662722539178547e-37 1.1506780284868045e-36 3.582550211321081e-36 2.2204478953282427e-35 1.4975620001483003e-35
5.4984494945446e-07 2.4265916762933846e-37 2.879097029190209e-37 4.591536199762596e-37 6.5349070898099045e-37 1.1315997512341365e-36 3.5598069056232456e-36 2.27153041595116e-35 1.5428387896988258e-35
5.626654522879044e-07 2.3745679714730485e-37 2.8180960714882185e-37 4.498627723885496e-37 6.40975376579641e-37 1.1129182209047394e-36 3.5381498130829876e-36 2.3244554145192317e-35 1.5899963060488599e-35
5.757848853798981e-07 2.323680090244168e-37 2.7584176022044183e-37 4.4076870944741145e-37 6.287201845478094e-37 1.0946243034352814e-36 3.517569708831384e-36 2.3792852035627053e-35 1.639135025623693e-35
5.892102187612295e-07 2.2739024109958583e-37 2.7000317995507782e-37 4.318669848268115e-37 6.167192171498799e-37 1.0767091160454591e-36 3.49805829060554e-36 2.4360857262962423e-35 1.6903616668095754e-35
6.029485849799565e-07 2.2252099229501143e-37 2.6429095593101524e-37 4.231532624918621e-37 6.04966709998157e-37 1.0591640193698002e-36 3.4796081753971495e-36 2.494926801128532e-35 1.743790100903821e-35
6.17007282890752e-07 2.1775782109357375e-37 2.5870224764051373e-37 4.14623313831901e-37 5.9345704605751894e-37 1.0419806106818911e-36 3.4622128948217056e-36 2.555882376787619e-35 1.799542175522735e-35
6.313937815326057e-07 2.130983440079678e-37 2.5323428264266052e-37 4.0627301469941425e-37 5.821847514108668e-37 1.0251507164681739e-36 3.445866893950126e-36 2.619030789455007e-35 1.8577482208852244e-35
6.461157240969403e-07 2.0854023410474824e-37 2.478843547821645e-37 3.980983425834502e-37 5.711444912513336e-37 1.0086663854607026e-36 3.430565528501387e-36 2.684455029032565e-35 1.9185472376048268e-35
6.611809319882495e-07 2.040812195366038e-37 2.4264982249002997e-37 3.900953737495877e-37 5.603310657576742e-37 9.925198824289896e-37 3.4163050650922783e-36 2.75224301453661e-35 1.9820870216133703e-35
6.765974089794179e-07 1.9971908213006383e-37 2.3752810707367786e-37 3.822602805187256e-37 5.4973940620637e-37 9.767036812229645e-37 3.4030826822238775e-36 2.8224878905150187e-35 2.048524573736106e-35
6.923733454639272e-07 1.954516560353894e-37 2.325166910983418e-37 3.745893287121135e-37 5.3936457138049236e-37 9.612104587520703e-37 3.390896472349341e-36 2.89528834831622e-35 2.118026960050459e-35
7.085171228072106e-07 1.9127682637212437e-37 2.2761311679978703e-37 3.670788750208692e-37 5.292017437771888e-37 9.46033088933981e-37 3.379745445572362e-36 2.9707489722870925e-35 2.1907725080117507e-35
7.250373177994646e-07 1.8719252794865933e-37 2.2281498454348e-37 3.597253645880098e-37 5.1924622620974e-37 9.311646368767146e-37 3.3696295348176294e-36 3.048980600808173e-35 2.26695185598482e-35
7.419427072122865e-07 1.8319674399232333e-37 2.1811995131767705e-37 3.525253285719666e-37 5.094934383277623e-37 9.16598353090518e-37 3.360549600168907e-36 3.130100702147562e-35 2.3467687524808613e-35
7.592422724615558e-07 1.7928750492981545e-37 2.1352572928540203e-37 3.454753818393043e-37 4.999389133628123e-37 9.02327668177862e-37 3.352507438327993e-36 3.2142337621609674e-35 2.4304405210560954e-35
7.769452043790388e-07 1.7546288718586081e-37 2.0903008435521725e-37 3.3857222066948003e-37 4.9057829485675475e-37 8.88346187317918e-37 3.3455057880392824e-36 3.3015116986816615e-35 2.518198676487599e-35
7.950609080952509e-07 1.7172101202733915e-37 2.046308348099633e-37 3.318126205739956e-37 4.814073335874126e-37 8.746476852433444e-37 3.339548341107494e-36 3.3920743080544263e-35 2.610289991891218e-35
8.135990080361694e-07 1.6806004443469044e-37 2.003258499674939e-37 3.2519343416382415e-37 4.7242188455492045e-37 8.612261012734285e-37 3.334639753196869e-36 3.486069746509876e-35 2.706977946181043e-35
8.325693530364543e-07 1.644781920039539e-37 1.9611304887865433e-37 3.1871158907924143e-37 4.636179040592225e-37 8.480755345046726e-37 3.33078565580127e-36 3.5836550384151835e-35 2.8085441638102816e-35
8.519820215718901e-07 1.6097370387992995e-37 1.9199039906303453e-37 3.1236408598482262e-37 4.549914468757045e-37 8.351902391865277e-37 3.327992669907731e-36 3.684996610956746e-35 2.915289562998995e-35
8.718473271138315e-07 1.5754486971764797e-37 1.8795591527890337e-37 3.061479966207858e-37 4.4653866351147535e-37 8.225646202286819e-37 3.326268420625294e-36 3.7902708570720466e-35 3.027535362926478e-35
8.921758236084957e-07 1.541900186719157e-37 1.840076583270517e-37 3.000604619109333e-37 4.38255797543855e-37 8.101932288485095e-37 3.325621552946924e-36 3.899664740287643e-35 3.1456243615374404e-35
9.12978311084014e-07 1.5090751841492013e-37 1.8014373388864805e-37 2.9409869012836216e-37 4.301391830446225e-37 7.980707583748541e-37 3.3260617489890984e-36 4.013376443623856e-35 3.269922650345136e-35
9.342658413882192e-07 1.476957741826493e-37 1.7636229139837727e-37 2.882599551232981e-37 4.22185242100534e-37 7.861920402495355e-37 3.327599747603892e-36 4.1316160648068614e-35 3.400821510680749e-35
9.560497240602198e-07 1.44553227844282e-37 1.7266152294471995e-37 2.8254159459210774e-37 4.143904823864617e-37 7.745520400813564e-37 3.330247363917316e-36 4.2546063500384095e-35 3.538739164153808e-35
9.78341532338879e-07 1.4147835699846534e-37 1.6903966220301973e-37 2.7694100840346285e-37 4.067514948261909e-37 7.631458538759083e-37 3.334017510985159e-36 4.382583476341388e-35 3.6841224361537894e-35
1.0011531093113902e-06 1.384696740941783e-37 1.654949833982311e-37 2.7145565697422752e-37 3.992649513261134e-37 7.519687043953843e-37 3.338924222908318e-36 4.5157978879415094e-35 3.8374486820434465e-35
1.0244965742052174e-06 1.355257255748646e-37 1.620258002956556e-37 2.660830596911819e-37 3.9192760257440585e-37 7.410159376262488e-37 3.3449826790530255e-36 4.6545151910090643e-35 3.9992280914022753e-35
1.048384328826741e-06 1.3264509104626172e-37 1.586304652203222e-37 2.6082079338139522e-37 3.8473627591275015e-37 7.302830193835188e-37 3.352209230025143e-36 4.7990171133690874e-35 4.170006132114915e-35
1.0728290641500308e-06 1.298263824662815e-37 1.5530736810288362e-37 2.5566649082600485e-37 3.776878732702299e-37 7.197655320190651e-37 3.36062142484489e-36 4.949602521986657e-35 4.350365962329545e-35
1.0978437670592484e-06 1.2706824335718224e-37 1.52054935552433e-37 2.5061783931954e-37 3.7077936916498886e-37 7.09459171257816e-37 3.37023803991621e-36 5.106588511987221e-35 4.5409309793816994e-35
1.1234417272482566e-06 1.243693480382701e-37 1.4887162995389742e-37 2.456725792689774e-37 3.6400780876193316e-37 6.993597431235277e-37 3.381079109050798e-36 5.270311573533886e-35 4.742367706113461e-35
1.149636544281106e-06 1.2172840087981524e-37 1.4575594859107624e-37 2.4082850283629274e-37 3.5737030599558965e-37 6.89463160990951e-37 3.393165955457885e-36 5.441128836952871e-35 4.955388930285062e-35
1.1764421348171486e-06 1.1914413557643033e-37 1.427064227929609e-37 2.36083452618732e-37 3.508640417464034e-37 6.797654427255839e-37 3.406521224920328e-36 5.619419404955835e-35 5.180756968425422e-35
1.2038727400046132e-06 1.1661531444002838e-37 1.397216171036126e-37 2.3143532036829926e-37 3.444862620745984e-37 6.7026270792967595e-37 3.421168920671777e-36 5.805585774860477e-35 5.419287107362326e-35
1.2319429330465773e-06 1.1414072771149837e-37 1.368001284744841e-37 2.268820457480679e-37 3.3823427650721083e-37 6.609511752820403e-37 3.4371344397784836e-36 6.000055361196635e-35 5.671851381182825e-35
1.2606676269433496e-06 1.1171919289063675e-37 1.3394058547861238e-37 2.2242161512443936e-37 3.321054563771929e-37 6.518271599711118e-37 3.4544446111007225e-36 6.203282124078029e-35 5.939382638722471e-35
1.2900620824153782e-06 1.0934955408374392e-37 1.3114164754600247e-37 2.180520603941235e-37 3.260972332126921e-37 6.428870712176944e-37 3.4731277348360605e-36 6.415748310565841e-35 6.222878843102564e-35
1.3201419160108953e-06 1.0703068136841481e-37 1.2840200421956103e-37 2.1377145784475207e-37 3.2020709717487977e-37 6.341274098847245e-37 3.493213623666549e-36 6.637966318058092e-35 6.523407673729744e-35
1.3509231084026028e-06 1.0476147017499375e-37 1.257203744309666e-37 2.0957792704799905e-37 3.1443259554262405e-37 6.2554476617097464e-37 3.514733645518117e-36 6.870480686465443e-35 6.842111498350482e-35
1.38242201287781e-06 1.025408406842061e-37 1.230955057958851e-37 2.0546962978423754e-37 3.0877133124257794e-37 6.171358173865925e-37 3.5377207679680035e-36 7.113870232255937e-35 7.180212686372423e-35
1.4146553640265304e-06 1.0036773724049579e-37 1.2052617392793116e-37 2.0144476899764628e-37 3.032209614230145e-37 6.088973258073282e-37 3.562209604303116e-36 7.368750330772397e-35 7.539019287391124e-35
1.447640286632156e-06 9.824112778062135e-38 1.180111817708265e-37 1.975015877808322e-37 2.977791960700315e-37 6.008261366053233e-37 3.5882364612617724e-36 7.635775359754834e-35 7.91993112126845e-35
1.4813943047694329e-06 9.616000327704436e-38 1.1554935894821248e-37 1.936383683880061e-37 2.924437966646699e-37 5.929191758539708e-37 3.615839388480226e-36 7.915641314820722e-35 8.32444631813372e-35
1.5159353511145682e-06 9.412337719570034e-38 1.1313956113057596e-37 1.8985343127581098e-37 2.872125748796093e-37 5.851734486046713e-37 3.645058229675814e-36 8.209088610155684e-35 8.754168304474258e-35
1.5512817764724183e-06 9.213028496772513e-38 1.10780669418804e-37 1.8614513417090877e-37 2.8208339131408526e-37 5.775860370331994e-37 3.6759346755955895e-36 8.51690507656863e-35 9.21081329913096e-35
1.587452359525819e-06 9.017978347473093e-38 1.0847158974384406e-37 1.8251187116348627e-37 2.7705415426579442e-37 5.7015409865373995e-37 3.70851231877395e-36 8.839929172637082e-35 9.69621834492057e-35
1.6244663168122348e-06 8.827095054725884e-38 1.062112522820325e-37 1.7895207182585456e-37 2.7212281853854088e-37 5.6287486459854285e-37 3.742836710141497e-36 9.179053423480895e-35 1.0212349909926192e-34
1.6623433129330315e-06 8.640288447601128e-38 1.0399861088557804e-37 1.7546420035534577e-37 2.672873842844415e-37 5.557456379613249e-37 3.778955417539231e-36 9.535228103975791e-35 1.0761313106136368e-34
1.7011034710007933e-06 8.457470353550097e-38 1.018326425278143e-37 1.7204675474074672e-37 2.625458958795627e-37 5.487637922026379e-37 3.8169180862006127e-36 9.90946518412287e-35 1.1345361565738959e-34
1.740767383330235e-06 8.278554551977117e-38 9.971234676273763e-38 1.6869826595152644e-37 2.5789644083187727e-37 5.4192676961547886e-37 3.856776501274976e-36 1.0302842555596046e-34 1.196690802324977e-34
1.7813561223783898e-06 8.103456728984947e-38 9.763674519844476e-38 1.654172971491474e-37 2.5333714872049167e-37 5.352320798495312e-37 3.898584652478751e-36 1.0716508559823947e-34 1.2628535653919789e-34
1.8228912519398869e-06 7.932094433257501e-38 9.560488098405958e-38 1.6220244291976822e-37 2.488661901651179e-37 5.286772984924857e-37 3.942398800975826e-36 1.1151686839505204e-34 1.3333010222875427e-34
1.8653948386032614e-06 7.764387033050745e-38 9.361581830974661e-38 1.5905232852767637e-37 2.4448177582480944e-37 5.2226006570699e-37 3.9882775486057035e-36 1.1609681537000633e-34 1.4083293102395419e-34
1.908889463474389e-06 7.60025567425937e-38 9.166864191945299e-38 1.559656091888074e-37 2.4018215542501116e-37 5.159780849218412e-37 4.0362819095974565e-36 1.2091882864705182e-34 1.4882555219978532e-34
