results/limits/BECCAL_f_6_phase.dat
# %ECSV 1.0
# ---
# datatype:
# - {name: mx, unit: MeV, datatype: float64}
# - {name: sigma_6, unit: cm2, datatype: float64}
# schema: astropy-2.0
mx sigma_6
[from data line 359]
0.0012404909310584848 1.8926803378190656e-22
0.0012694149350204683 1.9854421566809626e-22
0.0012990133477864558 2.0805402960828277e-22
0.0013293018942621524 2.177878417943641e-22
0.001360296666004259 2.2773506756723557e-22
0.001392014129769518 2.3788421791385535e-22
0.0014244711362630968 2.482229540926574e-22
0.0014576849290909482 2.5873814982381343e-22
0.0014916731539209149 2.6941596037361075e-22
0.0015264538678574353 2.802418977329276e-22
0.0015620455490348386 2.912009110488335e-22
0.0015984671064343198 3.022774713447846e-22
0.0016357378899298156 3.13455659563336e-22
0.0016738777005681136 3.247192568892816e-22
0.0017129068010886602 3.3605183631930937e-22
0.0017528459266886532 3.4743685446320177e-22
0.00179371629603914 3.588577425451031e-22
0.0018355396225579732 3.702979956551894e-22
0.0018783381259456144 3.8174125933942537e-22
0.0019221345439899109 3.9317141267612306e-22
0.001966952144646121 4.0457264711044535e-22
0.0020128147383986056 4.1592954035544095e-22
0.002059746690910748 4.272271247986375e-22
0.0021077729359698315 4.3845094995593985e-22
0.0021569189887337423 4.495871386210072e-22
0.002207210959286545 4.606224364229802e-22
0.0022586755665101248 4.715442546779011e-22
0.0023113401522792685 4.823407064249073e-22
0.0023652326959877285 4.930006357367557e-22
0.0024203818294129824 5.035136403924564e-22
0.0024768168519275916 5.138700880553692e-22
0.002534567746065232 5.240611263274033e-22
0.0025936651934496745 5.340786868919119e-22
0.0026541405910951734 5.439154841244067e-22
0.0027160260680869266 5.535650086280789e-22
0.0027793545026504624 5.630215160495897e-22
0.002844159539619031 5.722800116624482e-22
0.0029104756083082714 5.81336231153671e-22
0.0029783379408076585 5.90186618090702e-22
0.0030477825906984404 5.988282985134594e-22
0.0031188464522080173 6.072590530881306e-22
0.0031915672798109355 6.154772872903546e-22
0.0032659837082868936 6.234819999832314e-22
0.003342135273246469 6.312727508235139e-22
0.0034200624321353945 6.388496268020268e-22
0.0034998065857286074 6.462132083406754e-22
0.0035814101001254554 6.533645351503347e-22
0.003664916329257761 6.603050722332252e-22
0.0037503696379226933 6.670366762068242e-22
0.0038378154253526898 6.735615621480268e-22
0.003927300149334948 6.798822712682253e-22
0.004018871350893299 6.8600163945137845e-22
0.00411257767954558 6.91922766842997e-22
0.004208468919149921 6.976489886518008e-22
0.004306596014353682 7.031838471309415e-22
0.004407011097659079 7.085310649818285e-22
0.004509767517119906 7.136945200415833e-22
0.004614919864684026 7.18678221455014e-22
0.004722524005196735 7.234862872030286e-22
0.004832637106080367 7.281229230983702e-22
0.004945317667705937 7.325924031850997e-22
0.005060625554472947 7.36899051579082e-22
0.005178622026613854 7.41047225571382e-22
0.005299369772740128 7.450413001447175e-22
0.005422932943147155 7.4888565383706485e-22
0.0055493771838957115 7.525846556591861e-22
0.00567876967168809 7.561426534001335e-22
0.005811179149557424 7.595639629363638e-22
0.0059466759633891655 7.628528586638416e-22
0.006085332099294114 7.660135649793627e-22
0.006227221221852859 7.690502486834506e-22
0.006372418713251954 7.719670122986015e-22
0.006521001713332612 7.747678882064423e-22
0.006673049160573193 7.77456833643594e-22
0.006828641834027273 7.800377263699936e-22
0.006987862396239558 7.825143609949139e-22
0.00715079543716245 7.848904460926488e-22
0.007317527519096606 7.871696015908853e-22
0.007488147222679345 7.893553570245408e-22
0.007662745193945353 7.914511500116005e-22
0.007841414192484688 7.934603254060662e-22
0.008024249140723652 7.953861345665259e-22
0.008211347174354735 7.97231735253301e-22
0.008402807693942412 7.990001917076686e-22
0.008598732417732204 8.006944750073872e-22
0.008799225435691074 8.023174638233477e-22
0.009004393264807849 8.038719452398418e-22
0.009214344905683071 8.053606158410635e-22
0.009429191900438323 8.067860830802786e-22
0.009649048391975805 8.081508665359439e-22
0.009874031184619632 8.094573996835312e-22
0.010104259806171096 8.107080313844743e-22
0.01033985657141083 8.119050277600701e-22
0.010580946647081629 8.130505740058511e-22
0.010827658118386449 8.141467763031695e-22
0.011080122057036918 8.151956637968106e-22
0.011338472590888495 8.161991906131877e-22
0.01160284697519928 8.1715923783214105e-22
0.01187338566555036 8.180776155350773e-22
0.012150232392466372 8.189560649051858e-22
0.012433534237775993 8.1979626023417085e-22
0.01272344171275288 8.205998111160753e-22
0.013020108838078586 8.213682641536546e-22
0.013323693225669961 8.221031052926171e-22
0.013634356162414448 8.228057616812231e-22
0.013952262695857842 8.23477603625109e-22
0.014277581721889965 8.241199465207088e-22
0.014610486074474885 8.247340527520944e-22
0.014951152617473332 8.253211335381303e-22
0.015299762338606094 8.2588235085182355e-22
0.015656500445608335 8.264188190107075e-22
0.016021556464625875 8.2693160659238655e-22
0.016395124340905766 8.274217380064227e-22
0.016777402541834602 8.278901951106877e-22
0.017168594162379338 8.283379189975463e-22
0.01756890703298664 8.287658114746426e-22
0.017978553829998065 8.291747362792478e-22
0.01839775218863974 8.29565521048871e-22
0.01882672481864659 8.299389582668358e-22
0.01926569962258253 8.302958070640887e-22
0.019714909816919448 8.3063679418648435e-22
0.020174594055939365 8.309626154257856e-22
0.02064499655852557 8.312739370008157e-22
0.021126367237910063 8.315713963841762e-22
0.021618961834446313 8.318556038534025e-22
0.02212304205147776 8.321271434115627e-22
0.022638875694374342 8.323865738354813e-22
0.0231667368128109 8.326344298267269e-22
0.02370690584636297 8.328712229048357e-22
0.024259669773497434 8.330974423917363e-22
0.024825322264037063 8.333135564012949e-22
0.025404163835180054 8.335200126829611e-22
0.025996502011157406 8.337172394081521e-22
0.026602651486612925 8.339056461614819e-22
0.027222934293792744 8.340856245824087e-22
0.027857679973633073 8.342575491050342e-22
0.02850722575083718 8.344217777737262e-22
0.02917191671303455 8.345786529574932e-22
0.029852105994117403 8.347285020065307e-22
0.030548154961852016 8.34871637813269e-22
0.031260433409864494 8.3500835949884e-22
0.031989319754103004 8.3513895311690795e-22
0.0327352012338808 8.352636917866871e-22
0.03349847411760691 8.353828369240998e-22
0.034279543913313774 8.354966382024131e-22
0.03507882558409363 8.356053342666106e-22
0.03589674376855814 8.357091533207264e-22
0.03673373300643846 8.3580831313638225e-22
0.037590237969445384 8.359030220920427e-22
0.038466713697512506 8.359934793597062e-22
0.03936362584054766 8.3607987514423e-22
0.04028145090582124 8.361623911761816e-22
0.04122067651112274 8.362412010596537e-22
0.04218180164382002 8.363164709815026e-22
0.043165336925959 8.363883592680785e-22
0.044171804885544536 8.364570175599423e-22
0.04520174023414663 8.365225904507542e-22
0.046255690150979495 8.365852165400723e-22
0.047334214573604344 8.366450277277714e-22
0.048437886495410414 8.367021504832747e-22
0.04956729227003216 8.367567050793728e-22
0.05072303192286451 8.368088068907791e-22
0.051905719469841495 8.36858566073653e-22
0.05311598324364777 8.3690608769875395e-22
0.05435446622753626 8.369514720997734e-22
0.05562182639692926 8.369948153299902e-22
0.056918737068984544 8.370362090733945e-22
0.058245887260312136 8.3707574069880885e-22
0.05960398205303182 8.37113494127079e-22
0.06099374296936585 8.371495490460133e-22
0.06241590835496589 8.371839817410585e-22
0.06387123377117784 8.372168653600236e-22
0.06536049239645289 8.372482691729404e-22
0.06688447543711816 8.372782598612868e-22
0.06844399254772507 8.37306901037143e-22
0.0700398722611988 8.373342531629243e-22
0.0716729624290174 8.373603743697016e-22
0.07334413067165428 8.373853198286983e-22
0.07505426483952363 8.374091425441847e-22
0.07680427348467332 8.3743189284467535e-22
0.07859508634347626 8.374536191874757e-22
0.08042765483057629 8.374743676377344e-22
0.08230295254435131 8.374941817467084e-22
0.08422197578416211 8.375131041367548e-22
0.08618574407966152 8.375311745943459e-22
0.08819530073244539 8.375484314274492e-22
0.09025171337033296 8.375649114662378e-22
0.09235607451457113 8.375806491854724e-22
0.09450950216026408 8.375956786077422e-22
0.09671314037033632 8.376100312050834e-22
0.09896815988334524 8.3762373758493785e-22
0.10127575873546546 8.376368268086569e-22
0.10363716289697593 8.376493266635006e-22
0.10605362692358762 8.376612635837482e-22
0.10852643462295801 8.3767266273780175e-22
0.11105689973674641 8.376835488386312e-22
0.11364636663857243 8.376939447220226e-22
0.11629621104824843 8.377038722464724e-22
0.1190078407626656 8.3771335274278905e-22
0.12178269640372161 8.377224063121264e-22
0.12462225218368743 8.377310522213824e-22
0.1275280166884199 8.37739308647428e-22
0.13050153367883624 8.377471932239541e-22
0.1335443829110759 8.377547228427061e-22
0.13665818097578622 8.377619133427177e-22
0.13984458215697693 8.377687796416085e-22
0.14310527931090045 8.377753366181408e-22
0.14644200476542463 8.377815986127165e-22
0.14985653124037576 8.3778757875586995e-22
0.15335067278934078 8.377932893988202e-22
0.1569262857634292 8.377987428041227e-22
0.1605852697975066 8.378039502680776e-22
0.16432956881942368 8.378089231954426e-22
0.16816117208277714 8.378136722338874e-22
0.172082115223751 8.378182073766632e-22
0.1760944813425998 8.378225386110293e-22
0.1802004021103484 8.378266743766189e-22
0.18440205890129596 8.378306239155349e-22
0.18870168395192646 8.378343957330794e-22
0.1931015615468407 8.37837997247588e-22
0.1976040292323402 8.378414367172525e-22
0.20221147905830805 8.378447218510209e-22
0.20692635884904578 8.378478578930009e-22
0.21175117350374192 8.378508534687062e-22
0.2166884863272632 8.378537139549251e-22
0.22174092039197504 8.3785644524292825e-22
0.22691115993131514 8.378590538472003e-22
0.23220195176586036 8.378615446888063e-22
0.2376161067626448 8.37863923327539e-22
0.24315650132850383 8.378661945526264e-22
0.24882607893823822 8.378683646684243e-22
0.25462785169840935 8.378704360310522e-22
0.2605649019475973 8.378724136851124e-22
0.26664038389397104 8.378743034305812e-22
0.27285752529104135 8.378761073555609e-22
0.2792196291524867 8.378778302712896e-22
0.2857300755069626 8.378794748909351e-22
0.2923923231938275 8.37881045895211e-22
0.2992099117007387 8.37882546651073e-22
0.3061864630440946 8.378839787289416e-22
0.31332568369332287 8.37885347457887e-22
0.32063136654003577 8.378866537242633e-22
0.3281073929131 8.378879015712915e-22
0.3357577346406907 8.378890930371078e-22
0.343586456160426 8.37890230656231e-22
0.3515977166787018 8.378913171152898e-22
0.359795772380376 8.378923544668234e-22
0.368184978689974 8.378933457906957e-22
0.3767697925856183 8.378942915160886e-22
0.38555477496691104 8.378951951674601e-22
0.394544593078027 8.378960581963431e-22
0.4037440229873054 8.378968825791272e-22
0.4131579521246571 8.378976698665956e-22
0.42279138187813525 8.378984201707706e-22
0.43264943025104924 8.37899137711653e-22
0.4427373345810337 8.378998223009435e-22
0.4530604543225162 8.379004772060008e-22
0.4636242738940635 8.379011020373484e-22
0.47443440559211736 8.379016986241893e-22
0.48549659257266914 8.3790226931215435e-22
0.4968167119024568 8.379028126877663e-22
0.5084007776813051 8.379033344699326e-22
0.5202549442372687 8.379038299697127e-22
0.5323855093962742 8.379043028976657e-22
0.5447989178279997 8.379047565751343e-22
0.557501764469769 8.379051877446853e-22
0.5705007980302781 8.379056001003125e-22
0.5838029245750183 8.379059947439315e-22
0.5974152111952977 8.379063708056259e-22
0.6113448897628128 8.379067302355215e-22
0.6255993607717623 8.379070725146564e-22
0.6401861972705483 8.379074017555217e-22
0.6551131488851486 8.379077131097334e-22
0.6703881459363026 8.379080127089784e-22
0.686019303652694 8.379082974097039e-22
0.7020149264823721 8.379085702914852e-22
0.7183835125046995 8.379088313474717e-22
0.7351337579451718 8.379090802167202e-22
0.7522745617955077 8.379093160445522e-22
0.7698150305414633 8.379095442140271e-22
0.7877644830008832 8.379097601958267e-22
0.8061324552745581 8.379099650762923e-22
0.8249287058125218 8.379101638897909e-22
0.8441632205984669 8.379103532914888e-22
0.8638462184550629 8.379105329309699e-22
0.8839881564729563 8.379107035458063e-22
0.9045997355663667 8.379108682951992e-22
0.9256919061582187 8.379110259421381e-22
0.9472758739978306 8.379111739316378e-22
0.9693631061142522 8.379113180033895e-22
0.9919653369084147 8.379114547237105e-22
1.0150945743873274 8.379115853909463e-22
1.0387631065436362 8.379117091950316e-22
1.0629835078839296 8.3791182999413e-22
1.0877686461092637 8.379119424669444e-22
1.1131316889514546 8.379120510516573e-22
1.1390861111687691 8.379121523912146e-22
1.16564570170473 8.379122517185343e-22
1.1928245710138414 8.379123488597277e-22
1.2206371585581264 8.37912435924787e-22
1.2490982404784545 8.379125250189483e-22
1.2782229374447416 8.379126040631818e-22
1.3080267226891875 8.379126839077004e-22
1.3385254302268237 8.379127584987159e-22
1.369735263267732 8.379128306713939e-22
1.4016728028254128 8.379128989599909e-22
1.4343550165258654 8.379129625390674e-22
1.4677992676220706 8.379130267309133e-22
1.5020233242186567 8.379130852210947e-22
1.5370453687116559 8.379131444264014e-22
1.5728840074483612 8.379131983028632e-22
1.6095582806124205 8.379132527510476e-22
1.6470876723394143 8.379132965044437e-22
1.6854921210682972 8.379133488429029e-22
1.7247920301341966 8.3791339119765895e-22
1.7650082786082029 8.379134343979312e-22
1.8061622323899016 8.3791347557049405e-22
1.848275755558551 8.379135152899901e-22
1.8913712219889245 8.379135513689208e-22
1.935471527238 8.379135881370947e-22
1.9806001007088037 8.379136213492517e-22
2.0267809180978715 8.379136565664902e-22
2.0740385141329463 8.379136888718765e-22
2.1223979956076717 8.379137156576108e-22
2.171885054720213 8.379137430276723e-22
2.222525982722885 8.379137702459387e-22
2.274347683890048 8.379137971572226e-22
2.327377689811681 8.379138220517857e-22
2.3816441740202396 8.379138429690538e-22
2.437175966958554 8.379138692552372e-22
2.4940025712967335 8.379138900939e-22
2.552154177606206 8.379139094215534e-22
2.611661680399223 8.379139273683429e-22
2.6725566945423505 8.379139501116303e-22
2.7348715720526675 8.379139707806758e-22
2.7986394192855935 8.379139860012919e-22
2.863894114523477 8.3791400431614555e-22
2.9306703259742912 8.379140191183169e-22
2.999003530189995 8.379140305314728e-22
3.068930030914351 8.379140448828119e-22
3.1404869783702067 8.379140560235512e-22
3.21371238899649 8.379140712778531e-22
3.2886451656454048 8.37914083107437e-22
3.3653251182505572 8.379140999660329e-22
3.443792984976987 8.3791411242367965e-22
3.5240904538643507 8.3791411310922e-22
3.6062601849747473 8.379141301823378e-22
3.6903458330569543 8.379141371632512e-22
3.77639207073912 8.379141504168205e-22
3.8644446122622242 8.379141603777945e-22
3.9545502377669295 8.379141663630132e-22
4.046756818146711 8.379141724967735e-22
4.141113340480481 8.379141788201043e-22
4.237669934058216 8.379141957474368e-22
4.336477897013409 8.379141952574515e-22
4.437589723576497 8.379142047070063e-22
4.541059131963759 8.379142051699789e-22
4.646941092916466 8.379142173208496e-22
4.755291858905486 8.379142163965663e-22
4.866168994016832 8.379142223541126e-22
4.979631404534034 8.379142371738673e-22
5.0957393702336 8.379142392707205e-22
5.214554576410165 8.379142305247842e-22
5.336140146648369 8.379142510833171e-22
5.4605606763588606 8.379142562543984e-22
5.587882267096237 8.379142565038823e-22
5.718172561677172 8.37914255816302e-22
5.851500780117376 8.379142668819924e-22
5.987937756406471 8.379142608611513e-22
6.127555976140354 8.379142649141104e-22
6.270429615030991 8.379142732560722e-22
6.416634578314149 8.379142850699837e-22
6.566248541075969 8.379142985170542e-22
6.719350989519823 8.37914283432268e-22
6.87602326319537 8.379142864493139e-22
7.036348598212252 8.379142914187098e-22
7.200412171461376 8.379142946124338e-22
7.368301145867304 8.379142902559798e-22
7.540104716695753 8.379142899870855e-22
7.715914158940838 8.379142987208646e-22
7.8958228758172275 8.379142936076837e-22
