results/limits/GDM_f_6.dat
# %ECSV 1.0
# ---
# datatype:
# - {name: mx, unit: MeV, datatype: float64}
# - {name: sigma_6, unit: cm2, datatype: float64}
# schema: astropy-2.0
mx sigma_6
[from data line 359]
0.0012404909310584848 1.486050189723114e-25
0.0012694149350204683 1.5219085003564218e-25
0.0012990133477864558 1.556996965604635e-25
0.0013293018942621524 1.5912226467114356e-25
0.001360296666004259 1.6244950104952824e-25
0.001392014129769518 1.6567265131775911e-25
0.0014244711362630968 1.6878331604208029e-25
0.0014576849290909482 1.7177350378017734e-25
0.0014916731539209149 1.7463568054447578e-25
0.0015264538678574353 1.7736281500551269e-25
0.0015620455490348386 1.7994841914022938e-25
0.0015984671064343198 1.8238658371574494e-25
0.0016357378899298156 1.8467200838794496e-25
0.0016738777005681136 1.8680002615144975e-25
0.0017129068010886602 1.8876662190182762e-25
0.0017528459266886532 1.9056844521806565e-25
0.00179371629603914 1.9220281716248903e-25
0.0018355396225579732 1.9366773139301306e-25
0.0018783381259456144 1.9496184967855557e-25
0.0019221345439899109 1.9608449207278523e-25
0.001966952144646121 1.9703562209095916e-25
0.0020128147383986056 1.9781582728813887e-25
0.002059746690910748 1.9842629558906092e-25
0.0021077729359698315 1.9886878789127432e-25
0.0021569189887337423 1.9914560740162965e-25
0.002207210959286545 1.9925956616522395e-25
0.0022586755665101248 1.992139493775418e-25
0.0023113401522792685 1.9901247787644017e-25
0.0023652326959877285 1.9865926938032745e-25
0.0024203818294129824 1.9815879889638566e-25
0.0024768168519275916 1.9751585878393803e-25
0.002534567746065232 1.967355188455868e-25
0.0025936651934496745 1.9582308687522248e-25
0.0026541405910951734 1.9478406997029423e-25
0.0027160260680869266 1.936241369424006e-25
0.0027793545026504624 1.9234908209285464e-25
0.002844159539619031 1.9096479056894133e-25
0.0029104756083082714 1.8947720549861648e-25
0.0029783379408076585 1.8789229706240355e-25
0.0030477825906984404 1.8621603360747062e-25
0.0031188464522080173 1.8445435488310264e-25
0.0031915672798109355 1.826131474702595e-25
0.0032659837082868936 1.8069822237748168e-25
0.003342135273246469 1.7871529485578459e-25
0.0034200624321353945 1.7666996636405327e-25
0.0034998065857286074 1.7456770863664252e-25
0.0035814101001254554 1.7241384982109121e-25
0.003664916329257761 1.7021356254970156e-25
0.0037503696379226933 1.6797185392608129e-25
0.0038378154253526898 1.656935572382913e-25
0.003927300149334948 1.6338332536910518e-25
0.004018871350893299 1.6104562575782862e-25
0.00411257767954558 1.5868473678324173e-25
0.004208468919149921 1.5630474548479889e-25
0.004306596014353682 1.5390954648021136e-25
0.004407011097659079 1.5150284198192258e-25
0.004509767517119906 1.4908814281413641e-25
0.004614919864684026 1.4666877026861844e-25
0.004722524005196735 1.4424785876910848e-25
0.004832637106080367 1.4182835919837873e-25
0.004945317667705937 1.3941304282389078e-25
0.005060625554472947 1.3700450571259303e-25
0.005178622026613854 1.346051735678509e-25
0.005299369772740128 1.32217306915921e-25
0.005422932943147155 1.2984300657239576e-25
0.0055493771838957115 1.2748421932313035e-25
0.00567876967168809 1.2514274376124171e-25
0.005811179149557424 1.2282023623741343e-25
0.0059466759633891655 1.2051821687231144e-25
0.006085332099294114 1.1823807558400133e-25
0.006227221221852859 1.1598107810759245e-25
0.006372418713251954 1.1374837196634763e-25
0.006521001713332612 1.1154099236992306e-25
0.006673049160573193 1.0935986801009605e-25
0.006828641834027273 1.0720582673955032e-25
0.006987862396239558 1.0507960112188157e-25
0.00715079543716245 1.0298183382156397e-25
0.007317527519096606 1.0091308284108465e-25
0.007488147222679345 9.887382658205535e-26
0.007662745193945353 9.686446873473623e-26
0.007841414192484688 9.48853429828044e-26
0.008024249140723652 9.293671752174062e-26
0.008211347174354735 9.101879939048665e-26
0.008402807693942412 8.913173862178528e-26
0.008598732417732204 8.727563219714402e-26
0.008799225435691074 8.545052782390739e-26
0.009004393264807849 8.36564275267161e-26
0.009214344905683071 8.189329106298511e-26
0.009429191900438323 8.016103916097807e-26
0.009649048391975805 7.84595565884877e-26
0.009874031184619632 7.678869506056959e-26
0.010104259806171096 7.514827597770089e-26
0.01033985657141083 7.353809302159021e-26
0.010580946647081629 7.19579145890866e-26
0.010827658118386449 7.040748609346447e-26
0.011080122057036918 6.888653212141765e-26
0.011338472590888495 6.739475846275524e-26
0.01160284697519928 6.593185400952401e-26
0.01187338566555036 6.449749253965604e-26
0.012150232392466372 6.309133438313924e-26
0.012433534237775993 6.171302797967284e-26
0.01272344171275288 6.036221133352436e-26
0.013020108838078586 5.903851336894359e-26
0.013323693225669961 5.774155519451745e-26
0.013634356162414448 5.647095127650761e-26
0.013952262695857842 5.522631053014915e-26
0.014277581721889965 5.400723733456808e-26
0.014610486074474885 5.281333246679606e-26
0.014951152617473332 5.164419397477678e-26
0.015299762338606094 5.0499417975739006e-26
0.015656500445608335 4.937859939916244e-26
0.016021556464625875 4.8281332666357685e-26
0.016395124340905766 4.720721231960485e-26
0.016777402541834602 4.6155833596327965e-26
0.017168594162379338 4.5126792956994117e-26
0.01756890703298664 4.411968856761308e-26
0.017978553829998065 4.313412073937102e-26
0.01839775218863974 4.216969232979692e-26
0.01882672481864659 4.122600910572139e-26
0.01926569962258253 4.030268007296966e-26
0.019714909816919448 3.9399317772890804e-26
0.020174594055939365 3.85155385495323e-26
0.02064499655852557 3.765096278854466e-26
0.021126367237910063 3.680521513043237e-26
0.021618961834446313 3.597792466007497e-26
0.02212304205147776 3.516872507176389e-26
0.022638875694374342 3.437725481607569e-26
0.0231667368128109 3.360315722558797e-26
0.02370690584636297 3.284608062383894e-26
0.024259669773497434 3.210567841634427e-26
0.024825322264037063 3.1381609168243097e-26
0.025404163835180054 3.0673536665794175e-26
0.025996502011157406 2.998112996622028e-26
0.026602651486612925 2.930406343491472e-26
0.027222934293792744 2.864201677164071e-26
0.027857679973633073 2.7994675026843845e-26
0.02850722575083718 2.7361728608332694e-26
0.02917191671303455 2.6742873279547056e-26
0.029852105994117403 2.6137810149850013e-26
0.030548154961852016 2.554624565815228e-26
0.031260433409864494 2.4967891549403307e-26
0.031989319754103004 2.4402464845525357e-26
0.0327352012338808 2.3849687811163612e-26
0.03349847411760691 2.3309287913785867e-26
0.034279543913313774 2.2780997780887422e-26
0.03507882558409363 2.2264555151055888e-26
0.03589674376855814 2.175970282428963e-26
0.03673373300643846 2.1266188606307203e-26
0.037590237969445384 2.0783765252412972e-26
0.038466713697512506 2.031219040725785e-26
0.03936362584054766 1.9851226543541026e-26
0.04028145090582124 1.9400640898060177e-26
0.04122067651112274 1.896020540656583e-26
0.04218180164382002 1.852969663725667e-26
0.043165336925959 1.8108895722732848e-26
0.044171804885544536 1.7697588291264283e-26
0.04520174023414663 1.7295564397341114e-26
0.046255690150979495 1.6902618451431937e-26
0.047334214573604344 1.6518549149381845e-26
0.048437886495410414 1.6143159401499976e-26
0.04956729227003216 1.577625626155554e-26
0.05072303192286451 1.5417650855575696e-26
0.051905719469841495 1.506715831079511e-26
0.05311598324364777 1.4724597684798183e-26
0.05435446622753626 1.4389791894885442e-26
0.05562182639692926 1.4062567647784773e-26
0.056918737068984544 1.3742755369728278e-26
0.058245887260312136 1.34301891372699e-26
0.05960398205303182 1.3124706608235605e-26
0.06099374296936585 1.2826148953607861e-26
0.06241590835496589 1.2534360789958493e-26
0.06387123377117784 1.2249190112618998e-26
0.06536049239645289 1.1970488229520171e-26
0.06688447543711816 1.1698109695877478e-26
0.06844399254772507 1.143191224968005e-26
0.0700398722611988 1.1171756747979594e-26
0.0716729624290174 1.0917507104032392e-26
0.07334413067165428 1.0669030225317784e-26
0.07505426483952363 1.0426195952685525e-26
0.07680427348467332 1.018887699995405e-26
0.07859508634347626 9.956948894777791e-27
0.08042765483057629 9.730289920322804e-27
0.08230295254435131 9.508781058022606e-27
0.08422197578416211 9.292305931035401e-27
0.08618574407966152 9.080750748806861e-27
0.08819530073244539 8.874004252553855e-27
0.09025171337033296 8.671957661667664e-27
0.09235607451457113 8.474504621121059e-27
0.09450950216026408 8.281541149726305e-27
0.09671314037033632 8.092965589404689e-27
0.09896815988334524 7.9086785553529e-27
0.10127575873546546 7.728582887158877e-27
0.10363716289697593 7.552583600806246e-27
0.10605362692358762 7.38058784161547e-27
0.10852643462295801 7.212504838078043e-27
0.11105689973674641 7.048245856584877e-27
0.11364636663857243 6.887724157032934e-27
0.11629621104824843 6.730854949323731e-27
0.1190078407626656 6.577555350705316e-27
0.12178269640372161 6.4277443439647e-27
0.12462225218368743 6.281342736479508e-27
0.1275280166884199 6.1382731200885415e-27
0.13050153367883624 5.9984598317810035e-27
0.1335443829110759 5.861828915150519e-27
0.13665818097578622 5.728308082765951e-27
0.13984458215697693 5.597826679139598e-27
0.14310527931090045 5.470315644630046e-27
0.14644200476542463 5.345707479988212e-27
0.14985653124037576 5.223936211730052e-27
0.15335067278934078 5.104937358136569e-27
0.1569262857634292 4.988647896129581e-27
0.1605852697975066 4.875006228617968e-27
0.16432956881942368 4.763952152846265e-27
0.16816117208277714 4.6554268290755156e-27
0.172082115223751 4.5493727502545014e-27
0.1760944813425998 4.4457337120993016e-27
0.1802004021103484 4.3444547839628696e-27
0.18440205890129596 4.24548228028526e-27
0.18870168395192646 4.14876373263541e-27
0.1931015615468407 4.0542478624388104e-27
0.1976040292323402 3.961884554190709e-27
0.20221147905830805 3.871624829372635e-27
0.20692635884904578 3.783420820825259e-27
0.21175117350374192 3.69722574777895e-27
0.2166884863272632 3.612993891363499e-27
0.22174092039197504 3.530680570690192e-27
0.22691115993131514 3.450242119461925e-27
0.23220195176586036 3.371635863077163e-27
0.2376161067626448 3.294820096260522e-27
0.24315650132850383 3.2197540611800535e-27
0.24882607893823822 3.146397926048516e-27
0.25462785169840935 3.0747127642027037e-27
0.2605649019475973 3.0046605336455194e-27
0.26664038389397104 2.9362040570377265e-27
0.27285752529104135 2.869307002153658e-27
0.2792196291524867 2.8039338627435483e-27
0.2857300755069626 2.7400499398518815e-27
0.2923923231938275 2.6776213235299862e-27
0.2992099117007387 2.6166148749769015e-27
0.3061864630440946 2.556998209058203e-27
0.31332568369332287 2.4987396772443144e-27
0.32063136654003577 2.441808350894246e-27
0.3281073929131 2.3861740049594567e-27
0.3357577346406907 2.3318071020063096e-27
0.343586456160426 2.278678776636888e-27
0.3515977166787018 2.2267608202340528e-27
0.359795772380376 2.1760256660615152e-27
0.368184978689974 2.126446374699012e-27
0.3767697925856183 2.0779966197967903e-27
0.38555477496691104 2.0306506741654986e-27
0.394544593078027 1.9843833961619435e-27
0.4037440229873054 1.9391702164004232e-27
0.4131579521246571 1.8949871247463552e-27
0.42279138187813525 1.851810657618481e-27
0.43264943025104924 1.8096178855665244e-27
0.4427373345810337 1.7683864011361892e-27
0.4530604543225162 1.7280943070064165e-27
0.4636242738940635 1.6887202043936386e-27
0.47443440559211736 1.6502431817201738e-27
0.48549659257266914 1.6126428035381323e-27
0.4968167119024568 1.5758990997038503e-27
0.5084007776813051 1.5399925547978692e-27
0.5202549442372687 1.5049040977842229e-27
0.5323855093962742 1.4706150919034937e-27
0.5447989178279997 1.4371073247968263e-27
0.557501764469769 1.404362998850361e-27
0.5705007980302781 1.3723647217625076e-27
0.5838029245750183 1.3410954973213757e-27
0.5974152111952977 1.310538716394923e-27
0.6113448897628128 1.2806781481216602e-27
0.6255993607717623 1.2514979313057687e-27
0.6401861972705483 1.2229825660021027e-27
0.6551131488851486 1.195116905298191e-27
0.6703881459363026 1.1678861472770537e-27
0.686019303652694 1.1412758271669228e-27
0.7020149264823721 1.1152718096667323e-27
0.7183835125046995 1.0898602814466478e-27
0.7351337579451718 1.06502774381964e-27
0.7522745617955077 1.0407610055778404e-27
0.7698150305414633 1.0170471759940572e-27
0.7877644830008832 9.938736579796095e-28
0.8061324552745581 9.71228141400461e-28
0.8249287058125218 9.49098596542662e-28
0.8441632205984669 9.274732677286054e-28
0.8638462184550629 9.063406670766615e-28
0.8839881564729563 8.856895684038596e-28
0.9045997355663667 8.65509001266698e-28
0.9256919061582187 8.457882451375263e-28
0.9472758739978306 8.26516823713521e-28
0.9693631061142522 8.076844993550252e-28
0.9919653369084147 7.892812676503817e-28
1.0150945743873274 7.712973521044696e-28
1.0387631065436362 7.537231989480527e-28
1.0629835078839296 7.365494720651899e-28
1.0877686461092637 7.197670480362487e-28
1.1131316889514546 7.033670112933607e-28
1.1390861111687691 6.873406493866109e-28
1.16564570170473 6.716794483574226e-28
1.1928245710138414 6.563750882178035e-28
1.2206371585581264 6.414194385318773e-28
1.2490982404784545 6.268045540986741e-28
1.2782229374447416 6.1252267073245e-28
1.3080267226891875 5.985662011397982e-28
1.3385254302268237 5.84927730889983e-28
1.369735263267732 5.716000144774536e-28
1.4016728028254128 5.58575971473798e-28
1.4343550165258654 5.45848682767297e-28
1.4677992676220706 5.334113868882735e-28
1.5020233242186567 5.212574764178167e-28
1.5370453687116559 5.093804944786472e-28
1.5728840074483612 4.977741313054882e-28
1.6095582806124205 4.864322208939296e-28
1.6470876723394143 4.753487377252366e-28
1.6854921210682972 4.645177935660628e-28
1.7247920301341966 4.539336343407868e-28
1.7650082786082029 4.435906370752593e-28
1.8061622323899016 4.334833069100528e-28
1.848275755558551 4.236062741817629e-28
1.8913712219889245 4.139542915707979e-28
1.935471527238 4.0452223131411015e-28
1.9806001007088037 3.9530508248141507e-28
2.0267809180978715 3.8629794831345247e-28
2.0740385141329463 3.774960436208703e-28
2.1223979956076717 3.688946922423582e-28
2.171885054720213 3.604893245606829e-28
2.222525982722885 3.522754750752774e-28
2.274347683890048 3.4424878003017757e-28
2.327377689811681 3.3640497509591494e-28
2.3816441740202396 3.2873989310430016e-28
2.437175966958554 3.2124946183471468e-28
2.4940025712967335 3.139297018509262e-28
2.552154177606206 3.0677672438708517e-28
2.611661680399223 2.9978672928196326e-28
2.6725566945423505 2.929560029601855e-28
2.7348715720526675 2.86280916459492e-28
2.7986394192855935 2.7975792350292643e-28
2.863894114523477 2.73383558614927e-28
2.9306703259742912 2.6715443528037353e-28
2.999003530189995 2.6106724414552273e-28
3.068930030914351 2.5511875125998424e-28
3.1404869783702067 2.4930579635869236e-28
3.21371238899649 2.436252911830695e-28
3.2886451656454048 2.3807421784039095e-28
3.3653251182505572 2.3264962720056525e-28
3.443792984976987 2.27348637329411e-28
3.5240904538643507 2.22168431957645e-28
3.6062601849747473 2.171062589847431e-28
3.6903458330569543 2.1215942901688905e-28
3.77639207073912 2.0732531393823234e-28
3.8644446122622242 2.0260134551469934e-28
3.9545502377669295 1.9798501402961084e-28
4.046756818146711 1.9347386695038554e-28
4.141113340480481 1.8906550762562114e-28
4.237669934058216 1.8475759401186029e-28
4.336477897013409 1.805478374293647e-28
4.437589723576497 1.7643400134623501e-28
4.541059131963759 1.7241390019023914e-28
4.646941092916466 1.6848539818770184e-28
4.755291858905486 1.6464640822886063e-28
4.866168994016832 1.6089489075905964e-28
4.979631404534034 1.5722885269522087e-28
5.0957393702336 1.5364634636698907e-28
5.214554576410165 1.5014546848201229e-28
5.336140146648369 1.467243591147903e-28
5.4605606763588606 1.4338120071856442e-28
5.587882267096237 1.4011421715972243e-28
5.718172561677172 1.3692167277419745e-28
5.851500780117376 1.33801871445375e-28
5.987937756406471 1.3075315570300033e-28
6.127555976140354 1.277739058426242e-28
6.270429615030991 1.2486253906510557e-28
6.416634578314149 1.2201750863572535e-28
6.566248541075969 1.1923730306245448e-28
6.719350989519823 1.165204452929496e-28
6.87602326319537 1.1386549192984044e-28
7.036348598212252 1.112710324638999e-28
7.200412171461376 1.0873568852468402e-28
