results/limits/GDM_l.dat
# %ECSV 1.0
# ---
# datatype:
# - {name: mx, unit: MeV, datatype: float64}
# - {name: sigma_10, unit: cm2, datatype: float64}
# - {name: sigma_9, unit: cm2, datatype: float64}
# - {name: sigma_7, unit: cm2, datatype: float64}
# - {name: sigma_6, unit: cm2, datatype: float64}
# - {name: sigma_5, unit: cm2, datatype: float64}
# - {name: sigma_4, unit: cm2, datatype: float64}
# - {name: sigma_3, unit: cm2, datatype: float64}
# - {name: sigma_2, unit: cm2, datatype: float64}
# schema: astropy-2.0
mx sigma_10 sigma_9 sigma_7 sigma_6 sigma_5 sigma_4 sigma_3 sigma_2
[from data line 720]
5.0957393702336 8.366217804980446e-46 4.2100730496185807e-42 4.067222445111762e-34 1.6486420410751814e-30 2.7306947654947992e-28 2.879176106039171e-26 1.5154728846605026e-24 2.199936737474666e-24
5.214554576410165 8.786871473045467e-46 4.5080554291334687e-42 4.355363062321545e-34 1.7179923330774928e-30 2.7953743959379985e-28 2.953247077022684e-26 1.5884973757009836e-24 2.3328608500197255e-24
5.336140146648369 9.23245192618456e-46 4.827267077707351e-42 4.663765591044784e-34 1.7893565943781723e-30 2.8615553819829394e-28 3.029469520371667e-26 1.665752476171343e-24 2.4743142062077377e-24
5.4605606763588606 9.704587900620202e-46 5.169224792600516e-42 4.993836660123791e-34 1.8627550747268545e-30 2.9292738731780957e-28 3.107918867028071e-26 1.7475070588164107e-24 2.6248441640174363e-24
5.587882267096237 1.0205020316600168e-45 5.535553879044619e-42 5.347078375121107e-34 1.9382077949624795e-30 2.9985669028218907e-28 3.188673783012597e-26 1.834047554332715e-24 2.7850249821751533e-24
5.718172561677172 1.0735610187818751e-45 5.927995916593017e-42 5.725094539837903e-34 2.015734655373172e-30 3.0694724115590578e-28 3.2718163311790915e-26 1.9256790073122343e-24 2.9554579622027992e-24
5.851500780117376 1.1298347090822749e-45 6.348417081438935e-42 6.129597252431708e-34 2.0953555477918717e-30 3.1420292717469888e-28 3.357432145529475e-26 2.0227269823809884e-24 3.1367884294781353e-24
5.987937756406471 1.1895358233944284e-45 6.798817064500761e-42 6.562413894998971e-34 2.1770904705270127e-30 3.216277312535817e-28 3.4456106088073595e-26 2.125538261800326e-24 3.329694267030594e-24
6.127555976140354 1.2528918168120737e-45 7.281338627925206e-42 7.025494535986072e-34 2.2609596452386382e-30 3.292257345765455e-28 3.536445042623838e-26 2.2344820423809914e-24 3.534894692256426e-24
6.270429615030991 1.3201459184984826e-45 7.798277845709467e-42 7.520919765232924e-34 2.3469836348947073e-30 3.370011192725946e-28 3.63003291270137e-26 2.3499523156653066e-24 3.753145863989804e-24
6.416634578314149 1.391558245085472e-45 8.352095077417194e-42 8.050908981837607e-34 2.4351834619764273e-30 3.4495817117165796e-28 3.726476038538615e-26 2.4723687097492504e-24 3.985248613715182e-24
6.566248541075969 1.4674069928737056e-45 8.945426727466804e-42 8.61782915533747e-34 2.525580726147918e-30 3.5310128265162053e-28 3.825880817436948e-26 2.602177864996505e-24 4.2320411172365204e-24
6.719350989519823 1.5479897144202653e-45 9.581097846229304e-42 9.224204080924399e-34 2.6181977206590175e-30 3.6143495558187635e-28 3.9283584661497807e-26 2.7398562945585313e-24 4.494417167008634e-24
6.87602326319537 1.6336246855005323e-45 1.0262135633195654e-41 9.872724149523993e-34 2.713057546811297e-30 3.699638043566545e-28 4.034025268331038e-26 2.885911222875125e-24 4.773316706706346e-24
7.036348598212252 1.7246523688634052e-45 1.0991783906791251e-41 1.0566256653568249e-33 2.8101842258842253e-30 3.786925590321091e-28 4.1430028408449985e-26 3.040882702608229e-24 5.06972728849084e-24
7.200412171461376 1.8214369816611206e-45 1.1773518610032884e-41 1.1307856649147674e-33 2.909602807989377e-30 3.876260685684981e-28 4.255418416761257e-26 3.2053463943964436e-24 5.384671154274556e-24
7.368301145867304 1.9243681739327984e-45 1.2611064426182016e-41 1.210077839492375e-33 3.0113394773936244e-30 3.9676930417586954e-28 4.371405138669371e-26 3.379914500459546e-24 5.719248369546042e-24
7.540104716695753 2.0338628260529644e-45 1.3508412583851083e-41 1.2948487387704833e-33 3.1154216539283507e-30 4.061273627788094e-28 4.491102377247423e-26 3.5652395519335125e-24 6.074606079692184e-24
7.715914158940838 2.1503669736292328e-45 1.4469839936713158e-41 1.3854673013893173e-33 3.221878090173044e-30 4.157054705918412e-28 4.6146560598838376e-26 3.762015409941762e-24 6.451942562389633e-24
7.8958228758172275 2.2743578689469362e-45 1.549992940905501e-41 1.482326183509874e-33 3.330738964178488e-30 4.255089868224712e-28 4.742219025673923e-26 3.970980934068229e-24 6.852517279429165e-24
8.07992644838296 2.4063461887163717e-45 1.660359190494986e-41 1.5858431525034124e-33 3.4420359675615735e-30 4.355434074976641e-28 4.8739513963805214e-26 4.1929220103077376e-24 7.27764545644175e-24
8.2683226863193 2.5468783985840413e-45 1.7786089785822178e-41 1.6964625473342057e-33 3.555802388873478e-30 4.458143694248064e-28 5.0100209717833676e-26 4.428674662075162e-24 7.728705452790189e-24
8.461111679894604 2.696539285626781e-45 1.9053062028679507e-41 1.8146568070219505e-33 3.67207319220393e-30 4.563276542897528e-28 5.150603647091086e-26 4.679127748314646e-24 8.207138834932049e-24
8.658395853139817 2.85595467085687e-45 2.0410551185321497e-41 1.9409280683580858e-33 3.790885091044039e-30 4.670891929005195e-28 5.295883857237668e-26 4.945226833721472e-24 8.714465601835772e-24
8.860280018263818 3.025794314636614e-45 2.1865032271449878e-41 2.075809833796453e-33 3.912276617481176e-30 4.781050695777638e-28 5.4460550432084e-26 5.227975963673046e-24 9.252239617024538e-24
9.066871431337571 3.206775028830735e-45 2.34234437238331e-41 2.219868710146505e-33 4.036288186849018e-30 4.8938152670736985e-28 5.601320153538984e-26 5.528443363915535e-24 9.822079936939222e-24
9.278279849276613 3.399664010522421e-45 2.5093220573568387e-41 2.3737062183560515e-33 4.162962157995416e-30 5.009249694495283e-28 5.761892166493276e-26 5.847762207508126e-24 1.0425768659939364e-23
9.494617588152204 3.605282413186548e-45 2.6882329994079623e-41 2.5379606742834893e-33 4.2923428893686655e-30 5.127419706253003e-28 5.927994653170852e-26 6.187136736747799e-24 1.1064925235145088e-23
9.715999582862075 3.8245091723569974e-45 2.8799309393851736e-41 2.7133091399139196e-33 4.424476791151901e-30 5.2483927577750095e-28 6.099862369389081e-26 6.547845761699237e-24 1.174159986328496e-23
9.942543448192506 4.0582851040497754e-45 3.0853307236064587e-41 2.9004694439786482e-33 4.559412373700714e-30 5.372238084159374e-28 6.277741881274645e-26 6.931244402698408e-24 1.2457421695097053e-23
10.17436954130415 4.307617295513909e-45 3.3054126780336143e-41 3.100202270374829e-33 4.69720029255944e-30 5.499026754626211e-28 6.461892237004706e-26 7.338771444690646e-24 1.3214668106847568e-23
10.411601025674827 4.573583809286946e-45 3.541227295575207e-41 3.313313312160656e-33 4.837893390345493e-30 5.628831728957327e-28 6.652585673657047e-26 7.771953092665185e-24 1.4015072574740863e-23
10.654363936533231 4.857338723032982e-45 3.7939002589342304e-41 3.5406554882116364e-33 4.981546735801867e-30 5.7617279160463055e-28 6.850108365878598e-26 8.232405109441152e-24 1.4861019051121997e-23
10.902787247818345 5.1601175292519023e-45 4.064637823020175e-41 3.7831312188623404e-33 5.1282176603243665e-30 5.897792234700233e-28 7.054761225711584e-26 8.721838834416768e-24 1.57544598225463e-23
11.157002940700098 5.4832429206702784e-45 4.354732582665039e-41 4.041694756029443e-33 5.277965792272163e-30 6.0371036767679235e-28 7.266860753181124e-26 9.242069220656594e-24 1.669775267659197e-23
11.417146073697703 5.828130988969451e-45 4.665569653226038e-41 4.3173545624042806e-33 5.430853089368885e-30 6.179743372637719e-28 7.48673993139401e-26 9.795015493661041e-24 1.7693215792549382e-23
11.683354854432924 6.196297866482113e-45 4.998633293630696e-41 4.6111757333255224e-33 5.5869438694993446e-30 6.3257946592944085e-28 7.714749180850842e-26 1.0382703829615823e-23 1.8743056575977914e-23
11.955770713056356 6.589366842604629e-45 5.355514003537566e-41 4.924282453888787e-33 5.746304840198464e-30 6.475343151105146e-28 7.951257385161036e-26 1.1007283215881384e-23 1.9849807021049613e-23
12.234538377385784 7.009075988938047e-45 5.73791612855122e-41 5.2578604827249876e-33 5.9090051271219645e-30 6.628476813259126e-28 8.1966529618424e-26 1.1671021633975236e-23 2.1015906442390107e-23
12.519805949796487 7.45728632959897e-45 6.147666009861146e-41 5.6131596526783925e-33 6.0751163017776816e-30 6.7852860381681435e-28 8.45134500898027e-26 1.2376309379464911e-23 2.224387317514017e-23
12.811724985904382 7.93599059574203e-45 6.586720717276623e-41 5.991496377358375e-33 6.244712408786047e-30 6.945863724968719e-28 8.715764533826166e-26 1.3125675182933262e-23 2.353629281118326e-23
13.110450575083778 8.447322606121775e-45 7.057177407419241e-41 6.394256151207174e-33 6.417869992923759e-30 7.110305362123216e-28 8.990365744859773e-26 1.3921785355505987e-23 2.489571759357548e-23
13.416141422862523 8.993567318507546e-45 7.561283351824871e-41 6.822896029355866e-33 6.594668126192007e-30 7.278709113374523e-28 9.275627428512544e-26 1.4767443914797048e-23 2.6324806514178387e-23
13.72895993523834 9.577171599964583e-45 8.101446682909208e-41 7.278947072111971e-33 6.775188435140262e-30 7.4511759072688686e-28 9.572054425636825e-26 1.5665610416636232e-23 2.78263035310194e-23
14.04907230496112 1.0200755767442222e-44 8.680247909184097e-41 7.76401673747891e-33 6.959515128655511e-30 7.627809530265203e-28 9.880179189305627e-26 1.6619399748714415e-23 2.940298559913075e-23
14.37664859982702 1.0867125953784844e-44 9.300452254789544e-41 8.27979120363002e-33 7.147735026420977e-30 7.8087167236834995e-28 1.0200563442037665e-25 1.763207813364323e-23 3.1057370271849894e-23
14.711862853031292 1.1579287358219342e-44 9.965022882348532e-41 8.828037601797708e-33 7.339937588229548e-30 7.994007284781432e-28 1.0533799957968054e-25 1.870709104212376e-23 3.27922899297321e-23
15.054893155627816 1.2340458444592482e-44 1.0677135062373775e-40 9.410606138587028e-33 7.53621494432396e-30 8.183794171904415e-28 1.0880514433564728e-25 1.9848045417041412e-23 3.4610668037725877e-23
15.405921751144481 1.315408615515512e-44 1.1440191356982654e-40 1.0029432085322913e-32 7.736661926925439e-30 8.3781936141836e-28 1.1241367501500633e-25 2.105873002737854e-23 3.651521656169773e-23
15.765135132404664 1.4023862212539375e-44 1.2257837890524636e-40 1.0686537610704221e-32 7.941376103097562e-30 8.577325225807719e-28 1.16170568625898e-25 2.2343112824108517e-23 3.8508633507854063e-23
16.132724140606275 1.4953740587769239e-44 1.3133981784923643e-40 1.1384033431807951e-32 8.150457809081324e-30 8.781312125201246e-28 1.2008319563172935e-25 2.3705351126909713e-23 4.059365446498524e-23
16.50888406671095 1.5947956217714937e-44 1.4072809843103971e-40 1.2124120257380657e-32 8.364010186225731e-30 8.9902810592859e-28 1.2415934415981536e-25 2.514979051725961e-23 4.2773138083946754e-23
16.89381475519735 1.7011045061372156e-44 1.5078808569837557e-40 1.2909089996424208e-32 8.582139218629198e-30 9.204362533130324e-28 1.2840724584220977e-25 2.668097426175138e-23 4.504987207804039e-23
17.287720710233557 1.8147865590738083e-44 1.615678562574089e-40 1.3741326704350382e-32 8.804953772595348e-30 9.423690945210243e-28 1.328356033142641e-25 2.830364418658494e-23 4.7426525162128116e-23
17.690811204325115 1.936362181892174e-44 1.7311892817005694e-40 1.462330723848765e-32 9.032565637999342e-30 9.648404728588136e-28 1.3745361954103846e-25 3.002274616149952e-23 4.9905623850620086e-23
18.103300389496336 2.0663887975462734e-44 1.8549650730781386e-40 1.555760159453279e-32 9.265089571653455e-30 9.87864649828566e-28 1.4227102904826564e-25 3.184342757864366e-23 5.248980436526146e-23
18.52540741106398 2.2054634946714252e-44 1.987597513400344e-40 1.6546872895647464e-32 9.502643342750773e-30 1.0114563205191781e-27 1.4729813125800625e-25 3.3771046999302767e-23 5.518271780046746e-23
18.957356524063755 2.354225860758135e-44 2.12972052618804e-40 1.7593877006414472e-32 9.745347780462654e-30 1.0356306296811023e-27 1.5254582601907857e-25 3.58111827329219e-23 5.79846649045939e-23
19.399377212391464 2.513361017994934e-44 2.2820134131294825e-40 1.8701461744749413e-32 9.99332682375668e-30 1.0604031885130841e-27 1.580256513311766e-25 3.7969586122662835e-23 6.09009456367332e-23
19.85170431072216 2.68360287628241e-44 2.4452041024041822e-40 1.987256566624266e-32 1.0246707573501e-29 1.0857900922218706e-27 1.6374982397214085e-25 4.0252268046081066e-23 6.393121473932612e-23
20.314578129271972 2.865737618959924e-44 2.6200726295208873e-40 2.111021639722015e-32 1.0505620346910491e-29 1.111807938355665e-27 1.6973128236160618e-25 4.2665433923398484e-23 6.708079239819611e-23
20.788244581469023 3.0606074378982275e-44 2.8074548673106027e-40 2.2417528495190505e-32 1.0770198734392214e-29 1.138473845978776e-27 1.7598373242805175e-25 4.521545644243433e-23 7.03488504011397e-23
21.272955314601134 3.2691145358043914e-44 3.0082465229066415e-40 2.379770081823257e-32 1.1040579658844035e-29 1.1658054757354419e-27 1.8252169683240637e-25 4.7908969677099827e-23 7.374104118258337e-23
21.76896784350983 3.492225414863347e-44 3.2234074208195305e-40 2.5254013388343877e-32 1.131690343745256e-29 1.1938210508182457e-27 1.8936056704107894e-25 5.0752801401375583e-23 7.725604890299495e-23
22.27654568740161 3.7309754722091835e-44 3.4539660925817404e-40 2.678982373780405e-32 1.159931384604074e-29 1.2225393789118828e-27 1.9651665900954646e-25 5.3753944670835e-23 8.089937243087198e-23
22.79595850984919 3.9864739241872374e-44 3.7010246949022525e-40 2.8408562732203645e-32 1.1887958186012932e-29 1.2519798751617982e-27 2.0400727271887272e-25 5.691958685273647e-23 8.467029481023343e-23
23.327482262057103 4.259909082939718e-44 3.965764279840554e-40 3.0113729868950297e-32 1.2182987353941475e-29 1.2821625862155274e-27 2.1185075569982778e-25 6.025715292016976e-23 8.857257172849425e-23
23.871399329467756 4.552554010534044e-44 4.249450442191422e-40 3.190888805574015e-32 1.2484555913841307e-29 1.3131082153829456e-27 2.2006657053672747e-25 6.37742225719589e-23 9.26083487307491e-23
24.427998681785848 4.86577257765612e-44 4.553439371074964e-40 3.379765787966972e-32 1.279282217217737e-29 1.3448381489862831e-27 2.286753669338997e-25 6.747844770380412e-23 9.677712051219171e-23
24.997576026500827 5.201025955828867e-44 4.879184334656264e-40 3.57837113842416e-32 1.3107948255655295e-29 1.3773744839798538e-27 2.3769905920583474e-25 7.137778791907419e-23 1.0108306736838044e-22
25.580433965988984 5.55987957418638e-44 5.228242628989091e-40 3.787076537850418e-32 1.343010019183594e-29 1.4107400568553243e-27 2.4716090806230386e-25 7.548029818318661e-23 1.055274115196094e-22
26.176882158278623 5.944010574058598e-44 5.602283024195157e-40 4.006257430976657e-32 1.3759447992628047e-29 1.4449584739460334e-27 2.570856082795655e-25 7.979410535982457e-23 1.1011124228473204e-22
26.787237481563718 6.355215797000215e-44 6.003093743565595e-40 4.236292273874587e-32 1.409616574070603e-29 1.4800541431943807e-27 2.6749938240706244e-25 8.432749128037508e-23 1.1483649197497822e-22
27.411824202553472 6.795420344450525e-44 6.432591013717183e-40 4.477561746342905e-32 1.444043167890779e-29 1.5160523074500495e-27 2.7843008059999716e-25 8.908891188704706e-23 1.1970483487401215e-22
28.050974148747212 7.266686749942808e-44 6.892828226663784e-40 4.7304479345296833e-32 1.4792428302662293e-29 1.5529790793771517e-27 2.8990728682819433e-25 9.408683229493465e-23 1.2471812021618147e-22
28.705026884726152 7.771224807714064e-44 7.386005757584418e-40 4.995333489868204e-32 1.5152342455508432e-29 1.5908614780747165e-27 3.0196243250366776e-25 9.932974884309109e-23 1.2987862278522635e-22
29.374329892555654 8.311402104703027e-44 7.914481485202777e-40 5.272600771078575e-32 1.5520365427763172e-29 1.6297274674973188e-27 3.146289178950922e-25 1.0482636855370525e-22 1.351841167788652e-22
30.05923875639388 8.889755306289606e-44 8.480782065046e-40 5.562630976609674e-32 1.5896693058398985e-29 1.6696059967471376e-27 3.279422408771599e-25 1.105853036202923e-22 1.4063986700704878e-22
30.760117351404876 9.509002249734774e-44 9.087615009446819e-40 5.865803275450348e-32 1.6281525840200673e-29 1.7105270423770732e-27 3.4194013489636383e-25 1.1661518250972665e-22 1.4624790679281297e-22
31.477338037076432 1.017205490314056e-43 9.73788163200436e-40 6.18249394470529e-32 1.6675069028268325e-29 1.7525216527937606e-27 3.5666271606779865e-25 1.2292477364659217e-22 1.520055584187415e-22
