results/limits/GDM_f_6_phase.dat
# %ECSV 1.0
# ---
# datatype:
# - {name: mx, unit: MeV, datatype: float64}
# - {name: sigma_6, unit: cm2, datatype: float64}
# schema: astropy-2.0
mx sigma_6
3.162277660168379e-07 2.2886745246391096e-28
3.2360111549336787e-07 2.5097130531589955e-28
3.311463862505236e-07 2.7520993230048264e-28
3.388675869043115e-07 3.017895083591745e-28
3.4676881953794695e-07 3.3093612065392276e-28
3.548542818811901e-07 3.6289769168087417e-28
3.6312826954049566e-07 3.979460881024253e-28
3.715951782811629e-07 4.3637943327610845e-28
3.8025950636269697e-07 4.785246430793027e-28
3.89125856928623e-07 5.2474020670092025e-28
3.9819894045202297e-07 5.754192359261262e-28
4.0748357723809307e-07 6.309928090055264e-28
4.169846999850535e-07 6.919336374157995e-28
4.2670735640476865e-07 7.587600867212255e-28
4.3665671190447213e-07 8.320405858855368e-28
4.4683805233101997e-07 9.123984622922653e-28
4.572567867791303e-07 1.0005172438339304e-27
4.6791845046510194e-07 1.0971464729995276e-27
4.788287076675383e-07 1.2031080824862937e-27
4.899933547366384e-07 1.3193033867978578e-27
5.014183231736547e-07 1.4467207485044287e-27
5.131096827821533e-07 1.5864439856169147e-27
5.250736448927506e-07 1.739661590353417e-27
5.373165656630395e-07 1.9076768387757963e-27
5.4984494945446e-07 2.0919188762333144e-27
5.626654522879044e-07 2.293954873775406e-27
5.757848853798981e-07 2.515503358763832e-27
5.892102187612295e-07 2.7584488325400832e-27
6.029485849799565e-07 3.0248578001379624e-27
6.17007282890752e-07 3.31699634799557e-27
6.313937815326057e-07 3.637349419513972e-27
6.461157240969403e-07 3.98864195180947e-27
6.611809319882495e-07 4.3738620544113844e-27
6.765974089794179e-07 4.796286426017111e-27
6.923733454639272e-07 5.259508226431297e-27
7.085171228072106e-07 5.76746763979361e-27
7.250373177994646e-07 6.324485389834102e-27
7.419427072122865e-07 6.935299492808074e-27
7.592422724615558e-07 7.605105558554822e-27
7.769452043790388e-07 8.339600984275587e-27
7.950609080952509e-07 9.145033417451197e-27
8.135990080361694e-07 1.0028253898041814e-26
8.325693530364543e-07 1.0996775133894239e-26
8.519820215718901e-07 1.2058835404090899e-26
8.718473271138315e-07 1.3223468632130515e-26
8.921758236084957e-07 1.450058123276556e-26
9.12978311084014e-07 1.5901036371233827e-26
9.342658413882192e-07 1.743674636953857e-26
9.560497240602198e-07 1.9120774030558843e-26
9.78341532338879e-07 2.0967443751890737e-26
1.0011531093113902e-06 2.299246336611306e-26
1.0244965742052174e-06 2.5213057758056253e-26
1.048384328826741e-06 2.7648115374374857e-26
1.0728290641500308e-06 3.0318348886630075e-26
1.0978437670592484e-06 3.324647138634665e-26
1.1234417272482566e-06 3.645738956472514e-26
1.149636544281106e-06 3.997841558174581e-26
1.1764421348171486e-06 4.3839499376604296e-26
1.2038727400046132e-06 4.8073483430931535e-26
1.2319429330465773e-06 5.271638211711877e-26
1.2606676269433496e-06 5.780768803524337e-26
1.2900620824153782e-06 6.339070794938976e-26
1.3201419160108953e-06 6.951293113728528e-26
1.3509231084026028e-06 7.622643334753105e-26
1.38242201287781e-06 8.358831974449746e-26
1.4146553640265304e-06 9.1661210653026e-26
1.447640286632156e-06 1.0051377419812076e-25
1.4813943047694329e-06 1.1022131040061508e-25
1.5159353511145682e-06 1.2086639166725409e-25
1.5512817764724183e-06 1.3253956514694946e-25
1.587452359525819e-06 1.453401229300646e-25
1.6244663168122348e-06 1.5937694664671263e-25
1.6623433129330315e-06 1.747694335267828e-25
1.7011034710007933e-06 1.9164851209728413e-25
1.740767383330235e-06 2.1015775571639676e-25
1.7813561223783898e-06 2.304546039762075e-25
1.8228912519398869e-06 2.527117017099708e-25
1.8653948386032614e-06 2.7711836753660118e-25
1.908889463474389e-06 3.0388220426618062e-25
1.9533982341732686e-06 3.332308646613943e-25
1.9989447971105317e-06 3.6541398788772946e-25
2.045553350050195e-06 4.007053228803427e-25
2.0932486549653353e-06 4.394050567295373e-25
2.1420560511935146e-06 4.818423683846582e-25
2.192001468898943e-06 5.283782280796715e-25
2.2431114428485372e-06 5.794084681379831e-25
2.2954131265091837e-06 6.353671497105119e-25
2.3489343064737076e-06 6.96730254740835e-25
2.403703417223201e-06 7.640197347291227e-25
2.4597495562335635e-06 8.378079502818005e-25
2.5171024994342686e-06 9.187225395372279e-25
2.575792717027583e-06 1.0074517565964605e-24
2.635851389676631e-06 1.104750326016194e-24
2.6973104250709106e-06 1.2114458619208818e-24
2.760202474878063e-06 1.328445907850753e-24
2.8245609520908932e-06 1.4567456555728453e-24
2.8904200487788716e-06 1.5974364106522936e-24
2.9578147542535346e-06 1.751714874029055e-24
3.026780873657441e-06 1.9208933216736647e-24
3.097355046986562e-06 2.1064107653388225e-24
3.1695747685562034e-06 2.3098451932112524e-24
3.2434784069208122e-06 2.5329269916279426e-24
3.319105225258239e-06 2.7775536623686364e-24
3.3964954022292982e-06 3.0458059630163384e-24
3.4756900533236943e-06 3.33996560430801e-24
3.5567312527036693e-06 3.662534657219688e-24
3.6396620555569646e-06 4.0162568373150825e-24
3.7245265209709786e-06 4.404140835897971e-24
3.811369735340273e-06 4.829485914497602e-24
3.900237836319859e-06 5.2959099691277576e-24
3.991178037336996e-06 5.807380294622875e-24
4.0842386526745176e-06 6.368247333637133e-24
4.179469123139017e-06 6.983281678428336e-24
4.2769200423275275e-06 7.65771464506129e-24
4.376643183506652e-06 8.397282767363487e-24
4.478691527118417e-06 9.208276588368552e-24
4.583119288927478e-06 1.0097594166959801e-23
4.689981948824612e-06 1.1072799739102226e-23
4.799336280301815e-06 1.2142188056506081e-23
4.911240380614659e-06 1.3314854941178268e-23
5.0257537016479225e-06 1.460077463624853e-23
5.142937081500915e-06 1.601088464275905e-23
5.262852776809252e-06 1.755717874371476e-23
5.385564495820272e-06 1.9252809009698924e-23
5.511137432239651e-06 2.111219765363374e-23
5.639638299867211e-06 2.3151159686973684e-23
5.771135368040315e-06 2.5387037439631693e-23
5.905698497903673e-06 2.783884802766482e-23
6.043399179524854e-06 3.052744511214396e-23
6.184310569875183e-06 3.3475696230571636e-23
6.32850753169624e-06 3.6708677276703857e-23
6.47606667327258e-06 4.0253885774421565e-23
6.627066389131828e-06 4.414147473222552e-23
6.781586901693754e-06 4.8404509006634737e-23
6.939710303890459e-06 5.307924662658309e-23
7.101520602780329e-06 5.820544696213523e-23
7.267103764178904e-06 6.382670903394194e-23
7.436547758330399e-06 6.999084208658845e-23
7.609942606644117e-06 7.675027227163008e-23
7.787380429520604e-06 8.41624885109853e-23
7.968955495292936e-06 9.229053117440299e-23
8.15476427030917e-06 1.0120352837700073e-22
8.344905470182516e-06 1.109772835911969e-22
8.539480112236516e-06 1.2169492036036308e-22
8.738591569173047e-06 1.3344758911852634e-22
8.942345623991688e-06 1.4633524213420154e-22
9.150850526189614e-06 1.604674835168657e-22
9.364217049271877e-06 1.7596450107666681e-22
9.58255854960264e-06 1.929580882005875e-22
9.805991026628606e-06 2.1159276467273419e-22
1.0034633184506672e-05 2.320270049166358e-22
1.0268606495168497e-05 2.5443458587037335e-22
1.0508035262855554e-05 2.790060640776727e-22
1.07530466901589e-05 3.0595039596925765e-22
1.1003770945598772e-05 3.354967141878382e-22
1.1260341232779899e-05 3.6789627525830365e-22
1.1522893861159297e-05 4.0342459614252873e-22
1.1791568318464117e-05 4.423837959395111e-22
1.206650734479802e-05 4.851051638491802e-22
1.2347857008475478e-05 5.319519756693368e-22
1.263576678362426e-05 5.833225816759487e-22
1.293038962959737e-05 6.396537919403856e-22
1.3231882072236462e-05 7.014245893807218e-22
1.3540404287030327e-05 7.691602010923478e-22
1.3856120184212054e-05 8.434365610325897e-22
1.4179197495840522e-05 9.248852060333364e-22
1.4509807864912299e-05 1.0141986411024163e-21
1.484812693655133e-05 1.1121362258001075e-21
1.5194334451324849e-05 1.2195306233797345e-21
1.5548614340735104e-05 1.3372948835425481e-21
1.5911154824937624e-05 1.4664301900890856e-21
1.6282148512737936e-05 1.6080343728221514e-21
1.6661792503919872e-05 1.7633112354533076e-21
1.7050288493959805e-05 1.933580777990976e-21
1.7447842881182494e-05 2.120290412600447e-21
1.785466687641539e-05 2.3250272573452993e-21
1.8270976615199758e-05 2.5495316132447516e-21
1.869699327261814e-05 2.7957117484453274e-21
1.91329431807992e-05 3.065660102042673e-21
1.957905794916243e-05 3.361671054581424e-21
2.003557458746648e-05 3.6862604016914846e-21
2.0502735631726606e-05 4.042186725584398e-21
2.0980789273068064e-05 4.432474804415854e-21
2.1469989489583918e-05 4.860441288201887e-21
2.1970596181267336e-05 5.329722860577966e-21
2.2482875308090033e-05 5.844307088840913e-21
2.3007099031300245e-05 6.408566272450787e-21
2.354354585801526e-05 7.027294549464873e-21
2.4092500789185385e-05 7.705748537553415e-21
2.4654255471007912e-05 8.449691973896554e-21
2.5229108349871537e-05 9.26544457950081e-21
2.5817364830913554e-05 1.0159935647427976e-20
2.641933744027406e-05 1.1140762792957506e-20
2.7035345991133382e-05 1.221625642317288e-20
2.7665717753620915e-05 1.339555029233617e-20
2.8310787628685666e-05 1.4688658945453903e-20
2.8970898326020842e-05 1.6106562617402062e-20
2.964640054613707e-05 1.7661300184436616e-20
3.033765316668089e-05 1.9366071228299455e-20
3.104502343309761e-05 2.1235347854873498e-20
3.176888715373972e-05 2.3284997048326958e-20
3.25096288995246e-05 2.5532415276837363e-20
3.326764220824756e-05 2.7996675620544797e-20
3.4043329793658724e-05 3.0698689056125087e-20
3.483710375941493e-05 3.3661381562708745e-20
3.5649385818020195e-05 3.6909887977294305e-20
3.648060751487119e-05 4.0471764379718384e-20
3.73312104575266e-05 4.437722134461047e-20
3.820164655032238e-05 4.865937896194187e-20
3.90923782344573e-05 5.335454660825346e-20
4.0003878733676586e-05 5.850253015763959e-20
4.093663230568398e-05 6.41469672811147e-20
4.1891134499415887e-05 7.033569623565899e-20
4.2867892418314344e-05 7.712115949033012e-20
4.386742498973848e-05 8.456084565201299e-20
4.489026324065786e-05 9.271777433673361e-20
4.5936950579773975e-05 1.0166102722088829e-19
4.700804308621986e-05 1.1146633009974265e-19
4.8104109804991236e-05 1.222166896972543e-19
4.922573304926602e-05 1.3400309338464734e-19
5.0373508709772956e-05 1.4692527234495407e-19
5.154804657137365e-05 1.6109254271447169e-19
5.27499706370262e-05 1.7662472169518388e-19
5.397991945930254e-05 1.9365313416590013e-19
5.5238546479635675e-05 2.1232171599490313e-19
5.6526520375476976e-05 2.3278821805859765e-19
5.784452541554797e-05 2.5522553257591957e-19
5.9193261823375433e-05 2.7982313623406085e-19
6.057344614930286e-05 3.0678867870237446e-19
6.198581165117595e-05 3.363497185146971e-19
6.34311086839044e-05 3.6875562303301e-19
6.491010509810695e-05 4.042796526348817e-19
6.642358664805138e-05 4.43221236274374e-19
6.797235740910648e-05 4.859084686654019e-19
6.955724020492732e-05 5.327008411190435e-19
7.117907704460117e-05 5.839922313199998e-19
7.283872956998614e-05 6.402141725603049e-19
7.453707951348025e-05 7.018394399263387e-19
7.627502916646401e-05 7.693859596426759e-19
7.805350185866558e-05 8.434211090924721e-19
7.987344244870308e-05 9.245663939013285e-19
8.173581782606456e-05 1.0135025833432467e-18
8.364161742479263e-05 1.1109753270217584e-18
8.559185374914618e-05 1.2178012853853313e-18
8.758756291151902e-05 1.3348748492941784e-18
8.96298051829007e-05 1.463175472342907e-18
9.17196655561724e-05 1.6037756907515384e-18
9.385825432253677e-05 1.7578499017710257e-18
9.604670766138824e-05 1.926683947817836e-18
9.828618824393714e-05 2.111685569265581e-18
0.00010057788585090809 2.3143958814959634e-18
0.00010292301800464121 2.5365018428943114e-18
0.00010532283061593165 2.7798499052625445e-18
0.00010777859864595113 3.04646093903515e-18
0.00011029162678360347 3.3385465144433375e-18
0.00011286325013867351 3.658526616924284e-18
0.00011549483495113791 4.009049047532341e-18
0.00011818777931701482 4.393010608149965e-18
0.0001209435139311377 4.813580090605978e-18
0.00012376350284724815 5.274223493791085e-18
0.00012664924425581149 5.7787313777572004e-18
0.00012960227127996844 6.331248848398404e-18
0.00013262415279004548 6.9363079017930224e-18
0.00013571649423705693 7.598863081829449e-18
0.0001388809385056415 8.324330055535049e-18
0.00014211916678688624 9.118627429071564e-18
0.00014543289947150178 9.988222748523372e-18
0.0001488238970638237 1.0940181954145704e-17
0.00015229396111712465 1.1982223653293031e-17
0.00015584493519073535 1.3122777667362943e-17
0.00015947870582948208 1.4371048903501876e-17
0.00016319720356596128 1.5737086695854026e-17
0.00016700240394618395 1.7231860018870856e-17
0.00017089632857913436 1.886733855759296e-17
0.000174881046210801 2.0656581782957073e-17
0.00017895867382325032 2.2613834286652853e-17
0.0001831313777593269 2.4754629490349362e-17
0.00018740137487357792 2.7095901989762542e-17
0.00019177093371001327 2.9656108591546677e-17
0.000196242375707327 3.2455360353307126e-17
0.00020081807643222024 3.55155620935155e-17
0.00020550046684148122 3.8860567552572064e-17
0.0002102920345734925 4.251634313042954e-17
0.0002151953252698519 4.6511143722325083e-17
0.00022021294392780895 5.0875706690591773e-17
0.00022534755628423554 5.564345345130335e-17
0.0002306018902318662 6.085071535583409e-17
0.00023597873726856003 6.653696163427748e-17
0.0002414809539803547 7.274506203909761e-17
0.0002471114635590999 7.952155152578032e-17
0.00025287325735547713 8.691692481721063e-17
0.00025876939646823026 9.498594030151958e-17
0.00026480301337045197 1.0378795483865272e-16
0.000270977313573789 1.1338727396256082e-16
0.00027729557733145163 1.2385352265963647e-16
0.00028376116138093086 1.3526204330386374e-16
0.0002903775007273506 1.47694313093982e-16
0.00029714811046840066 1.6123838719466217e-16
0.00030407658766182135 1.7598936775979787e-16
0.00031116661323643183 1.9204988346279493e-16
0.0003184219539477161 2.0953062338067316e-16
0.00032584646437900766 2.2855085842740044e-16
0.00033344408898933415 2.492390065477961e-16
0.0003412188642090111 2.7173322855047537e-16
0.0003491749205840977 2.961820194019808e-16
0.0003573164849708539 3.227448383411555e-16
0.0003656478827813646 3.5159274907522147e-16
0.0003741735402815245 3.8290908639185485e-16
0.0003828979869426037 4.1689012007835665e-16
0.000391825857847644 4.537457191536883e-16
0.000400961896153964 4.937000450533299e-16
0.0004103109556130814 5.369922634608477e-16
0.0004198780031493915 5.838771103650935e-16
0.00042966812149897106 6.346256926535329e-16
0.000439686511909911 6.895260467449245e-16
0.0004499384969056106 7.488836931153986e-16
0.00046042952311250296 8.130223076780715e-16
0.0004711651641537129 8.822841867075093e-16
0.00048215112361018567 9.57030660687724e-16
0.0004933932380508582 1.0376425873829403e-15
0.0005048974801334842 1.12452049113321e-15
0.0005166699617777604 1.2180848818771322e-15
0.0005287169374124361 1.3187762645166213e-15
0.0005410448072981404 1.4270550913706484e-15
0.0005536601209276797 1.543401601229073e-15
0.0005665695805056229 1.6683153273796615e-15
0.0005797800445090163 1.8023146865205348e-15
0.0005932985313311235 1.9459361300635926e-15
0.000607132223010125 2.0997332165523916e-15
0.0006212884690447563 2.264275434702706e-15
0.0006357747902989163 2.4401466877280564e-15
0.0006505988829973161 2.6279436397041914e-15
0.0006657686228142928 2.8282738134482647e-15
0.0006812920690579615 3.0417531629496898e-15
0.0006971774689519261 3.269003759916087e-15
0.0007134332620168255 3.51065072198132e-15
0.0007300680845540431 3.767319229446506e-15
0.0007470907742339592 4.039631037939692e-15
0.0007645103747911887 4.328201219810967e-15
0.0007823361408292924 4.633633317418407e-15
0.00080057754273752 4.95651621234481e-15
0.0008192442717221943 5.29741901261753e-15
0.0008383462449554094 5.656886522171724e-15
0.0008578936108437789 6.035434824500942e-15
0.0008778967544200344 6.433546079692524e-15
0.000898366302860337 6.851663637769223e-15
0.0009193131311302326 7.290187043181783e-15
0.0009407483677622533 7.749467757652578e-15
0.000962683400768232 8.229803435979304e-15
0.000985129883689471 8.731433324790126e-15
0.0010080997417879817 9.254534741473637e-15
0.0010316051783820807 9.79921733755228e-15
0.0010556586813297128 1.0365520302444978e-14
0.0010802730296629402 1.0953411028355977e-14
0.001105461300377127 1.1562776620296113e-14
0.0011312368753784248 1.2193426853493932e-14
0.0011576134485932472 1.2845090918950104e-14
