results/limits/GDM_h.dat
# %ECSV 1.0
# ---
# datatype:
# - {name: mx, unit: MeV, datatype: float64}
# - {name: sigma, unit: cm2, datatype: float64}
# schema: astropy-2.0
mx sigma
[from data line 5810]
0.20444714870665698 1.6555409322483668e-26
0.2049184952477141 1.65941476497114e-26
0.2053909284635586 1.663298159766066e-26
0.2058644508594846 1.6671909639307884e-26
0.20633906494656323 1.6710930436712326e-26
0.20681477324165498 1.6750045334761623e-26
0.2072915782674215 1.678925401615453e-26
0.2077694825523421 1.682855830228655e-26
0.20824848863072368 1.6867959405494647e-26
0.20872859904271768 1.69074485719601e-26
0.20920981633433003 1.6947038511454452e-26
0.2096921430574381 1.6986722548452233e-26
0.21017558176980083 1.702649955008056e-26
0.2106601350350753 1.706637962652761e-26
0.21114580542282899 1.710634654512835e-26
0.21163259550855218 1.7146414384272565e-26
0.21212050787367454 1.7186581284332727e-26
0.21260954510557542 1.722684137917246e-26
0.21309970979760112 1.7267199337047345e-26
0.21359100454907498 1.7307654496933588e-26
0.21408343196531435 1.7348208521210426e-26
0.21457699465764304 1.7388860203835404e-26
0.21507169524340386 1.7429605513592551e-26
0.2155675363459756 1.7470460703646739e-26
0.21606452059478345 1.7511398455975642e-26
0.21656265062531632 1.755244821656642e-26
0.2170619290791375 1.759359259840013e-26
0.21756235860390155 1.763483021588648e-26
0.2180639418533672 1.767618601674029e-26
0.21856668148740993 1.7717620967442533e-26
0.21907058017203934 1.7759160379257117e-26
0.2195756405794096 1.7800818924577912e-26
0.2200818653878372 1.7842554667565532e-26
0.2205892572818117 1.7884394713406e-26
0.22109781895201294 1.7926354771354333e-26
0.22160755309532412 1.7968399356388563e-26
0.22211846241484456 1.8010541434187652e-26
0.22263054961990741 1.805280438830426e-26
0.22314381742609019 1.8095159609837012e-26
0.22365826855523296 1.8137607945856433e-26
0.22417390573544912 1.8180178071339077e-26
0.22469073170114343 1.8222840041351533e-26
0.2252087491930229 1.826560138132198e-26
0.2257279609581145 1.8308485529248782e-26
0.2262483697497785 1.8351449460038698e-26
0.22676997832772147 1.839453265631942e-26
0.22729278945801426 1.843771453462349e-26
0.227816805913103 1.8481006087706045e-26
0.22834203047182738 1.85243973969749e-26
0.2288684659194319 1.8567897768170548e-26
0.22939611504758364 1.8611502596870398e-26
0.2299249806543858 1.8655215960321795e-26
0.23045506554439113 1.869902786520571e-26
0.23098637252862006 1.874295766781121e-26
0.23151890442457188 1.878698019950311e-26
0.2320526640562434 1.883112934491305e-26
0.23258765425414013 1.8875361946515125e-26
0.23312387785529476 1.8919717932528534e-26
0.2336613377032806 1.8964182941188318e-26
0.23420003664822525 1.9008741281557848e-26
0.23473997754682924 1.905342782490598e-26
0.23528116326237705 1.9098211896362762e-26
0.23582359666475644 1.914309883013722e-26
0.2363672806304696 1.918811501461118e-26
0.2369122180426519 1.923322448503792e-26
0.2374584117910856 1.9278441670922576e-26
0.23800586477221392 1.9323789142429477e-26
0.23855457988915965 1.9369226285815416e-26
0.23910456005173664 1.9414778203366867e-26
0.23965580817646925 1.946046149180967e-26
0.2402083271866038 1.950622491855879e-26
0.24076212001212796 1.9552118605824312e-26
0.2413171895897826 1.95981219799923e-26
0.24187353886308047 1.964423354796064e-26
0.24243117078232057 1.9690464476431197e-26
0.24299008830460225 1.9736803209812762e-26
0.2435502943938443 1.9783256282578046e-26
0.24411179202079675 1.9829824495791697e-26
0.24467458416306062 1.987650571916983e-26
0.2452386738050997 1.99233042254092e-26
0.24580406393825985 1.9970208854272822e-26
0.24637075756078342 2.001723593172686e-26
0.24693875767782353 2.006437242046474e-26
0.24750806730146366 2.011163395506814e-26
0.24807868945072958 2.015899612406867e-26
0.24865062715160924 2.0206495141680555e-26
0.249223883437065 2.025408772441792e-26
0.24979846134705302 2.0301808569857892e-26
0.2503743639285381 2.0349656503492932e-26
0.25095159423550817 2.0397596942650322e-26
0.251530155328994 2.044567591566503e-26
0.2521100502770815 2.0493868080383966e-26
0.252691282154932 2.054216739444576e-26
0.25327385404479436 2.0590606449741285e-26
0.25385776903602525 2.063914499950488e-26
0.2544430302251035 2.0687807953893658e-26
0.2550296407156453 2.073660475672507e-26
0.2556176036184244 2.0785497179896128e-26
0.25620692205138396 2.083453112005018e-26
0.2567975991396577 2.088366989534213e-26
0.2573896380155822 2.093294136726213e-26
0.25798304181871745 2.0982324934531022e-26
0.25857781369585975 2.1031837459510613e-26
0.25917395680106164 2.1081468220815244e-26
0.2597714742956473 2.113122155566057e-26
0.26037036934822755 2.1181098090704047e-26
0.2609706451347207 2.1231094493750926e-26
0.26157230483836463 2.1281221609940546e-26
0.26217535164973843 2.133146219751618e-26
0.2627797887667747 2.1381838737981172e-26
0.26338561939478045 2.1432324588471496e-26
0.26399284674645246 2.148295699677856e-26
0.2646014740418925 2.1533686988326644e-26
0.2652115045086285 2.158456104294213e-26
0.2658229413816272 2.16355571458137e-26
0.26643578790331557 2.1686670677679886e-26
0.26705004732359366 2.1737932750760667e-26
0.26766572289985574 2.1789293595450084e-26
0.26828281789700603 2.1840796053818758e-26
0.26890133558747403 2.189243165576142e-26
0.2695212792512361 2.1944177693353964e-26
0.27014265217582817 2.199607419883428e-26
0.27076545765636767 2.2048076735324565e-26
0.27138969899556675 2.2100223026761926e-26
0.27201537950375343 2.215249088247088e-26
0.27264250249888755 2.220489453024632e-26
0.2732710713065768 2.2257421522436255e-26
0.27390108926009815 2.2310084531424476e-26
0.2745325597004111 2.2362875403916646e-26
0.27516548597617996 2.2415798798468316e-26
0.2757998714437869 2.2468854475361992e-26
0.2764357194673544 2.2522036078435528e-26
0.2770730334187587 2.2575352738602724e-26
0.27771181667765127 2.262880597040202e-26
0.2783520726314755 2.2682384808210857e-26
0.2789938046754825 2.2736103732813522e-26
0.27963701621275344 2.2789952993073365e-26
0.2802817106542129 2.284393349415523e-26
0.2809278914186515 2.289806259941458e-26
0.2815755619327394 2.2952302642764563e-26
0.2822247256310488 2.3006700961241395e-26
0.28287538595606987 2.3061217391842602e-26
0.28352754635822786 2.3115876363875897e-26
0.28418121029590515 2.3170679595345509e-26
0.28483638123545485 2.3225602469905972e-26
0.28549306265122415 2.328068584958082e-26
0.28615125802556773 2.333587979026619e-26
0.28681097084887064 2.3391233466531495e-26
0.2874722046195648 2.3446708427932144e-26
0.2881349628441459 2.350233675696571e-26
0.2887992490371962 2.355809273815926e-26
0.28946506672139827 2.3613992776847514e-26
0.29013241942755846 2.367003333836879e-26
0.29080131069462095 2.3726212544761762e-26
0.29147174406969073 2.3782531838294476e-26
0.2921437231080503 2.3838997355618765e-26
0.29281725137317716 2.3895596492028594e-26
0.29349233243676665 2.3952342714947625e-26
0.2941689698787461 2.400922792041337e-26
0.2948471672872986 2.4066260631477513e-26
0.29552692825887744 2.412342798315379e-26
0.2962082563982297 2.4180754826012587e-26
0.2968911553184107 2.4238202427954258e-26
0.29757562864080744 2.4295818532603136e-26
0.29826167999515585 2.4353556833443066e-26
0.29894931301955824 2.4411454526621783e-26
0.29963853136050694 2.4469493766762454e-26
0.30032933867289874 2.4527676388743415e-26
0.3010217386200591 2.4586013258988568e-26
0.30171573487375664 2.4644486554494402e-26
0.30241133111422713 2.4703116148811266e-26
0.3031085310301908 2.47618877940819e-26
0.30380733831887047 2.4820808024153e-26
0.30450775668601515 2.4879879432502444e-26
0.30520978984591485 2.4939098085243612e-26
0.3059134415214253 2.499846554992445e-26
0.3066187154439826 2.5057982957512983e-26
0.3073256153536275 2.5117656479297526e-26
0.3080341449990234 2.517746835329782e-26
0.3087443081374739 2.5237440789299023e-26
0.30945610853494776 2.5297559758945282e-26
0.3101695499660935 2.5357835037832303e-26
0.3108846362142645 2.5418257374008847e-26
0.31160137107153385 2.5478841887610373e-26
0.3123197583387193 2.5539565843725541e-26
0.31303980182540103 2.5600464305179735e-26
0.31376150534994035 2.566149059879471e-26
0.31448487273950415 2.5722696914887333e-26
0.3152099078300803 2.57840352951827e-26
0.31593661446650273 2.584554828075431e-26
0.3166649965024672 2.59072020789592e-26
0.3173950578005565 2.59690276208493e-26
0.3181268022322559 2.6030994497993597e-26
0.3188602336779783 2.609312953424134e-26
0.31959535602708256 2.6155421165889803e-26
0.32033217317789264 2.621786679733968e-26
0.32107068903772246 2.6280473641520905e-26
0.32181090752289143 2.634323938447449e-26
0.32255283255875067 2.640616857017192e-26
0.32329646807969836 2.646924869587989e-26
0.32404181802920534 2.653249783036699e-26
0.32478888635983394 2.659590432344951e-26
0.32553767703325714 2.6659473452630963e-26
0.32628819402028386 2.6723205151747836e-26
0.32704044130087523 2.6787099674240073e-26
0.3277944228641705 2.685115499981937e-26
0.3285501427085031 2.691537953315069e-26
0.3293076048414266 2.697975934563111e-26
0.33006681327973386 2.704431516254558e-26
0.3308277720494762 2.7109023019355927e-26
0.3315904851859897 2.717390840635075e-26
0.332354956733911 2.7238950258594623e-26
0.33312119074720425 2.730416346597412e-26
0.33388919128917716 2.736954722826068e-26
0.3346589624325073 2.7435090178472406e-26
0.33543050825926174 2.750080574949383e-26
0.33620383286091654 2.7566689386316754e-26
0.33697894033838327 2.763274349097659e-26
0.33775583480202526 2.7698965345726894e-26
0.33853452037168497 2.7765353286320587e-26
0.3393150011767001 2.7831918826803446e-26
0.3400972813559314 2.7898651332423926e-26
0.3408813650577788 2.7965555238611343e-26
0.3416672564402081 2.8032635339707623e-26
0.34245495967077155 2.809988206155352e-26
0.34324447892662713 2.816730836873516e-26
0.3440358183945661 2.823490236079395e-26
0.34482898227102937 2.830267589842683e-26
0.34562397476213547 2.8370619285366264e-26
0.34642080008369713 2.843874376807473e-26
0.3472194624612487 2.850703652278265e-26
0.34801996613006625 2.857551807313048e-26
0.34882231533518815 2.864416060549902e-26
0.3496265143314423 2.8712988821024755e-26
0.3504325673834633 2.8781995078433704e-26
0.35124047876572034 2.885117949229929e-26
0.3520502527625346 2.892054246490952e-26
0.3528618936681067 2.899008425626816e-26
0.3536754057865375 2.905980528217485e-26
0.3544907934318484 2.912971386159217e-26
0.35530806092800993 2.9199794031575623e-26
0.3561272126089582 2.927006090469541e-26
0.356948252818624 2.9340511505821874e-26
0.3577711859109502 2.941114004711503e-26
0.35859601624991955 2.9481959907679655e-26
0.3594227482095759 2.9552954140825765e-26
0.36025138617404523 2.962414447005849e-26
0.36108193453756365 2.969550697955038e-26
0.36191439770449535 2.976707166062462e-26
0.36274878008936146 2.983880368298698e-26
0.36358508611685775 2.991073549967372e-26
0.364423320221884 2.998285271441207e-26
0.36526348684956145 3.005515413985281e-26
0.36610559045526164 3.012764787543808e-26
0.366949635504628 3.020032902914183e-26
0.3677956264735969 3.027319953428086e-26
0.36864356784842706 3.0346263227154107e-26
0.36949346412571693 3.041951766501823e-26
0.3703453198124348 3.049295734850515e-26
0.37119913942593674 3.0566600360042254e-26
0.3720549274939955 3.064042507417322e-26
0.3729126885548227 3.07144501498313e-26
0.37377242715709014 3.078866751856586e-26
0.3746341478599597 3.0863077820827355e-26
0.3754978552331011 3.093768925862363e-26
0.3763635538567224 3.1012487263520354e-26
0.37723124832158805 3.1087496828865427e-26
0.37810094322904875 3.1162684458998377e-26
0.37897264319106344 3.1238081035227746e-26
0.3798463528302215 3.13136778306178e-26
0.38072207677977254 3.1389468297563923e-26
0.38159981968364504 3.1465458251483317e-26
0.3824795861964769 3.1541649665638896e-26
0.38336138098363404 3.1618041932095886e-26
0.38424520872124057 3.1694635336336933e-26
0.3851310740962014 3.177143547259462e-26
0.3860189818062244 3.1848433431972274e-26
0.38690893655985115 3.192563313467889e-26
0.38780094307647534 3.2003049608060225e-26
0.38869500608637436 3.208065107929339e-26
0.38959113033072795 3.21584760537874e-26
0.3904893205616495 3.2236492692317727e-26
0.3913895815422052 3.2314725126533195e-26
0.3922919180464448 3.239316387069884e-26
0.39319633485942435 3.247180567019221e-26
0.39410283677722924 3.2550664330402973e-26
0.39501142860700544 3.2629728291531715e-26
0.3959221151669784 3.270900061688747e-26
0.396834901286485 3.278848491903971e-26
0.39774979180599285 3.2868180385660325e-26
0.3986667915771315 3.2948088113308614e-26
0.3995859054627157 3.3028208085914584e-26
0.400507138336769 3.310854484383146e-26
0.4014304950845549 3.3189095424731515e-26
0.40235598060259675 3.326985366384235e-26
0.4032835997987097 3.3350840090726136e-26
0.4042133575920205 3.343202950029231e-26
0.4051452589129993 3.3513443390765375e-26
0.4060793087034833 3.359507618858782e-26
0.4070155119167005 3.367692012551662e-26
0.40795387351730156 3.3758994770724453e-26
0.4088943984813798 3.384127813039504e-26
0.4098370917965042 3.3923785090105576e-26
0.41078195846173887 3.400651576340026e-26
0.4117290034876757 3.408946769602768e-26
0.4126782318964584 3.417264273827422e-26
0.4136296487218066 3.425603992366736e-26
0.41458325900904813 3.433966235780542e-26
0.41553906781513955 3.442351406741e-26
0.41649708020869936 3.450758081241981e-26
0.41745730127002817 3.459187876359123e-26
0.41841973609114264 3.467641401965013e-26
0.41938438977579523 3.4761158693121627e-26
0.42035126743950774 3.4846145258170493e-26
0.4213203742095955 3.4931357748053216e-26
0.42229171522519227 3.5016796969814965e-26
0.42326529563728327 3.510247680950113e-26
0.42424112060872565 3.518837893394866e-26
0.425219195314283 3.527451514778885e-26
0.4261995249406455 3.536088705838977e-26
0.4271821146864639 3.544749347142109e-26
0.42816696976237406 3.5534333749284156e-26
0.42915409539102234 3.562140844536239e-26
0.4301434968070992 3.5708720109115145e-26
0.43113517925735995 3.579627120510172e-26
0.4321291480006597 3.588406269716506e-26
0.43312540830797425 3.5972082702494204e-26
0.4341239654624339 3.606035072940612e-26
0.4351248247593493 3.6148860187302303e-26
0.4361279915062365 3.623760222834291e-26
0.43713347102285127 3.6326597480162454e-26
0.43814126864121056 3.641582816553086e-26
0.4391513897056276 3.6505301953679654e-26
0.4401638395727332 3.659502481290745e-26
0.44117862361151045 3.668499239874492e-26
0.4421957472033204 3.6775203892166426e-26
0.4432152157419279 3.686566360607846e-26
0.4442370346335368 3.6956370556038997e-26
0.4452612092968109 3.7047326349731023e-26
0.44628774516291037 3.713853464798928e-26
0.447316647675513 3.72299903803341e-26
0.4483479222908505 3.7321693369079054e-26
0.44938157447773014 3.7413655659190974e-26
0.45041760971757 3.7505870244677586e-26
0.45145603350442554 3.759833136369168e-26
0.4524968513450157 3.7691056684796734e-26
0.4535400687587588 3.7784033949009014e-26
0.45458569127779413 3.7877263483166176e-26
0.4556337244470191 3.7970754666432057e-26
0.4566841738241108 3.8064504298775277e-26
0.4577370449795622 3.8158512801226064e-26
0.45879234349670894 3.8252781047986427e-26
0.45985007497175606 3.834730928363947e-26
0.4609102450138141 3.8442099471578663e-26
0.4619728592449217 3.85371527328009e-26
0.4630379233000824 3.8632473546466867e-26
0.46410544282728755 3.8728055420579813e-26
0.4651754234875524 3.882389842998204e-26
0.4662478709549438 3.8920015927521186e-26
0.4673227909166068 3.9016398601522906e-26
0.46840018907280184 3.911304366437375e-26
0.46948007113692763 3.9209964052010784e-26
0.47056244283555837 3.9307156061614617e-26
0.47164730990846715 3.940461675502989e-26
0.4727346781086636 3.9502346799812714e-26
0.4738245532024169 3.9600351991775095e-26
0.47491694096929327 3.969863058829252e-26
0.47601184720218326 3.97971842126546e-26
0.47710927770733 3.989601510749362e-26
0.4782092383043666 3.999512679892858e-26
0.4793117348263394 4.009450815933805e-26
0.4804167731197461 4.0194169227241163e-26
0.48152435904456 4.0294116927051904e-26
0.48263449847426687 4.0394342627097973e-26
0.4837471972958938 4.0494844899869333e-26
0.48486246141003736 4.059563516021299e-26
0.4859802967309015 4.0696710477164013e-26
0.4871007091863214 4.079806884479977e-26
0.48822370471780263 4.089971193258164e-26
0.4893492892805446 4.100164355122252e-26
