results/limits/GDM_f_6.dat
# %ECSV 1.0
# ---
# datatype:
# - {name: mx, unit: MeV, datatype: float64}
# - {name: sigma_6, unit: cm2, datatype: float64}
# schema: astropy-2.0
mx sigma_6
[from data line 359]
0.0012404909310584848 5.475163693874675e-30
0.0012694149350204683 5.6101475885799196e-30
0.0012990133477864558 5.742390527739046e-30
0.0013293018942621524 5.8715419024916104e-30
0.001360296666004259 5.99725941284739e-30
0.001392014129769518 6.119211278949633e-30
0.0014244711362630968 6.237078370416634e-30
0.0014576849290909482 6.350556231670655e-30
0.0014916731539209149 6.459356976214691e-30
0.0015264538678574353 6.56321102971427e-30
0.0015620455490348386 6.661868702956235e-30
0.0015984671064343198 6.755101577499873e-30
0.0016357378899298156 6.84270369162496e-30
0.0016738777005681136 6.924492515346575e-30
0.0017129068010886602 7.000309708650503e-30
0.0017528459266886532 7.070021660323405e-30
0.00179371629603914 7.133519805166898e-30
0.0018355396225579732 7.190720724859762e-30
0.0018783381259456144 7.24156603823509e-30
0.0019221345439899109 7.286022089106036e-30
0.001966952144646121 7.324079443692763e-30
0.0020128147383986056 7.355752211659599e-30
0.002059746690910748 7.381077204974061e-30
0.0021077729359698315 7.400112953315703e-30
0.0021569189887337423 7.412938590485906e-30
0.002207210959286545 7.419652634436594e-30
0.0022586755665101248 7.420371676426918e-30
0.0023113401522792685 7.415228999291192e-30
0.0023652326959877285 7.404373143286585e-30
0.0024203818294129824 7.387966436932766e-30
0.0024768168519275916 7.366183510204728e-30
0.002534567746065232 7.339209804795971e-30
0.0025936651934496745 7.30724009770372e-30
0.0026541405910951734 7.270477050165152e-30
0.0027160260680869266 7.229129794271345e-30
0.0027793545026504624 7.183412567429422e-30
0.002844159539619031 7.133543404716612e-30
0.0029104756083082714 7.07974289373255e-30
0.0029783379408076585 7.022233002413194e-30
0.0030477825906984404 6.961235979319674e-30
0.0031188464522080173 6.896973334204207e-30
0.0031915672798109355 6.829664898300263e-30
0.0032659837082868936 6.759527965868146e-30
0.003342135273246469 6.686776518357516e-30
0.0034200624321353945 6.611620528181706e-30
0.0034998065857286074 6.534265342110103e-30
0.0035814101001254554 6.454911141726025e-30
0.003664916329257761 6.373752477229367e-30
0.0037503696379226933 6.2909778724525505e-30
0.0038378154253526898 6.206769496425798e-30
0.003927300149334948 6.121302898367524e-30
0.004018871350893299 6.034746801442809e-30
0.00411257767954558 5.9472629511771955e-30
0.004208468919149921 5.8590060144721445e-30
0.004306596014353682 5.770123524570126e-30
0.004407011097659079 5.6807558679356276e-30
0.004509767517119906 5.5910363092217505e-30
0.004614919864684026 5.501091049681342e-30
0.004722524005196735 5.411039315743563e-30
0.004832637106080367 5.3209934738188724e-30
0.004945317667705937 5.231059167897642e-30
0.005060625554472947 5.1413354770792254e-30
0.005178622026613854 5.051915089174916e-30
0.005299369772740128 4.9628844884745035e-30
0.005422932943147155 4.874324154537277e-30
0.0055493771838957115 4.786308769784305e-30
0.00567876967168809 4.6989074336302524e-30
0.005811179149557424 4.612183881628148e-30
0.0059466759633891655 4.526196706950078e-30
0.006085332099294114 4.440999583817266e-30
0.006227221221852859 4.356641490467659e-30
0.006372418713251954 4.273166930820862e-30
0.006521001713332612 4.190616154158259e-30
0.006673049160573193 4.109025371006191e-30
0.006828641834027273 4.0284269652719166e-30
0.006987862396239558 3.948849701504152e-30
0.00715079543716245 3.87031892676984e-30
0.007317527519096606 3.7928567667601016e-30
0.007488147222679345 3.7164823159108136e-30
0.007662745193945353 3.641211820729231e-30
0.007841414192484688 3.5670588568880016e-30
0.008024249140723652 3.494034499216344e-30
0.008211347174354735 3.4221474849142185e-30
0.008402807693942412 3.351404369911872e-30
0.008598732417732204 3.281809678279494e-30
0.008799225435691074 3.213366044768385e-30
0.009004393264807849 3.1460743506954277e-30
0.009214344905683071 3.0799338530789386e-30
0.009429191900438323 3.0149423072650652e-30
0.009649048391975805 2.951096083291965e-30
0.009874031184619632 2.8883902759794474e-30
0.010104259806171096 2.826818809209801e-30
0.01033985657141083 2.7663745340026562e-30
0.010580946647081629 2.7070493216188195e-30
0.010827658118386449 2.6488341506662712e-30
0.011080122057036918 2.591719189449695e-30
0.011338472590888495 2.5356938731593835e-30
0.01160284697519928 2.4807469764349867e-30
0.01187338566555036 2.4268666813111564e-30
0.012150232392466372 2.3740406408936982e-30
0.012433534237775993 2.322256038893105e-30
0.01272344171275288 2.2714996452545476e-30
0.013020108838078586 2.2217578680929866e-30
0.013323693225669961 2.173016802056442e-30
0.013634356162414448 2.1252622733740368e-30
0.013952262695857842 2.0784798817751583e-30
0.014277581721889965 2.0326550393532888e-30
0.014610486074474885 1.9877730066273262e-30
0.014951152617473332 1.9438189260605645e-30
0.015299762338606094 1.90077785284422e-30
0.015656500445608335 1.8586347835172386e-30
0.016021556464625875 1.8173746822818988e-30
0.016395124340905766 1.776982505250132e-30
0.016777402541834602 1.737443222711006e-30
0.017168594162379338 1.698741839602021e-30
0.01756890703298664 1.6608634142084068e-30
0.017978553829998065 1.623793075266977e-30
0.01839775218863974 1.587516037590927e-30
0.01882672481864659 1.552017616231308e-30
0.01926569962258253 1.5172832393422221e-30
0.019714909816919448 1.4832984598344077e-30
0.020174594055939365 1.4500489658625226e-30
0.02064499655852557 1.4175205901819187e-30
0.021126367237910063 1.3856993186569874e-30
0.021618961834446313 1.3545712976935445e-30
0.02212304205147776 1.3241228408676727e-30
0.022638875694374342 1.2943404347518914e-30
0.0231667368128109 1.2652107440202446e-30
0.02370690584636297 1.2367206158176025e-30
0.024259669773497434 1.2088570835125407e-30
0.024825322264037063 1.1816073698792558e-30
0.025404163835180054 1.1549588896772126e-30
0.025996502011157406 1.1288992518073083e-30
0.026602651486612925 1.1034162609173917e-30
0.027222934293792744 1.0784979186404906e-30
0.027857679973633073 1.0541324244132274e-30
0.02850722575083718 1.0303081759314278e-30
0.02917191671303455 1.0070137692853042e-30
0.029852105994117403 9.842379987775343e-31
0.030548154961852016 9.61969856466997e-31
0.031260433409864494 9.401985314613235e-31
0.031989319754103004 9.189134089818099e-31
0.0327352012338808 8.981040692004132e-31
0.03349847411760691 8.777602859060361e-31
0.034279543913313774 8.578720249913405e-31
0.03507882558409363 8.38429442781697e-31
0.03589674376855814 8.194228842241486e-31
0.03673373300643846 8.008428809547947e-31
0.037590237969445384 7.8268014925847615e-31
0.038466713697512506 7.649255879127282e-31
0.03936362584054766 7.475702759691042e-31
0.04028145090582124 7.306054704404764e-31
0.04122067651112274 7.140226039259149e-31
0.04218180164382002 6.978132821828708e-31
0.043165336925959 6.819692816511363e-31
0.044171804885544536 6.66482546928904e-31
0.04520174023414663 6.513451882184987e-31
0.046255690150979495 6.3654947875547746e-31
0.047334214573604344 6.220878522020423e-31
0.048437886495410414 6.079529000362125e-31
0.04956729227003216 5.9413736892684495e-31
0.05072303192286451 5.806341581067572e-31
0.051905719469841495 5.674363167427231e-31
0.05311598324364777 5.545370413070691e-31
0.05435446622753626 5.4192967296901505e-31
0.05562182639692926 5.296076949802497e-31
0.056918737068984544 5.175647300809495e-31
0.058245887260312136 5.0579453792421195e-31
0.05960398205303182 4.942910125174826e-31
0.06099374296936585 4.8304817968420455e-31
0.06241590835496589 4.720601945480736e-31
0.06387123377117784 4.613213390445581e-31
0.06536049239645289 4.5082601945652335e-31
0.06688447543711816 4.405687639759244e-31
0.06844399254772507 4.305442202995627e-31
0.0700398722611988 4.207471532547836e-31
0.0716729624290174 4.111724424408468e-31
0.07334413067165428 4.018150799368198e-31
0.07505426483952363 3.9267016799530117e-31
0.07680427348467332 3.8373291681651723e-31
0.07859508634347626 3.749986423163911e-31
0.08042765483057629 3.664627639582517e-31
0.08230295254435131 3.5812080260057776e-31
0.08422197578416211 3.4996837838566198e-31
0.08618574407966152 3.420012086680326e-31
0.08819530073244539 3.3421510596704676e-31
0.09025171337033296 3.266059759631393e-31
0.09235607451457113 3.1916981552571293e-31
0.09450950216026408 3.119027107755635e-31
0.09671314037033632 3.0480083518336346e-31
0.09896815988334524 2.978604477013342e-31
0.10127575873546546 2.9107789093023276e-31
0.10363716289697593 2.8444958931996945e-31
0.10605362692358762 2.7797204740367055e-31
0.10852643462295801 2.716418480675724e-31
0.11105689973674641 2.654556508506664e-31
0.11364636663857243 2.5941019027960123e-31
0.11629621104824843 2.5350227423561294e-31
0.1190078407626656 2.4772878235355625e-31
0.12178269640372161 2.4208666445263905e-31
0.12462225218368743 2.365729389984348e-31
0.1275280166884199 2.3118469159579473e-31
0.13050153367883624 2.2591907351350928e-31
0.1335443829110759 2.2077330023514773e-31
0.13665818097578622 2.1574465004681936e-31
0.13984458215697693 2.1083046264454677e-31
0.14310527931090045 2.0602813777908435e-31
0.14644200476542463 2.013351339244422e-31
0.14985653124037576 1.9674896697282544e-31
0.15335067278934078 1.9226720896265958e-31
0.1569262857634292 1.878874868281064e-31
0.1605852697975066 1.836074811757176e-31
0.16432956881942368 1.7942492509027351e-31
0.16816117208277714 1.7533760296340161e-31
0.172082115223751 1.7134334934643934e-31
0.1760944813425998 1.6744004783019504e-31
0.1802004021103484 1.6362562994853848e-31
0.18440205890129596 1.598980741031734e-31
0.18870168395192646 1.5625540451391481e-31
0.1931015615468407 1.5269569019223285e-31
0.1976040292323402 1.4921704393428858e-31
0.20221147905830805 1.4581762133831976e-31
0.20692635884904578 1.4249561984322419e-31
0.21175117350374192 1.3924927778638182e-31
0.2166884863272632 1.36076873484621e-31
0.22174092039197504 1.3297672433323938e-31
0.22691115993131514 1.299471859260405e-31
0.23220195176586036 1.2698665119428112e-31
0.2376161067626448 1.240935495647723e-31
0.24315650132850383 1.2126634613639713e-31
0.24882607893823822 1.1850354087505452e-31
0.25462785169840935 1.1580366782625828e-31
0.2605649019475973 1.1316529434539933e-31
0.26664038389397104 1.1058702034464555e-31
0.27285752529104135 1.0806747755747162e-31
0.2792196291524867 1.05605328818404e-31
0.2857300755069626 1.0319926735976712e-31
0.2923923231938275 1.0084801612378056e-31
0.2992099117007387 9.855032708966364e-32
0.3061864630440946 9.63049806164776e-32
0.31332568369332287 9.4110784800188e-32
0.32063136654003577 9.196657484503792e-32
0.3281073929131 8.987121244940975e-32
0.3357577346406907 8.782358520527806e-32
0.343586456160426 8.582260601089713e-32
0.3515977166787018 8.386721249697221e-32
0.359795772380376 8.195636646580998e-32
0.368184978689974 8.008905334266234e-32
0.3767697925856183 7.826428163970287e-32
0.38555477496691104 7.64810824322248e-32
0.394544593078027 7.473850884620095e-32
0.4037440229873054 7.303563555770029e-32
0.4131579521246571 7.137155830363115e-32
0.42279138187813525 6.974539340323291e-32
0.43264943025104924 6.815627729068135e-32
0.4427373345810337 6.660336605804473e-32
0.4530604543225162 6.508583500863419e-32
0.4636242738940635 6.360287822046098e-32
0.47443440559211736 6.215370811952477e-32
0.48549659257266914 6.073755506276923e-32
0.4968167119024568 5.935366693048026e-32
0.5084007776813051 5.800130872788893e-32
0.5202549442372687 5.66797621958131e-32
0.5323855093962742 5.538832543007568e-32
0.5447989178279997 5.412631250962113e-32
0.557501764469769 5.289305313295559e-32
0.5705007980302781 5.168789226289773e-32
0.5838029245750183 5.051018977938479e-32
0.5974152111952977 4.93593201400776e-32
0.6113448897628128 4.823467204874813e-32
0.6255993607717623 4.7135648131155595e-32
0.6401861972705483 4.606166461824083e-32
0.6551131488851486 4.5012151036559483e-32
0.6703881459363026 4.398654990574139e-32
0.686019303652694 4.2984316442766355e-32
0.7020149264823721 4.2004918272990755e-32
0.7183835125046995 4.1047835147765183e-32
0.7351337579451718 4.011255866839566e-32
0.7522745617955077 3.9198592016411564e-32
0.7698150305414633 3.8305449689994975e-32
0.7877644830008832 3.743265724632985e-32
0.8061324552745581 3.657975104984597e-32
0.8249287058125218 3.57462780261994e-32
0.8441632205984669 3.4931795421798857e-32
0.8638462184550629 3.41358705688375e-32
0.8839881564729563 3.335808065565149e-32
0.9045997355663667 3.2598012502294856e-32
0.9256919061582187 3.1855262341231817e-32
0.9472758739978306 3.1129435603001306e-32
0.9693631061142522 3.0420146706765705e-32
0.9919653369084147 2.972701885562114e-32
1.0150945743873274 2.904968383656176e-32
1.0387631065436362 2.838778182499695e-32
1.0629835078839296 2.77409611937129e-32
1.0877686461092637 2.710887832618589e-32
1.1131316889514546 2.6491197434137104e-32
1.1390861111687691 2.588759037923993e-32
1.16564570170473 2.5297736498893143e-32
1.1928245710138414 2.472132243594413e-32
1.2206371585581264 2.415804197229831e-32
1.2490982404784545 2.3607595866316056e-32
1.2782229374447416 2.3069691693901868e-32
1.3080267226891875 2.2544043693216416e-32
1.3385254302268237 2.203037261292837e-32
1.369735263267732 2.1528405563909703e-32
1.4016728028254128 2.103787587431186e-32
1.4343550165258654 2.0558522947948745e-32
1.4677992676220706 2.0090092125891249e-32
1.5020233242186567 1.9632334551219114e-32
1.5370453687116559 1.9185007036855903e-32
1.5728840074483612 1.874787193640639e-32
1.6095582806124205 1.832069701793703e-32
1.6470876723394143 1.7903255340635128e-32
1.6854921210682972 1.7495325134269628e-32
1.7247920301341966 1.7096689681401168e-32
1.7650082786082029 1.6707137202274586e-32
1.8061622323899016 1.6326460742329655e-32
1.848275755558551 1.5954458062277846e-32
1.8913712219889245 1.5590931530678582e-32
1.935471527238 1.5235688018964784e-32
1.9806001007088037 1.4888538798857944e-32
2.0267809180978715 1.454929944211989e-32
2.0740385141329463 1.4217789722587886e-32
2.1223979956076717 1.389383352044112e-32
2.171885054720213 1.3577258728647383e-32
2.222525982722885 1.3267897161541326e-32
2.274347683890048 1.296558446548354e-32
2.327377689811681 1.2670160031557334e-32
2.3816441740202396 1.2381466910251233e-32
2.437175966958554 1.2099351728086302e-32
2.4940025712967335 1.1823664606143448e-32
2.552154177606206 1.155425908044474e-32
2.611661680399223 1.129099202414924e-32
2.6725566945423505 1.1033723571522239e-32
2.7348715720526675 1.0782317043634728e-32
2.7986394192855935 1.0536638875756265e-32
2.863894114523477 1.029655854640224e-32
2.9306703259742912 1.0061948507996965e-32
2.999003530189995 9.832684119116235e-33
3.068930030914351 9.608643578273979e-33
3.1404869783702067 9.389707859217101e-33
3.21371238899649 9.1757606476941e-33
3.2886451656454048 8.966688279664683e-33
3.3653251182505572 8.76237968091693e-33
3.443792984976987 8.562726308059777e-33
3.5240904538643507 8.367622090860441e-33
3.6062601849747473 8.176963375894848e-33
3.6903458330569543 7.99064887148237e-33
3.77639207073912 7.808579593874791e-33
3.8644446122622242 7.63065881467139e-33
3.9545502377669295 7.456792009431933e-33
4.046756818146711 7.286886807460506e-33
4.141113340480481 7.120852942733379e-33
4.237669934058216 6.958602205944933e-33
4.336477897013409 6.800048397645997e-33
4.437589723576497 6.645107282450106e-33
4.541059131963759 6.493696544282794e-33
4.646941092916466 6.34573574265069e-33
4.755291858905486 6.201146269906908e-33
4.866168994016832 6.0598513094899486e-33
4.979631404534034 5.921775795114338e-33
5.0957393702336 5.786846370890798e-33
5.214554576410165 5.654991352355175e-33
5.336140146648369 5.5261406883852836e-33
5.4605606763588606 5.400225923985364e-33
5.587882267096237 5.2771801639185346e-33
5.718172561677172 5.156938037167773e-33
5.851500780117376 5.039435662206721e-33
5.987937756406471 4.924610613061695e-33
6.127555976140354 4.8124018861469015e-33
6.270429615030991 4.7027498678554627e-33
6.416634578314149 4.5955963028886664e-33
6.566248541075969 4.49088426330692e-33
6.719350989519823 4.3885581182858766e-33
6.87602326319537 4.288563504561557e-33
7.036348598212252 4.190847297548976e-33
7.200412171461376 4.09535758311873e-33
7.368301145867304 4.002043630016702e-33
