results/limits/GDM_l_phase.dat
# %ECSV 1.0
# ---
# datatype:
# - {name: mx, unit: MeV, datatype: float64}
# - {name: sigma_10, unit: cm2, datatype: float64}
# - {name: sigma_9, unit: cm2, datatype: float64}
# - {name: sigma_7, unit: cm2, datatype: float64}
# - {name: sigma_6, unit: cm2, datatype: float64}
# - {name: sigma_5, unit: cm2, datatype: float64}
# - {name: sigma_4, unit: cm2, datatype: float64}
# - {name: sigma_3, unit: cm2, datatype: float64}
# - {name: sigma_2, unit: cm2, datatype: float64}
# schema: astropy-2.0
mx sigma_10 sigma_9 sigma_7 sigma_6 sigma_5 sigma_4 sigma_3 sigma_2
[from data line 159]
1.2347857008475478e-05 2.4782822455031516e-40 1.7299326764283664e-39 3.8464394373237544e-33 3.222798103420549e-29 3.2155288914307382e-25 3.109986553994086e-21 4.4156576355431734e-18 1.1013430406529676e-17
1.263576678362426e-05 2.5037099527914657e-40 1.7942902445506263e-39 4.1866689655366106e-33 3.533744865358146e-29 3.5260793070023384e-25 3.41034682178693e-21 4.8421187206171965e-18 1.2077099711045206e-17
1.293038962959737e-05 2.5296415526390625e-40 1.8621037464099417e-39 4.5582881129188534e-33 3.874708080187173e-29 3.866622315763237e-25 3.7397156697170434e-21 5.309767114676026e-18 1.3243497442273297e-17
1.3231882072236462e-05 2.5560912849550954e-40 1.9336002780650387e-39 4.9642602708465436e-33 4.2485860278505995e-29 4.240054573553497e-25 4.100894725166241e-21 5.822580657889636e-18 1.452254503651422e-17
1.3540404287030327e-05 2.583073897234495e-40 2.0090241249486014e-39 5.407831777477097e-33 4.658556872436675e-29 4.649552495589936e-25 4.496956197343153e-21 6.384921371164993e-18 1.59251221447142e-17
1.3856120184212054e-05 2.6106046660521457e-40 2.0886382082729523e-39 5.892559083870014e-33 5.108105684654418e-29 5.0985992684179115e-25 4.931269003118476e-21 7.001572550443242e-18 1.7463159152197546e-17
1.4179197495840522e-05 2.6386994195727514e-40 2.1727256633456842e-39 6.422338554574263e-33 5.601054090267886e-29 5.591014486852707e-25 5.407527431738546e-21 7.677779465777614e-18 1.9149738689358754e-17
1.4509807864912299e-05 2.6673745612146745e-40 2.2615915623172594e-39 7.001439118362803e-33 6.14159276276686e-29 6.1309866341441975e-25 5.929782559492299e-21 8.419293964883188e-18 2.0999206880797496e-17
1.484812693655133e-05 2.696647094263049e-40 2.3555647955315904e-39 7.634538086216751e-33 6.734317074441524e-29 6.723108719393024e-25 6.5024767180580325e-21 9.232423412399003e-18 2.3027295408486356e-17
1.5194334451324849e-05 2.7265346480900894e-40 2.455000126763645e-39 8.32676038512648e-33 7.384266159033716e-29 7.372417325355446e-25 7.13048126136383e-21 1.0124084312485506e-17 2.5251255256004228e-17
1.5548614340735104e-05 2.7570555052211984e-40 2.560280439307393e-39 9.083721651221745e-33 8.096965815840575e-29 8.0844354962292915e-25 7.819138046460119e-21 1.1101861204695207e-17 2.76900036052454e-17
1.5911154824937624e-05 2.7882286302094786e-40 2.6718191915458025e-39 9.911575347386051e-33 8.878475445669968e-29 8.86521965601023e-25 8.574304812744166e-21 1.2174071094848402e-17 3.036428453840888e-17
1.6282148512737936e-05 2.8200736995452925e-40 2.790063102588023e-39 1.0817064539857583e-32 9.73543962150001e-29 9.721411159751288e-25 9.40240504210718e-21 1.3349834248066123e-17 3.329684560833243e-17
1.6661792503919872e-05 2.8526111332822583e-40 2.9154950902671516e-39 1.1807578627339345e-32 1.067514460855605e-28 1.0660292792543506e-24 1.0310482604496775e-20 1.4639151776289084e-17 3.651263135547512e-17
1.7050288493959805e-05 2.885862128366889e-40 3.0486374867149674e-39 1.2891215503747503e-32 1.1705580310685042e-28 1.1689850692896921e-24 1.130626164993651e-20 1.605299067488434e-17 4.003899540424109e-17
1.7447842881182494e-05 2.919848693411083e-40 3.190055558280543e-39 1.4076849764057862e-32 1.2835508244340806e-28 1.2818842301550288e-24 1.2398212328313889e-20 1.7603377133704242e-17 4.390593319724933e-17
1.785466687641539e-05 2.954593685615013e-40 3.340361360445265e-39 1.5374207459323738e-32 1.4074536053549986e-28 1.4056870848980737e-24 1.359562283337144e-20 1.9303498827451253e-17 4.8146337125579254e-17
1.8270976615199758e-05 2.9901208491406084e-40 3.5002179599981794e-39 1.679394804330036e-32 1.543319920691613e-28 1.5414467022439974e-24 1.4908678390705412e-20 2.1167817065367253e-17 5.279627624991357e-17
1.869699327261814e-05 3.026454855904824e-40 3.670344061502153e-39 1.83477542701342e-32 1.6923050629350298e-28 1.6903178564885795e-24 1.634854791745968e-20 2.3212189833441267e-17 5.78953031895469e-17
1.91329431807992e-05 3.0636213482766058e-40 3.851519077356457e-39 2.0048430721700834e-32 1.855675895356287e-28 1.8535668490677757e-24 1.792747901611762e-20 2.545400666963623e-17 6.348679052503507e-17
1.957905794916243e-05 3.101646984041614e-40 4.044588685611071e-39 2.1910011862715102e-32 2.034821628573855e-28 2.0325822812120297e-24 1.965890216714537e-20 2.791233659993959e-17 6.961829977684664e-17
2.003557458746648e-05 3.14055948389045e-40 4.250470923602738e-39 2.3947880450898443e-32 2.231265631659299e-28 2.2288868607811824e-24 2.1557544924186518e-20 3.0608090276356573e-17 7.634198580616968e-17
2.0502735631726606e-05 3.180387681302529e-40 4.470162870334705e-39 2.617889750186753e-32 2.4466783962500286e-28 2.4441503616941828e-24 2.3639557257104198e-20 3.3564197942974166e-17 8.371504069372296e-17
2.0980789273068064e-05 3.2211615750455366e-40 4.704747975483772e-39 2.862154464042071e-32 2.682891739108375e-28 2.680203821386579e-24 2.5922648869176892e-20 3.680580440331197e-17 9.180018002278172e-17
2.1469989489583918e-05 3.262912384761067e-40 4.955404099061437e-39 3.1296080252887673e-32 2.941914382366557e-28 2.9390551154666206e-24 2.842623983450042e-20 4.036048290012794e-17 1.0066617633320766e-16
2.1970596181267336e-05 3.305672609445924e-40 5.223412331385695e-39 3.422471076945759e-32 3.225949045120525e-28 3.2229060431952845e-24 3.117162584801555e-20 4.425846974269834e-17 1.1038844432334523e-16
2.2482875308090033e-05 3.349476088852266e-40 5.510166669915086e-39 3.7431778308631795e-32 3.5374111700011334e-28 3.534171047381781e-24 3.418215928353409e-20 4.8532921378799466e-17 1.2104968203297176e-16
2.3007099031300245e-05 3.3943580688274948e-40 5.817184637132955e-39 4.0943966580969845e-32 3.8789494737112224e-28 3.875497757611579e-24 3.748344788695992e-20 5.3220196505704554e-17 1.3274057447797411e-16
2.354354585801526e-05 3.4403552697449565e-40 6.146118931137231e-39 4.479052664485572e-32 4.2534684800518185e-28 4.249789515270197e-24 4.1103572637355885e-20 5.836016539630083e-17 1.4556056516434614e-16
2.4092500789185385e-05 3.487505959224449e-40 6.498770209826409e-39 4.900352417587529e-32 4.664153204547959e-28 4.660230049445161e-24 4.507332641121543e-20 6.399654876226373e-17 1.5961870127282476e-16
2.4654255471007912e-05 3.5358500281971363e-40 6.877101118054396e-39 5.361811113621812e-32 5.114496273659958e-28 5.1103105865406626e-24 4.942647618549923e-20 7.017729003832318e-17 1.7503456220163528e-16
2.5229108349871537e-05 3.5854290722036804e-40 7.283251679155977e-39 5.867282316905047e-32 5.608327617320242e-28 5.603859532360707e-24 5.4200050121482294e-20 7.695496299309981e-17 1.9193927621994709e-16
2.5817364830913554e-05 3.6362864766879277e-40 7.719556180804943e-39 6.420990581128361e-32 6.149847039725899e-28 6.145075031444354e-24 5.943465247726167e-20 8.43872188519669e-17 2.1047663567129927e-16
2.641933744027406e-05 3.688467507178119e-40 8.188561699484001e-39 7.027567218661248e-32 6.743659936480224e-28 6.738560671674933e-24 6.517480894122425e-20 9.253727661256313e-17 2.30804319907135e-16
2.7035345991133382e-05 3.742019404872757e-40 8.693048419535481e-39 7.692089561594619e-32 7.394816498977331e-28 7.389364674914772e-24 7.146934568220528e-20 1.0147446123234426e-16 2.530952376216549e-16
2.7665717753620915e-05 3.796991487713574e-40 9.236051917692086e-39 8.420123935400529e-32 8.108854631743399e-28 8.103022799351553e-24 7.837180429917125e-20 1.112747927874266e-16 2.775389963180847e-16
2.8310787628685666e-05 3.853435257245527e-40 9.820887597089937e-39 9.217772840454862e-32 8.891847072990113e-28 8.885605443596674e-24 8.594089741007013e-20 1.2202163333222406e-16 3.0434351569091395e-16
2.8970898326020842e-05 3.911404511695768e-40 1.0451177475057046e-38 1.009172668916673e-31 9.750453067088758e-28 9.743769301136888e-24 9.424100825150974e-20 1.338063962470663e-16 3.3373679686420504e-16
2.964640054613707e-05 3.970955466060405e-40 1.1130879542700558e-38 1.104932046130778e-31 1.0691974956259875e-27 1.068481393235725e-23 1.0334273784098516e-19 1.4672932311664707e-16 3.6596886006372223e-16
3.033765316668089e-05 4.032146878588001e-40 1.1864319934512147e-38 1.2098595935615348e-31 1.172442034026474e-27 1.1716743902610974e-23 1.1332350597367476e-19 1.6090033704451748e-16 4.0131387293406785e-16
3.104502343309761e-05 4.095040185893495e-40 1.26562281704922e-38 1.3248369887332993e-31 1.2856570200706749e-27 1.2848336882880165e-23 1.2426820988917164e-19 1.7643997784919899e-16 4.40072483083045e-16
3.176888715373972e-05 4.159699645181412e-40 1.3511775747620637e-38 1.450830873091376e-31 1.4098053471896982e-27 1.408921819484677e-23 1.3626994526828592e-19 1.9348042575852761e-16 4.82574371356246e-16
3.25096288995246e-05 4.226192485553648e-40 1.4436618391373499e-38 1.5889010672991021e-31 1.5459429107844542e-27 1.5449942849426224e-23 1.494307997062994e-19 2.1216662800838528e-16 5.291810617733697e-16
3.326764220824756e-05 4.294589068397673e-40 1.5436942295445438e-38 1.740209553190424e-31 1.6952275821384154e-27 1.6942085254914156e-23 1.6386272036640818e-19 2.3265753076483533e-16 5.802889941597189e-16
3.4043329793658724e-05 4.364963058021435e-40 1.651951471163355e-38 1.906030323902054e-31 1.858929049898239e-27 1.857833759783339e-23 1.7968846551516041e-19 2.5512743014460563e-16 6.363328938300193e-16
3.483710375941493e-05 4.437391601951875e-40 1.769173927917414e-38 2.087760204696682e-31 2.0384396315260455e-27 2.0372617920163096e-23 1.970426498409012e-19 2.797674563916799e-16 6.977894733871093e-16
3.5649385818020195e-05 4.51195552343801e-40 1.8961716518764475e-38 2.2869307021670033e-31 2.2352861127797397e-27 2.2340188473357203e-23 2.1607288916889471e-19 3.0678719918048215e-16 7.651814865152829e-16
3.648060751487119e-05 4.588739524960167e-40 2.033830994958451e-38 2.5052209912773755e-31 2.4511427251247685e-27 2.449778544785887e-23 2.3694105519978195e-19 3.3641648913370983e-16 8.39082171400578e-16
3.73312104575266e-05 4.6678324054924e-40 2.183121833195683e-38 2.7444721858007703e-31 2.687845405078675e-27 2.686376151748632e-23 2.598246541929349e-19 3.689073553211013e-16 9.20120133078608e-16
3.820164655032238e-05 4.7493272911118075e-40 2.3451054574805735e-38 3.0067029476151127e-31 2.947407392891863e-27 2.9458241772724797e-23 2.849183351467659e-19 4.0453616662212675e-16 1.0089846843715114e-15
3.90923782344573e-05 4.833321879888894e-40 2.5209431900901815e-38 3.29412662005345e-31 3.232036354391392e-27 3.23032948804372e-23 3.124355452483281e-19 4.4360598218633456e-16 1.1064317083513967e-15
4.0003878733676586e-05 4.919918703269571e-40 2.711905791551077e-38 3.6091700523940286e-31 3.544153192576827e-27 3.5423121135274965e-23 3.426103486987314e-19 4.864491338599085e-16 1.2132900993685218e-15
4.093663230568398e-05 5.009225403877107e-40 2.919383727465679e-38 3.954494156313265e-31 3.8864125924999384e-27 3.884425783822991e-23 3.7569941312597473e-19 5.334300465582065e-16 1.3304687975587856e-15
4.1891134499415887e-05 5.1013550315233134e-40 3.144898372134957e-38 4.333016530171196e-31 4.2617256315070735e-27 4.259580532162165e-23 4.119841956892278e-19 5.849483421666149e-16 1.4589645305209394e-15
4.2867892418314344e-05 5.196426358591067e-40 3.390114232626779e-38 4.7479362357002125e-31 4.6732845420941754e-27 4.6709674492992746e-23 4.51773337313113e-19 6.414422389510354e-16 1.5998702920470566e-15
4.386742498973848e-05 5.294564215678069e-40 3.656852284929577e-38 5.2027609439814815e-31 5.124589843593345e-27 5.1220858059308515e-23 4.954052859569174e-19 7.033922761595047e-16 1.75438463193713e-15
4.489026324065786e-05 5.3958998510544086e-40 3.9471045222341654e-38 5.701336740215395e-31 5.619480131592593e-27 5.616772831944475e-23 5.432511768511885e-19 7.713254034743278e-16 1.9238218558153444e-15
4.5936950579773975e-05 5.500571312119991e-40 4.263049825457362e-38 6.247880791759978e-31 6.16216472959641e-27 6.159236356935651e-23 5.957179894749985e-19 8.458194633894783e-16 2.109623204971379e-15
4.700804308621986e-05 5.6087238538863e-40 4.60707127714193e-38 6.8470171808601105e-31 6.757259505221858e-27 6.754090614194452e-23 6.532520105027056e-19 9.275081080132831e-16 2.3133691197351484e-15
4.8104109804991236e-05 5.720510374432478e-40 4.981775051598734e-38 7.503816140538018e-31 7.409826089056261e-27 7.406395446204536e-23 7.163426257435959e-19 1.0170861829857334e-15 2.5367926679179593e-15
4.922573304926602e-05 5.836091880890716e-40 5.390011027398779e-38 8.223837203136918e-31 8.125415003514868e-27 8.12169941880078e-23 7.855264901253616e-19 1.1153156481545395e-15 2.781794312024827e-15
5.0373508709772956e-05 5.95563798613825e-40 5.834895282321498e-38 9.013176303754931e-31 8.910112749008737e-27 8.906086891330597e-23 8.613920803006486e-19 1.223032041511671e-15 3.050458031454442e-15
5.154804657137365e-05 6.079327440754585e-40 6.319834649873246e-38 9.878517744275888e-31 9.770593745394196e-27 9.766229940410879e-23 9.44584716691356e-19 1.3411516096526425e-15 3.345069107124627e-15
5.27499706370262e-05 6.2073487020624965e-40 6.84855352993215e-38 1.0827190846586757e-30 1.0714176965916273e-26 1.070944497463413e-22 1.0358120392396191e-18 1.470679082423085e-15 3.668133512814757e-15
5.397991945930254e-05 6.339900541803683e-40 7.425123168151756e-38 1.1867232265479011e-30 1.1748888227562124e-26 1.1743755003749606e-22 1.1358500300573001e-18 1.6127162240693153e-15 4.0223992432463245e-15
5.5238546479635675e-05 6.47719269846588e-40 8.053993641804865e-38 1.3007454362110276e-30 1.288352853979634e-26 1.2877957964167484e-22 1.2455496218405172e-18 1.7684712160768741e-15 4.4108797165402845e-15
5.6526520375476976e-05 6.619446574120182e-40 8.740028805315341e-38 1.4257519904477073e-30 1.41277487839055e-26 1.4121701372979027e-22 1.3658439183756912e-18 1.9392689090761984e-15 4.836879344281403e-15
5.784452541554797e-05 6.76689598246933e-40 9.488544482303604e-38 1.5628024451781916e-30 1.549213206787967e-26 1.5485564654849508e-22 1.49775615716263e-18 2.126562128429804e-15 5.304021729650487e-15
5.9193261823375433e-05 6.9197879496099864e-40 1.0305350213350449e-37 1.713058611150094e-30 1.6988283460336448e-26 1.6981148845535281e-22 1.6424083855017225e-18 2.3319439928186934e-15 5.8162803921556735e-15
6.057344614930286e-05 7.078383573505566e-40 1.1196794889078963e-37 1.8777944461956324e-30 1.8628928883388467e-26 1.8621175451199025e-22 1.8010310221261345e-18 2.557161490153868e-15 6.378012628354744e-15
6.198581165117595e-05 7.242958945858689e-40 1.2169816648396683e-37 2.0584068805090738e-30 2.0428023335901718e-26 2.041959463497992e-22 1.97497332096228e-18 2.80413033435848e-15 6.993996567295104e-15
6.34311086839044e-05 7.41380614187485e-40 1.3231997425510045e-37 2.2564276822620506e-30 2.2400869520172368e-26 2.239170380348458e-22 2.1657148407663493e-18 3.0749512503250038e-15 7.669471788074697e-15
6.491010509810695e-05 7.591234282112813e-40 1.4391622587957332e-37 2.4735364930215953e-30 2.4564248162425837e-26 2.4554277883125363e-22 2.3748780453980826e-18 3.3719278641873683e-15 8.410183941342019e-15
6.642358664805138e-05 7.775570675753963e-40 1.5657746121455308e-37 2.711575083584394e-30 2.693656053841257e-26 2.6925711797460883e-22 2.60424208417045e-18 3.697586269102659e-15 9.222433549813161e-15
6.797235740910648e-05 7.967162045973257e-40 1.704026187595079e-37 2.9725630231080358e-30 2.953798512996505e-26 2.9526177070725617e-22 2.85575793847857e-18 4.054696530919786e-15 1.0113129647209716e-14
6.955724020492732e-05 8.166375851357984e-40 1.854998138770591e-37 3.2587148449802966e-30 3.239064924526837e-26 3.237779339000427e-22 3.131565015222553e-18 4.4462962480525576e-15 1.1089848540745397e-14
7.117907704460117e-05 8.373601704875777e-40 2.0198718883332633e-37 3.5724588743460805e-30 3.5518817255762e-26 3.5504816778450477e-22 3.434009346843768e-18 4.8757163924738735e-15 1.2160898263131956e-14
7.283872956998614e-05 8.58925290289165e-40 2.199938405409135e-37 3.916457855425091e-30 3.8949096830362456e-26 3.8933845759767905e-22 3.7656635314686476e-18 5.346609621370339e-15 1.3335389186848622e-14
7.453707951348025e-05 8.813768070834199e-40 2.396608326868593e-37 4.293631622619016e-30 4.271066560028389e-26 4.269404794634671e-22 4.129348648419961e-18 5.862981393486854e-15 1.4623311633804137e-14
