results/limits/GDM_l_phase.dat
# %ECSV 1.0
# ---
# datatype:
# - {name: mx, unit: MeV, datatype: float64}
# - {name: sigma_10, unit: cm2, datatype: float64}
# - {name: sigma_9, unit: cm2, datatype: float64}
# - {name: sigma_7, unit: cm2, datatype: float64}
# - {name: sigma_6, unit: cm2, datatype: float64}
# - {name: sigma_5, unit: cm2, datatype: float64}
# - {name: sigma_4, unit: cm2, datatype: float64}
# - {name: sigma_3, unit: cm2, datatype: float64}
# - {name: sigma_2, unit: cm2, datatype: float64}
# schema: astropy-2.0
mx sigma_10 sigma_9 sigma_7 sigma_6 sigma_5 sigma_4 sigma_3 sigma_2
[from data line 722]
5.336140146648369 1.409173669314699e-27 1.4091722180292487e-23 1.4091721554932745e-15 1.409167415103997e-11 1.4086934970886023e-07 0.001362482579781345 1.9344963907153172 4.8249758405882694
5.4605606763588606 1.5452427551626734e-27 1.54524123537715e-23 1.545241167526247e-15 1.5452359694072457e-11 1.5447162900873213e-07 0.0014940432679629739 2.1212904681032474 5.290873277713224
5.587882267096237 1.6943434132688393e-27 1.6943418218589227e-23 1.6943417482187792e-15 1.6943360485324704e-11 1.693766225267382e-07 0.0016382037546977246 2.325974142897016 5.801390532014004
5.718172561677172 1.858335704593431e-27 1.8583340379095557e-23 1.858333957937349e-15 1.8583277065890045e-11 1.857702731182097e-07 0.001796762471665358 2.5511008859776996 6.3628964110882835
5.851500780117376 2.0377695824873126e-27 2.0377678370618098e-23 2.0377677501978755e-15 2.0377608952427464e-11 2.0370755745427583e-07 0.0019702511509769654 2.7974256676216083 6.9772739442149145
5.987937756406471 2.234570916464893e-27 2.2345690888508195e-23 2.234568994470267e-15 2.234561477485069e-11 2.2338099706525023e-07 0.0021605318529872406 3.0675923007397565 7.65111726797843
6.127555976140354 2.4504124198192618e-27 2.4504105059022315e-23 2.4504104033166e-15 2.450402160251123e-11 2.4495780638973127e-07 0.0023692218688965002 3.3638970671607487 8.390153715032122
6.270429615030991 2.6867496822630365e-27 2.686747678253101e-23 2.6867475667277464e-15 2.6867385286352518e-11 2.6858349498427553e-07 0.002597728561175076 3.6883381851808696 9.199367194909273
6.416634578314149 2.9467081339498836e-27 2.9467060350557104e-23 2.946705913739687e-15 2.946696001159637e-11 2.9457049958994636e-07 0.002849073805183802 4.045206210191783 10.089459110934715
6.566248541075969 3.2309987380647346e-27 3.23099654029528e-23 3.230996408321569e-15 3.230985539401772e-11 3.2298989245409843e-07 0.003123945008787677 4.435477145889622 11.062863788794866
6.719350989519823 3.542824163068402e-27 3.542821861994375e-23 3.5428217183827223e-15 3.542809800497373e-11 3.5416183158153117e-07 0.0034254387270940966 4.863547580361312 12.1305470960934
6.87602326319537 3.885422575190703e-27 3.885420165156853e-23 3.8854200088045964e-15 3.885406938434851e-11 3.8841002346851706e-07 0.0037566858360746263 5.333862831555608 13.303596441320463
7.036348598212252 4.260304315344446e-27 4.2603017917838047e-23 4.26030162154796e-15 4.2602872900942625e-11 4.258854510088233e-07 0.004119146636092884 5.848496280684648 14.587183203603358
7.200412171461376 4.672042077555631e-27 4.6720394348519264e-23 4.6720392494235535e-15 4.672023532904023e-11 4.6704522816127755e-07 0.004517242314633339 6.413725271296379 15.996964187011264
7.368301145867304 5.122499453565398e-27 5.122496686567821e-23 5.122496484579357e-15 5.122479252743077e-11 5.120756508393961e-07 0.004952774718140051 7.032108122663557 17.53932029188744
7.540104716695753 5.618882291409483e-27 5.618879392970095e-23 5.618879172788985e-15 5.618860271144917e-11 5.616970588570723e-07 0.005432710943784839 7.713536942423131 19.238924182698934
7.715914158940838 6.160378792078472e-27 6.160375757698848e-23 6.160375517746877e-15 6.160354794534831e-11 6.15828300158318e-07 0.005956266092206515 8.456897305331186 21.09299628595886
7.8958228758172275 6.755774764927392e-27 6.755771586811343e-23 6.755771325178488e-15 6.755748599083239e-11 6.753476568851621e-07 0.006531934872304647 9.274250271066744 23.131619015799657
8.07992644838296 7.408457981455084e-27 7.408454653650967e-23 7.408454368330717e-15 7.408429446640734e-11 7.405937912886222e-07 0.007162992811498053 10.170246538334831 25.366392036610097
8.2683226863193 8.125187313767911e-27 8.125183828197122e-23 8.125183516931866e-15 8.125156184199102e-11 8.122423607606533e-07 0.00785597484040391 11.154164610861018 27.820457576273178
8.461111679894604 8.90914864950187e-27 8.909144999872094e-23 8.909144660314e-15 8.909114690373223e-11 8.906118460182507e-07 0.008613961291470715 12.230378043281696 30.5047240528967
8.658395853139817 9.765986673398578e-27 9.765982853100035e-23 9.765982482706282e-15 9.765949630403833e-11 9.76266523749381e-07 0.00944240982570931 13.40663579744333 33.438518746633974
8.860280018263818 1.0714966654549666e-26 1.0714962651638844e-22 1.0714962247158205e-14 1.071492620253297e-10 1.071132265869107e-06 0.010359947397390367 14.709385019416892 36.68780551322409
9.066871431337571 1.1743922901241689e-26 1.1743918711816931e-22 1.174391827049271e-14 1.1743878764508367e-10 1.1739929172957106e-06 0.01135481140438232 16.121924790081252 40.21092930918296
9.278279849276613 1.2880634288679789e-26 1.2880629900918078e-22 1.2880629418969796e-14 1.2880586089143236e-10 1.2876254210807891e-06 0.012453860326124954 17.682389638499266 44.10300438869245
9.494617588152204 1.412495138603208e-26 1.4124946791265422e-22 1.4124946264949523e-14 1.4124898749300318e-10 1.4120148395360087e-06 0.013656949685908588 19.3905744320127 48.36351911465422
9.715999582862075 1.5492857460812325e-26 1.5492852647742695e-22 1.5492852072746017e-14 1.5492799955526778e-10 1.5487589561836883e-06 0.014979533180509128 21.268420824100144 53.04719984812275
9.942543448192506 1.698546033370914e-26 1.6985455294663868e-22 1.6985454666672198e-14 1.698539752840891e-10 1.6979685158252673e-06 0.016422681929109555 23.317449624072673 58.157839756259996
10.17436954130415 1.8622416411759288e-26 1.862241113597452e-22 1.8622410449974615e-14 1.8622347805070023e-10 1.8616084911095206e-06 0.018005401066675236 25.564644931060172 63.76274195061804
10.411601025674827 2.0424899907629624e-26 2.0424894382028277e-22 2.0424893632264107e-14 2.042482492389194e-10 2.0417955837657917e-06 0.019748163245623358 28.03907447245757 69.9344064798373
10.654363936533231 2.239493590196489e-26 2.2394930116283556e-22 2.239492929695872e-14 2.2394853961480404e-10 2.238732233349179e-06 0.021652926453038006 30.74351826101768 76.67976718697535
10.902787247818345 2.4559370897774987e-26 2.455936483869904e-22 2.4559363943074143e-14 2.455928132654079e-10 2.455102177856883e-06 0.023745647692890996 33.714830882070444 84.09074592036724
11.157002940700098 2.693370241473275e-26 2.6933696069102104e-22 2.6933695089912797e-14 2.6933604486242573e-10 2.692454642809529e-06 0.026041311010954842 36.97428716356272 92.22040586035736
11.417146073697703 2.952641877568456e-26 2.9526412133172797e-22 2.952641106289494e-14 2.952631173745174e-10 2.95163817242324e-06 0.02854812349212804 40.53353978740759 101.09781085476614
11.683354854432924 3.237882114520234e-26 3.2378814187976917e-22 3.2378813017607346e-14 3.237870409681988e-10 3.2367814793659863e-06 0.031306017876205704 44.44928653613186 110.86437519220108
11.955770713056356 3.5506934316210574e-26 3.55069270314319e-22 3.5506925751473357e-14 3.5506806307863734e-10 3.54948649906024e-06 0.03433048801697196 48.74352607942019 121.57496744220971
12.234538377385784 3.894012128379354e-26 3.8940113655343867e-22 3.894011225526844e-14 3.8939981262583057e-10 3.892688533200641e-06 0.03764992403217495 53.45656761544567 133.3301258680174
12.519805949796487 4.2695947767883097e-26 4.269593977974931e-22 4.269593824843323e-14 4.2695794621328204e-10 4.2681435570703505e-06 0.04128130964282133 58.612525175077984 146.18999512377002
12.811724985904382 4.682384367347735e-26 4.682383530775214e-22 4.6823833632373116e-14 4.682367611922484e-10 4.68079288180727e-06 0.045272437007819924 64.27925559574432 160.3238221528975
13.110450575083778 5.133497560903493e-26 5.133496685025148e-22 5.133496501763254e-14 5.133479232925328e-10 5.1317527891657e-06 0.049634102758570706 70.47208828039267 175.7698411951895
13.416141422862523 5.631545587821481e-26 5.631544670252131e-22 5.6315444696474943e-14 5.631525525399951e-10 5.6296315833658295e-06 0.05444956606085893 77.30923725839554 192.82289892933602
13.72895993523834 6.175670622754632e-26 6.175669661844762e-22 6.175669442315208e-14 6.175648667657203e-10 6.173571731213096e-06 0.059710532888754886 84.7789264061797 211.45362362220348
14.04907230496112 6.771440948068266e-26 6.771439941798358e-22 6.771439701568794e-14 6.771416922768054e-10 6.769139623112258e-06 0.06547084114223066 92.95759649790656 231.85267207229253
14.37664859982702 7.426306374897098e-26 7.426305321190109e-22 7.426305058231745e-14 7.426280076495172e-10 7.423782539383673e-06 0.07180252061147266 101.94751773593127 254.2751242363005
14.711862853031292 8.143089005839695e-26 8.143087902426314e-22 8.14308761461253e-14 8.143060221653624e-10 8.140321623742528e-06 0.0787328572829282 111.78743163745374 278.8176083040836
15.054893155627816 8.929399248839625e-26 8.929398093456083e-22 8.92939777840175e-14 8.929367740332954e-10 8.92636469882578e-06 0.0863354337054935 122.58181306136177 305.74070303531363
15.405921751144481 9.790465957254331e-26 9.790464747489473e-22 9.790464402630314e-14 9.790431467974457e-10 9.787138841561654e-06 0.09466080595309533 134.40244314011963 335.2234432586999
15.765135132404664 1.0738398649331947e-25 1.0738397382212311e-21 1.0738397004566935e-13 1.0738360881111042e-09 1.0734749455937064e-05 0.10382605699720647 147.41556002538536 367.6804563001878
16.132724140606275 1.1777461017684344e-25 1.1777459690617588e-21 1.17774592770636e-13 1.1777419658251785e-09 1.177345878654063e-05 0.1138724110928887 161.67969523441243 403.25773010683025
16.50888406671095 1.2908974562000229e-25 1.2908973172979271e-21 1.2908972720355273e-13 1.2908929295186217e-09 1.2904587884728717e-05 0.124812645394745 177.21299018040528 442.0005125689025
16.89381475519735 1.4161710135952382e-25 1.416170868078217e-21 1.4161708184927162e-13 1.4161660545615759e-09 1.4156897828291793e-05 0.13692493586898943 194.41040800682762 484.893911559586
17.287720710233557 1.553130610552011e-25 1.5531304581469613e-21 1.5531304038385578e-13 1.553125179181907e-09 1.5526028466366973e-05 0.15016711131508664 213.21207269292225 531.7885857025054
17.690811204325115 1.7016764004769205e-25 1.7016762410084402e-21 1.7016761815817086e-13 1.701670457224148e-09 1.7010981673192894e-05 0.16452951790156012 233.6042774196628 582.6503477688956
18.103300389496336 1.8673240354300615e-25 1.867323868331482e-21 1.867323803199648e-13 1.867317521611394e-09 1.8666895228339278e-05 0.18054544597373207 256.3442048942179 639.3677452311302
18.52540741106398 2.0465077766627893e-25 2.0465076017945027e-21 2.0465075304962554e-13 2.0465006461424934e-09 2.0458123861711774e-05 0.1978701359394307 280.9423544091162 700.7198768257906
18.957356524063755 2.2453159885311857e-25 2.2453158052988908e-21 2.2453157271614646e-13 2.245308174026416e-09 2.244553052965319e-05 0.21709225181920008 308.23452998855976 768.7913854829948
19.399377212391464 2.4618762133588663e-25 2.4618760214880183e-21 2.461875935905498e-13 2.461867654272241e-09 2.4610397019506504e-05 0.2380307518269984 337.96368270813366 842.9411457624974
19.85170431072216 2.6992533713519834e-25 2.6992531705035864e-21 2.699253076765275e-13 2.699243996606644e-09 2.698336212092048e-05 0.26098197308121496 370.5505614966431 924.2185798426908
20.314578129271972 2.9588964754112324e-25 2.9588962651370805e-21 2.958896162481941e-13 2.958886208896361e-09 2.95789110393947e-05 0.28608601589606597 406.194085265942 1013.1198266404208
20.788244581469023 3.2464151137463968e-25 3.2464148934357972e-21 3.2464147809105673e-13 3.2464038601260794e-09 3.245312059919783e-05 0.3138852530187344 445.6643322081612 1111.5655972463003
21.272955314601134 3.5592979513314025e-25 3.5592977206861895e-21 3.5592975974260816e-13 3.559285624118734e-09 3.558088598441671e-05 0.34413687169810847 488.61654900489754 1218.6960159633552
21.76896784350983 3.9044231759416484e-25 3.904422934333684e-21 3.904422799236891e-13 3.904409664944832e-09 3.903096570375788e-05 0.3775059014137588 535.9949658041472 1336.8661596342718
22.27654568740161 4.281840884384967e-25 4.281840631327131e-21 4.281840483291557e-13 4.2818260793844314e-09 4.2803860556541035e-05 0.4139971858761903 587.8064598611713 1466.0931813489444
22.79595850984919 4.692779797378634e-25 4.692779532530799e-21 4.692779370414101e-13 4.692763584128172e-09 4.691185357736755e-05 0.4537295260929024 644.2197086501855 1606.7977925348255
23.327482262057103 5.146526793651712e-25 5.146526516303243e-21 5.146526338643798e-13 5.1465090259747215e-09 5.1447782001568756e-05 0.49760084000101557 706.5096048078332 1762.1598007121936
23.871399329467756 5.6445782882265015e-25 5.6445779976952194e-21 5.644577802980846e-13 5.644558814890421e-09 5.642660489622192e-05 0.5457558110845147 774.8815745771485 1932.6915752317577
24.427998681785848 6.188946459576648e-25 6.18894615540167e-21 6.188945942054058e-13 6.188925122735201e-09 6.186843721277805e-05 0.5983889903298404 849.6118476778108 2119.0820818265706
24.997576026500827 6.785527872833893e-25 6.785527554414685e-21 6.785527320653772e-13 6.785504494463636e-09 6.783222457007396e-05 0.6560704973477213 931.5098981872111 2323.350291886666
25.580433965988984 7.443934195424223e-25 7.443933861766723e-21 7.443933605481914e-13 7.443908564444472e-09 7.441405098684669e-05 0.7197296528313747 1021.8952053805524 2548.7872198877353
26.176882158278623 8.163501094447162e-25 8.163500745048094e-21 8.163500464156313e-13 8.163473002530301e-09 8.160727539583527e-05 0.7893022246502996 1120.6765704223658 2795.1653998185043
26.787237481563718 8.952465096520646e-25 8.952464730636583e-21 8.95246442277248e-13 8.952434307109382e-09 8.949423508070048e-05 0.8655845756391799 1228.984694763266 3065.30500090147
27.411824202553472 9.813972733266464e-25 9.813972350239069e-21 9.813972012931265e-13 9.813938999197762e-09 9.81063846695176e-05 0.9488809336722457 1347.2515308798463 3360.2833889429758
28.050974148747212 1.0756699998068183e-24 1.0756699597158934e-20 1.0756699227640447e-12 1.0756663042617606e-08 0.0001075304546223174 1.0400301522060702 1476.6681097681442 3683.071205712553
28.705026884726152 1.1799288900524599e-24 1.1799288480518878e-20 1.1799288075384555e-12 1.1799248383142613e-08 0.00011795280170198706 1.1408346662173372 1619.7935863183866 4040.0514357310994
29.374329892555654 1.293342371078093e-24 1.2933423271216179e-20 1.293342282735097e-12 1.293337931993387e-08 0.00012929029686672573 1.2504904550190663 1775.486386216077 4428.376790932265
30.05923875639388 1.4196305516842105e-24 1.419630505601061e-20 1.4196304569022983e-12 1.419625681333199e-08 0.00014191482460914592 1.3725943701898486 1948.853434496426 4860.784844791428
30.760117351404876 1.5564824794189312e-24 1.5564824311759906e-20 1.5564823778057369e-12 1.5564771418733107e-08 0.00015559536820273365 1.5049120274142573 2136.7222807679154 5329.362945432883
31.477338037076432 1.708194426578569e-24 1.708194376013183e-20 1.7081943174649126e-12 1.7081885711807645e-08 0.00017076140891647364 1.6515973519325529 2344.9908010869717 5848.821437946757
32.21128185504559 1.8691795306324143e-24 1.8691794777923372e-20 1.8691794137514677e-12 1.869173125921143e-08 0.0001868544503084178 1.8072485890365826 2565.989411165671 6400.0310238374905
32.962338731536356 2.050734851459778e-24 2.050734796100309e-20 2.050734725865476e-12 2.05072782729175e-08 0.00020500381456743766 1.982788496675308 2815.226592464612 7021.6725963498375
33.730907684518286 2.251966508072887e-24 2.2519664500055085e-20 2.2519663729062848e-12 2.2519587973989068e-08 0.00022512014396623134 2.177352810570738 3091.4752348899087 7710.685526068713
34.51739703569462 2.4684466977213976e-24 2.468446636951876e-20 2.4684465524702352e-12 2.4684382487338706e-08 0.00024676080866513583 2.386660433045635 3388.656898887312 8451.909110633313
35.322224627433556 2.7032034199761427e-24 2.703203356435968e-20 2.703203263950257e-12 2.7031941705035243e-08 0.0002702285057503362 2.613639037917834 3710.928389481587 9255.711156318583
36.14581804475762 2.9663014978587018e-24 2.9663014312530513e-20 2.9663013297973676e-12 2.966291351301305e-08 0.0002965293755916126 2.8680199736280945 4072.1065867670595 10156.553403641274
