results/limits/GDM_h.dat
# %ECSV 1.0
# ---
# datatype:
# - {name: mx, unit: MeV, datatype: float64}
# - {name: sigma, unit: cm2, datatype: float64}
# schema: astropy-2.0
mx sigma
[from data line 3712]
8.71742214940397 7.723967957661169e-19
8.749604000592484 7.752482854704157e-19
8.781904656575389 7.781102883684681e-19
8.814324555940818 7.809828669006272e-19
8.846864138896079 7.838660435881436e-19
8.879523847273582 7.867598688784972e-19
8.912304124536782 7.896643728850844e-19
8.94520541578633 7.925796046122491e-19
8.978228167765963 7.955055912868823e-19
9.01137282886871 7.9844239088385525e-19
9.044639849142916 8.013900173928407e-19
9.078029680298304 8.043485349279318e-19
9.111542775712229 8.073179727752242e-19
9.145179590435697 8.102983651210213e-19
9.178940581199665 8.132897672802791e-19
9.212826206421193 8.162922117560732e-19
9.246836926209609 8.193057427318039e-19
9.280973202372865 8.223303967744669e-19
9.31523549842376 8.253662109461128e-19
9.349624279586177 8.284132364053808e-19
9.384140012801518 8.314715155938504e-19
9.41878316673491 8.345410768622653e-19
9.453554211781693 8.376219696380801e-19
9.488453620073752 8.407142449183025e-19
9.523481865485868 8.438179302385685e-19
9.55863942364229 8.469330699573592e-19
9.593926771923039 8.5005971217545e-19
9.62934438947052 8.531978966737764e-19
9.664892757195979 8.563476627456973e-19
9.700572357785965 8.595090625811799e-19
9.73638367570903 8.626821290841769e-19
9.772327197222138 8.658669140196761e-19
9.808403410377421 8.690634506033046e-19
9.844612805028733 8.7227179459889e-19
9.880955872838252 8.754919732846613e-19
9.917433107283285 8.787240514300302e-19
9.95404500366282 8.819680486273618e-19
9.990792059104383 8.852240327834046e-19
10.027674772570732 8.88492025957102e-19
10.06469364486657 8.917720877530783e-19
10.101849178645487 8.950642579174259e-19
10.139141878416625 8.983685799872569e-19
10.176572250551667 9.016850981855785e-19
10.214140803291652 9.050138576267562e-19
10.251848046753821 9.083549226729108e-19
10.289694492938676 9.117083149843584e-19
10.327680655736778 9.15074089672229e-19
10.365807050935862 9.184522749660646e-19
10.404074196227784 9.218429380186598e-19
10.442482611215482 9.252461140479272e-19
10.481032817420186 9.286618548363238e-19
10.519725338288321 9.320902101598615e-19
10.55856069919877 9.35531228766829e-19
10.597539427469941 9.38984932196713e-19
10.636662052366864 9.424514007958256e-19
10.675929105108526 9.459306733218598e-19
10.715341118874916 9.494227686055184e-19
10.75489862881441 9.52927767302137e-19
10.794602172050975 9.564456993882441e-19
10.834452287691402 9.599766217036578e-19
10.874449516832769 9.63520580401979e-19
10.914594402569621 9.670776175906172e-19
10.954887490001497 9.70647791114928e-19
10.995329326240258 9.742311312934064e-19
11.03592046041746 9.778277117097598e-19
11.076661443691963 9.814375767135857e-19
11.117552829257226 9.850607506031758e-19
11.158595172348994 9.886973068104912e-19
11.19978903025275 9.923473111670237e-19
11.241134962311232 9.960107570605723e-19
11.282633529932172 9.996877397304976e-19
11.324285296595743 1.0033782981415258e-18
11.366090827862374 1.0070824796919702e-18
11.408050691380355 1.0108003182599673e-18
11.450165456893476 1.0145318985251728e-18
11.492435696248904 1.0182772642873822e-18
11.534861983404879 1.02203644337759e-18
11.57744489443843 1.0258095048041592e-18
11.620185007553376 1.0295964922669378e-18
11.663082903087972 1.0333974463733346e-18
11.70613916352296 1.0372124482702366e-18
11.74935437348942 1.0410415400072667e-18
11.792729119776613 1.044884758125676e-18
11.836263991340138 1.0487421663463449e-18
11.879959579309723 1.0526138131222061e-18
11.923816476997425 1.0564997526764073e-18
11.967835279905616 1.0604000334584296e-18
12.01201658573499 1.0643147178032751e-18
12.056360994392856 1.0682438513416859e-18
12.100869108001085 1.0721874920675798e-18
12.145541530904456 1.076145690461655e-18
12.19037886967879 1.080118499406191e-18
12.235381733139114 1.0841059766134913e-18
12.280550732348093 1.0881081742677078e-18
12.325886480624142 1.0921251473942818e-18
12.371389593549917 1.0961569457871492e-18
12.4170606889806 1.1002036324577503e-18
12.46290038705222 1.1042652561411427e-18
12.508909310190242 1.1083418752636027e-18
12.555088083117822 1.1124335406228075e-18
12.601437332864458 1.116540312751165e-18
12.647957688774445 1.1206622455580356e-18
12.694649782515322 1.1247993961391786e-18
12.741514248086647 1.128951815591199e-18
12.788551721828389 1.1331195664416396e-18
12.835762842429752 1.1373027044995373e-18
12.883148250937772 1.1415012876580275e-18
12.93070859076594 1.145715363994654e-18
12.978444507703124 1.149945002708794e-18
13.026356649922123 1.1541902532464686e-18
13.074445667988659 1.1584511800330948e-18
13.122712214870129 1.162727829523317e-18
13.171156945944388 1.1670202715823704e-18
13.219780519008836 1.171328555191627e-18
13.268583594289142 1.1756527456396231e-18
13.317566834448389 1.1799929064041229e-18
13.36673090459599 1.1843490792809477e-18
13.416076472296648 1.1887213353528355e-18
13.4656042075796 1.1931097376469186e-18
13.515314782947502 1.1975143380164053e-18
13.565208873385751 1.2019351959693865e-18
13.615287156371567 1.206372377909998e-18
13.665550311883107 1.21082593513571e-18
13.715999022408901 1.215295937411476e-18
13.766633972956887 1.2197824417933285e-18
13.817455851063908 1.2242855059296468e-18
13.86846534680497 1.2288051969728975e-18
13.91966315280252 1.2333415691044422e-18
13.971049964236034 1.2378946857517688e-18
14.022626478851349 1.2424646181244279e-18
14.07439339697007 1.2470514208970102e-18
14.126351421499272 1.2516551594419177e-18
14.178501257940823 1.2562758858167308e-18
14.230843614401145 1.2609136702527977e-18
14.283379201600768 1.2655685812265081e-18
14.336108732883876 1.2702406712866037e-18
14.389032924228198 1.2749300056771373e-18
14.442152494254506 1.2796366628159553e-18
14.495468164236568 1.2843606896458605e-18
14.548980658110857 1.2891021572072942e-18
14.602690702486294 1.2938611261009854e-18
14.656599026654318 1.298637663263548e-18
14.710706362598554 1.3034318346067427e-18
14.765013445004957 1.3082437027638003e-18
14.819521011271704 1.3130733369801161e-18
14.874229801519107 1.3179207996598292e-18
14.929140558599887 1.3227861589865582e-18
14.984254028109003 1.3276694776931908e-18
15.039570958394005 1.3325708243652482e-18
15.09509210056509 1.3374902686013043e-18
15.150818208505212 1.342427869401427e-18
15.206750038880545 1.3473836970173952e-18
15.262888351150492 1.3523578203761391e-18
15.319233907578228 1.3573503040636329e-18
15.375787473240953 1.3623612211476252e-18
15.432549816040183 1.3673906405902087e-18
15.489521706712402 1.3724386186676359e-18
15.546703918839272 1.377505246230492e-18
15.604097228858357 1.3825905717871086e-18
15.661702416073577 1.3876946642456533e-18
15.719520262665684 1.3928175987039666e-18
15.777551553703118 1.3979594454737104e-18
15.8357970771524 1.403120286114726e-18
15.894257623889061 1.408300172088284e-18
15.952933987708287 1.4134991788523663e-18
16.01182696533559 1.4187173821322679e-18
16.070937356437874 1.4239548407318233e-18
16.130265963634002 1.4292116409158548e-18
16.189813592505956 1.4344878475531372e-18
16.249581051609645 1.4397835289234672e-18
16.309569152485818 1.4450987619498722e-18
16.369778709671284 1.4504336170187546e-18
16.430210540709723 1.455788164069494e-18
16.49086546616303 1.4611624812592075e-18
16.551744309622325 1.4665566408337503e-18
16.61284789771907 1.471970711280428e-18
16.674177060136504 1.4774047643617649e-18
16.73573262962065 1.4828588805637187e-18
16.797515441991855 1.488333133537776e-18
16.859526336156044 1.4938275948731681e-18
16.921766154116003 1.4993423380747604e-18
16.984235740983053 1.5048774411901487e-18
17.04693594498824 1.5104329779511574e-18
17.109867617494114 1.5160090232366004e-18
17.173031613006174 1.5216056537204093e-18
17.236428789184366 1.5272229459742101e-18
17.300060006854935 1.5328609757356018e-18
17.36392613002202 1.538519815524503e-18
17.428028025879264 1.5441995423006017e-18
17.492366564821854 1.549900252390311e-18
17.55694262045804 1.5556219972827637e-18
17.62175706962126 1.561364866672102e-18
17.68681079238193 1.5671289349816474e-18
17.75210467205928 1.5729142809100201e-18
17.81763959523362 1.5787209799043944e-18
17.883416451758066 1.5845491308176067e-18
17.949436134770902 1.5903987846520987e-18
18.015699540707573 1.5962700419692057e-18
18.082207569312757 1.6021629634921577e-18
18.148961123652853 1.6080776491213742e-18
18.21596111012792 1.6140141604963538e-18
18.283208438484273 1.6199725874525316e-18
18.3507040218267 1.6259530241675659e-18
18.41844877663077 1.6319555284810182e-18
18.486443622755512 1.6379801978368618e-18
18.554689483455633 1.644027100820346e-18
18.623187285394305 1.6500963317048653e-18
18.691937958655632 1.6561879584228699e-18
18.760942436757173 1.6623020887749931e-18
18.830201656662865 1.6684387753845148e-18
18.899716558795475 1.6745981314695475e-18
18.969488087049598 1.6807802152679652e-18
19.03951718880439 1.6869851290031867e-18
19.109804814936293 1.6932129445153773e-18
19.18035191983223 1.6994637511571462e-18
19.251159461402256 1.7057376337056685e-18
19.322228401092826 1.712034677394732e-18
19.393559703899736 1.7183549679152793e-18
19.46515433838112 1.72469858931212e-18
19.537013276670855 1.73106562349118e-18
19.60913749449147 1.7374561759440293e-18
19.68152797116765 1.7438703064554723e-18
19.75418568963943 1.750308130710405e-18
19.827111636475415 1.7567697122254694e-18
19.900306801886455 1.763255151483733e-18
19.97377217973877 1.7697645275496744e-18
20.047508767567727 1.7762979416229257e-18
20.121517566591276 1.7828554578818894e-18
20.1957995817234 1.7894371999246083e-18
20.27035582158806 1.7960432390828534e-18
20.345187298532558 1.802673656718024e-18
20.42029502864158 1.8093285484672108e-18
20.495680031750855 1.816008018504712e-18
20.571343331460884 1.822712146385516e-18
20.64728595515114 1.829441017551172e-18
20.723508933993667 1.8361947309693652e-18
20.800013302967383 1.842973378947155e-18
20.87680010087201 1.8497770502453213e-18
20.953870370342045 1.8566058377546702e-18
21.03122515786123 1.8634598359117614e-18
21.10886551377639 1.8703391282537943e-18
21.18679249231203 1.8772438296647407e-18
21.265007151584502 1.884174010623842e-18
21.343510553616234 1.8911297903523045e-18
21.422303764350435 1.8981112371679743e-18
21.501387853665417 1.905118457606238e-18
21.580763895389 1.9121515474816923e-18
21.660432967313408 1.9192106019188422e-18
21.740396151209524 1.9262957121676955e-18
21.820654532841925 1.933406981737139e-18
21.901209201983455 1.9405445036539718e-18
21.982061252429922 1.9477083719718114e-18
22.06321178201524 1.9548986911797904e-18
22.144661892625983 1.962115545977042e-18
22.22641269021667 1.969359054071028e-18
22.308465284824624 1.9766292988928523e-18
22.390820790584943 1.9839263752645314e-18
22.473480325745918 1.9912504041335146e-18
22.55644501268386 1.99860146460186e-18
22.63971597791866 2.005979656914523e-18
22.72329435212896 2.0133850901044453e-18
22.80718127016734 2.0208178656299383e-18
22.891377871076084 2.0282780789975227e-18
22.975885298102252 2.0357658349699254e-18
23.060704698713526 2.043281233560065e-18
23.14583722461368 2.0508243630046078e-18
23.23128403175804 2.0583953514990963e-18
23.31704628036954 2.065994288306955e-18
23.403125134954077 2.073621279829364e-18
23.489521764316667 2.0812764258704616e-18
23.576237341577166 2.0889598331248857e-18
23.663273044186063 2.09667160345833e-18
23.7506300539408 2.1044118410744578e-18
23.83830955700142 2.1121806549366014e-18
23.926312743907037 2.1199781456577414e-18
24.01464080959184 2.1278044258097173e-18
24.10329495340117 2.135659596290639e-18
24.192276379108165 2.143543764973696e-18
24.281586294929678 2.151457038652669e-18
24.37122591354307 2.1593995280679816e-18
24.4611964521025 2.1673713316858236e-18
24.5514991322553 2.1753725770025175e-18
24.64213518015894 2.183403350507316e-18
24.733105826497248 2.1914637751527643e-18
24.82441230649748 2.1995539553837836e-18
24.916055859946947 2.2076739989130392e-18
25.008037731209697 2.215824016611506e-18
25.100359169243763 2.2240041326165583e-18
25.193021427617715 2.232214441383716e-18
25.286025764528038 2.240455056124701e-18
25.37937344281606 2.248726095276293e-18
25.473065729984956 2.257027668712306e-18
25.567103898217308 2.2653598871794624e-18
25.66148922439197 2.2737228658066904e-18
25.756222990101772 2.2821167193609046e-18
25.851306481670754 2.2905415587429634e-18
25.94674099017149 2.2989975015568628e-18
26.042527811442984 2.3074846531574962e-18
26.138668246107827 2.3160031484786584e-18
26.235163599590244 2.324553084033506e-18
26.332015182133663 2.3331345840484957e-18
26.42922430881833 2.341747766690293e-18
26.5267922995795 2.3503927427968698e-18
26.624720479225193 2.3590696311119013e-18
26.723010177454025 2.3677785574641508e-18
26.821662728873626 2.3765196272791523e-18
26.92067947301836 2.3852929759377543e-18
27.020061754367852 2.3940987085240402e-18
27.119810922365126 2.402936942055966e-18
27.21992833143472 2.411807814929436e-18
27.320415341001492 2.4207114315396754e-18
27.42127331550863 2.429647910035776e-18
27.522503624436553 2.4386173895825226e-18
27.62410764232136 2.4476199772170964e-18
27.726086748773316 2.456655800768293e-18
27.82844232849597 2.4657249773464054e-18
27.931175771304527 2.4748276406587957e-18
28.03428847214509 2.4839639032883916e-18
28.137781831113443 2.4931338958032355e-18
28.241657253473907 2.502337740402401e-18
28.34591614967879 2.5115755633058556e-18
28.450559935387098 2.5208474860840264e-18
28.555590031484158 2.5301536403959016e-18
28.661007864100743 2.5394941479526636e-18
28.76681486463225 2.548869139935995e-18
28.873012469758546 2.5582787383507043e-18
28.979602121463028 2.5677230757785322e-18
29.086585267052584 2.577202278852333e-18
29.193963359177083 2.5867164745885584e-18
29.301737855848927 2.596265795781687e-18
29.409910220463253 2.605850370720231e-18
29.518481921817333 2.6154703232702895e-18
29.627454434130932 2.6251257921396347e-18
29.73682923706616 2.634816907719561e-18
29.846607815747355 2.6445437919179075e-18
29.956791660781697 2.654306595316648e-18
30.067382268278955 2.6641054365088578e-18
30.178381139872215 2.6739404490042462e-18
30.28978978273811 2.6838117658886574e-18
30.40160970961708 2.6937195338847882e-18
30.51384243883436 2.7036638727676194e-18
30.62648949432008 2.7136449189910635e-18
30.739552405630416 2.7236628210171087e-18
30.853032707968158 2.733717700385845e-18
30.966931942203374 2.7438097007934443e-18
31.08125165489476 2.7539389575958997e-18
31.195993398310158 2.7641055993071777e-18
31.311158730448046 2.7743097839980166e-18
31.426749215058535 2.784551634252157e-18
31.542766421664382 2.7948312979976425e-18
31.65921192558277 2.8051489029699963e-18
31.776087307946167 2.815504605603002e-18
31.89339415572427 2.8258985356625554e-18
32.01113406174533 2.8363308368047253e-18
32.12930862471761 2.8468016480368195e-18
32.24791944925153 2.8573111192141077e-18
32.36696814588096 2.867859378947362e-18
32.4864563310855 2.8784465819400346e-18
32.60638562731228 2.889072870583136e-18
32.72675766299776 2.899738394443984e-18
32.84757407259027 2.9104432864624584e-18
32.96883649657196 2.921187693440055e-18
33.090546581480915 2.9319717683981224e-18
33.21270597993396 2.9427956591291764e-18
33.33531635064856 2.9536595030723452e-18
33.45837935846585 2.9645634559524134e-18
33.58189667437296 2.9755076569977094e-18
33.7058699755256 2.9864922624501107e-18
33.83030094527123 2.9975174209468204e-18
33.955191273171415 3.0085832841401262e-18
34.080542655025226 3.0196899932075884e-18
34.20635679289205 3.0308377047959183e-18
34.33263539511454 3.0420265703000767e-18
34.45938017634224 3.0532567442961945e-18
34.58659285755435 3.064528378598966e-18
34.71427516608356 3.07584162111956e-18
34.84242883563931 3.0871966228126593e-18
34.971055606331106 3.0985935522231542e-18
35.10015722469265 3.1100325517219645e-18
35.229735443704996 3.1215137784028095e-18
35.35979202282083 3.1330373934171903e-18
35.49032872798816 3.1446035416280282e-18
35.62134733167407 3.1562123950388417e-18
35.75284961288932 3.1678641088389124e-18
35.884837357211886 3.1795588295637356e-18
36.017312356811715 3.191296725393187e-18
36.15027641047488 3.203077953582256e-18
36.28373132362775 3.214902672679526e-18
