results/limits/GDM_f_6.dat
# %ECSV 1.0
# ---
# datatype:
# - {name: mx, unit: MeV, datatype: float64}
# - {name: sigma_6, unit: cm2, datatype: float64}
# schema: astropy-2.0
mx sigma_6
3.162277660168379e-07 5.9016236595172945e-40
3.2360111549336787e-07 6.207911305137657e-40
3.311463862505236e-07 6.533616375303649e-40
3.388675869043115e-07 6.880064832855825e-40
3.4676881953794695e-07 7.248674481866138e-40
3.548542818811901e-07 7.640961352293103e-40
3.6312826954049566e-07 8.058546524987082e-40
3.715951782811629e-07 8.503163431781887e-40
3.8025950636269697e-07 8.976665670577239e-40
3.89125856928623e-07 9.481035382222396e-40
3.9819894045202297e-07 1.0018392242489246e-39
4.0748357723809307e-07 1.0591003128417374e-39
4.169846999850535e-07 1.1201292522752509e-39
4.2670735640476865e-07 1.1851853722908939e-39
4.3665671190447213e-07 1.2545460921521173e-39
4.4683805233101997e-07 1.3285082215526061e-39
4.572567867791303e-07 1.4073893603234082e-39
4.6791845046510194e-07 1.491529400961726e-39
4.788287076675383e-07 1.581292137800507e-39
4.899933547366384e-07 1.677066986145672e-39
5.014183231736547e-07 1.7792708147032994e-39
5.131096827821533e-07 1.888349896360095e-39
5.250736448927506e-07 2.004781984940222e-39
5.373165656630395e-07 2.1290785292150845e-39
5.4984494945446e-07 2.2617870396655427e-39
5.626654522879044e-07 2.4034936281114212e-39
5.757848853798981e-07 2.554825741198466e-39
5.892102187612295e-07 2.716455111456989e-39
6.029485849799565e-07 2.8891009432648425e-39
6.17007282890752e-07 3.0735333474103897e-39
6.313937815326057e-07 3.270577029709149e-39
6.461157240969403e-07 3.481115233131404e-39
6.611809319882495e-07 3.7060939326682155e-39
6.765974089794179e-07 3.946526287887566e-39
6.923733454639272e-07 4.203497372870573e-39
7.085171228072106e-07 4.478169221792844e-39
7.250373177994646e-07 4.771786246159e-39
7.419427072122865e-07 5.085681086201616e-39
7.592422724615558e-07 5.421280950638128e-39
7.769452043790388e-07 5.780114471892386e-39
7.950609080952509e-07 6.163819072867973e-39
8.135990080361694e-07 6.574148817690458e-39
8.325693530364543e-07 7.012982726650869e-39
8.519820215718901e-07 7.482333577645366e-39
8.718473271138315e-07 7.98435728355901e-39
8.921758236084957e-07 8.521362988420657e-39
9.12978311084014e-07 9.095824028841359e-39
9.342658413882192e-07 9.710389839185283e-39
9.560497240602198e-07 1.036789877211096e-38
9.78341532338879e-07 1.1071391731214724e-38
1.0011531093113902e-06 1.182412654895606e-38
1.0244965742052174e-06 1.2629593198090098e-38
1.048384328826741e-06 1.3491530107427428e-38
1.0728290641500308e-06 1.4413941917365348e-38
1.0978437670592484e-06 1.5401118818972191e-38
1.1234417272482566e-06 1.6457657360448178e-38
1.149636544281106e-06 1.7588482433155373e-38
1.1764421348171486e-06 1.8798870382881443e-38
1.2038727400046132e-06 2.0094473636228586e-38
1.2319429330465773e-06 2.1481347495713435e-38
1.2606676269433496e-06 2.296597947003593e-38
1.2900620824153782e-06 2.455532073635566e-38
1.3201419160108953e-06 2.6256819227500943e-38
1.3509231084026028e-06 2.8078454415701033e-38
1.38242201287781e-06 3.002877483684433e-38
1.4146553640265304e-06 3.211693930970271e-38
1.447640286632156e-06 3.4352761494056894e-38
1.4813943047694329e-06 3.674675668604502e-38
1.5159353511145682e-06 3.931019091328404e-38
1.5512817764724183e-06 4.2055134166360685e-38
1.587452359525819e-06 4.499451900739927e-38
1.6244663168122348e-06 4.814220313778791e-38
1.6623433129330315e-06 5.151303462665221e-38
1.7011034710007933e-06 5.512292151619143e-38
1.740767383330235e-06 5.898890862772849e-38
1.7813561223783898e-06 6.312926035293313e-38
1.8228912519398869e-06 6.756354678265265e-38
1.8653948386032614e-06 7.231273557535474e-38
1.908889463474389e-06 7.73992935101529e-38
1.9533982341732686e-06 8.284729510366051e-38
1.9989447971105317e-06 8.868253542918468e-38
2.045553350050195e-06 9.493265268852894e-38
2.0932486549653353e-06 1.016272628202475e-37
2.1420560511935146e-06 1.0879810002649864e-37
2.192001468898943e-06 1.1647916603869934e-37
2.2431114428485372e-06 1.247068952328314e-37
2.2954131265091837e-06 1.3352032881750474e-37
2.3489343064737076e-06 1.4296129823048317e-37
2.403703417223201e-06 1.5307462788909764e-37
2.4597495562335635e-06 1.6390834937946079e-37
2.5171024994342686e-06 1.7551392775909117e-37
2.575792717027583e-06 1.8794651131328266e-37
2.635851389676631e-06 2.0126519311967302e-37
2.6973104250709106e-06 2.1553329212877964e-37
2.760202474878063e-06 2.308186594471865e-37
2.8245609520908932e-06 2.471939980862197e-37
2.8904200487788716e-06 2.6473721378019066e-37
2.9578147542535346e-06 2.8353178595094465e-37
3.026780873657441e-06 3.036671656445277e-37
3.097355046986562e-06 3.252392058794137e-37
3.1695747685562034e-06 3.483506156294274e-37
3.2434784069208122e-06 3.731114553852976e-37
3.319105225258239e-06 3.996396583083405e-37
3.3964954022292982e-06 4.280615986430173e-37
3.4756900533236943e-06 4.585126911170687e-37
3.5567312527036693e-06 4.911380426405461e-37
3.6396620555569646e-06 5.26093141484898e-37
3.7245265209709786e-06 5.6354460479519415e-37
3.811369735340273e-06 6.036709708469717e-37
3.900237836319859e-06 6.466635561953241e-37
3.991178037336996e-06 6.927273672550125e-37
4.0842386526745176e-06 7.420820818226926e-37
4.179469123139017e-06 7.949630993059733e-37
4.2769200423275275e-06 8.516226642231467e-37
4.376643183506652e-06 9.123310745869867e-37
4.478691527118417e-06 9.773779719061865e-37
4.583119288927478e-06 1.0470737262173165e-36
4.689981948824612e-06 1.1217509209954557e-36
4.799336280301815e-06 1.2017659414796885e-36
4.911240380614659e-06 1.287500678697044e-36
5.0257537016479225e-06 1.3793643559102202e-36
5.142937081500915e-06 1.4777954842606604e-36
5.262852776809252e-06 1.583263958685397e-36
5.385564495820272e-06 1.6962733046960573e-36
5.511137432239651e-06 1.8173630855938538e-36
5.639638299867211e-06 1.947111481639785e-36
5.771135368040315e-06 2.0861380538312665e-36
5.905698497903673e-06 2.2351067057042728e-36
6.043399179524854e-06 2.394728857129519e-36
6.184310569875183e-06 2.5657668451349487e-36
6.32850753169624e-06 2.7490375681047017e-36
6.47606667327258e-06 2.94541639070888e-36
6.627066389131828e-06 3.1558413283638743e-36
6.781586901693754e-06 3.381317531036945e-36
6.939710303890459e-06 3.622922087962363e-36
7.101520602780329e-06 3.881809176168196e-36
7.267103764178904e-06 4.1592155773308156e-36
7.436547758330399e-06 4.456466589447897e-36
7.609942606644117e-06 4.7749823614539484e-36
7.787380429520604e-06 5.1162846810596396e-36
7.968955495292936e-06 5.482004248343889e-36
8.15476427030917e-06 5.8738884694828715e-36
8.344905470182516e-06 6.293809808159354e-36
8.539480112236516e-06 6.743774734514146e-36
8.738591569173047e-06 7.225933314480692e-36
8.942345623991688e-06 7.74258948476681e-36
9.150850526189614e-06 8.296212062324276e-36
9.364217049271877e-06 8.889446542590458e-36
9.58255854960264e-06 9.525127740871063e-36
9.805991026628606e-06 1.0206293337051536e-35
1.0034633184506672e-05 1.0936198391239603e-35
1.0268606495168497e-05 1.1718330894631536e-35
1.0508035262855554e-05 1.2556428435408488e-35
1.07530466901589e-05 1.345449605359815e-35
1.1003770945598772e-05 1.4416825375250533e-35
1.1260341232779899e-05 1.5448015112293488e-35
1.1522893861159297e-05 1.655299302997707e-35
1.1791568318464117e-05 1.773703948405885e-35
1.206650734479802e-05 1.9005812639996718e-35
1.2347857008475478e-05 2.0365375495832265e-35
1.263576678362426e-05 2.182222483626303e-35
1.293038962959737e-05 2.3383322255858746e-35
1.3231882072236462e-05 2.505612739964064e-35
1.3540404287030327e-05 2.684863357871801e-35
1.3856120184212054e-05 2.876940593120552e-35
1.4179197495840522e-05 3.0827622309373205e-35
1.4509807864912299e-05 3.3033117087538666e-35
1.484812693655133e-05 3.5396428099823793e-35
1.5194334451324849e-05 3.792884692992019e-35
1.5548614340735104e-05 4.0642472792713494e-35
1.5911154824937624e-05 4.355027026369536e-35
1.6282148512737936e-05 4.6666131129210646e-35
1.6661792503919872e-05 5.000494065421553e-35
1.7050288493959805e-05 5.358264857811314e-35
1.7447842881182494e-05 5.741634517955648e-35
1.785466687641539e-05 6.152434276793924e-35
1.8270976615199758e-05 6.592626299045219e-35
1.869699327261814e-05 7.064313036628564e-35
1.91329431807992e-05 7.569747249363466e-35
1.957905794916243e-05 8.111342740192777e-35
2.003557458746648e-05 8.69168585588135e-35
2.0502735631726606e-05 9.313547807552467e-35
2.0980789273068064e-05 9.979897869344048e-35
2.1469989489583918e-05 1.0693917517608142e-34
2.1970596181267336e-05 1.1459015577319013e-34
2.2482875308090033e-05 1.2278844447423067e-34
2.3007099031300245e-05 1.3157317481443361e-34
2.354354585801526e-05 1.4098627605445607e-34
2.4092500789185385e-05 1.510726726109717e-34
2.4654255471007912e-05 1.6188049767662943e-34
2.5229108349871537e-05 1.7346132203396496e-34
2.5817364830913554e-05 1.8587039914159095e-34
2.641933744027406e-05 1.9916692764018216e-34
2.7035345991133382e-05 2.13414332515038e-34
2.7665717753620915e-05 2.286805662277039e-34
2.8310787628685666e-05 2.4503843123527626e-34
2.8970898326020842e-05 2.6256592539884065e-34
2.964640054613707e-05 2.813466119015104e-34
3.033765316668089e-05 3.014700154032338e-34
3.104502343309761e-05 3.2303204627573824e-34
3.176888715373972e-05 3.461354549041529e-34
3.25096288995246e-05 3.7089031815708655e-34
3.326764220824756e-05 3.974145602961736e-34
3.4043329793658724e-05 4.258345107398662e-34
3.483710375941493e-05 4.562855012641108e-34
3.5649385818020195e-05 4.88912505407192e-34
3.648060751487119e-05 5.2387082302987175e-34
3.73312104575266e-05 5.613268131903899e-34
3.820164655032238e-05 6.014586787142658e-34
3.90923782344573e-05 6.444573060474478e-34
4.0003878733676586e-05 6.905271642715165e-34
4.093663230568398e-05 7.398872673739376e-34
4.1891134499415887e-05 7.927722041845114e-34
4.2867892418314344e-05 8.494332406641668e-34
4.386742498973848e-05 9.101394995660042e-34
4.489026324065786e-05 9.751792228156239e-34
4.5936950579773975e-05 1.044861122323418e-33
4.700804308621986e-05 1.1195158253380895e-33
4.8104109804991236e-05 1.1994974208186536e-33
4.922573304926602e-05 1.2851851137990795e-33
5.0373508709772956e-05 1.3769849951164645e-33
5.154804657137365e-05 1.475331934400141e-33
5.27499706370262e-05 1.5806916047704345e-33
5.397991945930254e-05 1.6935626481262755e-33
5.5238546479635675e-05 1.81447899067808e-33
5.6526520375476976e-05 1.9440123188092793e-33
5.784452541554797e-05 2.082774726158116e-33
5.9193261823375433e-05 2.2314215434047233e-33
6.057344614930286e-05 2.3906543630767873e-33
6.198581165117595e-05 2.5612242723916254e-33
6.34311086839044e-05 2.7439353080013104e-33
6.491010509810695e-05 2.939648147450612e-33
6.642358664805138e-05 3.149284052944636e-33
6.797235740910648e-05 3.373829084111196e-33
6.955724020492732e-05 3.6143385974227525e-33
7.117907704460117e-05 3.871942050997793e-33
7.283872956998614e-05 4.147848134673251e-33
7.453707951348025e-05 4.4433502464099905e-33
7.627502916646401e-05 4.75983233734495e-33
7.805350185866558e-05 5.09877514907828e-33
7.987344244870308e-05 5.461762868235076e-33
8.173581782606456e-05 5.850490224636961e-33
8.364161742479263e-05 6.266770061066631e-33
8.559185374914618e-05 6.712541404007331e-33
8.758756291151902e-05 7.189878066404917e-33
8.96298051829007e-05 7.700997815268866e-33
9.17196655561724e-05 8.248272138385408e-33
9.385825432253677e-05 8.834236646551052e-33
9.604670766138824e-05 9.4616021492352e-33
9.828618824393714e-05 1.0133266443668875e-32
0.00010057788585090809 1.0852326859110494e-32
0.00010292301800464121 1.1622093600087275e-32
0.00010532283061593165 1.2446103934436042e-32
0.00010777859864595113 1.3328137273657664e-32
0.00011029162678360347 1.4272231195440508e-32
0.00011286325013867351 1.528269845992286e-32
0.00011549483495113791 1.6364145073268765e-32
0.00011818777931701482 1.7521489453941293e-32
0.0001209435139311377 1.875998275914581e-32
0.00012376350284724815 2.0085230429992926e-32
0.00012664924425581149 2.150321501627928e-32
0.00012960227127996844 2.3020320342580738e-32
0.00013262415279004548 2.4643357078680306e-32
0.00013571649423705693 2.6379589778639667e-32
0.0001388809385056415 2.823676545280419e-32
0.00014211916678688624 3.02231437381731e-32
0.00014543289947150178 3.234752873137471e-32
0.0001488238970638237 3.461930254895598e-32
0.00015229396111712465 3.7048460677798806e-32
0.00015584493519073535 3.9645649176716215e-32
0.00015947870582948208 4.2422203788029017e-32
0.00016319720356596128 4.539019101409026e-32
0.00016700240394618395 4.8562451209625865e-32
0.00017089632857913436 5.19526437352466e-32
0.000174881046210801 5.557529421005954e-32
0.00017895867382325032 5.944584389499196e-32
0.0001831313777593269 6.358070122619331e-32
0.00018740137487357792 6.799729550921942e-32
0.00019177093371001327 7.271413276902198e-32
0.000196242375707327 7.775085373789145e-32
0.00020081807643222024 8.312829394343186e-32
0.00020550046684148122 8.886854584025438e-32
0.0002102920345734925 9.499502290370505e-32
0.0002151953252698519 1.015325255837464e-31
0.00022021294392780895 1.0850730897803352e-31
0.00022534755628423554 1.1594715206006372e-31
0.0002306018902318662 1.238814282569461e-31
0.00023597873726856003 1.32341177130337e-31
0.0002414809539803547 1.4135917686955237e-31
0.0002471114635590999 1.5097001725907595e-31
0.00025287325735547713 1.6121017272292248e-31
0.00025876939646823026 1.721180749934788e-31
0.00026480301337045197 1.8373418488230265e-31
0.000270977313573789 1.9610106256904293e-31
0.00027729557733145163 2.0926343571664866e-31
0.00028376116138093086 2.2326826481341535e-31
0.0002903775007273506 2.3816480447420555e-31
0.00029714811046840066 2.5400466049851635e-31
0.00030407658766182135 2.708418409206732e-31
0.00031116661323643183 2.8873280047285004e-31
0.0003184219539477161 3.0773647675295147e-31
0.00032584646437900766 3.279143173234247e-31
0.00033344408898933415 3.4933029575644613e-31
0.0003412188642090111 3.720509153218886e-31
0.0003491749205840977 3.961451985061947e-31
0.0003573164849708539 4.216846613617845e-31
0.0003656478827813646 4.487432681676412e-31
0.0003741735402815245 4.773973688417471e-31
0.0003828979869426037 5.077256126094365e-31
0.000391825857847644 5.398088380550299e-31
0.000400961896153964 5.737299371131163e-31
0.0004103109556130814 6.095736900857851e-31
0.0004198780031493915 6.47426569719265e-31
0.00042966812149897106 6.873765119216978e-31
0.000439686511909911 7.2951265091739335e-31
0.0004499384969056106 7.739250162773113e-31
0.00046042952311250296 8.20704190129528e-31
0.0004711651641537129 8.699409220485838e-31
0.00048215112361018567 9.217257002131e-31
0.0004933932380508582 9.761482774582097e-31
0.0005048974801334842 1.0332971502121973e-30
0.0005166699617777604 1.0932589901282676e-30
0.0005287169374124361 1.1561180298631455e-30
0.0005410448072981404 1.2219553972521453e-30
0.0005536601209276797 1.290848406318538e-30
0.0005665695805056229 1.3628698024565405e-30
0.0005797800445090163 1.4380869634680483e-30
0.0005932985313311235 1.5165610611514177e-30
0.000607132223010125 1.598346187691034e-30
0.0006212884690447563 1.6834884496847476e-30
0.0006357747902989163 1.772025037941438e-30
0.0006505988829973161 1.8639832805009168e-30
0.0006657686228142928 1.9593796816206766e-30
0.0006812920690579615 2.0582189640660634e-30
0.0006971774689519261 2.1604931189198637e-30
0.0007134332620168255 2.2661804746796616e-30
0.0007300680845540431 2.3752448001154627e-30
0.0007470907742339592 2.487634451216705e-30
0.0007645103747911887 2.6032815775254402e-30
0.0007823361408292924 2.722101400628297e-30
0.00080057754273752 2.8439915787936293e-30
0.0008192442717221943 2.9688316747080898e-30
0.0008383462449554094 3.0964827371051944e-30
0.0008578936108437789 3.226787012137362e-30
0.0008778967544200344 3.3595677975119535e-30
0.000898366302860337 3.4946294502397646e-30
0.0009193131311302326 3.631757559921921e-30
0.0009407483677622533 3.770719293914446e-30
0.000962683400768232 3.9112639270787215e-30
0.000985129883689471 4.05312355283504e-30
0.0010080997417879817 4.1960139837428544e-30
0.0010316051783820807 4.33963583941685e-30
0.0010556586813297128 4.4836758169403596e-30
0.0010802730296629402 4.627808139083746e-30
0.001105461300377127 4.7716961692856645e-30
0.0011312368753784248 4.914994182821343e-30
0.0011576134485932472 5.057349276666384e-30
0.0011846050332435167 5.198403402700743e-30
