results/limits/GDM_h.dat
# %ECSV 1.0
# ---
# datatype:
# - {name: mx, unit: MeV, datatype: float64}
# - {name: sigma, unit: cm2, datatype: float64}
# schema: astropy-2.0
mx sigma
[from data line 2171]
0.029805393436772933 1.5248739386389402e-21
0.029915425131895435 1.5352673590811045e-21
0.030025863027793583 1.5457137284375007e-21
0.030136708624026814 1.5562108263935198e-21
0.030247963425690475 1.566752400257391e-21
0.030359628943436225 1.5773471072780678e-21
0.030471706693492532 1.5879938390662511e-21
0.030584198197685358 1.5986905909098622e-21
0.030697104983458665 1.6094374447797565e-21
0.030810428583895256 1.6202379947444928e-21
0.030924170537737546 1.631088833612791e-21
0.031038332389408577 1.6419855587765852e-21
0.03115291568903279 1.6529361578888405e-21
0.031267921992457204 1.6639408719424771e-21
0.03138335286127252 1.6749999476429909e-21
0.0314992098628343 1.6861136375784943e-21
0.03161549457028432 1.6972675660591957e-21
0.03173220856257183 1.7084703523403143e-21
0.031849353424475035 1.719727559523643e-21
0.03196693074662264 1.731039430406414e-21
0.032084942125515395 1.7424062137074586e-21
0.03220338916354788 1.753828164242282e-21
0.032322273469030126 1.765305543099829e-21
0.03244159665620952 1.7768386178209816e-21
0.03256136034529272 1.7884064371511013e-21
0.03268156616246764 1.8000223320009487e-21
0.032802215739925616 1.8116933892281227e-21
0.032923310715883426 1.8234198555612627e-21
0.03304485273460562 1.835201983957772e-21
0.03316684344642683 1.847040033785631e-21
0.033289284507774144 1.8589342710069825e-21
0.033412177581189764 1.8708849683634162e-21
0.03353552433535331 1.8828924055628255e-21
0.03365932644510467 1.894956129667309e-21
0.03378358559146665 1.907041891480344e-21
0.03390830346166796 1.919183593411351e-21
0.034033481749165866 1.9313814858089007e-21
0.034159122153669376 1.9436358255589865e-21
0.03428522638116226 1.9559468762740065e-21
0.0344117961439262 1.9683149084836107e-21
0.03453883316056412 1.9807401998272874e-21
0.0346663391560234 1.993223035248598e-21
0.03479431586161937 2.0057637071909825e-21
0.0349227650150588 2.018362515795027e-21
0.0350516883604635 2.0310131191558142e-21
0.035181087648394054 2.043685928133473e-21
0.03531096463587348 2.0564158311364177e-21
0.03544132108641117 2.069203091955311e-21
0.03557215877002679 2.082047981498223e-21
0.03570347946327434 2.0949507779896133e-21
0.035835284949266334 2.107911767171132e-21
0.035967577017697885 2.120931242504089e-21
0.03610035746487107 2.1340095053735372e-21
0.036233628093719356 2.1471468652938786e-21
0.03636739071383197 2.160343640115818e-21
0.0365016471414787 2.1736001562346644e-21
0.03663639919963426 2.1868827521351286e-21
0.036771648718003244 2.2002094585404404e-21
0.0369073975330449 2.2135946619741592e-21
0.037043647487998044 2.22703864738707e-21
0.037180400432906234 2.2405417076027523e-21
0.03731765822464267 2.254104143527877e-21
0.03745542272693556 2.26772626436424e-21
0.03759369581039333 2.2814083878223268e-21
0.0377324793525302 2.295150840336405e-21
0.03787177523779144 2.3089539572808936e-21
0.038011585357579106 2.322818083188044e-21
0.03815191161027769 2.3367341749754174e-21
0.038292755901279854 2.3506682468850584e-21
0.03843412014301245 2.364662028997049e-21
0.03857600625496228 2.3787158234489533e-21
0.03871841616370229 2.3928299408481013e-21
0.0388613518029177 2.4070047004915434e-21
0.039004815113432206 2.4212404305876216e-21
0.039148808043234534 2.4355374684791272e-21
0.03929333254750459 2.449896160867813e-21
0.03943839058864023 2.464316864040252e-21
0.03958398413628382 2.478799944094864e-21
0.03973011516734895 2.4933388821639818e-21
0.03987678566604746 2.5078935315111645e-21
0.040023997623916126 2.5225093010958014e-21
0.04017175303984384 2.537186517154265e-21
0.04032005392009877 2.5519255151181718e-21
0.040468902278355486 2.5667266398444166e-21
0.040618300135722527 2.5815902458467664e-21
0.04076824952076957 2.596516697528817e-21
0.04091875246955515 2.611506369418287e-21
0.04106981102565425 2.626559646402441e-21
0.041221427240186015 2.641676923964555e-21
0.041373603171841786 2.656806203565356e-21
0.04152634088691278 2.6719979386950787e-21
0.04167964245931833 2.687252536853869e-21
0.041833509970633925 2.7025703592534907e-21
0.041987945510119716 2.7179517772384605e-21
0.042142951174748554 2.7333971725266358e-21
0.04229852906923468 2.7489069374511476e-21
0.04245468130606224 2.764481475203432e-21
0.04261141000551394 2.7801166278785645e-21
0.0427687172957 2.7957735122288126e-21
0.04292660531258677 2.8114943315552276e-21
0.04308507620002597 2.8272794647406286e-21
0.04324413210978367 2.8431293012749146e-21
0.04340377520156955 2.8590442415026406e-21
0.043564007643066324 2.8750246968718812e-21
0.043724831609958964 2.8910710901841214e-21
0.04388624928596438 2.907157338873928e-21
0.04404826286286107 2.9232944629308802e-21
0.044210874540518794 2.939497033970344e-21
0.04437408652692865 2.9557654627301698e-21
0.04453790103823276 2.972100171327347e-21
0.044702320298754594 2.9885015935130923e-21
0.04486734654102905 3.0049426488853594e-21
0.045032982005832785 3.0214462281392068e-21
0.04519922894221481 3.0380164995745125e-21
0.04536608960752672 3.0546537700628287e-21
0.045533566267453585 3.0713395581522866e-21
0.04570166119604462 3.08809199964743e-21
0.04587037667574404 3.1049034795459634e-21
0.04603971499742223 3.121777788150093e-21
0.04620967846040657 3.138712329632204e-21
0.04638026937251285 3.1557032296287812e-21
0.04655149005007651 3.1727622037240215e-21
0.04672334281798429 3.1898897145118772e-21
0.04689583000970547 3.2070650969341315e-21
0.04706895396732382 3.224297420329707e-21
0.04724271704156928 3.2415983165570843e-21
0.047417121591849874 3.2589682539549354e-21
0.04759216998628393 3.2764077135949285e-21
0.04776786460173194 3.293906294704376e-21
0.04794420782382904 3.3114410164372384e-21
0.04812120204701733 3.3290448656201763e-21
0.048298849674578356 3.3467183148820144e-21
0.04847715311866594 3.3644618497003932e-21
0.04865611480033864 3.3822759686780622e-21
0.04883573714959281 3.400161183820078e-21
0.04901602260539553 3.4180859723127815e-21
0.049196973615717725 3.4360586110233595e-21
0.04937859263756755 3.454101600386868e-21
0.04956088213702349 3.4722154328516516e-21
0.04974384458926801 3.490400614160676e-21
0.04992748247862115 3.5086576636347054e-21
0.050111798298574185 3.526987114456238e-21
0.0502967945518237 3.545385463693575e-21
0.05048247375030524 3.563797805378823e-21
0.05066883841522765 3.582281570893303e-21
0.05085589107710725 3.600837266054023e-21
0.05104363427580214 3.619465410270099e-21
0.05123207056054689 3.6381665368329384e-21
0.05142120248998686 3.656941193207256e-21
0.051611032632213116 3.675789941322841e-21
0.051801563564797246 3.694711142222098e-21
0.05199279787482652 3.7136400172900195e-21
0.052184738158938725 3.732641854173111e-21
0.052377387023357654 3.7517171825457706e-21
0.052570747083928386 3.770866546186217e-21
0.052764820966152814 3.790090503274821e-21
0.05295961130522546 3.809389626693278e-21
0.05315512074606897 3.8287645043244045e-21
0.05335135194337023 3.848215739352453e-21
0.053548307561616326 3.8676817851061925e-21
0.05374599027513073 3.8872119540942776e-21
0.05394440276810979 3.906817280184733e-21
0.05414354773465885 3.926498332803149e-21
0.05434342787882907 3.946255696312327e-21
0.05454404591465407 3.966089970319722e-21
0.05474540456618673 3.986001769985514e-21
0.05494750656753641 4.005991726331144e-21
0.05515035466290572 4.025994085175353e-21
0.055353951606628045 4.046066742202413e-21
0.055558300163204836 4.066216466759543e-21
0.055763403107343124 4.0864438596928884e-21
0.05596926322399342 4.10674953742965e-21
0.05617588330838718 4.127134132293815e-21
0.05638326616607499 4.147598292822456e-21
0.0565914146129646 4.168104673682396e-21
0.05680033147535912 4.188659319480718e-21
0.0570100195899956 4.209292703581927e-21
0.05722048180408323 4.230005452293199e-21
0.057431720975342195 4.250798208016226e-21
0.0576437399720424 4.271671629570567e-21
0.057856541673042626 4.292624690411019e-21
0.05807012896782928 4.313599083433891e-21
0.05828450475655587 4.334653683181413e-21
0.05849967195008229 4.355789137442652e-21
0.05871563347001432 4.377006110529721e-21
0.05893239224874355 4.39830528360772e-21
0.059149951229486776 4.419660184173955e-21
0.05936831336632627 4.4410722156500555e-21
0.05958748162424979 4.4625664315894285e-21
0.059807458979190785 4.484143516306435e-21
0.06002824841806907 4.50579515379553e-21
0.060249852938831 4.527500197341261e-21
0.060472275550490395 4.549288659353632e-21
0.06069551927316939 4.571153217190625e-21
0.060919587138139344 4.593086367241373e-21
0.06114448218786227 4.615093566003494e-21
0.06137020747603174 4.637178757108699e-21
0.06159676606761463 4.659327982782683e-21
0.061824161038892676 4.681559658908221e-21
0.062052395477504144 4.703874826288512e-21
0.06228147248248606 4.726238573279505e-21
0.06251139516431586 4.7486880915823e-21
0.06274216664495393 4.771224117058546e-21
0.06297379005788588 4.7938474038331476e-21
0.06320626854816505 4.816505467429089e-21
0.0634396052724555 4.839248879742341e-21
0.06367380339907443 4.862079677359846e-21
0.06390886610803552 4.8849986216146825e-21
0.06414479659109193 4.908006492603175e-21
0.06438159805177991 4.931043605212939e-21
0.06461927370546194 4.954163045909527e-21
0.06485782677937059 4.977371150847668e-21
0.06509726051265233 5.0006686951022084e-21
0.06533757815641143 5.024056472785577e-21
0.06557878297375436 5.0475233819748664e-21
0.0658208782398337 5.071018103387592e-21
0.06606386724189288 5.0946025430809344e-21
0.06630775327931075 5.1182774815403265e-21
0.06655253966364634 5.142043718400271e-21
0.06679822971868403 5.165902072815609e-21
0.06704482678047832 5.1898533838328185e-21
0.06729233419739941 5.213818505561305e-21
0.06754075533017857 5.237873113095318e-21
0.06779009355195373 5.262019971431584e-21
0.0680403522483155 5.286259900529737e-21
0.06829153481735281 5.3105937402709794e-21
0.06854364466969927 5.335022350837699e-21
0.0687966852285794 5.359492992285789e-21
0.06905065992985512 5.384026642962147e-21
0.0693055722220726 5.4086543512155425e-21
0.0695614255665087 5.433376957422036e-21
0.06981822343721822 5.458195322281881e-21
0.07007596932108105 5.483110327207605e-21
0.07033466671784945 5.5080864349274065e-21
0.07059431914019577 5.533112115391194e-21
0.07085493011375982 5.5582338673426405e-21
0.07111650317719695 5.583452556499168e-21
0.071379041882226 5.608769069399399e-21
0.07164254979367782 5.634184313799495e-21
0.07190703048954318 5.6596473461496325e-21
0.07217248756102174 5.685181950173988e-21
0.07243892461257065 5.71081498828968e-21
0.07270634526195348 5.7365473609175075e-21
0.07297475314028957 5.762379989974162e-21
0.07324415189210298 5.7882781946362464e-21
0.07351454517537222 5.8142421767415574e-21
0.07378593666157983 5.8403065131891604e-21
0.07405833003576218 5.866472130447353e-21
0.07433172899655983 5.892731671201317e-21
0.07460613725626726 5.919043216941943e-21
0.0748815585408836 5.945456640951211e-21
0.07515799659016315 5.9719728892856336e-21
0.07543545515766602 5.998560861012552e-21
0.07571393801080954 6.025240119282131e-21
0.07599344893091883 6.052012318422719e-21
0.07627399171327849 6.0788708690831085e-21
0.07655557016718408 6.105819306585398e-21
0.0768381881159937 6.1328535546916305e-21
0.07712184939718035 6.159983972967423e-21
0.07740655786238339 6.187203291914345e-21
0.0776923173774613 6.214501603715914e-21
0.07797913182254392 6.241906386820419e-21
0.07826700509208553 6.269412316171943e-21
0.07855594109491719 6.2969724311235834e-21
0.07884594375430015 6.324639770415811e-21
0.07913701700797905 6.352415343425826e-21
0.07942916480823534 6.38029845949282e-21
0.07972239112194118 6.4082205506625174e-21
0.0800166999306129 6.436251226889847e-21
0.08031209523046537 6.464391508761284e-21
0.08060858103246615 6.492642440746149e-21
0.08090616136238989 6.520975190863445e-21
0.08120484026087334 6.5493667544862144e-21
0.08150462178346966 6.5778690267418075e-21
0.08180551000070391 6.606483054360063e-21
0.08210750899812816 6.635209908475362e-21
0.0824106228763769 6.664020877405746e-21
0.08271485575122312 6.692886096834833e-21
0.08302021175363353 6.72186403432391e-21
0.0833266950298252 6.750955757948361e-21
0.08363430974132162 6.780162360622943e-21
0.08394306006500915 6.809470390617518e-21
0.08425295019319413 6.838817308482077e-21
0.08456398433365926 6.868278983172801e-21
0.08487616670972103 6.897856503790555e-21
0.08518950156028708 6.927550984706075e-21
0.08550399313991355 6.957356415881873e-21
0.08581964571886333 6.987197390888748e-21
0.0861364635831634 7.017155351236652e-21
0.08645445103466345 7.047231411747149e-21
0.08677361239109409 7.077426713030032e-21
0.08709395198612584 7.107715216354435e-21
0.08741547416942741 7.138066653063026e-21
0.0877381833067252 7.168537641315795e-21
0.08806208377986238 7.199129330927042e-21
0.08838717998685837 7.22983781530184e-21
0.0887134763419689 7.260598582395763e-21
0.08904097727574542 7.29148077055708e-21
0.08936968723509557 7.32248555096821e-21
0.08969961068334356 7.35358593498152e-21
0.0900307521002906 7.38477520253513e-21
0.09036311598227612 7.416088299788762e-21
0.09069670684223828 7.4474976444977e-21
0.09103152920977564 7.47901369369726e-21
0.09136758763120853 7.510635808429118e-21
0.09170488666964068 7.542364566752614e-21
0.09204343090502162 7.574199565509555e-21
0.09238322493420822 7.60614785148353e-21
0.09272427337102758 7.638180684446908e-21
0.09306658084633947 7.67034104053108e-21
0.0934101520080992 7.702630165707029e-21
0.09375499152142111 7.735002783077711e-21
0.09410110406864126 7.767456096177447e-21
0.09444849434938153 7.800038420214564e-21
0.09479716708061317 7.832751007862069e-21
0.0951471269967209 7.865595140388864e-21
0.0954983788495675 7.89856085684196e-21
0.09585092740855775 7.931542822829936e-21
0.09620477746070362 7.964655472340746e-21
0.09655993381068906 7.997900059238522e-21
0.09691640128093561 8.031277866082466e-21
0.09727418471166731 8.064790204661325e-21
0.09763328896097682 8.098438416526997e-21
0.09799371890489128 8.132157858412487e-21
0.0983554794374384 8.165923729327463e-21
0.09871857547071332 8.199823732574943e-21
0.09908301193494475 8.233859155927666e-21
0.09944879377856226 8.268031316577809e-21
0.0998159259682634 8.302341561685771e-21
0.10018441348908101 8.336791268928068e-21
0.10055426134445149 8.371381847043996e-21
0.10092547455628148 8.405955291562158e-21
0.10129805816501752 8.440649348634143e-21
0.10167201722971382 8.475481869377287e-21
0.10204735682810032 8.510454189370605e-21
0.10242408205665306 8.545567674611059e-21
0.10280219803066182 8.580823722078006e-21
0.10318170988430093 8.616223760296847e-21
0.10356262277069843 8.651769249901073e-21
0.10394494186200536 8.68729590714631e-21
0.10432867234946745 8.722939587756776e-21
0.10471381944349403 8.758725945411897e-21
0.10510038837373013 8.794656356388396e-21
0.10548838438912692 8.830732228255012e-21
0.1058778127580123 8.866955000454155e-21
0.10626867876816401 8.903326144882651e-21
0.10666098772687962 8.939847166470792e-21
0.10705474496105018 8.976384611910354e-21
0.10744995581723184 9.013007950153496e-21
0.10784662566171781 9.049778357106633e-21
0.10824475988061279 9.086697251855043e-21
0.10864436387990432 9.123766085693638e-21
0.10904544308553772 9.160986342726244e-21
0.10944800294348911 9.198359540463505e-21
0.10985204891983871 9.235887230419365e-21
0.11025758650084658 9.27342708429631e-21
0.11066462119302534 9.311069712192951e-21
0.11107315852321656 9.348864310480734e-21
0.11148320403866506 9.386812353495818e-21
0.11189476330709357 9.424915348932971e-21
0.11230784191677994 9.463174838461268e-21
0.11272244547663118 9.501592398338208e-21
0.11313857961626127 9.540100238628742e-21
0.1135562499860668 9.57865511185954e-21
0.11397546225730311 9.617366170276893e-21
0.11439622212216265 9.656234931326434e-21
0.11481853529385154 9.695262946727214e-21
0.11524240750666649 9.734451803102713e-21
0.1156678445160743 9.773803122610689e-21
0.11609485209878807 9.813180190379383e-21
0.1165234360528474 9.85269476865322e-21
0.11695360219769627 9.892370732238501e-21
0.11738535637426145 9.932209669461237e-21
0.11781870444503345 9.972213204333654e-21
0.11825365229414421 1.001233609836879e-20
0.11869020582744863 1.0052537174144935e-20
0.11912837097260412 1.009290287492685e-20
