results/limits/GDM_h.dat
# %ECSV 1.0
# ---
# datatype:
# - {name: mx, unit: MeV, datatype: float64}
# - {name: sigma, unit: cm2, datatype: float64}
# schema: astropy-2.0
mx sigma
[from data line 6971]
2.9627647554542276 6.051423251212851e-25
2.969595317427254 6.082103881288404e-25
2.976441627048418 6.112968510580646e-25
2.9833037206234216 6.144018309615402e-25
2.9901816345416905 6.175254511197805e-25
2.9970754052765227 6.2066782539010265e-25
3.0039850693853203 6.238290734456066e-25
3.01091066350977 6.270093265367844e-25
3.017852224376014 6.30208686343113e-25
3.024809788794892 6.334273025196457e-25
3.0317833936620837 6.366652650231876e-25
3.0387730759583564 6.399227312321601e-25
3.0457788727497097 6.431997983781307e-25
3.052800821187624 6.464966120579782e-25
3.059838958509205 6.498132893568611e-25
3.066893322037427 6.531499556684329e-25
3.07396394918131 6.565067458366087e-25
3.0810508774361023 6.5988378439370055e-25
3.08815414438352 6.632812017715601e-25
3.0952737876918985 6.666991291862796e-25
3.102409845116441 6.701376964823087e-25
3.109562354499369 6.735970342037783e-25
3.1167313537701666 6.770772799155079e-25
3.1239168809457643 6.8057857118746315e-25
3.1311189741307195 6.84101024988673e-25
3.1383376715174642 6.876448008535547e-25
3.1455730113864564 6.912100138255859e-25
3.152825032106434 6.947968170990964e-25
3.1600937721345668 6.984053410288262e-25
3.1673792700167063 7.020357243244825e-25
3.1746815643875697 7.056881171590318e-25
3.182000693970927 7.0936264016812705e-25
3.189336697579849 7.130594552757431e-25
3.1966896141168646 7.167786983405767e-25
3.2040594825742157 7.205205086588626e-25
3.2114463420340145 7.242850332015181e-25
3.218850231668495 7.280724197670094e-25
3.226271190740201 7.318828135707171e-25
3.2337092586021776 7.357163603535378e-25
3.24116447469822 7.395732121828404e-25
3.248636878563036 7.4345351919803575e-25
3.256126509822505 7.473574181380681e-25
3.263633408193836 7.512850816839475e-25
3.2711576134858316 7.552366417010275e-25
3.278699165599045 7.592122642869023e-25
3.286258104526041 7.632121025007216e-25
3.293834470351583 7.672363001725802e-25
3.301428303252831 7.712850325764094e-25
3.309039643499598 7.753584356639053e-25
3.3166685314545106 7.794566802036036e-25
3.3243150075732775 7.835799248600012e-25
3.3319791124048503 7.877283264269815e-25
3.3396608865916844 7.919020472027996e-25
3.3473603708699353 7.961012485092395e-25
3.3550776060696545 8.003260947232247e-25
3.3628126331150527 8.0457675064637655e-25
3.3705654930246634 8.088533730085468e-25
3.378336226911613 8.131561405984971e-25
3.3861248759837874 8.174852200372175e-25
3.393931481544095 8.218407625954276e-25
3.401756084990668 8.26222963870987e-25
3.409598727817059 8.306319694612186e-25
3.4174594516125114 8.350679664700478e-25
3.425338298062122 8.395311307168384e-25
3.4332353089471215 8.44021614490179e-25
3.4411505261450355 8.48539614118591e-25
3.4490839916299594 8.530852994492e-25
3.457035747472758 8.57658844853095e-25
3.465005835841269 8.622604308511503e-25
3.4729942990005735 8.6689023536244e-25
3.481001179313166 8.715484402317431e-25
3.489026519239235 8.762352311086861e-25
3.497070361336831 8.809507760711265e-25
3.5051327482621484 8.85695272561339e-25
3.5132137227696965 8.904689132128815e-25
3.5213133277125754 8.952718570836696e-25
3.529431606042681 9.001043169278314e-25
3.5375686008109124 9.049664773492896e-25
3.54572435516745 9.09858510719611e-25
3.5538989123619267 9.14780631216061e-25
3.562092315743714 9.19733022081745e-25
3.570304608762097 9.247158666553018e-25
3.578535834966552 9.297293728406726e-25
3.5867860380069576 9.347737321655261e-25
3.5950552616338047 9.398491417000289e-25
3.6033435496984776 9.449558012730662e-25
3.6116509461534303 9.500939063375842e-25
3.6199774950524772 9.552636598712808e-25
3.6283232405509667 9.60465270025091e-25
3.6366882269060694 9.656989358452798e-25
3.6450724984769893 9.709648506465054e-25
3.653476099725177 9.762632434903108e-25
3.661899075214616 9.815943037647372e-25
3.6703414696120022 9.869582414873397e-25
3.678803327687039 9.923552799392617e-25
3.6872846943126145 9.977856189221984e-25
3.695785614465093 1.0032494670919978e-24
3.704306133224529 1.0087470486692074e-24
3.712846295774887 1.0142785741227073e-24
3.721406147404331 1.0198442615516128e-24
3.7299857335054045 1.0254443301754066e-24
3.738585099575334 1.031078992987719e-24
3.747204291216206 1.036748472186656e-24
3.755843354135273 1.0424529958120834e-24
3.7645023341451345 1.0481927937390616e-24
3.77318127716403 1.0539680650965203e-24
3.7818802292160645 1.0597790576710597e-24
3.7905992364314254 1.0656260050513008e-24
3.7993383450466838 1.0715091087474464e-24
3.8080976014049757 1.0774286202376543e-24
3.816877051956312 1.083384771108469e-24
3.8256767432577603 1.0893777894788724e-24
3.834496721973749 1.095407909941427e-24
3.843337034876288 1.1014753715606636e-24
3.852197728845197 1.1075804081355583e-24
3.8610788508684055 1.113723262472494e-24
3.869980448042142 1.119904174975523e-24
3.8789025675712443 1.1261233925935618e-24
3.887845256769349 1.1323811509055211e-24
3.8968085630591958 1.1386776897506363e-24
3.905792533972856 1.1450132754445968e-24
3.914797217151961 1.151388148600599e-24
3.923822660348011 1.1578025408506941e-24
3.9328689114225623 1.164256727873455e-24
3.9419360183475485 1.170750956542039e-24
3.9510240292054672 1.1772854764330381e-24
3.9601329921896937 1.1838605443476021e-24
3.9692629556047114 1.1904764218033599e-24
3.978413967866344 1.1971333636673332e-24
3.987586077502069 1.2038316341906697e-24
3.99677933315121 1.2105714945808069e-24
4.005993783565258 1.2173532133621425e-24
4.015229477608069 1.2241770604977046e-24
4.024486464256185 1.231043274350655e-24
4.033764792599028 1.2379521550602608e-24
4.043064511839219 1.244903973599896e-24
4.052385671292816 1.2518989832774647e-24
4.0617283203895465 1.2589374642203973e-24
4.07109250867313 1.2660197006473682e-24
4.080478285801477 1.2731459666708164e-24
4.089885701547013 1.280316540090157e-24
4.0993148057968805 1.2875317022457293e-24
4.108765648553259 1.2947917346323217e-24
4.118238279933609 1.3020969248197978e-24
4.127732750170907 1.3094475543444742e-24
4.137249109613975 1.3168439068830459e-24
4.14678740872768 1.324286284269124e-24
4.156347698093267 1.3317749824189547e-24
4.165930028408559 1.3393102777704288e-24
4.175534450488291 1.3468924653348513e-24
4.185161015264346 1.3545218568634138e-24
4.1948097737860035 1.3621987455688917e-24
4.2044807772202715 1.369923428511258e-24
4.214174076852087 1.3776962118030104e-24
4.223889724084657 1.3855173943222224e-24
4.233627770439662 1.393387291743679e-24
4.243388267557591 1.4013062030986649e-24
4.253171267197988 1.4092744352715635e-24
4.262976821239701 1.4172923042036072e-24
4.272804981681219 1.4253601299153571e-24
4.282655800640875 1.4334782321759971e-24
4.292529330357195 1.4416469150552025e-24
4.302425623189105 1.4498664918263438e-24
4.312344731616277 1.45813730198974e-24
4.322286708239339 1.466459664087374e-24
4.332251605780214 1.4748339011709805e-24
4.342239477082373 1.4832603410510646e-24
4.35225037511109 1.4917393139178977e-24
4.362284352953787 1.5002711429102075e-24
4.372341463820237 1.5088561721354164e-24
4.382421761042925 1.5174947379954203e-24
4.392525298077255 1.526187168480296e-24
4.402652128501901 1.534933797457421e-24
4.412802306019057 1.543734983262252e-24
4.422975884454702 1.552591069757598e-24
4.433172917758942 1.5615023975800836e-24
4.443393460006228 1.570469303436612e-24
4.453637565395718 1.579492146724307e-24
4.463905288251484 1.5885712732495784e-24
4.474196683022867 1.5977070487096386e-24
4.484511804284743 1.6068998230001265e-24
4.494850706737779 1.616149956469312e-24
4.505213445208789 1.625457802911019e-24
4.515600074650954 1.6348237271388734e-24
4.526010650144182 1.6442480994214418e-24
4.5364452268953315 1.6537312907803374e-24
4.546903860238563 1.663273669243793e-24
4.557386605635614 1.6728755840261446e-24
4.567893518676052 1.6825374276653637e-24
4.578424655077647 1.6922595788359606e-24
4.5889800706865875 1.7020424109400575e-24
4.599559821477848 1.711886303527928e-24
4.610163963555415 1.721791638216198e-24
4.62079255315266 1.7317588065267856e-24
4.63144564663256 1.741788187599571e-24
4.6421233004880635 1.751880172046298e-24
4.652825571342362 1.7620351567028162e-24
4.663552515949161 1.7722535397410574e-24
4.674304191193049 1.782535716810724e-24
4.685080654089721 1.792882076913751e-24
4.695881961786359 1.8032930187260577e-24
4.706708171561856 1.8137689606900076e-24
4.717559340827191 1.82431029348372e-24
4.7284355271257 1.8349174417706957e-24
4.739336788133356 1.845590816330059e-24
4.75026318165914 1.856330815951526e-24
4.7612147656452715 1.8671378699532623e-24
4.772191598167592 1.8780123855989695e-24
4.783193737435798 1.888954782347307e-24
4.794221241793813 1.8999654947123404e-24
4.805274169720073 1.9110449498928096e-24
4.816352579827805 1.922193573149951e-24
4.827456530865404 1.933411791952098e-24
4.838586081716669 1.9447000415364003e-24
4.849741291401196 1.9560587589624164e-24
4.860922219074605 1.9674883775019215e-24
4.872128924028931 1.9789893434903268e-24
4.883361465692901 1.9905621003794204e-24
4.894619903632226 2.002207092368899e-24
4.905904297549985 2.0139247715555005e-24
4.917214707286857 2.0257155925930657e-24
4.928551192821524 2.0375800086765922e-24
4.9399138142709065 2.049518471877967e-24
4.951302631890564 2.0615314375466323e-24
4.96271770607493 2.0736193697539473e-24
4.974159097357709 2.085782745622773e-24
4.985626866412162 2.0980220264314962e-24
4.997121074051402 2.1103376732318984e-24
5.008641781228784 2.122730172802234e-24
5.020189049038146 2.135199996763372e-24
5.0317629387142215 2.147747625517257e-24
5.043363511632876 2.160373542596743e-24
5.054990829311503 2.1730782306315846e-24
5.066644953409327 2.185862171837683e-24
5.078325945727691 2.1987258525720017e-24
5.090033868210464 2.2116697689812745e-24
5.101768782944282 2.224694428765945e-24
5.113530752158958 2.237800320903535e-24
5.125319838227738 2.2509879443292468e-24
5.137136103667694 2.2642578115182264e-24
5.1489796111400326 2.277610424342464e-24
5.16085042345039 2.2910462945506397e-24
5.172748603549243 2.3045659380882683e-24
5.184674214532154 2.31816987088635e-24
5.1966273196401955 2.3318586090561944e-24
5.208607982260196 2.3456326734699126e-24
5.220616265925151 2.3594925959941023e-24
5.232652234314533 2.3734388973410775e-24
5.24471595125459 2.387472110964947e-24
5.2568074807187655 2.4015927839864594e-24
5.268926886827947 2.4158014320746786e-24
5.281074233850892 2.4300986101549877e-24
5.293249586204487 2.4444848457608284e-24
5.305453008454173 2.4589606968028546e-24
5.3176845653142015 2.473526717276533e-24
5.32994432164805 2.4881834614512254e-24
5.34223234246874 2.5029314801473903e-24
5.354548692939145 2.5177713280825796e-24
5.366893438372412 2.532703577078193e-24
5.3792666442322234 2.547728778965093e-24
5.39166837613323 2.562847520244193e-24
5.404098699841309 2.5780603636769277e-24
5.416557681273993 2.5933678841749807e-24
5.429045386500786 2.6087706628245603e-24
5.441561881743481 2.624269282498848e-24
5.454107233376584 2.639864327845053e-24
5.466681507927585 2.6555563900068075e-24
5.479284772077392 2.6713460511068128e-24
5.491917092660602 2.6872339133492156e-24
5.504578536665929 2.703220570691935e-24
5.517269171236528 2.719306627386992e-24
5.529989063670316 2.73549269255427e-24
5.5427382814204105 2.75177937231274e-24
5.555516892095392 2.768167279743088e-24
5.568324963459758 2.7846570305453063e-24
5.581162563434187 2.8012492432380898e-24
5.594029760095984 2.817944544036472e-24
5.606926621679402 2.8347435487254867e-24
5.619853216575972 2.851646894635386e-24
5.632809613334945 2.8686552058765597e-24
5.645795880663565 2.8857691293664075e-24
5.658812087427524 2.9029893037900706e-24
5.671858302651235 2.9203163694994055e-24
5.6849345955182935 2.937750975165168e-24
5.698041035371745 2.95529377331391e-24
5.711177691714542 2.9729454202422617e-24
5.724344634209872 2.9907065738881446e-24
5.737541932681493 3.008577878528921e-24
5.750769657114189 3.026560016473803e-24
5.764027877654042 3.0446536566030712e-24
5.777316664608903 3.0628594798986194e-24
5.790636088448666 3.0811781479351667e-24
5.803986219805729 3.0996103386350745e-24
5.817367129475329 3.1181567402797623e-24
5.830778888415885 3.136818033776241e-24
5.844221567749455 3.155594914409257e-24
5.857695238762018 3.174488095011529e-24
5.871199972903951 3.1934982649696436e-24
5.884735841790309 3.2126261276804703e-24
5.8983029172012875 3.2318723648419286e-24
5.911901271082571 3.2512377192840225e-24
5.925530975545675 3.27072289745868e-24
5.9391921028684145 3.2903286161648168e-24
5.952884725495192 3.3100555982208956e-24
5.966608916037473 3.329904572741879e-24
5.980364747274083 3.349876265835735e-24
5.99415229215167 3.3699713994822684e-24
6.007971623785058 3.390190724403551e-24
6.0218228154575995 3.410535000700886e-24
6.035705940621647 3.43100493310775e-24
6.04962107289885 3.451601295061693e-24
6.063568286080634 3.4723248433055535e-24
6.077547654128503 3.493176332948638e-24
6.091559251174526 3.514156527023749e-24
6.1056031515216285 3.5352662019490605e-24
6.119679429644081 3.556506106968347e-24
6.133788160187848 3.577877028429033e-24
6.147929417970953 3.599379743618067e-24
6.1621032779839595 3.6210150537396925e-24
6.17630981539027 3.6427836990445844e-24
6.190549105526621 3.664686504820248e-24
6.20482122390339 3.686724262143412e-24
6.219126246205075 3.708897771584068e-24
6.233464248290666 3.731207848838203e-24
6.247835306194 3.753655281340597e-24
6.2622394961242644 3.7762408886832826e-24
6.276676894466291 3.798965494649957e-24
6.291147577781065 3.821829917202238e-24
6.30565162280603 3.8448349609032425e-24
6.320189106455583 3.86798148004249e-24
6.334760105821448 3.891270305752018e-24
6.349364698173037 3.9147022801634844e-24
6.364002960957962 3.9382782553220164e-24
6.378674971802334 3.96199903732637e-24
6.393380808511278 3.9858655108026326e-24
6.408120549069248 4.009878538695124e-24
6.4228942716405255 4.034038944880044e-24
6.437702054569598 4.058347630911319e-24
6.452543976381536 4.082805460574394e-24
6.467420115782496 4.107413309636892e-24
6.4823305516600405 4.132172058619256e-24
6.497275363083655 4.157082547113767e-24
6.5122546293050645 4.1821457217666795e-24
6.52726842975876 4.2073624451650335e-24
6.542316844062316 4.232733618067534e-24
6.557399952016895 4.258260166663771e-24
6.572517833607647 4.283942982159561e-24
6.58767056900408 4.309782935871373e-24
6.602858238560587 4.335780976710236e-24
6.618080922816759 4.361938048781521e-24
6.633338702497924 4.388255055200811e-24
6.648631658515466 4.414732917387894e-24
6.663959871967347 4.441372605572269e-24
6.6793234241384996 4.468174988361051e-24
6.694722396501214 4.495141073965259e-24
6.710156870715667 4.52227180282055e-24
6.725626928630246 4.549568131050806e-24
6.741132652282092 4.577030984486777e-24
6.756674123897426 4.604661356121611e-24
6.772251425892079 4.6324601949030426e-24
6.787864640871889 4.66042848607315e-24
6.803513851633099 4.6885672429801596e-24
6.8191991411628905 4.716877364133035e-24
6.834920592639715 4.7453598934696084e-24
6.850678289433844 4.774015829745914e-24
6.866472315107701 4.8028461816529356e-24
6.882302753416402 4.8318518952227214e-24
6.898169688308158 4.86103403239962e-24
6.914073203924677 4.8903935742059925e-24
6.930013384601711 4.9199315645306596e-24
6.945990314869388 4.949649030387441e-24
6.9620040794527736 4.979546934760102e-24
6.978054763272209 5.0096263739391785e-24
6.9941424514438735 5.039888396648944e-24
7.010267229280119 5.070334005648156e-24
7.02642918229003 5.100964277803123e-24
7.042628396179827 5.131780240180686e-24
7.05886495685328 5.162782979335175e-24
7.075138950412265 5.193973564155052e-24
7.091450463157108 5.225352998237905e-24
7.107799581587153 5.256922424272949e-24
7.124186392401107 5.288682935086254e-24
7.140610982497605 5.320635548606637e-24
7.15707343897562 5.3527814071546914e-24
7.17357384913489 5.385121579382189e-24
7.190112300476473 5.417657216994722e-24
7.206688880703105 5.450389327475433e-24
7.2233036777197706 5.483319095509751e-24
7.239956779634063 5.516447650828048e-24
7.256648274756746 5.5497760834998176e-24
7.273378251602182 5.583305520945619e-24
7.290146798888756 5.6170371061921696e-24
7.30695400553945 5.650971971332567e-24
7.323799960682195 5.685111240890104e-24
