results/limits/GDM_l.dat
# %ECSV 1.0
# ---
# datatype:
# - {name: mx, unit: MeV, datatype: float64}
# - {name: sigma_10, unit: cm2, datatype: float64}
# - {name: sigma_9, unit: cm2, datatype: float64}
# - {name: sigma_7, unit: cm2, datatype: float64}
# - {name: sigma_6, unit: cm2, datatype: float64}
# - {name: sigma_5, unit: cm2, datatype: float64}
# - {name: sigma_4, unit: cm2, datatype: float64}
# - {name: sigma_3, unit: cm2, datatype: float64}
# - {name: sigma_2, unit: cm2, datatype: float64}
# schema: astropy-2.0
mx sigma_10 sigma_9 sigma_7 sigma_6 sigma_5 sigma_4 sigma_3 sigma_2
[from data line 318]
0.00048215112361018567 2.7978721373119546e-50 2.6283137970723828e-48 2.890955615693118e-44 1.227544235724754e-41 7.917080524987286e-38 7.605016295993219e-34 1.0617256970525166e-30 2.5228947366478197e-30
0.0004933932380508582 2.85397447634386e-50 2.6895364091896496e-48 2.968159573059737e-44 1.2962917026624404e-41 8.481370789132729e-38 8.149346696400803e-34 1.1368290886557148e-30 2.695449900209909e-30
0.0005048974801334842 2.911670312319047e-50 2.7521882946740004e-48 3.047743076124663e-44 1.3693903346645932e-41 9.086000889838319e-38 8.732633066715132e-34 1.217200001101433e-30 2.8794286057498907e-30
0.0005166699617777604 2.970990293229415e-50 2.8163027637591104e-48 3.129795627815683e-44 1.4471352852046755e-41 9.733857503976223e-38 9.357662684125844e-34 1.303202485274956e-30 3.0755443182973202e-30
0.0005287169374124361 3.031965564299916e-50 2.88191390544924e-48 3.2144108205507744e-44 1.5298424737821687e-41 1.0428033940986827e-37 1.0027422168663241e-33 1.3952251254240762e-30 3.284549863440697e-30
0.0005410448072981404 3.0946278052975743e-50 2.9490566057393806e-48 3.301686551595264e-44 1.6178500697602674e-41 1.117184493538834e-37 1.0745111729413587e-33 1.4936825164460212e-30 3.5072388600076644e-30
0.0005536601209276797 3.1590092702740775e-50 3.0177665662663845e-48 3.3917252508982123e-44 1.7115200824705733e-41 1.1968842498282413e-37 1.151416042784561e-33 1.5990171480329758e-30 3.744451747090435e-30
0.0005665695805056229 3.2251428294822105e-50 3.0880803234014896e-48 3.4846341221871063e-44 1.8112400651708658e-41 1.2822832903668738e-37 1.2338242529968069e-33 1.7117008517727057e-30 3.997066175640913e-30
0.0005797800445090163 3.2930620131779526e-50 3.1600352677948826e-48 3.5805253981516935e-44 1.9174249409834282e-41 1.3737894890808183e-37 1.3221295025906847e-33 1.832237053549177e-30 4.266015308446601e-30
0.0005932985313311235 3.3628010569973436e-50 3.23366966438321e-48 3.6795166106033675e-44 2.0305189595212313e-41 1.4718399169690185e-37 1.4167536398676752e-33 1.9611622833358764e-30 4.5522750901380735e-30
0.000607132223010125 3.434394948580823e-50 3.3090226728712304e-48 3.7817308765560694e-44 2.150997793531424e-41 1.576902932289206e-37 1.5181486732610195e-33 2.0990487637607823e-30 4.85687231655343e-30
0.0006212884690447563 3.507879475108312e-50 3.3861343686990945e-48 3.8872972012382415e-44 2.2793707855517602e-41 1.6894804203795658e-37 1.626798925505943e-33 2.246506111647453e-30 5.180886858797647e-30
0.0006357747902989163 3.5832912714059536e-50 3.465045764507113e-48 3.996350799113639e-44 2.416183355290091e-41 1.8101101938283143e-37 1.743223341493351e-33 2.4041840289716188e-30 5.525448338776781e-30
0.0006505988829973161 3.660667868290498e-50 3.545798832109979e-48 4.1090334340617037e-44 2.5620195792025763e-41 1.9393685644702425e-37 1.8679779606092385e-33 2.5727745412484345e-30 5.891744975176043e-30
0.0006657686228142928 3.7400477408296683e-50 3.6284365249930324e-48 4.225493779946681e-44 2.7175049545672886e-41 2.077873099510902e-37 2.0016585653139558e-33 2.753014505293394e-30 6.2810213799782245e-30
0.0006812920690579615 3.821470356215915e-50 3.713002801343104e-48 4.3458878028881744e-44 2.8833093612290553e-41 2.2262855749596116e-37 2.1449035185072962e-33 2.9456886530717578e-30 6.69457649090469e-30
0.0006971774689519261 3.9049762209764203e-50 3.79954264762723e-48 4.470379166635818e-44 3.0601502351348187e-41 2.3853151404964345e-37 2.2983968029629725e-33 3.1516317270711592e-30 7.133767346857294e-30
0.0007134332620168255 3.9906069272735502e-50 3.88810210273245e-48 4.599139662546958e-44 3.2487959687890556e-41 2.5557217109086715e-37 2.4628712774209022e-33 3.371732466858582e-30 7.600017000941949e-30
0.0007300680845540431 4.0784051980854865e-50 3.9787282826806796e-48 4.732349665769362e-44 3.4500695548422545e-41 2.7383196003165758e-37 2.639112164365736e-33 3.606935457539119e-30 8.094805835403097e-30
0.0007470907742339592 4.168414931096542e-50 4.071469405932608e-48 4.870198619341469e-44 3.6648524901864094e-41 2.9339814165685888e-37 2.8279607863597477e-33 3.8582457458260926e-30 8.619670937685554e-30
0.0007645103747911887 4.2606812411684566e-50 4.166374819295284e-48 5.012885548041414e-44 3.89408895917583e-41 3.1436422344308237e-37 3.0303185680877898e-33 4.126730903257975e-30 9.176228709337162e-30
0.0007823361408292924 4.355250501307538e-50 4.26349502444826e-48 5.160619603942905e-44 4.1387903159255414e-41 3.3683040675283775e-37 3.247151323416766e-33 4.413525821715042e-30 9.766144407230683e-30
0.00080057754273752 4.452170382085896e-50 4.362881705103597e-48 5.313620645772576e-44 4.400039887068898e-41 3.609040660424938e-37 3.4794938472155624e-33 4.7198351947062576e-30 1.0391136275531554e-29
0.0008192442717221943 4.551489889517549e-50 4.4645877548154997e-48 5.472119854309389e-44 4.678998117887744e-41 3.867002623757888e-37 3.728454833962043e-33 5.046938681777285e-30 1.1053011119599561e-29
0.0008383462449554094 4.653259401430556e-50 4.568667305455728e-48 5.636360386223543e-44 4.976908086371169e-41 4.143422936986436e-37 3.9952221457909816e-33 5.396193422133768e-30 1.1753627201831643e-29
0.0008578936108437789 4.7575307024135555e-50 4.675175756371407e-48 5.806598068920543e-44 5.295101411517531e-41 4.439622845068334e-37 4.2810684552285985e-33 5.769039755941052e-30 1.2494906519448265e-29
0.0008778967544200344 4.864357017448465e-50 4.784169804242281e-48 5.983102139136272e-44 5.635004584081128e-41 4.757018177264061e-37 4.587357288578235e-33 6.167004327325699e-30 1.327883537379368e-29
0.000898366302860337 4.973793044369785e-50 4.895707473654979e-48 6.166156028222854e-44 5.998145749985162e-41 5.097126118286035e-37 4.915549498660041e-33 6.591704878381656e-30 1.410746587910941e-29
0.0009193131311302326 5.085894985314628e-50 5.009848148412325e-48 6.356058197272315e-44 6.386161978788766e-41 5.461572464173389e-37 5.267210197080953e-33 7.044855203381733e-30 1.4982885318652452e-29
0.0009407483677622533 5.200720577345971e-50 5.1266526035961347e-48 6.553123025448309e-44 6.800807051916544e-41 5.85209939758979e-37 5.64401617838589e-33 7.528269388897213e-30 1.590727182144632e-29
0.000962683400768232 5.318329122444241e-50 5.246183038402739e-48 6.757681755135121e-44 7.243959807846296e-41 6.270573819726615e-37 6.0477638709256815e-33 8.043866955804993e-30 1.688284142084146e-29
0.000985129883689471 5.438781517070249e-50 5.3685031097706175e-48 6.970083497769769e-44 7.717633084115496e-41 6.71899627865361e-37 6.480377851446747e-33 8.593677683299521e-30 1.7911862505193087e-29
0.0010080997417879817 5.562140281504547e-50 5.49367796682044e-48 7.190696304498976e-44 8.22398329886345e-41 7.199510536811913e-37 6.943919963130423e-33 9.179846459097029e-30 1.8996673269705437e-29
0.0010316051783820807 5.688469589166319e-50 5.621774286128189e-48 7.419908306097627e-44 8.765320717686325e-41 7.71441382339988e-37 7.440599079628374e-33 9.804639101150175e-30 2.0139628656650724e-29
0.0010556586813297128 5.817835296108483e-50 5.752860307852682e-48 7.658128926903821e-44 9.344120454861288e-41 8.266167820675896e-37 7.97278156034559e-33 1.0470447411956874e-29 2.134317907641503e-29
0.0010802730296629402 5.950304970875878e-50 5.887005872739493e-48 7.905790177865355e-44 9.963034261511134e-41 8.857410436712082e-37 8.543002445439613e-33 1.1179792522879934e-29 2.2609720659204505e-29
0.001105461300377127 6.085947924900766e-50 6.024282460023775e-48 8.163348034159093e-44 1.0624903157045525e-40 9.49096842089254e-37 9.153977443272591e-33 1.1935335283259027e-29 2.394182842278166e-29
0.0011312368753784248 6.224835243595141e-50 6.164763226255306e-48 8.43128390323668e-44 1.1332770964250248e-40 1.0169870882476912e-36 9.808615763941001e-33 1.2739873411419486e-29 2.534195340855849e-29
0.0011576134485932472 6.367039818283164e-50 6.308523045069672e-48 8.710106189572186e-44 1.2089898812720907e-40 1.0897363776870671e-36 1.0510033861240734e-32 1.359635764456903e-29 2.681270744092956e-29
0.0011846050332435167 6.512636379100294e-50 6.455638547930159e-48 9.000351962839632e-44 1.2899780679968567e-40 1.1676925428864975e-36 1.1261570142533308e-32 1.450788464917335e-29 2.8356645319130444e-29
0.0012122259692915415 6.661701528968523e-50 6.606188165865922e-48 9.302588736734308e-44 1.376616004449206e-40 1.2512283167070617e-36 1.2066800718842475e-32 1.5477714680917772e-29 2.997635430710783e-29
0.0012404909310584848 6.8143137787407545e-50 6.760252172232363e-48 9.617416366173553e-44 1.469304773043042e-40 1.3407431149078138e-36 1.2929556263067113e-32 1.6509265912889618e-29 3.1674457363760824e-29
0.0012694149350204683 6.970553583591535e-50 6.917912726520831e-48 9.945469071172895e-44 1.5684741029109576e-40 1.4366649462570667e-36 1.385394005764584e-32 1.7606126616736566e-29 3.3453541096454856e-29
0.0012990133477864558 7.130503380717117e-50 7.079253919245296e-48 1.028741759629492e-43 1.674584418890741e-40 1.5394524593713785e-36 1.4844347311794765e-32 1.8772058023625637e-29 3.5316241593531267e-29
0.0013293018942621524 7.29424762839463e-50 7.24436181793475e-48 1.0643971515213347e-43 1.788129037140577e-40 1.649597136068106e-36 1.5905485837177804e-32 2.00109938407493e-29 3.726518790863238e-29
0.001360296666004259 7.46187284643922e-50 7.413324514260692e-48 1.101588169062912e-43 1.9096365178812634e-40 1.7676256417178582e-36 1.7042398178542028e-32 2.1327057710649925e-29 3.9302904211455416e-29
0.001392014129769518 7.633467658088311e-50 7.586232172330237e-48 1.1403942900518435e-43 2.0396731865156307e-40 1.8941023438332978e-36 1.8260485294622895e-32 2.2724544803691697e-29 4.143201606902592e-29
0.0014244711362630968 7.809122833334439e-50 7.763177078176239e-48 1.1808996642491975e-43 2.1788458351802527e-40 2.0296320109349928e-36 1.956553190584143e-32 2.4207955688331625e-29 4.3655049845174786e-29
0.0014576849290909482 7.988931333722216e-50 7.944253690476789e-48 1.2231934128903028e-43 2.327804617648309e-40 2.1748627045962836e-36 2.0963733611714395e-32 2.578196583953846e-29 4.597456086049058e-29
0.0014916731539209149 8.172988358620436e-50 8.129558692537444e-48 1.2673699486261343e-43 2.487246151426618e-40 2.3304888784926554e-36 2.2461725913800838e-32 2.745145995225074e-29 4.8392989363987584e-29
0.0015264538678574353 8.361391392977413e-50 8.319191045570848e-48 1.3135293173499831e-43 2.6579168418814273e-40 2.4972546992699054e-36 2.4066615262041477e-32 2.9221506301088305e-29 5.091287063691233e-29
0.0015620455490348386 8.554240256565836e-50 8.513252043309244e-48 1.3617775634700491e-43 2.8406164442891878e-40 2.6759576051055605e-36 2.5786012275603053e-32 3.1097382132021614e-29 5.353661811707811e-29
0.0015984671064343198 8.751637154723024e-50 8.711845367986576e-48 1.4122271203024926e-43 3.0362018808468374e-40 2.867452118973651e-36 2.762806727664798e-32 3.3084551927001925e-29 5.626649785143276e-29
0.0016357378899298156 8.95368673059228e-50 8.915077147728512e-48 1.4649972273818323e-43 3.2455913308951628e-40 3.072653934839995e-36 2.960150830578665e-32 3.518869233722058e-29 5.91047381367776e-29
0.0016738777005681136 9.1604961188726e-50 9.123056015389186e-48 1.5202143766164208e-43 3.46976861391607e-40 3.2925442963186045e-36 3.1715681776917906e-32 3.7415659050350135e-29 6.205368366723086e-29
0.0017129068010886602 9.372175001084846e-50 9.335893168875592e-48 1.5780127893577987e-43 3.709787886264403e-40 3.528174688718126e-36 3.3980595966125787e-32 3.9771524754698056e-29 6.511551431379414e-29
0.0017528459266886532 9.588835662364928e-50 9.553702433001452e-48 1.6385349266034634e-43 3.966778674095875e-40 3.7806718669028244e-36 3.640696751037916e-32 4.2262542476958415e-29 6.829237377056298e-29
0.00179371629603914 9.810593049796333e-50 9.776600322913858e-48 1.7019320347147565e-43 4.2419512665603976e-40 4.0512432429980274e-36 3.900627113419559e-32 4.4895154149785274e-29 7.158639649860752e-29
0.0018355396225579732 1.0037564832296782e-49 1.0004706109137642e-47 1.7683647292053215e-43 4.5366024950532386e-40 4.341182659688071e-36 4.1790792816877454e-32 4.7675996088688726e-29 7.499947815945748e-29
0.0018783381259456144 1.0269871462076124e-49 1.0238141884283896e-47 1.838003619342099e-43 4.852121926162998e-40 4.651876576696533e-36 4.4773686629446374e-32 5.061187818038654e-29 7.853352762295116e-29
0.0019221345439899109 1.050763623768496e-49 1.0477032631470493e-47 1.911029976500741e-43 5.189998497933632e-40 4.9848107000121465e-36 4.7969035493945006e-32 5.370978499994018e-29 8.219046706045197e-29
0.001966952144646121 1.0750985368675742e-49 1.0721506294504588e-47 1.987636449431909e-43 5.551827631178572e-40 5.3415770855374354e-36 5.139191612413693e-32 5.697686785333573e-29 8.597199039986526e-29
0.0020128147383986056 1.1000048041900403e-49 1.0971693849878395e-47 2.06802782982496e-43 5.939318849856597e-40 5.723881751103683e-36 5.505846842707353e-32 6.042042943550038e-29 8.988008773368274e-29
0.002059746690910748 1.1254956489470627e-49 1.1227729380631559e-47 2.152421871802153e-43 6.354303946953981e-40 6.133552833221573e-36 5.898596966595903e-32 6.404792734410374e-29 9.391599991248768e-29
0.0021077729359698315 1.1515846058409077e-49 1.1489750152135455e-47 2.2410501692410413e-43 6.798745734926649e-40 6.57254932753966e-36 6.31929136946599e-32 6.786695582803463e-29 9.808203213565935e-29
0.0021569189887337423 1.1782855282021406e-49 1.175789668985661e-47 2.3341590951062984e-43 7.274747422551417e-40 7.042970454766937e-36 6.769909559886702e-32 7.188520689397266e-29 1.0237883729504488e-28
0.002207210959286545 1.2056125953021363e-49 1.2032312859158554e-47 2.4320108072761435e-43 7.784562663032198e-40 7.547065696804276e-36 7.252570211767128e-32 7.611053750187201e-29 1.0680876020063425e-28
0.0022586755665101248 1.23358031984423e-49 1.231314594720366e-47 2.5348843256744634e-43 8.330606321416438e-40 8.087245551025521e-36 7.769540817768096e-32 8.055081892648331e-29 1.1137283748099564e-28
0.0023113401522792685 1.2622035556370707e-49 1.2600546747018862e-47 2.6430766858688504e-43 8.915466012818533e-40 8.666093054079177e-36 8.323248001644777e-32 8.521410337538258e-29 1.1607275494413281e-28
0.0023652326959877285 1.2914975054538365e-49 1.289466964379131e-47 2.7569041746690188e-43 9.5419144666324e-40 9.286376130251304e-36 8.916288521802533e-32 9.01084037455893e-29 1.209097460904257e-28
0.0024203818294129824 1.3214777290811838e-49 1.3195672703462894e-47 2.876703653661261e-43 1.021292277586707e-39 9.951060823367354e-36 9.551441022638281e-32 9.524187346333624e-29 1.2588520097175146e-28
0.0024768168519275916 1.3521601515618939e-49 1.350371776369466e-47 3.002833977044056e-43 1.0931674594971893e-39 1.066332547542333e-35 1.0231678570048409e-31 1.006226333267231e-28 1.3100055656413034e-28
0.002534567746065232 1.3835610716353676e-49 1.3818970527275772e-47 3.135677510590463e-43 1.1701581354054202e-39 1.1426575919655078e-35 1.096018203041579e-31 1.0625883435211731e-28 1.3625713227917034e-28
0.0025936651934496745 1.4156971703802304e-49 1.4141600658053198e-47 3.275641759056018e-43 1.252629856225433e-39 1.224446176059251e-35 1.1740354342077754e-31 1.1215866381171685e-28 1.4165644482982704e-28
0.0026541405910951734 1.448585520063476e-49 1.44717818794628e-47 3.423161109879199e-43 1.3409743278251301e-39 1.3120893818828498e-35 1.2575835733152338e-31 1.183301721802889e-28 1.4719980299975236e-28
0.0027160260680869266 1.4822435932006838e-49 1.4809692075744533e-47 3.5786987015872268e-43 1.4356112831455282e-39 1.406006282378942e-35 1.3470519956403278e-31 1.2478155426582864e-28 1.5288814489573462e-28
0.0027793545026504624 1.5166892718320093e-49 1.5155513395928224e-47 3.7427484259260665e-43 1.5369904883424444e-39 1.5066459443738868e-35 1.4428571582549858e-31 1.315206842915145e-28 1.5872346939612574e-28
0.002844159539619031 1.5519408570187872e-49 1.550943236068001e-47 3.915837073382567e-43 1.6455938925454204e-39 1.6144895748629614e-35 1.545444444984938e-31 1.3855565217825183e-28 1.647068502045743e-28
0.0029104756083082714 1.588017078565683e-49 1.5871639972102517e-47 4.098526632461351e-43 1.7619379315155e-39 1.7300528208236952e-35 1.655290130064253e-31 1.4589419068196197e-28 1.7083979036342777e-28
