results/limits/GDM_h.dat
# %ECSV 1.0
# ---
# datatype:
# - {name: mx, unit: MeV, datatype: float64}
# - {name: sigma, unit: cm2, datatype: float64}
# schema: astropy-2.0
mx sigma
[from data line 2928]
0.48499487281759257 4.285431976613388e-20
0.48678531413805515 4.301338841704007e-20
0.48858236517812953 4.3173039892902337e-20
0.49038605033872146 4.333328332921977e-20
0.4921963941108196 4.3494115734779415e-20
0.4940134210758255 4.3655533863203204e-20
0.495837155905884 4.3817557351694176e-20
0.49766762336422543 4.3980181793832274e-20
0.4995048483054937 4.414336596421383e-20
0.501348855676091 4.430720175744094e-20
0.5031996705145134 4.4471589300942955e-20
0.5050573179516878 4.46366074421085e-20
0.5069218232113203 4.480223911237813e-20
0.5087932116102305 4.4968447390228395e-20
0.5106715085587025 4.5135313526068075e-20
0.5125567395608265 4.530274901409482e-20
0.5144489302148428 4.547081038678958e-20
0.5163481062134958 4.563949917246209e-20
0.5182542933443749 4.5808805226826043e-20
0.520167517490272 4.5978734903313475e-20
0.5220878046295296 4.6149281493148047e-20
0.5240151808363909 4.632045943407709e-20
0.5259496722813602 4.6492283394894123e-20
0.5278913052315511 4.666470323648372e-20
0.5298401060510496 4.6837764821638647e-20
0.5317961012012692 4.701150478346251e-20
0.5337593172413071 4.7185819948589257e-20
0.5357297808283122 4.7360810266493104e-20
0.5377075187178386 4.7536458516408204e-20
0.5396925577642161 4.771270772042274e-20
0.5416849249209121 4.788964338138745e-20
0.5436846472408939 4.8067230044956425e-20
0.5456917518770038 4.824544075525936e-20
0.5477062660823193 4.8424322084176794e-20
0.5497282172105302 4.8603861221391204e-20
0.5517576327163075 4.8784059266376936e-20
0.5537945401556722 4.896492474025891e-20
0.5558389671863776 4.9146445122945524e-20
0.5578909415682759 4.932862949094721e-20
0.5599504911637029 4.951150014134716e-20
0.5620176439378527 4.9695052509472635e-20
0.5640924279591547 4.9879235119133985e-20
0.566174871399662 5.0064134641630236e-20
0.5682650025354252 5.0249711842252287e-20
0.570362849746884 5.0435940064387944e-20
0.5724684415192495 5.0622882899039856e-20
0.5745818064428873 5.0810520500388035e-20
0.5767029732137138 5.0998828046341105e-20
0.5788319706335768 5.11878280099525e-20
0.5809688276106544 5.1377523062584506e-20
0.5831135731598441 5.156792078868772e-20
0.5852662364031536 5.175901518871355e-20
0.5874268465701038 5.195082333362879e-20
0.5895954329981168 5.214333281171255e-20
0.5917720251329225 5.2336526284646575e-20
0.5939566525289545 5.253045122217927e-20
0.5961493448497482 5.272512113274822e-20
0.5983501318683518 5.292044357947431e-20
0.6005590434677209 5.3116511689897647e-20
0.6027761096411328 5.331332020244162e-20
0.6050013604925901 5.3510846181751355e-20
0.6072348262372257 5.370908075016614e-20
0.6094765372017207 5.3908052759699075e-20
0.611726523824712 5.4107753411611453e-20
0.6139848166572027 5.4308190987248e-20
0.6162514463629847 5.450936443895663e-20
0.6185264437190455 5.471128311094027e-20
0.6208098396159952 5.491395774993073e-20
0.6231016650584817 5.511735979983142e-20
0.6254019511656078 5.532149638897139e-20
0.6277107291713634 5.552640697514328e-20
0.6300280304250382 5.57320922423969e-20
0.6323538863916577 5.593848845584658e-20
0.6346883286524053 5.614565643670705e-20
0.6370313889050484 5.635359576571234e-20
0.639383098964377 5.656230235514834e-20
0.6417434907626255 5.677177672645649e-20
0.6441125963499157 5.698202481170753e-20
0.646490447894688 5.719303478339924e-20
0.6488770776841339 5.740482941823572e-20
0.651272518124644 5.761741601992863e-20
0.6536768017422373 5.783075769863134e-20
0.656089961183012 5.804488306575928e-20
0.6585120292135852 5.825981319016504e-20
0.6609430387215334 5.84755496028551e-20
0.6633830227158484 5.86920639424479e-20
0.6658320143273752 5.890936256472009e-20
0.668290046809271 5.912747199516336e-20
0.6707571535374526 5.934638944381875e-20
0.6732333680110455 5.956610383815904e-20
0.6757187238528487 5.97866271985592e-20
0.6782132548097799 6.00079659989718e-20
0.6807169947533432 6.023011686190567e-20
0.6832299776800855 6.045308565859857e-20
0.6857522377120534 6.067688378265566e-20
0.6882838090972663 6.090151910318235e-20
0.6908247262101708 6.112695480756204e-20
0.6933750235521162 6.135321595903751e-20
0.6959347357518203 6.158032060923092e-20
0.6985038975658338 6.180826538357249e-20
0.7010825438790228 6.203705413232053e-20
0.7036707097050318 6.226667713637411e-20
0.7062684301867675 6.249714345380795e-20
0.7088757405968734 6.272846162003199e-20
0.7114926763382035 6.29606299894512e-20
0.7141192729443128 6.319365135677824e-20
0.7167555660799292 6.342753514113191e-20
0.7194015915414472 6.366228903020957e-20
0.7220573852574098 6.389791310245716e-20
0.724722983288992 6.413438407815619e-20
0.7273984218305006 6.437172615157945e-20
0.7300837372098539 6.46099521247682e-20
0.7327789658890855 6.484903992071335e-20
0.7354841444648347 6.508901931362056e-20
0.7381993096688392 6.532988931864482e-20
0.740924498368444 6.557163457688402e-20
0.7436597475670902 6.581427761141574e-20
0.7464050944048282 6.60578222575407e-20
0.7491605761588167 6.630225223689662e-20
0.7519262302438255 6.654757118478084e-20
0.7547020942127515 6.679380080962695e-20
0.7574882057571246 6.704094289686992e-20
0.7602846027076151 6.72889997721543e-20
0.7630913230345574 6.753796654415379e-20
0.7659084048484539 6.778784855283367e-20
0.7687358864005033 6.803866201640048e-20
0.7715738060831145 6.829038179756167e-20
0.7744222024304247 6.854303638227986e-20
0.777281114118832 6.879662773212751e-20
0.780150579967509 6.905115825212687e-20
0.7830306389389406 6.930660817861161e-20
0.7859213301394485 6.956300028998563e-20
0.7888226928197172 6.982034410040185e-20
0.7917347663753379 7.007863248384271e-20
0.7946575903473314 7.033787313310714e-20
0.7975912044226954 7.059807221701341e-20
0.8005356484349392 7.085921942553732e-20
0.8034909623646191 7.112133735708896e-20
0.8064571863398934 7.138442015681181e-20
0.8094343606370534 7.164847124279558e-20
0.8124225256810823 7.191349660522201e-20
0.8154217220461991 7.217950019006155e-20
0.8184319904564041 7.244648421354259e-20
0.8214533717860446 7.2714454271097e-20
0.824485907060355 7.298341099690648e-20
0.8275296374560268 7.325335459185416e-20
0.8305846043017624 7.35242945281629e-20
0.8336508490788309 7.379622629648572e-20
0.8367284134216433 7.406916427488986e-20
0.8398173391183045 7.43431089253725e-20
0.8429176681111923 7.461806416247614e-20
0.8460294424975221 7.489403326978187e-20
0.8491527045299131 7.517101936483617e-20
0.8522874966169741 7.544903008509002e-20
0.8554338613238656 7.572806083974466e-20
0.85859184137289 7.60081213433241e-20
0.8617614796440664 7.628920649377195e-20
0.864942819175707 7.657133286069352e-20
0.8681359031650153 7.685450081630444e-20
0.8713407749686567 7.71387107134042e-20
0.8745574781033607 7.742396786498305e-20
0.8777860562465065 7.771027865673922e-20
0.8810265532367102 7.799765038499167e-20
0.8842790130744328 7.828606351422114e-20
0.8875434799225633 7.857555117646018e-20
0.8908199981070312 7.886610194737922e-20
0.8941086121174022 7.915773350218804e-20
0.897409366607478 7.945042330915287e-20
0.9007223063959144 7.974419733916899e-20
0.9040474764668157 8.003905616323543e-20
0.9073849219703579 8.033500226977789e-20
0.9107346882233969 8.063204075041538e-20
0.9140968207100779 8.093018323007924e-20
0.9174713650824642 8.1229412132564e-20
0.9208583671611512 8.152974300403893e-20
0.9242578729358836 8.183118964374626e-20
0.9276699285661923 8.213374520084245e-20
0.9310945803820069 8.243740618575778e-20
0.9345318748842967 8.274218977064367e-20
0.9379818587456982 8.304809782478212e-20
0.9414445788111414 8.335513609520159e-20
0.9449200820985005 8.366331782201326e-20
0.9484084157992164 8.397261837566806e-20
0.951909627278951 8.42830615643645e-20
0.9554237640782246 8.459466390897857e-20
0.9589508739130556 8.490739106980153e-20
0.962491004675622 8.522127915802627e-20
0.9660442044348964 8.553632806114756e-20
0.9696105214373116 8.585254207672881e-20
0.973190004107411 8.616993030537291e-20
0.9767827010484987 8.648846736714502e-20
0.980388661043315 8.680819186642573e-20
0.9840079330546814 8.712909242480166e-20
0.9876405662261802 8.745116821663351e-20
0.9912866098828158 8.777444511754763e-20
0.9949461135316781 8.809891803233509e-20
0.9986191268626288 8.842457073092143e-20
1.00230569974896 8.875141926872145e-20
1.0060058822480866 8.90794867187282e-20
1.0097197246022176 8.940876192622389e-20
1.0134472772390344 8.973924582833988e-20
1.017188590772389 9.007095717131109e-20
1.0209437160029746 9.040387699570795e-20
1.02471270391903 9.073803500573655e-20
1.0284956056970258 9.107343156944696e-20
1.0322924727023535 9.141006204942073e-20
1.0361033564900362 9.174791702135662e-20
1.0399283088054132 9.208703243126121e-20
1.0437673815848574 9.242739494048457e-20
1.0476206269564727 9.276902277928646e-20
1.0514880972407972 9.311188580495112e-20
1.0553698449515274 9.345602724208864e-20
1.0592659227962142 9.380144659406204e-20
1.0631763836769945 9.414813298090124e-20
1.0671012806913023 9.449608753050232e-20
1.071040667132583 9.484533723115298e-20
1.0749945964910326 9.519586820763583e-20
1.0789631224543068 9.554769558520579e-20
1.082946298908265 9.590081517092281e-20
1.0869441799376953 9.625525174452736e-20
1.0909568198270425 9.661098365167974e-20
1.0949842730611605 9.696801861011571e-20
1.0990265943260344 9.73263875698162e-20
1.1030838385095387 9.768606788601105e-20
1.107156060702176 9.804707707478379e-20
1.1112433161978175 9.840941825471379e-20
1.1153456604944711 9.877309855038907e-20
1.1194631492950156 9.91381062750623e-20
1.1235958385079732 9.950447492505385e-20
1.1277437842482618 9.987219161104134e-20
1.1319070428379507 1.0024126285199176e-19
1.1360856708070382 1.0061169435966427e-19
1.1402797248942131 1.0098349592326226e-19
1.1444892620476175 1.0135665901604511e-19
1.1487143394256367 1.0173122007472836e-19
1.1529550143976566 1.0210713504490293e-19
1.1572113445448589 1.0248444952403027e-19
1.1614833876609962 1.0286315449930424e-19
1.1657712017531694 1.0324326279076161e-19
1.1700748450426324 1.0362475327114414e-19
1.1743943759655624 1.0400765874784159e-19
1.178729853173872 1.0439198392052577e-19
1.1830813355359961 1.0477776019910194e-19
1.1874488821376863 1.0516490505753471e-19
1.1918325522828288 1.0555346598832266e-19
1.1962324054942297 1.0594352300207914e-19
1.2006485015144421 1.0633499666304379e-19
1.2050809003065683 1.0672786539604991e-19
1.2095296620550675 1.0712223020709485e-19
1.2139948471665898 1.075180601402097e-19
1.2184765162707767 1.0791533252767627e-19
1.2229747302211023 1.0831405701172167e-19
1.2274895500956913 1.0871426721677247e-19
1.2320210371981413 1.0911595530644044e-19
1.2365692530583727 1.0951910905027842e-19
1.2411342594334442 1.0992377665778414e-19
1.2457161183084082 1.103299053322786e-19
1.250314891897146 1.1073756012979824e-19
1.2549306426432045 1.111466986064294e-19
1.2595634332206616 1.1155735134933028e-19
1.2642133265349567 1.1196951880368013e-19
1.2688803857237636 1.1238322471057306e-19
1.2735646741578395 1.127984234967673e-19
1.2782662554418778 1.1321518696400515e-19
1.2829851934153893 1.136334618546178e-19
1.2877215521535497 1.1405329017457926e-19
1.2924753959680864 1.1447466360588151e-19
1.2972467894081445 1.1489759755100035e-19
1.302035797261156 1.1532208737080296e-19
1.3068424845537365 1.1574814487269033e-19
1.3116669165525487 1.1617577880903728e-19
1.3165091587652054 1.1660498117935027e-19
1.3213692769411525 1.17035768344466e-19
1.326247337072553 1.1746814485690743e-19
1.331143405395202 1.1790212236480327e-19
1.3360575483894048 1.18337695020513e-19
1.3409898327808978 1.1877487490012504e-19
1.3459403255417468 1.1921367062385837e-19
1.350909093891249 1.1965408614340964e-19
1.3558962052968628 1.2009612023767797e-19
1.3609017274751043 1.205397949475777e-19
1.3659257283924846 1.2098509164155144e-19
1.3709682762664246 1.2143202484703467e-19
1.3760294395661734 1.2188062022947254e-19
1.3811092870137571 1.2233089666122992e-19
1.3862078875848893 1.227828431680409e-19
1.3913253105099284 1.2323638623676224e-19
1.3964616252748077 1.2369162844162555e-19
1.4016169016219715 1.2414856462418636e-19
1.406791209551339 1.2460719563556804e-19
1.411984619321246 1.2506749745547098e-19
1.4171972014493899 1.2552951319867437e-19
1.4224290267138078 1.2599322134463356e-19
1.427680166153815 1.2645863805494809e-19
1.4329506910709888 1.2692578581344517e-19
1.4382406730301285 1.2739464783752592e-19
1.4435501838602183 1.278652442651686e-19
1.448879295655423 1.2833757017098078e-19
1.4542280807760442 1.288116493442644e-19
1.4595966118495214 1.292874680506499e-19
1.464984961771412 1.2976504159584616e-19
1.47039320370637 1.3024438722518154e-19
1.4758214110891619 1.3072549183712362e-19
1.4812696576256386 1.3120837892196675e-19
1.4867380172937579 1.316930361462478e-19
1.49222656434458 1.321794892147586e-19
1.4977353733032661 1.326677387649685e-19
1.5032645189701124 1.3315778928843896e-19
1.5088140764215408 1.3364964416214044e-19
1.5143841210111393 1.341433141487345e-19
1.5199747283706773 1.3463880679192706e-19
1.525585974411122 1.3513613309148186e-19
1.5312179353236917 1.356352867739829e-19
1.5368706875808644 1.3613628511063724e-19
1.5425443079374397 1.3663913143293585e-19
1.5482388734315697 1.3714382987327827e-19
1.5539544613857972 1.376503951642169e-19
1.5596911494081265 1.3815882916454985e-19
1.5654490153930527 1.3866914039832695e-19
1.5712281375226413 1.3918133599984813e-19
1.5770285942675801 1.3969541935768648e-19
1.5828504643882353 1.4021139070250795e-19
1.588693826935743 1.407292725707247e-19
1.5945587612530576 1.412490674665062e-19
1.6004453469760511 1.4177078360554757e-19
1.6063536640345848 1.4229440465827708e-19
1.612283792653585 1.4281997335175988e-19
1.618235813354155 1.4334747856331974e-19
1.6242098069546427 1.43876927762163e-19
1.6302058545717601 1.4440833346377514e-19
1.636224037621676 1.449417038160686e-19
1.6422644378211102 1.4547704318371356e-19
1.6483271371884676 1.460143625180357e-19
1.654412218044924 1.4655366323637582e-19
1.6605197630155693 1.470949452101992e-19
1.6666498550305164 1.4763822901460327e-19
1.6728025773260198 1.4818350285741812e-19
1.6789780134456278 1.487307975140076e-19
1.6851762472412906 1.4928011398529065e-19
1.6913973628745225 1.4983145996570683e-19
1.6976414448175343 1.503848415607922e-19
1.7039085778543699 1.5094026432118752e-19
1.7101988470820824 1.5149774279744753e-19
1.7165123379118603 1.5205727471833046e-19
1.7228491360702134 1.5261886865380398e-19
1.729209327600125 1.5318252607011422e-19
1.7355929988622107 1.5374826716567723e-19
1.742000236535911 1.5431610132136596e-19
1.7484311276206592 1.5488602881707005e-19
1.7548857594370502 1.5545805952990378e-19
1.7613642196280528 1.560322051022691e-19
1.7678665961601703 1.566084788602837e-19
1.7743929773246596 1.571868600156772e-19
1.7809434517387206 1.577673808298717e-19
1.7875181083466876 1.5835003862332943e-19
1.7941170364212622 1.5893487919405346e-19
1.8007403255646972 1.5952183518814058e-19
1.8073880657100387 1.6011096512729757e-19
1.8140603471223353 1.6070227377193764e-19
1.8207572603998536 1.6129576421590148e-19
1.8274788964753343 1.6189144471490101e-19
1.8342253466171967 1.624893367985248e-19
1.840996702430804 1.63089425792186e-19
1.8477930558596969 1.6369173041640154e-19
1.8546144991868294 1.6429625459764991e-19
1.861461125035849 1.6490301441664573e-19
1.8683330263723243 1.655120091938554e-19
1.8752302965050336 1.661232514639009e-19
1.88215302908722 1.6673674717507857e-19
1.8891013181178526 1.6735251351900135e-19
1.8960752579429287 1.679705538965974e-19
1.9030749432567249 1.6859086549005548e-19
1.9101004691031092 1.6921346762631428e-19
1.91715193087682 1.6983837545395782e-19
1.9242294243247506 1.7046559150095878e-19
1.9313330455472755 1.7109509878448693e-19
1.9384628909995247 1.717269375777118e-19
1.9456190574927201 1.7236111319484425e-19
1.9528016421954795 1.7299764066192018e-19
1.9600107426351225 1.7363651557697655e-19
1.967246456699024 1.7427773971605115e-19
1.9745088826359105 1.7492133554183943e-19
1.981798119057223 1.755672895803927e-19
1.9891142649384423 1.762156359660736e-19
1.9964574196204234 1.768663879192593e-19
2.0038276828107704 1.775195492384702e-19
2.0112251545851585 1.7817510702643837e-19
2.0186499353887224 1.7883305922764632e-19
