results/limits/GDM_f_6.dat
# %ECSV 1.0
# ---
# datatype:
# - {name: mx, unit: MeV, datatype: float64}
# - {name: sigma_6, unit: cm2, datatype: float64}
# schema: astropy-2.0
mx sigma_6
3.162277660168379e-07 5.828871533030964e-40
3.2360111549336787e-07 6.131383424923037e-40
3.311463862505236e-07 6.453073373517571e-40
3.388675869043115e-07 6.795250995879472e-40
3.4676881953794695e-07 7.159316618134431e-40
3.548542818811901e-07 7.5467675814174e-40
3.6312826954049566e-07 7.959204982742794e-40
3.715951782811629e-07 8.398340885104359e-40
3.8025950636269697e-07 8.866006036217433e-40
3.89125856928623e-07 9.364158142136699e-40
3.9819894045202297e-07 9.894890748380948e-40
4.0748357723809307e-07 1.046044278711652e-39
4.169846999850535e-07 1.106320885333528e-39
4.2670735640476865e-07 1.1705750275638788e-39
4.3665671190447213e-07 1.2390807047867274e-39
4.4683805233101997e-07 1.3121310677812608e-39
4.572567867791303e-07 1.3900398011740976e-39
4.6791845046510194e-07 1.4731426074456982e-39
4.788287076675383e-07 1.561798796262949e-39
4.899933547366384e-07 1.656392982423771e-39
5.014183231736547e-07 1.757336895695099e-39
5.131096827821533e-07 1.865071307545152e-39
5.250736448927506e-07 1.980068082299094e-39
5.373165656630395e-07 2.1028323638556592e-39
5.4984494945446e-07 2.2339049132731676e-39
5.626654522879044e-07 2.3738646170918067e-39
5.757848853798981e-07 2.5233311871235943e-39
5.892102187612295e-07 2.6829680751319168e-39
6.029485849799565e-07 2.8534856195196174e-39
6.17007282890752e-07 3.03564443755248e-39
6.313937815326057e-07 3.2302590685045293e-39
6.461157240969403e-07 3.438201867189161e-39
6.611809319882495e-07 3.660407147113043e-39
6.765974089794179e-07 3.897875578143476e-39
6.923733454639272e-07 4.151678858136434e-39
7.085171228072106e-07 4.4229646963186256e-39
7.250373177994646e-07 4.712962163741198e-39
7.419427072122865e-07 5.0229874725456846e-39
7.592422724615558e-07 5.3544502375677134e-39
7.769452043790388e-07 5.708860247050983e-39
7.950609080952509e-07 6.087834738606841e-39
8.135990080361694e-07 6.493106153176725e-39
8.325693530364543e-07 6.926530347473324e-39
8.519820215718901e-07 7.390095286920757e-39
8.718473271138315e-07 7.88593030743884e-39
8.921758236084957e-07 8.416316087137861e-39
9.12978311084014e-07 8.983695472630134e-39
9.342658413882192e-07 9.590685237440178e-39
9.560497240602198e-07 1.0240088744501066e-38
9.78341532338879e-07 1.0934909410741756e-38
1.0011531093113902e-06 1.1678364907768927e-38
1.0244965742052174e-06 1.2473902185780868e-38
1.048384328826741e-06 1.3325213588195162e-38
1.0728290641500308e-06 1.4236254388299055e-38
1.0978437670592484e-06 1.5211261889931664e-38
1.1234417272482566e-06 1.6254775977453663e-38
1.149636544281106e-06 1.7371660830744998e-38
1.1764421348171486e-06 1.8567127751565066e-38
1.2038727400046132e-06 1.9846759486360426e-38
1.2319429330465773e-06 2.1216536691048738e-38
1.2606676269433496e-06 2.2682866899719446e-38
1.2900620824153782e-06 2.4252615599059606e-38
1.3201419160108953e-06 2.593313890768128e-38
1.3509231084026028e-06 2.7732317931057944e-38
1.38242201287781e-06 2.965859582320347e-38
1.4146553640265304e-06 3.17210184977673e-38
1.447640286632156e-06 3.392927863687064e-38
1.4813943047694329e-06 3.6293761909586464e-38
1.5159353511145682e-06 3.882559546184195e-38
1.5512817764724183e-06 4.153670049169954e-38
1.587452359525819e-06 4.443985013542893e-38
1.6244663168122348e-06 4.754873126393117e-38
1.6623433129330315e-06 5.087800890710989e-38
1.7011034710007933e-06 5.444339500114928e-38
1.740767383330235e-06 5.82617242477394e-38
1.7813561223783898e-06 6.235103588469233e-38
1.8228912519398869e-06 6.673065875302205e-38
1.8653948386032614e-06 7.142130203288091e-38
1.908889463474389e-06 7.644515554469275e-38
1.9533982341732686e-06 8.182599702703513e-38
1.9989447971105317e-06 8.758930356505724e-38
2.045553350050195e-06 9.376237265128173e-38
2.0932486549653353e-06 1.0037445513447869e-37
2.1420560511935146e-06 1.0745689401417762e-37
2.192001468898943e-06 1.1504327186625343e-37
2.2431114428485372e-06 1.231695739227771e-37
2.2954131265091837e-06 1.3187436011278015e-37
2.3489343064737076e-06 1.4119894619796389e-37
2.403703417223201e-06 1.5118760402371168e-37
2.4597495562335635e-06 1.6188777306789107e-37
2.5171024994342686e-06 1.7335028395373771e-37
2.575792717027583e-06 1.8562960512735913e-37
2.635851389676631e-06 1.9878410119787195e-37
2.6973104250709106e-06 2.1287631055292445e-37
2.760202474878063e-06 2.2797324786618427e-37
2.8245609520908932e-06 2.4414671990431994e-37
2.8904200487788716e-06 2.6147367202054028e-37
2.9578147542535346e-06 2.800365545460867e-37
3.026780873657441e-06 2.999237158213441e-37
3.097355046986562e-06 3.21229827238962e-37
3.1695747685562034e-06 3.440563316303124e-37
3.2434784069208122e-06 3.685119327180201e-37
3.319105225258239e-06 3.947131098451366e-37
3.3964954022292982e-06 4.227846793806044e-37
3.4756900533236943e-06 4.528603867303018e-37
3.5567312527036693e-06 4.850835500022682e-37
3.6396620555569646e-06 5.196077406899529e-37
3.7245265209709786e-06 5.565975219694989e-37
3.811369735340273e-06 5.962292311900622e-37
3.900237836319859e-06 6.386918264564152e-37
3.991178037336996e-06 6.841877869715753e-37
4.0842386526745176e-06 7.329340824593411e-37
4.179469123139017e-06 7.851632104466751e-37
4.2769200423275275e-06 8.41124305913519e-37
4.376643183506652e-06 9.010843347802683e-37
4.478691527118417e-06 9.65329368006749e-37
4.583119288927478e-06 1.0341659495502243e-36
4.689981948824612e-06 1.1079225629708277e-36
4.799336280301815e-06 1.1869512001770134e-36
4.911240380614659e-06 1.2716290444431808e-36
5.0257537016479225e-06 1.3623602743419078e-36
5.142937081500915e-06 1.459577995278882e-36
5.262852776809252e-06 1.5637463095723817e-36
5.385564495820272e-06 1.6753625355351633e-36
5.511137432239651e-06 1.7949595850145695e-36
5.639638299867211e-06 1.9231085107680654e-36
5.771135368040315e-06 2.0604212361694814e-36
5.905698497903673e-06 2.2075534804996106e-36
6.043399179524854e-06 2.3652078936174872e-36
6.184310569875183e-06 2.534137414859322e-36
6.32850753169624e-06 2.7151488723136885e-36
6.47606667327258e-06 2.9091068396133607e-36
6.627066389131828e-06 3.116937768811808e-36
6.781586901693754e-06 3.33963441891377e-36
6.939710303890459e-06 3.5782606013613835e-36
7.101520602780329e-06 3.833956265092621e-36
7.267103764178904e-06 4.107942945386908e-36
7.436547758330399e-06 4.401529602662103e-36
7.609942606644117e-06 4.716118879000221e-36
7.787380429520604e-06 5.0532138023098156e-36
7.968955495292936e-06 5.414424970253028e-36
8.15476427030917e-06 5.801478247897619e-36
8.344905470182516e-06 6.216223016174456e-36
8.539480112236516e-06 6.660641010511009e-36
8.738591569173047e-06 7.136855791953627e-36
8.942345623991688e-06 7.647142895484704e-36
9.150850526189614e-06 8.193940703773264e-36
9.364217049271877e-06 8.77986209997405e-36
9.58255854960264e-06 9.407706953273944e-36
9.805991026628606e-06 1.0080475496631244e-35
1.0034633184506672e-05 1.080138266347696e-35
1.0268606495168497e-05 1.1573873446878147e-35
1.0508035262855554e-05 1.2401639359985792e-35
1.07530466901589e-05 1.3288636070791102e-35
1.1003770945598772e-05 1.423910230042517e-35
1.1260341232779899e-05 1.5257580070302987e-35
1.1522893861159297e-05 1.6348936398764714e-35
1.1791568318464117e-05 1.7518386548106846e-35
1.206650734479802e-05 1.8771518932886017e-35
1.2347857008475478e-05 2.011432180967845e-35
1.263576678362426e-05 2.1553211874221533e-35
1.293038962959737e-05 2.309506490219212e-35
1.3231882072236462e-05 2.4747248580013357e-35
1.3540404287030327e-05 2.651765768144033e-35
1.3856120184212054e-05 2.8414751758049593e-35
1.4179197495840522e-05 3.0447595522353774e-35
1.4509807864912299e-05 3.262590211565298e-35
1.484812693655133e-05 3.496007946716749e-35
1.5194334451324849e-05 3.746127996385722e-35
1.5548614340735104e-05 4.014145366782164e-35
1.5911154824937624e-05 4.3013405334053757e-35
1.6282148512737936e-05 4.609085549822991e-35
1.6661792503919872e-05 4.938850592755353e-35
1.7050288493959805e-05 5.292210974139144e-35
1.7447842881182494e-05 5.670854653838952e-35
1.785466687641539e-05 6.076590288337928e-35
1.8270976615199758e-05 6.51135585381585e-35
1.869699327261814e-05 6.977227884265299e-35
1.91329431807992e-05 7.476431368662231e-35
1.957905794916243e-05 8.011350353850643e-35
2.003557458746648e-05 8.584539303466647e-35
2.0502735631726606e-05 9.198735266593742e-35
2.0980789273068064e-05 9.856870913712943e-35
2.1469989489583918e-05 1.05620885016016e-34
2.1970596181267336e-05 1.1317754833024485e-34
2.2482875308090033e-05 1.212747728206614e-34
2.3007099031300245e-05 1.299512096047635e-34
2.354354585801526e-05 1.3924827106123641e-34
2.4092500789185385e-05 1.4921032780206644e-34
2.4654255471007912e-05 1.5988491965910548e-34
2.5229108349871537e-05 1.7132298167728353e-34
2.5817364830913554e-05 1.835790861795055e-34
2.641933744027406e-05 1.96711702036599e-34
2.7035345991133382e-05 2.10783472363853e-34
2.7665717753620915e-05 2.2586151194044605e-34
2.8310787628685666e-05 2.4201772575290096e-34
2.8970898326020842e-05 2.593291501455107e-34
2.964640054613707e-05 2.7787831817821944e-34
3.033765316668089e-05 2.9775365089784083e-34
3.104502343309761e-05 3.1904987634325694e-34
3.176888715373972e-05 3.418684782466476e-34
3.25096288995246e-05 3.663181765066191e-34
3.326764220824756e-05 3.925154416762521e-34
3.4043329793658724e-05 4.2058504585107176e-34
3.483710375941493e-05 4.506606525077489e-34
3.5649385818020195e-05 4.828854480266923e-34
3.648060751487119e-05 5.174128178132942e-34
3.73312104575266e-05 5.544070701384262e-34
3.820164655032238e-05 5.940442110364798e-34
3.90923782344573e-05 6.365127738052423e-34
4.0003878733676586e-05 6.8201470693851255e-34
4.093663230568398e-05 7.307663245339915e-34
4.1891134499415887e-05 7.829993235332124e-34
4.2867892418314344e-05 8.389618724218958e-34
4.386742498973848e-05 8.989197763487518e-34
4.489026324065786e-05 9.631577239438393e-34
4.5936950579773975e-05 1.0319806214787556e-33
4.700804308621986e-05 1.1057150204025941e-33
4.8104109804991236e-05 1.1847106446510771e-33
4.922573304926602e-05 1.2693420246170626e-33
5.0373508709772956e-05 1.360010245062428e-33
5.154804657137365e-05 1.4571448147714093e-33
5.27499706370262e-05 1.561205666289923e-33
5.397991945930254e-05 1.6726852945206506e-33
5.5238546479635675e-05 1.7921110437112416e-33
5.6526520375476976e-05 1.9200475527947193e-33
5.784452541554797e-05 2.0570993698394385e-33
5.9193261823375433e-05 2.2039137469520272e-33
6.057344614930286e-05 2.3611836277948363e-33
6.198581165117595e-05 2.5296508405752252e-33
6.34311086839044e-05 2.710109510202403e-33
6.491010509810695e-05 2.903409704239012e-33
6.642358664805138e-05 3.110461328052048e-33
6.797235740910648e-05 3.332238285642527e-33
6.955724020492732e-05 3.5697829236008864e-33
7.117907704460117e-05 3.8242107766772994e-33
7.283872956998614e-05 4.096715634613251e-33
7.453707951348025e-05 4.388574951036752e-33
7.627502916646401e-05 4.701155616459749e-33
7.805350185866558e-05 5.035920118675251e-33
7.987344244870308e-05 5.394433115285103e-33
8.173581782606456e-05 5.778368444369046e-33
8.364161742479263e-05 6.189516600933137e-33
8.559185374914618e-05 6.629792708157403e-33
8.758756291151902e-05 7.101245014107544e-33
8.96298051829007e-05 7.606063946322558e-33
9.17196655561724e-05 8.146591758128967e-33
9.385825432253677e-05 8.725332802641017e-33
9.604670766138824e-05 9.344964471888369e-33
9.828618824393714e-05 1.000834884057506e-32
0.00010057788585090809 1.0718545055706199e-32
0.00010292301800464121 1.1478822515340864e-32
0.00010532283061593165 1.2292674881730104e-32
0.00010777859864595113 1.316383497576877e-32
0.00011029162678360347 1.4096290602001632e-32
0.00011286325013867351 1.5094301355118208e-32
0.00011549483495113791 1.6162416460850386e-32
0.00011818777931701482 1.7305493705973797e-32
0.0001209435139311377 1.8528719514177467e-32
0.00012376350284724815 1.9837630225629175e-32
0.00012664924425581149 2.1238134640384337e-32
0.00012960227127996844 2.2736537886572309e-32
0.00013262415279004548 2.4339566675605396e-32
0.00013571649423705693 2.605439600792689e-32
0.0001388809385056415 2.7888677392795445e-32
0.00014211916678688624 2.9850568646730634e-32
0.00014543289947150178 3.1948765334067947e-32
0.0001488238970638237 3.419253391353483e-32
0.00015229396111712465 3.659174665288539e-32
0.00015584493519073535 3.9156918371894934e-32
0.00015947870582948208 4.189924507178951e-32
0.00016319720356596128 4.483064450540059e-32
0.00016700240394618395 4.7963798738285866e-32
0.00017089632857913436 5.131219874561251e-32
0.000174881046210801 5.4890191082263e-32
0.00017895867382325032 5.871302665738752e-32
0.0001831313777593269 6.279691163252908e-32
0.00018740137487357792 6.71590604538941e-32
0.00019177093371001327 7.181775101385228e-32
0.000196242375707327 7.679238192403488e-32
0.00020081807643222024 8.210353186257649e-32
0.00020550046684148122 8.777302093988133e-32
0.0002102920345734925 9.38239740022376e-32
0.0002151953252698519 1.0028088577265422e-31
0.00022021294392780895 1.0716968768969863e-31
0.00022534755628423554 1.1451781628223841e-31
0.0002306018902318662 1.2235428287716492e-31
0.00023597873726856003 1.3070974439668452e-31
0.0002414809539803547 1.3961657495777296e-31
0.0002471114635590999 1.4910893794018017e-31
0.00025287325735547713 1.5922285813033898e-31
0.00025876939646823026 1.699962934943854e-31
0.00026480301337045197 1.8146920606420305e-31
0.000270977313573789 1.936836313598595e-31
0.00027729557733145163 2.0668374566512743e-31
0.00028376116138093086 2.2051593056402813e-31
0.0002903775007273506 2.3522883348636303e-31
0.00029714811046840066 2.508734240624015e-31
0.00030407658766182135 2.6750304454375286e-31
0.00031116661323643183 2.8517345371827175e-31
0.0003184219539477161 3.039428626320815e-31
0.00032584646437900766 3.238719613543286e-31
0.00033344408898933415 3.450239348245701e-31
0.0003412188642090111 3.674644664952823e-31
0.0003491749205840977 3.9126172797993705e-31
0.0003573164849708539 4.164863537186215e-31
0.0003656478827813646 4.4321139619754105e-31
0.0003741735402815245 4.715122641330082e-31
0.0003828979869426037 5.014666372040433e-31
0.000391825857847644 5.331543574593978e-31
0.000400961896153964 5.666572949854833e-31
0.0004103109556130814 6.020591849574248e-31
0.0004198780031493915 6.394454341309406e-31
0.00042966812149897106 6.789028943865919e-31
0.000439686511909911 7.205196011489163e-31
0.0004499384969056106 7.64384474151762e-31
0.00046042952311250296 8.105869788744847e-31
0.0004711651641537129 8.592167461787426e-31
0.00048215112361018567 9.103631487526525e-31
0.0004933932380508582 9.641148330058076e-31
0.0005048974801334842 1.0205592044293125e-30
0.0005166699617777604 1.0797818662340927e-30
0.0005287169374124361 1.1418660127013072e-30
0.0005410448072981404 1.206891771565351e-30
0.0005536601209276797 1.2749355037632898e-30
0.0005665695805056229 1.3460690579228469e-30
0.0005797800445090163 1.4203589812483274e-30
0.0005932985313311235 1.4978656914448951e-30
0.000607132223010125 1.578642613877565e-30
0.0006212884690447563 1.6627352867669805e-30
0.0006357747902989163 1.750180442454031e-30
0.0006505988829973161 1.8410050720936312e-30
0.0006657686228142928 1.935225476488332e-30
0.0006812920690579615 2.0328463201846317e-30
0.0006971774689519261 2.133859692996026e-30
0.0007134332620168255 2.2382441905760226e-30
0.0007300680845540431 2.3459640283352765e-30
0.0007470907742339592 2.45696819890458e-30
0.0007645103747911887 2.5711896882519494e-30
0.0007823361408292924 2.6885447630689584e-30
0.00080057754273752 2.808932343240292e-30
0.0008192442717221943 2.9322334761417858e-30
0.0008383462449554094 3.0583109234264477e-30
0.0008578936108437789 3.187008875954533e-30
0.0008778967544200344 3.318152809727722e-30
0.000898366302860337 3.451549493542068e-30
0.0009193131311302326 3.586987160138709e-30
0.0009407483677622533 3.724235847113411e-30
0.000962683400768232 3.863047920136538e-30
0.000985129883689471 4.003158775241073e-30
0.0010080997417879817 4.144287728301005e-30
0.0010316051783820807 4.286139089536122e-30
0.0010556586813297128 4.428403418264437e-30
0.0010802730296629402 4.570758953267648e-30
0.001105461300377127 4.712873207863778e-30
0.0011312368753784248 4.8544047192414216e-30
0.0011576134485932472 4.995004934779708e-30
0.0011846050332435167 5.1343202201880155e-30
