results/limits/GDM_f_6.dat
# %ECSV 1.0
# ---
# datatype:
# - {name: mx, unit: MeV, datatype: float64}
# - {name: sigma_6, unit: cm2, datatype: float64}
# schema: astropy-2.0
mx sigma_6
[from data line 359]
0.0012404909310584848 5.407668757061692e-30
0.0012694149350204683 5.540988641863046e-30
0.0012990133477864558 5.671601360210971e-30
0.0013293018942621524 5.799160625366387e-30
0.001360296666004259 5.923328357032857e-30
0.001392014129769518 6.0437768653605866e-30
0.0014244711362630968 6.16019095403857e-30
0.0014576849290909482 6.272269920656331e-30
0.0014916731539209149 6.379729427629059e-30
0.0015264538678574353 6.482303223791594e-30
0.0015620455490348386 6.57974469796663e-30
0.0015984671064343198 6.671828247534258e-30
0.0016357378899298156 6.758350449760289e-30
0.0016738777005681136 6.839131024791596e-30
0.0017129068010886602 6.914013584544427e-30
0.0017528459266886532 6.982866164892144e-30
0.00179371629603914 7.045581538968874e-30
0.0018355396225579732 7.102077316788386e-30
0.0018783381259456144 7.152295836873813e-30
0.0019221345439899109 7.196203857931762e-30
0.001966952144646121 7.233792062474733e-30
0.0020128147383986056 7.2650743862282e-30
0.002059746690910748 7.290087187358744e-30
0.0021077729359698315 7.30888827402048e-30
0.0021569189887337423 7.321555804492619e-30
0.002207210959286545 7.328187082247319e-30
0.0022586755665101248 7.328897261265824e-30
0.0023113401522792685 7.323817981339601e-30
0.0023652326959877285 7.31309595159762e-30
0.0024203818294129824 7.296891499456933e-30
0.0024768168519275916 7.275377102144168e-30
0.002534567746065232 7.24873591532336e-30
0.0025936651934496745 7.217160314881677e-30
0.0026541405910951734 7.180850463753561e-30
0.0027160260680869266 7.140012915958202e-30
0.0027793545026504624 7.094859267895283e-30
0.002844159539619031 7.04560486681903e-30
0.0029104756083082714 6.99246758104005e-30
0.0029783379408076585 6.935666642189305e-30
0.0030477825906984404 6.875421559063682e-30
0.0031188464522080173 6.811951110758859e-30
0.0031915672798109355 6.745472418543824e-30
0.0032659837082868936 6.67620009798896e-30
0.003342135273246469 6.604345492692692e-30
0.0034200624321353945 6.53011598663851e-30
0.0034998065857286074 6.453714395188569e-30
0.0035814101001254554 6.375338432192744e-30
0.003664916329257761 6.2951802495382885e-30
0.0037503696379226933 6.213426047034989e-30
0.0038378154253526898 6.1302557480291426e-30
0.003927300149334948 6.045842737660866e-30
0.004018871350893299 5.960353659165028e-30
0.00411257767954558 5.873948264153682e-30
0.004208468919149921 5.786779312876408e-30
0.004306596014353682 5.698992519863844e-30
0.004407011097659079 5.610726540970421e-30
0.004509767517119906 5.522112998033181e-30
0.004614919864684026 5.433276536562805e-30
0.004722524005196735 5.3443349132283144e-30
0.004832637106080367 5.255399109246741e-30
0.004945317667705937 5.1665734662855236e-30
0.005060625554472947 5.077955842049627e-30
0.005178622026613854 4.989637781744416e-30
0.005299369772740128 4.9017047035275186e-30
0.005422932943147155 4.8142360948492355e-30
0.0055493771838957115 4.7273057174857255e-30
0.00567876967168809 4.6409818190311146e-30
0.005811179149557424 4.5553273493407784e-30
0.0059466759633891655 4.4704001792817016e-30
0.006085332099294114 4.3862533214082585e-30
0.006227221221852859 4.302935150181149e-30
0.006372418713251954 4.2204896208997805e-30
0.006521001713332612 4.138956486674272e-30
0.006673049160573193 4.058371511647338e-30
0.006828641834027273 3.9787666805151536e-30
0.006987862396239558 3.900170403232894e-30
0.00715079543716245 3.822607714402864e-30
0.007317527519096606 3.746100466962966e-30
0.007488147222679345 3.6706675199635656e-30
0.007662745193945353 3.596324919634159e-30
0.007841414192484688 3.523086074294272e-30
0.008024249140723652 3.450961922249062e-30
0.008211347174354735 3.379961092991484e-30
0.008402807693942412 3.310090061634307e-30
0.008598732417732204 3.241353296477936e-30
0.008799225435691074 3.173753399794398e-30
0.009004393264807849 3.1072912420367015e-30
0.009214344905683071 3.041966089382773e-30
0.009429191900438323 2.9777757248501845e-30
0.009649048391975805 2.9147165632258483e-30
0.009874031184619632 2.8527837597985383e-30
0.010104259806171096 2.7919713133541794e-30
0.01033985657141083 2.7322721630417322e-30
0.010580946647081629 2.6736782803292534e-30
0.010827658118386449 2.61618075503612e-30
0.011080122057036918 2.5597698766673883e-30
0.011338472590888495 2.5044352106511602e-30
0.01160284697519928 2.4501656700078005e-30
0.01187338566555036 2.3969495824579878e-30
0.012150232392466372 2.34477475331389e-30
0.012433534237775993 2.293628524278816e-30
0.01272344171275288 2.2434978283914195e-30
0.013020108838078586 2.1943692413205776e-30
0.013323693225669961 2.146229029132477e-30
0.013634356162414448 2.099063192783321e-30
0.013952262695857842 2.0528575095217306e-30
0.014277581721889965 2.00759757127349e-30
0.014610486074474885 1.963268820258329e-30
0.014951152617473332 1.919856582095672e-30
0.015299762338606094 1.8773460962087073e-30
0.015656500445608335 1.8357225440913854e-30
0.016021556464625875 1.794971075299597e-30
0.016395124340905766 1.7550768313986173e-30
0.016777402541834602 1.716024967956079e-30
0.017168594162379338 1.677800674760904e-30
0.01756890703298664 1.6403891942920988e-30
0.017978553829998065 1.603775838611757e-30
0.01839775218863974 1.5679460047972355e-30
0.01882672481864659 1.5328851889280602e-30
0.01926569962258253 1.4985789987925324e-30
0.019714909816919448 1.465013165397643e-30
0.020174594055939365 1.4321735533270688e-30
0.02064499655852557 1.4000461699826405e-30
0.021126367237910063 1.3686171739877478e-30
0.021618961834446313 1.3378728825281344e-30
0.02212304205147776 1.3077997778990201e-30
0.022638875694374342 1.2783845132594533e-30
0.0231667368128109 1.2496139176744486e-30
0.02370690584636297 1.2214750004304415e-30
0.024259669773497434 1.1939549547418991e-30
0.024825322264037063 1.1670411608940087e-30
0.025404163835180054 1.1407211887905385e-30
0.025996502011157406 1.114982800083394e-30
0.026602651486612925 1.089813949758374e-30
0.027222934293792744 1.0652027873581223e-30
0.027857679973633073 1.041137657790448e-30
0.02850722575083718 1.017607101778331e-30
0.02917191671303455 9.945998559934267e-31
0.029852105994117403 9.721048528763974e-31
0.030548154961852016 9.501112201862642e-31
0.031260433409864494 9.286082803016901e-31
0.031989319754103004 9.075855492974054e-31
0.0327352012338808 8.870327357955561e-31
0.03349847411760691 8.66939739648422e-31
0.034279543913313774 8.472966504438835e-31
0.03507882558409363 8.280937458549714e-31
0.03589674376855814 8.09321489851159e-31
0.03673373300643846 7.90970530789571e-31
0.037590237969445384 7.730316993998116e-31
0.038466713697512506 7.554960066545115e-31
0.03936362584054766 7.383546415779902e-31
0.04028145090582124 7.21598968962068e-31
0.04122067651112274 7.052205270202331e-31
0.04218180164382002 6.892110249897461e-31
0.043165336925959 6.735623406861174e-31
0.044171804885544536 6.582665180102926e-31
0.04520174023414663 6.43315764425873e-31
0.046255690150979495 6.287024484198938e-31
0.047334214573604344 6.1441909692838245e-31
0.048437886495410414 6.004583927577103e-31
0.04956729227003216 5.868131719919759e-31
0.05072303192286451 5.734764213985049e-31
0.051905719469841495 5.604412758302742e-31
0.05311598324364777 5.477010156299159e-31
0.05435446622753626 5.352490640531912e-31
0.05562182639692926 5.230789846868146e-31
0.056918737068984544 5.111844788864531e-31
0.058245887260312136 4.995593832329014e-31
0.05960398205303182 4.881976670050502e-31
0.06099374296936585 4.770934296728283e-31
0.06241590835496589 4.662408984124737e-31
0.06387123377117784 4.556344256487237e-31
0.06536049239645289 4.452684866208206e-31
0.06688447543711816 4.351376769742749e-31
0.06844399254772507 4.252367103862451e-31
0.0700398722611988 4.1556041622048925e-31
0.0716729624290174 4.061037371978849e-31
0.07334413067165428 3.968617271324504e-31
0.07505426483952363 3.878295486536482e-31
0.07680427348467332 3.7900247100778235e-31
0.07859508634347626 3.7037586785369553e-31
0.08042765483057629 3.619452151211261e-31
0.08230295254435131 3.5370608888502625e-31
0.08422197578416211 3.456541632802574e-31
0.08618574407966152 3.3778520845550644e-31
0.08819530073244539 3.30095088551168e-31
0.09025171337033296 3.225797597202679e-31
0.09235607451457113 3.152352681806691e-31
0.09450950216026408 3.080577483013851e-31
0.09671314037033632 3.010434207244996e-31
0.09896815988334524 2.941885905198758e-31
0.10127575873546546 2.8748964537473568e-31
0.10363716289697593 2.8094305381646194e-31
0.10605362692358762 2.745453634684365e-31
0.10852643462295801 2.6829319934124157e-31
0.11105689973674641 2.6218326215328674e-31
0.11364636663857243 2.562123266862317e-31
0.11629621104824843 2.5037724017204653e-31
0.1190078407626656 2.446749207117775e-31
0.12178269640372161 2.3910235572562763e-31
0.12462225218368743 2.336566004339306e-31
0.1275280166884199 2.283347763686446e-31
0.13050153367883624 2.2313406991617834e-31
0.1335443829110759 2.1805173088615207e-31
0.13665818097578622 2.130850711164755e-31
0.13984458215697693 2.082314630979941e-31
0.14310527931090045 2.0348833863593333e-31
0.14644200476542463 1.9885318753485555e-31
0.14985653124037576 1.9432355630974204e-31
0.15335067278934078 1.8989704692960864e-31
0.1569262857634292 1.8557131558248541e-31
0.1605852697975066 1.8134407146718247e-31
0.16432956881942368 1.7721307561378703e-31
0.16816117208277714 1.7317613972673856e-31
0.172082115223751 1.692311250518732e-31
0.1760944813425998 1.6537594126996226e-31
0.1802004021103484 1.6160854541379056e-31
0.18440205890129596 1.5792694080624427e-31
0.18870168395192646 1.5432917602350722e-31
0.1931015615468407 1.508133438812127e-31
0.1976040292323402 1.473775804399625e-31
0.20221147905830805 1.4402006403479206e-31
0.20692635884904578 1.407390143255828e-31
0.21175117350374192 1.3753269136655784e-31
0.2166884863272632 1.343993946985141e-31
0.22174092039197504 1.3133746245899545e-31
0.22691115993131514 1.2834527051315538e-31
0.23220195176586036 1.2542123160332672e-31
0.2376161067626448 1.225637945174952e-31
0.24315650132850383 1.1977144327597613e-31
0.24882607893823822 1.1704269633627656e-31
0.25462785169840935 1.1437610581540458e-31
0.2605649019475973 1.1177025672961243e-31
0.26664038389397104 1.0922376625060457e-31
0.27285752529104135 1.0673528297908969e-31
0.2792196291524867 1.0430348623345384e-31
0.2857300755069626 1.0192708535514502e-31
0.2923923231938275 9.960481902924915e-32
0.2992099117007387 9.733545461991997e-32
0.3061864630440946 9.511778752128664e-32
0.31332568369332287 9.295064052245251e-32
0.32063136654003577 9.083286318663886e-32
0.3281073929131 8.8763331244593e-32
0.3357577346406907 8.67409460014414e-32
0.343586456160426 8.476463375664185e-32
0.3515977166787018 8.283334523721794e-32
0.359795772380376 8.094605504380094e-32
0.368184978689974 7.910176110876992e-32
0.3767697925856183 7.729948416683027e-32
0.38555477496691104 7.553826723763945e-32
0.394544593078027 7.381717511972006e-32
0.4037440229873054 7.213529389603625e-32
0.4131579521246571 7.049173045074953e-32
0.42279138187813525 6.888561199664022e-32
0.43264943025104924 6.731608561344925e-32
0.4427373345810337 6.578231779648102e-32
0.4530604543225162 6.428349401545836e-32
0.4636242738940635 6.281881828335752e-32
0.47443440559211736 6.138751273495975e-32
0.48549659257266914 5.998881721494843e-32
0.4968167119024568 5.862198887532924e-32
0.5084007776813051 5.728630178194706e-32
0.5202549442372687 5.598104652992399e-32
0.5323855093962742 5.47055298677774e-32
0.5447989178279997 5.345907433010622e-32
0.557501764469769 5.224101787852814e-32
0.5705007980302781 5.105071355080318e-32
0.5838029245750183 4.988752911791297e-32
0.5974152111952977 4.875084674886496e-32
0.6113448897628128 4.7640062683156215e-32
0.6255993607717623 4.6554586910643516e-32
0.6401861972705483 4.549384285865469e-32
0.6551131488851486 4.445726708623123e-32
0.6703881459363026 4.344430898530987e-32
0.686019303652694 4.2454430488656883e-32
0.7020149264823721 4.1487105784455435e-32
0.7183835125046995 4.0541821037389807e-32
0.7351337579451718 3.961807411602539e-32
0.7522745617955077 3.871537432640171e-32
0.7698150305414633 3.7833242151694667e-32
0.7877644830008832 3.697120899775829e-32
0.8061324552745581 3.6128816944469963e-32
0.8249287058125218 3.5305618502732515e-32
0.8441632205984669 3.450117637697873e-32
0.8638462184550629 3.3715063233091855e-32
0.8839881564729563 3.2946861471595954e-32
0.9045997355663667 3.219616300600075e-32
0.9256919061582187 3.1462569046192673e-32
0.9472758739978306 3.074568988674536e-32
0.9693631061142522 3.0045144700049087e-32
0.9919653369084147 2.9360561334143656e-32
1.0150945743873274 2.869157611514964e-32
1.0387631065436362 2.8037833654194755e-32
1.0629835078839296 2.739898665873165e-32
1.0877686461092637 2.6774695748150325e-32
1.1131316889514546 2.616462927358375e-32
1.1390861111687691 2.556846314181445e-32
1.16564570170473 2.4985880643190244e-32
1.1928245710138414 2.4416572283452623e-32
1.2206371585581264 2.3860235619394954e-32
1.2490982404784545 2.331657509826109e-32
1.2782229374447416 2.2785301900797943e-32
1.3080267226891875 2.2266133787881068e-32
1.3385254302268237 2.1758794950633e-32
1.369735263267732 2.1263015863951294e-32
1.4016728028254128 2.077853314337179e-32
1.4343550165258654 2.0305089405191794e-32
1.4677992676220706 1.9842433129775942e-32
1.5020233242186567 1.9390318527975092e-32
1.5370453687116559 1.8948505410587024e-32
1.5728840074483612 1.8516759060788894e-32
1.6095582806124205 1.8094850109474392e-32
1.6470876723394143 1.768255441343004e-32
1.6854921210682972 1.727965293628498e-32
1.7247920301341966 1.6885931632172192e-32
1.7650082786082029 1.650118133203898e-32
1.8061622323899016 1.612519763254624e-32
1.848275755558551 1.5757780787498337e-32
1.8913712219889245 1.539873560174528e-32
1.935471527238 1.5047871327501272e-32
1.9806001007088037 1.470500156302488e-32
2.0267809180978715 1.4369944153606432e-32
2.0740385141329463 1.4042521094810907e-32
2.1223979956076717 1.3722558437924386e-32
2.171885054720213 1.3409886197554228e-32
2.222525982722885 1.3104338261333946e-32
2.274347683890048 1.2805752301684468e-32
2.327377689811681 1.2513969689585854e-32
2.3816441740202396 1.2228835410312575e-32
2.437175966958554 1.1950197981088635e-32
2.4940025712967335 1.1677909370618229e-32
2.552154177606206 1.141182492044951e-32
2.611661680399223 1.115180326812953e-32
2.6725566945423505 1.0897706272109958e-32
2.7348715720526675 1.0649398938363163e-32
2.7986394192855935 1.0406749348670167e-32
2.863894114523477 1.0169628590542137e-32
2.9306703259742912 9.937910688738428e-33
2.999003530189995 9.711472538344656e-33
3.068930030914351 9.490193839375256e-33
3.1404869783702067 9.273957032866014e-33
3.21371238899649 9.06264723842244e-33
3.2886451656454048 8.856152193190803e-33
3.3653251182505572 8.654362192219725e-33
3.443792984976987 8.457170030180258e-33
3.5240904538643507 8.264470944413853e-33
3.6062601849747473 8.076162559277701e-33
3.6903458330569543 7.892144831758105e-33
3.77639207073912 7.712319998322878e-33
3.8644446122622242 7.536592522984651e-33
3.9545502377669295 7.36486904654733e-33
4.046756818146711 7.19705833700896e-33
4.141113340480481 7.033071241094551e-33
4.237669934058216 6.872820636893085e-33
4.336477897013409 6.716221387573685e-33
4.437589723576497 6.563190296156177e-33
4.541059131963759 6.413646061312262e-33
4.646941092916466 6.267509234173565e-33
4.755291858905486 6.124702176123856e-33
4.866168994016832 5.985149017552821e-33
4.979631404534034 5.848775617549713e-33
5.0957393702336 5.715509524515133e-33
5.214554576410165 5.585279937670442e-33
5.336140146648369 5.4580176694440165e-33
5.4605606763588606 5.333655108714475e-33
5.587882267096237 5.212126184891471e-33
5.718172561677172 5.0933663328148104e-33
5.851500780117376 4.977312458453298e-33
5.987937756406471 4.863902905385181e-33
6.127555976140354 4.753077422042204e-33
6.270429615030991 4.6447771297001104e-33
6.416634578314149 4.538944491198336e-33
6.566248541075969 4.435523280372522e-33
6.719350989519823 4.334458552183393e-33
6.87602326319537 4.235696613526283e-33
7.036348598212252 4.139184994705775e-33
7.200412171461376 4.044872421560197e-33
7.368301145867304 3.9527087882213416e-33
