results/limits/GDM_f_6.dat
# %ECSV 1.0
# ---
# datatype:
# - {name: mx, unit: MeV, datatype: float64}
# - {name: sigma_6, unit: cm2, datatype: float64}
# schema: astropy-2.0
mx sigma_6
3.162277660168379e-07 1.289623868670381e-35
3.2360111549336787e-07 1.3664935756693308e-35
3.311463862505236e-07 1.4485067077428934e-35
3.388675869043115e-07 1.5360230959198572e-35
3.4676881953794695e-07 1.62942813705269e-35
3.548542818811901e-07 1.7291346195917172e-35
3.6312826954049566e-07 1.8355846799653575e-35
3.715951782811629e-07 1.949251898915696e-35
3.8025950636269697e-07 2.0706435478054363e-35
3.89125856928623e-07 2.2003029956319918e-35
3.9819894045202297e-07 2.3388122882506807e-35
4.0748357723809307e-07 2.486794912132933e-35
4.169846999850535e-07 2.6449187558706157e-35
4.2670735640476865e-07 2.813899283576388e-35
4.3665671190447213e-07 2.9945029353526955e-35
4.4683805233101997e-07 3.1875507710774017e-35
4.572567867791303e-07 3.393922374930563e-35
4.6791845046510194e-07 3.614560039315808e-35
4.788287076675383e-07 3.850473248185459e-35
4.899933547366384e-07 4.102743481200646e-35
5.014183231736547e-07 4.372529361676271e-35
5.131096827821533e-07 4.661072172952029e-35
5.250736448927506e-07 4.969701769535074e-35
5.373165656630395e-07 5.299842911281324e-35
5.4984494945446e-07 5.653022050899073e-35
5.626654522879044e-07 6.030874607214698e-35
5.757848853798981e-07 6.435152759015799e-35
5.892102187612295e-07 6.867733796712759e-35
6.029485849799565e-07 7.330629071676179e-35
6.17007282890752e-07 7.825993586168258e-35
6.313937815326057e-07 8.356136269638824e-35
6.461157240969403e-07 8.923530990572716e-35
6.611809319882495e-07 9.530828356475015e-35
6.765974089794179e-07 1.0180868358449226e-34
6.923733454639272e-07 1.0876693920912196e-34
7.085171228072106e-07 1.1621565421041382e-34
7.250373177994646e-07 1.2418976247616602e-34
7.419427072122865e-07 1.3272669473487689e-34
7.592422724615558e-07 1.4186655721460847e-34
7.769452043790388e-07 1.5165232309032328e-34
7.950609080952509e-07 1.6213003763508582e-34
8.135990080361694e-07 1.733490380564062e-34
8.325693530364543e-07 1.853621890685709e-34
8.519820215718901e-07 1.9822613532808415e-34
8.718473271138315e-07 2.120015719387308e-34
8.921758236084957e-07 2.2675353432070277e-34
9.12978311084014e-07 2.4255170882907566e-34
9.342658413882192e-07 2.5947076560791554e-34
9.560497240602198e-07 2.7759071527141945e-34
9.78341532338879e-07 2.96997291117115e-34
1.0011531093113902e-06 3.1778235870206813e-34
1.0244965742052174e-06 3.400443547357013e-34
1.048384328826741e-06 3.6388875739339286e-34
1.0728290641500308e-06 3.8942859029411e-34
1.0978437670592484e-06 4.167849625650597e-34
1.1234417272482566e-06 4.460876475512498e-34
1.149636544281106e-06 4.774757029726058e-34
1.1764421348171486e-06 5.110981354590876e-34
1.2038727400046132e-06 5.471146126678338e-34
1.2319429330465773e-06 5.856962263752065e-34
1.2606676269433496e-06 6.270263101964556e-34
1.2900620824153782e-06 6.7130131584331895e-34
1.3201419160108953e-06 7.1873175211693635e-34
1.3509231084026028e-06 7.695431911085445e-34
1.38242201287781e-06 8.239773464441785e-34
1.4146553640265304e-06 8.822932287112598e-34
1.447640286632156e-06 9.447683836056544e-34
1.4813943047694329e-06 1.0117002187055366e-33
1.5159353511145682e-06 1.0834074252420845e-33
1.5512817764724183e-06 1.1602315016349463e-33
1.587452359525819e-06 1.2425383861081807e-33
1.6244663168122348e-06 1.3307202061749595e-33
1.6623433129330315e-06 1.4251971533673635e-33
1.7011034710007933e-06 1.5264194921767457e-33
1.740767383330235e-06 1.6348697128103284e-33
1.7813561223783898e-06 1.7510648380542262e-33
1.8228912519398869e-06 1.875558895287651e-33
1.8653948386032614e-06 2.008945565466167e-33
1.908889463474389e-06 2.1518610217359232e-33
1.9533982341732686e-06 2.304986971256279e-33
1.9989447971105317e-06 2.4690539147961833e-33
2.045553350050195e-06 2.644844639653598e-33
2.0932486549653353e-06 2.8331979626525848e-33
2.1420560511935146e-06 3.0350127410817826e-33
2.192001468898943e-06 3.251252170765092e-33
2.2431114428485372e-06 3.482948391815505e-33
2.2954131265091837e-06 3.73120742412988e-33
2.3489343064737076e-06 3.9972144561850484e-33
2.403703417223201e-06 4.2822395124236296e-33
2.4597495562335635e-06 4.587643526406852e-33
2.5171024994342686e-06 4.914884848640921e-33
2.575792717027583e-06 5.265526220415992e-33
2.635851389676631e-06 5.641242246695887e-33
2.6973104250709106e-06 6.043827404138652e-33
2.760202474878063e-06 6.475204622250011e-33
2.8245609520908932e-06 6.937434478914435e-33
2.8904200487788716e-06 7.43272505415114e-33
2.9578147542535346e-06 7.963442489221754e-33
3.026780873657441e-06 8.53212230172432e-33
3.097355046986562e-06 9.141481510562173e-33
3.1695747685562034e-06 9.79443162891824e-33
3.2434784069208122e-06 1.0494092587305233e-32
3.319105225258239e-06 1.1243807653282591e-32
3.3964954022292982e-06 1.2047159419212756e-32
3.4756900533236943e-06 1.2907986934413508e-32
3.5567312527036693e-06 1.3830404063672306e-32
3.6396620555569646e-06 1.4818819159923608e-32
3.7245265209709786e-06 1.5877956145137848e-32
3.811369735340273e-06 1.7012877100196626e-32
3.900237836319859e-06 1.822900647171067e-32
3.991178037336996e-06 1.9532157011575904e-32
4.0842386526745176e-06 2.0928557573280222e-32
4.179469123139017e-06 2.242488289793659e-32
4.2769200423275275e-06 2.402828553204424e-32
4.376643183506652e-06 2.5746430030236655e-32
4.478691527118417e-06 2.7587529605739244e-32
4.583119288927478e-06 2.956038540444359e-32
4.689981948824612e-06 3.1674428589818957e-32
4.799336280301815e-06 3.393976544001054e-32
4.911240380614659e-06 3.6367225673037433e-32
5.0257537016479225e-06 3.896841423000533e-32
5.142937081500915e-06 4.175576676550137e-32
5.262852776809252e-06 4.474260910835006e-32
5.385564495820272e-06 4.794322097908614e-32
5.511137432239651e-06 5.137290426644727e-32
5.639638299867211e-06 5.504805619125076e-32
5.771135368040315e-06 5.898624770542045e-32
5.905698497903673e-06 6.320630750221944e-32
6.043399179524854e-06 6.772841203832544e-32
6.184310569875183e-06 7.25741819978263e-32
6.32850753169624e-06 7.776678565936081e-32
6.47606667327258e-06 8.333104966079006e-32
6.627066389131828e-06 8.929357768817101e-32
6.781586901693754e-06 9.568287765953505e-32
6.939710303890459e-06 1.025294980076596e-31
7.101520602780329e-06 1.0986617371477773e-31
7.267103764178904e-06 1.1772798279637804e-31
7.436547758330399e-06 1.2615251398062463e-31
7.609942606644117e-06 1.3518004638378544e-31
7.787380429520604e-06 1.4485374203947544e-31
7.968955495292936e-06 1.5521985220994938e-31
8.15476427030917e-06 1.6632793844166812e-31
8.344905470182516e-06 1.782311094481193e-31
8.539480112236516e-06 1.9098627492750406e-31
8.738591569173047e-06 2.0465441754632345e-31
8.942345623991688e-06 2.1930088436752014e-31
9.150850526189614e-06 2.34995699128009e-31
9.364217049271877e-06 2.5181389685146036e-31
9.58255854960264e-06 2.698358823882924e-31
9.805991026628606e-06 2.891478145993139e-31
1.0034633184506672e-05 3.0984201801127385e-31
1.0268606495168497e-05 3.320174239096222e-31
1.0508035262855554e-05 3.5578004296960434e-31
1.07530466901589e-05 3.812434716789449e-31
1.1003770945598772e-05 4.08529434969328e-31
1.1260341232779899e-05 4.377683676381672e-31
1.1522893861159297e-05 4.691000373337951e-31
1.1791568318464117e-05 5.026742120695173e-31
1.206650734479802e-05 5.386513754484257e-31
1.2347857008475478e-05 5.772034930035739e-31
1.263576678362426e-05 6.185148333149866e-31
1.293038962959737e-05 6.62782847763287e-31
1.3231882072236462e-05 7.102191131908992e-31
1.3540404287030327e-05 7.610503418743227e-31
1.3856120184212054e-05 8.155194636646541e-31
1.4179197495840522e-05 8.738867853948963e-31
1.4509807864912299e-05 9.364312331406859e-31
1.484812693655133e-05 1.0034516831407107e-30
1.5194334451324849e-05 1.075268387791502e-30
1.5548614340735104e-05 1.15222450342565e-30
1.5911154824937624e-05 1.2346877271623535e-30
1.6282148512737936e-05 1.323052050592369e-30
1.6661792503919872e-05 1.4177396386000344e-30
1.7050288493959805e-05 1.5192028422741345e-30
1.7447842881182494e-05 1.6279263553951452e-30
1.785466687641539e-05 1.744429524760005e-30
1.8270976615199758e-05 1.8692688253271957e-30
1.869699327261814e-05 2.0030405117556097e-30
1.91329431807992e-05 2.1463834590667188e-30
1.957905794916243e-05 2.2999822057412956e-30
2.003557458746648e-05 2.4645702136666015e-30
2.0502735631726606e-05 2.6409333605285823e-30
2.0980789273068064e-05 2.8299136804919597e-30
2.1469989489583918e-05 3.0324133720625325e-30
2.1970596181267336e-05 3.249399090354126e-30
2.2482875308090033e-05 3.481906545699303e-30
2.3007099031300245e-05 3.731045429093338e-30
2.354354585801526e-05 3.998004687946602e-30
2.4092500789185385e-05 4.284058177337463e-30
2.4654255471007912e-05 4.5905707127460026e-30
2.5229108349871537e-05 4.9190045532217355e-30
2.5817364830913554e-05 5.270926344916079e-30
2.641933744027406e-05 5.648014557945255e-30
2.7035345991133382e-05 6.052067451119276e-30
2.7665717753620915e-05 6.485011601894803e-30
2.8310787628685666e-05 6.948911041560402e-30
2.8970898326020842e-05 7.445977037739308e-30
2.964640054613707e-05 7.978578570960763e-30
3.033765316668089e-05 8.54925355242703e-30
3.104502343309761e-05 9.160720836907994e-30
3.176888715373972e-05 9.815893085080398e-30
3.25096288995246e-05 1.0517890536095555e-29
3.326764220824756e-05 1.1270055753329788e-29
3.4043329793658724e-05 1.2075969411838986e-29
3.483710375941493e-05 1.2939467200685314e-29
3.5649385818020195e-05 1.386465791755555e-29
3.648060751487119e-05 1.485594283922394e-29
3.73312104575266e-05 1.5918036456028596e-29
3.820164655032238e-05 1.7055988667218377e-29
3.90923782344573e-05 1.8275208536868237e-29
4.0003878733676586e-05 1.9581489719124984e-29
4.093663230568398e-05 2.0981037669463232e-29
4.1891134499415887e-05 2.2480498764673706e-29
4.2867892418314344e-05 2.40869914639445e-29
4.386742498973848e-05 2.5808139651700636e-29
4.489026324065786e-05 2.7652108312474486e-29
4.5936950579773975e-05 2.962764169897362e-29
4.700804308621986e-05 3.1744104162142037e-29
4.8104109804991236e-05 3.401152382904638e-29
4.922573304926602e-05 3.644063932006877e-29
5.0373508709772956e-05 3.904294971294017e-29
5.154804657137365e-05 4.183076797819594e-29
5.27499706370262e-05 4.481727811634755e-29
5.397991945930254e-05 4.80165962471524e-29
5.5238546479635675e-05 5.144383592743553e-29
5.6526520375476976e-05 5.511517796707793e-29
5.784452541554797e-05 5.904794505750903e-29
5.9193261823375433e-05 6.326068152532574e-29
6.057344614930286e-05 6.777323855745715e-29
6.198581165117595e-05 7.260686527529822e-29
6.34311086839044e-05 7.77843059892126e-29
6.491010509810695e-05 8.332990413243841e-29
6.642358664805138e-05 8.926971322759835e-29
6.797235740910648e-05 9.563161539562333e-29
6.955724020492732e-05 1.0244544785168094e-28
7.117907704460117e-05 1.097431379856876e-28
7.283872956998614e-05 1.1755884747813195e-28
7.453707951348025e-05 1.259291261173671e-28
7.627502916646401e-05 1.3489307586062123e-28
7.805350185866558e-05 1.4449252586442481e-28
7.987344244870308e-05 1.5477221910793502e-28
8.173581782606456e-05 1.6578001137176577e-28
8.364161742479263e-05 1.775670833165501e-28
8.559185374914618e-05 1.901881664776316e-28
8.758756291151902e-05 2.0370178403556473e-28
8.96298051829007e-05 2.181705072312738e-28
9.17196655561724e-05 2.3366122837509324e-28
9.385825432253677e-05 2.5024545144303742e-28
9.604670766138824e-05 2.6799960128398725e-28
9.828618824393714e-05 2.870053525144328e-28
0.00010057788585090809 3.073499792551149e-28
0.00010292301800464121 3.2912672682070805e-28
0.00010532283061593165 3.524352067310919e-28
0.00010777859864595113 3.773818161439305e-28
0.00011029162678360347 4.040801831829632e-28
0.00011286325013867351 4.326516394541063e-28
0.00011549483495113791 4.632257213985922e-28
0.00011818777931701482 4.959407011723573e-28
0.0001209435139311377 5.309441500092432e-28
0.00012376350284724815 5.683935341017106e-28
0.00012664924425581149 6.0845684547671135e-28
0.00012960227127996844 6.513132692247073e-28
0.00013262415279004548 6.971538889068788e-28
0.00013571649423705693 7.461824311079666e-28
0.0001388809385056415 7.986160519802858e-28
0.00014211916678688624 8.546861664108466e-28
0.00014543289947150178 9.146393216459668e-28
0.0001488238970638237 9.787381175842678e-28
0.00015229396111712465 1.0472621743746211e-27
0.00015584493519073535 1.120509149665695e-27
0.00015947870582948208 1.1987958061776183e-27
0.00016319720356596128 1.2824591316797882e-27
0.00016700240394618395 1.3718575115162595e-27
0.00017089632857913436 1.4673719558037977e-27
0.000174881046210801 1.569407381242932e-27
0.00017895867382325032 1.678393948267171e-27
0.0001831313777593269 1.7947884540673224e-27
0.00018740137487357792 1.919075781337222e-27
0.00019177093371001327 2.0517704017935433e-27
0.000196242375707327 2.193417934226945e-27
0.00020081807643222024 2.3445967555664725e-27
0.00020550046684148122 2.505919662463291e-27
0.0002102920345734925 2.6780355815411002e-27
0.0002151953252698519 2.8616313242376323e-27
0.00022021294392780895 3.05743338288153e-27
0.00022534755628423554 3.2662097617594195e-27
0.0002306018902318662 3.488771839359209e-27
0.00023597873726856003 3.725976250147999e-27
0.0002414809539803547 3.9787267847307255e-27
0.0002471114635590999 4.247976289605428e-27
0.00025287325735547713 4.53472856340942e-27
0.00025876939646823026 4.840040231611852e-27
0.00026480301337045197 5.1650225873709736e-27
0.000270977313573789 5.510843381405947e-27
0.00027729557733145163 5.878728541290271e-27
0.00028376116138093086 6.2699638025840735e-27
0.0002903775007273506 6.685896225131633e-27
0.00029714811046840066 7.127935570817618e-27
0.00030407658766182135 7.597555516666242e-27
0.00031116661323643183 8.096294666963444e-27
0.0003184219539477161 8.625757337196087e-27
0.00032584646437900766 9.187614071836254e-27
0.00033344408898933415 9.783601851866602e-27
0.0003412188642090111 1.0415523956348295e-26
0.0003491749205840977 1.1085249430562548e-26
0.0003573164849708539 1.1794712110263893e-26
0.0003656478827813646 1.2545909155033759e-26
0.0003741735402815245 1.3340899034935157e-26
0.0003828979869426037 1.4181798915746043e-26
0.000391825857847644 1.5070781384872765e-26
0.000400961896153964 1.601007045926985e-26
0.0004103109556130814 1.7001936812244056e-26
0.0004198780031493915 1.8048692162857152e-26
0.00042966812149897106 1.915268276759706e-26
0.000439686511909911 2.0316281939645753e-26
0.0004499384969056106 2.1541881569653323e-26
0.00046042952311250296 2.2831882559727437e-26
0.0004711651641537129 2.4188684144524779e-26
0.00048215112361018567 2.5614672043320252e-26
0.0004933932380508582 2.7112205417149186e-26
0.0005048974801334842 2.868360258831699e-26
0.0005166699617777604 3.033112552632297e-26
0.0005287169374124361 3.2056963078417736e-26
0.0005410448072981404 3.386321296187454e-26
0.0005536601209276797 3.575186255414388e-26
0.0005665695805056229 3.772476851925751e-26
0.0005797800445090163 3.978363531918e-26
0.0005932985313311235 4.192999274777734e-26
0.000607132223010125 4.4165172546525756e-26
0.0006212884690447563 4.649028427256544e-26
0.0006357747902989163 4.890619057319752e-26
0.0006505988829973161 5.1413482064604645e-26
0.0006657686228142928 5.401245203226626e-26
0.0006812920690579615 5.670307118081002e-26
0.0006971774689519261 5.948496276758468e-26
0.0007134332620168255 6.23573783294882e-26
0.0007300680845540431 6.531917441078517e-26
0.0007470907742339592 6.836879058168249e-26
0.0007645103747911887 7.150422912928041e-26
0.0007823361408292924 7.472303678626623e-26
0.00080057754273752 7.80222888777843e-26
0.0008192442717221943 8.139857624948575e-26
0.0008383462449554094 8.4847995381448e-26
0.0008578936108437789 8.836614201369882e-26
0.0008778967544200344 9.194810863806774e-26
0.000898366302860337 9.558848614081321e-26
0.0009193131311302326 9.928136990767438e-26
0.0009407483677622533 1.0302037055888975e-25
0.000962683400768232 1.0679862952053308e-25
0.000985129883689471 1.106088395431074e-25
0.0010080997417879817 1.1444327012940295e-25
0.0010316051783820807 1.1829379798635432e-25
0.0010556586813297128 1.2215194221494192e-25
0.0010802730296629402 1.2600890418311764e-25
0.001105461300377127 1.2985561173662416e-25
0.0011312368753784248 1.336827674109137e-25
0.0011576134485932472 1.374809002401313e-25
0.0011846050332435167 1.4124042064011124e-25
