results/limits/GDM_l_phase.dat
# %ECSV 1.0
# ---
# datatype:
# - {name: mx, unit: MeV, datatype: float64}
# - {name: sigma_10, unit: cm2, datatype: float64}
# - {name: sigma_9, unit: cm2, datatype: float64}
# - {name: sigma_7, unit: cm2, datatype: float64}
# - {name: sigma_6, unit: cm2, datatype: float64}
# - {name: sigma_5, unit: cm2, datatype: float64}
# - {name: sigma_4, unit: cm2, datatype: float64}
# - {name: sigma_3, unit: cm2, datatype: float64}
# - {name: sigma_2, unit: cm2, datatype: float64}
# schema: astropy-2.0
mx sigma_10 sigma_9 sigma_7 sigma_6 sigma_5 sigma_4 sigma_3 sigma_2
[from data line 723]
5.4605606763588606 5.8734061451083925e-27 5.873400368462482e-23 5.873400110563889e-15 5.873380352720672e-11 5.871405072331281e-07 0.005678798934207086 8.062940550465312 20.110398523777715
5.587882267096237 6.4401318056830074e-27 6.440125756795556e-23 6.4401254768922825e-15 6.44010381261172e-11 6.437937937084731e-07 0.006226747200239048 8.840935042774827 22.050854265913312
5.718172561677172 7.063459971610464e-27 7.063453636609612e-23 7.0634533326384205e-15 7.063429571512439e-11 7.061054064891638e-07 0.006829422566507387 9.696632824251234 24.185115742070412
5.851500780117376 7.745480991554947e-27 7.745474357260217e-23 7.745474027093844e-15 7.745447971682521e-11 7.742843095007308e-07 0.007488846123539832 10.632903503937008 26.520340264285522
5.987937756406471 8.493515021592995e-27 8.49350807490269e-23 8.493507716165948e-15 8.49347914440471e-11 8.490622696876373e-07 0.00821209549124692 11.659796113192275 29.081591892521
6.127555976140354 9.313919975750068e-27 9.313912701025571e-23 9.313912311101647e-15 9.313880979538206e-11 9.310748622131904e-07 0.009005317926572354 12.786038724248414 31.890639981247382
6.270429615030991 1.0212228493660693e-26 1.0212220876496553e-22 1.0212220452593095e-14 1.0212186099163633e-10 1.0208751632174796e-06 0.009873862759286737 14.019226486788508 34.966428175902486
6.416634578314149 1.1200320210934035e-26 1.1200312233118584e-22 1.1200311772001188e-14 1.1200274094679366e-10 1.1196507323170246e-06 0.01082921601735359 15.37566763107457 38.349632084564256
6.566248541075969 1.2280897469750842e-26 1.2280889116114276e-22 1.2280888614487437e-14 1.2280847302156347e-10 1.2276717122364804e-06 0.011873990510139595 16.859071907502326 42.04950448026446
6.719350989519823 1.3466133487615405e-26 1.346612474132217e-22 1.3466124195459962e-14 1.3466078896052597e-10 1.3461550110248226e-06 0.01301995612244476 18.486150575358746 46.107726196687935
6.87602326319537 1.4768336401069074e-26 1.4768327240623764e-22 1.4768326646335037e-14 1.4768276966380403e-10 1.4763310237490977e-06 0.014279013184955391 20.273800105176818 50.566440017095644
7.036348598212252 1.6193246958600032e-26 1.6193237366643788e-22 1.6193236719584093e-14 1.6193182246299595e-10 1.6187736306583184e-06 0.015656712243931364 22.22990134025362 55.44530215728317
7.200412171461376 1.775824578836596e-26 1.775823574355155e-22 1.7758235038745658e-14 1.7758175300881112e-10 1.7752203037326535e-06 0.01716985805719072 24.37831421379362 60.80382350691789
7.368301145867304 1.9470416326723964e-26 1.9470405809473345e-22 1.9470405041723214e-14 1.947033954420008e-10 1.9463791461568574e-06 0.018825299369729494 26.72876279322514 66.66625760849229
7.540104716695753 2.1357147715524452e-26 2.1357136698668604e-22 2.135713586176894e-14 2.1357064017372956e-10 2.1349881409199405e-06 0.020649517840858042 29.318846586326373 73.12638427856153
7.715914158940838 2.341535434159617e-26 2.3415342808036753e-22 2.341534189598883e-14 2.3415263127885524e-10 2.3407388325422435e-06 0.02263953010181278 32.1443297106053 80.17363847767359
7.8958228758172275 2.567843070860008e-26 2.567841862870408e-22 2.5678417634247972e-14 2.567833125326543e-10 2.566969535688041e-06 0.024827624195275066 35.25105576285879 87.92236223719766
8.07992644838296 2.815925361284267e-26 2.8159240963988134e-22 2.815923987949719e-14 2.8159145153146504e-10 2.8149674932615624e-06 0.02722625028188383 38.65670187979108 96.41664545977596
8.2683226863193 3.0883513245888115e-26 3.0883499997368586e-22 3.0883498814261694e-14 3.088339492363349e-10 3.0873008508879827e-06 0.029860247360923495 42.39653526788086 105.74445079038522
8.461111679894604 3.3863319048177625e-26 3.386330517607622e-22 3.386330388542939e-14 3.3863189970878614e-10 3.385180141930295e-06 0.032741323661492544 46.487179645675894 115.94724072063735
8.658395853139817 3.712012623901351e-26 3.7120111718206724e-22 3.7120110310354815e-14 3.711998544006213e-10 3.7107501593471317e-06 0.035890223533227 50.958088504981696 127.0984774637805
8.860280018263818 4.072716133457328e-26 4.072714611966432e-22 4.0727144582249465e-14 4.072700757806506e-10 4.071331065149901e-06 0.039377747283236564 55.909786388715474 139.4488869934014
9.066871431337571 4.4638183034093154e-26 4.46381671102519e-22 4.463816543279611e-14 4.463801527212366e-10 4.462300303200103e-06 0.04315918573790901 61.27879378068516 152.8401401787406
9.278279849276613 4.895877772972752e-26 4.895876105201522e-22 4.8958759220148956e-14 4.89585945252046e-10 4.894212922824645e-06 0.047336626901954906 67.21005849863059 167.63376249076669
9.494617588152204 5.368837744092961e-26 5.368835997639953e-22 5.36883579758937e-14 5.368817737080425e-10 5.367012146474473e-06 0.05190952162524561 73.70280084161648 183.82780921756753
9.715999582862075 5.888773392471748e-26 5.888771563042629e-22 5.888771344488674e-14 5.888751534941297e-10 5.886771085059599e-06 0.05693660878772243 80.84042015208388 201.6302930565717
9.942543448192506 6.456105797461858e-26 6.456103882140268e-22 6.456103643443134e-14 6.456081925416914e-10 6.453910676280391e-06 0.06242195968158012 88.62869698104532 221.0556317234779
10.17436954130415 7.07830628058647e-26 7.0783042752811175e-22 7.078304014535283e-14 7.078280203456643e-10 7.0758997024101396e-06 0.06843781206301296 97.17019680765272 242.35964164749254
10.411601025674827 7.763423075948035e-26 7.763420975688364e-22 7.763420690705985e-14 7.763394574927482e-10 7.760783662618434e-06 0.07506198167041177 106.57540490877616 265.81789263282815
10.654363936533231 8.512225908070674e-26 8.512223708955615e-22 8.512223397533502e-14 8.512194762818354e-10 8.50933202102819e-06 0.08230191072925269 116.85488799443185 291.45673992149347
10.902787247818345 9.334919026103897e-26 9.334916723072599e-22 9.334916382649138e-14 9.334884980433985e-10 9.331745559158438e-06 0.09025626078052114 128.14872887945393 319.6255748075227
11.157002940700098 1.0237392975376088e-25 1.0237390563426457e-21 1.0237390191240501e-13 1.023735575314644e-09 1.0233912821334848e-05 0.09898198558371496 140.53779233512222 350.52608831998816
11.417146073697703 1.1222874135072729e-25 1.122287161027973e-21 1.1222871203471375e-13 1.1222833450266157e-09 1.1219059091805456e-05 0.10851027995596003 154.0663697615868 384.26875103753554
11.683354854432924 1.2307060908577426e-25 1.2307058264163002e-21 1.230705781931018e-13 1.2307016418952842e-09 1.2302877438208562e-05 0.11899292660459997 168.94996710651006 421.3910728753885
11.955770713056356 1.349604426322064e-25 1.3496041494304482e-21 1.3496041007797326e-13 1.349599560775722e-09 1.3491456760644007e-05 0.1304888171219731 185.27220053828415 462.10160733321237
12.234538377385784 1.4800984952480234e-25 1.480098205293606e-21 1.4800981520772963e-13 1.4800931730975148e-09 1.4795954019940534e-05 0.14310586117617893 203.18628365872613 506.78249620810016
12.519805949796487 1.6228559633217435e-25 1.6228556596958724e-21 1.6228556014911574e-13 1.6228501422821204e-09 1.6223043604889492e-05 0.15690861318219643 222.78387289312536 555.662346821202
12.811724985904382 1.7797556420285502e-25 1.7797553240505755e-21 1.7797552603700858e-13 1.7797492733580768e-09 1.7791507247154737e-05 0.17207872927929924 244.32288944428552 609.384460229204
13.110450575083778 1.951221969461492e-25 1.9512216365435267e-21 1.9512215668864096e-13 1.951215003069919e-09 1.9505587886755695e-05 0.1886572470095467 267.8615997283614 668.0941631701729
13.416141422862523 2.1405280401133423e-25 2.1405276913487873e-21 2.1405276150997627e-13 2.1405204144667525e-09 2.139800534645633e-05 0.20696063115837 293.8493305802725 732.9121561703124
13.72895993523834 2.347347797886904e-25 2.3473474326487837e-21 2.3473473492064735e-13 2.347339452841739e-09 2.3465500175745043e-05 0.2269573564539416 322.24132140970147 803.7267984077907
14.04907230496112 2.573797724432078e-25 2.573797341952783e-21 2.573797250642481e-13 2.573788592511079e-09 2.5729229999855177e-05 0.24885205858081283 353.32812051359633 881.2627686775786
14.37664859982702 2.8227094644407306e-25 2.822709063930785e-21 2.8227089639813586e-13 2.822699468522823e-09 2.8217501646176876e-05 0.27291852001393413 387.4984530158547 966.4896161297457
14.711862853031292 3.0951556864063076e-25 3.0951552670031543e-21 3.0951551576062815e-13 3.0951447456517435e-09 3.0941038154972e-05 0.2992604535594572 424.8995736793237 1059.7746201640196
15.054893155627816 3.394029077084236e-25 3.394028637927426e-21 3.394028518176529e-13 3.394017100826261e-09 3.392875656714398e-05 0.32815754365243627 465.92858741982576 1162.1082306123108
15.405921751144481 3.721317102076054e-25 3.721316642249118e-21 3.721316511169523e-13 3.721303992838056e-09 3.7200524786573975e-05 0.35980195184533703 510.8583313621756 1274.1709514765732
15.765135132404664 4.081622541475121e-25 4.081622059847856e-21 4.0816219163063544e-13 4.081608185924694e-09 4.0802354976051124e-05 0.39463870589180244 560.3206701598878 1397.5387648585904
16.132724140606275 4.476566007944059e-25 4.476565503531127e-21 4.4765653463409004e-13 4.476550287388382e-09 4.475044775832255e-05 0.43282449755139824 614.5380797901445 1532.7665651588732
16.50888406671095 4.906649797914834e-25 4.906649269953347e-21 4.906649097912769e-13 4.906632592179027e-09 4.9049824393615734e-05 0.4744078922473526 673.5795149958143 1680.0263376910295
16.89381475519735 5.382809598305959e-25 5.3828090452013966e-21 5.382808856728882e-13 5.382790749216428e-09 5.380980459337639e-05 0.5204462257505706 738.946214958185 1843.0624382550607
17.287720710233557 5.903387569273641e-25 5.903386989987946e-21 5.903386783563869e-13 5.903366924852104e-09 5.901381559659075e-05 0.570779206995419 810.4105932900732 2021.3072261848633
17.690811204325115 6.468004197823118e-25 6.4680035916895975e-21 6.468003365810956e-13 6.467981607755949e-09 6.465806356629494e-05 0.6253701421461935 887.9205509086838 2214.6307571615894
18.103300389496336 7.097624258810605e-25 7.097623623675377e-21 7.097623376111866e-13 7.0975995000451895e-09 7.095212501713424e-05 0.6862460466674054 974.354109271473 2430.211325271271
18.52540741106398 7.7786945207537e-25 7.778693856086118e-21 7.778693585084312e-13 7.778667417929958e-09 7.776051369201103e-05 0.7520965030304964 1067.85069561447 2663.408333261358
18.957356524063755 8.534356611977254e-25 8.534355915518397e-21 8.534355618521149e-13 8.53432690935577e-09 8.531456724288931e-05 0.8251589995286951 1171.5871674562595 2922.14542516124
19.399377212391464 9.357493397185824e-25 9.35749266789216e-21 9.357492342596408e-13 9.357460864438368e-09 9.354313850652528e-05 0.9047454037135949 1284.5864923139814 3203.9857093086243
19.85170431072216 1.0259754519454372e-24 1.0259753756037396e-20 1.0259753399741804e-12 1.0259718886420626e-08 0.00010256268433649071 0.9919820815023793 1408.4479205808152 3512.917998785396
20.314578129271972 1.1246647611651042e-24 1.1246646812407133e-20 1.1246646422219044e-12 1.1246608589036833e-08 0.00011242826234743681 1.0874015478885617 1543.9275340946074 3850.8280953013
20.788244581469023 1.2339494500537248e-24 1.2339493663145198e-20 1.2339493235441278e-12 1.2339451725974557e-08 0.00012335301836890984 1.193065340604161 1693.9523701335545 4225.016547060819
21.272955314601134 1.3528749701166822e-24 1.35287488244933e-20 1.3528748355986537e-12 1.3528702845922357e-08 0.00013524152999016504 1.3080505380013603 1857.2120349919985 4632.215000604199
21.76896784350983 1.4840556929473737e-24 1.484055601113122e-20 1.4840555497633685e-12 1.4840505574712877e-08 0.00014835514554573012 1.4348848904657794 2037.2955096009066 5081.375008577062
22.27654568740161 1.6275106599663868e-24 1.627510563780084e-20 1.6275105075123522e-12 1.6275050326446426e-08 0.0001626957685362249 1.5735868085774385 2234.228933891261 5572.561768586435
22.79595850984919 1.783706903506201e-24 1.7837068028385657e-20 1.7837067412186537e-12 1.7837007409142694e-08 0.000178310086335103 1.7246078506998697 2448.6534448855923 6107.374389660924
23.327482262057103 1.9561743291073025e-24 1.956174223688223e-20 1.9561741561605755e-12 1.956167575684038e-08 0.0001955509695686755 1.8913609670756826 2685.4148586141323 6697.899193277294
23.871399329467756 2.145481717434776e-24 2.1454816070049607e-20 2.1454815329948027e-12 2.1454743156972864e-08 0.00021447527698264057 2.0743960931640992 2945.2939910497116 7346.083672448661
24.427998681785848 2.352393890640005e-24 2.3523937750242743e-20 2.3523936939316968e-12 2.3523857805915493e-08 0.000235159464819053 2.274452710606301 3229.3407819031863 8054.546562347291
24.997576026500827 2.579152109350403e-24 2.579151988320495e-20 2.579151899468903e-12 2.5791432233249773e-08 0.0002578275829980026 2.493697821051368 3540.6320094989374 8830.961891807377
25.580433965988984 2.82940972856821e-24 2.829409601746287e-20 2.8294095043334525e-12 2.829399986334891e-08 0.00028284484289742317 2.7356637339860743 3884.18295994371 9687.83867062329
26.176882158278623 3.102914240175726e-24 3.1029141073704936e-20 3.102914000604646e-12 3.102903562550015e-08 0.0003101860023022689 3.000106307740527 4259.646993077666 10624.312316982125
26.787237481563718 3.402796314129295e-24 3.4027961750581764e-20 3.402796058040262e-12 3.402784611196706e-08 0.0003401640218477697 3.2900524847584833 4671.321858699035 11651.102178329991
27.411824202553472 3.730251934351092e-24 3.730251788763863e-20 3.7302516605545115e-12 3.730239112165943e-08 0.00037289845930094643 3.6066586228649773 5120.849390672042 12772.303278450427
28.050974148747212 4.0885788116148304e-24 4.088578659230776e-20 4.0885785187782704e-12 4.088564764995261e-08 0.0004087189737104029 3.9531131708738796 5612.756650710318 13999.20690922797
28.705026884726152 4.484862698880331e-24 4.484862539237788e-20 4.4848623852478446e-12 4.4848472983848274e-08 0.00044833389964555047 4.336267111724164 6156.77088374527 15356.074538409328
29.374329892555654 4.9159428224284054e-24 4.9159426553515417e-20 4.9159424866401465e-12 4.9159259496442507e-08 0.0004914272671371672 4.753064396816985 6748.553014127734 16832.08374457353
30.05923875639388 5.395959164197635e-24 5.39595898903737e-20 5.395958803935311e-12 5.3959406521874407e-08 0.0005394125939856177 5.21717651241381 7407.514255785147 18475.64952538401
30.760117351404876 5.916127889812231e-24 5.91612770644268e-20 5.91612750358447e-12 5.9161076020139314e-08 0.0005914117951995436 5.720110656448281 8121.59625642131 20256.6962193995
31.477338037076432 6.492778955595151e-24 6.492778763398079e-20 6.492778540858438e-12 6.492756699461338e-08 0.0006490573116207585 6.277655729870767 8913.2166031343 22231.137250222997
32.21128185504559 7.104676921687753e-24 7.104676720844671e-20 7.104676477427872e-12 7.104652577635337e-08 0.0007102263207278428 6.869279880213874 9753.223514402416 24326.26292336896
32.962338731536356 7.794761462648374e-24 7.79476125222918e-20 7.794760985269377e-12 7.794734764065507e-08 0.0007792113311716962 7.536500075309815 10700.56411044336 26689.097773123263
33.730907684518286 8.559634969352405e-24 8.559634748640548e-20 8.559634455589474e-12 8.559605661387765e-08 0.0008556726974807298 8.27603127807071 11750.5741904195 29308.00845839246
34.51739703569462 9.382467546972094e-24 9.382467315989501e-20 9.382466994878146e-12 9.382435432707073e-08 0.0009379280019707842 9.071601213574285 12880.149857390807 32125.369777550884
35.322224627433556 1.027476849681573e-23 1.0274768255301987e-19 1.0274767903767488e-11 1.027473333993876e-07 0.0010271277837646524 9.934337849085274 14105.090955574778 35180.58933404531
36.14581804475762 1.127479380409267e-23 1.1274793550927174e-19 1.1274793165298162e-11 1.1274755237432218e-07 0.001127096341712132 10.901229646419502 15477.914887353396 38604.65480969291
36.98861484250899 1.2358368991027584e-23 1.2358368726143256e-19 1.2358368303580369e-11 1.235832673061939e-07 0.001235417049367066 11.948903093584933 16965.43519202772 42314.79330717761
37.851062777811606 1.354846518147773e-23 1.354846490405179e-19 1.3548464440927554e-11 1.3548418864540003e-07 0.0013543862386927049 13.099568219262714 18599.186379439496 46389.65746646377
