results/limits/GDM_h_phase.dat
# %ECSV 1.0
# ---
# datatype:
# - {name: mx, unit: MeV, datatype: float64}
# - {name: sigma, unit: cm2 MeV4, datatype: float64}
# schema: astropy-2.0
mx sigma
[from data line 3411]
2.8753567657891086 32764.50996934485
2.8859716358693523 33248.87198972101
2.8966256925535494 33747.11988305332
2.907319080505745 34246.97471237343
2.9180519449240134 34756.89421473497
2.928824431542471 35272.70100866728
2.939636686633236 35791.84769707461
2.9504888570083962 36326.30647135768
2.9613810900220474 36863.38927359889
2.9723135335722413 37413.363462742294
2.983286336103041 37970.182520282586
2.9942996466065157 38534.77117658047
3.005353614624745 39103.54060434449
3.0164483902518935 39686.81160149667
3.0275841241361996 40273.88638909831
3.0387609674820646 40871.91643635882
3.0499790720520856 41479.798025912976
3.0612385901690984 42094.84009140481
3.072539674718291 42726.807647477326
3.083882479149226 43358.483315910875
3.0952671574779718 43999.49991842355
3.1066938642891726 44650.41459708052
3.11816275473813 45320.34286898781
3.129673984552952 45990.41099407208
3.1412277100366186 46670.41560611253
3.1528240880691483 47365.61674065505
3.1644632761097093 48065.70208575447
3.176145432198737 48780.5255395809
3.1878707149601255 49500.73130417749
3.1996392836033323 50238.21992335279
3.2114512979255814 50988.41202907777
3.2233069183140155 51744.68494913805
3.235206305747855 52514.93522229018
3.247149621800622 53293.19033733438
3.2591370286423142 54083.953518460934
3.2711686890415894 54885.1367695101
3.2832447663680178 55701.49608968073
3.2953654245942516 56527.42946657108
3.307530828298295 57373.02057584663
3.3197411426657206 58215.97621909134
3.331996533491891 59079.4248052683
3.3442971671842576 59963.6788117607
3.3566432107645667 60854.96736181769
3.3690348318711747 61753.13537003195
3.381472198761302 62668.36628934075
3.3939554803133003 63604.26353714777
3.4064848460289916 64548.88058407278
3.4190604660359143 65514.30974019065
3.4316825110896834 66476.9508581175
3.4443511525762873 67463.54173957082
3.4570665625143935 68465.45537313227
3.4698289135577345 69487.0931835893
3.482638378997395 70518.52859497379
3.4954951327642143 71556.94797707662
3.508399349431128 72625.53149617834
3.5213512042155144 73701.37713624959
3.534350872981627 74800.02010948712
3.547398532242922 75901.11961845758
3.5604943591645086 77027.68609756998
3.5736385315655292 78174.98000231218
3.5868312279215555 79345.63350670926
3.600072627367061 80527.91072247681
3.613362909697795 81714.10482838114
3.6267022553732757 82931.0198657985
3.640090845519219 84161.74908314635
3.6535288619299746 85407.15955065576
3.667016487071047 86670.66191589231
3.6805539040815125 87965.30297214676
3.69414129677656 89269.45192288017
3.7077788496499635 90590.95645839532
3.7214667478765646 91933.76412736882
3.735205177314839 93309.9164293043
3.748994324509361 94697.66848010196
3.762834376693388 96103.73869518844
3.7767255217913824 97525.46134693697
3.7906679484215378 98967.5989103786
3.804661845898395 100437.92772526781
3.818707404235351 101931.61585622265
3.8328048141472917 103443.77387393564
3.8469542670531616 104985.06483251424
3.8611559550785364 106544.01084157564
3.8754100710582873 108112.28118586601
3.8897168085391374 109726.17160842057
3.9040763617823435 111365.95492542029
3.918488925766312 113016.4177397707
3.9329546961892206 114698.11166181735
3.947473869471732 116393.97282772826
3.9620466427595984 118117.78290159589
3.9766732139263925 119879.80004838812
3.991353781576171 121659.53737332534
4.006088545046148 123459.31292052048
4.020877704409447 125305.10585537639
4.035721460477798 127151.80014351565
4.050620014804236 129035.04965548214
4.065573569685897 130943.04492993608
4.080582328166699 132910.57007732126
4.095646494040153 134869.45366109483
4.110766271852111 136868.0517175972
4.125941866903517 138912.70239466417
4.141173485253249 140979.6876097226
4.1564613337208565 143082.41523455182
4.171805619889419 145195.7764831895
4.187206552108348 147335.8826194282
4.202664339496187 149540.24571643036
4.218179191943509 151768.97851785613
4.2337513201157 154003.81710654136
4.249380935455879 156312.23030172588
4.265068250187745 158620.60098111705
4.280813477318426 160959.22299668248
4.296616830641443 163377.49523517012
4.312478524739534 165811.52313787414
4.328398774987633 168248.34395290338
4.344377797555768 170744.6883622452
4.3604158094119665 173285.79795693315
4.376513028325268 175862.06681294666
4.392669672868608 178481.1366054931
4.408885962421848 181124.90771404235
4.425162117174726 183786.2746039027
4.441498358129824 186544.39587232098
4.457894907105627 189323.5544676532
4.474351986739463 192129.3902228746
4.490869820490595 194964.82413907425
4.50744863264322 197840.60023034082
4.524088648309492 200794.02748420657
4.540790093432645 203786.15848253827
4.55755319478998 206839.45588870402
4.574378179996013 209912.07202820978
4.591265277505541 212990.1775843032
4.60821471661671 216157.83908349392
4.625226727474198 219363.0671276175
4.642301541072263 222632.1270627525
4.659439389257947 225934.31344091566
4.676640504734193 229282.72530364344
4.693905121062981 232689.26609219203
4.71123347266856 236151.15492343763
4.7286257948405614 239629.66279818746
4.746082323737253 243220.5659910975
4.763603296388725 246822.98561562682
4.781188950700072 250509.53141056662
4.798839525454698 254195.92285761228
4.816555260317475 257991.69232695186
4.834336395838071 261839.15826658692
4.852183173454182 265718.9042017455
4.870095835494782 269646.2401529093
4.888074625183487 273611.12483022915
4.90611978664177 277715.3081612518
4.924231564892354 281849.517202719
4.942410205862503 286022.3711028414
4.960655956387334 290288.23760055524
4.978969064213229 294576.12741649617
4.9973497780011655 298962.3300111119
5.015798347330069 303394.15245636064
5.034315022700264 307927.85532595334
5.052900055536803 312501.99830567127
5.071553698192946 317102.59085859143
5.090276203953557 321868.6375385189
5.1090678270385155 326593.4455787542
5.127928822606238 331451.2679027151
5.14685944675706 336400.3006335761
5.165859956536784 341410.1999685043
5.184930609940145 346508.0603681749
5.204071665914276 351551.43543070555
5.2232833843623 356769.0978084187
5.242566026146773 362100.4904610144
5.261919853093303 367521.8401930916
5.281345127994074 372969.8008774758
5.300842114611375 378481.5553429696
5.320411077681265 384092.7308398995
5.340052282917078 389784.5164160651
5.359765997013105 395563.0766169263
5.379552487648187 401471.74647913594
5.399412023489311 407422.23241343524
5.419344874195341 413472.330438796
5.439351310420586 419620.6698996204
5.459431603818558 425753.3413366676
5.479586027045621 432212.39635032724
5.499814853764665 438576.8976857286
5.520118358648897 445024.3591779786
5.540496817385483 451676.56114298175
5.560950506679368 458384.80247724795
5.581479704257001 465147.63551107293
5.602084688870072 472100.1389042633
5.622765740299376 479157.1546832611
5.6435231393585195 486226.2234470852
5.6643571678978155 493494.7195227672
5.685268108808076 500786.0224926088
5.706256246024418 508209.3467201577
5.7273218645302 515810.74631756515
5.7484652503607965 523420.86649371596
5.769686690607569 531134.35334077
5.790986473421722 539068.5227556536
5.812364888018186 547094.1222666537
5.833822224679626 555276.6142484156
5.855358774760285 563488.6438805214
5.8769748306900285 571818.81079605
5.898670685978274 580315.9583612779
5.920446635217946 588965.0372603275
5.942302974089554 597669.5751517027
5.964239999365115 606601.2516345676
5.98625800891227 615597.053597544
6.008357301698286 624696.3531297152
6.0305381777940825 634036.6353389954
6.052800938378379 643414.1510664693
6.075145885741749 652915.3248812912
6.097573323290684 662652.0394666058
6.120083555551803 672516.1197565853
6.142676888175887 682496.7846637757
6.1653536279421175 692701.1363589952
6.188114082762202 702877.6319090946
6.21095856168452 713429.0548740964
6.233887374898406 723983.0540865235
6.25690083373826 734674.0263183995
6.279999250687865 745576.6956582894
6.303182939384592 756547.1308526885
6.326452214623618 767815.0903996181
6.349807392362292 779291.6987194822
6.373248789724321 790838.8548700972
6.39677672500417 802589.1360083041
6.420391517671337 814473.7145623089
6.444093488374664 826725.7541018515
6.4678829589467695 838934.3435399925
6.491760252408322 851316.3387023115
6.515725692972515 863900.5180267603
6.5397796060494295 876760.3714911448
6.563922318250417 889836.0816838096
6.588154157392618 903105.0299754717
6.612475452503318 916487.2327741946
6.6368865338245 929836.082411297
6.661387732817292 943874.8782614876
6.685979382166426 957841.8000070518
6.710661815784854 972223.9387536681
6.735435368818167 986452.3268913911
6.760300377649245 1001011.8671199973
6.785257179902784 1016018.2298996808
6.810306114449834 1031217.1657582918
6.835447521412507 1046531.6096864858
6.860681742168472 1061842.118551107
6.886009119355697 1077770.4054639782
6.9114299968770565 1093851.9594124735
6.936944719904958 1110076.3309298386
6.962553634886128 1126463.2542277025
6.988257089546206 1143019.804783584
7.014055432894558 1160169.1669187378
7.039949015228983 1177257.9258660579
7.065938188140419 1194963.097126327
7.092023304517816 1212770.4719107347
7.118204718552821 1230698.8553444932
7.144482785744682 1248973.8954518433
7.170857862905032 1267560.4106744672
7.19733030816269 1286353.8513097335
7.2239004809686325 1305433.1115226313
7.250568742100746 1324499.730338262
7.277335453668837 1344573.4285987779
7.304200979119502 1364208.9490087235
7.331165683241017 1384610.5805447618
7.358229932168399 1405177.5557880753
7.385394093388251 1426314.5496917155
7.412658535743863 1447376.3480313483
7.440023629440171 1468838.7897543423
7.467489746048743 1490160.2683484158
7.495057258512911 1512961.5762523932
7.522726541152789 1535161.7821412315
7.550497969670315 1557896.5375996989
7.578371921154454 1581148.1069813303
7.606348774086199 1604838.6571496725
7.634428908343816 1628425.8242831046
7.662612705207955 1652387.9734115195
7.690900547366785 1677287.9786657381
7.719292818921294 1701976.2219688494
7.74778990539038 1727596.240401587
7.776392193716201 1752639.1648001024
7.805100072269376 1778895.4317509418
7.833913930854211 1805623.0715343175
7.862834160714108 1831998.9683283526
7.891861154536746 1859164.4788076468
7.920995306459523 1887542.0273803913
7.950237012074867 1915238.7425756357
7.979586668435551 1943371.571230068
8.0090446740602 1972272.049900683
8.038611428938578 2001716.0344977516
8.068287334537127 2031198.319131195
8.098072793804365 2061601.8660724692
8.127968211176322 2091912.4935977494
8.157973992582134 2123129.1372424453
8.188090545449429 2154220.8024867494
8.218318278709972 2186490.2954332763
8.248657602805173 2218877.5729226694
8.279108929691601 2252456.071227272
8.309672672846704 2285806.4569802526
8.340349247274283 2319060.382955529
8.37113906951025 2353313.9171456015
8.402042557628226 2389193.8647323367
8.433060131245174 2424319.717872224
8.464192211527214 2460362.75172957
8.495439221195202 2496615.885953471
8.526801584530592 2533892.0179734747
8.558279727381144 2572159.176735381
8.589874077166659 2610389.9031137694
8.621585062884897 2649364.4320582547
8.653413115117273 2688515.164471047
8.685358666034809 2727492.178796825
8.71742214940397 2768459.5547849108
8.749604000592484 2809024.285336583
8.781904656575389 2851622.412282821
8.814324555940818 2893438.4761266443
8.846864138896079 2936432.409884937
8.879523847273582 2980224.1874623094
8.912304124536782 3024429.8280714024
8.94520541578633 3069115.5732308873
8.978228167765963 3114195.6057145987
9.01137282886871 3160813.042914857
9.044639849142916 3208080.6612518
9.078029680298304 3255368.354358909
9.111542775712229 3303947.3568145614
9.145179590435697 3352167.7225628365
9.178940581199665 3402650.097394956
9.212826206421193 3452645.577759723
9.246836926209609 3504517.313102098
9.280973202372865 3557015.0693136943
9.31523549842376 3609928.956050223
9.349624279586177 3662679.641882027
9.384140012801518 3717925.4084401224
9.41878316673491 3772539.925961817
9.453554211781693 3828317.7670055535
9.488453620073752 3885381.7063858244
9.523481865485868 3942678.3117399802
9.55863942364229 4001856.7092147353
9.593926771923039 4060537.3091002232
9.62934438947052 4120568.356175768
9.664892757195979 4181669.110452219
9.700572357785965 4243869.518297788
9.73638367570903 4308050.825031272
9.772327197222138 4371822.321972037
9.808403410377421 4436957.67206966
9.844612805028733 4504493.294058066
9.880955872838252 4568918.111643849
9.917433107283285 4636470.840730261
9.95404500366282 4704870.477213923
9.990792059104383 4774805.1975045735
10.027674772570732 4846716.23665031
10.06469364486657 4918846.403662593
10.101849178645487 4991509.549655462
10.139141878416625 5065904.593334855
10.176572250551667 5139995.49050055
10.214140803291652 5217367.907251111
10.251848046753821 5294805.676835839
10.289694492938676 5374237.509782891
10.327680655736778 5453017.267703922
10.365807050935862 5534270.835828223
10.404074196227784 5616621.686226238
10.442482611215482 5699241.744846468
10.481032817420186 5785193.94638024
10.519725338288321 5869924.809224079
10.55856069919877 5957266.899316078
10.597539427469941 6047182.606915241
10.636662052366864 6135293.548675308
10.675929105108526 6227867.138724411
10.715341118874916 6319183.124170933
10.75489862881441 6415051.436437764
10.794602172050975 6507289.0141301155
10.834452287691402 6607221.112989387
10.874449516832769 6700799.718086184
10.914594402569621 6801784.437003276
10.954887490001497 6903659.280289031
10.995329326240258 7006558.513458324
11.03592046041746 7110772.288159369
11.076661443691963 7215566.711184934
11.117552829257226 7323930.451486346
11.158595172348994 7433542.330559652
11.19978903025275 7539892.70908052
11.241134962311232 7655915.856944101
11.282633529932172 7765637.326861478
11.324285296595743 7883697.447098783
11.366090827862374 7997223.874846263
11.408050691380355 8119622.196567153
11.450165456893476 8238122.583911666
11.492435696248904 8360473.381657837
11.534861983404879 8486266.567771107
11.57744489443843 8613842.259166686
11.620185007553376 8739761.580670971
11.663082903087972 8870445.762811346
11.70613916352296 9000586.516844522
11.74935437348942 9138455.70350399
11.792729119776613 9267745.250986893
11.836263991340138 9408846.10254019
11.879959579309723 9548386.930589132
11.923816476997425 9687447.710503958
11.967835279905616 9833908.90061051
12.01201658573499 9976635.218662813
12.056360994392856 10128149.79547129
12.100869108001085 10277822.41076871
12.145541530904456 10431947.459945649
12.19037886967879 10585130.056335112
12.235381733139114 10742720.459081462
12.280550732348093 10902459.908025527
12.325886480624142 11065375.803637939
12.371389593549917 11228069.899863927
12.4170606889806 11392246.649354963
12.46290038705222 11564574.83027853
12.508909310190242 11737308.564049486
12.555088083117822 11908469.978687018
12.601437332864458 12088882.816163005
12.647957688774445 12267048.48655317
12.694649782515322 12448507.858015118
12.741514248086647 12638043.811153824
12.788551721828389 12821180.587853396
12.835762842429752 13010159.885380944
12.883148250937772 13205406.688948609
12.93070859076594 13400937.316426773
12.978444507703124 13602302.612312254
13.026356649922123 13803784.98893609
13.074445667988659 14003190.14953185
13.122712214870129 14218449.488521466
13.171156945944388 14424157.378485335
13.219780519008836 14638277.360341838
13.268583594289142 14856589.698463283
13.317566834448389 15078482.10389437
13.36673090459599 15297313.274623062
13.416076472296648 15531703.093701813
13.4656042075796 15761420.78947175
13.515314782947502 15995030.040208682
13.565208873385751 16230256.879146725
13.615287156371567 16466597.971248098
13.665550311883107 16715772.280842874
13.715999022408901 16965399.983149864
13.766633972956887 17219756.805995755
13.817455851063908 17468749.53095281
13.86846534680497 17735277.325794484
13.91966315280252 17991347.005762216
13.971049964236034 18260295.08960139
14.022626478851349 18530966.24551274
14.07439339697007 18809903.162956763
14.126351421499272 19084406.60441181
14.178501257940823 19370502.626815002
14.230843614401145 19652875.11542661
14.283379201600768 19947067.584740594
