results/limits/GDM_h_phase.dat
# %ECSV 1.0
# ---
# datatype:
# - {name: mx, unit: MeV, datatype: float64}
# - {name: sigma, unit: cm2 MeV4, datatype: float64}
# schema: astropy-2.0
mx sigma
[from data line 358]
0.0012122259692915415 4.942177592917672e-14
0.0012404909310584848 5.41948966366865e-14
0.0012694149350204683 5.942900027394313e-14
0.0012990133477864558 6.516861202773991e-14
0.0013293018942621524 7.146255122838117e-14
0.001360296666004259 7.836434954155755e-14
0.001392014129769518 8.593272244061358e-14
0.0014244711362630968 9.423204455840447e-14
0.0014576849290909482 1.0333290681331176e-13
0.0014916731539209149 1.1331273144554002e-13
0.0015264538678574353 1.242563931146122e-13
0.0015620455490348386 1.3625698159213639e-13
0.0015984671064343198 1.4941659484775524e-13
0.0016357378899298156 1.6384713828244886e-13
0.0016738777005681136 1.796713840754825e-13
0.0017129068010886602 1.970239142514372e-13
0.0017528459266886532 2.1605234086204302e-13
0.00179371629603914 2.3691853030215974e-13
0.0018355396225579732 2.5979994694945305e-13
0.0018783381259456144 2.8489124583068046e-13
0.0019221345439899109 3.124058331420568e-13
0.001966952144646121 3.4257777707751446e-13
0.0020128147383986056 3.7566368738471266e-13
0.002059746690910748 4.1194501217067627e-13
0.0021077729359698315 4.5173037972718937e-13
0.0021569189887337423 4.953581652362766e-13
0.002207210959286545 5.431995099368411e-13
0.0022586755665101248 5.956613529270084e-13
0.0023113401522792685 6.531899133593439e-13
0.0023652326959877285 7.162745074242135e-13
0.0024203818294129824 7.854518117168821e-13
0.0024768168519275916 8.613101674729715e-13
0.002534567746065232 9.444948704148399e-13
0.0025936651934496745 1.0357136389253163e-12
0.0026541405910951734 1.1357420276925203e-12
0.0027160260680869266 1.2454311422148529e-12
0.0027793545026504624 1.3657141359997e-12
0.002844159539619031 1.497613730113899e-12
0.0029104756083082714 1.6422522689790086e-12
0.0029783379408076585 1.80085976688793e-12
0.0030477825906984404 1.9747855852503072e-12
0.0031188464522080173 2.1655088874609415e-12
0.0031915672798109355 2.374652177933045e-12
0.0032659837082868936 2.603994447684587e-12
0.003342135273246469 2.855486570453776e-12
0.0034200624321353945 3.131267436933339e-12
0.0034998065857286074 3.433682688506936e-12
0.0035814101001254554 3.765305233581671e-12
0.003664916329257761 4.12895632329123e-12
0.0037503696379226933 4.527727950626409e-12
0.0038378154253526898 4.965012100754285e-12
0.003927300149334948 5.444529964856436e-12
0.004018871350893299 5.970359219229346e-12
0.00411257767954558 6.546970944247518e-12
0.004208468919149921 7.179273264979695e-12
0.004306596014353682 7.872642258353915e-12
0.004407011097659079 8.632977312162245e-12
0.004509767517119906 9.466744174716811e-12
0.004614919864684026 1.0381036377711723e-11
0.004722524005196735 1.138362867361227e-11
0.004832637106080367 1.248305226139622e-11
0.004945317667705937 1.3688657548368479e-11
0.005060625554472947 1.501069590551107e-11
0.005178622026613854 1.6460418157590524e-11
0.005299369772740128 1.8050156340320972e-11
0.005422932943147155 1.9793427615513383e-11
0.0055493771838957115 2.1705061016179295e-11
0.00567876967168809 2.3801320314463522e-11
0.005811179149557424 2.6100028265414037e-11
0.0059466759633891655 2.8620756957745806e-11
0.006085332099294114 3.13849263363298e-11
0.006227221221852859 3.441606194581683e-11
0.006372418713251954 3.7739944744265977e-11
0.006521001713332612 4.138484251246258e-11
0.006673049160573193 4.538175811845185e-11
0.006828641834027273 4.976468992172512e-11
0.006987862396239558 5.457093905058497e-11
0.00715079543716245 5.984134847033248e-11
0.007317527519096606 6.562078595189743e-11
0.007488147222679345 7.195839889912612e-11
0.007662745193945353 7.890808706246598e-11
0.007841414192484688 8.652899395188232e-11
0.008024249140723652 9.488588383184211e-11
0.008211347174354735 1.0404990210102725e-10
0.008402807693942412 1.140989741181733e-10
0.008598732417732204 1.2511855784283171e-10
0.008799225435691074 1.372024039548208e-10
0.009004393264807849 1.50453327313488e-10
0.009214344905683071 1.6498401674600943e-10
0.009429191900438323 1.8091805600100182e-10
0.009649048391975805 1.9839094852194166e-10
0.009874031184619632 2.1755147689023947e-10
0.010104259806171096 2.385623885031574e-10
0.01033985657141083 2.6160259556678704e-10
0.010580946647081629 2.8686803723995045e-10
0.010827658118386449 3.145734768017096e-10
0.011080122057036918 3.4495491961578513e-10
0.011338472590888495 3.782702456777985e-10
0.01160284697519928 4.148033898736968e-10
0.01187338566555036 4.5486487245485234e-10
0.012150232392466372 4.987953030973551e-10
0.012433534237775993 5.46968649842787e-10
0.01272344171275288 5.997944899058091e-10
0.013020108838078586 6.577219606014832e-10
0.013323693225669961 7.212443823213344e-10
0.013634356162414448 7.909017983259934e-10
0.013952262695857842 8.672861305455122e-10
0.014277581721889965 9.510483976792952e-10
0.014610486074474885 1.042900062326003e-09
0.014951152617473332 1.1436220158248256e-09
0.015299762338606094 1.254072921091158e-09
0.015656500445608335 1.375190033612303e-09
0.016021556464625875 1.5080044970707278e-09
0.016395124340905766 1.65364705856192e-09
0.016777402541834602 1.8133553467360592e-09
0.017168594162379338 1.988488849734104e-09
0.01756890703298664 2.1805338999631844e-09
0.017978553829998065 2.391129367200779e-09
0.01839775218863974 2.6220626379265098e-09
0.01882672481864659 2.875300905533765e-09
0.01926569962258253 3.1529936020572443e-09
0.019714909816919448 3.457509888115754e-09
0.020174594055939365 3.791432766930417e-09
0.02064499655852557 4.157604903855856e-09
0.021126367237910063 4.559143129819478e-09
0.021618961834446313 4.999463410831783e-09
0.02212304205147776 5.482304032913659e-09
0.022638875694374342 6.011782691069985e-09
0.0231667368128109 6.592395354619886e-09
0.02370690584636297 7.229085344901483e-09
0.024259669773497434 7.927266277789242e-09
0.024825322264037063 8.692878839881008e-09
0.025404163835180054 9.532431900904496e-09
0.025996502011157406 1.04530649911075e-08
0.026602651486612925 1.1462617496297902e-08
0.027222934293792744 1.256966141290488e-08
0.027857679973633073 1.3783629187837147e-08
0.02850722575083718 1.5114855145140846e-08
0.02917191671303455 1.6574629207724162e-08
0.029852105994117403 1.8175398156885874e-08
0.030548154961852016 1.993075758616162e-08
0.031260433409864494 2.185566379483285e-08
0.031989319754103004 2.3966474636784024e-08
0.0327352012338808 2.6281126978218686e-08
0.03349847411760691 2.8819345810287148e-08
0.034279543913313774 3.160271100266081e-08
0.03507882558409363 3.4654856347103185e-08
0.03589674376855814 3.800180299532154e-08
0.03673373300643846 4.167198652867887e-08
0.037590237969445384 4.569666327553225e-08
0.038466713697512506 5.01100505135845e-08
0.03936362584054766 5.4949636179140006e-08
0.04028145090582124 6.025654881375769e-08
0.04122067651112274 6.607611181421325e-08
0.04218180164382002 7.245770914264175e-08
0.043165336925959 7.945561813476155e-08
0.044171804885544536 8.71293661291184e-08
0.04520174023414663 9.554434014445819e-08
0.046255690150979495 1.0477185221807481e-07
0.047334214573604344 1.1489055108925946e-07
0.048437886495410414 1.2598663756588488e-07
0.04956729227003216 1.3815442938518924e-07
0.05072303192286451 1.5149750143576652e-07
0.051905719469841495 1.66128646255869e-07
0.05311598324364777 1.821731365011621e-07
0.05435446622753626 1.9976747109674417e-07
0.05562182639692926 2.1906121840724076e-07
0.056918737068984544 2.402178895131629e-07
0.058245887260312136 2.634177735577175e-07
0.05960398205303182 2.8885820915697275e-07
0.06099374296936585 3.1675662977334477e-07
0.06241590835496589 3.4734834843174554e-07
0.06387123377117784 3.8089463202166153e-07
0.06536049239645289 4.1768181123691953e-07
0.06688447543711816 4.5802072740466757e-07
0.06844399254772507 5.022557141368611e-07
0.0700398722611988 5.507645087931384e-07
0.0716729624290174 6.039557848910007e-07
0.07334413067165428 6.622864288541553e-07
0.07505426483952363 7.262497869052154e-07
0.07680427348467332 7.963880408854832e-07
0.07859508634347626 8.733033090694923e-07
0.08042765483057629 9.576476354744791e-07
0.08230295254435131 1.0501343298800349e-06
0.08422197578416211 1.1515582592115806e-06
0.08618574407966152 1.2627760270657177e-06
0.08819530073244539 1.3847314468801824e-06
0.09025171337033296 1.5184647192862819e-06
0.09235607451457113 1.6651230827089941e-06
0.09450950216026408 1.825940252620988e-06
0.09671314037033632 2.0022841146542555e-06
0.09896815988334524 2.1956634958168703e-06
0.10127575873546546 2.4077225636225947e-06
0.10363716289697593 2.6402652517760992e-06
0.10605362692358762 2.8952501639295973e-06
0.10852643462295801 3.1748611686131545e-06
0.11105689973674641 3.4815025274799424e-06
0.11364636663857243 3.817738537883823e-06
0.11629621104824843 4.186465893440313e-06
0.1190078407626656 4.590769452329352e-06
0.12178269640372161 5.034156205323559e-06
0.12462225218368743 5.520346457244203e-06
0.1275280166884199 6.053480922604775e-06
0.13050153367883624 6.6381525649301384e-06
0.1335443829110759 7.279265522023305e-06
0.13665818097578622 7.982268257234757e-06
0.13984458215697693 8.753205513447713e-06
0.14310527931090045 9.598561637860651e-06
0.14644200476542463 1.0525603762903168e-05
0.14985653124037576 1.1542144459086604e-05
0.15335067278934078 1.2656879652307862e-05
0.1569262857634292 1.3879293639394637e-05
0.1605852697975066 1.5219785898884354e-05
0.16432956881942368 1.668967153590182e-05
0.16816117208277714 1.8301505073911242e-05
0.172082115223751 2.006904470828601e-05
0.1760944813425998 2.2007308138288903e-05
0.1802004021103484 2.4132724460189605e-05
0.18440205890129596 2.6463474062372163e-05
0.18870168395192646 2.9019301280356167e-05
0.1931015615468407 3.1822004106930976e-05
0.1976040292323402 3.4895301507309344e-05
0.20221147905830805 3.826542902440779e-05
0.20692635884904578 4.196095085128951e-05
0.21175117350374192 4.6013555651754725e-05
0.2166884863272632 5.045777457531712e-05
0.22174092039197504 5.5330792707722326e-05
0.22691115993131514 6.0674840510867986e-05
0.23220195176586036 6.653451638894733e-05
0.2376161067626448 7.296057143473546e-05
0.24315650132850383 8.000692790454459e-05
0.24882607893823822 8.773389917933298e-05
0.25462785169840935 9.620712289247257e-05
0.2605649019475973 0.00010549902966409253
0.26664038389397104 0.00011568759501855245
0.27285752529104135 0.00012686100960769884
0.2792196291524867 0.00013911299017516264
0.2857300755069626 0.0001525484721199078
0.2923923231938275 0.00016728122350189353
0.2992099117007387 0.0001834359708517108
0.3061864630440946 0.00020115426401172754
0.31332568369332287 0.00022058264625674163
0.32063136654003577 0.00024188473041196503
0.3281073929131 0.0002652445539979888
0.3357577346406907 0.0002908606455178649
0.343586456160426 0.000318955532923737
0.3515977166787018 0.00034975715948411067
0.359795772380376 0.0003835366845454359
0.368184978689974 0.0004205787998450352
0.3767697925856183 0.0004611995926557096
0.38555477496691104 0.0005057420420449121
0.394544593078027 0.0005545908213696537
0.4037440229873054 0.0006081482360393251
0.4131579521246571 0.0006668857355227929
0.42279138187813525 0.000731283363826531
0.43264943025104924 0.0008019147356665139
0.4427373345810337 0.00087936133537021
0.4530604543225162 0.0009642854699752482
0.4636242738940635 0.0010574281167696129
0.47443440559211736 0.0011595446089278003
0.48549659257266914 0.0012715204834181952
0.4968167119024568 0.001394342336615868
0.5084007776813051 0.0015290028837751733
0.5202549442372687 0.0016766869272631004
0.5323855093962742 0.00183862181413419
0.5447989178279997 0.0020161762580138166
0.557501764469769 0.0022108849786592823
0.5705007980302781 0.0024244381568926084
0.5838029245750183 0.0026585749804808535
0.5974152111952977 0.002915330773316922
0.6113448897628128 0.0031969262041705976
0.6255993607717623 0.0035056468045323056
0.6401861972705483 0.003844220530651897
0.6551131488851486 0.004215455028843922
0.6703881459363026 0.004622651796282236
0.686019303652694 0.005069142285815048
0.7020149264823721 0.005558739377082879
0.7183835125046995 0.006095501008434481
0.7351337579451718 0.006684083615317547
0.7522745617955077 0.00732974515004716
0.7698150305414633 0.008037716935974909
0.7877644830008832 0.00881382479402183
0.8061324552745581 0.009665336446330228
0.8249287058125218 0.010598356463069093
0.8441632205984669 0.011622167667431273
0.8638462184550629 0.012744796990704296
0.8839881564729563 0.013975677863157912
0.9045997355663667 0.015325311261039337
0.9256919061582187 0.01680555878359507
0.9472758739978306 0.018428332390528542
0.9693631061142522 0.020208353668358398
0.9919653369084147 0.02215992818487611
1.0150945743873274 0.024300455472477125
1.0387631065436362 0.026646830973367584
1.0629835078839296 0.02922134153190999
1.0877686461092637 0.032042761364667896
1.1131316889514546 0.03513705349363501
1.1390861111687691 0.038531697236636527
1.16564570170473 0.04225191879969614
1.1928245710138414 0.046332796506940506
1.2206371585581264 0.05080812461826743
1.2490982404784545 0.05571566391282845
1.2782229374447416 0.06109721535347108
1.3080267226891875 0.0669963838224575
1.3385254302268237 0.07346502262133936
1.369735263267732 0.08056173465944376
1.4016728028254128 0.08834269196317183
1.4343550165258654 0.09687619728909465
1.4677992676220706 0.1062339208528889
1.5020233242186567 0.11649463026829716
1.5370453687116559 0.12774078984432885
1.5728840074483612 0.1400794968590545
1.6095582806124205 0.1536118423420961
1.6470876723394143 0.16844580357027916
1.6854921210682972 0.18470291360922556
1.7247920301341966 0.20253979749381976
1.7650082786082029 0.22210852088721142
1.8061622323899016 0.2435696899829182
1.848275755558551 0.2670799365496354
1.8913712219889245 0.2928713593435
1.935471527238 0.32115899107065304
1.9806001007088037 0.3521830211446623
2.0267809180978715 0.38619201549140225
2.0740385141329463 0.4234950585259065
2.1223979956076717 0.4643951605336411
2.171885054720213 0.5092391377430745
2.222525982722885 0.558432128649655
2.274347683890048 0.6123615699847669
2.327377689811681 0.6715312359154513
2.3816441740202396 0.7363301938061978
2.437175966958554 0.807472422740134
2.4940025712967335 0.885470143475249
2.552154177606206 0.9709871163934347
2.611661680399223 1.0647526480605123
2.6725566945423505 1.167591023427542
2.7348715720526675 1.2803705535255494
2.7986394192855935 1.4040518622221374
2.863894114523477 1.5396591906062764
2.9306703259742912 1.6883593757791129
2.999003530189995 1.851513878159016
3.068930030914351 2.030235277207972
3.1404869783702067 2.226251507044815
3.21371238899649 2.441121404191813
3.2886451656454048 2.67709872768654
3.3653251182505572 2.9355467435777274
3.443792984976987 3.219149948106264
3.5240904538643507 3.5300518368241556
3.6062601849747473 3.870719423851654
3.6903458330569543 4.244824708373585
3.77639207073912 4.654524759595198
3.8644446122622242 5.104473434210775
3.9545502377669295 5.597362630476037
4.046756818146711 6.137825574326668
4.141113340480481 6.730498611724487
4.237669934058216 7.380862829320692
4.336477897013409 8.092601732457593
4.437589723576497 8.874440785649428
4.541059131963759 9.732781086433992
4.646941092916466 10.672584631471205
4.755291858905486 11.702530592778178
4.866168994016832 12.833330329688248
4.979631404534034 14.071828329243546
5.0957393702336 15.433648817832166
5.214554576410165 16.92429923245416
5.336140146648369 18.556066382034032
5.4605606763588606 20.34783157458355
5.587882267096237 22.311197271798566
5.718172561677172 24.4706568668742
5.851500780117376 26.833452174520065
5.987937756406471 29.424943173062136
6.127555976140354 32.26715623645464
6.270429615030991 35.3792586679373
6.416634578314149 38.802406311407836
6.566248541075969 42.545961182592784
6.719350989519823 46.65209621917434
6.87602326319537 51.1634517624101
7.036348598212252 56.09991609884631
7.200412171461376 61.52170273237619
7.368301145867304 67.45335155449622
7.540104716695753 73.98974959144331
7.715914158940838 81.12020706782114
7.8958228758172275 88.96041599209224
8.07992644838296 97.55498681352448
8.2683226863193 106.99292070644694
8.461111679894604 117.31616968861725
8.658395853139817 128.59906330355503
8.860280018263818 141.09528771644892
