results/limits/GDM_h.dat
# %ECSV 1.0
# ---
# datatype:
# - {name: mx, unit: MeV, datatype: float64}
# - {name: sigma, unit: cm2, datatype: float64}
# schema: astropy-2.0
mx sigma
[from data line 1434]
8.592972349919265e-06 6.918662734804982e-36
8.612783180347355e-06 6.966566403443072e-36
8.632639684028688e-06 7.014801989937135e-36
8.652541966261547e-06 7.063371794767007e-36
8.67249013258692e-06 7.11227813435852e-36
8.692484288789178e-06 7.161523341194349e-36
8.712524540896564e-06 7.211109763925139e-36
8.73261099518174e-06 7.261039767481553e-36
8.752743758162367e-06 7.311315733187154e-36
8.772922936601723e-06 7.361940058872177e-36
8.79314863750922e-06 7.412915158987847e-36
8.813420968140928e-06 7.464243464721466e-36
8.833740036000241e-06 7.515927424112702e-36
8.854105948838402e-06 7.567969502170278e-36
8.874518814655034e-06 7.620372180989492e-36
8.89497874169875e-06 7.673137959870803e-36
8.915485838467764e-06 7.726269355439144e-36
8.936040213710427e-06 7.779768901763942e-36
8.956641976425755e-06 7.833639150479922e-36
8.977291235864127e-06 7.88788267090917e-36
8.997988101527724e-06 7.942502047395979e-36
9.018732683171252e-06 7.997499885481609e-36
9.039525090802385e-06 8.052878810392103e-36
9.060365434682467e-06 8.108641463426393e-36
9.081253825327046e-06 8.164790504192016e-36
9.102190373506405e-06 8.221328610731949e-36
9.123175190246281e-06 8.278258479652681e-36
9.144208386828302e-06 8.335582826252542e-36
9.165290074790725e-06 8.393304384651673e-36
9.186420365928882e-06 8.451425907922075e-36
9.207599372295904e-06 8.509950168219367e-36
9.228827206203248e-06 8.568879956914899e-36
9.250103980221258e-06 8.628218084728817e-36
9.27142980717987e-06 8.687967381864547e-36
9.292804800169077e-06 8.748130698143444e-36
9.31422907253967e-06 8.808710903141191e-36
9.335702737903692e-06 8.869710886324343e-36
9.357225910135173e-06 8.931133557188543e-36
9.378798703370673e-06 8.992981845397238e-36
9.400421232009836e-06 9.055258700921328e-36
9.422093610716125e-06 9.117967094180275e-36
9.443815954417282e-06 9.181110016183476e-36
9.465588378306085e-06 9.24469047867338e-36
9.487410997840813e-06 9.308711514268817e-36
9.509283928745983e-06 9.373176176610061e-36
9.531207287012913e-06 9.438087540504434e-36
9.55318118890028e-06 9.503448702072814e-36
9.575205750934867e-06 9.56926277889783e-36
9.597281089912027e-06 9.635532910172148e-36
9.619407322896463e-06 9.70226225684875e-36
9.641584567222685e-06 9.769454001791315e-36
9.663812940495772e-06 9.83711134863537e-36
9.686092560591944e-06 9.905237522582348e-36
9.708423545659136e-06 9.973835776191615e-36
9.730806014117669e-06 1.0042909381494264e-35
9.753240084660924e-06 1.0112461633202334e-35
9.775725876255918e-06 1.0182495848865909e-35
9.798263508143889e-06 1.025301536903126e-35
9.820853099841038e-06 1.0324023557400618e-35
9.843494771139112e-06 1.0395523800992521e-35
9.866188642105986e-06 1.0467519510303286e-35
9.888934833086357e-06 1.0540014119469943e-35
9.911733464702406e-06 1.0613011086434153e-35
9.934584657854407e-06 1.0686513893107197e-35
9.957488533721308e-06 1.0760526045535874e-35
9.980445213761485e-06 1.0835051074070214e-35
1.0003454819713342e-05 1.0910092533531771e-35
1.0026517473595898e-05 1.0985654003383111e-35
1.004963329770949e-05 1.1061739087898767e-35
1.007280241463645e-05 1.1138351416337377e-35
1.0096024947241719e-05 1.1215494643114719e-35
1.0119301018673445e-05 1.1293172447977942e-35
1.0142630752363746e-05 1.1371388536181528e-35
1.0166014272029309e-05 1.1450146638663931e-35
1.0189451701672008e-05 1.1529450512225503e-35
1.0212943165579597e-05 1.1609303939707846e-35
1.0236488788326411e-05 1.1689710730174543e-35
1.0260088694773993e-05 1.1770674719092752e-35
1.0283743010071685e-05 1.1852199768516053e-35
1.0307451859657436e-05 1.1934289767269203e-35
1.0331215369258312e-05 1.2016948631133191e-35
1.035503366489132e-05 1.2100180303032666e-35
1.0378906872863906e-05 1.2183988753223488e-35
1.0402835119774788e-05 1.2268377976775977e-35
1.0426818532514543e-05 1.235335199648941e-35
1.045085723826623e-05 1.2438914870821677e-35
1.0474951364506216e-05 1.2525070681252508e-35
1.0499101039004663e-05 1.2611823537553117e-35
1.05233063898264e-05 1.2699177577982978e-35
1.0547567545331414e-05 1.2787136969486679e-35
1.057188463417569e-05 1.287570590789328e-35
1.059625778531182e-05 1.2964888618116333e-35
1.062068712798963e-05 1.305468935435527e-35
1.0645172791757018e-05 1.314511240029893e-35
1.0669714906460457e-05 1.32361620693294e-35
1.0694313602245871e-05 1.332784270472843e-35
1.0718969009559138e-05 1.3420158679884105e-35
1.0743681259146945e-05 1.3513114398500076e-35
1.0768450482057408e-05 1.360671429480548e-35
1.0793276809640706e-05 1.3700962833766304e-35
1.081816037354993e-05 1.3795864511299013e-35
1.0843101305741605e-05 1.389142385448446e-35
1.0868099738476565e-05 1.398764542178457e-35
1.089315580432048e-05 1.4084533803259205e-35
1.0918269636144714e-05 1.4182093620785822e-35
1.0943441367126956e-05 1.428032952827973e-35
1.096867113075187e-05 1.4379246211915952e-35
1.0993959060811954e-05 1.4478848390353494e-35
1.101930529140807e-05 1.457914081495972e-35
1.1044709956950335e-05 1.468012827003793e-35
1.1070173192158654e-05 1.478181557305486e-35
1.1095695132063593e-05 1.488420757487124e-35
1.1121275912007025e-05 1.498730915997301e-35
1.1146915667642807e-05 1.5091125246704266e-35
1.1172614534937541e-05 1.5195660785733906e-35
1.1198372650171338e-05 1.5300920756955862e-35
1.1224190149938502e-05 1.5406910189919082e-35
1.1250067171148183e-05 1.5513634140750774e-35
1.1276003851025237e-05 1.5621097700626326e-35
1.130200032711089e-05 1.5729305996011988e-35
1.1328056737263415e-05 1.5838264188909234e-35
1.1354173219658916e-05 1.594797747710139e-35
1.1380349912792105e-05 1.6058451094401838e-35
1.1406586955476988e-05 1.616969031090352e-35
1.1432884486847531e-05 1.6281700433230183e-35
1.1459242646358542e-05 1.6394486804790252e-35
1.1485661573786333e-05 1.6508054806031395e-35
1.1512141409229427e-05 1.6622409854697202e-35
1.153868229310933e-05 1.6737557406085863e-35
1.156528436617134e-05 1.685350295331071e-35
1.1591947769485236e-05 1.6970252027562128e-35
1.1618672644445959e-05 1.7087810198371268e-35
1.1645459132774525e-05 1.720618307387646e-35
1.167230737651859e-05 1.7325376301090052e-35
1.1699217518053392e-05 1.7445395566168726e-35
1.172618970008231e-05 1.7566246594684004e-35
1.17532240656378e-05 1.7687935151896173e-35
1.1780320758082073e-05 1.7810467043029195e-35
1.1807479921107782e-05 1.793384811354727e-35
1.1834701698738957e-05 1.805808424943465e-35
1.1861986235331576e-05 1.8183181377475634e-35
1.1889333675574522e-05 1.8309145465538223e-35
1.1916744164490152e-05 1.8435982522858076e-35
1.1944217847435245e-05 1.8563698599170722e-35
1.1971754870101697e-05 1.8692299776902417e-35
1.1999355378517212e-05 1.8821792202164396e-35
1.2027019519046261e-05 1.8952182052536368e-35
1.2054747438390652e-05 1.9083475548419087e-35
1.208253928359051e-05 1.9215678953332117e-35
1.2110395202024856e-05 1.93487985742118e-35
1.2138315341412563e-05 1.948284076171302e-35
1.2166299849813068e-05 1.9617811910511957e-35
1.2194348875627074e-05 1.9753718459610812e-35
1.2222462567597525e-05 1.9890566892645998e-35
1.225064107481018e-05 2.0028363738196467e-35
1.2278884546694615e-05 2.016711557009635e-35
1.2307193133024807e-05 2.0306829007747534e-35
1.2335566983920115e-05 2.0447510716436588e-35
1.2364006249845983e-05 2.058916740765227e-35
1.2392511081614684e-05 2.0731805839405577e-35
1.2421081630386275e-05 2.0875432816552993e-35
1.2449718047669213e-05 2.1020055191120312e-35
1.2478420485321353e-05 2.1165679862630582e-35
1.250718909555055e-05 2.131231377843234e-35
1.253602403091565e-05 2.145996393403202e-35
1.2564925444327212e-05 2.160863737342742e-35
1.2593893489048256e-05 2.1758341189443487e-35
1.2622928318695242e-05 2.1909082524071593e-35
1.265203008723869e-05 2.2060868568809433e-35
1.2681198949004195e-05 2.2213706563829216e-35
1.2710435058673039e-05 2.236760378717376e-35
1.2739738571283199e-05 2.2522567594957237e-35
1.2769109642230085e-05 2.267860538014015e-35
1.2798548427267314e-05 2.2835724586928847e-35
1.2828055082507589e-05 2.2993932711131007e-35
1.2857629764423579e-05 2.3153237300513686e-35
1.2887272629848691e-05 2.3313645955163129e-35
1.2916983835977836e-05 2.347516632784711e-35
1.2946763540368406e-05 2.3637806124380848e-35
1.2976611900941037e-05 2.3801573103994413e-35
1.3006529075980394e-05 2.3966475079702651e-35
1.3036515224136065e-05 2.4132519918678293e-35
1.3066570504423449e-05 2.4299715542627703e-35
1.3096695076224552e-05 2.446806992816859e-35
1.3126889099288751e-05 2.463759110721022e-35
1.3157152733733797e-05 2.4808287167337495e-35
1.318748614004659e-05 2.498016625219659e-35
1.3217889479083975e-05 2.5153236561883216e-35
1.3248362912073647e-05 2.5327506353334137e-35
1.3278906600615056e-05 2.5502983940721607e-35
1.3309520706680221e-05 2.567967769584977e-35
1.3340205392614498e-05 2.585759604855369e-35
1.337096082113763e-05 2.6036747477025243e-35
1.3401787155344405e-05 2.6217140533243624e-35
1.3432684558705724e-05 2.6398783828146816e-35
1.3463653195069256e-05 2.658168602772661e-35
1.3494693228660499e-05 2.676585585804563e-35
1.352580482408357e-05 2.6951302105653257e-35
1.3556988146321989e-05 2.713803361800433e-35
1.3588243360739752e-05 2.732605930388263e-35
1.3619570633081988e-05 2.7515388133824527e-35
1.3650970129476057e-05 2.7706029140548496e-35
1.3682442016432203e-05 2.7897991419384764e-35
1.371398646084465e-05 2.809128412871052e-35
1.3745603629992377e-05 2.82859164903864e-35
1.3777293691539947e-05 2.848189779019615e-35
1.3809056813538575e-05 2.8679237378290777e-35
1.3840893164426804e-05 2.8877944669633477e-35
1.3872802913031612e-05 2.9078029144450263e-35
1.3904786228569101e-05 2.9279500348680957e-35
1.3936843280645569e-05 2.948236789041865e-35
1.3968974239258344e-05 2.9686641440304997e-35
1.4001179274796587e-05 2.9892330755624214e-35
1.4033458558042404e-05 3.009944564974114e-35
1.406581226017152e-05 3.0307996004043233e-35
1.4098240552754407e-05 3.0517991768413626e-35
1.4130743607756981e-05 3.072944296170444e-35
1.4163321597541705e-05 3.0942359672216245e-35
1.4195974694868416e-05 3.115675205817874e-35
1.4228703072895155e-05 3.137263034823506e-35
1.4261506905179296e-05 3.1590004841931185e-35
1.4294386365678223e-05 3.1808885910205853e-35
1.432734162875049e-05 3.202928399588702e-35
1.4360372869156512e-05 3.225120961418862e-35
1.4393480262059697e-05 3.247467335094557e-35
1.4426663983027291e-05 3.269968585868312e-35
1.4459924208031211e-05 3.2926257883487035e-35
1.4493261113449193e-05 3.315440023515438e-35
1.4526674876065484e-05 3.3384123798411564e-35
1.4560165673072027e-05 3.361543953343549e-35
1.459373368206915e-05 3.3848358476374875e-35
1.4627379081066726e-05 3.408289173987825e-35
1.4661102048485023e-05 3.4319050513623736e-35
1.4694902763155592e-05 3.4556846064852495e-35
1.4728781404322273e-05 3.4796289731908575e-35
1.4762738151642212e-05 3.503739294379323e-35
1.4796773185186744e-05 3.528016720529635e-35
1.4830886685442262e-05 3.552462409931535e-35
1.486507883331136e-05 3.577077528846966e-35
1.4899349810113694e-05 3.601863251463008e-35
1.4933699797586885e-05 3.626820760582948e-35
1.4968128977887549e-05 3.6519512466969856e-35
1.5002637533592314e-05 3.677255908650568e-35
1.5037225647698738e-05 3.702735954121619e-35
1.5071893503626178e-05 3.728392598783254e-35
1.5106641285216953e-05 3.7542270667353084e-35
1.5141469176737223e-05 3.7802405905626735e-35
1.517637736287791e-05 3.806434411394078e-35
1.521136602875573e-05 3.8328097789613577e-35
1.5246435359914244e-05 3.8593679516591234e-35
1.528158554232478e-05 3.886110195966306e-35
1.531681676238732e-05 3.913037787108112e-35
1.535212920693172e-05 3.940152011063435e-35
1.538752306321842e-05 3.9674541614799234e-35
1.542299851893973e-05 3.9949455409724364e-35
1.5458555762220543e-05 4.0226274611850047e-35
1.5494194981619566e-05 4.050501242853581e-35
1.552991636613022e-05 4.0785682158689966e-35
1.5565720105181553e-05 4.106829719340347e-35
1.5601606388639458e-05 4.135287101659065e-35
1.563757540680743e-05 4.163941720563054e-35
1.5673627350427836e-05 4.1927949432016926e-35
1.5709762410682663e-05 4.221848146200866e-35
1.5745980779194756e-05 4.25110271572882e-35
1.5782282648028743e-05 4.2805600475622525e-35
1.5818668209691958e-05 4.31022154715282e-35
1.5855137657135677e-05 4.340088629694395e-35
1.5891691183755888e-05 4.3701627201903824e-35
1.5928328983394587e-05 4.4004452502986944e-35
1.5965051250340533e-05 4.430937667380156e-35
1.6001858179330504e-05 4.461641426807503e-35
1.603874996555024e-05 4.4925579935025113e-35
1.607572680463538e-05 4.5236888425411283e-35
1.611278889267273e-05 4.5550354592240526e-35
1.6149936426201027e-05 4.5865993391473787e-35
1.6187169602212255e-05 4.618381988274191e-35
1.6224488618152435e-05 4.650384923006204e-35
1.626189367192288e-05 4.682609670256307e-35
1.6299384961881167e-05 4.7150577675213444e-35
1.633696268684208e-05 4.747730762955403e-35
1.637462704607889e-05 4.780630215443871e-35
1.641237823932416e-05 4.8137576946776045e-35
1.6450216466771066e-05 4.847114781228061e-35
1.648814192907418e-05 4.880703066622475e-35
1.6526154827350783e-05 4.914524153420016e-35
1.6564255363181832e-05 4.948579655288185e-35
1.6602443738612906e-05 4.98287119707969e-35
1.6640720156155545e-05 5.017400414910222e-35
1.6679084818788024e-05 5.052168956236267e-35
1.6717537929956726e-05 5.08717847993397e-35
1.675607969357693e-05 5.122430656378044e-35
1.6794710314034136e-05 5.1579271675217e-35
1.6833429996185054e-05 5.193669704096568e-35
1.6872238945358617e-05 5.229659970886697e-35
1.6911137367357128e-05 5.265899688253414e-35
1.695012546845744e-05 5.302390585263591e-35
1.6989203455411965e-05 5.339134402969177e-35
1.7028371535449677e-05 5.376132894490198e-35
1.7067629916277408e-05 5.41338782509858e-35
1.710697880608086e-05 5.450900972302309e-35
1.7146418413525617e-05 5.488674125930154e-35
1.7185948947758354e-05 5.526709088217161e-35
1.722557061840798e-05 5.565007673890696e-35
1.7265283635586706e-05 5.603571710256985e-35
1.7305088209891043e-05 5.642403037288189e-35
1.7344984552403128e-05 5.681503507710425e-35
1.738497287469175e-05 5.720874987092047e-35
1.7425053388813386e-05 5.760519353932617e-35
1.7465226307313404e-05 5.800438499752586e-35
1.750549184322725e-05 5.840634329183636e-35
1.754585021008154e-05 5.881108760059493e-35
1.7586301621895036e-05 5.921863723507322e-35
1.7626846293180076e-05 5.962901164040141e-35
1.7667484438943396e-05 6.004223039649293e-35
1.770821627468757e-05 6.045831321898193e-35
1.7749042016411857e-05 6.087727996016094e-35
1.7789961880613617e-05 6.129915060993087e-35
1.7830976084289326e-05 6.172394529675358e-35
1.7872084844935633e-05 6.215168428861132e-35
1.791328838055077e-05 6.258238799397663e-35
1.7954586909635398e-05 6.301607696278287e-35
1.7995980651194085e-05 6.345277183334203e-35
1.803746982473615e-05 6.389249345070991e-35
1.8079054650277102e-05 6.433526283590411e-35
1.8120735348339687e-05 6.478110111445658e-35
1.8162512139954946e-05 6.52300295583286e-35
1.8204385246663645e-05 6.56820695869286e-35
1.824635489051717e-05 6.613724276813108e-35
1.8288421294078967e-05 6.659557081930873e-35
1.833058468042547e-05 6.705707560836565e-35
1.8372845273147506e-05 6.752177915478326e-35
1.8415203296351384e-05 6.798970363067029e-35
1.845765897465998e-05 6.846087136181896e-35
1.8500212533214168e-05 6.893530482877349e-35
1.8542864197673736e-05 6.941302666789913e-35
1.8585614194218877e-05 6.989405967246597e-35
1.8628462749551075e-05 7.037842679373287e-35
1.8671410090894587e-05 7.086615114204559e-35
1.8714456445997526e-05 7.135725598793832e-35
1.8757602043132958e-05 7.185176476324279e-35
1.880084711110038e-05 7.234970106220918e-35
1.8844191879226617e-05 7.28510886426285e-35
1.8887636577367368e-05 7.335595142696991e-35
1.8931181435908095e-05 7.386431350351833e-35
1.897482668576552e-05 7.43761991275272e-35
1.901857255838874e-05 7.489163272237448e-35
1.9062419285760335e-05 7.541063888072639e-35
1.9106367100397863e-05 7.59332423657144e-35
1.91504162353548e-05 7.645946811211304e-35
1.9194566924222065e-05 7.698934122753331e-35
1.9238819401128957e-05 7.75228869936171e-35
1.928317390074468e-05 7.806013086724661e-35
1.932763065827945e-05 7.860109843945057e-35
1.9372189909485683e-05 7.914581545768374e-35
1.9416851890659304e-05 7.96943080116736e-35
