results/limits/GDM_l_phase.dat
# %ECSV 1.0
# ---
# datatype:
# - {name: mx, unit: MeV, datatype: float64}
# - {name: sigma_10, unit: cm2, datatype: float64}
# - {name: sigma_9, unit: cm2, datatype: float64}
# - {name: sigma_7, unit: cm2, datatype: float64}
# - {name: sigma_6, unit: cm2, datatype: float64}
# - {name: sigma_5, unit: cm2, datatype: float64}
# - {name: sigma_4, unit: cm2, datatype: float64}
# - {name: sigma_3, unit: cm2, datatype: float64}
# - {name: sigma_2, unit: cm2, datatype: float64}
# schema: astropy-2.0
mx sigma_10 sigma_9 sigma_7 sigma_6 sigma_5 sigma_4 sigma_3 sigma_2
[from data line 319]
0.0004933932380508582 2.593905991149534e-42 8.516470240077322e-39 3.9154490216036863e-31 3.914964224459006e-27 3.913642865641445e-23 3.7852593021166797e-19 5.374432352859378e-16 1.3404783996419123e-15
0.0005048974801334842 2.808154247341539e-42 9.134722266355953e-39 4.293576763900612e-31 4.2930684451102425e-27 4.2916197033932524e-23 4.1508369490864172e-19 5.89349120105473e-16 1.4699408485978702e-15
0.0005166699617777604 3.041697723776164e-42 9.799965298341605e-39 4.708222708491942e-31 4.7076896955429e-27 4.706101279367158e-23 4.551721829224273e-19 6.462680389367072e-16 1.6119066902252117e-15
0.0005287169374124361 3.296330557098252e-42 1.051619483809944e-38 5.162913698079095e-31 5.162354757077381e-27 5.1606131882944267e-23 4.991323883307216e-19 7.086841460890889e-16 1.767583490925931e-15
0.0005410448072981404 3.574013954786663e-42 1.1287773554857143e-38 5.66151717609919e-31 5.660931008284571e-27 5.659021507586938e-23 5.473382365565914e-19 7.771283528506189e-16 1.9382954372688898e-15
0.0005536601209276797 3.8768916008882664e-42 1.2119465502792227e-38 6.2082742664939426e-31 6.207659504521509e-27 6.205565865746637e-23 6.001997827314906e-19 8.52182868626064e-16 2.125494662390986e-15
0.0005665695805056229 4.207306491221319e-42 1.301647238389185e-38 6.807835368961715e-31 6.807190572997038e-27 6.804895025459508e-23 6.581666532775265e-19 9.344860874056578e-16 2.3307734337135655e-15
0.0005797800445090163 4.5678193284218434e-42 1.3984475366780167e-38 7.465300283952423e-31 7.46462393744724e-27 7.462106994774831e-23 7.217319254442925e-19 1.0247380960556997e-15 2.555877891592548e-15
0.0005932985313311235 4.9612286343113023e-42 1.5029678785368506e-38 8.186261203883482e-31 8.185551709130715e-27 8.18279200364134e-23 7.914362839818316e-19 1.1237065760959283e-15 2.8027227693940884e-15
0.000607132223010125 5.3905927349339967e-42 1.6158859327017095e-38 8.976850439109064e-31 8.976106112477493e-27 8.973080213503935e-23 8.67872635593291e-19 1.2322333554471393e-15 3.0734077347108785e-15
0.0006212884690447563 5.859253791949499e-42 1.7379419728643127e-38 9.843792671987882e-31 9.843011738830847e-27 9.839693953470453e-23 9.516911611955715e-19 1.3512415817926156e-15 3.3702352809931634e-15
0.0006357747902989163 6.370864090833435e-42 1.869944648680083e-38 1.0794461845891719e-30 1.079364243516257e-26 1.0790004589893687e-22 1.0436048163219986e-18 1.481743532225965e-15 3.695730206190463e-15
0.0006505988829973161 6.929414754138966e-42 2.0127774438559008e-38 1.1836944089521213e-30 1.183608422799884e-26 1.1832095429133459e-22 1.144395415051706e-18 1.6248492514088372e-15 4.0526611578433636e-15
0.0006657686228142928 7.539267158402155e-42 2.167405762638038e-38 1.298010682117358e-30 1.2979204427269504e-26 1.2974830798163713e-22 1.2549203114576522e-18 1.7817760381047568e-15 4.4440642941752584e-15
0.0006812920690579615 8.205187244646401e-42 2.334884497638526e-38 1.4233673383935332e-30 1.42327262611358e-26 1.4227930654298564e-22 1.3761196158287605e-18 1.953858691002356e-15 4.873268838985993e-15
0.0006971774689519261 8.932382994742784e-42 2.516366602579479e-38 1.5608306782607792e-30 1.5607312612409622e-26 1.560205429344791e-22 1.5090242908981047e-18 2.142561003999388e-15 5.343925752921542e-15
0.0007134332620168255 9.726545404460331e-42 2.713112194895619e-38 1.7115699252278656e-30 1.711465558668498e-26 1.710888988812476e-22 1.654764811922302e-18 2.3494880620607222e-15 5.860038401516599e-15
0.0007300680845540431 1.0593893138137872e-41 2.9264987253423856e-38 1.8768672325258327e-30 1.8767576578742754e-26 1.8761254520194662e-22 1.8145808418080625e-18 2.5763999782727932e-15 6.425996817835837e-15
0.0007470907742339592 1.154122128230206e-41 3.1580320783965265e-38 2.058128547035393e-30 2.0580134911230872e-26 2.0573202783017254e-22 1.9898317350668144e-18 2.8252268076947076e-15 7.04661490025399e-15
0.0007645103747911887 1.257595448585529e-41 3.4093589658071047e-38 2.2568957842354774e-30 2.256774958348354e-26 2.256014848931742e-22 2.182008309350164e-18 3.0980852609611658e-15 7.727172099134981e-15
0.0007823361408292924 1.3706204845780149e-41 3.6822796511257787e-38 2.4748594819281207e-30 2.4747325808301055e-26 2.473899116540922e-22 2.392745079919398e-18 3.397296075174011e-15 8.473456742905007e-15
0.00080057754273752 1.4940834939634927e-41 3.9787633211125615e-38 2.7138737252364252e-30 2.7137404260943224e-26 2.7128265249990113e-22 2.62383469009175e-18 3.725404502711854e-15 9.291817140764282e-15
0.0008192442717221943 1.6289526290823492e-41 4.3009635510074886e-38 2.975971554979079e-30 2.9758315162305413e-26 2.9748294125497074e-22 2.8772428090900582e-18 4.085201463674023e-15 1.0189214340620131e-14
0.0008383462449554094 1.7762853873877467e-41 4.6512358623487984e-38 3.2633822877480295e-30 3.263235147885794e-26 3.262136325979405e-22 3.155124878235853e-18 4.479747322661697e-15 1.1173281432580614e-14
0.0008578936108437789 1.9372366864770576e-41 5.032157291581208e-38 3.578550670584955e-30 3.578396046835571e-26 3.577191168745897e-22 3.459844630940992e-18 4.9123981840549796e-15 1.2252389134022188e-14
0.0008778967544200344 2.1130676315520136e-41 5.446547107074174e-38 3.924157490587064e-30 3.923994977508393e-26 3.9226738035715967e-22 3.7939940194514254e-18 5.386834184641732e-15 1.3435716356405642e-14
0.000898366302860337 2.3051549952328913e-41 5.89748998113757e-38 4.303142402520191e-30 4.302971570487245e-26 4.301522872267522e-22 4.160415286087468e-18 5.907090831071179e-15 1.473332836642283e-14
0.0009193131311302326 2.5150014924021186e-41 6.388361305110792e-38 4.718728904926503e-30 4.718549298500162e-26 4.716960763323826e-22 4.562225111795094e-18 6.4775932867402246e-15 1.6156262303550052e-14
0.0009407483677622533 2.7442468665608674e-41 6.922855377210784e-38 5.174452181138521e-30 5.17426331730328e-26 5.172521443429313e-22 5.0028415346775726e-18 7.103194591586555e-15 1.7716622506965766e-14
0.000962683400768232 2.9946798494757193e-41 7.505015117284187e-38 5.674188607597539e-30 5.673989973880496e-26 5.672079955746968e-22 5.4860124806067444e-18 7.789216170764e-15 1.9427681551345214e-14
0.000985129883689471 3.2682510590278134e-41 8.139265413815169e-38 6.222188741346703e-30 6.221979793790142e-26 6.219885396166285e-22 6.0158476577191855e-18 8.541493119469409e-15 2.1303993195220824e-14
0.0010080997417879817 3.567086876349308e-41 8.830450489514437e-38 6.823114128974405e-30 6.822894289927382e-26 6.820597709685931e-22 6.596854145726754e-18 9.366424733785247e-15 2.3361518413832927e-14
0.0010316051783820807 3.8935043325262407e-41 9.583872467639395e-38 7.482075837880774e-30 7.481844493658697e-26 7.479326208589726e-22 7.233973650538649e-18 1.0271027405984819e-14 2.5617757329367934e-14
0.0010556586813297128 4.2500270918155594e-41 1.0405336162497822e-37 8.204678619704659e-30 8.204435118036744e-26 8.201673720808363e-22 7.93262520437598e-18 1.1262995251522088e-14 2.8091900425384385e-14
0.0010802730296629402 4.639402600313593e-41 1.1301199322231773e-37 8.997070291792156e-30 8.996813939016297e-26 8.993785954527039e-22 8.698752911018057e-18 1.2350767899261113e-14 3.080499762762427e-14
0.001105461300377127 5.064620287992259e-41 1.2278419796172311e-37 9.86598961142188e-30 9.865719669592018e-26 9.862399356223359e-22 9.538872233900587e-18 1.3543596212799865e-14 3.378012222460802e-14
0.0011312368753784248 5.528931140766402e-41 1.334461859156242e-37 1.0818827820417504e-29 1.0818543504049336e-25 1.081490263421868e-21 1.0460129501442556e-17 1.485162677803857e-14 3.704258159455979e-14
0.0011576134485932472 6.035868451504504e-41 1.4508142033748362e-37 1.1863690509048044e-29 1.1863390981630034e-25 1.1859398601538085e-21 1.1470361721206953e-17 1.6285986829240353e-14 4.062012902600971e-14
0.0011846050332435167 6.589269707965977e-41 1.577812841761979e-37 1.3009464429417447e-29 1.3009148799710977e-25 1.3004770966619159e-21 1.2578161179600833e-17 1.78588759697535e-14 4.454319248548328e-14
0.0012122259692915415 7.193300137755938e-41 1.7164587937807506e-37 1.4265895945148367e-29 1.4265563263080031e-25 1.4260762756203255e-21 1.3792951292174339e-17 1.9583673866694868e-14 4.884514322707209e-14
0.0012404909310584848 7.852477182808e-41 1.8678483524005226e-37 1.5643672035744867e-29 1.5643321288039473e-25 1.5638057292196395e-21 1.5125064924108955e-17 2.1475051452886552e-14 5.3562573149714495e-14
0.0012694149350204683 8.571696470518108e-41 2.033182300078691e-37 1.7154511607994478e-29 1.7154141713419092e-25 1.714836947197276e-21 1.6585832676153056e-17 2.354909627805402e-14 5.873560744523412e-14
0.0012990133477864558 9.356259246581327e-41 2.2137761458652695e-37 1.881126689877511e-29 1.881087670294567e-25 1.8804547136640477e-21 1.8187680927593363e-17 2.5823451713376138e-14 6.440825179908637e-14
0.0013293018942621524 1.021190060903206e-40 2.41107073012017e-37 2.0628029651979922e-29 2.0627617921822191e-25 2.0620677211912595e-21 1.994423449527055e-17 2.8317462710042324e-14 7.062875593795698e-14
0.001360296666004259 1.1144819470507262e-40 2.6266444051345553e-37 2.2620251829818505e-29 2.261981724751685e-25 2.261220637829885e-21 2.18704333452943e-17 3.105234151028264e-14 7.745002694235314e-14
0.001392014129769518 1.2161709651437302e-40 2.8622267724669983e-37 2.4804881703538778e-29 2.4804422859897495e-25 2.4796077115469995e-21 2.3982664174595327e-17 3.405135447106823e-14 8.493009521792632e-14
0.0014244711362630968 1.3269791340398325e-40 3.1197123519886286e-37 2.7200501063810327e-29 2.72000164512046e-25 2.7190864866086407e-21 2.6298893075218433e-17 3.734001042512223e-14 9.313258430111802e-14
0.0014576849290909482 1.4476845076310927e-40 3.4011768429814795e-37 2.9827486035470154e-29 2.982697404008411e-25 2.98169387957455e-21 2.88388210206851e-17 4.0946281445435755e-14 1.0212726148487392e-13
0.0014916731539209149 1.5791244759143726e-40 3.7088949363046266e-37 3.270818460797169e-29 3.270764350137124e-25 3.269663926305981e-21 3.1624055514325976e-17 4.490084655706638e-14 1.1199064567893496e-13
0.0015264538678574353 1.7221992725748e-40 4.045358240266863e-37 3.58670959153312e-29 3.5866523845443784e-25 3.5854457038716776e-21 3.4678283929221517e-17 4.9237337850735406e-14 1.228066212606399e-13
0.0015620455490348386 1.8778755114895675e-40 4.413297513646382e-37 3.9331090387811976e-29 3.9330485368945357e-25 3.9317253382160894e-21 3.802748636546717e-17 5.3992642704388736e-14 1.3466719186890247e-13
0.0015984671064343198 2.0471898835457226e-40 4.815705676851005e-37 4.312963867650673e-29 4.312899857848356e-25 4.3114488888301e-21 4.170015698977138e-17 5.920721804824464e-14 1.4767326423677448e-13
0.0016357378899298156 2.231252500342896e-40 5.2558606904623044e-37 4.729504235204321e-29 4.729436488874609e-25 4.727845410804239e-21 4.572752709068943e-17 6.492540706575659e-14 1.619354380996106e-13
0.0016738777005681136 2.4312508812449118e-40 5.7373566539777144e-37 5.186273968587831e-29 5.186202240225232e-25 5.184457522519575e-21 5.0143860728077596e-17 7.119585896617459e-14 1.7757505318201373e-13
0.0017129068010886602 2.6484533684527705e-40 6.264130774052668e-37 5.687157786658295e-29 5.687081812497407e-25 5.685168618055201e-21 5.498671793038371e-17 7.8071902680485e-14 1.9472512126154483e-13
0.0017528459266886532 2.8842128475068717e-40 6.840498913139663e-37 6.23641652059731e-29 6.23633601709532e-25 6.2342380758046016e-21 6.029729523094212e-17 8.561203036574567e-14 2.1353153211397316e-13
0.00179371629603914 3.1399705876894555e-40 7.471191012056908e-37 6.838722453831663e-29 6.838637116024399e-25 6.836336586384697e-21 6.612076735806299e-17 9.388038254761509e-14 2.341542635444728e-13
0.0018355396225579732 3.417259542514526e-40 8.161389846829014e-37 7.499198106224339e-29 7.499107605954087e-25 7.496584923655123e-21 7.250666222674246e-17 1.0294728054558837e-13 2.5676870935024727e-13
0.0018783381259456144 3.7177083826182564e-40 8.91677735816745e-37 8.223462206463699e-29 8.2233661904170385e-25 8.220599901456137e-21 7.95093054303492e-17 1.1288985757652596e-13 2.8156725340424834e-13
0.0019221345439899109 4.043045058920952e-40 9.743579645604524e-37 9.017674736519368e-29 9.017572824118903e-25 9.014539402769618e-21 8.718825576082453e-17 1.2379267712017867e-13 3.087608119680685e-13
0.001966952144646121 4.395100589114549e-40 1.06486224092595e-36 9.888592087777362e-29 9.888483868859046e-25 9.885157517089899e-21 9.560883849507518e-17 1.3574849009628196e-13 3.385807222254129e-13
0.0020128147383986056 4.775812813126303e-40 1.1639385160955745e-36 1.0843621314468983e-28 1.0843506346781596e-24 1.0839858775428967e-20 1.048426699537212e-16 1.4885897964986197e-13 3.7128059990826343e-13
0.002059746690910748 5.187230515938991e-40 1.2724067883393466e-36 1.189088643106072e-28 1.1890764237506085e-24 1.1886764425150293e-20 1.149682985085744e-16 1.6323567127417743e-13 4.071386093043199e-13
0.0021077729359698315 5.631518053338105e-40 1.3911658707100459e-36 1.3039296009112845e-28 1.3039166074751209e-24 1.3034780003859045e-20 1.260718581545359e-16 1.7900086077302547e-13 4.4645977775897285e-13
0.0021569189887337423 6.110959506644063e-40 1.5212008062567833e-36 1.4298617265306011e-28 1.429847903410561e-24 1.4293669402256374e-20 1.3824778484248904e-16 1.9628863133311868e-13 4.895785324335352e-13
0.002207210959286545 6.627964162528852e-40 1.6635916227954232e-36 1.5679563209803648e-28 1.5679416081057443e-24 1.567414198285962e-20 1.515996590879927e-16 2.1524604988688642e-13 5.368616842454766e-13
0.0022586755665101248 7.18507189299525e-40 1.819522079955892e-36 1.7193880159300472e-28 1.71937234837528e-24 1.7187940063329425e-20 1.6624105210643692e-16 2.3603436848226016e-13 5.887114242969634e-13
0.0023113401522792685 7.78495975987361e-40 1.99028974908303e-36 1.8854448250706568e-28 1.8854281326313555e-24 1.8847939395983613e-20 1.822964976467853e-16 2.58830404123338e-13 6.455687654412984e-13
0.0023652326959877285 8.430450150606807e-40 2.1773170558692e-36 2.0675391618495396e-28 2.0675213685790264e-24 2.066825930769605e-20 1.9990255726016532e-16 2.838280512728353e-13 7.079173147313145e-13
0.0024203818294129824 9.12451841102896e-40 2.382163614694188e-36 2.2672201456932646e-28 2.2672011693948493e-24 2.2664385720295802e-20 2.1920901014812907e-16 3.1123997123674345e-13 7.762874870432338e-13
0.0024768168519275916 9.87030308425842e-40 2.6065386366076527e-36 2.4861860261926747e-28 2.486165777871807e-24 2.4853295350232778e-20 2.403800544167312e-16 3.41299297743331e-13 8.512607590920934e-13
0.002534567746065232 1.0671118295161295e-39 2.8523162785430296e-36 2.7262994522664387e-28 2.7262778355235726e-24 2.7253608348267966e-20 2.635957834013615e-16 3.7426173307640864e-13 9.334748975585084e-13
0.0025936651934496745 1.1530467179559519e-39 3.1215514264605e-36 2.9896032560582036e-28 2.9895801664285838e-24 2.988574608483146e-20 2.8905371176026275e-16 4.1040771487177017e-13 1.0236293634618899e-12
0.0026541405910951734 1.2452054544576903e-39 3.416495283451911e-36 3.278336079432704e-28 3.2783114036774607e-24 3.277208736194356e-20 3.169702863498329e-16 4.500445613063209e-13 1.1224906626412045e-12
0.0027160260680869266 1.3439810510308084e-39 3.739617800139732e-36 3.594954641930472e-28 3.594928257236652e-24 3.5937191016960464e-20 3.4758303923893507e-16 4.935095280167292e-13 1.2308999702502723e-12
0.0027793545026504624 1.4497908362275666e-39 4.09362637234153e-36 3.942152494943298e-28 3.942124268066479e-24 3.9407983400683065e-20 3.8115240098948544e-16 5.411723826532648e-13 1.3497795521499913e-12
0.002844159539619031 1.5630784479287906e-39 4.481487513669828e-36 4.322881726912288e-28 4.322851513249338e-24 4.3213975355642955e-20 4.179637992615467e-16 5.934383845465021e-13 1.480140196723619e-12
0.0029104756083082714 1.684317295454504e-39 4.9064560768760415e-36 4.740381989426771e-28 4.7403496319716475e-24 4.7387552378302076e-20 4.583304652502379e-16 6.507522693763019e-13 1.6230911533453476e-12
