results/limits/GDM_h.dat
# %ECSV 1.0
# ---
# datatype:
# - {name: mx, unit: MeV, datatype: float64}
# - {name: sigma, unit: cm2, datatype: float64}
# schema: astropy-2.0
mx sigma
[from data line 1434]
0.001971782336360376 8.237054856154937e-29
0.001979061507270924 8.328251066249544e-29
0.001986367550482825 8.420454362775427e-29
0.001993700565199762 8.513675825241585e-29
0.002001060650991652 8.607926654557055e-29
0.0020084479077959842 8.70321817436234e-29
0.0020158624359191877 8.799561832376127e-29
0.0020233043360379887 8.896969201756804e-29
0.0020307737092007767 8.995451982479312e-29
0.002038270656828985 9.095021005576692e-29
0.0020457952807184554 9.195687942656923e-29
0.002053347683040829 9.297466016751276e-29
0.0020609279663449287 9.400367441684284e-29
0.002068536233558155 9.50440456490679e-29
0.002076172587987886 9.609589868958288e-29
0.002083837133322872 9.715935972945451e-29
0.00209152997363465 9.823455634037389e-29
0.002099251213378953 9.932161748977488e-29
0.0021070009573971303 1.0042067355612289e-28
0.0021147793109175766 1.015318563443749e-28
0.002122586379557148 1.0265529910161093e-28
0.0021304222693226066 1.0379113653284359e-28
0.0021382870866120556 1.0493950481700278e-28
0.0021461809382163828 1.0610054162310102e-28
0.0021541039313207203 1.0727437821985924e-28
0.002162056173505885 1.084611334406189e-28
0.0021700377727498486 1.0966097682311259e-28
0.002178048837429203 1.1087405203753553e-28
0.0021860894763206275 1.1210050432260624e-28
0.0021941597986023767 1.1334048050268882e-28
0.002202259913855748 1.1459412900510434e-28
0.002210389932066579 1.1586159987763843e-28
0.002218549963626737 1.1714304480624263e-28
0.0022267401193356265 1.1843861713293646e-28
0.00223496051040168 1.1974847187390687e-28
0.0022432112484438763 1.2107276573781268e-28
0.0022514924454932563 1.2241165714429502e-28
0.002259804213994439 1.2376530624269288e-28
0.00226814666680716 1.2513387493097275e-28
0.002276519917207787 1.2651752687486678e-28
0.002284924078890871 1.2791642752722947e-28
0.0022933592659706856 1.2933074414761073e-28
0.0023018255929827735 1.307606370787668e-28
0.002310323174885512 1.3220623601529934e-28
0.0023188521270616604 1.33667759882937e-28
0.002327412565319935 1.3514538317411626e-28
0.0023360046058965803 1.3663928228116346e-28
0.0023446283654569443 1.3814963551697225e-28
0.002353283961097071 1.3967662313591315e-28
0.002361971510345279 1.4122042735497415e-28
0.002370691131163764 1.4278123237514206e-28
0.0023794429419501995 1.4435922440302002e-28
0.002388227061539342 1.4595459167268963e-28
0.0023970436092046535 1.4756752446781892e-28
0.0024058927046599083 1.4919821514401456e-28
0.0024147744680608255 1.5084685815143045e-28
0.0024236890200067 1.5251365005762799e-28
0.0024326364815420378 1.5419878957069325e-28
0.002441616974158208 1.559024775626181e-28
0.002450630619795078 1.5762491709293815e-28
0.0024596775408426814 1.5936631343264496e-28
0.002468757860142871 1.6112687408836226e-28
0.002477871700990999 1.6290675618369073e-28
0.002487019187137577 1.6470618645278313e-28
0.002496200442789965 1.6652541131302247e-28
0.0025054155926140546 1.683646471649609e-28
0.002514664761735961 1.7022411275765607e-28
0.0025239480757437314 1.7210402921415131e-28
0.0025332656606890354 1.7400462005723627e-28
0.0025426176430888856 1.759261112355005e-28
0.002552004149927355 1.778687311496786e-28
0.0025614253086572955 1.7983271067928918e-28
0.0025708812472020823 1.818182832095766e-28
0.0025803720939573333 1.8382568465875177e-28
0.002589897977792663 1.8585515350554267e-28
0.002599459028053431 1.879069308170541e-28
0.0026090553745624933 1.8998126027694165e-28
0.0026186871476219786 1.9207838821390635e-28
0.002628354478015039 1.9419856363050475e-28
0.002638057497007638 1.9634203823229142e-28
0.0026477963363503295 1.9850906645728826e-28
0.0026575711282800455 2.0069990550578748e-28
0.0026673820055219 2.0291473552133447e-28
0.002677229101290977 2.0515384853019985e-28
0.0026871125492941485 2.074175523464581e-28
0.00269703248373189 2.097061150991308e-28
0.0027069890393000957 2.1201980781619347e-28
0.0027169823511919234 2.1435890445591424e-28
0.0027270125550996095 2.1672368193853696e-28
0.002737079787216326 2.191144201783271e-28
0.00274718418423802 2.2153140211597324e-28
0.002757325883365285 2.2397491375135884e-28
0.0027675050223052063 2.2644524417669524e-28
0.0027777217392732385 2.289426856100351e-28
0.002787976172995085 2.3146753342916263e-28
0.002798268462708574 2.340200862058648e-28
0.0028085987481655636 2.366006457405955e-28
0.002818967169633821 2.392095170975235e-28
0.0028293738678989372 2.4184700863998695e-28
0.0028398189842662393 2.445134320663448e-28
0.002850302660562703 2.4720910244623634e-28
0.0028608250391388918 2.4993431073022164e-28
0.0028713862628708714 2.5268926165203797e-28
0.0028819864751621622 2.554744140512511e-28
0.0028926258199456828 2.582900962869603e-28
0.0029033044416857017 2.611366402537669e-28
0.002914022485379811 2.640143814198426e-28
0.0029247800965608774 2.669236588654164e-28
0.00293557742129903 2.698648153217039e-28
0.0029464146062036403 2.7283819721027076e-28
0.0029572917984253106 2.758441546828422e-28
0.002968209145657883 2.7888304166156426e-28
0.0029791667961404297 2.8195521587971533e-28
0.0029901648986592733 2.8506103892288456e-28
0.0030012036025500077 2.8820087627061434e-28
0.0030122830576995215 2.91375097338517e-28
0.0030234034145480452 2.945840755208719e-28
0.0030345648240911764 2.9782818823370166e-28
0.003045767437881941 3.011078169583455e-28
0.0030570114080328468 3.0442334728552545e-28
0.0030682968872179587 3.077749541515019e-28
0.0030796240286749556 3.111632303940933e-28
0.003090992986207223 3.1458857519598453e-28
0.0031024039141859367 3.1805139029297978e-28
0.0031138569675521572 3.215520817278994e-28
0.0031253523018189466 3.250910598968075e-28
0.0031368900730734594 3.286687395957517e-28
0.0031484704379790766 3.322855400680444e-28
0.0031600935537775283 3.3594188505207006e-28
0.003171759578291026 3.3963820282964183e-28
0.003183468669924418 3.4337492627490673e-28
0.0031952209876673233 3.471524929038031e-28
0.0032070166910962996 3.5097134492408757e-28
0.0032188559403770094 3.5483192928593e-28
0.0032307388962663905 3.587346977330854e-28
0.003242665720114852 3.6268010685465936e-28
0.003254636573868447 3.6666843263082357e-28
0.003266651620071082 3.707002449258974e-28
0.003278711021866722 3.7477607990745203e-28
0.003290814943001604 3.7889641320991675e-28
0.0033029635478264707 3.830617255454998e-28
0.003315157001298784 3.872725027584953e-28
0.0033273954689849775 3.915292358802188e-28
0.0033396791170627023 3.9583242118456055e-28
0.003352008112323079 4.0018256024417242e-28
0.0033643826221729754 4.0458015998730135e-28
0.0033768028146372612 4.090257327552615e-28
0.0033892688583611018 4.135197963605761e-28
0.0034017809226122406 4.180628741457752e-28
0.0034143391772833136 4.226554950428815e-28
0.0034269437928941327 4.2729799045015975e-28
0.0034395949405940174 4.319910159513634e-28
0.003452292792164113 4.367351866417655e-28
0.0034650375200197215 4.415310534800495e-28
0.003477829297212656 4.463791732838167e-28
0.0034906682974335684 4.512801087920783e-28
0.003503554695014324 4.56234428728482e-28
0.0035164886649303633 4.612427078652505e-28
0.0035294703828030747 4.663055270878525e-28
0.003542500024902194 4.714234734604262e-28
0.0035555777681481764 4.765971402919377e-28
0.003568703790114612 4.818270680636044e-28
0.0035818782690306343 4.871137041126754e-28
0.0035951013837833366 4.924578606229267e-28
0.0036083733139202156 4.978601556561745e-28
0.003621694239651587 5.033212138244921e-28
0.0036350643418530467 5.088416663599401e-28
0.0036484838020679248 5.144221511850853e-28
0.0036619528025097453 5.200633129843277e-28
0.0036754715260647153 5.257658032760612e-28
0.0036890401562941874 5.315301851052136e-28
0.0037026588774371648 5.373570773648177e-28
0.0037163278744128015 5.432472789849864e-28
0.003730047332822907 5.492014687888276e-28
0.0037438174389544847 5.552203327754585e-28
0.003757638379782235 5.6130456419631815e-28
0.0037715103429711125 5.674547787389751e-28
0.0037854335168788643 5.736716972701889e-28
0.0037994080905586047 5.799560971059755e-28
0.0038134342537613575 5.863086625155963e-28
0.0038275121969386485 5.927301403246918e-28
0.0038416421112450884 5.992211761539308e-28
0.0038558241885409635 6.057826106003632e-28
0.003870058621394857 6.124152037931739e-28
0.0038843456030862402 6.19119716613889e-28
0.0038986853276081123 6.2589691796144456e-28
0.00391307798966963 6.327474906674526e-28
0.00392752378469875 6.396720509916542e-28
0.003942022908844895 6.466716322531358e-28
0.003956575558981596 6.537470351228741e-28
0.003971181932709178 6.6089906867800345e-28
0.003985842228357443 6.6812855049063915e-28
0.0040005566449883585 6.754363067177235e-28
0.0040153253823987725 6.828231721919268e-28
0.004030148641123108 6.9028999051359585e-28
0.004045026622436095 6.978376141437849e-28
0.004059959528355507 7.0546690449837455e-28
0.004074947561644897 7.131784982153037e-28
0.004089990925816364 7.209730448757124e-28
0.004105089825133295 7.288518518855394e-28
0.004120244464613155 7.368158151869973e-28
0.004135455050030265 7.448658400726098e-28
0.0041507217879185945 7.530028412832939e-28
0.004166044885574579 7.612277431076067e-28
0.0041814245510599125 7.695414794821166e-28
0.004196860993204389 7.779449940929795e-28
0.004212354421608728 7.864392404786843e-28
0.004227905046647438 7.950251821340216e-28
0.004243513079471651 8.0370379261525215e-28
0.004259178732012 8.124760556465432e-28
0.0042749022169815 8.213429652276416e-28
0.004290683747878424 8.303055257428305e-28
0.004306523538989227 8.393646304465655e-28
0.004322421805391423 8.485204003276832e-28
0.0043383787629565265 8.577748230135649e-28
0.00435439462835298 8.671289418204039e-28
0.004370469619049089 8.765838108617958e-28
0.004386603953315994 8.861404951609964e-28
0.004402797850230606 8.958000707644686e-28
0.004419051529678602 9.055636248567915e-28
0.004435365212357404 9.154322558769024e-28
0.004451739119779171 9.254070736357102e-28
0.004468173474273826 9.354891994351189e-28
0.004484668498992047 9.456797661884276e-28
0.004501224417908317 9.559799185421979e-28
0.004517841455823956 9.663908129995505e-28
0.0045345198383701735 9.769136180449444e-28
0.004551259792011149 9.87549514270457e-28
0.004568061544047079 9.982996945035565e-28
0.004584925322617284 1.0091653639364416e-27
0.004601851356703295 1.0201476612809033e-27
0.004618839876131968 1.0312461964501316e-27
0.004635891111578614 1.0424637962603623e-27
0.0046530052945701105 1.0538017109344028e-27
0.004670182657488058 1.0652612034963808e-27
0.0046874234335719306 1.0768435499034861e-27
0.0047047278569222585 1.0885500391792955e-27
0.004722096162503781 1.1003819735486314e-27
0.004739528586148652 1.1123406685740796e-27
0.0047570253645596436 1.1244274532941093e-27
0.004774586735313349 1.136643670362847e-27
0.004792212936863432 1.1489906761915549e-27
0.0048099042085438335 1.161469841091777e-27
0.004827660790572042 1.1740825494202505e-27
0.004845482924052349 1.1868301997255563e-27
0.0048633708509791184 1.1997142048965558e-27
0.004881324814240094 1.2127359923126582e-27
0.004899345057619665 1.2258970039958758e-27
0.004917431825802198 1.2391986967647929e-27
0.004935585364375353 1.2526425423904012e-27
0.004953805919833413 1.266228721809195e-27
0.004972093739580654 1.2799586261293866e-27
0.004990449071934671 1.2938350144233883e-27
0.005008872166129769 1.3078594111954211e-27
0.005027363272320348 1.3220333563608906e-27
0.005045922641584285 1.3363584054034281e-27
0.005064550525926375 1.3508361295338448e-27
0.005083247178281712 1.3654681158509687e-27
0.00510201285251915 1.380255967504474e-27
0.005120847803444739 1.3952013038596832e-27
0.005139752286805202 1.410305760664398e-27
0.00515872655929138 1.425570990217753e-27
0.005177770878541739 1.4409986615411807e-27
0.00519688550314586 1.456590460551477e-27
0.005216070692647945 1.4723480902360137e-27
0.005235326707550366 1.4882732708301505e-27
0.005254653809317166 1.5043677399968245e-27
0.005274052260377635 1.520633253008423e-27
0.005293522324129861 1.5370715829309258e-27
0.0053130642649443114 1.5536845208103641e-27
0.005332678348167434 1.5704718907714655e-27
0.005352364840125234 1.5874356027881388e-27
0.005372124008126909 1.604579155875442e-27
0.005391956120468475 1.6219044026068638e-27
0.005411861446436403 1.6394132140104195e-27
0.005431840256311296 1.657107479754769e-27
0.00545189282137153 1.674989108337585e-27
0.005472019413896953 1.6930600272763125e-27
0.005492220307172586 1.7113221833012788e-27
0.005512495775492317 1.729777542551238e-27
0.005532846094162659 1.748428090771389e-27
0.005553271539506443 1.76727583351385e-27
0.005573772388866604 1.7863227963407263e-27
0.005594348920609933 1.8055710250297415e-27
0.005615001414130853 1.8250225857824886e-27
0.0056357301498552404 1.8446795654353826e-27
0.005656535409244189 1.864544071673265e-27
0.005677417474797864 1.8846182332458303e-27
0.0056983766300593205 1.904904200186808e-27
0.00571941315961838 1.925403865215667e-27
0.005740527349115455 1.9461148944908643e-27
0.0057617194852454595 1.967043981132442e-27
0.005782989855761687 1.988193346387795e-27
0.005804338749479715 2.00956523327917e-27
0.005825766456281354 2.0311619068209634e-27
0.005847273267118542 2.052985654239726e-27
0.005868859474017322 2.0750387851970542e-27
0.005890525370081802 2.097323632015328e-27
0.005912271249498127 2.1198425499063642e-27
0.0059340974075385 2.142597917203074e-27
0.005956004140565151 2.1655921355940973e-27
0.00597799174603439 2.1888276303615632e-27
0.006000060522500636 2.2123068506219532e-27
0.006022210769620469 2.236032269570153e-27
0.006044442788156717 2.260006384726769e-27
0.00606675687998251 2.284231718188677e-27
0.0060891533480854 2.308710816882974e-27
0.006111632496571468 2.333446252824308e-27
0.006134194630669447 2.3584350188908018e-27
0.006156840056734897 2.3836842109585684e-27
0.006179569082254321 2.4091971813598176e-27
0.006202382015849364 2.434976584226008e-27
0.006225279167281004 2.461025099289306e-27
0.006248260847453749 2.4873454321369716e-27
0.006271327368419879 2.513940314469158e-27
0.006294479043383653 2.5408125043601005e-27
0.006317716186705582 2.567964786522907e-27
0.006341039113906684 2.595399972577872e-27
0.0063644481416728 2.6231209013244953e-27
0.006387943587858849 2.651130439017149e-27
0.006411525771493172 2.6794314796445664e-27
0.006435195012781858 2.7080269452131736e-27
0.006458951633113085 2.736919786034325e-27
0.0064827959550615094 2.766112981015537e-27
0.006506728302392609 2.7956049582935636e-27
0.0065307490000671015 2.8254001801834117e-27
0.006554858374245353 2.8555043756736902e-27
0.006579056752291801 2.885920617098505e-27
0.006603344462779423 2.9166520059608113e-27
0.0066277218354941604 2.947701673221047e-27
0.006652189201439423 2.9790727795898385e-27
0.006676746892840575 3.0107685158247846e-27
0.0067013952431494404 3.042792103031387e-27
0.006726134587048859 3.075146792968302e-27
0.006750965260457189 3.107835868356814e-27
0.006775887600532894 3.1408626431948134e-27
0.006800901945679116 3.1742304630752223e-27
0.006826008635548263 3.2079427055089906e-27
0.006851208011046651 3.241997808333844e-27
0.006876500414339085 3.276400827528544e-27
0.00690188618885354 3.3111580684670944e-27
0.006927365679285812 3.3462730140255744e-27
0.006952939231604193 3.381749179677915e-27
0.0069786071930542 3.417590113818698e-27
0.0070043699121632415 3.453799398090542e-27
0.0070302277387453834 3.490380647716403e-27
0.007056181023906083 3.52733751183665e-27
0.007082230120046982 3.564673673851208e-27
0.0071083753808706554 3.602392851766646e-27
0.007134617161385436 3.640497947522648e-27
0.007160955817910231 3.678986589729298e-27
0.007187391708079353 3.717869112200279e-27
0.007213925190847404 3.75714935060172e-27
0.007240556626494107 3.796831176064955e-27
0.007267286376629226 3.8369184955382104e-27
0.007294114804197466 3.87741525214359e-27
0.007321042273483404 3.918325425539438e-27
0.007348069150116451 3.959653032288305e-27
0.007375195801075783 4.001400133322298e-27
0.007402422594695348 4.043568120625576e-27
0.007429749900668863 4.086165392394742e-27
0.007457178090054821 4.1291960960934196e-27
0.00748470753528157 4.1726644172142445e-27
0.007512338610152314 4.21657457965898e-27
0.007540071689850221 4.260928918784667e-27
