results/limits/GDM_f_9.dat
# %ECSV 1.0
# ---
# datatype:
# - {name: mx, unit: MeV, datatype: float64}
# - {name: sigma_9, unit: cm2, datatype: float64}
# schema: astropy-2.0
mx sigma_9
3.162277660168379e-07 6.133180490623401e-40
3.2360111549336787e-07 6.4336658393467636e-40
3.311463862505236e-07 6.7506559257454216e-40
3.388675869043115e-07 7.085008839894791e-40
3.4676881953794695e-07 7.437614969510371e-40
3.548542818811901e-07 7.80939667890843e-40
3.6312826954049566e-07 8.201307767315878e-40
3.715951782811629e-07 8.614332678589877e-40
3.8025950636269697e-07 9.049485440397376e-40
3.89125856928623e-07 9.507808303836225e-40
3.9819894045202297e-07 9.990370056325891e-40
4.0748357723809307e-07 1.049826397791214e-39
4.169846999850535e-07 1.1032605412183031e-39
4.2670735640476865e-07 1.1594528918126712e-39
4.3665671190447213e-07 1.218518497381304e-39
4.4683805233101997e-07 1.2805736197851035e-39
4.572567867791303e-07 1.3457353059691836e-39
4.6791845046510194e-07 1.4141209045422904e-39
4.788287076675383e-07 1.4858475255974348e-39
4.899933547366384e-07 1.561031441083332e-39
5.014183231736547e-07 1.6397874238765493e-39
5.131096827821533e-07 1.72222802455655e-39
5.250736448927506e-07 1.8084627845787598e-39
5.373165656630395e-07 1.8985973868049986e-39
5.4984494945446e-07 1.9927327437847098e-39
5.626654522879044e-07 2.0909640257263477e-39
5.757848853798981e-07 2.1933796307987308e-39
5.892102187612295e-07 2.3000601014463765e-39
6.029485849799565e-07 2.411076991028175e-39
6.17007282890752e-07 2.526491686946028e-39
6.313937815326057e-07 2.646354196468999e-39
6.461157240969403e-07 2.7707019042389922e-39
6.611809319882495e-07 2.8995583110883183e-39
6.765974089794179e-07 3.0329317653920514e-39
6.923733454639272e-07 3.1708142006629796e-39
7.085171228072106e-07 3.3131798937424565e-39
7.250373177994646e-07 3.459984259361476e-39
7.419427072122865e-07 3.6111626981362755e-39
7.592422724615558e-07 3.766629515401163e-39
7.769452043790388e-07 3.926276928808764e-39
7.950609080952509e-07 4.089974183586523e-39
8.135990080361694e-07 4.257566793369662e-39
8.325693530364543e-07 4.428875926372294e-39
8.519820215718901e-07 4.603697955410541e-39
8.718473271138315e-07 4.7818041900737865e-39
8.921758236084957e-07 4.962940808151801e-39
9.12978311084014e-07 5.146829001885893e-39
9.342658413882192e-07 5.333165350625547e-39
9.560497240602198e-07 5.5216224308936447e-39
9.78341532338879e-07 5.711849670225975e-39
1.0011531093113902e-06 5.903474449250509e-39
1.0244965742052174e-06 6.096103453106725e-39
1.048384328826741e-06 6.289324269878799e-39
1.0728290641500308e-06 6.48270722944784e-39
1.0978437670592484e-06 6.675807471455297e-39
1.1234417272482566e-06 6.868167226969337e-39
1.149636544281106e-06 7.059318294158808e-39
1.1764421348171486e-06 7.248784685703145e-39
1.2038727400046132e-06 7.4360854220231e-39
1.2319429330465773e-06 7.620737441637126e-39
1.2606676269433496e-06 7.80225859615141e-39
1.2900620824153782e-06 7.980170696356975e-39
1.3201419160108953e-06 8.154002572096164e-39
1.3509231084026028e-06 8.323293111157776e-39
1.38242201287781e-06 8.48759424069803e-39
1.4146553640265304e-06 8.646473815608882e-39
1.447640286632156e-06 8.799518378852303e-39
1.4813943047694329e-06 8.946335760672364e-39
1.5159353511145682e-06 9.086557486827871e-39
1.5512817764724183e-06 9.219840969266614e-39
1.587452359525819e-06 9.345871455938661e-39
1.6244663168122348e-06 9.464363719695959e-39
1.6623433129330315e-06 9.575063471072728e-39
1.7011034710007933e-06 9.677748484382442e-39
1.740767383330235e-06 9.772229431150796e-39
1.7813561223783898e-06 9.858350418779158e-39
1.8228912519398869e-06 9.935989236700157e-39
1.8653948386032614e-06 1.0005057317055234e-38
1.908889463474389e-06 1.0065499420549415e-38
1.9533982341732686e-06 1.0117293061205133e-38
1.9989447971105317e-06 1.0160447686901038e-38
2.045553350050195e-06 1.0195003635586783e-38
2.0932486549653353e-06 1.0221030888837159e-38
2.1420560511935146e-06 1.023862764575655e-38
2.192001468898943e-06 1.0247918741703282e-38
2.2431114428485372e-06 1.0249053936916985e-38
2.2954131265091837e-06 1.0242206099897588e-38
2.3489343064737076e-06 1.0227569310364317e-38
2.403703417223201e-06 1.0205356906028954e-38
2.4597495562335635e-06 1.017579949611672e-38
2.5171024994342686e-06 1.0139142963447496e-38
2.575792717027583e-06 1.0095646475412491e-38
2.635851389676631e-06 1.0045580522246204e-38
2.6973104250709106e-06 9.989224999327703e-39
2.760202474878063e-06 9.926867348254745e-39
2.8245609520908932e-06 9.858800769376958e-39
2.8904200487788716e-06 9.78532251664301e-39
2.9578147542535346e-06 9.706732283544591e-39
3.026780873657441e-06 9.623330687150053e-39
3.097355046986562e-06 9.535417855427e-39
3.1695747685562034e-06 9.44329212135834e-39
3.2434784069208122e-06 9.347248825879563e-39
3.319105225258239e-06 9.247579230208401e-39
3.3964954022292982e-06 9.144569536947199e-39
3.4756900533236943e-06 9.038500018192175e-39
3.5567312527036693e-06 8.929644247972161e-39
3.6396620555569646e-06 8.818268435501968e-39
3.7245265209709786e-06 8.704630855097046e-39
3.811369735340273e-06 8.588981368039291e-39
3.900237836319859e-06 8.471561031289465e-39
3.991178037336996e-06 8.35260178763151e-39
4.0842386526745176e-06 8.232326231645852e-39
4.179469123139017e-06 8.11094744579942e-39
4.2769200423275275e-06 7.98866890091747e-39
4.376643183506652e-06 7.865684415350747e-39
4.478691527118417e-06 7.742178167252615e-39
4.583119288927478e-06 7.61832475454307e-39
4.689981948824612e-06 7.494289297326207e-39
4.799336280301815e-06 7.370227577764463e-39
4.911240380614659e-06 7.246286212661118e-39
5.0257537016479225e-06 7.122602854279753e-39
5.142937081500915e-06 6.999306415210002e-39
5.262852776809252e-06 6.876517313383066e-39
5.385564495820272e-06 6.754347733630952e-39
5.511137432239651e-06 6.632901902477066e-39
5.639638299867211e-06 6.512276373128857e-39
5.771135368040315e-06 6.392560317924643e-39
5.905698497903673e-06 6.273835825751452e-39
6.043399179524854e-06 6.156178202209802e-39
6.184310569875183e-06 6.039656270543133e-39
6.32850753169624e-06 5.924332671579373e-39
6.47606667327258e-06 5.8102641611477336e-39
6.627066389131828e-06 5.697501903633406e-39
6.781586901693754e-06 5.5860917605195656e-39
6.939710303890459e-06 5.476074572935967e-39
7.101520602780329e-06 5.367486437390958e-39
7.267103764178904e-06 5.2603589740074e-39
7.436547758330399e-06 5.154719586710875e-39
7.609942606644117e-06 5.050591714938016e-39
7.787380429520604e-06 4.9479950765359756e-39
7.968955495292936e-06 4.8469459016188984e-39
8.15476427030917e-06 4.747457157231032e-39
8.344905470182516e-06 4.649538762738313e-39
8.539480112236516e-06 4.553197795935826e-39
8.738591569173047e-06 4.458438689914784e-39
8.942345623991688e-06 4.3652634207795744e-39
9.150850526189614e-06 4.273671686349388e-39
9.364217049271877e-06 4.183661076011286e-39
9.58255854960264e-06 4.095227231923158e-39
9.805991026628606e-06 4.008364001787883e-39
1.0034633184506672e-05 3.923063583439856e-39
1.0268606495168497e-05 3.839316661500771e-39
1.0508035262855554e-05 3.7571125363723846e-39
1.07530466901589e-05 3.6764392458437186e-39
1.1003770945598772e-05 3.5972836795941384e-39
1.1260341232779899e-05 3.5196316868782497e-39
1.1522893861159297e-05 3.443468177678455e-39
1.1791568318464117e-05 3.368777217610585e-39
1.206650734479802e-05 3.295542116865098e-39
1.2347857008475478e-05 3.2237455134624246e-39
1.263576678362426e-05 3.153369451096208e-39
1.293038962959737e-05 3.0843954518317015e-39
1.3231882072236462e-05 3.016804583920067e-39
1.3540404287030327e-05 2.950577524981521e-39
1.3856120184212054e-05 2.88569462080287e-39
1.4179197495840522e-05 2.822135939986115e-39
1.4509807864912299e-05 2.759881324676447e-39
1.484812693655133e-05 2.6989104375893322e-39
1.5194334451324849e-05 2.6392028055473814e-39
1.5548614340735104e-05 2.580737859728973e-39
1.5911154824937624e-05 2.5234949728217417e-39
1.6282148512737936e-05 2.4674534932652714e-39
1.6661792503919872e-05 2.4125927767589916e-39
1.7050288493959805e-05 2.3588922152024302e-39
1.7447842881182494e-05 2.30633126322733e-39
1.785466687641539e-05 2.2548894624725563e-39
1.8270976615199758e-05 2.2045464637454252e-39
1.869699327261814e-05 2.155282047205317e-39
1.91329431807992e-05 2.107076140698099e-39
1.957905794916243e-05 2.0599088363633945e-39
2.003557458746648e-05 2.0137604056293774e-39
2.0502735631726606e-05 1.9686113127037615e-39
2.0980789273068064e-05 1.9244422266634345e-39
2.1469989489583918e-05 1.8812340322391355e-39
2.1970596181267336e-05 1.838967839386126e-39
2.2482875308090033e-05 1.797624991726457e-39
2.3007099031300245e-05 1.7571870739431155e-39
2.354354585801526e-05 1.717635918201717e-39
2.4092500789185385e-05 1.6789536096708287e-39
2.4654255471007912e-05 1.6411224912073456e-39
2.5229108349871537e-05 1.6041251672696717e-39
2.5817364830913554e-05 1.5679445071169563e-39
2.641933744027406e-05 1.532563647349671e-39
2.7035345991133382e-05 1.497965993842485e-39
2.7665717753620915e-05 1.4641352231178419e-39
2.8310787628685666e-05 1.4310552832049783e-39
2.8970898326020842e-05 1.3987103940265696e-39
2.964640054613707e-05 1.3670850473520613e-39
3.033765316668089e-05 1.3361640063545462e-39
3.104502343309761e-05 1.30593230480518e-39
3.176888715373972e-05 1.2763752459371304e-39
3.25096288995246e-05 1.2474784010087355e-39
3.326764220824756e-05 1.219227607593501e-39
3.4043329793658724e-05 1.1916089676228205e-39
3.483710375941493e-05 1.1646088452051948e-39
3.5649385818020195e-05 1.1382138642444018e-39
3.648060751487119e-05 1.1124109058772145e-39
3.73312104575266e-05 1.0871871057499487e-39
3.820164655032238e-05 1.0625298511516247e-39
3.90923782344573e-05 1.0384267780202513e-39
4.0003878733676586e-05 1.0148657678377143e-39
4.093663230568398e-05 9.918349444272425e-40
4.1891134499415887e-05 9.693226706667207e-40
4.2867892418314344e-05 9.473175451299309e-40
4.386742498973848e-05 9.258083986669306e-40
4.489026324065786e-05 9.047842909338804e-40
4.5936950579773975e-05 8.842345068819339e-40
4.700804308621986e-05 8.641485532138125e-40
4.8104109804991236e-05 8.445161548163077e-40
4.922573304926602e-05 8.253272511760239e-40
5.0373508709772956e-05 8.06571992785119e-40
5.154804657137365e-05 7.882407375434263e-40
5.27499706370262e-05 7.703240471624986e-40
5.397991945930254e-05 7.528126835768918e-40
5.5238546479635675e-05 7.356976053673684e-40
5.6526520375476976e-05 7.1896996420039e-40
5.784452541554797e-05 7.0262110128778684e-40
5.9193261823375433e-05 6.866425438701511e-40
6.057344614930286e-05 6.710260017272252e-40
6.198581165117595e-05 6.557633637180995e-40
6.34311086839044e-05 6.408466943538572e-40
6.491010509810695e-05 6.262682304049923e-40
6.642358664805138e-05 6.120203775456629e-40
6.797235740910648e-05 5.9809570703662046e-40
6.955724020492732e-05 5.8448695244840085e-40
7.117907704460117e-05 5.711870064262469e-40
7.283872956998614e-05 5.5818891749796695e-40
7.453707951348025e-05 5.454858869257612e-40
7.627502916646401e-05 5.330712656029828e-40
7.805350185866558e-05 5.2093855099652385e-40
7.987344244870308e-05 5.090813841354766e-40
8.173581782606456e-05 4.974935466465742e-40
8.364161742479263e-05 4.861689578367788e-40
8.559185374914618e-05 4.751016718233111e-40
8.758756291151902e-05 4.642858747112679e-40
8.96298051829007e-05 4.537158818189913e-40
9.17196655561724e-05 4.4338613495112774e-40
9.385825432253677e-05 4.332911997193734e-40
9.604670766138824e-05 4.2342576291076146e-40
9.828618824393714e-05 4.137846299033057e-40
0.00010057788585090809 4.043627221287506e-40
0.00010292301800464121 3.951550745821656e-40
0.00010532283061593165 3.86156833378012e-40
0.00010777859864595113 3.773632533523358e-40
0.00011029162678360347 3.68769695710652e-40
0.00011286325013867351 3.6037162572106974e-40
0.00011549483495113791 3.5216461045222097e-40
0.00011818777931701482 3.441443165554394e-40
0.0001209435139311377 3.363065080907038e-40
0.00012376350284724815 3.2864704439576974e-40
0.00012664924425581149 3.2116187799796705e-40
0.00012960227127996844 3.1384705256803224e-40
0.00013262415279004548 3.0669870091543766e-40
0.00013571649423705693 2.9971304302458464e-40
0.0001388809385056415 2.928863841312449e-40
0.00014211916678688624 2.862151128386631e-40
0.00014543289947150178 2.796956992726676e-40
0.0001488238970638237 2.733246932751609e-40
0.00015229396111712465 2.6709872263538847e-40
0.00015584493519073535 2.6101449135831247e-40
0.00015947870582948208 2.5506877796948452e-40
0.00016319720356596128 2.4925843385577815e-40
0.00016700240394618395 2.4358038164133464e-40
0.00017089632857913436 2.380316135981131e-40
0.000174881046210801 2.3260919009039933e-40
0.00017895867382325032 2.2731023805266215e-40
0.0001831313777593269 2.2213194950012937e-40
0.00018740137487357792 2.1707158007147635e-40
0.00019177093371001327 2.1212644760300347e-40
0.000196242375707327 2.0729393073371807e-40
0.00020081807643222024 2.0257146754070716e-40
0.00020550046684148122 1.979565542042225e-40
0.0002102920345734925 1.9344674370187665e-40
0.0002151953252698519 1.8903964453139615e-40
0.00022021294392780895 1.8473291946133895e-40
0.00022534755628423554 1.805242843092283e-40
0.0002306018902318662 1.764115067465472e-40
0.00023597873726856003 1.7239240513004333e-40
0.0002414809539803547 1.6846484735880184e-40
0.0002471114635590999 1.6462674975657399e-40
0.00025287325735547713 1.6087607597881105e-40
0.00025876939646823026 1.5721083594392374e-40
0.00026480301337045197 1.5362908478822719e-40
0.000270977313573789 1.5012892184410779e-40
0.00027729557733145163 1.4670848964089426e-40
0.00028376116138093086 1.4336597292797623e-40
0.0002903775007273506 1.4009959771968493e-40
0.00029714811046840066 1.3690763036147718e-40
0.00030407658766182135 1.3378837661696903e-40
0.00031116661323643183 1.3074018077537048e-40
0.0003184219539477161 1.2776142477888632e-40
0.00032584646437900766 1.2485052736964673e-40
0.00033344408898933415 1.2200594325575642e-40
0.0003412188642090111 1.192261622960354e-40
0.0003491749205840977 1.1650970870305896e-40
0.0003573164849708539 1.1385514026408454e-40
0.0003656478827813646 1.1126104757949376e-40
0.0003741735402815245 1.0872605331834557e-40
0.0003828979869426037 1.0624881149068586e-40
0.000391825857847644 1.038280067362325e-40
0.000400961896153964 1.0146235362908016e-40
0.0004103109556130814 9.915059599808022e-41
0.0004198780031493915 9.689150626253285e-41
0.00042966812149897106 9.46838847828702e-41
0.000439686511909911 9.252655922599253e-41
0.0004499384969056106 9.041838394492937e-41
0.00046042952311250296 8.835823937251556e-41
0.0004711651641537129 8.634503142876467e-41
0.00048215112361018567 8.437769094163909e-41
0.0004933932380508582 8.245517308091656e-41
0.0005048974801334842 8.05764568048664e-41
0.0005166699617777604 7.874054431943923e-41
0.0005287169374124361 7.694646054970332e-41
0.0005410448072981404 7.519325262324666e-41
0.0005536601209276797 7.34799893652773e-41
0.0005665695805056229 7.180576080516396e-41
0.0005797800445090163 7.016967769415601e-41
0.0005932985313311235 6.857087103403724e-41
0.000607132223010125 6.700849161646338e-41
0.0006212884690447563 6.548170957274586e-41
0.0006357747902989163 6.398971393384875e-41
0.0006505988829973161 6.253171220036573e-41
0.0006657686228142928 6.110692992225386e-41
0.0006812920690579615 5.971461028810758e-41
0.0006971774689519261 5.835401372375397e-41
0.0007134332620168255 5.702441749995996e-41
0.0007300680845540431 5.572511534905033e-41
0.0007470907742339592 5.445541709022769e-41
0.0007645103747911887 5.321464826340744e-41
0.0007823361408292924 5.200214977136731e-41
0.00080057754273752 5.081727753002752e-41
0.0008192442717221943 4.965940212668015e-41
0.0008383462449554094 4.852790848598163e-41
0.0008578936108437789 4.742219554353968e-41
0.0008778967544200344 4.634167592691744e-41
0.000898366302860337 4.528577564389128e-41
0.0009193131311302326 4.4253933777795323e-41
0.0009407483677622533 4.324560218979301e-41
0.000962683400768232 4.2260245227919256e-41
0.000985129883689471 4.1297339442740146e-41
0.0010080997417879817 4.035637330947835e-41
0.0010316051783820807 3.943684695645929e-41
0.0010556586813297128 3.8538271899736384e-41
0.0010802730296629402 3.766017078375043e-41
0.001105461300377127 3.680207712789133e-41
0.0011312368753784248 3.596353507882539e-41
0.0011576134485932472 3.5144099168457867e-41
0.0011846050332435167 3.4343334077403965e-41
