results/limits/GDM_l.dat
# %ECSV 1.0
# ---
# datatype:
# - {name: mx, unit: MeV, datatype: float64}
# - {name: sigma_10, unit: cm2, datatype: float64}
# - {name: sigma_9, unit: cm2, datatype: float64}
# - {name: sigma_7, unit: cm2, datatype: float64}
# - {name: sigma_6, unit: cm2, datatype: float64}
# - {name: sigma_5, unit: cm2, datatype: float64}
# - {name: sigma_4, unit: cm2, datatype: float64}
# - {name: sigma_3, unit: cm2, datatype: float64}
# - {name: sigma_2, unit: cm2, datatype: float64}
# schema: astropy-2.0
mx sigma_10 sigma_9 sigma_7 sigma_6 sigma_5 sigma_4 sigma_3 sigma_2
[from data line 720]
5.0957393702336 1.7650039248972675e-41 1.1779511438280582e-37 1.1326492604641309e-29 2.671115927528955e-26 3.450496469022238e-24 3.4170492945708437e-22 8.346103921522905e-21 5.299046100591226e-21
5.214554576410165 1.8654775506171382e-41 1.2619484518409484e-37 1.2118681397165092e-29 2.761779076391304e-26 3.531419200273896e-24 3.4967279478915534e-22 8.5407072076819e-21 5.4225984116340135e-21
5.336140146648369 1.972374607641024e-41 1.3519514654110877e-37 1.2965366092326674e-29 2.854478123487615e-26 3.614218206368886e-24 3.5782643299157134e-22 8.739849210293384e-21 5.5490242306182e-21
5.4605606763588606 2.0861332325790997e-41 1.448389967571875e-37 1.387018833033377e-29 2.949240435342362e-26 3.698937468295913e-24 3.661701741711647e-22 8.943629415124682e-21 5.678412576518931e-21
5.587882267096237 2.2072224608959565e-41 1.5517245063221558e-37 1.4837020600963782e-29 3.0460947565951564e-26 3.785621988311962e-24 3.7470845509809216e-22 9.152170718191226e-21 5.8108198346629754e-21
5.718172561677172 2.336144435498637e-41 1.6624485970501636e-37 1.5869979433184896e-29 3.145071273475157e-26 3.874317812272108e-24 3.834458059378365e-22 9.365561552263566e-21 5.9463026092012836e-21
5.851500780117376 2.473436773417763e-41 1.7810910826286936e-37 1.697343917174712e-29 3.2462016733300806e-26 3.9650720563704185e-24 3.923868760302053e-22 9.583942856746115e-21 6.08495232514965e-21
5.987937756406471 2.6196751018670436e-41 1.9082186624690808e-37 1.8152046347077872e-29 3.349519200236679e-26 4.057932929266679e-24 4.015364072778391e-22 9.807399821014983e-21 6.226844234500124e-21
6.127555976140354 2.7754757757726785e-41 2.0444386026294395e-37 1.941073464212403e-29 3.455058706889019e-26 4.1529497608231154e-24 4.108992685548814e-22 1.0036080850713666e-20 6.372011543407789e-21
6.270429615030991 2.941498789727943e-41 2.1904016399386095e-37 2.0754740456684785e-29 3.5628567028381084e-26 4.250173025236633e-24 4.2048042745732786e-22 1.0270082558192464e-20 6.520610249540357e-21
6.416634578314149 3.118450898254349e-41 2.346805094025058e-37 2.218961906625149e-29 3.672951399345578e-26 4.349654370523539e-24 4.302849801775145e-22 1.050955152929759e-20 6.6726573874374014e-21
6.566248541075969 3.3070889592431434e-41 2.514396202134148e-37 2.3721261368374073e-29 3.7853827509822654e-26 4.451446643512637e-24 4.403181297155347e-22 1.0754592888698325e-20 6.828224549435318e-21
6.719350989519823 3.508223516514962e-41 2.69397569268288e-37 2.5355911205086227e-29 3.9001924942637325e-26 4.5556039202290206e-24 4.505852121837307e-22 1.1005358272935223e-20 6.987424506153998e-21
6.87602326319537 3.7227226385756684e-41 2.886401614642548e-37 2.710018324490548e-29 4.017424183494375e-26 4.662181532369521e-24 4.6109167706789295e-22 1.1261961667081012e-20 7.150338504493899e-21
7.036348598212252 3.9515160318686783e-41 3.0925934410635138e-37 2.8961081402360446e-29 4.1371232241301826e-26 4.7712360986241715e-24 4.718431097636743e-22 1.1524552685598043e-20 7.317053286131181e-21
7.200412171461376 4.1955994481340657e-41 3.313536466366978e-37 3.094601776685496e-29 4.259336903860689e-26 4.882825553452806e-24 4.828452215508653e-22 1.1793268285345959e-20 7.487664003311815e-21
7.368301145867304 4.4560394068892024e-41 3.550286518433716e-37 3.3062832005941936e-29 4.384114421702848e-26 4.9970091782197525e-24 4.941038563860198e-22 1.2068246769697669e-20 7.66227928547648e-21
7.540104716695753 4.733978255550235e-41 3.803975008024882e-37 3.531981120072689e-29 4.511506915351293e-26 5.113847632913666e-24 5.056249964349145e-22 1.2349636948374693e-20 7.840916785050834e-21
7.715914158940838 5.030639591327309e-41 4.075814339683267e-37 3.772571006315062e-29 4.641567487036936e-26 5.233402988068352e-24 5.174147623002425e-22 1.263758722372529e-20 8.023745529893955e-21
7.8958228758172275 5.347334070754788e-41 4.3671037099918425e-37 4.0289771476299584e-29 4.774351228152007e-26 5.355738757927199e-24 5.294794183054381e-22 1.2932253230824538e-20 8.210832390043811e-21
8.07992644838296 5.685465634571142e-41 4.679235320918856e-37 4.30217472896752e-29 4.9099152428787273e-26 5.480919933993588e-24 5.418253739999933e-22 1.323379112773913e-20 8.402276776777153e-21
8.2683226863193 6.046538177648502e-41 5.013701037963365e-37 4.5931919291533924e-29 5.04831867106142e-26 5.609013019489682e-24 5.544591869777943e-22 1.3542355503768133e-20 8.598190576841942e-21
8.461111679894604 6.432162695800679e-41 5.372099524942364e-37 4.903112027001177e-29 5.18962271055119e-26 5.740086065088921e-24 5.673875705189472e-22 1.3858114917284207e-20 8.798672996995687e-21
8.658395853139817 6.844064943578801e-41 5.756143889539426e-37 5.233075506382091e-29 5.333890639231142e-26 5.874208704921108e-24 5.806173957584198e-22 1.4181246859433548e-20 9.003841327154866e-21
8.860280018263818 7.284093639608437e-41 6.167669876177295e-37 5.584282149189904e-29 5.481187836923323e-26 6.0114521924405854e-24 5.94155684064883e-22 1.4511895732553303e-20 9.213754069590492e-21
9.066871431337571 7.7542292586413e-41 6.608644645393933e-37 5.957993103959099e-29 5.63158180741035e-26 6.151889440972723e-24 6.080096380114434e-22 1.4850274534940778e-20 9.428629665333485e-21
9.278279849276613 8.25659345230205e-41 7.081176181705452e-37 6.355532916682143e-29 5.78514220066781e-26 6.295595058597161e-24 6.221866064088404e-22 1.5196520353565648e-20 9.648435485522421e-21
9.494617588152204 8.793459143518631e-41 7.587523374945187e-37 6.778291509141947e-29 5.941940835600362e-26 6.442645392264864e-24 6.366941334737355e-22 1.55508631607674e-20 9.873408856679329e-21
9.715999582862075 9.367261342848628e-41 8.130106823287216e-37 7.227726088838214e-29 6.102051723291894e-26 6.59311856352568e-24 6.515399141554159e-22 1.5913444410456938e-20 1.0103628912569687e-20
9.942543448192506 9.980608738368114e-41 8.711520409614242e-37 7.705362973361008e-29 6.265551091075222e-26 6.747094514833875e-24 6.667318467182666e-22 1.628449808910711e-20 1.0339209100399798e-20
10.17436954130415 1.0636296114491791e-40 9.33454370658617e-37 8.212799310866688e-29 6.432517407398326e-26 6.904655047823478e-24 6.822779946819648e-22 1.666419292422808e-20 1.0580297276919202e-20
10.411601025674827 1.1337317659059406e-40 1.0002155269728611e-36 8.751704677164274e-29 6.603031407748166e-26 7.065883869713598e-24 6.98186620876821e-22 1.7052744044344753e-20 1.082697970210423e-20
10.654363936533231 1.2086881222274649e-40 1.0717546882105507e-36 9.323822528845235e-29 6.777176121647661e-26 7.230866636427184e-24 7.144661782444161e-22 1.7450361710838814e-20 1.1079418484268349e-20
10.902787247818345 1.2888423595637137e-40 1.1484138818689629e-36 9.93097149091503e-29 6.95503690087379e-26 7.399690997661219e-24 7.311253099801435e-22 1.7857235982233245e-20 1.1337772142841804e-20
11.157002940700098 1.374562688388903e-40 1.2305596203419555e-36 1.057504645653712e-28 7.136701449006603e-26 7.572446645693703e-24 7.481728767630162e-22 1.8273620514821286e-20 1.1602145084329702e-20
11.417146073697703 1.4662436048228471e-40 1.3185846537155547e-36 1.1258019475811278e-28 7.322259852316696e-26 7.749225359056425e-24 7.656179214018181e-22 1.869968387128078e-20 1.1872648094246094e-20
11.683354854432924 1.564307770464513e-40 1.412909848034374e-36 1.1981940410010318e-28 7.511804612204847e-26 7.93012105664569e-24 7.83469727621544e-22 1.9135710577297672e-20 1.2149476349518717e-20
11.955770713056356 1.6692080267240269e-40 1.5139861980196623e-36 1.2748937327426009e-28 7.705430679081581e-26 8.115229841647557e-24 8.017377648415957e-22 1.9581877024400343e-20 1.2432769053310071e-20
12.234538377385784 1.7814295532827032e-40 1.622296983862414e-36 1.3561216616963196e-28 7.903235487954329e-26 8.304650058361607e-24 8.204317513675271e-22 2.00384686327067e-20 1.272262690828201e-20
12.519805949796487 1.901492181000349e-40 1.738360082403728e-36 1.4421062795902808e-28 8.105318995577758e-26 8.498482339370428e-24 8.39561608402405e-22 2.050568888870188e-20 1.3019304561497787e-20
12.811724985904382 2.029952870327987e-40 1.86273044375251e-36 1.5330837988870115e-28 8.311783719399441e-26 8.696829663261751e-24 8.591375082684298e-22 2.098382007541429e-20 1.3322930566694946e-20
13.110450575083778 2.167408367075809e-40 1.996002745181387e-36 1.6292981056020253e-28 8.522734778190994e-26 8.899797405592981e-24 8.791698420963972e-22 2.1473082316459404e-20 1.3633553887677804e-20
13.416141422862523 2.31449804823481e-40 2.1388142349890133e-36 1.7310006349831098e-28 8.73827993454695e-26 9.107493398555859e-24 8.996692624698254e-22 2.1973772527272585e-20 1.395141475774211e-20
13.72895993523834 2.4719069714594485e-40 2.2918477799248935e-36 1.8384502081689347e-28 8.958529639151543e-26 9.320027984299372e-24 9.20646649147805e-22 2.2486115392112986e-20 1.427669012648485e-20
14.04907230496112 2.6403691427932068e-40 2.4558351307456948e-36 1.951912828170611e-28 9.18359707699253e-26 9.537514077631807e-24 9.421131559838094e-22 2.301041695363566e-20 1.4609551279827578e-20
14.37664859982702 2.820671018262579e-40 2.6315604215145286e-36 2.0716614337910897e-28 9.4135982154131e-26 9.76006722285763e-24 9.640801851117392e-22 2.3546946516011782e-20 1.4950186173724836e-20
14.711862853031292 3.013655256083895e-40 2.8198639193716348e-36 2.197975610416437e-28 9.648651854137746e-26 9.987805656248539e-24 9.865594039613863e-22 2.4095977504516893e-20 1.529880939160068e-20
15.054893155627816 3.2202247374259953e-40 3.0216460427019703e-36 2.331141256980241e-28 9.888879677256103e-26 1.0220850369536266e-23 1.0095627582940314e-21 2.4657813183671852e-20 1.5655516267340614e-20
15.405921751144481 3.441346874956418e-40 3.2378716669075356e-36 2.471450208816715e-28 1.0134406307179326e-25 1.0459325173161579e-23 1.0331024681810764e-21 2.5232748161732154e-20 1.60205533557909e-20
15.765135132404664 3.678058229775085e-40 3.469574738366655e-36 2.619199816578005e-28 1.0385359360623896e-25 1.0703356762620848e-23 1.0571910402479828e-21 2.5821089973208412e-20 1.639410647180462e-20
16.132724140606275 3.931469458814689e-40 3.7178632186349414e-36 2.774692481893715e-28 1.0641869506625414e-25 1.0953074785590835e-23 1.0818412724658612e-21 2.6423152331133444e-20 1.6776341619122296e-20
16.50888406671095 4.2027706163673494e-40 3.983924382520396e-36 2.9382351509911353e-28 1.0904070526611388e-25 1.1208611910544426e-23 1.1070662583180874e-21 2.7039245501121892e-20 1.7167533182928904e-20
16.89381475519735 4.493236835091117e-40 4.2690304953558363e-36 3.110138768068461e-28 1.1172099376566847e-25 1.147010389801619e-23 1.1328794016487493e-21 2.766970582312513e-20 1.7567790859125147e-20
17.287720710233557 4.804234413664627e-40 4.5745448966033176e-36 3.290717690812196e-28 1.1446096251294457e-25 1.1737689672331202e-23 1.1592944197941234e-21 2.83148811765165e-20 1.7977486401809897e-20
17.690811204325115 5.137227340203332e-40 4.9019285188662434e-36 3.4802890710670635e-28 1.1726204650792097e-25 1.2011511393836668e-23 1.1863253350114368e-21 2.8975071795567597e-20 1.8396576920317844e-20
18.103300389496336 5.4937842826348394e-40 5.25274687346467e-36 3.6791722042919557e-28 1.2012571448839186e-25 1.2291714538751502e-23 1.2139865254902884e-21 2.965069308513342e-20 1.882557075240884e-20
18.52540741106398 5.875586079464162e-40 5.6286775359578095e-36 3.887687852057646e-28 1.2305346963652645e-25 1.2578447969713594e-23 1.2422926651018908e-21 3.034202253442055e-20 1.9264478841824634e-20
18.957356524063755 6.284433766753097e-40 6.03151816738547e-36 4.106157542451316e-28 1.2604685030888538e-25 1.2871864023234433e-23 1.2712588154918258e-21 3.1049514341430084e-20 1.9713676375809694e-20
19.399377212391464 6.7222571797024454e-40 6.463195109558573e-36 4.33490285383433e-28 1.291074307870437e-25 1.3172118581708186e-23 1.300900344206292e-21 3.177346423838591e-20 2.0173341419293036e-20
19.85170431072216 7.191124169973965e-40 6.925772595470338e-36 4.574244687943488e-28 1.3223682205238483e-25 1.3479371164523244e-23 1.331233016417702e-21 3.251432180610714e-20 2.064370360859152e-20
20.314578129271972 7.693250482833888e-40 7.421462618836715e-36 4.824502538815555e-28 1.354366725822718e-25 1.3793785006201476e-23 1.362272936733573e-21 3.327244156478492e-20 2.1125051292989868e-20
20.788244581469023 8.231010341355678e-40 7.9526355099219e-36 5.085993764440765e-28 1.387086691703267e-25 1.4115527147141954e-23 1.3940365982671504e-21 3.40482355031006e-20 2.1617596812510345e-20
21.272955314601134 8.806947788301405e-40 8.521831268176542e-36 5.359032868397528e-28 1.4205453776963886e-25 1.4444768521532938e-23 1.4265408830173436e-21 3.484214056283594e-20 2.212165007373464e-20
21.76896784350983 9.42378883992479e-40 9.13177170582931e-36 5.64393079897844e-28 1.4547604435949659e-25 1.4781684045479335e-23 1.4598030437980203e-21 3.565451953124342e-20 2.2637512786552815e-20
22.27654568740161 1.0084454509822326e-39 9.785373460443268e-36 5.940994273475645e-28 1.4897499583702036e-25 1.512645271618854e-23 1.4938407764303118e-21 3.6485894969253736e-20 2.3165306911438114e-20
22.79595850984919 1.0792074765120348e-39 1.0485761938595982e-35 6.250525135342107e-28 1.5255324093164582e-25 1.5479257697414565e-23 1.5286721319306978e-21 3.7336587868904876e-20 2.3705460519361183e-20
23.327482262057103 1.15500034817444e-39 1.1236286257286213e-35 6.572819751880321e-28 1.5621267114644534e-25 1.5840286428880405e-23 1.564315648095212e-21 3.8207172383045694e-20 2.4258160874498365e-20
23.871399329467756 1.2361834470296829e-39 1.2040535254430586e-35 6.908168459922925e-28 1.5995522172221853e-25 1.6209730713533532e-23 1.6007902352011267e-21 3.909801297955392e-20 2.4823775181323394e-20
24.427998681785848 1.3231418649187695e-39 1.2902354644915025e-35 7.256855066664304e-28 1.6378287262929033e-25 1.6587786829908803e-23 1.6381152914407212e-21 4.000965832429981e-20 2.5402546623900218e-20
24.997576026500827 1.4162882447152486e-39 1.3825865404131066e-35 7.619156412373543e-28 1.6769764958345017e-25 1.69746556282797e-23 1.6763106313754447e-21 4.094253532455216e-20 2.5994865347648948e-20
25.580433965988984 1.5160647523169033e-39 1.4815483466781753e-35 7.9953420011762365e-28 1.7170162508963724e-25 1.7370542643670595e-23 1.7153965599766653e-21 4.1897187353079467e-20 2.66010680842866e-20
26.176882158278623 1.6229451898087582e-39 1.5875940835016128e-35 8.385673705438896e-28 1.7579691951130712e-25 1.7775658199738195e-23 1.7553938298975504e-21 4.287407383551188e-20 2.72214081042265e-20
26.787237481563718 1.737437259903974e-39 1.7012308196671649e-35 8.790405548537107e-28 1.7998570216810963e-25 1.8190217525875052e-23 1.7963237065100946e-21 4.3873772910800365e-20 2.7856054302189774e-20
27.411824202553472 1.860084992492718e-39 1.8230019161604316e-35 9.209783569946468e-28 1.842701924601583e-25 1.8614440865068258e-23 1.8382079138935954e-21 4.489673745835514e-20 2.8505502435550316e-20
28.050974148747212 1.9914713449045168e-39 1.953489623180194e-35 9.644045775683106e-28 1.886526610219486e-25 1.9048553598557864e-23 1.881068723382517e-21 4.594358286401508e-20 2.917009075210844e-20
28.705026884726152 2.1322209883203044e-39 2.0933178629238534e-35 1.0093422176148472e-27 1.9313543090365626e-25 1.949278635896509e-23 1.9249288988386155e-21 4.70148391521514e-20 2.985019054107796e-20
29.374329892555654 2.2830032936608477e-39 2.2431552114284112e-35 1.0558134912425816e-27 1.9772087878267734e-25 1.9947375155608586e-23 1.9698117368089975e-21 4.8111055692740143e-20 3.0546225701091905e-20
30.05923875639388 2.444535531232233e-39 2.403718093696804e-35 1.103839847104773e-27 2.0241143620488564e-25 2.0412561500943387e-23 2.0157410895065563e-21 4.9232841232872235e-20 3.1258504819457245e-20
30.760117351404876 2.617586299431403e-39 2.575774207355685e-35 1.1534419986227953e-27 2.0720959085603585e-25 2.0888592536724562e-23 2.062741355878145e-21 5.038078360401969e-20 3.198734125415823e-20
31.477338037076432 2.8029791989104383e-39 2.760146191179319e-35 1.2046399627544559e-27 2.121178878645527e-25 2.1375721166387815e-23 2.110837505444407e-21 5.1555490588992945e-20 3.273318216719111e-20
