results/limits/GDM_True_l_phase.dat
# %ECSV 1.0
# ---
# datatype:
# - {name: mx, unit: MeV, datatype: float64}
# - {name: sigma_10, unit: cm2, datatype: float64}
# - {name: sigma_7, unit: cm2, datatype: float64}
# - {name: sigma_5, unit: cm2, datatype: float64}
# - {name: sigma_4, unit: cm2, datatype: float64}
# - {name: sigma_3, unit: cm2, datatype: float64}
# - {name: sigma_2, unit: cm2, datatype: float64}
# schema: astropy-2.0
mx sigma_10 sigma_7 sigma_5 sigma_4 sigma_3 sigma_2
1e-10 inf inf inf inf inf inf
1.3848863713938747e-10 inf inf inf inf inf inf
1.9179102616724848e-10 inf inf inf inf inf inf
2.656087782946684e-10 inf inf inf inf inf inf
3.6783797718286343e-10 inf inf inf inf inf inf
5.094138014816385e-10 inf inf inf inf inf inf
7.054802310718631e-10 inf inf inf inf inf inf
9.770099572992246e-10 inf inf inf inf inf inf
1.3530477745798075e-09 inf inf inf inf inf inf
1.873817422860387e-09 inf inf inf inf inf inf
2.595024211399732e-09 inf inf inf inf inf inf
3.5938136638046257e-09 inf inf inf inf inf inf
4.977023564332114e-09 inf inf inf inf inf inf
6.892612104349681e-09 inf inf inf inf inf inf
9.545484566618328e-09 inf inf inf inf inf inf
1.3219411484660288e-08 inf inf inf inf inf inf
1.8307382802953696e-08 inf inf inf inf inf inf
2.5353644939701113e-08 inf inf inf inf inf inf
3.5111917342151277e-08 inf inf inf inf inf inf
4.8626015800653535e-08 inf inf inf inf inf inf
6.734150657750828e-08 inf inf inf inf inf inf
9.3260334688322e-08 inf inf inf inf inf inf
1.2915496650148827e-07 inf inf inf inf inf inf
1.7886495290574352e-07 1.5539769077933684e-31 1.5539769103619861e-31 1.554002594114263e-31 1.5565465779846909e-31 1.8213241285033953e-31 1.3199098173288838e-29
2.4770763559917087e-07 6.773726857076533e-33 6.773726877736303e-33 6.773933455754033e-33 6.794401865879893e-33 8.99255258445313e-33 1.7349906084243647e-30
3.430469286314912e-07 1.2305439694658354e-33 1.2305439765215823e-33 1.2306145546283492e-33 1.2376121017427162e-33 2.0333337847025836e-33 1.0281231330525794e-30
4.7508101621027934e-07 4.270519338124563e-34 4.270519384335733e-34 4.270981710065863e-34 4.316873572743303e-34 1.0067717245773034e-33 1.1728015049731226e-30
6.579332246575682e-07 2.0831939927901104e-34 2.0831940354900844e-34 2.083620769484049e-34 2.126072229826865e-34 8.331844561623126e-34 1.8750669440004727e-30
9.111627561154887e-07 1.2192098006987048e-34 1.2192098481123897e-34 1.2196839427940645e-34 1.2670395514417433e-34 9.946827478567091e-34 3.63717669761267e-30
1.261856883066021e-06 7.870935039389813e-35 7.870935622097222e-35 7.876765472386841e-35 8.463575632342042e-35 1.5444300643979782e-33 7.946903055884269e-30
1.747528400007683e-06 5.356106819545769e-35 5.356107576876225e-35 5.363685135656245e-35 6.137510297815659e-35 2.877871962213257e-33 1.8708730666804945e-29
2.4201282647943835e-06 3.7485661348344504e-35 3.748567149017596e-35 3.758716545470006e-35 4.82345304878751e-35 6.069797453689009e-33 4.615296933645311e-29
3.3516026509388406e-06 2.662761982607119e-35 2.6627633625773204e-35 2.67657962425665e-35 4.198885220530359e-35 1.3910662165890285e-32 1.1721729942400162e-28
4.641588833612773e-06 1.9063099090971655e-35 1.9063118026355063e-35 1.9252885246351052e-35 4.204151782633462e-35 3.3673974551655714e-32 3.0308844208145153e-28
6.4280731172843194e-06 1.3703563895305812e-35 1.3703589992479451e-35 1.3965645361948833e-35 5.024457552993173e-35 8.444995694581041e-32 7.922963208611845e-28
8.902150854450375e-06 9.871968463065145e-36 9.872004513822979e-36 1.0235388461323214e-35 7.270374824998453e-35 2.165893989211841e-31 2.0847494577801468e-27
1.2328467394420658e-05 7.119668459509196e-36 7.119718320219489e-36 7.625971790621789e-36 1.2512818313034947e-34 5.6329057898615195e-31 5.5068434007762085e-27
1.7073526474706886e-05 5.137706415884659e-36 5.1377754201167266e-36 5.84811698385571e-36 2.469640452260992e-34 1.477519145781494e-30 1.4578705610374537e-26
2.3644894126454072e-05 3.7086088734029396e-36 3.7087044025532576e-36 4.7177559499279723e-36 5.38579323795017e-34 3.895463228161906e-30 3.8641610240129647e-26
3.274549162877725e-05 2.6774523271419335e-36 2.6775846002103506e-36 4.1421727980172674e-36 1.2591029525174589e-33 1.0301229288558572e-29 1.0247263152964279e-25
4.534878508128582e-05 1.933162772238172e-36 1.9333459394503464e-36 4.137217127138315e-36 3.084662710679444e-33 2.728635584065671e-29 2.7172142391428537e-25
6.280291441834246e-05 1.395834253537967e-36 1.396087911336002e-36 4.9010934188860045e-36 7.79206583995416e-33 7.233473230957341e-29 7.199644364980633e-25
8.697490026177834e-05 1.0078805350839854e-36 1.0082318259647766e-36 7.014800853180222e-36 2.0071537372926764e-32 1.917772563896083e-28 1.9042470287246476e-24
0.00012045035402587811 7.2776197850683e-37 7.282485041010841e-37 1.1953778873773447e-35 5.233646080221726e-32 5.081448333867102e-28 5.0185718399091254e-24
0.0001668100537200059 5.254995219153618e-37 5.261733909470035e-37 2.3411657903482466e-35 1.374889601771308e-31 1.3442488639927468e-27 1.3135878211903667e-23
0.0002310129700083158 3.794518498531969e-37 3.803853206274551e-37 5.077218418894495e-35 3.628017475099816e-31 3.54429121854089e-27 3.3945339054073e-23
0.00031992671377973844 2.739944378598488e-37 2.7528782959775295e-37 1.1823960072202357e-34 9.598205034041029e-31 9.285230477749085e-27 8.571388085487411e-23
0.00044306214575838776 1.9784596463891825e-37 1.996388717134137e-37 2.8892979116350117e-34 2.5427410045420906e-30 2.4034548140229532e-26 2.0799104144842104e-22
0.0006135907273413163 1.42860723351014e-37 1.4534823012149734e-37 7.2864080798895695e-34 6.73954010538896e-30 6.086928188015457e-26 4.739040507463213e-22
0.0008497534359086438 1.0315697508944326e-37 1.0661392547772217e-37 1.8749245069631164e-33 1.7858174187673926e-29 1.484396454434526e-25 9.890600660515588e-22
0.0011768119524349966 7.448767389818171e-38 7.930707978647951e-38 4.885668634317873e-33 4.7261073060689434e-29 3.4077293360916012e-25 1.86196234506e-21
0.0016297508346206436 5.378612613694109e-38 6.054500237451607e-38 1.282966489936285e-32 1.247284140700577e-28 7.182253302505322e-25 3.173180671982622e-21
0.002257019719633917 3.883793741522566e-38 4.842157436569695e-38 3.384656118239713e-32 3.2737764742605813e-28 1.3665018266560361e-24 4.995001389980926e-21
0.0031257158496882354 2.804413838329358e-38 4.190385853038788e-38 8.953163361994862e-32 8.504200429551667e-28 2.3506361846933253e-24 7.448196555066197e-21
0.004328761281083053 2.0250144901446237e-38 4.0977993921679607e-38 2.3716895121007366e-31 2.1675507384509212e-27 3.725688298211872e-24 1.0744691106610814e-20
0.005994842503189409 1.4622254404474483e-38 4.72882647942922e-38 6.2860086489986255e-31 5.3434909299156666e-27 5.580002723295712e-24 1.5210739583830075e-20
0.008302175681319735 1.055846666579662e-38 6.589107521214282e-38 1.665668434231764e-30 1.2473907889782077e-26 8.070494280117658e-24 2.131192930752349e-20
0.011497569953977356 7.624089344558018e-39 1.097309577523711e-37 4.408430509290175e-30 2.688692071953071e-26 1.1441401019699014e-23 2.9696388836221435e-20
0.01592282793341094 5.505240082235849e-39 2.11183524503759e-37 1.1636164051739028e-29 5.24527099945343e-26 1.604321440915097e-23 4.125914207435822e-20
0.022051307399030412 3.975271344216457e-39 4.522996879947455e-37 3.0550557744366454e-29 9.231153419435261e-26 2.2364085335272603e-23 5.723752175334145e-20
0.030538555088334123 2.8705265441839528e-39 1.044317861219238e-36 7.940347100166759e-29 1.4885853049319196e-25 3.10788643459281e-23 7.934281098788096e-20
0.04229242874389499 2.0728341429823218e-39 2.537344812157235e-36 2.0258239111741552e-28 2.254808142977116e-25 4.312005548023693e-23 1.0994665015294458e-19
0.058570208180566734 1.4968671610102297e-39 6.375198704567009e-36 5.002506691904936e-28 3.283165287634022e-25 5.977809526350322e-23 1.523421077879079e-19
0.08111308307896856 1.0810159853599064e-39 1.6366205815120642e-35 1.1708746196152364e-27 4.672059365177278e-25 8.284179926344256e-23 2.111135817973951e-19
0.11233240329780265 7.807981622957169e-40 4.2585235815343954e-35 2.5329153152511427e-27 6.564643807517436e-25 1.1479696258641135e-22 2.9268788608123447e-19
0.15556761439304723 5.641002434746308e-40 1.1172969168551747e-34 4.9619393024299876e-27 9.161189659305013e-25 1.5911140261872766e-22 4.061450679175965e-19
0.21544346900318778 4.0774273259593865e-40 2.9460624742286963e-34 8.76658004287497e-27 1.2738906197152768e-24 2.2065739247471557e-22 5.64579139376012e-19
0.2983647240283334 2.950007299506634e-40 7.790698262288247e-34 1.4179380966619206e-26 1.7681179582083234e-24 3.0636817093869077e-22 7.874742728431541e-19
0.41320124001153347 2.1381515993373357e-40 2.0634553380874558e-33 2.1521152305604816e-26 2.45193127886142e-24 4.263386400010378e-22 1.1054172357981991e-18
0.572236765935022 1.5550349324575245e-40 5.468887723556217e-33 3.137430510808863e-26 3.3992045943034064e-24 5.9584672466517e-22 1.5703497350224506e-18
0.7924828983539153 1.1383272023704429e-40 1.4492699964341552e-32 4.467750826176763e-26 4.713187691181933e-24 8.394466757638122e-22 2.2796819827652395e-18
1.0974987654930546 8.435717570391375e-41 3.8366344533677235e-32 6.280007293161358e-26 6.5394302703076205e-24 1.1999080715401865e-21 3.436078193198752e-18
1.5199110829529332 6.395501525814343e-41 1.0132051315867023e-31 8.765994768387947e-26 9.086041916665629e-24 1.758709641468824e-21 5.499546124911176e-18
2.104904144512022 5.052582783362463e-41 2.66277864285933e-31 1.219140101101521e-25 1.2657227038288954e-23 2.6840303387363994e-21 9.577485382292895e-18
2.91505306282517 4.2848000842587833e-41 6.933581005082886e-31 1.6924048564533504e-25 1.771183880430721e-23 4.3448635135623965e-21 1.8418078873002588e-17
4.03701725859655 4.065817450777855e-41 1.7748969348937612e-30 2.347445245959819e-25 2.497061356425337e-23 7.588963645846631e-21 3.889313960500198e-17
5.5908101825122225 4.5150394705697507e-41 4.408202612694909e-30 3.2554017653945343e-25 3.562155285630924e-23 1.443708908576615e-20 8.791780345113744e-17
7.742636826811277 6.040482984587207e-41 1.0412298469678531e-29 4.5159899314749e-25 5.173097499779628e-23 2.98210280535105e-20 2.0524737741399167e-16
10.72267222010321 9.705112448914212e-41 2.2812421611155094e-29 6.270226711998616e-25 7.710232293591357e-23 6.57752220680051e-20 4.761569156052965e-16
14.849682622544636 1.8167319788696246e-40 4.5356931344110753e-29 8.720276571109477e-25 1.191494911684911e-22 1.5065947516318601e-19 1.056665568300823e-15
20.565123083486515 3.814003646235733e-40 8.127782584037317e-29 1.2161930934914109e-24 1.9316536061978475e-22 3.460053230744164e-19 2.169061625536302e-15
28.48035868435793 8.685330138421554e-40 1.3293451424523876e-28 1.7040677192337554e-24 3.324539054602372e-22 7.667568996138795e-19 4.03848195527676e-15
39.44206059437648 2.0908255437887277e-39 2.032852766827329e-28 2.405376494350345e-24 6.131432738158591e-22 1.5819877642923012e-18 6.831671601489888e-15
54.62277217684337 5.221809079568077e-39 2.977062887690647e-28 3.434531325053842e-24 1.215676902084469e-21 2.969961798805036e-18 1.0703821767672686e-14
75.64633275546291 1.3354199186294036e-38 4.250319509487979e-28 4.9896167658854874e-24 2.5741806678691026e-21 5.065837514325017e-18 1.5916314371858597e-14
104.76157527896619 3.466560740936516e-38 5.982793594042512e-28 7.433641558157458e-24 5.7148507174861194e-21 7.987647543865111e-18 2.2924306799202802e-14
145.08287784959373 9.08198921857716e-38 8.357429258513068e-28 1.147125278262206e-23 1.291338620884804e-20 1.1927026878709487e-17 3.242553875662167e-14
200.92330025650458 2.392660925556051e-37 1.1627830305420294e-27 1.8550156766417932e-23 2.860960598259471e-20 1.7221222746481615e-17 4.541013768551168e-14
278.2559402207126 6.32415440812209e-37 1.6145035449606472e-27 3.1811231786144984e-23 5.979766979802241e-20 2.4391765190524586e-17 6.325908837064049e-14
385.352859371052 1.6746045551533462e-36 2.2396051963188875e-27 5.841031441388779e-23 1.1455108652691498e-19 3.418538216405913e-17 8.787603023255923e-14
533.6699231206302 4.437966028770753e-36 3.1059088047551336e-27 1.1526726609166376e-22 1.9942274776549815e-19 4.764121809940193e-17 1.2189897548210774e-13
739.0722033525775 1.1761837698652986e-35 4.308384652172726e-27 2.4304726104544054e-22 3.1954058191306203e-19 6.619516448568654e-17 1.6895639250051325e-13
1023.5310218990269 3.114680287538374e-35 5.981137779271831e-27 5.379623186789253e-22 4.822661829527493e-19 9.183088689230701e-17 2.341190037666206e-13
1417.474162926802 8.231046440234116e-35 8.315982393923623e-27 1.2140968394935849e-21 7.008091617725903e-19 1.272902888389055e-16 3.243983130452088e-13
1963.0406500402685 2.1660490120798137e-34 1.1592617665736797e-26 2.6918770864098923e-21 9.961928124414416e-19 1.7636295641587396e-16 4.4894538112136607e-13
2718.58824273294 5.6542397264736774e-34 1.6230317997002006e-26 5.640597711933811e-21 1.3989102894575567e-18 2.443009839328906e-16 6.215899128516124e-13
3764.935806792456 1.454004488972826e-33 2.2881335292439604e-26 1.0843908385116526e-20 1.9515709826259703e-18 3.3837280875155726e-16 8.607240820287412e-13
5214.0082879996735 3.63993776105952e-33 3.260825585581075e-26 1.8945831155854803e-20 2.7131058058789504e-18 4.686470331962627e-16 1.1935966263782242e-12
7220.8090183854565 8.708104143167692e-33 4.7236225864920264e-26 3.0443771023543765e-20 3.7648897427811584e-18 6.490328094263161e-16 1.6528780034021314e-12
10000.0 1.942994475426179e-32 7.008264653748978e-26 4.603509203687362e-20 5.219426841327171e-18 8.989183602260466e-16 2.2877561159718694e-12
