results/limits/GDM_l.dat
# %ECSV 1.0
# ---
# datatype:
# - {name: mx, unit: MeV, datatype: float64}
# - {name: sigma_10, unit: cm2, datatype: float64}
# - {name: sigma_9, unit: cm2, datatype: float64}
# - {name: sigma_7, unit: cm2, datatype: float64}
# - {name: sigma_6, unit: cm2, datatype: float64}
# - {name: sigma_5, unit: cm2, datatype: float64}
# - {name: sigma_4, unit: cm2, datatype: float64}
# - {name: sigma_3, unit: cm2, datatype: float64}
# - {name: sigma_2, unit: cm2, datatype: float64}
# schema: astropy-2.0
mx sigma_10 sigma_9 sigma_7 sigma_6 sigma_5 sigma_4 sigma_3 sigma_2
[from data line 318]
0.00048215112361018567 3.527557313305603e-46 3.31377815050272e-44 3.644916966926824e-40 1.5476878261839541e-37 9.981855472773656e-34 9.588404879185522e-30 1.3386238053610183e-26 3.180865794500724e-26
0.0004933932380508582 3.5982911448150316e-46 3.390967622542506e-44 3.742255719757181e-40 1.63436463551101e-37 1.0693312662531384e-33 1.0274696671868056e-29 1.4333141647848224e-26 3.398423352279936e-26
0.0005048974801334842 3.671034057340365e-46 3.469959122506132e-44 3.842594603908218e-40 1.7265273939419822e-37 1.1455630319991546e-33 1.1010104153115789e-29 1.534645814717661e-26 3.630383712285372e-26
0.0005166699617777604 3.745824691871133e-46 3.550794647937675e-44 3.94604646467521e-40 1.8245482309891442e-37 1.2272447967481046e-33 1.1798141522131529e-29 1.6430777505316508e-26 3.8776464112575554e-26
0.0005287169374124361 3.822702316308319e-46 3.6335171782552e-44 4.052729303382844e-40 1.9288254579712832e-37 1.3147665649677847e-33 1.2642574309580337e-29 1.7590998992634336e-26 4.141160611731449e-26
0.0005410448072981404 3.901706872503577e-46 3.718170697722721e-44 4.1627665489075334e-40 2.039785438836332e-37 1.408546258400774e-33 1.3547437339218382e-29 1.8832349821775985e-26 4.421926908359716e-26
0.0005536601209276797 3.982879026366687e-46 3.8048002189655447e-44 4.276287344933541e-40 2.1578845949654336e-37 1.5090317146223303e-33 1.4517053971895675e-29 2.016040890297439e-26 4.7210049267866413e-26
0.0005665695805056229 4.066260220713799e-46 3.8934518070421295e-44 4.393426853925179e-40 2.2836115535229767e-37 1.6167028286750115e-33 1.5556056722357039e-29 2.1581125089094822e-26 5.0395012093708357e-26
0.0005797800445090163 4.151892730493122e-46 3.9841726040858693e-44 4.514326578862598e-40 2.4174894495997153e-37 1.7320738480226983e-33 1.6669409347925679e-29 2.3100845573902888e-26 5.378592287795669e-26
0.0005932985313311235 4.239819719996075e-46 4.077010854530564e-44 4.639134703858754e-40 2.560078393127146e-37 1.8556958318000076e-33 1.7862430512171484e-29 2.4726334927539383e-26 5.739508633094128e-26
0.000607132223010125 4.330085301641257e-46 4.1720159309336885e-44 4.768006454850216e-40 2.7119781123257155e-37 1.988159286118808e-33 1.9140819137618802e-29 2.6464807733148565e-26 6.123544829503876e-26
0.0006212884690447563 4.422734595906679e-46 4.269238360411941e-44 4.901104481634658e-40 2.8738307862893394e-37 2.1300969880354716e-33 2.0510681565525546e-29 2.832395003990895e-26 6.532062378561378e-26
0.0006357747902989163 4.5178137919827505e-46 4.3687298517040224e-44 5.038599262613906e-40 3.0463240802095724e-37 2.2821870116847852e-33 2.197856065330361e-29 3.031195329061518e-26 6.966485507615282e-26
0.0006505988829973161 4.615370208724871e-46 4.470543322875735e-44 5.18066953369337e-40 3.2301943977079314e-37 2.4451559710533032e-33 2.3551466945775252e-29 3.2437542543265544e-26 7.428312322835964e-26
0.0006657686228142928 4.715452355500114e-46 4.57473292968328e-44 5.327502742887607e-40 3.4262303657800146e-37 2.6197824949008424e-33 2.5236912068461578e-29 3.471000808891262e-26 7.919112031065855e-26
0.0006812920690579615 4.818109992546448e-46 4.681354094610538e-44 5.479295532287044e-40 3.63527656896353e-37 2.8069009504489452e-33 2.704294450108288e-29 3.713924382851822e-26 8.440522333040961e-26
0.0006971774689519261 4.923394190495122e-46 4.790463536597119e-44 5.6362542491543925e-40 3.858237550531816e-37 3.0074054336453068e-33 2.897818789874979e-29 3.973577419573216e-26 8.994254183468197e-26
0.0007134332620168255 5.031357388746267e-46 4.902119301473822e-44 5.79859548804052e-40 4.09608209978818e-37 3.222254045087049e-33 3.105188214477629e-29 4.251080441940435e-26 9.582101767765847e-26
0.0007300680845540431 5.142053452432646e-46 5.016380793123139e-44 5.966546665939633e-40 4.349847845902418e-37 3.452473472052664e-33 3.3273927324592866e-29 4.547624382895363e-26 1.020593155193256e-25
0.0007470907742339592 5.255537727756567e-46 5.133308805382421e-44 6.140346632642897e-40 4.620646180194577e-37 3.6991638985556996e-33 3.5654930833433294e-29 4.864476405378195e-26 1.0867681495886106e-25
0.0007645103747911887 5.371867095537684e-46 5.252965554708157e-44 6.3202463185993076e-40 4.909667530339936e-37 3.963504266902239e-33 3.8206257834119116e-29 5.202982503631406e-26 1.1569389558768823e-25
0.0007823361408292924 5.491100022864385e-46 5.37541471362014e-44 6.506509422752553e-40 5.21818701165103e-37 4.246757915914705e-33 4.094008530830741e-29 5.564573549387371e-26 1.2313155296518848e-25
0.00080057754273752 5.613296612796073e-46 5.500721444944801e-44 6.69941314299481e-40 5.547570482394657e-37 4.550278622786039e-33 4.386945995015846e-29 5.950768420274977e-26 1.310114507145525e-25
0.0008192442717221943 5.7385186521173686e-46 5.628952436877597e-44 6.8992489520623236e-40 5.899281032033007e-37 4.875517077458266e-33 4.7008360180134944e-29 6.363180511105457e-26 1.3935636903854802e-25
0.0008383462449554094 5.866829657196098e-46 5.760175938884817e-44 7.106323421895531e-40 6.2748859333491875e-37 5.224027820487575e-33 5.03717625645525e-29 6.803520903048748e-26 1.4818973691028982e-25
0.0008578936108437789 5.998294918043885e-46 5.894461798465741e-44 7.320959099698503e-40 6.67606409163467e-37 5.5974766775745874e-33 5.397571295917933e-29 7.273605577048424e-26 1.5753578687157563e-25
0.0008778967544200344 6.132981540720262e-46 6.031881498796677e-44 7.543495439159636e-40 7.104614026494973e-37 5.997648726312947e-33 5.783740270424535e-29 7.77535932608614e-26 1.6741956221062402e-25
0.000898366302860337 6.270958488257364e-46 6.172508197278986e-44 7.774289790540108e-40 7.56246242437702e-37 6.426456833254542e-33 6.197525023274704e-29 8.310821799464823e-26 1.7786693598469118e-25
0.0009193131311302326 6.4122966203121254e-46 6.316416765013875e-44 8.013718453597818e-40 8.051673302652691e-37 6.885950802116744e-33 6.64089884725104e-29 8.882153749078719e-26 1.8890422466199585e-25
0.0009407483677622533 6.557068731776076e-46 6.463683827227155e-44 8.26217779759608e-40 8.574457829018968e-37 7.378327176878232e-33 7.11597584498924e-29 9.491642375356378e-26 2.0055889009422082e-25
0.000962683400768232 6.705349590588738e-46 6.614387804668289e-44 8.52008545294751e-40 9.133184843110975e-37 7.905939746642889e-33 7.625020953432738e-29 1.0141707810303494e-25 2.128588720308194e-25
0.000985129883689471 6.857215975010569e-46 6.768608956008097e-44 8.787881579367193e-40 9.730392130584147e-37 8.4713108025047e-33 8.17046067902774e-29 1.0834909199617357e-25 2.2583277031316796e-25
0.0010080997417879817 7.012746710614027e-46 6.926429421260779e-44 9.066030215757049e-40 1.0368798503523002e-36 9.077143200243376e-33 8.754894593747608e-29 1.1573950817824567e-25 2.395100649074259e-25
0.0010316051783820807 7.172022707248836e-46 7.087933266256249e-44 9.355020717415055e-40 1.1051316744892406e-36 9.726333286532854e-33 9.381107645589142e-29 1.2361689408299108e-25 2.539204469267932e-25
0.0010556586813297128 7.335126996229393e-46 7.25320652818974e-44 9.655369286564622e-40 1.1781067478881453e-36 1.0421984750472359e-32 1.0052083340593826e-28 1.320114055573514e-25 2.6909481114649104e-25
0.0010802730296629402 7.502144767979994e-46 7.422337262276328e-44 9.967620602627665e-40 1.2561394033421945e-36 1.1167423466674793e-32 1.077101785750336e-28 1.4095482902665347e-25 2.850633679772084e-25
0.001105461300377127 7.673163410357475e-46 7.595415589538826e-44 1.0292349559127147e-39 1.3395878365910052e-36 1.1966213400887481e-32 1.154133516153972e-28 1.5048071248053771e-25 3.0185858324402327e-25
0.0011312368753784248 7.848272547852389e-46 7.772533745758401e-44 1.0630163114599197e-39 1.4288358128247458e-36 1.2822173654197694e-32 1.2366703184920009e-28 1.6062432955287568e-25 3.195113596781319e-25
0.0011576134485932472 8.027564081849433e-46 7.953786131618078e-44 1.0981702265426995e-39 1.5242944952771177e-36 1.3739396727322865e-32 1.3251051152726622e-28 1.7142288313967512e-25 3.380546271626453e-25
0.0011846050332435167 8.211132232106667e-46 8.139269364070126e-44 1.134764414907908e-39 1.626404404648024e-36 1.4722268092312084e-32 1.4198588129107232e-28 1.8291541601309215e-25 3.5752059660744485e-25
0.0012122259692915415 8.399073579591497e-46 8.32908232895954e-44 1.1728704286847334e-39 1.735637518722999e-36 1.5775487165241144e-32 1.5213822874997257e-28 1.9514303347823576e-25 3.779418882375041e-25
0.0012404909310584848 8.5914871107907e-46 8.523326234936329e-44 1.2125638975837823e-39 1.8524995222270646e-36 1.690408978017519e-32 1.630158510295544e-28 2.0814883186288856e-25 3.9935157231977194e-25
0.0012694149350204683 8.788474263591872e-46 8.722104668690784e-44 1.253924784067391e-39 1.9775322176694213e-36 1.8113472271852638e-32 1.7467048231660168e-28 2.2197805209755657e-25 4.217822608010452e-25
0.0012990133477864558 8.99013897481566e-46 8.925523651546604e-44 1.2970376556129492e-39 2.1113161087057254e-36 1.9409417282231997e-32 1.8715753741083677e-28 2.366781157864415e-25 4.452671894842864e-25
0.0013293018942621524 9.196587729461565e-46 9.13369169744811e-44 1.341991975272348e-39 2.2544731683698295e-36 2.0798121414281835e-32 2.005363724037809e-28 2.5229861911154947e-25 4.6983950547896975e-25
0.001360296666004259 9.40792961171632e-46 9.346719872378592e-44 1.3888824118182125e-39 2.4076698054112727e-36 2.2286224865225537e-32 2.148705637018145e-28 2.6889155295986136e-25 4.955310335177437e-25
0.001392014129769518 9.624276357761548e-46 9.564721855248248e-44 1.437809170861263e-39 2.5716200429227573e-36 2.388084318091002e-32 2.3022820659504047e-28 2.8651107084121063e-25 5.223748767508167e-25
0.0014244711362630968 9.845742410407816e-46 9.787814000291343e-44 1.488878348423942e-39 2.74708892445666e-36 2.558960128310757e-32 2.4668223484106155e-28 3.052139159246751e-25 5.504028875744756e-25
0.0014576849290909482 1.0072444975574645e-45 1.0016115401013357e-43 1.542202308563656e-39 2.934896163918691e-36 2.7420669932418795e-32 2.643107625612996e-28 3.2505903660070926e-25 5.796472834718205e-25
0.0014916731539209149 1.0304504080630378e-45 1.0249747955730167e-43 1.5979000867548917e-39 3.135920056691968e-36 2.9382804801088485e-32 2.831974501623183e-28 3.4610801910523824e-25 6.101388311034926e-25
0.0015264538678574353 1.0542042634602125e-45 1.0488836434743011e-43 1.6560978208642926e-39 3.351101670694957e-36 3.1485388342512873e-32 3.034318957680837e-28 3.6842476424688966e-25 6.419094952965591e-25
0.0015620455490348386 1.0785186490263664e-45 1.0733508549193941e-43 1.716929211686364e-39 3.5814493374152474e-36 3.3738474657583607e-32 3.2511005406838446e-28 3.9207580754517103e-25 6.749897046760272e-25
0.0015984671064343198 1.1034064508108763e-45 1.0983895021648056e-43 1.7805360151510465e-39 3.8280434643962835e-36 3.6152837572331653e-32 3.483346843286153e-28 4.171300451909181e-25 7.094080295628082e-25
0.0016357378899298156 1.1288808622217084e-45 1.1240129658450851e-43 1.8470685684686857e-39 4.0920416921911555e-36 3.874002215667924e-32 3.7321582968861595e-28 4.436590484048382e-25 7.451925643239492e-25
0.0016738777005681136 1.1549553908021814e-45 1.150234942390957e-43 1.9166863526428743e-39 4.374684420445756e-36 4.1512399930541736e-32 3.9987132973891804e-28 4.717366456996728e-25 7.823728708639204e-25
0.0017129068010886602 1.1816438651989266e-45 1.1770694516350227e-43 1.9895585939595155e-39 4.677300729538458e-36 4.448322802115124e-32 4.28427368828774e-28 5.014394015322628e-25 8.209764329972648e-25
0.0017528459266886532 1.2089604423223707e-45 1.204530844610295e-43 2.0658649072504956e-39 5.00131472609587e-36 4.7666712554330076e-32 4.590190623217825e-28 5.328461540659067e-25 8.610302784200783e-25
0.00179371629603914 1.2369196147013043e-45 1.2326338115470299e-43 2.1457959839348202e-39 5.34825234273123e-36 5.107807658268336e-32 4.917910835496885e-28 5.660381231903294e-25 9.025613184184682e-25
0.0018355396225579732 1.2655362180333884e-45 1.2613933900735207e-43 2.2295543280591288e-39 5.719748624524507e-36 5.473363287534208e-32 5.268983341449191e-28 6.010989795743896e-25 9.455934534938324e-25
0.0018783381259456144 1.2948254389337689e-45 1.2908249736267084e-43 2.3173550437946548e-39 6.117555537091492e-36 5.865086191710856e-32 5.645066606406782e-28 6.381145822728087e-25 9.901507506779277e-25
0.0019221345439899109 1.3248028228842457e-45 1.3209443200786426e-43 2.409426678099762e-39 6.543550333583234e-36 6.284849548973967e-32 6.047936205242496e-28 6.771729928110214e-25 1.0362574447081462e-24
0.001966952144646121 1.3554842823857449e-45 1.3517675605850894e-43 2.506012122527725e-39 6.999744520631212e-36 6.734660623475196e-32 6.479493010093702e-28 7.18364374858034e-25 1.0839348926282613e-24
0.0020128147383986056 1.386886105317124e-45 1.3833112086627616e-43 2.6073695784494572e-39 7.488293466117553e-36 7.21667036257097e-32 6.941771940512152e-28 7.617808007946876e-25 1.1332081855252802e-24
0.002059746690910748 1.419024963503604e-45 1.4155921695018844e-43 2.7137735902718436e-39 8.011506694719605e-36 7.733183680854056e-32 7.436951313918329e-28 8.075162960156682e-25 1.1840929680439e-24
0.0021077729359698315 1.4519179214983947e-45 1.4486277495210827e-43 2.8255161515658503e-39 8.571858920467796e-36 8.286670480123977e-32 7.967362835488746e-28 8.556666088142932e-25 1.236618304138905e-24
0.0021569189887337423 1.48558244558128e-45 1.4824356661717919e-43 2.9429078893761315e-39 9.172001869080084e-36 8.879777457942607e-32 8.535502269714038e-28 9.063287200141493e-25 1.2907924254709897e-24
0.002207210959286545 1.5200364129782308e-45 1.517034057999676e-43 3.066279332367033e-39 9.814776946614699e-36 9.515340761189123e-32 9.144040840751605e-28 9.596016901697812e-25 1.346644895405535e-24
0.0022586755665101248 1.5552981213062477e-45 1.5524414949708119e-43 3.195982268870814e-39 1.0503228815029268e-35 1.0196399545058076e-31 9.79583740344757e-28 1.0155847603166933e-24 1.4041887837559827e-24
0.0023113401522792685 1.5913862982479257e-45 1.5886769890706968e-43 3.3323912013441107e-39 1.1240619939573385e-35 1.092621050226907e-31 1.0493951445138768e-27 1.0743794526915322e-24 1.463445345190383e-24
0.0023652326959877285 1.628320111460355e-45 1.6257600051844026e-43 3.475904904210467e-39 1.2030446177588387e-35 1.1708263431883243e-31 1.1241656958936448e-27 1.1360867939034298e-24 1.5244301316820662e-24
0.0024203818294129824 1.666119178723233e-45 1.6637104722665755e-43 3.626948092572641e-39 1.287645348327023e-35 1.2546297922085676e-31 1.2042457259817986e-27 1.2008095823539015e-24 1.587160669005709e-24
0.0024768168519275916 1.7048035783311957e-45 1.702548794810229e-43 3.785973209819794e-39 1.3782655808288142e-35 1.344432122660418e-31 1.2900100789395807e-27 1.268650205068946e-24 1.651655074555604e-24
0.002534567746065232 1.7443938597355947e-45 1.7422958646237472e-43 3.953462342735355e-39 1.4753354283870908e-35 1.4406627420131726e-31 1.3818597984144797e-27 1.3397114300664952e-24 1.7179299834738823e-24
0.0025936651934496745 1.784911054441091e-45 1.782973072925699e-43 4.129929273332956e-39 1.5793157776102824e-35 1.543781792421953e-31 1.4802239268869757e-27 1.4140964824780083e-24 1.7860045184781537e-24
0.0026541405910951734 1.8263766871626587e-45 1.8246023227676385e-43 4.315921677314063e-39 1.6907004912738014e-35 1.6542823501642433e-31 1.5855614243341396e-27 1.4919068626928772e-24 1.855895180713274e-24
0.0027160260680869266 1.8688127872487056e-45 1.86720604179532e-43 4.512023479754086e-39 1.8100187686880722e-35 1.7726927824244813e-31 1.6983632151214825e-27 1.5732458908538952e-24 1.927613797830042e-24
0.0027793545026504624 1.9122419003762434e-45 1.9108071953592206e-43 4.718857379387978e-39 1.9378376750420538e-35 1.8995792726770158e-31 1.8191543683435386e-27 1.658212845170346e-24 2.001185571687594e-24
0.002844159539619031 1.9566871005242048e-45 1.9554292999857446e-43 4.937087553684637e-39 2.074764851819388e-35 2.0355485267225756e-31 1.9484964239473014e-27 1.7469097233685484e-24 2.0766240395420018e-24
0.0029104756083082714 2.002172002231132e-45 2.0010964372208286e-43 5.1674225577753136e-39 2.2214514212502256e-35 2.1812506722930215e-31 2.086989868507952e-27 1.839434020038547e-24 2.1539481517518408e-24
