results/limits/GDM_l.dat
# %ECSV 1.0
# ---
# datatype:
# - {name: mx, unit: MeV, datatype: float64}
# - {name: sigma_10, unit: cm2, datatype: float64}
# - {name: sigma_9, unit: cm2, datatype: float64}
# - {name: sigma_7, unit: cm2, datatype: float64}
# - {name: sigma_6, unit: cm2, datatype: float64}
# - {name: sigma_5, unit: cm2, datatype: float64}
# - {name: sigma_4, unit: cm2, datatype: float64}
# - {name: sigma_3, unit: cm2, datatype: float64}
# - {name: sigma_2, unit: cm2, datatype: float64}
# schema: astropy-2.0
mx sigma_10 sigma_9 sigma_7 sigma_6 sigma_5 sigma_4 sigma_3 sigma_2
[from data line 239]
7.805350185866558e-05 1.4195490254418606e-50 4.345685431497616e-49 4.2625789043991135e-45 4.706558894860018e-43 2.210660031095615e-40 1.4479758008629232e-36 2.036513440142626e-33 5.075614209310395e-33
7.987344244870308e-05 1.4151441804731182e-50 4.442367857556647e-49 4.362391347120683e-45 4.833254570582958e-43 2.3385404222458586e-40 1.5510637908162547e-36 2.1822776232680638e-33 5.438783443387246e-33
8.173581782606456e-05 1.4110978980035717e-50 4.541444934247111e-49 4.46455834830934e-45 4.963914402396492e-43 2.474684038292957e-40 1.661514846120501e-36 2.338474595198292e-33 5.827928639798841e-33
8.364161742479263e-05 1.4074119078391757e-50 4.642966899647883e-49 4.5691365412792225e-45 5.0986907571942785e-43 2.619655985869885e-40 1.7798556057716533e-36 2.5058509542572378e-33 6.244906306772881e-33
8.559185374914618e-05 1.4040881749250084e-50 4.7469853950988995e-49 4.6761839885907567e-45 5.237743136271192e-43 2.774061012506296e-40 1.906650398042431e-36 2.6852067106936787e-33 6.691704755266122e-33
8.758756291151902e-05 1.401128904107379e-50 4.85355349895489e-49 4.785760222094592e-45 5.3812385606662425e-43 2.938546312963505e-40 2.0425039383373493e-36 2.8773991117483013e-33 7.170456378674521e-33
8.96298051829007e-05 1.3985365450895052e-50 4.962725759150057e-49 4.897926284316664e-45 5.529351979433478e-43 3.1138045352039736e-40 2.1880642201772164e-36 3.0833467281223384e-33 7.683444556155941e-33
9.17196655561724e-05 1.3963137975803238e-50 5.0745582247361394e-49 5.0127447712407273e-45 5.682266702311003e-43 3.300577000310224e-40 2.3440256131398774e-36 3.304033837221513e-33 8.233113959542224e-33
9.385825432253677e-05 1.3944636166357035e-50 5.189108476574319e-49 5.130279876545893e-45 5.840174858358355e-43 3.4996571516975636e-40 2.5111321825735632e-36 3.5405151307783874e-33 8.82208720777183e-33
9.604670766138824e-05 1.3929892181902746e-50 5.306435657374907e-49 5.2505974373602716e-45 6.003277882242238e-43 3.711894250070817e-40 2.6901812469558028e-36 3.793920738637994e-33 9.453171959079565e-33
9.828618824393714e-05 1.3918940847776382e-50 5.42660050128796e-49 5.373764981596023e-45 6.1717870299634515e-43 3.938197331758144e-40 2.882027189913665e-36 4.0654616219377645e-33 1.0129374725763312e-32
0.00010057788585090809 1.3911819714359812e-50 5.549665363249139e-49 5.49985177693119e-45 6.345923925943597e-43 4.179539449320651e-40 3.087585545134491e-36 4.356435361396115e-33 1.0853920329810009e-32
0.00010292301800464121 1.3908569117949745e-50 5.6756942482845736e-49 5.628928881510863e-45 6.525921143523801e-43 4.436962214693856e-40 3.307837373700569e-36 4.668232334021243e-33 1.1630259696348946e-32
0.00010532283061593165 1.3909232243391563e-50 5.804752840972355e-49 5.76106919644012e-45 6.712022821065081e-43 4.711580666567466e-40 3.54383395478543e-36 5.002342355692023e-33 1.2462091961667243e-32
0.00010777859864595113 1.391385518841856e-50 5.936908535248357e-49 5.896347520147943e-45 6.904485316000727e-43 5.0045884852660575e-40 3.796701812140389e-36 5.360361783976507e-33 1.3353379739985046e-32
0.00011029162678360347 1.392248702962574e-50 6.0722304647320595e-49 6.034840604702744e-45 7.103577899348057e-43 5.317263580055917e-40 4.067648100411375e-36 5.744001128241207e-33 1.430836677367955e-32
0.00011286325013867351 1.3935179889995666e-50 6.210789533733334e-49 6.1766272141664e-45 7.309583493366949e-43 5.650974075587163e-40 4.3579663770445894e-36 6.155093212083843e-33 1.5331600779089676e-32
0.00011549483495113791 1.3951989007880077e-50 6.35265844908531e-49 6.321788185075661e-45 7.522799455237942e-43 6.007184726087018e-40 4.669042787383715e-36 6.595601906829496e-33 1.642795267569737e-32
0.00011818777931701482 1.3972972807326992e-50 6.497911752931349e-49 6.470406489147284e-45 7.743538409837776e-43 6.3874637879656725e-40 5.002362692536692e-36 7.067631493989502e-33 1.760263972684053e-32
0.0001209435139311377 1.3998192969629283e-50 6.646625856577197e-49 6.622567298305079e-45 7.972129134908668e-43 6.793490383683742e-40 5.3595177717088346e-36 7.573436697314318e-33 1.886125166238764e-32
0.00012376350284724815 1.4027714505951804e-50 6.798879075503047e-49 6.778358052133817e-45 8.208917502145745e-43 7.227062392075059e-40 5.742213632967007e-36 8.115433424385947e-33 2.0209775310662086e-32
0.00012664924425581149 1.4061605830879533e-50 6.954751665614065e-49 6.93786852787068e-45 8.454267477981846e-43 7.690104902832464e-40 6.152277968829984e-36 8.69621028255991e-33 2.1654625649528395e-32
0.00012960227127996844 1.409993883671034e-50 7.114325860793982e-49 7.101190913049172e-45 8.708562188118617e-43 8.184679275551774e-40 6.591669295686569e-36 9.318540895514016e-33 2.3202667829571115e-32
0.00013262415279004548 1.4142788968296552e-50 7.277685911811924e-49 7.268419880916936e-45 8.972205050132195e-43 8.712992846615054e-40 7.062486318836301e-36 9.985397141218457e-33 2.4861264939161446e-32
0.00013571649423705693 1.419023529821992e-50 7.44491812662364e-49 7.439652668756149e-45 9.245620978808131e-43 9.277409330284238e-40 7.566977967932934e-36 1.0699963275570494e-32 2.663829634252905e-32
0.0001388809385056415 1.4242360602064924e-50 7.616110912095483e-49 7.614989159240068e-45 9.529257669172184e-43 9.880459963681757e-40 8.107554150824019e-36 1.1465651095074429e-32 2.8542198447187923e-32
0.00014211916678688624 1.4299251433531246e-50 7.791354817174625e-49 7.794531964967284e-45 9.8235869625596e-43 1.0524855448891964e-39 8.686797277214537e-36 1.2286116214397484e-32 3.0582022540445556e-32
0.00014543289947150178 1.4360998199109328e-50 7.970742577520955e-49 7.978386516323499e-45 1.0129106301431766e-42 1.1213498749209692e-39 9.307474607247466e-36 1.3165275399039554e-32 3.2767443621746576e-32
0.0001488238970638237 1.4427695232014337e-50 8.154369161611278e-49 8.166661152825788e-45 1.04463402790774e-42 1.1949498800644594e-39 9.97255148406956e-36 1.4107325237521844e-32 3.510882892349097e-32
0.00015229396111712465 1.449944086505677e-50 8.342331818325694e-49 8.359467218115164e-45 1.0775842290757707e-42 1.2736185204154749e-39 1.0685205513647772e-35 1.511676213187852e-32 3.761729873371686e-32
0.00015584493519073535 1.4576337502102063e-50 8.5347301260209e-49 8.556919158770686e-45 1.1118196293350373e-42 1.3577123968764127e-39 1.1448841759634974e-35 1.6198403605065935e-32 4.030473980078275e-32
0.00015947870582948208 1.4658491687753396e-50 8.731666043097042e-49 8.759134627127486e-45 1.1474018681035752e-42 1.4476134380737732e-39 1.2267109025960754e-35 1.735741122430023e-32 4.318387692066533e-32
0.00016319720356596128 1.4746014174863687e-50 8.933243960063213e-49 8.966234588290504e-45 1.184396028513156e-42 1.5437307079363084e-39 1.3143917304999468e-35 1.8599315217764246e-32 4.6268373919044047e-32
0.00016700240394618395 1.4839019989469845e-50 9.139570753109663e-49 9.178343431547265e-45 1.2228708506754148e-42 1.6465023425653832e-39 1.408345647472941e-35 1.9930040634863877e-32 4.957283641387654e-32
0.00017089632857913436 1.4937628492717048e-50 9.350755839192669e-49 9.395589086391146e-45 1.2628989591633708e-42 1.7563976256463685e-39 1.5090216334304762e-35 2.135593545869523e-32 5.311287073546191e-32
0.000174881046210801 1.5041963439327265e-50 9.566911232644122e-49 9.618103143381409e-45 1.3045571057058196e-42 1.873919212312406e-39 1.6169008073853926e-35 2.2883800955433223e-32 5.690526451124836e-32
0.00017895867382325032 1.515215303215071e-50 9.78815160331699e-49 9.846020980074732e-45 1.347926428168045e-42 1.9996055120807444e-39 1.7324987281109438e-35 2.4520923757118443e-32 6.096795633004669e-32
0.0001831313777593269 1.5268329972322181e-50 1.0014594336280894e-48 1.0079481892277708e-44 1.393092726966998e-42 2.134033242243182e-39 1.8563678594911784e-35 2.6275110358709605e-32 6.532008726884705e-32
0.00018740137487357792 1.5390631504543861e-50 1.024635959308495e-48 1.0318629230882567e-44 1.440146760154537e-42 2.2778201639058185e-39 1.9891002123489634e-35 2.8154724491015953e-32 6.998227328867672e-32
0.00019177093371001327 1.55191994570041e-50 1.0483570374606997e-48 1.0563610544563511e-44 1.4891845584919415e-42 2.431628013747229e-39 2.1313301753736265e-35 3.0168726450324807e-32 7.497652322226325e-32
0.000196242375707327 1.565418027544475e-50 1.0726352585509753e-48 1.0814577728622652e-44 1.5403077619337872e-42 2.596165645500333e-39 2.2837375486909668e-35 3.2326715529407005e-32 8.032633667063035e-32
0.00020081807643222024 1.579572505089826e-50 1.0974835100329167e-48 1.1071687180294313e-44 1.593623979043876e-42 2.772192396164741e-39 2.4470507945798963e-35 3.4638975866509805e-32 8.605700833727882e-32
0.00020550046684148122 1.5943989540621008e-50 1.1229149831218644e-48 1.133509996083185e-44 1.6492471709763926e-42 2.9605216930328275e-39 2.6220505208672014e-35 3.711652467793133e-32 9.219549739858897e-32
0.0002102920345734925 1.6099134181777e-50 1.1489431797378695e-48 1.1604981964715015e-44 1.7072980617732567e-42 3.1620249187622855e-39 2.809573213665918e-35 3.9771164658169516e-32 9.877070651796045e-32
0.0002151953252698519 1.6261324097446137e-50 1.1755819196200938e-48 1.1881504096341933e-44 1.7679045768570662e-42 3.3776355529639845e-39 3.010515237294689e-35 4.2615539800181696e-32 1.0581359535446535e-31
0.00022021294392780895 1.643072909457195e-50 1.2028453476158081e-48 1.2164842454581623e-44 1.831202311735777e-42 3.6083536100944586e-39 3.225837120499941e-35 4.566319496247308e-32 1.1335722972507432e-31
0.00022534755628423554 1.6607523653505242e-50 1.230747941147241e-48 1.245517852558825e-44 1.8973350330801492e-42 3.855250394860973e-39 3.45656814947711e-35 4.892864016047845e-32 1.214370786193965e-31
0.0002306018902318662 1.6791886908860333e-50 1.2593045178599768e-48 1.2752699384299634e-44 1.9664552144935407e-42 4.1194735978641606e-39 3.7038112896377826e-35 5.242741882827076e-32 1.3009105184340966e-31
0.00023597873726856003 1.6984002621460723e-50 1.288530243456284e-48 1.3057597905065742e-44 2.0387246094618035e-42 4.402252755831595e-39 3.968748459657098e-35 5.617618124757164e-32 1.3935970813613545e-31
0.0002414809539803547 1.7184059141233145e-50 1.3184406397173532e-48 1.3370072981874485e-44 2.1143148641494355e-42 4.7049051025384446e-39 4.252646183008287e-35 6.019276314004212e-32 1.492864812178818e-31
0.0002471114635590999 1.7392249360998625e-50 1.3490515927183275e-48 1.3690329758674174e-44 2.1934081729044185e-42 5.0288418383803824e-39 4.556861643997366e-35 6.449626962168062e-32 1.5991782049142337e-31
0.00025287325735547713 1.7608770661205968e-50 1.380379361240243e-48 1.4018579870312827e-44 2.2761979795378132e-42 5.3755748485654005e-39 4.882849177245907e-35 6.910716529534385e-32 1.7130346704010277e-31
0.00025876939646823026 1.783382484576922e-50 1.4124405853829903e-48 1.4355041694649447e-44 2.3628897276685782e-42 5.7467239020379216e-39 5.232167221635339e-35 7.40473702189079e-32 1.8349648849523144e-31
0.00026480301337045197 1.8067618069298064e-50 1.4452522953838302e-48 1.469994061641814e-44 2.4537016636588874e-42 6.144024365546241e-39 5.606485771957639e-35 7.934036362149674e-32 1.9655388007519535e-31
0.000270977313573789 1.8310360756139105e-50 1.4788319206458723e-48 1.5053509303463211e-44 2.5488656959225837e-42 6.569335469729842e-39 6.007594363869574e-35 8.501129365929941e-32 2.105364761892092e-31
0.00027729557733145163 1.8562267511802375e-50 1.5131972989810738e-48 1.5415987995993093e-44 2.6486283146566934e-42 7.024649166741112e-39 6.437410630322052e-35 9.108709517954248e-32 2.2550913221611776e-31
0.00028376116138093086 1.8823557027492965e-50 1.5483666860726997e-48 1.5787624809544505e-44 2.7532515763424415e-42 7.512099621747478e-39 6.897989470367436e-35 9.759661761849522e-32 2.4154177998641358e-31
0.0002903775007273506 1.9094451978640942e-50 1.5843587651620228e-48 1.6168676052377568e-44 2.863014157668928e-42 8.033973383689656e-39 7.391532874114292e-35 1.0457075811196284e-31 2.587086318790872e-31
0.00029714811046840066 1.937517891848689e-50 1.6211926569642965e-48 1.6559406558072953e-44 2.978212483869384e-42 8.592720283921969e-39 7.920400450831848e-35 1.1204260698121734e-31 2.77089047654737e-31
0.00030407658766182135 1.966596816795611e-50 1.658887929819283e-48 1.6960090034139928e-44 3.0991619368146497e-42 9.19096511484113e-39 8.487120710489412e-35 1.2004760397623023e-31 2.967685568096742e-31
0.00031116661323643183 1.9967053703227843e-50 1.697464610081533e-48 1.7371009427492724e-44 3.22619814858919e-42 9.831520144340574e-39 9.094403152599101e-35 1.2862370136675172e-31 3.178379302478702e-31
0.0003184219539477161 2.027867304258128e-50 1.7369431927559638e-48 1.7792457307701035e-44 3.359678386685362e-42 1.0517398525925636e-38 9.745151220170343e-35 1.378115412436059e-31 3.4039381538239575e-31
0.00032584646437900766 2.0601067134261164e-50 1.7773446523843462e-48 1.8224736268972943e-44 3.499983037386178e-42 1.125182866860866e-38 1.044247618067048e-34 1.4765464846342607e-31 3.6454086863833453e-31
0.00033344408898933415 2.0934480247270858e-50 1.8186904541882455e-48 1.8668159351882505e-44 3.647517194369868e-42 1.2038269635292856e-38 1.118971200021913e-34 1.5819962945099025e-31 3.9039016127216526e-31
0.0003412188642090111 2.1279159867136567e-50 1.861002565474661e-48 1.9123050485915369e-44 3.802712360076351e-42 1.288042764327455e-38 1.1990431282143787e-34 1.6949638735659677e-31 4.1805902713476965e-31
0.0003491749205840977 2.163535659881564e-50 1.904303467310092e-48 1.9589744953963695e-44 3.96602826789767e-42 1.3782273745762846e-38 1.284846234609037e-34 1.8159836139968154e-31 4.476754838304457e-31
0.0003573164849708539 2.2003324079029973e-50 1.9486161664693483e-48 2.0068589879972808e-44 4.137954833833553e-42 1.474806277896829e-38 1.376790752907328e-34 1.9456276807494764e-31 4.793751914589654e-31
0.0003656478827813646 2.2383318900369087e-50 1.993964207665518e-48 2.0559944741008943e-44 4.319014246855645e-42 1.5782353665358755e-38 1.4753162796016798e-34 2.084508630364363e-31 5.133006731968443e-31
0.0003741735402815245 2.2775600549567544e-50 2.040371686067455e-48 2.1064181905091105e-44 4.509763207878082e-42 1.6890031170176664e-38 1.5808938753532849e-34 2.2332823627823865e-31 5.496081864815085e-31
0.0003828979869426037 2.3180431362362685e-50 2.0878632601116016e-48 2.1581687196209803e-44 4.710795327925276e-42 1.8076329215253484e-38 1.6940283166987492e-34 2.392651046405122e-31 5.884627721895858e-31
0.000391825857847644 2.359807649730967e-50 2.1364641646148637e-48 2.2112860488046625e-44 4.922743696834465e-42 1.9346855861612103e-38 1.8152605088617034e-34 2.5633663312667057e-31 6.300381579422835e-31
0.000400961896153964 2.402880393086563e-50 2.1862002241957023e-48 2.2658116327982467e-44 5.146283634620422e-42 2.0707620080326458e-38 1.9451700711959252e-34 2.7462329434142113e-31 6.745245056137935e-31
0.0004103109556130814 2.447288447593629e-50 2.2370978670103292e-48 2.3217884593091233e-44 5.382135638485549e-42 2.2165060439664675e-38 2.084378107568116e-34 2.94211223004525e-31 7.2212122538535695e-31
0.0004198780031493915 2.49305918259162e-50 2.2891841388117907e-48 2.3792611179913747e-44 5.63106853936145e-42 2.3726075845699815e-38 2.233550174945654e-34 3.151926173114605e-31 7.730417675973692e-31
0.00042966812149897106 2.5402202626056515e-50 2.3424867173390278e-48 2.438275872990933e-44 5.893902882844044e-42 2.5398058483405314e-38 2.393399464339238e-34 3.3766616334864446e-31 8.275154523883341e-31
0.000439686511909911 2.588799657373209e-50 2.3970339270439852e-48 2.4988807392598943e-44 6.17151455042165e-42 2.718892911576501e-38 2.564690209275875e-34 3.617374756228085e-31 8.857837929620006e-31
0.0004499384969056106 2.6388256548897815e-50 2.4528547541644528e-48 2.561125562854238e-44 6.464838638006924e-42 2.9107174909713137e-38 2.748241338097261e-34 3.8751959046041977e-31 9.481076948410998e-31
0.00046042952311250296 2.690326877568439e-50 2.5099788621508555e-48 2.625062105440903e-44 6.77487360997616e-42 3.116188996980595e-38 2.944930387474495e-34 4.151334684275468e-31 1.0147630866696439e-30
