results/limits/GDM_l.dat
# %ECSV 1.0
# ---
# datatype:
# - {name: mx, unit: MeV, datatype: float64}
# - {name: sigma_10, unit: cm2, datatype: float64}
# - {name: sigma_9, unit: cm2, datatype: float64}
# - {name: sigma_7, unit: cm2, datatype: float64}
# - {name: sigma_6, unit: cm2, datatype: float64}
# - {name: sigma_5, unit: cm2, datatype: float64}
# - {name: sigma_4, unit: cm2, datatype: float64}
# - {name: sigma_3, unit: cm2, datatype: float64}
# - {name: sigma_2, unit: cm2, datatype: float64}
# schema: astropy-2.0
mx sigma_10 sigma_9 sigma_7 sigma_6 sigma_5 sigma_4 sigma_3 sigma_2
[from data line 963]
1379.239351479266 1.8370746310233453e-38 1.4757712651944815e-34 7.42586411538084e-30 7.428856266226721e-28 7.430107154266333e-26 7.412782166454063e-24 3.252128239261738e-22 5.42746945960824e-22
1411.3984938541882 1.968366692072536e-38 1.5667434496819016e-34 7.599147908463966e-30 7.602073706419542e-28 7.603406770134206e-26 7.591062555419954e-24 3.4185019651619513e-22 5.786621962905533e-22
1444.3074773913293 2.1090303937158977e-38 1.6627452816487644e-34 7.776468946521505e-30 7.77932999830281e-28 7.780751652760107e-26 7.773944933183232e-24 3.5955035204206966e-22 6.170897134662975e-22
1477.9837858208825 2.2597332753052876e-38 1.7639995372106346e-34 7.957921435566345e-30 7.960719318220894e-28 7.962236466271604e-26 7.961570199146898e-24 3.7838613745612535e-22 6.582077688472848e-22
1512.445310533807 2.421190253207294e-38 1.8707339430315185e-34 8.143601776573922e-30 8.146338038620943e-28 8.147958106916713e-26 8.154084967081274e-24 3.9843552687032498e-22 7.022073642089306e-22
1547.71036008708 2.594166962394969e-38 1.9831808701981343e-34 8.333608616696397e-30 8.33628477927673e-28 8.338015756897496e-26 8.351641872201263e-24 4.197819876043219e-22 7.492931423413712e-22
1583.797669930582 2.77948333118968e-38 2.101576993321298e-34 8.528042901670424e-30 8.530660459707927e-28 8.532510939587112e-26 8.554399897839614e-24 4.425148723800868e-22 7.9968436281799e-22
1620.7264123607779 2.9780174051115225e-38 2.226162915485552e-34 8.727007929446118e-30 8.729568352823585e-28 8.731547576171835e-26 8.76252472306074e-24 4.667298395327213e-22 8.536159475997707e-22
1658.5162067064848 3.190709436851557e-38 2.357182760102672e-34 8.930609405065922e-30 8.933114139817202e-28 8.935232043761355e-26 8.976189092654558e-24 4.925293032411635e-22 9.113396014753e-22
1697.1871297521373 3.4185662604986447e-38 2.4948837311840136e-34 9.13895549682219e-30 9.14140596634377e-28 9.143673235011728e-26 9.195573211051499e-24 5.2002291592613755e-22 9.731250126941159e-22
1736.7597264040865 3.6626659693421536e-38 2.6395156440254348e-34 9.352156893723779e-30 9.354554500008194e-28 9.356982619307946e-26 9.420865161808695e-24 5.493280851166263e-22 1.039261139534624e-21
1777.255020605602 3.924162917831726e-38 2.791330428789612e-34 9.570326864301726e-30 9.57267298919591e-28 9.575274305554293e-26 9.652261354433602e-24 5.805705272510578e-22 1.1100575889587833e-21
1818.6945265063737 4.204293069611611e-38 2.9505816099668344e-34 9.793581316785515e-30 9.795877323277331e-28 9.798665106623153e-26 9.88996700043687e-24 6.1388486105610415e-22 1.185846093946185e-21
1861.1002598924472 4.5043797149619887e-38 3.1175237651876616e-34 1.0022038860681949e-29 1.002428609421807e-27 1.0027274605514713e-25 1.0134196620639582e-23 6.494152433353299e-22 1.2669820965720415e-21
1904.4947498826687 4.825839582478769e-38 3.2924119673401493e-34 1.0255820869789034e-29 1.0258020659627694e-27 1.0261225223282651e-25 1.0385174585903487e-23 6.873160502028008e-22 1.3538464443994182e-21
1948.9010508978479 5.170189371408354e-38 3.4755012144007897e-34 1.0495051546678605e-29 1.0497205207281328e-27 1.0500642288782398e-25 1.0643135693606647e-23 7.277526070141417e-22 1.4468472082978907e-21
1994.3427549090043 5.539052732730952e-38 3.6670458518114155e-34 1.0739857988682019e-29 1.0741966821148068e-27 1.0745654110302253e-25 1.0908325782351464e-23 7.709019704804857e-22 1.5464216303816362e-21
2040.8440039711966 5.934167728856979e-38 3.867298992613678e-34 1.0990370255413752e-29 1.0992435548961502e-27 1.099639204913896e-25 1.1181002387567791e-23 8.169537667003214e-22 1.6530382113822314e-21
2088.4295030496014 6.357394803671553e-38 4.076511940878472e-34 1.1246721437868742e-29 1.1248744471369133e-27 1.12529905951834e-25 1.1461435440864132e-23 8.661110891117313e-22 1.767198947438354e-21
2137.124533144652 6.810725296634591e-38 4.294933624229278e-34 1.150904772913055e-29 1.151102977269668e-27 1.1515587444583673e-25 1.1749908016180537e-23 9.185914606540744e-22 1.8894417269991983e-21
2186.9549647232075 7.296290536723315e-38 4.522810041447728e-34 1.1777488496727477e-29 1.1779430813366424e-27 1.1784323579557073e-25 1.204671712601523e-23 9.74627864735294e-22 2.020342899304188e-21
2237.947271462894 7.816371554192867e-38 4.760383731257915e-34 1.2052186356675333e-29 1.205409020400706e-27 1.2059343350424977e-25 1.2352174571228517e-23 1.0344698499300686e-21 2.160520026722221e-21
2290.1285443169163 8.373409450433628e-38 5.007893268407159e-34 1.233328724924619e-29 1.2335153881295848e-27 1.2340794559948705e-25 1.266660784817667e-23 1.0983847136866852e-21 2.310634834113039e-21
2343.5265059068115 8.970016468622927e-38 5.2655727930897754e-34 1.2620940516503202e-29 1.2622771185573202e-27 1.2628828550046977e-25 1.2990361117195511e-23 1.166658770698345e-21 2.4713963693156416e-21
2398.169525250793 9.608987810407789e-38 5.533651579593797e-34 1.2915298981642795e-29 1.2917094940271318e-27 1.2923600290981592e-25 1.332379623673856e-23 1.2395987119995402e-21 2.643564389878426e-21
2454.086632835509 1.0293314246516742e-37 5.812353649788119e-34 1.32165190301866e-29 1.3218281533199708e-27 1.3225268473099664e-25 1.366729386778192e-23 1.3175330612820133e-21 2.827952992227936e-21
2511.3075360392254 1.1026195571983818e-37 6.101897436709633e-34 1.3524760693065748e-29 1.352649099973107e-27 1.3533995601226237e-25 1.4021254653435166e-23 1.4008137353897706e-21 3.025434500632487e-21
2569.8626349146184 1.1811054959579783e-37 6.4024955030608285e-34 1.384018773164216e-29 1.3841887107932305e-27 1.3849948091806855e-25 1.4386100479049636e-23 1.4898177164508177e-21 3.2369436345597074e-21
2629.783038339575 1.2651554268082832e-37 6.714354318893735e-34 1.4162967724711812e-29 1.4164637445686405e-27 1.4173296372901828e-25 1.476227581849249e-23 1.584948843637243e-21 3.4634819743584155e-21
2691.100580544569 1.3551610365186534e-37 7.037674102143785e-34 1.4493272157536193e-29 1.4494913509851786e-27 1.4504214987141892e-25 1.515024917265798e-23 1.6866397331172808e-21 3.70612274662221e-21
2753.8478380254037 1.4515412528133328e-37 7.372648724997808e-34 1.483127651294918e-29 1.4832890797507697e-27 1.4842882697759127e-25 1.5550514606720493e-23 1.7953538353761567e-21 3.966015952121168e-21
2818.0581468502987 1.5547440988576394e-37 7.71946568834507e-34 1.517716036458811e-29 1.5178748899333966e-27 1.5189482597812838e-25 1.5963593393097216e-23 1.9115876397394087e-21 4.2443938608264844e-21
2883.7656203705187 1.665248669170882e-37 8.078306165783958e-34 1.553110747229784e-29 1.5532671595175865e-27 1.5544202222736946e-25 1.639003576758477e-23 2.0358730366363567e-21 4.542576900308752e-21
2951.0051673439552 1.783567234335016e-37 8.449345117852203e-34 1.5893305879759486e-29 1.5894846951845916e-27 1.590723366634173e-25 1.6830422806667038e-23 2.1687798488958136e-21 4.861979965672065e-21
3019.812510481288 1.9102474822443102e-37 8.832751476332858e-34 1.6263948014394893e-29 1.6265467423214332e-27 1.6278773700409753e-25 1.72853684345606e-23 2.3109185441744716e-21 5.2041191812022175e-21
3090.2242054245785 2.045874904027521e-37 9.228688397675998e-34 1.6643230789600264e-29 1.664472995264344e-27 1.6659023898033647e-25 1.775552156917632e-23 2.462943141484689e-21 5.570619146068107e-21
3162.2776601683795 2.191075333169701e-37 9.63731358378347e-34 1.7031355709363186e-29 1.7032836077820232e-27 1.704819076085113e-25 1.8241568416829845e-23 2.6255543257166354e-21 5.9632206987303005e-21
