results/limits/GDM_l.dat
# %ECSV 1.0
# ---
# datatype:
# - {name: mx, unit: MeV, datatype: float64}
# - {name: sigma_10, unit: cm2, datatype: float64}
# - {name: sigma_9, unit: cm2, datatype: float64}
# - {name: sigma_7, unit: cm2, datatype: float64}
# - {name: sigma_6, unit: cm2, datatype: float64}
# - {name: sigma_5, unit: cm2, datatype: float64}
# - {name: sigma_4, unit: cm2, datatype: float64}
# - {name: sigma_3, unit: cm2, datatype: float64}
# - {name: sigma_2, unit: cm2, datatype: float64}
# schema: astropy-2.0
mx sigma_10 sigma_9 sigma_7 sigma_6 sigma_5 sigma_4 sigma_3 sigma_2
[from data line 478]
0.01926569962258253 1.049859189993275e-48 1.0613271491197857e-46 2.464489046485217e-41 2.235207839362605e-37 2.2255855121925548e-33 1.7817923399056464e-29 2.3136604361980312e-27 1.5566332734952255e-27
0.019714909816919448 1.0743457275966885e-48 1.0865453727960768e-46 2.6313188192789945e-41 2.395049186084825e-37 2.3846786659126567e-33 1.893821252447786e-29 2.375693000126529e-27 1.5943904173501695e-27
0.020174594055939365 1.0994038434589755e-48 1.112381007948117e-46 2.8097999172621663e-41 2.5663286332325106e-37 2.5551323495694266e-33 2.0122609801770705e-29 2.4390401800114506e-27 1.6330063343614346e-27
0.02064499655852557 1.1250469034854287e-48 1.1388502561518256e-46 3.0007573221422263e-41 2.749864892502975e-37 2.7377563170729476e-33 2.1374157863937909e-29 2.503734252996163e-27 1.672481185775568e-27
0.021126367237910063 1.1512885878338126e-48 1.1659698057916708e-46 3.205074796610841e-41 2.9465352814593724e-37 2.9334178593678038e-33 2.2695985492407335e-29 2.569803970251292e-27 1.712846634573786e-27
0.021618961834446313 1.1781428984091533e-48 1.1937568498832786e-46 3.4236990849968625e-41 3.1572799186771595e-37 3.143045870750992e-33 2.4091304769478492e-29 2.6372837805286078e-27 1.754129233183275e-27
0.02212304205147776 1.2056241665442123e-48 1.2222291046899524e-46 3.657644414452637e-41 3.3831062191675927e-37 3.367635199900527e-33 2.556340805471691e-29 2.7062065383326902e-27 1.796349454098651e-27
0.022638875694374342 1.233747060870382e-48 1.2514048291733925e-46 3.907997318181984e-41 3.625093711568173e-37 3.608251305214143e-33 2.7115664164996104e-29 2.776606256576904e-27 1.8395200826796315e-27
0.0231667368128109 1.2625265953845185e-48 1.2813028453212094e-46 4.175921803760741e-41 3.884399200127185e-37 3.8660352353788316e-33 2.8751513866175313e-29 2.8485177922075366e-27 1.883670226520507e-27
0.02370690584636297 1.2919781377167618e-48 1.3119425593964506e-46 4.4626648912497697e-41 4.162262296156443e-37 4.1422089574925656e-33 3.0474465273186834e-29 2.9219773683730726e-27 1.928824680293983e-27
0.024259669773497434 1.3221174176050707e-48 1.3433439841563686e-46 4.769562547570262e-41 4.460011345393314e-37 4.438081056524794e-33 3.228808858927279e-29 2.9970218483803317e-27 1.9750006800813073e-27
0.024825322264037063 1.352960535582073e-48 1.3755277620908874e-46 5.098046045503669e-41 4.779069779602409e-37 4.755052831474594e-33 3.419600989239225e-29 3.073689089545288e-27 2.022235780455943e-27
0.025404163835180054 1.3845239718800603e-48 1.4085151897333657e-46 5.449648777713275e-41 5.1209629227760725e-37 5.094624815285296e-33 3.6201905196474465e-29 3.1520182524474028e-27 2.0705358566287278e-27
0.025996502011157406 1.416824595560347e-48 1.4423282430998414e-46 5.826013558355948e-41 5.487325284462917e-37 5.458403747305182e-33 3.8309493607176256e-29 3.232049445141099e-27 2.1199447859316237e-27
0.026602651486612925 1.4498796738731793e-48 1.4769896043155147e-46 6.228900447189607e-41 5.8799083750812945e-37 5.8481100289805665e-33 4.052252965652271e-29 3.313822650243661e-27 2.1704804882189335e-27
0.027222934293792744 1.4837068818547203e-48 1.5125226894909069e-46 6.660195133576085e-41 6.3005890805690344e-37 6.265585695499603e-33 4.284479655590428e-29 3.397379657687737e-27 2.222169370755007e-27
0.027857679973633073 1.518324312167808e-48 1.5489516779134054e-46 7.121917920460264e-41 6.75137863638921e-37 6.712802938119308e-33 4.528009733379303e-29 3.482764409997852e-27 2.2750414381228967e-27
0.02850722575083718 1.5537504851934187e-48 1.5863015426238249e-46 7.616233351273847e-41 7.234432243777908e-37 7.191873214273767e-33 4.7832247381184227e-29 3.5700205835420844e-27 2.329118851465929e-27
0.02917191671303455 1.5900043593801682e-48 1.6245980824512222e-46 8.145460525789618e-41 7.752059374184253e-37 7.70505698479767e-33 5.050506535830218e-29 3.6591930020934446e-27 2.3844345740478104e-27
0.029852105994117403 1.627105341858935e-48 1.6638679555838606e-46 8.712084154242852e-41 8.306734811141223e-37 8.254774120216955e-33 5.330236520926908e-29 3.750327915574023e-27 2.4410214387142114e-27
0.030548154961852016 1.665073299330831e-48 1.7041387147579988e-46 9.318766402572452e-41 8.901110482325097e-37 8.843615020599187e-33 5.62279470237843e-29 3.8434725835787424e-27 2.4989062715198433e-27
0.031260433409864494 1.7039285692359337e-48 1.74543884415141e-46 9.968359585415302e-41 9.538028138335587e-37 9.474352496332962e-33 5.928558860527511e-29 3.938675135990175e-27 2.558119964459983e-27
0.031989319754103004 1.7436919712114775e-48 1.787797798073202e-46 1.0663919767542078e-40 1.0220532938771288e-36 1.0149954460088728e-32 6.247903669966253e-29 4.035985273825742e-27 2.618693111650922e-27
0.0327352012338808 1.7843848188476924e-48 1.8312460415468957e-46 1.1408721338768814e-40 1.0951888010504776e-36 1.0873597483365987e-32 6.581199903858959e-29 4.135454445566859e-27 2.6806534735513413e-27
0.03349847411760691 1.8260289317506235e-48 1.875815092889096e-46 1.2206272632036401e-40 1.1735590047703544e-36 1.164868127422658e-32 6.928813535436642e-29 4.237134273114975e-27 2.7440427685831435e-27
0.034279543913313774 1.8686466479204128e-48 1.921537568392446e-46 1.3060332659332888e-40 1.2575386028113482e-36 1.2478844136390116e-32 7.291105091528578e-29 4.3410757873294446e-27 2.808887320386594e-27
0.03507882558409363 1.9122608364553908e-48 1.9684472292271416e-46 1.3974929045489856e-40 1.3475291125453044e-36 1.336797947324635e-32 7.668428734791508e-29 4.44733890682246e-27 2.8752285922558123e-27
0.03589674376855814 1.956894910591174e-48 2.0165790306828994e-46 1.4954377245606668e-40 1.4439607903466425e-36 1.4320253404468294e-32 8.061131786490234e-29 4.555970958470335e-27 2.9430943482883197e-27
0.03673373300643846 2.0025728410854067e-48 2.065969173879317e-46 1.600330113799519e-40 1.5472946883307684e-36 1.5340123566500638e-32 8.469554012481229e-29 4.667037948306855e-27 3.012524157752023e-27
0.037590237969445384 2.0493191699586787e-48 2.1166551600809244e-46 1.712665509112625e-40 1.6580248582472772e-36 1.6432359172612168e-32 8.894026941718723e-29 4.780590621188995e-27 3.083557728171209e-27
0.038466713697512506 2.0971590246024812e-48 2.1686758477610095e-46 1.832974761009516e-40 1.7766807130518953e-36 1.760206241265192e-32 9.33487371779023e-29 4.896694642919319e-27 3.156226795404036e-27
0.03936362584054766 2.1461181322660894e-48 2.222071512566282e-46 1.9618266675691874e-40 1.903829557433549e-36 1.885469127670535e-32 9.792408490480635e-29 5.015407257053377e-27 3.230571459193183e-27
0.04028145090582124 2.196222834933742e-48 2.276883910344355e-46 2.0998306897246994e-40 2.0400792993773768e-36 2.019608389209792e-32 1.026693602638473e-28 5.136792281333088e-27 3.306644096106606e-27
0.04122067651112274 2.2475001046049105e-48 2.333156343405057e-46 2.247639860910774e-40 2.1860813557097525e-36 2.1632484468024904e-32 1.0758751826454997e-28 5.26091623222045e-27 3.3844707178885946e-27
0.04218180164382002 2.299977558990426e-48 2.3909337301968498e-46 2.405953904988809e-40 2.3425337654940216e-36 2.3170570946760585e-32 1.1268141861060627e-28 5.387837885785491e-27 3.464078629176668e-27
0.043165336925959 2.353683477637518e-48 2.4502626785908008e-46 2.5755225773604824e-40 2.510184526138247e-36 2.4817484466162145e-32 1.1795382432477782e-28 5.517630441949568e-27 3.545536401589994e-27
0.044171804885544536 2.4086468184980664e-48 2.511191562975732e-46 2.7571492452477754e-40 2.6898351681364034e-36 2.658086074364591e-32 1.2340740522472357e-28 5.650360628385278e-27 3.6288980989075846e-27
0.04520174023414663 2.4648972349543722e-48 2.5737706053810858e-46 2.951694724262365e-40 2.8823445855025425e-36 2.846886349704719e-32 1.2904474026731711e-28 5.7860982244810384e-27 3.714162713701834e-27
0.046255690150979495 2.5224650933173593e-48 2.638051960856351e-46 3.160081389611646e-40 3.0886331401748084e-36 3.049022002373562e-32 1.3486831800666062e-28 5.924915028858055e-27 3.8014103569952226e-27
0.047334214573604344 2.5813814908129405e-48 2.7040898073507436e-46 3.3832975816035444e-40 3.3096870599722146e-36 3.265425906566996e-32 1.4088054281389427e-28 6.066884250426625e-27 3.8906827627689966e-27
0.048437886495410414 2.641678274073039e-48 2.7719404403510317e-46 3.622402326518518e-40 3.546563151083714e-36 3.497095109359597e-32 1.470837417873162e-28 6.2120813264717615e-27 3.9820004084450266e-27
0.04956729227003216 2.7033880581477092e-48 2.8416623725517215e-46 3.8785303954267846e-40 3.800393847569007e-36 3.745095114958283e-32 1.5348016660801632e-28 6.360582963247013e-27 4.0754698053532784e-27
0.05072303192286451 2.766544246056762e-48 2.9133164388484336e-46 4.1528977251432366e-40 4.072392621951467e-36 4.010564439434385e-32 1.600720040754986e-28 6.51246833298803e-27 4.171063999121778e-27
0.051905719469841495 2.8311810488984185e-48 2.98696590696346e-46 4.446807227246841e-40 4.363859782706626e-36 4.294719451081143e-32 1.6686138451518155e-28 6.667818330702404e-27 4.268902629428334e-27
0.05311598324364777 2.897333506535139e-48 3.0626765940319544e-46 4.761655012944284e-40 4.676188686285996e-36 4.598859512192203e-32 1.7385038520272285e-28 6.826712313389245e-27 4.368998753387942e-27
0.05435446622753626 2.965037508875851e-48 3.1405169894966302e-46 5.0989370635493805e-40 5.0108723932912085e-36 4.9243724388303576e-32 1.8104104815540308e-28 6.989236344805196e-27 4.4714243744794494e-27
0.05562182639692926 3.034329817775762e-48 3.2205583846830674e-46 5.460256378477558e-40 5.369510800525341e-36 5.272740295445157e-32 1.8843538192561581e-28 7.155477579802354e-27 4.576223281137714e-27
0.056918737068984544 3.105248089575532e-48 3.3028750094473077e-46 5.847330634941767e-40 5.7538182829086815e-36 5.645545542187283e-32 1.9603537797637466e-28 7.325523456158679e-27 4.683437370004052e-27
0.058245887260312136 3.177830898302658e-48 3.3875441763168886e-46 6.262000395980399e-40 6.165631881673112e-36 6.044477552976322e-32 2.038430174074354e-28 7.499463609860157e-27 4.7931536666937105e-27
0.05960398205303182 3.2521177595581743e-48 3.4746464325688665e-46 6.706237906071397e-40 6.606920077842254e-36 6.471339523217413e-32 2.118602860329808e-28 7.677390439757544e-27 4.905417973093371e-27
0.06099374296936585 3.3281491551142926e-48 3.564265720719421e-46 7.182156516395538e-40 7.07979219278653e-36 6.928055786317414e-32 2.2008918286058512e-28 7.859398691678652e-27 5.0202871220070636e-27
0.06241590835496589 3.405966558248141e-48 3.6564895479290036e-46 7.692020784825198e-40 7.586508460619143e-36 7.416679558817832e-32 2.285317334374478e-28 8.045584003266933e-27 5.1378214412086565e-27
0.06387123377117784 3.485612459838753e-48 3.75140916485921e-46 8.238257298938534e-40 8.129490820389079e-36 7.939401134198194e-32 2.3719000045544104e-28 8.236045718888408e-27 5.258087784435865e-27
0.06536049239645289 3.5671303952560875e-48 3.849119754552824e-46 8.823466273817938e-40 8.711334479443246e-36 8.498556545862852e-32 2.4606609837080677e-28 8.43088649711427e-27 5.3811425811985575e-27
0.06688447543711816 3.650564972070415e-48 3.949720631944295e-46 9.450433980097782e-40 9.33482030298625e-36 9.096636719851904e-32 2.551621988947325e-28 8.630207251755342e-27 5.507062076814493e-27
0.06844399254772507 3.7359618986143825e-48 4.0533154546493e-46 1.0122146061693884e-39 1.0002928088787325e-35 9.736297138382933e-32 2.644805526003541e-28 8.834112611378377e-27 5.635907864122618e-27
0.0700398722611988 3.823368013428858e-48 4.160012445721786e-46 1.0841801806905144e-39 1.0718850790174863e-35 1.0420368034615184e-31 2.740234874599721e-28 9.042719835630164e-27 5.7677436662451555e-27
0.0716729624290174 3.9128313156268463e-48 4.269924629114576e-46 1.1612829441132292e-39 1.1486009754957408e-35 1.1151865139936549e-31 2.837934316426962e-28 9.256122112912863e-27 5.902654953772338e-27
0.07334413067165428 4.0044009962106937e-48 4.383170078626457e-46 1.2438902514351096e-39 1.2308071052716753e-35 1.1934001003754486e-31 2.937929201976284e-28 9.47445334668528e-27 6.0406877273795754e-27
0.07505426483952363 4.098127470379899e-48 4.499872181170106e-46 1.3323957461702654e-39 1.318896296807078e-35 1.2770196905895912e-31 3.0402459661582886e-28 9.697810448216545e-27 6.181929561243082e-27
0.07680427348467332 4.1940624108674096e-48 4.6201599152524995e-46 1.4272212421184495e-39 1.413289474302486e-35 1.3664095381506433e-31 3.1449123974557586e-28 9.926328220625188e-27 6.3264618184328386e-27
0.07859508634347626 4.2922587823463466e-48 4.74416814561611e-46 1.5288187398426666e-39 1.5144376657429554e-35 1.4619573376135125e-31 3.2519576299949905e-28 1.0160115895644198e-26 6.474349947564871e-27
0.08042765483057629 4.392770876948093e-48 4.87203793505421e-46 1.637672587499149e-39 1.62282415428954e-35 1.5640756048820325e-31 3.3614121717784427e-28 1.0399304504390972e-26 6.625685073285326e-27
0.08230295254435131 4.4956543509375664e-48 5.0039168744813975e-46 1.75430179635224e-39 1.7389667832275238e-35 1.6732031239560472e-31 3.4733081383283164e-28 1.0644021820165485e-26 6.780573455807824e-27
0.08422197578416211 4.6009662625918725e-48 5.139959432412528e-46 1.879262522048461e-39 1.863420425408643e-35 1.7898064614670485e-31 3.587679277463757e-28 1.0894388597788689e-26 6.938997925054013e-27
0.08618574407966152 4.708765111330852e-48 5.280327325081528e-46 2.013150723514646e-39 1.9967796288995715e-35 1.9143815502465087e-31 3.704560957639127e-28 1.1150547947437951e-26 7.101123753572875e-27
0.08819530073244539 4.819110878151784e-48 5.425189908514218e-46 2.1566050121962357e-39 2.139681451379769e-35 2.04745534295878e-31 3.823990334889345e-28 1.1412632218008624e-26 7.267057989123175e-27
0.09025171337033296 4.932065067421016e-48 5.5747245939605275e-46 2.3103097052607658e-39 2.2928084967218815e-35 2.1895875364454274e-31 3.9460064669691872e-28 1.1680779825778383e-26 7.436824196875415e-27
0.09235607451457113 5.047690750079849e-48 5.729117288184589e-46 2.4749980973679546e-39 2.4568921681386107e-35 2.3413723670917404e-31 4.070650225624202e-28 1.1955134371700532e-26 7.610553047468408e-27
0.09450950216026408 5.166052608323384e-48 5.888562860216041e-46 2.6514559666522343e-39 2.6327161532996803e-35 2.5034404773112773e-31 4.197964424456076e-28 1.223583974913003e-26 7.788328880366878e-27
0.09671314037033632 5.2872169818142533e-48 6.0532656362747505e-46 2.8405253316841217e-39 2.821120157912328e-35 2.67646085267257e-31 4.327993990918952e-28 1.252304679904541e-26 7.970217335147413e-27
0.09896815988334524 5.4112519154971226e-48 6.2234399246988965e-46 3.0431084773770195e-39 3.0230039054263444e-35 2.8611428285953443e-31 4.460785804535542e-28 1.2816907725875851e-26 8.156382155675507e-27
0.10127575873546546 5.538227209081578e-48 6.399310572835031e-46 3.260172269091691e-39 3.2393314217727397e-35 3.058238165356733e-31 4.596388868222671e-28 1.311757963933312e-26 8.346837819159219e-27
0.10363716289697593 5.668214468265728e-48 6.581113557980423e-46 3.4927527755699076e-39 3.471135625382523e-35 3.2685431892016025e-31 4.734854415992969e-28 1.3425223078042214e-26 8.541772484959318e-27
0.10605362692358762 5.80128715777597e-48 6.769096614617653e-46 3.7419602228041083e-39 3.7195232441608513e-35 3.4929009966636157e-31 4.876235719881189e-28 1.3739993325209604e-26 8.741201404588971e-27
0.10852643462295801 5.937520656300942e-48 6.963519900333689e-46 4.0089843025342293e-39 3.9856800826222104e-35 3.732203718958193e-31 5.020588433704362e-28 1.406206573773332e-26 8.945294992516747e-27
0.11105689973674641 6.076992313404669e-48 7.164656702987474e-46 4.2950998607567614e-39 4.270876664030137e-35 3.9873948416232545e-31 5.1679703659459575e-28 1.4391611102715385e-26 9.154141041775592e-27
0.11364636663857243 6.219781508504068e-48 7.372794191864779e-46 4.601672993451207e-39 4.576474274133595e-35 4.2594715746479275e-31 5.318441674117404e-28 1.4728803030615654e-26 9.367833398389669e-27
0.11629621104824843 6.365969712004349e-48 7.588234215754676e-46 4.930167578671642e-39 4.903931434967146e-35 4.549487266577804e-31 5.472064799213287e-28 1.5073819541344845e-26 9.58653223588699e-27
