results/limits/GDM_h_phase.dat
# %ECSV 1.0
# ---
# datatype:
# - {name: mx, unit: MeV, datatype: float64}
# - {name: sigma, unit: cm2 MeV4, datatype: float64}
# schema: astropy-2.0
mx sigma
[from data line 3774]
10.954887490001497 329.617415218426
10.995329326240258 334.53037194009676
11.03592046041746 339.5060918666566
11.076661443691963 344.5095350327491
11.117552829257226 349.68339639110644
11.158595172348994 354.91685053339506
11.19978903025275 359.9945832910988
11.241134962311232 365.5341455075438
11.282633529932172 370.7728320996518
11.324285296595743 376.4096502120555
11.366090827862374 381.8300057298816
11.408050691380355 387.67395265639095
11.450165456893476 393.33179146231265
11.492435696248904 399.1734693414847
11.534861983404879 405.17950515167183
11.57744489443843 411.27064724534046
11.620185007553376 417.28270543002
11.663082903087972 423.5222634061837
11.70613916352296 429.73587523396736
11.74935437348942 436.3184835435504
11.792729119776613 442.49145424298075
11.836263991340138 449.228359424108
11.879959579309723 455.89078078523363
11.923816476997425 462.530282095018
11.967835279905616 469.52311835079496
12.01201658573499 476.3376319485855
12.056360994392856 483.5717437649255
12.100869108001085 490.7179105411706
12.145541530904456 498.07666019371544
12.19037886967879 505.39041213719617
12.235381733139114 512.9146162016684
12.280550732348093 520.5414271625874
12.325886480624142 528.3198985832555
12.371389593549917 536.087780121445
12.4170606889806 543.9264514128724
12.46290038705222 552.1543153990775
12.508909310190242 560.4015426353883
12.555088083117822 568.5736989929644
12.601437332864458 577.1875674859887
12.647957688774445 585.6941442694543
12.694649782515322 594.3579798615758
12.741514248086647 603.4074344230015
12.788551721828389 612.1513582634348
12.835762842429752 621.1742351250831
12.883148250937772 630.4963560625085
12.93070859076594 639.8320282631057
12.978444507703124 649.4462785685882
13.026356649922123 659.0661189312827
13.074445667988659 668.5867819519001
13.122712214870129 678.8644077788243
13.171156945944388 688.685996624253
13.219780519008836 698.9092234813006
13.268583594289142 709.3326157259522
13.317566834448389 719.9269394266624
13.36673090459599 730.3751034997008
13.416076472296648 741.5661202028047
13.4656042075796 752.5340648877063
13.515314782947502 763.6878131062595
13.565208873385751 774.918793589629
13.615287156371567 786.2029744458274
13.665550311883107 798.0998813661857
13.715999022408901 810.0184356662611
13.766633972956887 822.1627833354763
13.817455851063908 834.051020439365
13.86846534680497 846.7764750501407
13.91966315280252 859.0026036291919
13.971049964236034 871.8436157104409
14.022626478851349 884.7668964175887
14.07439339697007 898.084828546627
14.126351421499272 911.1910829498987
14.178501257940823 924.8508288296034
14.230843614401145 938.3327934002907
14.283379201600768 952.3791067212372
14.336108732883876 966.8217244349132
14.389032924228198 981.0812853750938
14.442152494254506 995.5434444676649
14.495468164236568 1010.6456403415712
14.548980658110857 1025.538913375599
14.602690702486294 1040.3517224543186
14.656599026654318 1055.9999737509697
14.710706362598554 1071.8640325987517
14.765013445004957 1087.791479073363
14.819521011271704 1103.7957226591836
14.874229801519107 1120.2196283642074
14.929140558599887 1137.0512276437064
14.984254028109003 1153.6260188465144
15.039570958394005 1170.7176477047688
15.09509210056509 1188.1226737899444
15.150818208505212 1206.150469204648
15.206750038880545 1223.7338353551324
15.262888351150492 1242.2276231948103
15.319233907578228 1260.5200897560856
15.375787473240953 1278.9534088170258
15.432549816040183 1298.6288806706186
15.489521706712402 1317.719628817261
15.546703918839272 1337.1573653877922
15.604097228858357 1356.4609924561641
15.661702416073577 1376.8278411672113
15.719520262665684 1397.5345160933912
15.777551553703118 1418.1810414250958
15.8357970771524 1439.355086254378
15.894257623889061 1460.2554572947583
15.952933987708287 1481.9067956979748
16.01182696533559 1504.2841173618558
16.070937356437874 1526.8053626653573
16.130265963634002 1549.5268411863867
16.189813592505956 1572.4835450738462
16.249581051609645 1595.2705558695627
16.309569152485818 1619.3797993937787
16.369778709671284 1642.3597707592544
16.430210540709723 1667.3658035748713
16.49086546616303 1692.0285603963239
16.551744309622325 1718.12222692986
16.61284789771907 1742.9441334963547
16.674177060136504 1768.9496449880446
16.73573262962065 1795.1514103758234
16.797515441991855 1821.6122779439304
16.859526336156044 1848.5376681455034
16.921766154116003 1876.3959445648497
16.984235740983053 1903.9141098194011
17.04693594498824 1932.95059263181
17.109867617494114 1962.3391051687474
17.173031613006174 1991.126992546327
17.236428789184366 2019.9322186112772
17.300060006854935 2050.4925212879675
17.36392613002202 2080.864909727351
17.428028025879264 2111.6495924732135
17.492366564821854 2142.6946583515514
17.55694262045804 2174.255230528019
17.62175706962126 2206.270234497963
17.68681079238193 2239.025788783247
17.75210467205928 2272.0768161672686
17.81763959523362 2305.433434938982
17.883416451758066 2339.629442146897
17.949436134770902 2374.6180360690632
18.015699540707573 2409.8896622184934
18.082207569312757 2445.8974134382092
18.148961123652853 2483.0270193571887
18.21596111012792 2519.564450661413
18.283208438484273 2557.4533458878054
18.3507040218267 2595.175435060881
18.41844877663077 2633.995302340109
18.486443622755512 2672.525480153551
18.554689483455633 2712.7164313440353
18.623187285394305 2752.7374954953307
18.691937958655632 2793.1030877342555
18.760942436757173 2834.9421117570096
18.830201656662865 2876.3265132393817
18.899716558795475 2919.0612926821955
18.969488087049598 2962.488531882011
19.03951718880439 3007.152749180759
19.109804814936293 3051.669677895898
19.18035191983223 3095.795537225757
19.251159461402256 3143.88652722912
19.322228401092826 3190.779895136249
19.393559703899736 3237.608300983253
19.46515433838112 3286.639277134137
19.537013276670855 3334.51519628433
19.60913749449147 3384.589613884785
19.68152797116765 3433.727504282212
19.75418568963943 3485.3601026616643
19.827111636475415 3537.590617360048
19.900306801886455 3589.2812564224228
19.97377217973877 3640.9821663448324
20.047508767567727 3695.984990316699
20.121517566591276 3752.6207708686707
20.1957995817234 3807.0617240434403
20.27035582158806 3864.2189039048276
20.345187298532558 3922.522695788412
20.42029502864158 3979.19259543297
20.495680031750855 4035.8144777178472
20.571343331460884 4098.92493070321
20.64728595515114 4162.59059061023
20.723508933993667 4222.568208348174
20.800013302967383 4285.20054840071
20.87680010087201 4349.355020008237
20.953870370342045 4411.471003445557
21.03122515786123 4475.734876049166
21.10886551377639 4547.679785479682
21.18679249231203 4614.759195921215
21.265007151584502 4681.373429901357
21.343510553616234 4748.473644995443
21.422303764350435 4819.001962333029
21.501387853665417 4891.147082042314
21.580763895389 4966.299930437973
21.660432967313408 5039.810635120493
21.740396151209524 5112.682579118502
21.820654532841925 5188.086466497933
21.901209201983455 5263.402470253729
21.982061252429922 5346.964543284819
22.06321178201524 5425.538426916329
22.144661892625983 5502.735035325162
22.22641269021667 5585.3884188893
22.308465284824624 5666.629313467245
22.390820790584943 5752.2462002110315
22.473480325745918 5837.096796049226
22.55644501268386 5922.951339287196
22.63971597791866 6011.981091045846
22.72329435212896 6100.550366515752
22.80718127016734 6192.575829784441
22.891377871076084 6283.100427430466
22.975885298102252 6375.69835426029
23.060704698713526 6472.362669618389
23.14583722461368 6569.954002225338
23.23128403175804 6661.610393573818
23.31704628036954 6763.217570201046
23.403125134954077 6865.865030954168
23.489521764316667 6968.3529811004
23.576237341577166 7067.709142207617
23.663273044186063 7173.889766886175
23.7506300539408 7279.572734422953
23.83830955700142 7391.460867734152
23.926312743907037 7501.099770581851
24.01464080959184 7610.863526030638
24.10329495340117 7726.04502422015
24.192276379108165 7840.630478978223
24.281586294929678 7956.844936177875
24.37122591354307 8070.02650262632
24.4611964521025 8194.723514967474
24.5514991322553 8313.936601668878
24.64213518015894 8442.081929225358
24.733105826497248 8562.317192709741
24.82441230649748 8686.893036824757
24.916055859946947 8820.57192384329
25.008037731209697 8950.13585458296
25.100359169243763 9075.96684324534
25.193021427617715 9218.625577215198
25.286025764528038 9356.371515688073
25.37937344281606 9497.150090733463
25.473065729984956 9638.735004153112
25.567103898217308 9778.72687771411
25.66148922439197 9927.354631201983
25.756222990101772 10082.176516849504
25.851306481670754 10220.441792072934
25.94674099017149 10371.764086389538
26.042527811442984 10533.02601775485
26.138668246107827 10685.77496001359
26.235163599590244 10845.29582676675
26.332015182133663 11002.512759816002
26.42922430881833 11163.259212315323
26.5267922995795 11331.802854412368
26.624720479225193 11503.171814876438
26.723010177454025 11672.820976625662
26.821662728873626 11848.47091812165
26.92067947301836 12025.316750435284
27.020061754367852 12200.358154038435
27.119810922365126 12382.72573873282
27.21992833143472 12565.252318822719
27.320415341001492 12750.108450685391
27.42127331550863 12938.139820246224
27.522503624436553 13139.666189050253
27.62410764232136 13326.928523914712
27.726086748773316 13521.345216670044
27.82844232849597 13722.451643531256
27.931175771304527 13924.048840162262
28.03428847214509 14127.216207480473
28.137781831113443 14336.512371859728
28.241657253473907 14560.081198342168
28.34591614967879 14783.758449895327
28.450559935387098 14998.526763050013
28.555590031484158 15215.140786267746
28.661007864100743 15442.053643779684
28.76681486463225 15676.715097637649
28.873012469758546 15908.088805726391
28.979602121463028 16151.64324660981
29.086585267052584 16379.21158753702
29.193963359177083 16624.285847250983
29.301737855848927 16876.19324892844
29.409910220463253 17124.203330975855
29.518481921817333 17385.210678794378
29.627454434130932 17628.80675987201
29.73682923706616 17890.6403536151
29.846607815747355 18176.03670915039
29.956791660781697 18430.32352400875
30.067382268278955 18707.410591987104
30.178381139872215 18987.489995723976
30.28978978273811 19270.192385657105
30.40160970961708 19563.97907777744
30.51384243883436 19848.131671851097
30.62648949432008 20131.81115133099
30.739552405630416 20439.70323527833
30.853032707968158 20745.784849358424
30.966931942203374 21032.77722638957
31.08125165489476 21377.52091118634
31.195993398310158 21666.235854433424
31.311158730448046 22017.242595152016
31.426749215058535 22313.880706717646
31.542766421664382 22646.079952460084
31.65921192558277 22998.843849995308
31.776087307946167 23328.1600914268
31.89339415572427 23705.398980944556
32.01113406174533 24018.01697073527
32.12930862471761 24387.464957348326
32.24791944925153 24738.71112522971
32.36696814588096 25121.322466365553
32.4864563310855 25497.35185965661
32.60638562731228 25872.139842447792
32.72675766299776 26250.39577226706
32.84757407259027 26641.05500145992
32.96883649657196 27040.592921630025
33.090546581480915 27434.1449378064
33.21270597993396 27850.626068997917
33.33531635064856 28271.183617841685
33.45837935846585 28702.42324999839
33.58189667437296 29124.839223205687
33.7058699755256 29573.208327670352
33.83030094527123 29978.429366357366
33.955191273171415 30430.276852587813
34.080542655025226 30853.252412271853
34.20635679289205 31329.157655071074
34.33263539511454 31786.12229466129
34.45938017634224 32276.27855192772
34.58659285755435 32747.50752115565
34.71427516608356 33248.74116301975
34.84242883563931 33707.6444019901
34.971055606331106 34250.06796610907
35.10015722469265 34746.79669799238
35.229735443704996 35277.68838143727
35.35979202282083 35764.55869156823
35.49032872798816 36322.765997294715
35.62134733167407 36847.0457539304
35.75284961288932 37393.48717986139
35.884837357211886 37938.521076948826
36.017312356811715 38514.75235007127
36.15027641047488 39083.25781664866
36.28373132362775 39654.81417736693
36.417678908362014 40252.47061306495
36.55212098345874 40866.44484212666
36.687059374413536 41438.41537786748
36.82249591346115 42099.89526361178
36.958432439600095 42685.994648811975
37.09487079861819 43323.6742438576
37.23181284311696 43957.75625193708
37.369260432537395 44610.26085543173
37.50721543318488 45279.07829909041
37.645679718254385 45954.434759897915
37.78465516785641 46684.433670815066
37.92414366904187 47374.69150133753
38.064147115828305 48095.45050071088
38.20466740922533 48761.703829061655
38.34570645726024 49534.01472423135
38.48726617500445 50191.65362691899
38.62934848459886 50968.48298614547
38.77195531528052 51726.36006675853
38.915088603408606 52542.956890561036
39.05875029249044 53266.94246230076
39.202942333208455 54089.62316733677
39.34766668344604 54848.772139729626
39.492925308314696 55652.78774329791
39.63872018018045 56521.70974750563
39.78505327869042 57297.244852682365
39.93192659080018 58169.85993380766
40.07934211080048 59005.574354655015
40.2273018403441 59933.66339584811
40.37580778847358 60757.82907015218
40.52486197164785 61799.87525702373
40.67446641377021 62642.15962228185
40.82462314621552 63618.688562778065
40.975334207857586 64513.785107007134
41.126601645097374 65443.060361079035
41.27842751189015 66442.76114928033
41.43081386977399 67463.41970450582
41.583762787897456 68459.83814359884
41.73727634304748 69407.99536456227
41.89135661967817 70467.24357638309
42.04600570993837 71519.23983358269
42.201225713700744 72663.82135978667
42.35701873858997 73614.58316600788
42.51338690001114 74802.21825563998
42.670332321179046 75830.86845278258
42.827857133146374 76914.41206845571
42.98596347483319 78195.33783004647
43.14465349305576 79270.99138333966
43.303929342555435 80551.21120640756
43.46379318602849 81618.9731499407
43.624247194154826 82977.23986120871
43.785293545628036 84151.48977835727
43.94693442718474 85234.2492634696
44.109172033634 86761.45078958532
44.27200856788775 87878.877220846
44.43544624098998 89181.28896164004
44.59948727214741 90572.78176072422
44.76413388875932 91837.15545671826
44.92938832644756 93263.68810171624
45.09525282908753 94549.48931160771
45.26172964883789 96007.6696074621
45.42882104617183 97563.39508011326
45.59652928990743 98862.47956133592
45.76485665723825 100411.7391966758
45.93380543376486 101825.99490797558
46.10337791352514 103419.50629578429
46.27357639902608 105072.08394657185
46.44440320127478 106500.9478173209
46.61586063980952 108014.84466475634
46.78795104273193 109606.7672682157
46.96067674673787 111325.63257773369
47.13404009714976 112911.0334263059
47.308043447948194 114728.18255405352
47.482689161803606 116288.5263879458
47.65797961010902 117927.55865882653
47.83391717301145 119819.30184799619
48.01050423944494 121551.32396242153
48.18774320716269 123434.60564789026
48.365636482769325 125234.40243669604
48.54418648175424 127049.51229861057
48.72339562852363 129148.93262719178
48.90326635643412 130871.88141751524
49.08380110782545 132615.95032506064
49.265002334053406 134973.0698914134
49.44687249552364 136858.60060544885
49.62941406172485 138899.45915373936
49.81262951126194 141118.48982832502
49.99652133189042 142822.27590270652
50.18109202054937 145323.07312776666
50.36634408339606 147161.0234955627
50.55228003583965 149478.81894931875
50.73890240257507 151586.03850581954
50.92621371761799 153828.62995709028
51.11421652433843 156238.34916050712
51.302913375496004 158599.1539220119
51.49230683327426 160720.36099915655
51.682399469315186 163539.5579673308
51.873193864754846 165711.8887010594
52.064692610257566 168089.24800533673
52.256898306051895 170827.21623443652
52.449813561965556 173263.8226088468
52.643440997460566 175454.96534108464
52.837783241669584 178600.33792147526
53.03284293343072 181040.56315431718
53.22862272132412 183431.84032559986
53.42512526370763 186667.99235404335
53.622353228752544 189235.1581547027
53.8203092944806 191798.80246004817
