results/limits/GDM_h.dat
# %ECSV 1.0
# ---
# datatype:
# - {name: mx, unit: MeV, datatype: float64}
# - {name: sigma, unit: cm2, datatype: float64}
# schema: astropy-2.0
mx sigma
[from data line 1071]
0.0005175386499123683 1.4977325875449059e-30
0.0005194492321384366 1.5143766761832655e-30
0.000521366867604767 1.5312056954635488e-30
0.0005232915823495992 1.5482216995958784e-30
0.0005252234025072966 1.5654267656021396e-30
0.0005271623543087045 1.582822993569345e-30
0.0005291084640815018 1.6004125069057523e-30
0.0005310617582505611 1.6181974525998873e-30
0.000533022263338307 1.6361800014824172e-30
0.0005349900059650756 1.6543623484909433e-30
0.000536965012849478 1.6727467129377575e-30
0.0005389473108087604 1.6913353231759173e-30
0.0005409369267591693 1.7101304414840143e-30
0.0005429338877163178 1.729134381657081e-30
0.0005449382207955507 1.748349463118442e-30
0.0005469499532123157 1.767778031044946e-30
0.0005489691122825291 1.7874224566528824e-30
0.0005509957254229494 1.8072851374871288e-30
0.0005530298201515484 1.8273684977134713e-30
0.0005550714240878846 1.847674988414196e-30
0.000557120564953481 1.868207087886986e-30
0.000559177270572197 1.888967301947074e-30
0.0005612415688706091 1.9099581642328332e-30
0.0005633134878783914 1.9311822365147446e-30
0.0005653930557286905 1.952642109007732e-30
0.0005674803006585152 1.974340400687103e-30
0.000569575251009114 1.9962797596078783e-30
0.0005716779352263616 2.0184628632277278e-30
0.000573788381861148 2.040892418733538e-30
0.0005759066195697597 2.0635711425476305e-30
0.0005780326771142767 2.0865017849191904e-30
0.0005801665833629568 2.109687178555497e-30
0.00058230836729063 2.1331301527029877e-30
0.0005844580579790941 2.1568335680171102e-30
0.0005866156846175032 2.1808003169108943e-30
0.0005887812765027723 2.2050333239076136e-30
0.0005909548630399686 2.2295355459971613e-30
0.0005931364737427131 2.2543099729965194e-30
0.0005953261382335837 2.2793596279142093e-30
0.000597523886244511 2.304687567318718e-30
0.0005997297476171904 2.3302968817111805e-30
0.0006019437523034802 2.3561906959020267e-30
0.0006041659303658116 2.3823721693919406e-30
0.0006063963119775984 2.4088444967570415e-30
0.0006086349274236407 2.4356109080382432e-30
0.0006108818071005444 2.4626746691351356e-30
0.0006131369815171269 2.4900390822040592e-30
0.0006154004812948346 2.5177074860607033e-30
0.0006176723371681601 2.545683256587215e-30
0.0006199525799850538 2.573969736007583e-30
0.0006222412407073505 2.602570426542906e-30
0.0006245383504111837 2.6314888319758898e-30
0.0006268439402874096 2.6607284803168986e-30
0.0006291580416420334 2.69029293873462e-30
0.0006314806858966271 2.7201858139905568e-30
0.0006338119045887655 2.7504107528786068e-30
0.0006361517293724472 2.7809714426692688e-30
0.0006385001920185266 2.8118716115589462e-30
0.0006408573244151485 2.843115029124234e-30
0.0006432231585681736 2.874705506781141e-30
0.0006455977266016224 2.906646898249625e-30
0.0006479810607581039 2.9389431000230674e-30
0.0006503731933992562 2.9715980518431387e-30
0.0006527741570061881 3.004615737179886e-30
0.0006551839841799155 3.0380001837171163e-30
0.0006576027076418076 3.0717554638432695e-30
0.0006600303602340302 3.105885695147683e-30
0.0006624669749199906 3.1403950409223934e-30
0.000664912584784788 3.1752877106695684e-30
0.0006673672230356595 3.2105678538391596e-30
0.0006698309230024324 3.246239855579472e-30
0.0006723037181379771 3.2823080836208444e-30
0.0006747856420186601 3.318776937061601e-30
0.0006772767283448033 3.355650863815249e-30
0.0006797770109411362 3.392934361152051e-30
0.000682286523757259 3.4306319762467435e-30
0.0006848053008681045 3.468748306732322e-30
0.0006873333764743949 3.5072880012598615e-30
0.0006898707849031145 3.546255760064795e-30
0.000692417560607969 3.585656335539252e-30
0.0006949737381698556 3.6254945328109056e-30
0.0006975393522973359 3.66577521032826e-30
0.000700114437827099 3.706503280452294e-30
0.0007026990297244444 3.747683710054952e-30
0.0007052931630837493 3.7893215211240174e-30
0.0007078968731289476 3.831421791374891e-30
0.0007105101952140116 3.873989654869178e-30
0.0007131331648234234 3.9170303026399455e-30
0.0007157658175726674 3.960548919780834e-30
0.0007184081892087055 4.004550765650857e-30
0.0007210603156104659 4.049041305622597e-30
0.0007237222327893327 4.094025964431717e-30
0.0007263939768896271 4.139510226994385e-30
0.0007290755841891085 4.185499639075029e-30
0.0007317670910994585 4.231999807961195e-30
0.0007344685341667792 4.279016403146111e-30
0.0007371799500720914 4.326555157018833e-30
0.0007399013756318252 4.3746218655618835e-30
0.0007426328477983297 4.4232223890569616e-30
0.0007453744036603674 4.472362652798194e-30
0.0007481260804436199 4.522048647813489e-30
0.000750887915511197 4.572286431593953e-30
0.0007536599463641352 4.623082128831178e-30
0.0007564422106419183 4.6744419321631186e-30
0.0007592347461229792 4.726372102927895e-30
0.0007620375907252163 4.778878971926177e-30
0.0007648507825065118 4.831968896439251e-30
0.0007676743596652395 4.885648215796068e-30
0.0007705083605407943 4.93992363582199e-30
0.0007733528236141047 4.994801772230345e-30
0.0007762077875081578 5.050289314107496e-30
0.0007790732909885272 5.1063930247266116e-30
0.0007819493729638912 5.1631197423702596e-30
0.0007848360724865711 5.220476381162524e-30
0.0007877334287530536 5.278469931910016e-30
0.0007906414811045257 5.337107462952434e-30
0.0007935602690274126 5.396396121022623e-30
0.0007964898321539044 5.456343132115938e-30
0.0007994302102625065 5.51695580236971e-30
0.0008023814432785692 5.578241518952037e-30
0.000805343571274835 5.640207750960788e-30
0.0008083166344719836 5.702862050332535e-30
0.000811300673239174 5.766212052761447e-30
0.0008142957280945956 5.8302652354545854e-30
0.0008173018397060176 5.895029617623966e-30
0.0008203190488913404 5.960513104040614e-30
0.0008233473966191533 6.026723673933207e-30
0.0008263869240092852 6.09366939500198e-30
0.0008294376723333671 6.161358424399735e-30
0.0008324996830153912 6.229799009723691e-30
0.0008355729976322724 6.298999490018334e-30
0.0008386576579144166 6.368968296789576e-30
0.0008417537057462819 6.43971395502994e-30
0.0008448611831669504 6.511245084255363e-30
0.0008479801323707016 6.583570399553564e-30
0.0008511105957075766 6.656698712643749e-30
0.0008542526156839649 6.730638932948645e-30
0.0008574062349631721 6.805399801845013e-30
0.0008605714963660027 6.88099066298673e-30
0.0008637484428713452 6.957420737323143e-30
0.0008669371176167454 7.034699335074243e-30
0.0008701375638990053 7.112835869663644e-30
0.0008733498251747606 7.19183985886236e-30
0.0008765739450610748 7.27172092594572e-30
0.0008798099673360348 7.352488800863081e-30
0.0008830579359393353 7.43415332142025e-30
0.0008863178949728883 7.516724434475655e-30
0.000889589888701412 7.600212197149197e-30
0.0008928739615530352 7.684626659315015e-30
0.0008961701581199045 7.769978055328198e-30
0.0008994785231587794 7.856276927530085e-30
0.0009027991015916534 7.943533785509446e-30
0.0009061319385063533 8.031759255328136e-30
0.0009094770791571551 8.120964080812072e-30
0.0009128345689654028 8.211159124856658e-30
0.0009162044535201145 8.302355370746284e-30
0.0009195867785786138 8.394563923489215e-30
0.0009229815900671425 8.487795863772854e-30
0.0009263889340814863 8.582062594603185e-30
0.0009298088568876053 8.677375675247883e-30
0.0009332414049222518 8.773746710450408e-30
0.0009366866247936137 8.871187433543406e-30
0.0009401445632819373 8.969709707873542e-30
0.0009436152673401661 9.069325408400714e-30
0.0009470987840945825 9.170046740681633e-30
0.0009505951608454364 9.271885998254637e-30
0.0009541044450676018 9.374855526814093e-30
0.0009576266844112103 9.478967885115953e-30
0.000961161926702302 9.584235667370967e-30
0.000964710219943479 9.690671782756118e-30
0.0009682716123145463 9.798289186739065e-30
0.0009718461521731797 9.9071009783128e-30
0.000975433888055572 1.001712040158573e-29
0.0009790348686770948 1.0128360674763287e-29
0.0009826491429329649 1.0240835312645927e-29
0.0009862767598989004 1.035455817719718e-29
0.0009899177688317917 1.0469543108027844e-29
0.0009935722191703703 1.0585804098035016e-29
0.0009972401605358768 1.0703355295099961e-29
0.0010009216427327417 1.0822211003805202e-29
0.0010046167157492527 1.0942385687170237e-29
0.0010083254297582394 1.1063893968407002e-29
0.001012047835117753 1.1186750632694721e-29
0.0010157839823717488 1.1310970628974457e-29
0.001019533922250777 1.1436568682208055e-29
0.001023297705672665 1.1563560128943528e-29
0.0010270753837432133 1.1691960707897528e-29
0.0010308670077568882 1.1821786039020656e-29
0.0010346726291975167 1.19530519152038e-29
0.0010384922997389908 1.2085774304193055e-29
0.0010423260712459626 1.2219969350525599e-29
0.0010461739957745514 1.2355653377487365e-29
0.0010500361255730518 1.2492842889092502e-29
0.00105391251308264 1.2631554572084695e-29
0.0010578032109380912 1.277180529796109e-29
0.0010617082719684876 1.291361212501828e-29
0.0010656277491979402 1.305699230042153e-29
0.0010695616958463063 1.3201963262296734e-29
0.0010735101653299166 1.334854264184605e-29
0.0010774732112622943 1.3496747891704845e-29
0.001081450887454887 1.3646596584866e-29
0.0010854432479177963 1.3798107690576423e-29
0.0010894503468605104 1.39512996300018e-29
0.0010934722386926443 1.4106191028154983e-29
0.001097508978024672 1.426280071615132e-29
0.0011015606196686726 1.4421147733489318e-29
0.0011056272186390733 1.458125133035665e-29
0.0011097088301533955 1.4743130969961747e-29
0.0011138055096330086 1.4906806330891541e-29
0.001117917312703876 1.507229730949506e-29
0.0011220442951973154 1.5239624022293998e-29
0.0011261865131507547 1.540880680841989e-29
0.0011303440228084933 1.5579866232078438e-29
0.0011345168806224683 1.5752823085041538e-29
0.0011387051432530165 1.59276983891666e-29
0.001142908867569646 1.610451339894435e-29
0.0011471281106518094 1.6283289604074953e-29
0.001151362929789676 1.6464048261727102e-29
0.0011556133824849155 1.6646810409978015e-29
0.001159879526451471 1.683159953719099e-29
0.0011641614196163475 1.701843809403905e-29
0.001168459120120398 1.7207348779464338e-29
0.0011727726863191106 1.7398354543423127e-29
0.0011771021767834065 1.7591478589661454e-29
0.0011814476503004278 1.778674437852121e-29
0.0011858091658743409 1.7984175629777902e-29
0.0011901867827271342 1.8183796325509732e-29
0.0011945805602994286 1.838563071299901e-29
0.0011989905582512758 1.8589703307665164e-29
0.0012034168364629747 1.879603889603116e-29
0.001207859455035882 1.900466253872255e-29
0.0012123184742932277 1.921559957349996e-29
0.0012167939547809395 1.9428875618325785e-29
0.001221285957268456 1.9644516574464267e-29
0.001225794542749559 1.986254862961691e-29
0.001230319772443198 2.008299826109246e-29
0.0012348617077943228 2.0305892239012264e-29
0.0012394204104747202 2.053125566128403e-29
0.0012439959423838458 2.075911693831544e-29
0.0012485883656496689 2.0989504472864305e-29
0.0012531977426295145 2.1222446229590593e-29
0.0012578241359109093 2.145797048214593e-29
0.0012624676083124364 2.1696105816587345e-29
0.0012671282228845803 2.193688113482825e-29
0.0012718060429105888 2.2180325658128627e-29
0.0012765011319073299 2.242646893062352e-29
0.0012812135536261543 2.2675340822891176e-29
0.0012859433720537655 2.2926971535560813e-29
0.0012906906514130805 2.3181391602960294e-29
0.0012954554561641085 2.3438631896804882e-29
0.0013002378510048223 2.36987236299268e-29
0.0013050379008720382 2.3961698360046563e-29
0.0013098556709423012 2.4227587993586357e-29
0.0013146912266327631 2.4496424789525553e-29
0.0013195446336020753 2.4768241363299807e-29
0.001324415957751278 2.504307069074318e-29
0.0013293052652247003 2.5320946112074694e-29
0.0013342126224108505 2.5601898366413035e-29
0.0013391380959433226 2.588596329999206e-29
0.0013440817527017002 2.6173176302670836e-29
0.0013490436598124626 2.646357219928895e-29
0.001354023884649902 2.6757186199114577e-29
0.0013590224948370304 2.705405390008673e-29
0.0013640395582465031 2.735421129310554e-29
0.0013690751430015388 2.7657694766369795e-29
0.001374129317476843 2.7964541109762986e-29
0.001379202150299543 2.8274787519288546e-29
0.0013842937103501097 2.858847160155338e-29
0.0013894040667633003 2.8905631378302765e-29
0.0013945332889290943 2.9226305291004853e-29
0.0013996814464936349 2.955053220548658e-29
0.0014048486093601797 2.987835141662159e-29
0.0014100348476900424 3.020980265306976e-29
0.0014152402319035505 3.054492608207015e-29
0.001420464832681 3.088376231428743e-29
0.001425708720963614 3.122635240871194e-29
0.0014309719679545113 3.1572736427372077e-29
0.001436254645119665 3.192295371825601e-29
0.0014415568241888785 3.2277050425356415e-29
0.0014468785771567577 3.2635069432781055e-29
0.001452219976283688 3.299705409753966e-29
0.0014575810940968203 3.336304825475766e-29
0.0014629620033910474 3.3733096222947547e-29
0.0014683627772299986 3.410724280933954e-29
0.0014737834889470285 3.448553331527112e-29
0.0014792242121462187 3.4868013541637344e-29
0.0014846850207033684 3.52547297944007e-29
0.0014901659887670033 3.564572889016359e-29
0.001495667190759381 3.604105816180235e-29
0.0015011887013775002 3.644076546416415e-29
0.001506730595594121 3.684489917982806e-29
0.0015122929486587734 3.7253508224929164e-29
0.0015178758360987854 3.766664205504899e-29
0.0015234793337203074 3.8084350671171075e-29
0.0015291035176093388 3.850668395638743e-29
0.0015347484641327692 3.8933687398104325e-29
0.001540414249939404 3.9365418503472684e-29
0.0015461009519610125 3.98019294928427e-29
0.0015518086474133712 4.0243273161796866e-29
0.00155753741379731 4.068950288748505e-29
0.0015632873288997705 4.114067263503102e-29
0.0015690584707948544 4.159683696400902e-29
0.001574850917844888 4.205805103499346e-29
0.0015806647487014859 4.2524370616181655e-29
0.0015865000423066166 4.299585209008979e-29
0.0015923568778936816 4.34725524603247e-29
0.001598235334988581 4.3954529358429574e-29
0.0016041354934107999 4.4441841050807657e-29
0.0016100574332744905 4.4934546445722603e-29
0.0016160012349895588 4.543270510037674e-29
0.0016219669792627625 4.5936377228069467e-29
0.0016279547470987967 4.6445616868256525e-29
0.0016339646198014013 4.696049061454505e-29
0.0016399966789744612 4.748106192133556e-29
0.0016460510065231205 4.8007393671323686e-29
0.0016521276846548855 4.853954943914582e-29
0.001658226795880747 4.9077593498993695e-29
0.0016643484230162995 4.962159083231395e-29
0.001670492649182863 5.017160713559291e-29
0.0016766595578086203 5.072770882822941e-29
0.0016828492326297372 5.128996306049379e-29
0.0016890617576915084 5.185843772157749e-29
0.0016952972173494957 5.24332014477313e-29
0.0017015556962706726 5.301432363049523e-29
0.0017078372794345799 5.36018744250206e-29
0.0017141420521344696 5.419591725618683e-29
0.0017204700999784706 5.479652942612715e-29
0.0017268215088907485 5.540378472701294e-29
0.0017331963651126703 5.601775642281382e-29
0.0017395947552039843 5.663851858286959e-29
0.0017460167660439823 5.726614609074475e-29
0.0017524624848326883 5.790071465318371e-29
0.0017589319990920398 5.854230080916517e-29
0.001765425396667075 5.919098193905733e-29
0.0017719427657271318 5.984683627387672e-29
0.0017784841947670357 6.050994290464844e-29
0.001785049772608307 6.118037895383888e-29
0.0017916395884003643 6.185822196396659e-29
0.001798253731621742 6.254355920999126e-29
0.0018048922920812943 6.323647328906925e-29
0.0018115553599194218 6.393704770553987e-29
0.0018182430256092938 6.464536688089381e-29
0.001824955379958075 6.536151616385242e-29
0.0018316925141081658 6.608558184056062e-29
0.0018384545195384283 6.681765114489202e-29
0.0018452414880654373 6.75578083908081e-29
0.001852053511844723 6.830614279187366e-29
0.0018588906833720224 6.90627478097805e-29
0.0018657530954845412 6.982771454939339e-29
0.001872640841362205 7.060113511554594e-29
0.0018795540145289296 7.138310262402485e-29
0.001886492708853891 7.217370794007012e-29
0.0018934570185527972 7.297304767866299e-29
0.0019004470381891756 7.3781219551621e-29
0.0019074628626756444 7.45983193748005e-29
0.0019145045872752107 7.542444623539939e-29
0.0019215723076025611 7.625969643569498e-29
0.001928666119625358 7.710417385643018e-29
0.0019357861196655504 7.795798007261255e-29
0.0019429324044006708 7.882121777318426e-29
0.0019501050708651553 7.969399077325251e-29
0.0019573042164516587 8.057639976336422e-29
