results/limits/GDM_f_6_phase.dat
# %ECSV 1.0
# ---
# datatype:
# - {name: mx, unit: MeV, datatype: float64}
# - {name: sigma_6, unit: cm2, datatype: float64}
# schema: astropy-2.0
mx sigma_6
3.162277660168379e-07 2.288677145001806e-28
3.2360111549336787e-07 2.5097159265944305e-28
3.311463862505236e-07 2.7521024739545827e-28
3.388675869043115e-07 3.0178985388579526e-28
3.4676881953794695e-07 3.3093649955125524e-28
3.548542818811901e-07 3.628981071718376e-28
3.6312826954049566e-07 3.9794654372120607e-28
3.715951782811629e-07 4.363799328982223e-28
3.8025950636269697e-07 4.785251909545595e-28
3.89125856928623e-07 5.247408074895734e-28
3.9819894045202297e-07 5.754198947385133e-28
4.0748357723809307e-07 6.30993531445538e-28
4.169846999850535e-07 6.919344296285451e-28
4.2670735640476865e-07 7.58760955445305e-28
4.3665671190447213e-07 8.320415385103595e-28
4.4683805233101997e-07 9.123995069209036e-28
4.572567867791303e-07 1.0005183893520458e-27
4.6791845046510194e-07 1.0971477291509527e-27
4.788287076675383e-07 1.203109459955912e-27
4.899933547366384e-07 1.3193048973024927e-27
5.014183231736547e-07 1.4467224048925034e-27
5.131096827821533e-07 1.5864458019777468e-27
5.250736448927506e-07 1.739663582137056e-27
5.373165656630395e-07 1.9076790229244506e-27
5.4984494945446e-07 2.091921271325453e-27
5.626654522879044e-07 2.293957500183797e-27
5.757848853798981e-07 2.515506238828827e-27
5.892102187612295e-07 2.7584519907596515e-27
6.029485849799565e-07 3.0248612633760643e-27
6.17007282890752e-07 3.3170001457106674e-27
6.313937815326057e-07 3.63735358400961e-27
6.461157240969403e-07 3.988646518509036e-27
6.611809319882495e-07 4.373867062159435e-27
6.765974089794179e-07 4.796291917409781e-27
6.923733454639272e-07 5.259514248178615e-27
7.085171228072106e-07 5.7674742431168315e-27
7.250373177994646e-07 6.324492630901386e-27
7.419427072122865e-07 6.93530743321227e-27
7.592422724615558e-07 7.605114265837353e-27
7.769452043790388e-07 8.339610532500969e-27
7.950609080952509e-07 9.145043887837063e-27
8.135990080361694e-07 1.0028265379649711e-26
8.325693530364543e-07 1.0996787724387217e-26
8.519820215718901e-07 1.2058849210564218e-26
8.718473271138315e-07 1.322348377202262e-26
8.921758236084957e-07 1.4500597834857002e-26
9.12978311084014e-07 1.5901054576742677e-26
9.342658413882192e-07 1.7436766333321615e-26
9.560497240602198e-07 1.912079592242883e-26
9.78341532338879e-07 2.0967467758060775e-26
1.0011531093113902e-06 2.2992489690780573e-26
1.0244965742052174e-06 2.521308662513987e-26
1.048384328826741e-06 2.7648147029419085e-26
1.0728290641500308e-06 3.03183835988939e-26
1.0978437670592484e-06 3.324650945109387e-26
1.1234417272482566e-06 3.6457431305735836e-26
1.149636544281106e-06 3.997846135407054e-26
1.1764421348171486e-06 4.3839549569583974e-26
1.2038727400046132e-06 4.8073538471509345e-26
1.2319429330465773e-06 5.271644247347172e-26
1.2606676269433496e-06 5.780775422076447e-26
1.2900620824153782e-06 6.33907805270552e-26
1.3201419160108953e-06 6.951301072444282e-26
1.3509231084026028e-06 7.622652062115136e-26
1.38242201287781e-06 8.358841544693241e-26
1.4146553640265304e-06 9.166131559832314e-26
1.447640286632156e-06 1.0051388927894748e-25
1.4813943047694329e-06 1.102214365958518e-25
1.5159353511145682e-06 1.2086653005032041e-25
1.5512817764724183e-06 1.3253971689493488e-25
1.587452359525819e-06 1.4534028933374059e-25
1.6244663168122348e-06 1.5937712912151202e-25
1.6623433129330315e-06 1.7476963362483968e-25
1.7011034710007933e-06 1.9164873152063575e-25
1.740767383330235e-06 2.101579963314615e-25
1.7813561223783898e-06 2.304548678296601e-25
1.8228912519398869e-06 2.52711991046152e-25
1.8653948386032614e-06 2.771186848166071e-25
1.908889463474389e-06 3.0388255218879737e-25
1.9533982341732686e-06 3.332312461860532e-25
1.9989447971105317e-06 3.6541440625968095e-25
2.045553350050195e-06 4.007057816582591e-25
2.0932486549653353e-06 4.394055598157827e-25
2.1420560511935146e-06 4.8184292005848215e-25
2.192001468898943e-06 5.283788330336085e-25
2.2431114428485372e-06 5.794091315177654e-25
2.2954131265091837e-06 6.353678771588403e-25
2.3489343064737076e-06 6.967310524453733e-25
2.403703417223201e-06 7.64020609475132e-25
2.4597495562335635e-06 8.378089095098513e-25
2.5171024994342686e-06 9.187235914064907e-25
2.575792717027583e-06 1.0074529100541047e-24
2.635851389676631e-06 1.1047515908734937e-24
2.6973104250709106e-06 1.2114472489366682e-24
2.760202474878063e-06 1.3284474288229264e-24
2.8245609520908932e-06 1.4567473234387274e-24
2.8904200487788716e-06 1.5974382395986696e-24
2.9578147542535346e-06 1.7517168796128453e-24
3.026780873657441e-06 1.9208955209542483e-24
3.097355046986562e-06 2.1064131770231383e-24
3.1695747685562034e-06 2.30984783781292e-24
3.2434784069208122e-06 2.5329298916417485e-24
3.319105225258239e-06 2.7775568424618602e-24
3.3964954022292982e-06 3.045809450238578e-24
3.4756900533236943e-06 3.339969428321256e-24
3.5567312527036693e-06 3.6625388505506045e-24
3.6396620555569646e-06 4.0162614356316986e-24
3.7245265209709786e-06 4.404145878313037e-24
3.811369735340273e-06 4.8294914439012814e-24
3.900237836319859e-06 5.295916032552434e-24
3.991178037336996e-06 5.8073869436431904e-24
4.0842386526745176e-06 6.368254624808668e-24
4.179469123139017e-06 6.983289673768643e-24
4.2769200423275275e-06 7.657723412577393e-24
4.376643183506652e-06 8.397292381630316e-24
4.478691527118417e-06 9.208287131163237e-24
4.583119288927478e-06 1.0097605727957249e-23
4.689981948824612e-06 1.1072812416637824e-23
4.799336280301815e-06 1.2142201958412096e-23
4.911240380614659e-06 1.3314870185701013e-23
5.0257537016479225e-06 1.4600791353054086e-23
5.142937081500915e-06 1.6010902974036126e-23
5.262852776809252e-06 1.755719884538406e-23
5.385564495820272e-06 1.925283105273929e-23
5.511137432239651e-06 2.1112221825536387e-23
5.639638299867211e-06 2.315118619333686e-23
5.771135368040315e-06 2.538706650590929e-23
5.905698497903673e-06 2.783887990108395e-23
6.043399179524854e-06 3.052748006380761e-23
6.184310569875183e-06 3.3475734557764467e-23
6.32850753169624e-06 3.670871930542053e-23
6.47606667327258e-06 4.025393186213941e-23
6.627066389131828e-06 4.4141525270944806e-23
6.781586901693754e-06 4.840456442621251e-23
6.939710303890459e-06 5.307930739838921e-23
7.101520602780329e-06 5.820551360306105e-23
7.267103764178904e-06 6.382678211079647e-23
7.436547758330399e-06 6.999092222091886e-23
7.609942606644117e-06 7.67503601450074e-23
7.787380429520604e-06 8.416258487080124e-23
7.968955495292936e-06 9.229063684022578e-23
8.15476427030917e-06 1.0120364424754517e-22
8.344905470182516e-06 1.1097741065196715e-22
8.539480112236516e-06 1.2169505969203365e-22
8.738591569173047e-06 1.3344774190613225e-22
8.942345623991688e-06 1.463354096772156e-22
9.150850526189614e-06 1.6046766724024948e-22
9.364217049271877e-06 1.7596470254298782e-22
9.58255854960264e-06 1.9295830912330727e-22
9.805991026628606e-06 2.1159300693077834e-22
1.0034633184506672e-05 2.320272705703716e-22
1.0268606495168497e-05 2.5443487717912976e-22
1.0508035262855554e-05 2.7900638351895165e-22
1.07530466901589e-05 3.0595074625980104e-22
1.1003770945598772e-05 3.354970983067278e-22
1.1260341232779899e-05 3.6789669647229094e-22
1.1522893861159297e-05 4.034250580338118e-22
1.1791568318464117e-05 4.423843024361925e-22
1.206650734479802e-05 4.851057192586638e-22
1.2347857008475478e-05 5.319525847149504e-22
1.263576678362426e-05 5.833232495371014e-22
1.293038962959737e-05 6.396545242966019e-22
1.3231882072236462e-05 7.014253924599264e-22
1.3540404287030327e-05 7.691610817238108e-22
1.3856120184212054e-05 8.434375267049839e-22
1.4179197495840522e-05 9.248862649583965e-22
1.4509807864912299e-05 1.0141998022847444e-21
1.484812693655133e-05 1.1121374991137168e-21
1.5194334451324849e-05 1.219532019651975e-21
1.5548614340735104e-05 1.3372964146461445e-21
1.5911154824937624e-05 1.4664318690430432e-21
1.6282148512737936e-05 1.6080362139024104e-21
1.6661792503919872e-05 1.763313254314074e-21
1.7050288493959805e-05 1.933582991797758e-21
1.7447842881182494e-05 2.120292840175931e-21
1.785466687641539e-05 2.325029919329308e-21
1.8270976615199758e-05 2.5495345322696204e-21
1.869699327261814e-05 2.7957149493282174e-21
1.91329431807992e-05 3.0656636119964348e-21
1.957905794916243e-05 3.3616749034458024e-21
2.003557458746648e-05 3.686264622186625e-21
2.0502735631726606e-05 4.042191353588819e-21
2.0980789273068064e-05 4.432479879271219e-21
2.1469989489583918e-05 4.860446853047178e-21
2.1970596181267336e-05 5.329728962715899e-21
2.2482875308090033e-05 5.844313780139673e-21
2.3007099031300245e-05 6.4085736097845245e-21
2.354354585801526e-05 7.027302595196663e-21
2.4092500789185385e-05 7.70575736006477e-21
2.4654255471007912e-05 8.449701648168047e-21
2.5229108349871537e-05 9.265455187748619e-21
2.5817364830913554e-05 1.0159947279801806e-20
2.641933744027406e-05 1.1140775548305767e-20
2.7035345991133382e-05 1.22162704098817e-20
2.7665717753620915e-05 1.3395565629249134e-20
2.8310787628685666e-05 1.468867576288049e-20
2.8970898326020842e-05 1.6106581058223346e-20
2.964640054613707e-05 1.7661320405317254e-20
3.033765316668089e-05 1.9366093401016684e-20
3.104502343309761e-05 2.1235372167774016e-20
3.176888715373972e-05 2.3285023707923993e-20
3.25096288995246e-05 2.553244450956182e-20
3.326764220824756e-05 2.7996707674664824e-20
3.4043329793658724e-05 3.0698724203850386e-20
3.483710375941493e-05 3.3661420102497526e-20
3.5649385818020195e-05 3.6909930236382343e-20
3.648060751487119e-05 4.04718107168911e-20
3.73312104575266e-05 4.4377272153242164e-20
3.820164655032238e-05 4.865943467332689e-20
3.90923782344573e-05 5.335460769525766e-20
4.0003878733676586e-05 5.850259713870366e-20
4.093663230568398e-05 6.414704072464124e-20
4.1891134499415887e-05 7.033577676482184e-20
4.2867892418314344e-05 7.71212477883458e-20
4.386742498973848e-05 8.45609424679184e-20
4.489026324065786e-05 9.27178804917181e-20
4.5936950579773975e-05 1.0166114361523501e-19
4.700804308621986e-05 1.11466457720435e-19
4.8104109804991236e-05 1.2221682962631209e-19
4.922573304926602e-05 1.3400324680826442e-19
5.0373508709772956e-05 1.46925440563509e-19
5.154804657137365e-05 1.6109272715350194e-19
5.27499706370262e-05 1.766249239174088e-19
5.397991945930254e-05 1.9365335588439572e-19
5.5238546479635675e-05 2.1232195908754257e-19
5.6526520375476976e-05 2.3278848458386603e-19
5.784452541554797e-05 2.5522582479025127e-19
5.9193261823375433e-05 2.7982345661082697e-19
6.057344614930286e-05 3.067890299526896e-19
6.198581165117595e-05 3.3635010361021343e-19
6.34311086839044e-05 3.6875604523088693e-19
6.491010509810695e-05 4.0428011550514093e-19
6.642358664805138e-05 4.432217437298625e-19
6.797235740910648e-05 4.859090249946101e-19
6.955724020492732e-05 5.327014510220524e-19
7.117907704460117e-05 5.839928999478521e-19
7.283872956998614e-05 6.402149055581153e-19
7.453707951348025e-05 7.018402434805165e-19
7.627502916646401e-05 7.693868405326155e-19
7.805350185866558e-05 8.4342207474717465e-19
7.987344244870308e-05 9.245674524613729e-19
8.173581782606456e-05 1.0135037437286403e-18
8.364161742479263e-05 1.1109765990062242e-18
8.559185374914618e-05 1.2178026796776078e-18
8.758756291151902e-05 1.3348763776270142e-18
8.96298051829007e-05 1.463177147570453e-18
9.17196655561724e-05 1.6037775269559223e-18
9.385825432253677e-05 1.75785191437897e-18
9.604670766138824e-05 1.9266861537282584e-18
9.828618824393714e-05 2.1116879869891586e-18
0.00010057788585090809 2.3143985313078345e-18
0.00010292301800464121 2.536504747001058e-18
0.00010532283061593165 2.7798530879847983e-18
0.00010777859864595113 3.046464427007289e-18
0.00011029162678360347 3.3385503368318316e-18
0.00011286325013867351 3.658530805666296e-18
0.00011549483495113791 4.0090536375965704e-18
0.00011818777931701482 4.39301563782175e-18
0.0001209435139311377 4.8135856017986715e-18
0.00012376350284724815 5.274229532386354e-18
0.00012664924425581149 5.778737993976629e-18
0.00012960227127996844 6.331256097209419e-18
0.00013262415279004548 6.936315843351848e-18
0.00013571649423705693 7.59887178196488e-18
0.0001388809385056415 8.324339586276432e-18
0.00014211916678688624 9.1186378692246e-18
0.00014543289947150178 9.988234184298659e-18
0.0001488238970638237 1.0940194479843769e-17
0.00015229396111712465 1.198223737205166e-17
0.00015584493519073535 1.3122792691971456e-17
0.00015947870582948208 1.43710653572885e-17
0.00016319720356596128 1.5737104713652722e-17
0.00016700240394618395 1.723187974807432e-17
0.00017089632857913436 1.8867360159298204e-17
0.000174881046210801 2.065660543321333e-17
0.00017895867382325032 2.2613860177818225e-17
0.0001831313777593269 2.4754657832566687e-17
0.00018740137487357792 2.7095933012563496e-17
0.00019177093371001327 2.9656142545594535e-17
0.000196242375707327 3.245539751229097e-17
0.00020081807643222024 3.551560275620374e-17
0.00020550046684148122 3.886061204504371e-17
0.0002102920345734925 4.2516391808493536e-17
0.0002151953252698519 4.651119697413984e-17
0.00022021294392780895 5.087576493950785e-17
0.00022534755628423554 5.564351715893636e-17
0.0002306018902318662 6.085078502539637e-17
0.00023597873726856003 6.653703781417059e-17
0.0002414809539803547 7.27451453268058e-17
0.0002471114635590999 7.952164257206705e-17
0.00025287325735547713 8.691702433065215e-17
0.00025876939646823026 9.49860490533862e-17
0.00026480301337045197 1.0378807366817405e-16
0.000270977313573789 1.133874037825915e-16
0.00027729557733145163 1.2385366446274683e-16
0.00028376116138093086 1.3526219816888517e-16
0.0002903775007273506 1.476944821930315e-16
0.00029714811046840066 1.6123857180067354e-16
0.00030407658766182135 1.7598956925458953e-16
0.00031116661323643183 1.9205010334568767e-16
0.0003184219539477161 2.0953086327771829e-16
0.00032584646437900766 2.2855112010120605e-16
0.00033344408898933415 2.4923929190799836e-16
0.0003412188642090111 2.7173353966489626e-16
0.0003491749205840977 2.961823585084572e-16
0.0003573164849708539 3.2274520786009133e-16
0.0003656478827813646 3.5159315162287866e-16
0.0003741735402815245 3.8290952479439906e-16
0.0003828979869426037 4.16890597386666e-16
0.000391825857847644 4.537462386589299e-16
0.000400961896153964 4.937006103033157e-16
0.0004103109556130814 5.369928782772202e-16
0.0004198780031493915 5.838777788611414e-16
0.00042966812149897106 6.346264192529492e-16
0.000439686511909911 6.895268362011797e-16
0.0004499384969056106 7.488845505317647e-16
0.00046042952311250296 8.130232385283975e-16
0.0004711651641537129 8.822851968575556e-16
0.00048215112361018567 9.57031756416949e-16
0.0004933932380508582 1.0376437754068492e-15
0.0005048974801334842 1.1245217786258876e-15
0.0005166699617777604 1.2180862764941104e-15
0.0005287169374124361 1.3187777744177707e-15
0.0005410448072981404 1.4270567252430308e-15
0.0005536601209276797 1.5434033683095918e-15
0.0005665695805056229 1.6683172374771427e-15
0.0005797800445090163 1.802316750037366e-15
0.0005932985313311235 1.9459383580163403e-15
0.000607132223010125 2.0997356205914024e-15
0.0006212884690447563 2.2642780271303723e-15
0.0006357747902989163 2.44014948151529e-15
0.0006505988829973161 2.627946648505025e-15
0.0006657686228142928 2.8282770516123e-15
0.0006812920690579615 3.04175664553177e-15
0.0006971774689519261 3.2690075026832614e-15
0.0007134332620168255 3.5106547414163882e-15
0.0007300680845540431 3.7673235427479985e-15
0.0007470907742339592 4.039635663018076e-15
0.0007645103747911887 4.328206175280826e-15
0.0007823361408292924 4.63363862258537e-15
0.00080057754273752 4.956521887188765e-15
0.0008192442717221943 5.2974250777699674e-15
0.0008383462449554094 5.656892998887818e-15
0.0008578936108437789 6.035441734626837e-15
0.0008778967544200344 6.433553445626323e-15
0.000898366302860337 6.851671482416589e-15
0.0009193131311302326 7.290195389905978e-15
0.0009407483677622533 7.749476630219191e-15
0.000962683400768232 8.229812858494693e-15
0.000985129883689471 8.731443321634577e-15
0.0010080997417879817 9.254545337230493e-15
0.0010316051783820807 9.799228556930384e-15
0.0010556586813297128 1.0365532170197994e-14
0.0010802730296629402 1.095342356920029e-14
0.001105461300377127 1.1562789858818901e-14
0.0011312368753784248 1.2193440814064491e-14
0.0011576134485932472 1.2845105625627891e-14
0.0011846050332435167 1.3517429380702548e-14
