results/limits/GDM_f_9.dat
# %ECSV 1.0
# ---
# datatype:
# - {name: mx, unit: MeV, datatype: float64}
# - {name: sigma_9, unit: cm2, datatype: float64}
# schema: astropy-2.0
mx sigma_9
[from data line 359]
0.0012404909310584848 3.279612443762647e-41
0.0012694149350204683 3.2048857939543024e-41
0.0012990133477864558 3.1318617925587443e-41
0.0013293018942621524 3.060501645615423e-41
0.001360296666004259 2.990767443002455e-41
0.001392014129769518 2.92262213830429e-41
0.0014244711362630968 2.8560295291377756e-41
0.0014576849290909482 2.7909542379260484e-41
0.0014916731539209149 2.727361693110147e-41
0.0015264538678574353 2.6652181107883764e-41
0.0015620455490348386 2.604490476773744e-41
0.0015984671064343198 2.545146529059866e-41
0.0016357378899298156 2.4871547406862e-41
0.0016738777005681136 2.430484302993359e-41
0.0017129068010886602 2.3751051092597707e-41
0.0017528459266886532 2.3209877387109357e-41
0.00179371629603914 2.2681034408928463e-41
0.0018355396225579732 2.2164241204012284e-41
0.0018783381259456144 2.1659223219586053e-41
0.0019221345439899109 2.1165712158311662e-41
0.001966952144646121 2.0683445835778027e-41
0.0020128147383986056 2.021216804123665e-41
0.002059746690910748 1.9751628401509267e-41
0.0021077729359698315 1.930158224799496e-41
0.0021569189887337423 1.8861790486706577e-41
0.002207210959286545 1.843201947126698e-41
0.0022586755665101248 1.801204087879836e-41
0.0023113401522792685 1.7601631588638148e-41
0.0023652326959877285 1.7200573563817902e-41
0.0024203818294129824 1.6808653735241644e-41
0.0024768168519275916 1.642566388850226e-41
0.002534567746065232 1.605140055327664e-41
0.0025936651934496745 1.568566489523963e-41
0.0026541405910951734 1.532826261044055e-41
0.0027160260680869266 1.497900382208569e-41
0.0027793545026504624 1.4637702979672003e-41
0.002844159539619031 1.4304178760418595e-41
0.0029104756083082714 1.3978253972943584e-41
0.0029783379408076585 1.3659755463135336e-41
0.0030477825906984404 1.3348514022168058e-41
0.0031188464522080173 1.3044364296612679e-41
0.0031915672798109355 1.274714470059572e-41
0.0032659837082868936 1.2456697329959306e-41
0.003342135273246469 1.2172867878376517e-41
0.0034200624321353945 1.1895505555378077e-41
0.0034998065857286074 1.1624463006246288e-41
0.0035814101001254554 1.1359596233734202e-41
0.003664916329257761 1.1100764521567907e-41
0.0037503696379226933 1.0847830359691812e-41
0.0038378154253526898 1.0600659371217017e-41
0.003927300149334948 1.0359120241033864e-41
0.004018871350893299 1.0123084646051001e-41
0.00411257767954558 9.892427187023803e-42
0.004208468919149921 9.667025321935799e-42
0.004306596014353682 9.446759300898098e-42
0.004407011097659079 9.231512102531746e-42
0.004509767517119906 9.021169371799774e-42
0.004614919864684026 8.815619359255411e-42
0.004722524005196735 8.614752861674537e-42
0.004832637106080367 8.418463164040736e-42
0.004945317667705937 8.226645982852144e-42
0.005060625554472947 8.039199410719895e-42
0.005178622026613854 7.85602386222893e-42
0.005299369772740128 7.677022021032255e-42
0.005422932943147155 7.502098788150531e-42
0.0055493771838957115 7.331161231449721e-42
0.00567876967168809 7.164118536269805e-42
0.005811179149557424 7.00088195717828e-42
0.0059466759633891655 6.841364770823034e-42
0.006085332099294114 6.685482229859378e-42
0.006227221221852859 6.533151517926792e-42
0.006372418713251954 6.384291705651545e-42
0.006521001713332612 6.238823707651716e-42
0.006673049160573193 6.096670240521863e-42
0.006828641834027273 5.957755781774948e-42
0.006987862396239558 5.8220065297198e-42
0.00715079543716245 5.6893503642527135e-42
0.007317527519096606 5.559716808542383e-42
0.007488147222679345 5.433036991587869e-42
0.007662745193945353 5.3092436116296034e-42
0.007841414192484688 5.188270900394139e-42
0.008024249140723652 5.0700545881535226e-42
0.008211347174354735 4.954531869580763e-42
0.008402807693942412 4.8416413703833115e-42
0.008598732417732204 4.731323114696769e-42
0.008799225435691074 4.623518493221543e-42
0.009004393264807849 4.518170232085439e-42
0.009214344905683071 4.415222362415818e-42
0.009429191900438323 4.314620190604943e-42
0.009649048391975805 4.216310269252878e-42
0.009874031184619632 4.1202403687724565e-42
0.010104259806171096 4.026359449641203e-42
0.01033985657141083 3.9346176352854754e-42
0.010580946647081629 3.844966185582526e-42
0.010827658118386449 3.7573574709661834e-42
0.011080122057036918 3.671744947122667e-42
0.011338472590888495 3.5880831302628746e-42
0.01160284697519928 3.5063275729580984e-42
0.01187338566555036 3.4264348405263773e-42
0.012150232392466372 3.348362487956815e-42
0.012433534237775993 3.2720690373597314e-42
0.01272344171275288 3.197513955930585e-42
0.013020108838078586 3.124657634416005e-42
0.013323693225669961 3.0534613660704655e-42
0.013634356162414448 2.983887326092437e-42
0.013952262695857842 2.915898551529094e-42
0.014277581721889965 2.8494589216388778e-42
0.014610486074474885 2.7845331387015126e-42
0.014951152617473332 2.721086709265284e-42
0.015299762338606094 2.6590859258215595e-42
0.015656500445608335 2.5984978488968927e-42
0.016021556464625875 2.5392902895531575e-42
0.016395124340905766 2.481431792286395e-42
0.016777402541834602 2.4248916183153315e-42
0.017168594162379338 2.3696397292506905e-42
0.01756890703298664 2.315646771136555e-42
0.017978553829998065 2.262884058855383e-42
0.01839775218863974 2.211323560888347e-42
0.01882672481864659 2.1609378844229286e-42
0.01926569962258253 2.1117002607998065e-42
0.019714909816919448 2.0635845312913644e-42
0.020174594055939365 2.0165651332042365e-42
0.02064499655852557 1.9706170862985098e-42
0.021126367237910063 1.9257159795163512e-42
0.021618961834446313 1.881837958013053e-42
0.02212304205147776 1.8389597104835383e-42
0.022638875694374342 1.7970584567776985e-42
0.0231667368128109 1.7561119357978418e-42
0.02370690584636297 1.7160983936719735e-42
0.024259669773497434 1.6769965721964778e-42
0.024825322264037063 1.6387856975422163e-42
0.025404163835180054 1.60144546921789e-42
0.025996502011157406 1.5649560492849118e-42
0.026602651486612925 1.5292980518180105e-42
0.027222934293792744 1.4944525326059836e-42
0.027857679973633073 1.460400979087114e-42
0.02850722575083718 1.4271253005139056e-42
0.02917191671303455 1.3946078183419363e-42
0.029852105994117403 1.3628312568376814e-42
0.030548154961852016 1.3317787339003646e-42
0.031260433409864494 1.30143375209291e-42
0.031989319754103004 1.2717801898772735e-42
0.0327352012338808 1.2428022930494727e-42
0.03349847411760691 1.2144846663697773e-42
0.034279543913313774 1.1868122653835961e-42
0.03507882558409363 1.1597703884287436e-42
0.03589674376855814 1.1333446688248113e-42
0.03673373300643846 1.1075210672405103e-42
0.037590237969445384 1.0822858642349211e-42
0.038466713697512506 1.0576256529687059e-42
0.03936362584054766 1.033527332081384e-42
0.04028145090582124 1.0099780987309064e-42
0.04122067651112274 9.869654417918282e-43
0.04218180164382002 9.644771352084548e-43
0.043165336925959 9.42501231499448e-43
0.044171804885544536 9.210260554104247e-43
0.04520174023414663 9.000401977111855e-43
0.046255690150979495 8.795325091342758e-43
0.047334214573604344 8.594920944516514e-43
0.048437886495410414 8.399083066863263e-43
0.04956729227003216 8.207707414558889e-43
0.05072303192286451 8.02069231444915e-43
0.051905719469841495 7.837938410033287e-43
0.05311598324364777 7.659348608678345e-43
0.05435446622753626 7.484828030036289e-43
0.05562182639692926 7.314283955636433e-43
0.056918737068984544 7.147625779626408e-43
0.058245887260312136 6.984764960635536e-43
0.05960398205303182 6.825614974734973e-43
0.06099374296936585 6.6700912694697394e-43
0.06241590835496589 6.518111218938033e-43
0.06387123377117784 6.3695940798941975e-43
0.06536049239645289 6.224460948851796e-43
0.06688447543711816 6.0826347201641686e-43
0.06844399254772507 5.944040045060102e-43
0.0700398722611988 5.808603291612908e-43
0.0716729624290174 5.6762525056215904e-43
0.07334413067165428 5.546917372383366e-43
0.07505426483952363 5.420529179337203e-43
0.07680427348467332 5.2970207795585535e-43
0.07859508634347626 5.176326556085829e-43
0.08042765483057629 5.058382387059772e-43
0.08230295254435131 4.943125611657056e-43
0.08422197578416211 4.830494996800164e-43
0.08618574407966152 4.720430704625786e-43
0.08819530073244539 4.6128742606944055e-43
0.09025171337033296 4.5077685229243035e-43
0.09235607451457113 4.405057651233387e-43
0.09450950216026408 4.304687077872723e-43
0.09671314037033632 4.206603478436038e-43
0.09896815988334524 4.1107547435298076e-43
0.10127575873546546 4.017089951088787e-43
0.10363716289697593 3.925559339322412e-43
0.10605362692358762 3.8361142802775696e-43
0.10852643462295801 3.74870725400378e-43
0.11105689973674641 3.6632918233070115e-43
0.11364636663857243 3.579822609078759e-43
0.11629621104824843 3.498255266187237e-43
0.1190078407626656 3.4185464599179204e-43
0.12178269640372161 3.3406538429508596e-43
0.12462225218368743 3.2645360328626184e-43
0.1275280166884199 3.1901525901408123e-43
0.13050153367883624 3.1174639966995766e-43
0.1335443829110759 3.046431634884614e-43
0.13665818097578622 2.977017766956556e-43
0.13984458215697693 2.909185515041863e-43
0.14310527931090045 2.842898841540519e-43
0.14644200476542463 2.7781225299801172e-43
0.14985653124037576 2.7148221663062524e-43
0.15335067278934078 2.652964120599173e-43
0.1569262857634292 2.5925155292070225e-43
0.1605852697975066 2.5334442772862177e-43
0.16432956881942368 2.4757189817396033e-43
0.16816117208277714 2.419308974543399e-43
0.172082115223751 2.364184286454039e-43
0.1760944813425998 2.3103156310862465e-43
0.1802004021103484 2.257674389353902e-43
0.18440205890129596 2.20623259426544e-43
0.18870168395192646 2.15596291606566e-43
0.1931015615468407 2.1068386477161137e-43
0.1976040292323402 2.0588336907063202e-43
0.20221147905830805 2.0119225411882552e-43
0.20692635884904578 1.966080276426809e-43
0.21175117350374192 1.921282541558929e-43
0.2166884863272632 1.8775055366545074e-43
0.22174092039197504 1.8347260040720436e-43
0.22691115993131514 1.7929212161024493e-43
0.23220195176586036 1.752068962894374e-43
0.2376161067626448 1.7121475406546558e-43
0.24315650132850383 1.6731357401176368e-43
0.24882607893823822 1.6350128352771997e-43
0.25462785169840935 1.5977585723755585e-43
0.2605649019475973 1.561353159142939e-43
0.26664038389397104 1.5257772542824188e-43
0.27285752529104135 1.4910119571943949e-43
0.2792196291524867 1.4570387979351485e-43
0.2857300755069626 1.4238397274042265e-43
0.2923923231938275 1.3913971077553968e-43
0.2992099117007387 1.3596937030260983e-43
0.3061864630440946 1.3287126699803982e-43
0.31332568369332287 1.2984375491605967e-43
0.32063136654003577 1.2688522561427285e-43
0.3281073929131 1.2399410729912963e-43
0.3357577346406907 1.2116886399087304e-43
0.343586456160426 1.1840799470751003e-43
0.3515977166787018 1.1571003266737697e-43
0.359795772380376 1.1307354450987495e-43
0.368184978689974 1.1049712953396063e-43
0.3767697925856183 1.079794189539883e-43
0.38555477496691104 1.0551907517250797e-43
0.394544593078027 1.0311479106963299e-43
0.4037440229873054 1.0076528930859894e-43
0.4131579521246571 9.846932165714707e-44
0.42279138187813525 9.622566832436853e-44
0.43264943025104924 9.40331373126603e-44
0.4427373345810337 9.189056378444549e-44
0.4530604543225162 8.979680944332483e-44
0.4636242738940635 8.775076192932673e-44
0.47443440559211736 8.575133422793952e-44
0.48549659257266914 8.379746409260576e-44
0.4968167119024568 8.188811348037806e-44
0.5084007776813051 8.002226800043206e-44
0.5202549442372687 7.819893637514577e-44
0.5323855093962742 7.641714991345801e-44
0.5447989178279997 7.46759619962272e-44
0.557501764469769 7.297444757331553e-44
0.5705007980302781 7.131170267213296e-44
0.5838029245750183 6.968684391737882e-44
0.5974152111952977 6.809900806172629e-44
0.6113448897628128 6.654735152720077e-44
0.6255993607717623 6.503104995700698e-44
0.6401861972705483 6.354929777756923e-44
0.6551131488851486 6.210130777054989e-44
0.6703881459363026 6.068631065461964e-44
0.686019303652694 5.930355467675737e-44
0.7020149264823721 5.795230521286239e-44
0.7183835125046995 5.663184437746662e-44
0.7351337579451718 5.534147064234018e-44
0.7522745617955077 5.408049846378598e-44
0.7698150305414633 5.284825791842836e-44
0.7877644830008832 5.164409434729845e-44
0.8061324552745581 5.046736800803039e-44
0.8249287058125218 4.931745373498207e-44
0.8441632205984669 4.819374060710001e-44
0.8638462184550629 4.709563162335194e-44
0.8839881564729563 4.602254338555506e-44
0.9045997355663667 4.497390578843087e-44
0.9256919061582187 4.394916171672264e-44
0.9472758739978306 4.294776674921325e-44
0.9693631061142522 4.1969188869488176e-44
0.9919653369084147 4.101290818328811e-44
1.0150945743873274 4.007841664230198e-44
1.0387631065436362 3.916521777425336e-44
1.0629835078839296 3.8272826419137144e-44
1.0877686461092637 3.7400768471465946e-44
1.1131316889514546 3.6548580628389604e-44
1.1390861111687691 3.571581014355368e-44
1.16564570170473 3.4902014586566827e-44
1.1928245710138414 3.4106761607947957e-44
1.2206371585581264 3.332962870943018e-44
1.2490982404784545 3.2570203019497443e-44
1.2782229374447416 3.182808107403646e-44
1.3080267226891875 3.1102868601985864e-44
1.3385254302268237 3.039418031587002e-44
1.369735263267732 2.9701639707105136e-44
1.4016728028254128 2.902487884596959e-44
1.4343550165258654 2.836353818613195e-44
1.4677992676220706 2.771726637363298e-44
1.5020233242186567 2.7085720060219714e-44
1.5370453687116559 2.6468563720933323e-44
1.5728840074483612 2.5865469475852747e-44
1.6095582806124205 2.527611691590028e-44
1.6470876723394143 2.4700192932616263e-44
1.6854921210682972 2.4137391551811964e-44
1.7247920301341966 2.358741377101353e-44
1.7650082786082029 2.3049967400608843e-44
1.8061622323899016 2.2524766908614755e-44
1.848275755558551 2.2011533268980804e-44
1.8913712219889245 2.150999381334971e-44
1.935471527238 2.1019882086195337e-44
1.9806001007088037 2.0540937703261401e-44
2.0267809180978715 2.0072906213225866e-44
2.0740385141329463 1.9615538962517088e-44
2.1223979956076717 1.9168592963210493e-44
2.171885054720213 1.873183076393494e-44
2.222525982722885 1.8305020323720808e-44
2.274347683890048 1.7887934888722124e-44
2.327377689811681 1.7480352871748232e-44
2.3816441740202396 1.7082057734539546e-44
2.437175966958554 1.6692837872726487e-44
2.4940025712967335 1.631248650340911e-44
2.552154177606206 1.5940801555298504e-44
2.611661680399223 1.5577585561361302e-44
2.6725566945423505 1.5222645553910333e-44
2.7348715720526675 1.4875792962085668e-44
2.7986394192855935 1.453684351167156e-44
2.863894114523477 1.4205617127196122e-44
2.9306703259742912 1.3881937836261596e-44
2.999003530189995 1.3565633676054692e-44
3.068930030914351 1.3256536601986936e-44
3.1404869783702067 1.295448239841669e-44
3.21371238899649 1.2659310591405485e-44
3.2886451656454048 1.2370864363462159e-44
3.3653251182505572 1.2088990470229637e-44
3.443792984976987 1.1813539159069934e-44
3.5240904538643507 1.1544364089504293e-44
3.6062601849747473 1.1281322255466123e-44
3.6903458330569543 1.1024273909325395e-44
3.77639207073912 1.0773082487644171e-44
3.8644446122622242 1.0527614538623836e-44
3.9545502377669295 1.0287739651205446e-44
4.046756818146711 1.0053330385785548e-44
4.141113340480481 9.824262206510663e-45
4.237669934058216 9.600413415114495e-45
4.336477897013409 9.381665086262613e-45
4.437589723576497 9.167901004370357e-45
4.541059131963759 8.95900760186039e-45
4.646941092916466 8.754873898827037e-45
4.755291858905486 8.555391444075411e-45
4.866168994016832 8.360454257503942e-45
4.979631404534034 8.16995877379982e-45
5.0957393702336 7.983803787417244e-45
5.214554576410165 7.801890398809464e-45
5.336140146648369 7.624121961885858e-45
5.4605606763588606 7.450404032666259e-45
5.587882267096237 7.280644319105232e-45
5.718172561677172 7.114752632059531e-45
5.851500780117376 6.952640837372899e-45
5.987937756406471 6.79422280905252e-45
6.127555976140354 6.639414383512431e-45
6.270429615030991 6.488133314859467e-45
6.416634578314149 6.340299231198071e-45
6.566248541075969 6.195833591930678e-45
6.719350989519823 6.054659646031046e-45
6.87602326319537 5.916702391268309e-45
7.036348598212252 5.78188853436017e-45
7.200412171461376 5.650146452033981e-45
