results/limits/GDM_l.dat
# %ECSV 1.0
# ---
# datatype:
# - {name: mx, unit: MeV, datatype: float64}
# - {name: sigma_10, unit: cm2, datatype: float64}
# - {name: sigma_9, unit: cm2, datatype: float64}
# - {name: sigma_7, unit: cm2, datatype: float64}
# - {name: sigma_6, unit: cm2, datatype: float64}
# - {name: sigma_5, unit: cm2, datatype: float64}
# - {name: sigma_4, unit: cm2, datatype: float64}
# - {name: sigma_3, unit: cm2, datatype: float64}
# - {name: sigma_2, unit: cm2, datatype: float64}
# schema: astropy-2.0
mx sigma_10 sigma_9 sigma_7 sigma_6 sigma_5 sigma_4 sigma_3 sigma_2
3.162277660168379e-07 6.449085697733466e-45 1.0185982948594818e-44 2.544807756352574e-43 2.174909260691003e-41 2.1744673494910615e-39 2.2369229943383123e-37 9.812813042682026e-36 1.2893639167200976e-35
3.2360111549336787e-07 6.325377237009047e-45 1.001190291513812e-44 2.585044466156958e-43 2.225496997525974e-41 2.2252631340041205e-39 2.292958354284326e-37 1.02467845273913e-35 1.365684534528032e-35
3.311463862505236e-07 6.204126109110963e-45 9.841128910744842e-45 2.626661173236467e-43 2.2772672708498377e-41 2.2772496975799054e-39 2.350542398993173e-37 1.0704802002719191e-35 1.4470966642917315e-35
3.388675869043115e-07 6.085282557522833e-45 9.673596829889588e-45 2.6696889603286146e-43 2.330247591903522e-41 2.3304552190286614e-39 2.409725843979017e-37 1.1188382699700789e-35 1.5339561256873533e-35
3.4676881953794695e-07 5.968797847890449e-45 9.509243854110417e-45 2.7141593070363447e-43 2.3844661156449124e-41 2.3849085607030953e-39 2.4705614449392803e-37 1.169914642470895e-35 1.626644010297861e-35
3.548542818811901e-07 5.854624246799475e-45 9.348008426009795e-45 2.7601040783880108e-43 2.4399516557372766e-41 2.440639286101281e-39 2.533104095271323e-37 1.2238822782400785e-35 1.7255684861949727e-35
3.6312826954049566e-07 5.74271500099763e-45 9.189830223793852e-45 2.807555514792109e-43 2.496733699891476e-41 2.4976776779828075e-39 2.597410928820739e-37 1.2809258917761353e-35 1.831166731607395e-35
3.715951782811629e-07 5.633024317051997e-45 9.034650136339166e-45 2.8565462236878026e-43 2.5548424255702777e-41 2.556054757016844e-39 2.66354142816516e-37 1.3412427814577424e-35 1.943907006912061e-35
3.8025950636269697e-07 5.525507341432291e-45 8.882410238776097e-45 2.907109173194893e-43 2.6143087160632704e-41 2.6158023009807686e-39 2.7315575387565327e-37 1.4050437190341917e-35 2.0642908748499106e-35
3.89125856928623e-07 5.420120141011047e-45 8.733053768577991e-45 2.959277688064946e-43 2.675164176941048e-41 2.6769528645293916e-39 2.801523789264483e-37 1.4725539030431834e-35 2.1928555795756483e-35
3.9819894045202297e-07 5.316819683972015e-45 8.586525102145959e-45 3.013085448227826e-43 2.737441152897617e-41 2.7395397995554995e-39 2.873507418485337e-37 1.5440139807452507e-35 2.330176595910155e-35
4.0748357723809307e-07 5.215563821118107e-45 8.442769731879096e-45 3.0685664902151896e-43 2.801172744990084e-41 2.8035972761633253e-39 2.9475785092037065e-37 1.619681143490392e-35 2.4768703609773567e-35
4.169846999850535e-07 5.116311267570497e-45 8.301734243720047e-45 3.125755211724133e-43 2.8663928282851197e-41 2.8691603042776937e-39 3.023810129418585e-37 1.6998303007825314e-35 2.633597201282335e-35
4.2670735640476865e-07 5.019021584850628e-45 8.163366295166347e-45 3.1846863795597982e-43 2.933136069921686e-41 2.936264755912298e-39 3.1022784813714447e-37 1.784755338680627e-35 2.801064469216792e-35
4.3665671190447213e-07 4.9236551633370385e-45 8.027614593737884e-45 3.245395141166013e-43 3.0014379476000134e-41 3.0049473881219625e-39 3.1830630588420038e-37 1.87477046857775e-35 2.9800299039860186e-35
4.4683805233101997e-07 4.8301732050891516e-45 7.894428875891145e-45 3.307917039917527e-43 3.071334768506779e-41 3.07524586666474e-39 3.2662468132068064e-37 1.9702116728275866e-35 3.171305233017823e-35
4.572567867791303e-07 4.738537707030251e-45 7.763759886371349e-45 3.37228803430713e-43 3.1428636886869354e-41 3.1471987904008325e-39 3.3519163287877544e-37 2.0714382541483842e-35 3.375760031072555e-35
4.6791845046510194e-07 4.648711444482144e-45 7.635559357993154e-45 3.4385445211158926e-43 3.216062732872884e-41 3.22084571645656e-39 3.440162008051339e-37 2.1788344962267895e-35 3.594325855492646e-35
4.788287076675383e-07 4.56065795504399e-45 7.509779991841586e-45 3.5067233626061873e-43 3.2909708147816544e-41 3.2962271861830466e-39 3.5310782672558117e-37 2.292811443472416e-35 3.8280006773672255e-35
4.899933547366384e-07 4.4743415228082117e-45 7.386375437884371e-45 3.576861917725628e-43 3.3676277578914913e-41 3.3733847519405125e-39 3.6247637431822434e-37 2.4138088084383706e-35 4.077853629786511e-35
5.014183231736547e-07 4.389727162906233e-45 7.265300275987414e-45 3.648998077256799e-43 3.446074316709184e-41 3.452361004740643e-39 3.721321511626466e-37 2.542297016030017e-35 4.3450300958880313e-35
5.131096827821533e-07 4.3067806063771944e-45 7.146509997325289e-45 3.723170302793585e-43 3.526352198539844e-41 3.53319960278091e-39 3.820859318373631e-37 2.6787793942721754e-35 4.6307571610225925e-35
5.250736448927506e-07 4.225468285352843e-45 7.029960986178576e-45 3.7994176693717596e-43 3.608504085771326e-41 3.6159453009063284e-39 3.923489823424175e-37 2.8237945221015437e-35 4.936349455085888e-35
5.373165656630395e-07 4.1457573185518976e-45 6.915610502110394e-45 3.877779911530043e-43 3.69257365868538e-41 3.700643981036026e-39 4.029330859290418e-37 2.977918745395856e-35 5.263215412973617e-35
5.4984494945446e-07 4.0676154970773977e-45 6.803416662514335e-45 3.9582974725296534e-43 3.7786056188084913e-41 3.787342683593389e-39 4.138505704237643e-37 3.1417688732491904e-35 5.612863983073697e-35
5.626654522879044e-07 3.991011270510735e-45 6.69333842552639e-45 4.041011556416996e-43 3.866645712815155e-41 3.8760896399808075e-39 4.251143371400951e-37 3.316005067361449e-35 5.986911815857239e-35
5.757848853798981e-07 3.91591373329594e-45 6.585335573293418e-45 4.125964182576086e-43 3.956740756997011e-41 3.9669343061418207e-39 4.367378914771566e-37 3.5013339383229965e-35 6.387090966970457e-35
5.892102187612295e-07 3.842292611408377e-45 6.479368695591162e-45 4.21319824238663e-43 4.048938662311547e-41 4.0599273972554113e-39 4.4873537531120104e-37 3.6985118635634984e-35 6.815257151628139e-35
6.029485849799565e-07 3.7701182493016315e-45 6.375399173784643e-45 4.302757557580405e-43 4.1432884600242336e-41 4.15512092360964e-39 4.611216012931402e-37 3.908348542783533e-35 7.273398589775296e-35
6.17007282890752e-07 3.699361597126871e-45 6.273389165124088e-45 4.394686939873898e-43 4.239840327958622e-41 4.252568227704041e-39 4.7391208917276265e-37 4.131710807819162e-35 7.763645484336287e-35
6.313937815326057e-07 3.629994198218946e-45 6.173301587369863e-45 4.489032251449794e-43 4.338645617369056e-41 4.3523240226321566e-39 4.8712310427844434e-37 4.369526705100648e-35 8.28828017783377e-35
6.461157240969403e-07 3.5619881768435216e-45 6.075100103739496e-45 4.58584046586313e-43 4.43975688045119e-41 4.454444431799143e-39 5.007716982899339e-37 4.622789870160062e-35 8.849748035955493e-35
6.611809319882495e-07 3.4953162261999393e-45 5.97874910817082e-45 4.685159728961114e-43 4.5432278985058437e-41 4.5589870300306655e-39 5.1487575245106835e-37 4.892564215041363e-35 9.450669110147296e-35
6.765974089794179e-07 3.429951596674207e-45 5.88421371089456e-45 4.787039419426818e-43 4.649113710772068e-41 4.6660108861335845e-39 5.294540233793555e-37 5.17998895094498e-35 1.0093850634911778e-34
6.923733454639272e-07 3.365868084337087e-45 5.791459724310516e-45 4.891530208587166e-43 4.757470643945805e-41 4.775576606970673e-39 5.445261916399744e-37 5.486283970052142e-35 1.0782300419656012e-34
7.085171228072106e-07 3.303040019681939e-45 5.700453649161153e-45 4.998684119162486e-43 4.868356342401058e-41 4.887746383115503e-39 5.6011291326339265e-37 5.812755612170081e-35 1.151924119908049e-34
7.250373177994646e-07 3.2414422565974354e-45 5.611162660996925e-45 5.108554582678818e-43 4.981829799130569e-41 5.002584036156482e-39 5.762358743979323e-37 6.160802843691311e-35 1.2308126010748452e-34
7.419427072122865e-07 3.181050161570098e-45 5.5235545969274283e-45 5.221196495312303e-43 5.097951387423926e-41 5.1201550677228945e-39 5.929178493019408e-37 6.531923878313961e-35 1.3152654673329756e-34
7.592422724615558e-07 3.121839603111931e-45 5.437597942652942e-45 5.336666271987555e-43 5.216782893301143e-41 5.240526710308984e-39 6.1018276189438854e-37 6.927723271089235e-35 1.405679144441958e-34
7.769452043790388e-07 3.063786941408341e-45 5.3532618197707424e-45 5.455021898605951e-43 5.338387548720377e-41 5.363767979976289e-39 6.280557510977098e-37 7.349919519616567e-35 1.502478394219998e-34
7.950609080952509e-07 3.006869018181769e-45 5.2705159733510265e-45 5.576322982335018e-43 5.462830065579007e-41 5.48994973101845e-39 6.465632402232571e-37 7.800353208632695e-35 1.6061183421606034e-34
8.135990080361694e-07 2.951063146766498e-45 5.189330759777039e-45 5.700630799943789e-43 5.590176670527697e-41 5.619144712676916e-39 6.657330106668938e-37 8.280995736835659e-35 1.717086650185479e-34
8.325693530364543e-07 2.8963471023901817e-45 5.1096771348444833e-45 5.8280083442213855e-43 5.720495140617673e-41 5.751427628000224e-39 6.855942802011901e-37 8.793958667571543e-35 1.8359058449253493e-34
8.519820215718901e-07 2.8426991126578073e-45 5.031526642115123e-45 5.95852036856385e-43 5.853854839802027e-41 5.886875194944996e-39 7.061777861706332e-37 9.341503747986523e-35 1.9631358126674776e-34
8.718473271138315e-07 2.790097848233774e-45 4.954851401519699e-45 6.092233429858117e-43 5.990326756312209e-41 6.025566209820879e-39 7.275158739178175e-37 9.926053644454958e-35 2.099376472898202e-34
8.921758236084957e-07 2.738522413718014e-45 4.879624098205626e-45 6.2292159298300885e-43 6.12998354093205e-41 6.167581613187486e-39 7.496425907917468e-37 1.0550203445508757e-34 2.2452706432222634e-34
9.12978311084014e-07 2.6879523387120076e-45 4.805817971624532e-45 6.3695381550553525e-43 6.27289954619137e-41 6.313004558317066e-39 7.725937861140802e-37 1.1216732987171312e-34 2.4015071093573846e-34
9.342658413882192e-07 2.638367569070774e-45 4.733406804855403e-45 6.51327231585643e-43 6.419150866502593e-41 6.461920482341776e-39 7.964072175058035e-37 1.1928620059531409e-34 2.56882391491582e-34
9.560497240602198e-07 2.589748458336889e-45 4.662364914158723e-45 6.6604925843286035e-43 6.568815379264156e-41 6.614417180211386e-39 8.2112266400535e-37 1.26890545576102e-34 2.748011886652764e-34
9.78341532338879e-07 2.542075759352775e-45 4.5926671387574977e-45 6.81127513174784e-43 6.72197278695539e-41 6.770584881593193e-39 8.467820464398495e-37 1.3501453644089376e-34 2.93991841209409e-34
1.0011531093113902e-06 2.4953306160474368e-45 4.5242888308407976e-45 6.965698165619313e-43 6.878704660247621e-41 6.9305163308533e-39 8.734295555439602e-37 1.4369477996314484e-34 3.1454514875600493e-34
1.0244965742052174e-06 2.4494945553940972e-45 4.457205845785884e-45 7.123841966623976e-43 7.039094482157848e-41 7.094306870265001e-39 9.011117883561695e-37 1.5297049215172804e-34 3.365584055996943e-34
1.048384328826741e-06 2.4045494795350595e-45 4.3913945325948226e-45 7.285788925713936e-43 7.203227693271422e-41 7.262054526598014e-39 9.298778934602667e-37 1.6288368479006087e-34 3.6013586553257e-34
1.0728290641500308e-06 2.3604776580703324e-45 4.326831724541805e-45 7.451623581596498e-43 7.371191738061243e-41 7.433860101250724e-39 9.597797256803021e-37 1.734793653167858e-34 3.8538923995436856e-34
1.0978437670592484e-06 2.3172617205066166e-45 4.2634947300273465e-45 7.621432658831659e-43 7.543076112331577e-41 7.609827264095031e-39 9.908720108810807e-37 1.8480575100294714e-34 4.124382316405213e-34
1.1234417272482566e-06 2.2748846488632224e-45 4.201361323635721e-45 7.795305106749693e-43 7.718972411815839e-41 7.790062651213408e-39 1.0232125215731262e-36 1.9691449844926297e-34 4.414111067172807e-34
1.149636544281106e-06 2.233329770431711e-45 4.140409737392012e-45 7.973332139376267e-43 7.898974381957784e-41 7.974675966716851e-39 1.0568622640711656e-36 2.098609494999969e-34 4.724453075956547e-34
1.1764421348171486e-06 2.1925807506859835e-45 4.080618652215372e-45 8.155607276530463e-43 8.083177968907558e-41 8.163780088842113e-39 1.0918856780094857e-36 2.237043947489773e-34 5.05688109771344e-34
1.2038727400046132e-06 2.1526215863397033e-45 4.0219671895650263e-45 8.34222638624061e-43 8.271681371763407e-41 8.357491180537221e-39 1.1283508490753011e-36 2.3850835589703723e-34 5.4129732564309575e-34
1.2319429330465773e-06 2.1134365985479606e-45 3.9644349032758496e-45 8.533287728600956e-43 8.464585096092997e-41 8.555928804755939e-39 1.166329735883505e-36 2.5434088831057163e-34 5.794420587220225e-34
1.2606676269433496e-06 2.0750104262501464e-45 3.908001771580202e-45 8.728892001172671e-43 8.661992008766596e-41 8.759216044692669e-39 1.2058984119832782e-36 2.712749052277799e-34 6.203035118280444e-34
1.2900620824153782e-06 2.0373280196511013e-45 3.85264818931302e-45 8.929142386013502e-43 8.864007394137941e-41 8.967479629202452e-39 1.2471373240584283e-36 2.8938852516179195e-34 6.640758531596628e-34
1.3201419160108953e-06 2.0003746338376447e-45 3.79835496029713e-45 9.134144598403873e-43 9.070739011607888e-41 9.180850063663273e-39 1.2901315674607338e-36 3.0876544416272923e-34 7.109671443370337e-34
1.3509231084026028e-06 1.964135822527653e-45 3.7451032899058806e-45 9.344006937322158e-43 9.282297154608038e-41 9.39946176655159e-39 1.3349711802979353e-36 3.2949533471686027e-34 7.612003348982636e-34
1.38242201287781e-06 1.9285974319489016e-45 3.692874777800239e-45 9.558840337709341e-43 9.498794711042211e-41 9.62345321201756e-39 1.3817514573873632e-36 3.516742731918162e-34 8.150143280005191e-34
1.4146553640265304e-06 1.8937455948449792e-45 3.64165141083771e-45 9.778758424552853e-43 9.720347225225096e-41 9.852967078760336e-39 1.4305732854806491e-36 3.754051978700366e-34 8.726651223884605e-34
1.447640286632156e-06 1.8595667246056145e-45 3.5914155561503716e-45 1.0003877568811174e-42 9.947072961358245e-41 1.0088150405521202e-38 1.4815435012684928e-36 4.0079839976171176e-34 9.34427036139096e-34
1.4813943047694329e-06 1.8260475095188063e-45 3.5421499543894554e-45 1.023431694519464e-42 1.0179092968585692e-40 1.0329154753529513e-38 1.5347752737831835e-36 4.279720485433956e-34 1.0005940179924893e-33
1.5159353511145682e-06 1.7931749071422228e-45 3.4938377131341474e-45 1.0470198591813377e-42 1.0416531147671616e-40 1.0576136376252924e-38 1.5903885129353504e-36 4.570527561373807e-34 1.071481052591608e-33
1.5512817764724183e-06 1.760936138791374e-45 3.446462300462077e-45 1.0711647471701344e-42 1.0659514319345047e-40 1.0829256396825863e-38 1.6485103060475264e-36 4.881761806269389e-34 1.1474256662813314e-33
1.587452359525819e-06 1.7293186841421266e-45 3.400007538679321e-45 1.0958791536223073e-42 1.090817229435734e-40 1.1088680993546251e-38 1.7092753843832914e-36 5.214876733948858e-34 1.2287895407379357e-33
1.6244663168122348e-06 1.6983102759451762e-45 3.354457598207744e-45 1.1211761790371286e-42 1.1162637945299868e-40 1.1354581593856032e-38 1.7728266218164885e-36 5.571429725804253e-34 1.3159602421085252e-33
1.6623433129330315e-06 1.6678988948501075e-45 3.3097969916274456e-45 1.1470692359962902e-42 1.1423047280230746e-40 1.1627135077241067e-38 1.8393155679413308e-36 5.9530894617038165e-34 1.4093530739398845e-33
1.7011034710007933e-06 1.6380727643368275e-45 3.26601056787249e-45 1.1735720560743945e-42 1.1689539518162157e-40 1.1906523987510485e-38 1.9089030180926803e-36 6.3616438827775854e-34 1.509413062749651e-33
1.740767383330235e-06 1.6088203457520458e-45 3.223083506577819e-45 1.2006986969415422e-42 1.1962257166458715e-40 1.2192936754942133e-38 1.9817596229254195e-36 6.799008724167189e-34 1.6166170857747487e-33
1.7813561223783898e-06 1.5801303334486887e-45 3.1810013125756456e-45 1.2284635496594984e-42 1.2241346100203515e-40 1.2486567928806253e-38 2.058066540395459e-36 7.267236658531243e-34 1.7314761510174275e-33
1.8228912519398869e-06 1.5519916500260335e-45 3.139749810539456e-45 1.2568813461732116e-42 1.2526955643585449e-40 1.2787618420808483e-38 2.138016133192809e-36 7.768527094042433e-34 1.854537840505826e-33
1.8653948386032614e-06 1.524393441668539e-45 3.099315139774089e-45 1.2859671669997774e-42 1.281923865336784e-40 1.3096295760023646e-38 2.2218127148987292e-36 8.305236673729078e-34 1.9863889285268533e-33
1.908889463474389e-06 1.4973250735812282e-45 3.0596837491502234e-45 1.3157364491171662e-42 1.3118351604496366e-40 1.3412814359923236e-38 2.309673348378687e-36 8.87989052637221e-34 2.1276581872313614e-33
