results/limits/GDM_l.dat
# %ECSV 1.0
# ---
# datatype:
# - {name: mx, unit: MeV, datatype: float64}
# - {name: sigma_10, unit: cm2, datatype: float64}
# - {name: sigma_9, unit: cm2, datatype: float64}
# - {name: sigma_7, unit: cm2, datatype: float64}
# - {name: sigma_6, unit: cm2, datatype: float64}
# - {name: sigma_5, unit: cm2, datatype: float64}
# - {name: sigma_4, unit: cm2, datatype: float64}
# - {name: sigma_3, unit: cm2, datatype: float64}
# - {name: sigma_2, unit: cm2, datatype: float64}
# schema: astropy-2.0
mx sigma_10 sigma_9 sigma_7 sigma_6 sigma_5 sigma_4 sigma_3 sigma_2
3.162277660168379e-07 5.9931777049984995e-49 8.07232036512994e-49 2.0184067942541927e-47 1.7250072143558998e-45 1.7236936815625973e-43 1.7335734254096537e-41 5.761727924353144e-40 5.943642927668869e-40
3.2360111549336787e-07 5.85900780187501e-49 7.934893145157596e-49 2.0503204108862925e-47 1.7651296410554078e-45 1.763916559560811e-43 1.77544132615181e-41 5.97139978974391e-40 6.2487778814871284e-40
3.311463862505236e-07 5.7279466598849376e-49 7.800039153097055e-49 2.0833285674079094e-47 1.8061899188422322e-45 1.8050795868032997e-43 1.8183803497702356e-41 6.1911861782329695e-40 6.573164512147929e-40
3.388675869043115e-07 5.5999243750273046e-49 7.667708704944887e-49 2.1174559169317623e-47 1.8482098631723032e-45 1.8472048353460343e-43 1.8624214684134976e-41 6.421682874657292e-40 6.9181163107029614e-40
3.4676881953794695e-07 5.4748726394121506e-49 7.537853625022783e-49 2.152727427338252e-47 1.8912117997294524e-45 1.890314901806437e-43 1.9075967397129367e-41 6.663524362781836e-40 7.285037645314201e-40
3.548542818811901e-07 5.35272470380709e-49 7.410427115311853e-49 2.1891683722013752e-47 1.935218576291295e-45 1.9344329202278676e-43 1.953939353319794e-41 6.917386463605335e-40 7.675430070344094e-40
3.6312826954049566e-07 5.2334153409461154e-49 7.28538363673053e-49 2.2268043228210705e-47 1.9802535748739617e-45 1.979582575286408e-43 2.0014836797960113e-41 7.183989159713609e-40 8.090899076209327e-40
3.715951782811629e-07 5.116880809578359e-49 7.16267880236606e-49 2.2656611416004814e-47 2.0263407241629366e-45 2.025788115845829e-43 2.0502653219366043e-41 7.46409961941403e-40 8.533161314018276e-40
3.8025950636269697e-07 5.003058819234976e-49 7.042269282455974e-49 2.305764977009008e-47 2.0735045122355517e-45 2.0730743688739676e-43 2.1003211686852544e-41 7.758535435033656e-40 9.004052333665688e-40
3.89125856928623e-07 4.891888495692586e-49 6.924112720734176e-49 2.3471422603703866e-47 2.121769999583198e-45 2.1214667537324384e-43 2.151689451771515e-41 8.06816809077262e-40 9.50553487965081e-40
3.9819894045202297e-07 4.7833103471124605e-49 6.808167661595185e-49 2.3898197047097127e-47 2.1711628324388892e-45 2.1709912968500278e-43 2.2044098052327427e-41 8.393926676698082e-40 1.0039707794342238e-39
4.0748357723809307e-07 4.6772662308346475e-49 6.694393487402931e-49 2.433824305881653e-47 2.2217092564185903e-45 2.2216746467922255e-43 2.2585233279778638e-41 8.736801866468493e-40 1.0608815583684522e-39
4.169846999850535e-07 4.573699320807212e-49 6.582750365169825e-49 2.4791833461897983e-47 2.2734361304823994e-45 2.273544089740649e-43 2.3140726495532737e-41 9.097850177927025e-40 1.1215258705037507e-39
4.2670735640476865e-07 4.472554075630517e-49 6.4731992017621046e-49 2.525924400685615e-47 2.326370941224002e-45 2.3266275653926048e-43 2.37110199932596e-41 9.47819853638283e-40 1.186160463838554e-39
4.3665671190447213e-07 4.373776207197962e-49 6.365701606745177e-49 2.574075346313408e-47 2.3805418174956547e-45 2.3809536832989984e-43 2.429657279228537e-41 9.879049162407405e-40 1.2550599804622895e-39
4.4683805233101997e-07 4.2773126499142005e-49 6.2602198619674065e-49 2.623664374038595e-47 2.4359775453765326e-45 2.4365517396490428e-43 2.489786140301537e-41 1.0301684807189717e-39 1.3285182389225189e-39
4.572567867791303e-07 4.1831115304730386e-49 6.156716896986926e-49 2.674720004065338e-47 2.492707583492671e-45 2.4934517345221047e-43 2.5515380632443824e-41 1.074747435977002e-39 1.4068496129575484e-39
4.6791845046510194e-07 4.091122138177826e-49 6.055156269475374e-49 2.7272711042131183e-47 2.5507620786962527e-45 2.5516843896178644e-43 2.6149644431901165e-41 1.1217878852371796e-39 1.490390511299693e-39
4.788287076675383e-07 4.001294895787367e-49 5.9555021497757795e-49 2.7813469114841265e-47 2.6101718821138632e-45 2.6112811664828753e-43 2.680118678974347e-41 1.171445789211397e-39 1.5795009632565366e-39
4.899933547366384e-07 3.913581330871904e-49 5.857719308850212e-49 2.8369770568116154e-47 2.6709685655706093e-45 2.672274285249634e-43 2.7470562671096964e-41 1.223887654849412e-39 1.6745663141946933e-39
5.014183231736547e-07 3.8279340476637864e-49 5.761773108921e-49 2.894191592938018e-47 2.733184438400701e-45 2.734696743905633e-43 2.815834900796028e-41 1.279291272863878e-39 1.7759990354107753e-39
5.131096827821533e-07 3.744306699388886e-49 5.667629496182272e-49 2.95302102532791e-47 2.7968525646522965e-45 2.798582338109759e-43 2.886514574200525e-41 1.3378465075390274e-39 1.88424065408868e-39
5.250736448927506e-07 3.662653961065376e-49 5.575254995036904e-49 3.013496345979432e-47 2.862006780696734e-45 2.8639656815757662e-43 2.9591576923587474e-41 1.3997561423705886e-39 1.9997638110161585e-39
5.373165656630395e-07 3.582931502758114e-49 5.484616703391145e-49 3.075649069956197e-47 2.928681713250981e-45 2.9308822270423217e-43 3.0338291870115286e-41 1.465236785572413e-39 2.123074456796807e-39
5.4984494945446e-07 3.505095963277373e-49 5.395682288614959e-49 3.139511274424657e-47 2.9969127978240465e-45 2.9993682878491796e-43 3.11059663870488e-41 1.534519839647229e-39 2.2547142003515225e-39
5.626654522879044e-07 3.429104924312359e-49 5.3084199838484295e-49 3.2051156399462125e-47 3.0667362975959857e-45 3.069461060141871e-43 3.1895304055530054e-41 1.6078525395579695e-39 2.3952628272037732e-39
5.757848853798981e-07 3.3549168849913996e-49 5.2227985844003024e-49 3.2724954937438644e-47 3.138189322741192e-45 3.1411986457268557e-43 3.270703759043457e-41 1.6854990643583916e-39 2.545341006838886e-39
5.892102187612295e-07 3.2824912368618722e-49 5.138787444045268e-49 3.3416848546391536e-47 3.2113098502052597e-45 3.2146200755999083e-43 3.3541930272945797e-41 1.767741727488994e-39 2.705613208970012e-39
6.029485849799565e-07 3.211788239284772e-49 5.0563564710793636e-49 3.412718479335768e-47 3.2861367439471385e-45 3.289765334172778e-43 3.440077746232958e-41 1.8548822512675447e-39 2.8767908465680907e-39
6.17007282890752e-07 3.1427689952407333e-49 4.975476124037918e-49 3.4856319097153686e-47 3.362709775656768e-45 3.366675384222893e-43 3.5284408191207555e-41 1.9472431315154776e-39 3.0596356591738104e-39
6.313937815326057e-07 3.0753954275459476e-49 4.8961174070185916e-49 3.560461520806612e-47 3.441069645960379e-45 3.4453921925927652e-43 3.6193686850094377e-41 2.045169098589188e-39 3.25496334507416e-39
6.461157240969403e-07 3.009630255478477e-49 4.8182518645834786e-49 3.6372445690907946e-47 3.52125800612379e-45 3.525958756666654e-43 3.7129514965425567e-41 2.1490286816266053e-39 3.463647446675497e-39
6.611809319882495e-07 2.94543697181825e-49 4.741851576237828e-49 3.7160192408183374e-47 3.6033174802671955e-45 3.608419131653757e-43 3.809283307812382e-41 2.2592158832035943e-39 3.6866234921243404e-39
6.765974089794179e-07 2.8827798203053628e-49 4.666889150502022e-49 3.7968247000267657e-47 3.6872916881019274e-45 3.692818458707603e-43 3.908462272752485e-41 2.376151972125253e-39 3.9248934023749345e-39
6.923733454639272e-07 2.821623773524789e-49 4.5933377186060504e-49 3.8797011359747456e-47 3.7732252682030225e-45 3.77920299391358e-43 4.010590854795008e-41 2.5002874028222138e-39 4.1795301823003605e-39
7.085171228072106e-07 2.7619345112276282e-49 4.521170927845509e-49 3.964689809736974e-47 3.8611639018292706e-45 3.867620138177425e-43 4.115776048446787e-41 2.6321038703382886e-39 4.451682928488453e-39
7.250373177994646e-07 2.7036783991019112e-49 4.45036293464203e-49 4.05183309973793e-47 3.951154337304711e-45 3.958118468049896e-43 4.224129613523532e-41 2.772116510601987e-39 4.742582202801803e-39
7.419427072122865e-07 2.646822468009089e-49 4.38088839735437e-49 4.141174546041972e-47 4.043244414974262e-45 4.05074776752292e-43 4.335768322826818e-41 2.920876256466802e-39 5.053545822833633e-39
7.592422724615558e-07 2.5913343937050292e-49 4.312722468885875e-49 4.2327588932582066e-47 4.137483092747789e-45 4.145559060835342e-43 4.450814224096577e-41 3.0789723606439756e-39 5.3859851180818024e-39
7.769452043790388e-07 2.5371824770673693e-49 4.245840789132192e-49 4.3266321319622835e-47 4.2339204722463816e-45 4.242604646328617e-43 4.569394917128329e-41 3.24703509736925e-39 5.741411680709873e-39
7.950609080952509e-07 2.484335624854588e-49 4.1802194773110674e-49 4.422841538579836e-47 4.3326078255653344e-45 4.341938131392955e-43 4.691643846999974e-41 3.425738655616108e-39 6.121444616195021e-39
8.135990080361694e-07 2.43276333102467e-49 4.115835124211525e-49 4.521435713719901e-47 4.43359762266867e-45 4.443614468548035e-43 4.81770061442133e-41 3.6158042370903444e-39 6.527818283578877e-39
8.325693530364543e-07 2.3824356586448224e-49 4.052664784396723e-49 4.622464618987929e-47 4.5369435594304996e-45 4.547689992703783e-43 4.94771130429005e-41 3.8180033737839227e-39 6.962390516927108e-39
8.519820215718901e-07 2.3333232224263433e-49 3.990685968390502e-49 4.72597961234562e-47 4.6427005863384386e-45 4.654222459648713e-43 5.081828833598268e-41 4.0331614806491094e-39 7.427151355481957e-39
8.718473271138315e-07 2.285397171921876e-49 3.929876634873213e-49 4.832033482119843e-47 4.750924937875488e-45 4.763271085816126e-43 5.220213319923562e-41 4.2621616603350974e-39 7.924232354912586e-39
8.921758236084957e-07 2.2386291754246096e-49 3.870215182909892e-49 4.940680479793169e-47 4.861674162596523e-45 4.87489658938012e-43 5.363032471823041e-41 4.5059487782983774e-39 8.455916597466904e-39
9.12978311084014e-07 2.1929914046117545e-49 3.811680444229213e-49 5.051976351733222e-47 4.9750071539160675e-45 4.989161232737557e-43 5.510462002528162e-41 4.76553382819664e-39 9.024649522778765e-39
9.342658413882192e-07 2.148456519976155e-49 3.754251675569419e-49 5.165978370038624e-47 5.090984181624684e-45 5.106128866432448e-43 5.662686068441835e-41 5.041998607831804e-39 9.63305065131941e-39
9.560497240602198e-07 2.1049976570918254e-49 3.697908551104323e-49 5.282745362693446e-47 5.209666924151875e-45 5.225864974583492e-43 5.819897734039912e-41 5.336500728400007e-39 1.028392619905434e-38
9.78341532338879e-07 2.0625884137601163e-49 3.642631154960418e-49 5.402337743231204e-47 5.331118501593053e-45 5.34843672187916e-43 5.982299464885634e-41 5.650278980342857e-39 1.0980282518776426e-38
1.0011531093113902e-06 2.0212028380832915e-49 3.588399973833859e-49 5.524817540113367e-47 5.455403509519977e-45 5.4739130022055255e-43 6.150103650588824e-41 5.984659080628027e-39 1.1725340335442451e-38
1.0244965742052174e-06 1.980815417512289e-49 3.5351958897143964e-49 5.6502484260263535e-47 5.5825880535926486e-45 5.602364488978201e-43 6.323533159666441e-41 6.341059830120686e-39 1.2522549851690982e-38
1.048384328826741e-06 1.941401068913824e-49 3.4830001727221185e-49 5.778695747296618e-47 5.712739784993383e-45 5.733863687250435e-43 6.502821928397354e-41 6.720999709349397e-39 1.3375606943103596e-38
1.0728290641500308e-06 1.9029351296999387e-49 3.431794474061337e-49 5.910226553613077e-47 5.845927936702355e-45 5.868484987675226e-43 6.688215585910743e-41 7.126103945847366e-39 1.4288470704176134e-38
1.0978437670592484e-06 1.8653933500596046e-49 3.3815608190951008e-49 6.044909628235495e-47 5.982223360635447e-45 6.006304722402499e-43 6.879972117903188e-41 7.558112086857797e-39 1.5265382489477211e-38
1.1234417272482566e-06 1.8287518863275093e-49 3.332281600543114e-49 6.182815518853248e-47 6.121698565665664e-45 6.14740122299535e-43 7.078362571545486e-41 8.01888611307075e-39 1.6310886382688937e-38
1.149636544281106e-06 1.792987295519579e-49 3.2839395718045366e-49 6.324016569242052e-47 6.264427756549738e-45 6.291854880456024e-43 7.283671804318369e-41 8.510419130941265e-39 1.7429850905455416e-38
1.1764421348171486e-06 1.7580765310572414e-49 3.2365178404076096e-49 6.468586951850954e-47 6.410486873782306e-45 6.439748207453804e-43 7.496199279715601e-41 9.034844685408997e-39 1.862749195017235e-38
1.2038727400046132e-06 1.7239969396943863e-49 3.189999861586323e-49 6.616602701433181e-47 6.559953634400279e-45 6.59116590285478e-43 7.716259912955414e-41 9.594446738037701e-39 1.9909397242885493e-38
1.2319429330465773e-06 1.69072625965083e-49 3.1443694319851606e-49 6.768141749819439e-47 6.712907573761284e-45 6.7461949186562716e-43 7.944184970066606e-41 1.0191670359042778e-38 2.1281552851636128e-38
1.2606676269433496e-06 1.658242619944936e-49 3.0996106834916396e-49 6.92328396191554e-47 6.869430088320365e-45 6.9049245294346115e-43 8.180323023952417e-41 1.0829133184045804e-38 2.2750372040818754e-38
1.2900620824153782e-06 1.6265245409054289e-49 3.0557080771965248e-49 7.082111172990425e-47 7.02960447942862e-45 7.067446404421674e-43 8.425040971292436e-41 1.1509637692125215e-38 2.432272623998325e-38
1.3201419160108953e-06 1.5955509358285233e-49 3.0126463974816846e-49 7.244707227309229e-47 7.193515998181964e-45 7.233854682329063e-43 8.678725114411734e-41 1.2236184358395672e-38 2.6005977761862653e-38
1.3509231084026028e-06 1.5653011137317737e-49 2.970410746234815e-49 7.4111580181526e-47 7.361251891341671e-45 7.404246049047918e-43 8.941782312551043e-41 1.30119857471315e-38 2.7808014364466406e-38
1.38242201287781e-06 1.5357547831400149e-49 2.9289865371902594e-49 7.581551529254378e-47 7.532901448359459e-45 7.57871981835615e-43 9.214641207283378e-41 1.3840481612676044e-38 2.973728645777194e-38
1.4146553640265304e-06 1.5068920568223514e-49 2.888359490395322e-49 7.755977877681123e-47 7.708556049529033e-45 7.757378015774092e-43 9.497753527165857e-41 1.472535508203154e-38 3.18028477135496e-38
1.447640286632156e-06 1.4786934573824288e-49 2.8485156268011984e-49 7.934529358169983e-47 7.888309215296501e-45 7.94032546571454e-43 9.79159547707585e-41 1.5670549995690348e-38 3.401439889398701e-38
1.4813943047694329e-06 1.4511399235871623e-49 2.8094412629773364e-49 8.117300488938322e-47 8.072256656756851e-45 8.127669882084107e-43 1.0096669218075708e-40 1.6680289486839023e-38 3.638233409951205e-38
1.5159353511145682e-06 1.4242128173028659e-49 2.7711230059485254e-49 8.304388058972731e-47 8.260496327367444e-45 8.319521962496689e-43 1.0413504444068141e-40 1.7759095887421418e-38 3.891778957617914e-38
1.5512817764724183e-06 1.3978939308918603e-49 2.733547748153321e-49 8.4958911768041965e-47 8.453128475908989e-45 8.515995486271828e-43 1.0742660061964033e-40 1.8911812058424257e-38 4.163269643466381e-38
1.587452359525819e-06 1.3721654949084288e-49 2.696702662523158e-49 8.69191132077605e-47 8.650255700725196e-45 8.717207416398588e-43 1.10847259825618e-40 2.014362424879729e-38 4.4539838309664997e-38
1.6244663168122348e-06 1.3470101859203758e-49 2.6605751976806526e-49 8.892552390808535e-47 8.851983005275906e-45 8.923278005654729e-43 1.1440325029861225e-40 2.1460086588246947e-38 4.765291299194081e-38
1.6623433129330315e-06 1.3224111342719783e-49 2.6251530732561255e-49 9.097920761669376e-47 9.058417855034209e-45 9.134330907081422e-43 1.181011497709198e-40 2.286714732925902e-38 5.098659713886918e-38
1.7011034710007933e-06 1.2983519315966012e-49 2.590424275321559e-49 9.308125337755198e-47 9.269670235764863e-45 9.350493289024154e-43 1.2194790718339318e-40 2.437117696450348e-38 5.455661536288189e-38
1.740767383330235e-06 1.2748166378827764e-49 2.5563770519404755e-49 9.523277609394442e-47 9.485852713217659e-45 9.571895954962121e-43 1.2595086585295306e-40 2.597899835874781e-38 5.837981591967072e-38
1.7813561223783898e-06 1.2517897878965093e-49 2.522999908832979e-49 9.743491710685235e-47 9.707080494274571e-45 9.798673468360046e-43 1.3011778819353107e-40 2.769791903722199e-38 6.247425217968818e-38
1.8228912519398869e-06 1.2292563967656585e-49 2.4902816051547466e-49 9.968884478878777e-47 9.933471489585196e-45 1.0030964282787249e-42 1.3445688210001029e-40 2.953576577827541e-38 6.68592680264841e-38
1.8653948386032614e-06 1.2072019645389846e-49 2.458211149389179e-49 1.019957551532697e-46 1.0165146377732929e-44 1.02689108775663e-42 1.38976829112753e-40 3.150092167944952e-38 7.155558904965986e-38
1.908889463474389e-06 1.1856124795440167e-49 2.4267777953517204e-49 1.0435687248013258e-46 1.0402228670969291e-44 1.0512659899221695e-42 1.4368681448884361e-40 3.3602365879155646e-38 7.658542252474941e-38
