results/limits/GDM_l.dat
# %ECSV 1.0
# ---
# datatype:
# - {name: mx, unit: MeV, datatype: float64}
# - {name: sigma_10, unit: cm2, datatype: float64}
# - {name: sigma_9, unit: cm2, datatype: float64}
# - {name: sigma_7, unit: cm2, datatype: float64}
# - {name: sigma_6, unit: cm2, datatype: float64}
# - {name: sigma_5, unit: cm2, datatype: float64}
# - {name: sigma_4, unit: cm2, datatype: float64}
# - {name: sigma_3, unit: cm2, datatype: float64}
# - {name: sigma_2, unit: cm2, datatype: float64}
# schema: astropy-2.0
mx sigma_10 sigma_9 sigma_7 sigma_6 sigma_5 sigma_4 sigma_3 sigma_2
[from data line 239]
7.805350185866558e-05 1.7897675375236142e-46 5.479044381216355e-45 5.389313372142328e-41 6.487589585533373e-39 5.184702071298163e-36 4.079214114567759e-32 5.774679795626615e-29 1.43836823663376e-28
7.987344244870308e-05 1.7842139088626523e-46 5.600941853402246e-45 5.51611488797475e-41 6.67981616689879e-39 5.511825687497434e-36 4.370756977444246e-32 6.187968279970939e-29 1.5412167224990503e-28
8.173581782606456e-05 1.7791123559159527e-46 5.725858519265177e-45 5.645945205085076e-41 6.878945001514174e-39 5.8611180771668084e-36 4.6831604667748316e-32 6.630829189915627e-29 1.651412672042298e-28
8.364161742479263e-05 1.7744650596197143e-46 5.853857720207174e-45 5.778879448846767e-41 7.085281112924122e-39 6.234135246138858e-36 5.017917769787825e-32 7.105377747144005e-29 1.7694802979122905e-28
8.559185374914618e-05 1.770274497374125e-46 5.985004566945425e-45 5.91499477276042e-41 7.299145410094831e-39 6.632544027289044e-36 5.376628966777476e-32 7.613880370105731e-29 1.895981096270055e-28
8.758756291151902e-05 1.7665434490473606e-46 6.119365982074703e-45 6.054370422400166e-41 7.520875612967352e-39 7.058130004749711e-36 5.76100868343733e-32 8.158765460574388e-29 2.0315161302793497e-28
8.96298051829007e-05 1.7632750032236333e-46 6.257010741131072e-45 6.19708780183465e-41 7.750827236495418e-39 7.512806004724692e-36 6.17289429100566e-32 8.742634991277537e-29 2.176729980079253e-28
9.17196655561724e-05 1.760472563694883e-46 6.398009512361429e-45 6.343230542637662e-41 7.989374637109013e-39 7.998621193445627e-36 6.614254693429956e-32 9.36827685709384e-29 2.332311852403249e-28
9.385825432253677e-05 1.7581398561948798e-46 6.5424348954266e-45 6.492884575608604e-41 8.236912125823605e-39 8.517770825712044e-36 7.087199743583528e-32 1.0038678197341857e-28 2.499001501179177e-28
9.604670766138824e-05 1.7562809353737495e-46 6.690361459283077e-45 6.646138205329913e-41 8.493855152514504e-39 9.072606690573823e-36 7.593990333546055e-32 1.0757039548655194e-28 2.6775893362072864e-28
9.828618824393714e-05 1.754900192010055e-46 6.841865779498353e-45 6.80308218769456e-41 8.760641566196933e-39 9.665648304048612e-36 8.137049207220483e-32 1.152679014564893e-28 2.868923996260125e-28
0.00010057788585090809 1.754002360456514e-46 6.997026475258612e-45 6.963809810544233e-41 9.037732956497561e-39 1.0299594902342064e-35 8.718972546968379e-32 1.2351604156159831e-28 3.0739122007519644e-28
0.00010292301800464121 1.7535925263143886e-46 7.155924246325264e-45 7.128416977565614e-41 9.325616081873421e-39 1.0977338292869803e-35 9.342542389693388e-32 1.3235418229566307e-28 3.2935270133645818e-28
0.00010532283061593165 1.753676134330351e-46 7.318641910189377e-45 7.29700229560025e-41 9.62480439053127e-39 1.1701976624484244e-35 1.0010739931721539e-31 1.4182450147526109e-28 3.528808942625211e-28
0.00010777859864595113 1.754258996508365e-46 7.485264439660923e-45 7.469667165531338e-41 9.935839640427478e-39 1.2476829142709016e-35 1.0726759786118494e-31 1.5197218914970254e-28 3.7808730777950935e-28
0.00011029162678360347 1.75534730042768e-46 7.655879001114406e-45 7.646515876919823e-41 1.0259293625186144e-38 1.330545200049625e-35 1.149402526060498e-31 1.6284566215739197e-28 4.050913501413859e-28
0.00011286325013867351 1.7569476177564567e-46 7.830574993593667e-45 7.827655706570463e-41 1.0595770013264565e-38 1.4191655200073556e-35 1.2316204729128877e-31 1.744967940495293e-28 4.340208476217971e-28
0.00011549483495113791 1.7590669129489934e-46 8.00944408895904e-45 8.013197021219e-41 1.0945906308223784e-38 1.513952074685858e-35 1.3197229175376126e-31 1.8698116149734603e-28 4.650126874546798e-28
0.00011818777931701482 1.7617125521126053e-46 8.192580273238035e-45 8.203253384540778e-41 1.1310375938527564e-38 1.6153422102220952e-35 1.414131099210275e-31 2.0035830812239523e-28 4.98213463724632e-28
0.0001209435139311377 1.7648923120284103e-46 8.380079889320145e-45 8.397941668692582e-41 1.1689890485902197e-38 1.7238045028081921e-35 1.5152964126175138e-31 2.1469202697252612e-28 5.337801209815823e-28
0.00012376350284724815 1.7686143893082114e-46 8.572041681114855e-45 8.597382170609949e-41 1.20852020619429e-38 1.8398409923005763e-35 1.6237025665640148e-31 2.3005066313374286e-28 5.718806927667425e-28
0.00012664924425581149 1.7728874096674535e-46 8.768566839272096e-45 8.801698733294756e-41 1.2497105843352342e-38 1.9639895756568456e-35 1.7398678972036745e-31 2.4650743780019106e-28 6.126950880452257e-28
0.00012960227127996844 1.7777204372920764e-46 8.969759048546409e-45 9.011018872339719e-41 1.2926442776952304e-38 2.0968265716439288e-35 1.8643478468548157e-31 2.64140795148397e-28 6.5641583118345535e-28
0.00013262415279004548 1.7831229842745245e-46 9.175724536869042e-45 9.225473907950314e-41 1.3374102466415106e-38 2.2389694690800603e-35 1.997737620251363e-31 2.8303477460488185e-28 7.032493010453506e-28
0.00013571649423705693 1.7891050200918896e-46 9.386572126178324e-45 9.445199102738028e-41 1.384102625353084e-38 2.3910798717514576e-35 2.1406750309273897e-31 3.032794073287064e-28 7.534158995340459e-28
0.0001388809385056415 1.7956769810962985e-46 9.602413285046073e-45 9.67033380557398e-41 1.432821050775835e-38 2.5538666540850527e-35 2.29384355134763e-31 3.2497114464601703e-28 8.071522732874076e-28
0.00014211916678688624 1.8028497799852447e-46 9.823362183128153e-45 9.901021601807194e-41 1.4836710138806534e-38 2.728089342667168e-35 2.4579755813588034e-31 3.482133113129001e-28 8.64710838038184e-28
0.00014543289947150178 1.810634815216577e-46 1.0049535747459237e-44 1.0137410470168504e-40 1.536764234806804e-38 2.9145617397778324e-35 2.633855950596522e-31 3.7311659785336307e-28 9.263628934499416e-28
0.0001488238970638237 1.8190439803301906e-46 1.0281053720606333e-44 1.0379652946698575e-40 1.5922190635879204e-38 3.1141558062685833e-35 2.822325671578792e-31 3.997995785871046e-28 9.923972315456603e-28
0.00015229396111712465 1.828089673135563e-46 1.0518038720691367e-44 1.0627906296056194e-40 1.6501609082817638e-38 3.3278058223517597e-35 3.0242859614436084e-31 4.283892782013584e-28 1.0631249063459678e-27
0.00015584493519073535 1.837784804721529e-46 1.0760616303291141e-44 1.0882332690583414e-40 1.710722692457639e-38 3.556512846198475e-35 3.2407025515351172e-31 4.590217637803424e-28 1.1388766115173195e-27
0.00015947870582948208 1.8481428082417433e-46 1.1008915025221849e-44 1.1143099397523843e-40 1.7740453441380004e-38 3.8013494916673937e-35 3.4726103054619e-31 4.918427940549708e-28 1.22000822998814e-27
0.00016319720356596128 1.8591776474267615e-46 1.1263066510215558e-44 1.1410378974812472e-40 1.8402783184437545e-38 4.063465048012131e-35 3.721118167679206e-31 5.270085006203066e-28 1.3068991044076001e-27
0.00016700240394618395 1.8709038247709395e-46 1.1523205516497286e-44 1.1684349475878382e-40 1.9095801563568287e-38 4.344090966051312e-35 3.987414466265983e-31 5.646861264584101e-28 1.3999556396540983e-27
0.00017089632857913436 1.8833363893399383e-46 1.1789470006273082e-44 1.1965194663925814e-40 1.9821190821898966e-38 4.644546737037768e-35 4.272772595233877e-31 6.050548139087583e-28 1.4996131675896453e-27
0.000174881046210801 1.8964909441425144e-46 1.2062001217141785e-44 1.2253104236184777e-40 2.0580736425421817e-38 4.966246192341627e-35 4.578557103523491e-31 6.483064423298927e-28 1.6063355835996413e-27
0.00017895867382325032 1.910383653008288e-46 1.2340943735446007e-44 1.2548274058649912e-40 2.13763338972302e-38 5.310704254074898e-35 4.90623021980623e-31 6.946465395409203e-28 1.720622221583597e-27
0.0001831313777593269 1.92503124691169e-46 1.2626445571580514e-44 1.285090641185458e-40 2.2209996128425514e-38 5.679544168941445e-35 5.257358844243573e-31 7.442952326963068e-28 1.843002684735146e-27
0.00018740137487357792 1.94045102968119e-46 1.291865823727945e-44 1.3161210248257924e-40 2.3083861200022965e-38 6.074505259908174e-35 5.633622040663012e-31 7.974882997355778e-28 1.9740489608430472e-27
0.00019177093371001327 1.9566608830323195e-46 1.3217736824906468e-44 1.3479401461854951e-40 2.4000200752688263e-38 6.497451232768895e-35 6.0368190648955594e-31 8.544782530173321e-28 2.1143664615799203e-27
0.000196242375707327 1.973679270863064e-46 1.3523840088774993e-44 1.3805703170653678e-40 2.496142894382287e-38 6.950379077327106e-35 6.468877967706751e-31 9.155355454612903e-28 2.264609256301188e-27
0.00020081807643222024 1.9915252427508684e-46 1.3837130528528918e-44 1.414034601269961e-40 2.5970112034394996e-38 7.435428605767955e-35 6.931864813355065e-31 9.809498106601764e-28 2.4254694517950774e-27
0.00020550046684148122 2.0102184365921787e-46 1.4157774474615783e-44 1.4483568456366104e-40 2.7028978651002673e-38 7.954892673835218e-35 7.427993557903694e-31 1.0510312427815717e-27 2.597694172849067e-27
0.0002102920345734925 2.0297790803276686e-46 1.448594217588853e-44 1.4835617125669933e-40 2.814093077196773e-38 8.511228133698473e-35 7.95963663440354e-31 1.1261120204351718e-27 2.7820759817425107e-27
0.0002151953252698519 2.050227992699917e-46 1.482180788937302e-44 1.5196747141414527e-40 2.9309055489806645e-38 9.107067570891441e-35 8.529336295592637e-31 1.206547874042487e-27 2.9794658257618085e-27
0.00022021294392780895 2.0715865829947283e-46 1.5165549972241398e-44 1.5567222479008238e-40 3.053663760623517e-38 9.74523188145465e-35 9.139816768245453e-31 1.2927197332906779e-27 3.1907719913350063e-27
0.00022534755628423554 2.0938768497230065e-46 1.55173509760338e-44 1.5947316343854478e-40 3.182717311993904e-38 1.0428743749433894e-34 9.793997277264167e-31 1.3850354998919489e-27 3.41696419442042e-27
0.0002306018902318662 2.117121378207106e-46 1.5877397743172488e-44 1.633731156526123e-40 3.318438367171697e-38 1.1160842089191161e-34 1.0495006001719885e-30 1.483931944607009e-27 3.6590788708835515e-27
0.00023597873726856003 2.1413433370439443e-46 1.6245881505814833e-44 1.6737501009871567e-40 3.461223201629115e-38 1.1944997521600334e-34 1.1246195029501265e-30 1.5898767340312972e-27 3.918223878183447e-27
0.0002414809539803547 2.166566473426923e-46 1.6622997987093375e-44 1.714818801567588e-40 3.6114938595095284e-38 1.2784928958144776e-34 1.2051156381999364e-30 1.703370595911093e-27 4.195582313015602e-27
0.0002471114635590999 2.1928151073199246e-46 1.7008947504793037e-44 1.7569686847725847e-40 3.7696999289737885e-38 1.3684621372231458e-34 1.2913739185359916e-30 1.824949633372209e-27 4.492417229087365e-27
0.00025287325735547713 2.2201141244894848e-46 1.7403935077517536e-44 1.8002323176737515e-40 3.9363204441597714e-38 1.4648344842716503e-34 1.3838068070309494e-30 1.9551878025463596e-27 4.810077222215688e-27
0.00025876939646823026 2.2484889684155008e-46 1.780817053339863e-44 1.8446434581837886e-40 4.111865922918498e-38 1.5680674960720032e-34 1.4828562888413369e-30 2.094699557721149e-27 5.1500027917944245e-27
0.00026480301337045197 2.2779656311164545e-46 1.8221868621403585e-44 1.8902371078784292e-40 4.296880550151844e-38 1.6786514697330454e-34 1.5889959838918763e-30 2.2441426916280335e-27 5.5137313387129046e-27
0.000270977313573789 2.3085706429425194e-46 1.8645249125298325e-44 1.937049567506327e-40 4.491944517285007e-38 1.7971117836782507e-34 1.702733410699689e-30 2.404221313910542e-27 5.902901616311199e-27
0.00027729557733145163 2.340331061408258e-46 1.9078536980325064e-44 1.985118495335836e-40 4.6976765291660194e-38 1.924011408718545e-34 1.824612412160458e-30 2.5756891607792634e-27 6.31926406449002e-27
0.00028376116138093086 2.373274459156336e-46 1.9521962392654963e-44 2.0344829684964406e-40 4.914736490497326e-38 2.0599535988896144e-34 1.955215754850497e-30 2.759352931190479e-27 6.764687635614384e-27
0.0002903775007273506 2.407428911164387e-46 1.9975760961678841e-44 2.085183547482003e-40 5.143828384774452e-38 2.205584774923279e-34 2.095167914287636e-30 2.9560761124204616e-27 7.241164398573129e-27
0.00029714811046840066 2.4428229813285373e-46 2.0440173805199388e-44 2.137262343992912e-40 5.385703359638703e-38 2.3615976141439064e-34 2.2451380593974256e-30 3.1667827292400348e-27 7.750816034746329e-27
0.00030407658766182135 2.4794857085790047e-46 2.091544768759135e-44 2.19076309230476e-40 5.641163033549343e-38 2.5287343615677032e-34 2.405843250486209e-30 3.392461773527604e-27 8.295904103311632e-27
0.00031116661323643183 2.517446592705208e-46 2.1401835150997675e-44 2.2457312243625657e-40 5.911063039748238e-38 2.707790378041403e-34 2.578051865909965e-30 3.634171447815764e-27 8.878845962237551e-27
0.0003184219539477161 2.556735580089522e-46 2.189959464963027e-44 2.3022139488114602e-40 6.196316824634748e-38 2.899617942389785e-34 2.762587273861181e-30 3.893044156348286e-27 9.50221241911039e-27
0.00032584646437900766 2.5973830495698656e-46 2.2408990687248207e-44 2.3602603341874897e-40 6.497899718892961e-38 3.10513032575704e-34 2.9603317667271667e-30 4.1702914786332145e-27 1.0168741913381701e-26
0.00033344408898933415 2.6394197986711333e-46 2.2930293957885593e-44 2.419921396505962e-40 6.816853301025414e-38 3.325306157628517e-34 3.172230776827342e-30 4.467209654769132e-27 1.0881351083426685e-26
0.0003412188642090111 2.6828770304635573e-46 2.3463781489904733e-44 2.4812501914989186e-40 7.154290074350803e-38 3.56119410441436e-34 3.399297393625852e-30 4.7851854839379316e-27 1.1643146198617805e-26
0.0003491749205840977 2.7277863413219573e-46 2.4009736793452037e-44 2.5443019117691024e-40 7.511398480027011e-38 3.8139178829717437e-34 3.642617203931853e-30 5.1257023013705865e-27 1.2457435669628667e-26
0.0003573164849708539 2.7741797098729114e-46 2.456845001139558e-44 2.6091339891438827e-40 7.889448270270348e-38 4.084681633044236e-34 3.903353478237992e-30 5.490346959129568e-27 1.332773340063896e-26
0.0003656478827813646 2.822089487426371e-46 2.5140218073825716e-44 2.6758062025303764e-40 8.289796267664462e-38 4.374775674313448e-34 4.182752727802103e-30 5.8808163572364145e-27 1.4257785247494788e-26
0.0003741735402815245 2.871548390194166e-46 2.572534485620186e-44 2.7443807915914155e-40 8.713892538298639e-38 4.685582675597447e-34 4.482150659124744e-30 6.298925587144071e-27 1.5251566767430864e-26
0.0003828979869426037 2.9225894935988507e-46 2.6324141341231174e-44 2.8149225765821837e-40 9.163287008450001e-38 5.018584265702329e-34 4.8029785540007626e-30 6.746615259055062e-27 1.6313314640477476e-26
0.000391825857847644 2.975246228973053e-46 2.6936925784566424e-44 2.8874990847082285e-40 9.639636556639929e-38 5.375368117544634e-34 5.146770105759202e-30 7.22596068286076e-27 1.7447516850895048e-26
0.000400961896153964 3.029552382940244e-46 2.7564023884413277e-44 2.962180683388558e-40 1.014471261516078e-37 5.757635539426873e-34 5.515168744044767e-30 7.739180286837723e-27 1.8658948432061722e-26
0.0004103109556130814 3.085542099753651e-46 2.8205768955138746e-44 3.0390407208313354e-40 1.0680409317594058e-37 6.1672096097731055e-34 5.9099354832458434e-30 8.288645969524576e-27 1.9952681015390794e-26
0.0004198780031493915 3.1432498868497576e-46 2.886250210497529e-44 3.1181556743557175e-40 1.1248752231440428e-37 6.606043894231746e-34 6.332957331722647e-30 8.876892682567198e-27 2.1334094572659293e-26
0.00042966812149897106 3.2027106238468903e-46 2.953457241791786e-44 3.1996053069207182e-40 1.1851907717763524e-37 7.076231786836901e-34 6.786256302093017e-30 9.506629991723435e-27 2.280889699852542e-26
0.000439686511909911 3.263959575187831e-46 3.0222337139912406e-44 3.28347283235145e-40 1.249219296272986e-37 7.580016519905569e-34 7.271999065276206e-30 1.0180753305146739e-26 2.4383142015228364e-26
0.0004499384969056106 3.327032406588524e-46 3.092616186943813e-44 3.369845089784395e-40 1.317208672912073e-37 8.119801890545176e-34 7.792507294361922e-30 1.0902356329676614e-26 2.6063248414202167e-26
0.00046042952311250296 3.3919652054129764e-46 3.1646420752588037e-44 3.458812727886919e-40 1.3894240879309032e-37 8.698163755073792e-34 8.350268747480674e-30 1.1674744313217566e-26 2.785599603757809e-26
