results/limits/GDM_h_phase.dat
# %ECSV 1.0
# ---
# datatype:
# - {name: mx, unit: MeV, datatype: float64}
# - {name: sigma, unit: cm2 MeV4, datatype: float64}
# schema: astropy-2.0
mx sigma
[from data line 2172]
0.029915425131895435 4.822485176396999e-09
0.030025863027793583 4.8940907886033246e-09
0.030136708624026814 4.966763042787414e-09
0.030247963425690475 5.040513404138669e-09
0.030359628943436225 5.115355855799448e-09
0.030471706693492532 5.191312344138495e-09
0.030584198197685358 5.268398054775085e-09
0.030697104983458665 5.346631686613348e-09
0.030810428583895256 5.4260122027433675e-09
0.030924170537737546 5.506587361379799e-09
0.031038332389408577 5.5883534348293706e-09
0.03115291568903279 5.671328091804105e-09
0.031267921992457204 5.7555419071854325e-09
0.03138335286127252 5.841005576137067e-09
0.0314992098628343 5.9277381220001235e-09
0.03161549457028432 6.0157513980405324e-09
0.03173220856257183 6.105079798750236e-09
0.031849353424475035 6.195734605984343e-09
0.03196693074662264 6.287730318678395e-09
0.032084942125515395 6.381097007505938e-09
0.03220338916354788 6.475840087861108e-09
0.032322273469030126 6.572000924823978e-09
0.03244159665620952 6.6695926697883344e-09
0.03256136034529272 6.768623698254983e-09
0.03268156616246764 6.869129895563259e-09
0.032802215739925616 6.97112647427651e-09
0.032923310715883426 7.0746387019911795e-09
0.03304485273460562 7.179678712185587e-09
0.03316684344642683 7.286298417574505e-09
0.033289284507774144 7.394488647477945e-09
0.033412177581189764 7.504286155389972e-09
0.03353552433535331 7.615710861284662e-09
0.03365932644510467 7.728799304463365e-09
0.03378358559146665 7.843554927180944e-09
0.03390830346166796 7.960026817862426e-09
0.034033481749165866 8.078221048015635e-09
0.034159122153669376 8.198173302460368e-09
0.03428522638116226 8.319899318459207e-09
0.0344117961439262 8.443450667274567e-09
0.03453883316056412 8.568813424538952e-09
0.0346663391560234 8.696055627276355e-09
0.03479431586161937 8.825177262076662e-09
0.0349227650150588 8.956210102404277e-09
0.0350516883604635 9.089201973199113e-09
0.035181087648394054 9.224176250830055e-09
0.03531096463587348 9.361138796259573e-09
0.03544132108641117 9.500141664163814e-09
0.03557215877002679 9.641206873815217e-09
0.03570347946327434 9.784359993493661e-09
0.035835284949266334 9.92964645556627e-09
0.035967577017697885 1.0077093907982836e-08
0.03610035746487107 1.0226714315019111e-08
0.036233628093719356 1.0378570086097754e-08
0.03636739071383197 1.0532682444210152e-08
0.0365016471414787 1.0689074119051408e-08
0.03663639919963426 1.08477856881738e-08
0.036771648718003244 1.1008869265063966e-08
0.0369073975330449 1.117232849229023e-08
0.037043647487998044 1.1338238265895357e-08
0.037180400432906234 1.1506589185571512e-08
0.03731765822464267 1.1677426083796906e-08
0.03745542272693556 1.185082569948059e-08
0.03759369581039333 1.2026809998121087e-08
0.0377324793525302 1.2205391252745534e-08
0.03787177523779144 1.2386621829926264e-08
0.038011585357579106 1.2570544887201174e-08
0.03815191161027769 1.2757202969581088e-08
0.038292755901279854 1.2946618025610902e-08
0.03843412014301245 1.3138866516879355e-08
0.03857600625496228 1.3333957842524939e-08
0.03871841616370229 1.3531958673668401e-08
0.0388613518029177 1.3732865544529986e-08
0.039004815113432206 1.3936793305309877e-08
0.039148808043234534 1.4143738302428751e-08
0.03929333254750459 1.4353758829132262e-08
0.03943839058864023 1.4566889402072268e-08
0.03958398413628382 1.4783187336210578e-08
0.03973011516734895 1.500269369758432e-08
0.03987678566604746 1.5225475178943646e-08
0.040023997623916126 1.5451541098043674e-08
0.04017175303984384 1.568097797825678e-08
0.04032005392009877 1.5913809259255617e-08
0.040468902278355486 1.615011149759971e-08
0.040618300135722527 1.638993757616576e-08
0.04076824952076957 1.663331119309408e-08
0.04091875246955515 1.6880295220396422e-08
0.04106981102565425 1.713094045838103e-08
0.041221427240186015 1.7385305890736153e-08
0.041373603171841786 1.764345658378338e-08
0.04152634088691278 1.790544353049334e-08
0.04167964245931833 1.8171306451843895e-08
0.041833509970633925 1.8441122550288227e-08
0.041987945510119716 1.871493589462682e-08
0.042142951174748554 1.899283616351285e-08
0.04229852906923468 1.9274867747975104e-08
0.04245468130606224 1.9561041327652887e-08
0.04261141000551394 1.9851513467153015e-08
0.0427687172957 2.0146277742355225e-08
0.04292660531258677 2.0445414963018845e-08
0.04308507620002597 2.0749011018749537e-08
0.04324413210978367 2.1057121438959446e-08
0.04340377520156955 2.1369806356368287e-08
0.043564007643066324 2.1687110000479963e-08
0.043724831609958964 2.200915193329703e-08
0.04388624928596438 2.2335926326886474e-08
0.04404826286286107 2.2667592368095853e-08
0.044210874540518794 2.300417799554753e-08
0.04437408652692865 2.3345733122540253e-08
0.04453790103823276 2.3692415385154416e-08
0.044702320298754594 2.404419375059117e-08
0.04486734654102905 2.4401211448037196e-08
0.045032982005832785 2.476356320590349e-08
0.04519922894221481 2.5131244435024485e-08
0.04536608960752672 2.550440132491435e-08
0.045533566267453585 2.588311614060404e-08
0.04570166119604462 2.6267468676545977e-08
0.04587037667574404 2.6657494652122524e-08
0.04603971499742223 2.7053333959113208e-08
0.04620967846040657 2.745499923661719e-08
0.04638026937251285 2.786273861641729e-08
0.04655149005007651 2.8276450091304083e-08
0.04672334281798429 2.869632955060537e-08
0.04689583000970547 2.912236764673745e-08
0.04706895396732382 2.9554822855371208e-08
0.04724271704156928 2.9993686883387485e-08
0.047417121591849874 3.043906789167641e-08
0.04759216998628393 3.089097233705412e-08
0.04776786460173194 3.134971142078188e-08
0.04794420782382904 3.181519567434299e-08
0.04812120204701733 3.2287652475436754e-08
0.048298849674578356 3.276705985871376e-08
0.04847715311866594 3.325362647062635e-08
0.04865611480033864 3.3747396010436265e-08
0.04883573714959281 3.424851747424459e-08
0.04901602260539553 3.475701977222157e-08
0.049196973615717725 3.527311958178676e-08
0.04937859263756755 3.579689626122658e-08
0.04956088213702349 3.632840426779728e-08
0.04974384458926801 3.686784575447576e-08
0.04992748247862115 3.7415209366798424e-08
0.050111798298574185 3.797082631994203e-08
0.0502967945518237 3.853461862763971e-08
0.05048247375030524 3.910682539523541e-08
0.05066883841522765 3.968748260094408e-08
0.05085589107710725 4.0276823672195074e-08
0.05104363427580214 4.0874911728665316e-08
0.05123207056054689 4.148188833823762e-08
0.05142120248998686 4.2097769941250804e-08
0.051611032632213116 4.272284474726719e-08
0.051801563564797246 4.33572474689811e-08
0.05199279787482652 4.4001028400128644e-08
0.052184738158938725 4.465441687188453e-08
0.052377387023357654 4.531748623078694e-08
0.052570747083928386 4.599037464763189e-08
0.052764820966152814 4.6673207107837776e-08
0.05295961130522546 4.736634161081623e-08
0.05315512074606897 4.8069623199355764e-08
0.05335135194337023 4.878339808683299e-08
0.053548307561616326 4.950778265497942e-08
0.05374599027513073 5.024289137344869e-08
0.05394440276810979 5.098894161490322e-08
0.05414354773465885 5.1746010139565495e-08
0.05434342787882907 5.2514406655678166e-08
0.05454404591465407 5.329413060018582e-08
0.05474540456618673 5.408552174829793e-08
0.05494750656753641 5.488862273291845e-08
0.05515035466290572 5.57036348411238e-08
0.055353951606628045 5.653065044053635e-08
0.055558300163204836 5.737011743489291e-08
0.055763403107343124 5.8222048978378004e-08
0.05596926322399342 5.908649660800475e-08
0.05617588330838718 5.996389166300185e-08
0.05638326616607499 6.085431197741517e-08
0.0565914146129646 6.17579218531482e-08
0.05680033147535912 6.267495014642247e-08
0.0570100195899956 6.360550873458872e-08
0.05722048180408323 6.454998762808062e-08
0.057431720975342195 6.55085079934239e-08
0.0576437399720424 6.648117276007619e-08
0.057856541673042626 6.746832202177425e-08
0.05807012896782928 6.84702327966192e-08
0.05828450475655587 6.948684797818444e-08
0.05849967195008229 7.051863531944402e-08
0.05871563347001432 7.156568138977639e-08
0.05893239224874355 7.262844936183953e-08
0.059149951229486776 7.370677791615693e-08
0.05936831336632627 7.480123011213719e-08
0.05958748162424979 7.591199941523648e-08
0.059807458979190785 7.703924277751884e-08
0.06002824841806907 7.818319162395994e-08
0.060249852938831 7.9344169465493e-08
0.060472275550490395 8.052222111990387e-08
0.06069551927316939 8.171778294859218e-08
0.060919587138139344 8.29311616548011e-08
0.06114448218786227 8.416254632905067e-08
0.06137020747603174 8.541238304445538e-08
0.06159676606761463 8.668066406948741e-08
0.061824161038892676 8.796770073511964e-08
0.062052395477504144 8.927384427392875e-08
0.06228147248248606 9.059950659900948e-08
0.06251139516431586 9.194460673385677e-08
0.06274216664495393 9.331006899458487e-08
0.06297379005788588 9.469541933884337e-08
0.06320626854816505 9.610162512606354e-08
0.0634396052724555 9.752864315609524e-08
0.06367380339907443 9.89766320311063e-08
0.06390886610803552 1.0044644171171603e-07
0.06414479659109193 1.0193797347413497e-07
0.06438159805177991 1.0345165370075158e-07
0.06461927370546194 1.0498769851714423e-07
0.06485782677937059 1.0654638370073926e-07
0.06509726051265233 1.081286884157084e-07
0.06533757815641143 1.0973421049861767e-07
0.06557878297375436 1.1136370179701514e-07
0.0658208782398337 1.1301720339034364e-07
0.06606386724189288 1.146953101310666e-07
0.06630775327931075 1.1639840999510985e-07
0.06655253966364634 1.1812684678452809e-07
0.06679822971868403 1.1988102484928594e-07
0.06704482678047832 1.216608910993301e-07
0.06729233419739941 1.2346765155733204e-07
0.06754075533017857 1.253009690319734e-07
0.06779009355195373 1.2716163439470974e-07
0.0680403522483155 1.2904953750421216e-07
0.06829153481735281 1.3096539305918982e-07
0.06854364466969927 1.3291038454284463e-07
0.0687966852285794 1.348839502418704e-07
0.06905065992985512 1.3688705169437424e-07
0.0693055722220726 1.3891949211687486e-07
0.0695614255665087 1.4098250262526932e-07
0.06981822343721822 1.4307566742080696e-07
0.07007596932108105 1.4519982640804783e-07
0.07033466671784945 1.4735603242476097e-07
0.07059431914019577 1.4954434211685333e-07
0.07085493011375982 1.5176478304515203e-07
0.07111650317719695 1.5401812448622118e-07
0.071379041882226 1.5630483437997313e-07
0.07164254979367782 1.5862571606371438e-07
0.07190703048954318 1.6098148074044322e-07
0.07217248756102174 1.633716856667931e-07
0.07243892461257065 1.6579764459796886e-07
0.07270634526195348 1.682597588037433e-07
0.07297475314028957 1.7075779709580433e-07
0.07324415189210298 1.732932956534941e-07
0.07351454517537222 1.758664337976108e-07
0.07378593666157983 1.7847778693579873e-07
0.07405833003576218 1.811282136727634e-07
0.07433172899655983 1.8381747794385722e-07
0.07460613725626726 1.8654721013274709e-07
0.0748815585408836 1.8931707647924286e-07
0.07515799659016315 1.9212867518730214e-07
0.07543545515766602 1.9498107626359425e-07
0.07571393801080954 1.978757626552003e-07
0.07599344893091883 2.0081471574044382e-07
0.07627399171327849 2.037963389889387e-07
0.07655557016718408 2.068222420274816e-07
0.0768381881159937 2.0989296014120865e-07
0.07712184939718035 2.1300960587271787e-07
0.07740655786238339 2.1617288322913584e-07
0.0776923173774613 2.1938287874854338e-07
0.07797913182254392 2.226400199862297e-07
0.07826700509208553 2.2594641190340356e-07
0.07855594109491719 2.2930169340003417e-07
0.07884594375430015 2.3270601370422059e-07
0.07913701700797905 2.3616126119162433e-07
0.07942916480823534 2.396679429932026e-07
0.07972239112194118 2.4322646311312514e-07
0.0800166999306129 2.4683815136139113e-07
0.08031209523046537 2.505031857172625e-07
0.08060858103246615 2.542226771156538e-07
0.08090616136238989 2.5799838292635384e-07
0.08120484026087334 2.618292087363725e-07
0.08150462178346966 2.6571725178755785e-07
0.08180551000070391 2.6966204968257463e-07
0.08210750899812816 2.736671543956001e-07
0.0824106228763769 2.777302129044744e-07
0.08271485575122312 2.8185397240699595e-07
0.08302021175363353 2.8603955297888914e-07
0.0833266950298252 2.9028657448079867e-07
0.08363430974132162 2.945965308407105e-07
0.08394306006500915 2.989713674705733e-07
0.08425295019319413 3.0341088926176625e-07
0.08456398433365926 3.079158343652678e-07
0.08487616670972103 3.124878268037822e-07
0.08518950156028708 3.171284118564045e-07
0.08550399313991355 3.2183693570444467e-07
0.08581964571886333 3.26615332695575e-07
0.0861364635831634 3.3146519645932154e-07
0.08645445103466345 3.363875507378521e-07
0.08677361239109409 3.4138201731534646e-07
0.08709395198612584 3.4645143305856417e-07
0.08741547416942741 3.5159547860698075e-07
0.0877381833067252 3.568166657181912e-07
0.08806208377986238 3.6211469371654713e-07
0.08838717998685837 3.6749141943624587e-07
0.0887134763419689 3.7294781693518407e-07
0.08904097727574542 3.7848657043154396e-07
0.08936968723509557 3.8410607052194303e-07
0.08969961068334356 3.8980937614489767e-07
0.0900307521002906 3.955976626549807e-07
0.09036311598227612 4.0147126749253166e-07
0.09069670684223828 4.074331056368431e-07
0.09103152920977564 4.1348280116870135e-07
0.09136758763120853 4.1962278426185037e-07
0.09170488666964068 4.2585260536721387e-07
0.09204343090502162 4.3217686536850656e-07
0.09238322493420822 4.3859398911417414e-07
0.09272427337102758 4.4510672746700196e-07
0.09306658084633947 4.5171496885775345e-07
0.0934101520080992 4.5842158598816725e-07
0.09375499152142111 4.6522976575569266e-07
0.09410110406864126 4.7213829669850027e-07
0.09444849434938153 4.791475815671322e-07
0.09479716708061317 4.862636021840327e-07
0.0951471269967209 4.934837926889037e-07
0.0954983788495675 5.008120722557119e-07
0.09585092740855775 5.082465316322375e-07
0.09620477746070362 5.157931832694406e-07
0.09655993381068906 5.234542995417932e-07
0.09691640128093561 5.312264789411447e-07
0.09727418471166731 5.391139411432497e-07
0.09763328896097682 5.471193405140819e-07
0.09799371890489128 5.552429611180601e-07
0.0983554794374384 5.634878086630041e-07
0.09871857547071332 5.718555762134356e-07
0.09908301193494475 5.803474532167091e-07
0.09944879377856226 5.889636568270058e-07
0.0998159259682634 5.977072520982174e-07
0.10018441348908101 6.065836214165222e-07
0.10055426134445149 6.155902457758221e-07
0.10092547455628148 6.247325591928178e-07
0.10129805816501752 6.34007488486641e-07
0.10167201722971382 6.434198128661471e-07
0.10204735682810032 6.529753954429368e-07
0.10242408205665306 6.626720698982011e-07
0.10280219803066182 6.72511019115554e-07
0.10318170988430093 6.824960703998661e-07
0.10356262277069843 6.926309576776928e-07
0.10394494186200536 7.029173494482287e-07
0.10432867234946745 7.133522929300358e-07
0.10471381944349403 7.239453385212135e-07
0.10510038837373013 7.346955049155096e-07
0.10548838438912692 7.456042757270278e-07
0.1058778127580123 7.566760672842951e-07
0.10626867876816401 7.679114904289692e-07
0.10666098772687962 7.793141776294449e-07
0.10705474496105018 7.908855237244626e-07
0.10744995581723184 8.026303688248027e-07
0.10784662566171781 8.145464124373449e-07
0.10824475988061279 8.266424725309614e-07
0.10864436387990432 8.389149599031008e-07
0.10904544308553772 8.513741718846775e-07
0.10944800294348911 8.640165081805655e-07
0.10985204891983871 8.76843849992982e-07
0.11025758650084658 8.898631608116583e-07
0.11066462119302534 9.030800112276534e-07
0.11107315852321656 9.164870158417355e-07
0.11148320403866506 9.300962156874055e-07
0.11189476330709357 9.439066759441315e-07
0.11230784191677994 9.579222264333553e-07
0.11272244547663118 9.721462163746818e-07
0.11313857961626127 9.865811840087792e-07
0.1135562499860668 1.0012298456137306e-06
0.11397546225730311 1.0160977718234483e-06
0.11439622212216265 1.0311874696076508e-06
0.11481853529385154 1.0464958172870957e-06
0.11524240750666649 1.062036673459152e-06
0.1156678445160743 1.0778063583015186e-06
0.11609485209878807 1.093812355195544e-06
0.1165234360528474 1.11005663329288e-06
0.11695360219769627 1.1265325838373783e-06
0.11738535637426145 1.1432626302490121e-06
0.11781870444503345 1.16024057833895e-06
0.11825365229414421 1.1774660564476201e-06
0.11869020582744863 1.1949492220703512e-06
0.11912837097260412 1.2126917886108998e-06
