results/limits/GDM_f_6_phase.dat
# %ECSV 1.0
# ---
# datatype:
# - {name: mx, unit: MeV, datatype: float64}
# - {name: sigma_6, unit: cm2, datatype: float64}
# schema: astropy-2.0
mx sigma_6
[from data line 359]
0.0012404909310584848 1.492222490342183e-14
0.0012694149350204683 1.5653575200755014e-14
0.0012990133477864558 1.6403345990735004e-14
0.0013293018942621524 1.717077715490124e-14
0.001360296666004259 1.795503306232565e-14
0.001392014129769518 1.8755209893284905e-14
0.0014244711362630968 1.95703342421519e-14
0.0014576849290909482 2.039937047840741e-14
0.0014916731539209149 2.12412289741862e-14
0.0015264538678574353 2.2094764730828448e-14
0.0015620455490348386 2.2958791715285705e-14
0.0015984671064343198 2.3832088951564982e-14
0.0016357378899298156 2.4713396279990064e-14
0.0016738777005681136 2.5601438955241776e-14
0.0017129068010886602 2.6494918933694862e-14
0.0017528459266886532 2.739253346269457e-14
0.00179371629603914 2.8292977351469936e-14
0.0018355396225579732 2.919494635163652e-14
0.0018783381259456144 3.009715392124307e-14
0.0019221345439899109 3.0998326701058495e-14
0.001966952144646121 3.1897221097219524e-14
0.0020128147383986056 3.279261790170521e-14
0.002059746690910748 3.3683338781229724e-14
0.0021077729359698315 3.456824576148509e-14
0.0021569189887337423 3.544624153184876e-14
0.002207210959286545 3.631628417413265e-14
0.0022586755665101248 3.717738082102659e-14
0.0023113401522792685 3.802859270612362e-14
0.0023652326959877285 3.886903905455634e-14
0.0024203818294129824 3.969790393322659e-14
0.0024768168519275916 4.051442348450508e-14
0.002534567746065232 4.1317901964517036e-14
0.0025936651934496745 4.210770913871469e-14
0.0026541405910951734 4.2883255899624004e-14
0.0027160260680869266 4.364403987453141e-14
0.0027793545026504624 4.4389612056383096e-14
0.002844159539619031 4.5119564976054913e-14
0.0029104756083082714 4.583357517438388e-14
0.0029783379408076585 4.6531353740676556e-14
0.0030477825906984404 4.7212680498661e-14
0.0031188464522080173 4.7877374123427663e-14
0.0031915672798109355 4.8525313757136726e-14
0.0032659837082868936 4.9156420301426456e-14
0.003342135273246469 4.97706600855299e-14
0.0034200624321353945 5.036803437605554e-14
0.0034998065857286074 5.094858717886769e-14
0.0035814101001254554 5.151240910107551e-14
0.003664916329257761 5.2059620579479e-14
0.0037503696379226933 5.259035162072073e-14
0.0038378154253526898 5.310477871272885e-14
0.003927300149334948 5.3603119630656814e-14
0.004018871350893299 5.40855851621463e-14
0.00411257767954558 5.4552406224643757e-14
0.004208468919149921 5.500387551666583e-14
0.004306596014353682 5.54402526159351e-14
0.004407011097659079 5.586184216965293e-14
0.004509767517119906 5.626893831055219e-14
0.004614919864684026 5.6661866313085754e-14
0.004722524005196735 5.704093855826785e-14
0.004832637106080367 5.74065028233248e-14
0.004945317667705937 5.77588885743458e-14
0.005060625554472947 5.809842278620168e-14
0.005178622026613854 5.842547174053441e-14
0.005299369772740128 5.874038031539137e-14
0.005422932943147155 5.904347591450773e-14
0.0055493771838957115 5.933510685851986e-14
0.00567876967168809 5.96156254347993e-14
0.005811179149557424 5.988535218391809e-14
0.0059466759633891655 6.014466806782891e-14
0.006085332099294114 6.039385789680242e-14
0.006227221221852859 6.063327833522154e-14
0.006372418713251954 6.08632474689852e-14
0.006521001713332612 6.108407446342424e-14
0.006673049160573193 6.129607144256352e-14
0.006828641834027273 6.149954589622486e-14
0.006987862396239558 6.169482017165261e-14
0.00715079543716245 6.188214129578909e-14
0.007317527519096606 6.20618362513249e-14
0.007488147222679345 6.223416847685543e-14
0.007662745193945353 6.239940212659417e-14
0.007841414192484688 6.255782334920385e-14
0.008024249140723652 6.270964499921629e-14
0.008211347174354735 6.28551595602963e-14
0.008402807693942412 6.29945912313711e-14
0.008598732417732204 6.312816430636806e-14
0.008799225435691074 6.325611645343884e-14
0.009004393264807849 6.337867973499006e-14
0.009214344905683071 6.349605443049482e-14
0.009429191900438323 6.360844073768695e-14
0.009649048391975805 6.37160281977019e-14
0.009874031184619632 6.381905843795778e-14
0.010104259806171096 6.39176455049838e-14
0.01033985657141083 6.40120238614161e-14
0.010580946647081629 6.410235156637138e-14
0.010827658118386449 6.418876338271043e-14
0.011080122057036918 6.427148921626575e-14
0.011338472590888495 6.435057920336192e-14
0.01160284697519928 6.442628219269751e-14
0.01187338566555036 6.449869796161892e-14
0.012150232392466372 6.456794400571183e-14
0.012433534237775993 6.46341923915578e-14
0.01272344171275288 6.469754528652819e-14
0.013020108838078586 6.47581062811955e-14
0.013323693225669961 6.481605151083802e-14
0.013634356162414448 6.487146204783357e-14
0.013952262695857842 6.49244010948278e-14
0.014277581721889965 6.497507098447859e-14
0.014610486074474885 6.502349346952882e-14
0.014951152617473332 6.506974608607138e-14
0.015299762338606094 6.511402985481385e-14
0.015656500445608335 6.515630883615178e-14
0.016021556464625875 6.519671995255026e-14
0.016395124340905766 6.523538469334269e-14
0.016777402541834602 6.527232685930373e-14
0.017168594162379338 6.530765671091025e-14
0.01756890703298664 6.534133877770245e-14
0.017978553829998065 6.537360779171802e-14
0.01839775218863974 6.540441025054344e-14
0.01882672481864659 6.543388266141507e-14
0.01926569962258253 6.546197933031987e-14
0.019714909816919448 6.548890878683746e-14
0.020174594055939365 6.551458026674247e-14
0.02064499655852557 6.553909778780162e-14
0.021126367237910063 6.556254556616651e-14
0.021618961834446313 6.55849722503447e-14
0.02212304205147776 6.560633291372195e-14
0.022638875694374342 6.562680454120294e-14
0.0231667368128109 6.564633550240562e-14
0.02370690584636297 6.56650148428737e-14
0.024259669773497434 6.568285861590524e-14
0.024825322264037063 6.56999186111935e-14
0.025404163835180054 6.571620277230043e-14
0.025996502011157406 6.573173722131739e-14
0.026602651486612925 6.574660815818234e-14
0.027222934293792744 6.5760758438216e-14
0.027857679973633073 6.577430746255024e-14
0.02850722575083718 6.578731133112381e-14
0.02917191671303455 6.579964815347055e-14
0.029852105994117403 6.581147340546838e-14
0.030548154961852016 6.58227332443865e-14
0.031260433409864494 6.583353601646665e-14
0.031989319754103004 6.584384961305572e-14
0.0327352012338808 6.585365218109219e-14
0.03349847411760691 6.586305999692295e-14
0.034279543913313774 6.587205980427647e-14
0.03507882558409363 6.588058761248177e-14
0.03589674376855814 6.588878186909852e-14
0.03673373300643846 6.589659400734606e-14
0.037590237969445384 6.590409827397439e-14
0.038466713697512506 6.591127728959286e-14
0.03936362584054766 6.591807989567115e-14
0.04028145090582124 6.592449339835656e-14
0.04122067651112274 6.593073507026731e-14
0.04218180164382002 6.593668156200348e-14
0.043165336925959 6.594234504579699e-14
0.044171804885544536 6.594774358525273e-14
0.04520174023414663 6.595296979595097e-14
0.046255690150979495 6.59578490655698e-14
0.047334214573604344 6.596251166119482e-14
0.048437886495410414 6.596703545493695e-14
0.04956729227003216 6.597138040357752e-14
0.05072303192286451 6.59755819131939e-14
0.051905719469841495 6.597935548850248e-14
0.05311598324364777 6.598306715589956e-14
0.05435446622753626 6.598670551823008e-14
0.05562182639692926 6.599022716455089e-14
0.056918737068984544 6.59934615699059e-14
0.058245887260312136 6.599653085260284e-14
0.05960398205303182 6.599944655557056e-14
0.06099374296936585 6.600243494093352e-14
0.06241590835496589 6.600507136588598e-14
0.06387123377117784 6.600759919484888e-14
0.06536049239645289 6.601017716026016e-14
0.06688447543711816 6.601247003356604e-14
0.06844399254772507 6.601468470739852e-14
0.0700398722611988 6.601699627159042e-14
0.0716729624290174 6.601892783823714e-14
0.07334413067165428 6.602099649356389e-14
0.07505426483952363 6.602289327740764e-14
0.07680427348467332 6.602448502851784e-14
0.07859508634347626 6.602624904836959e-14
0.08042765483057629 6.602797532377533e-14
0.08230295254435131 6.602939695605059e-14
0.08422197578416211 6.603104364083716e-14
0.08618574407966152 6.603252520300018e-14
0.08819530073244539 6.603376207054333e-14
0.09025171337033296 6.603492615707047e-14
0.09235607451457113 6.603640955188093e-14
0.09450950216026408 6.60376220760889e-14
0.09671314037033632 6.603861667475755e-14
0.09896815988334524 6.603970333574253e-14
0.10127575873546546 6.604082975998262e-14
0.10363716289697593 6.604197908732855e-14
0.10605362692358762 6.604269131999973e-14
0.10852643462295801 6.60433777985015e-14
0.11105689973674641 6.604453043460985e-14
0.11364636663857243 6.604526293309918e-14
0.11629621104824843 6.60462487358275e-14
0.1190078407626656 6.604667465403828e-14
0.12178269640372161 6.604756547793817e-14
0.12462225218368743 6.604818747023462e-14
0.1275280166884199 6.604865639726584e-14
0.13050153367883624 6.604958394517415e-14
0.1335443829110759 6.605022192850463e-14
0.13665818097578622 6.605059379895369e-14
0.13984458215697693 6.605125171629822e-14
0.14310527931090045 6.605161551962982e-14
0.14644200476542463 6.605223375359871e-14
0.14985653124037576 6.605262134847585e-14
0.15335067278934078 6.605308755451676e-14
0.1569262857634292 6.605361992318826e-14
0.1605852697975066 6.60542037453174e-14
0.16432956881942368 6.605447512966723e-14
0.16816117208277714 6.605469396260848e-14
0.172082115223751 6.605502929278091e-14
0.1760944813425998 6.605539871040887e-14
0.1802004021103484 6.605563199386452e-14
0.18440205890129596 6.605601371601767e-14
0.18870168395192646 6.60563193828855e-14
0.1931015615468407 6.605668487937227e-14
0.1976040292323402 6.605686291380069e-14
0.20221147905830805 6.605705977788462e-14
0.20692635884904578 6.605710842034233e-14
0.21175117350374192 6.60574104783523e-14
0.2166884863272632 6.605797943071077e-14
0.22174092039197504 6.605800618754493e-14
0.22691115993131514 6.605847211450679e-14
0.23220195176586036 6.605841313267001e-14
0.2376161067626448 6.605878049925702e-14
0.24315650132850383 6.605885737199068e-14
0.24882607893823822 6.605899744167244e-14
0.25462785169840935 6.605912362705612e-14
0.2605649019475973 6.605946182521231e-14
0.26664038389397104 6.605935029303604e-14
0.27285752529104135 6.605969490695275e-14
0.2792196291524867 6.60597519852089e-14
0.2857300755069626 6.605990245463595e-14
0.2923923231938275 6.605991892796276e-14
0.2992099117007387 6.60596213910438e-14
0.3061864630440946 6.606044932036811e-14
0.31332568369332287 6.606087044410067e-14
0.32063136654003577 6.60605278804656e-14
0.3281073929131 6.606031935084525e-14
0.3357577346406907 6.606017719100484e-14
0.343586456160426 6.606104822200242e-14
0.3515977166787018 6.60605912912564e-14
0.359795772380376 6.606071210379653e-14
0.368184978689974 6.606085526978902e-14
0.3767697925856183 6.606115767354164e-14
0.38555477496691104 6.606124453375316e-14
0.394544593078027 6.606185709286214e-14
0.4037440229873054 6.606142521828541e-14
0.4131579521246571 6.606178184730149e-14
0.42279138187813525 6.606096272147085e-14
0.43264943025104924 6.606139353275028e-14
0.4427373345810337 6.606131555542159e-14
0.4530604543225162 6.60610958601559e-14
0.4636242738940635 6.606193477077892e-14
0.47443440559211736 6.606145961805393e-14
0.48549659257266914 6.606087475542743e-14
0.4968167119024568 6.606183235150185e-14
0.5084007776813051 6.606169844790489e-14
0.5202549442372687 6.606229030808053e-14
0.5323855093962742 6.606238701995273e-14
0.5447989178279997 6.606182151627206e-14
0.557501764469769 6.606149244260862e-14
0.5705007980302781 6.606227360234032e-14
0.5838029245750183 6.606196436381159e-14
0.5974152111952977 6.606182420752623e-14
0.6113448897628128 6.606257271663985e-14
0.6255993607717623 6.606191635022841e-14
0.6401861972705483 6.60619566645132e-14
0.6551131488851486 6.606139216203618e-14
0.6703881459363026 6.606243193693678e-14
0.686019303652694 6.606295038953385e-14
0.7020149264823721 6.606324429565697e-14
0.7183835125046995 6.6062208362808e-14
0.7351337579451718 6.606107595199687e-14
0.7522745617955077 6.606215346634478e-14
0.7698150305414633 6.606274826826707e-14
0.7877644830008832 6.606149754006437e-14
0.8061324552745581 6.606341877741985e-14
0.8249287058125218 6.606062117266433e-14
0.8441632205984669 6.606194024856742e-14
0.8638462184550629 6.606282841663467e-14
0.8839881564729563 6.606282973437469e-14
0.9045997355663667 6.606229235404538e-14
0.9256919061582187 6.606285435638254e-14
0.9472758739978306 6.606180738992146e-14
0.9693631061142522 6.606255745800574e-14
0.9919653369084147 6.606216886938446e-14
1.0150945743873274 6.606309566329818e-14
1.0387631065436362 6.606175367579675e-14
1.0629835078839296 6.6063975273201e-14
1.0877686461092637 6.606242429810655e-14
1.1131316889514546 6.60617277002746e-14
1.1390861111687691 6.606367674109594e-14
1.16564570170473 6.606189829112943e-14
1.1928245710138414 6.606221561437345e-14
1.2206371585581264 6.606292415409176e-14
1.2490982404784545 6.606355537865689e-14
1.2782229374447416 6.606418047851537e-14
1.3080267226891875 6.606265108275852e-14
1.3385254302268237 6.606101640112043e-14
1.369735263267732 6.606226209718873e-14
1.4016728028254128 6.60625382401698e-14
1.4343550165258654 6.606351906827267e-14
1.4677992676220706 6.606445001492357e-14
1.5020233242186567 6.606485884608473e-14
1.5370453687116559 6.606237617754482e-14
1.5728840074483612 6.606313129580453e-14
1.6095582806124205 6.606466944318552e-14
1.6470876723394143 6.606398243836602e-14
1.6854921210682972 6.605995671891116e-14
1.7247920301341966 6.605944084203802e-14
1.7650082786082029 6.606169676565052e-14
1.8061622323899016 6.606443556281125e-14
1.848275755558551 6.606108923817762e-14
1.8913712219889245 6.606042269016683e-14
1.935471527238 6.606090343118835e-14
1.9806001007088037 6.606216709942586e-14
2.0267809180978715 6.606138413862836e-14
2.0740385141329463 6.606214969867397e-14
2.1223979956076717 6.606204527219643e-14
2.171885054720213 6.60611422603456e-14
2.222525982722885 6.606244995083935e-14
2.274347683890048 6.606207032967129e-14
2.327377689811681 6.606484850381384e-14
2.3816441740202396 6.605973187542163e-14
2.437175966958554 6.606202285076037e-14
2.4940025712967335 6.606296509207472e-14
2.552154177606206 6.606289147034018e-14
2.611661680399223 6.606216611641495e-14
2.6725566945423505 6.606246856294223e-14
2.7348715720526675 6.606321382726145e-14
2.7986394192855935 6.606434576609374e-14
2.863894114523477 6.606456137007126e-14
2.9306703259742912 6.60646014095812e-14
2.999003530189995 6.606795504124628e-14
3.068930030914351 6.606481604036118e-14
3.1404869783702067 6.606296381066038e-14
3.21371238899649 6.605917912069261e-14
3.2886451656454048 6.606449932706804e-14
3.3653251182505572 6.606215348057756e-14
3.443792984976987 6.606400507658564e-14
3.5240904538643507 6.606398100615879e-14
3.6062601849747473 6.60595049889095e-14
3.6903458330569543 6.606376928407776e-14
3.77639207073912 6.606004998267982e-14
3.8644446122622242 6.606546036088137e-14
3.9545502377669295 6.60643134521963e-14
4.046756818146711 6.606295392720231e-14
4.141113340480481 6.606183750110389e-14
4.237669934058216 6.606485838815418e-14
4.336477897013409 6.605588347671483e-14
4.437589723576497 6.605782912857174e-14
4.541059131963759 6.606633571121415e-14
4.646941092916466 6.606521234260473e-14
4.755291858905486 6.606067029958069e-14
4.866168994016832 6.606364425865172e-14
4.979631404534034 6.605925094167149e-14
5.0957393702336 6.6071123708497e-14
5.214554576410165 6.60714346588505e-14
5.336140146648369 6.606157468787061e-14
5.4605606763588606 6.606038502935081e-14
5.587882267096237 6.605501641646844e-14
5.718172561677172 6.606759806321292e-14
5.851500780117376 6.606621126696744e-14
5.987937756406471 6.606606607631433e-14
6.127555976140354 6.606682988406166e-14
6.270429615030991 6.605891963135152e-14
6.416634578314149 6.606955151571598e-14
6.566248541075969 6.606341212768185e-14
6.719350989519823 6.605927234362032e-14
6.87602326319537 6.606667055080633e-14
7.036348598212252 6.606094126788079e-14
7.200412171461376 6.606491094273442e-14
7.368301145867304 6.605504633915351e-14
7.540104716695753 6.607451544557347e-14
7.715914158940838 6.606195793284769e-14
7.8958228758172275 6.606617398296956e-14
8.07992644838296 6.606809539422417e-14
