results/limits/GDM_h_phase.dat
# %ECSV 1.0
# ---
# datatype:
# - {name: mx, unit: MeV, datatype: float64}
# - {name: sigma, unit: cm2 MeV4, datatype: float64}
# schema: astropy-2.0
mx sigma
[from data line 3330]
2.1333681801346773 0.12472148304374465
2.1412438727565077 0.12657312409192192
2.14914863984136 0.12845676945681933
2.1570825887225786 0.13036143340747605
2.1650458271297484 0.13229397100573037
2.1730384631901423 0.13426374365464705
2.1810606054302224 0.13625706147419864
2.189112362777076 0.13827956746225178
2.197193844559927 0.14033389558695222
2.2053051605116067 0.14240947129241205
2.213446420770031 0.14453300603839236
2.2216177358797253 0.14667447372812892
2.229819216793293 0.148864146777118
2.2380509748729494 0.15106620770419021
2.246313121892024 0.15330983703552642
2.254605770036462 0.15558935754906728
2.262929031906381 0.15789048483196158
2.2712830205175623 0.16023763711096684
2.2796678493030185 0.1626225424863016
2.2880836321145193 0.16503629171934428
2.296530483224124 0.16748171658335673
2.3050085173257653 0.16997046155405293
2.3135178495367685 0.17248657870255882
2.3220585953994495 0.17506191695432047
2.3306308708826675 0.17765134306318353
2.339234792383387 0.18029972667140218
2.34787047672829 0.18298144960172816
2.3565380411753263 0.1856955653082867
2.365237603415336 0.18845596073881146
2.373969281573636 0.1912433921564554
2.382733194211609 0.19409009322077375
2.3915294603283463 0.19696108166775161
2.4003581993622243 0.19989074720478495
2.409219531192562 0.202845553408745
2.418113576141234 0.20586699607196013
2.4270404549742874 0.20892657149096067
2.4360002889036183 0.21202370543698815
2.4449931995885774 0.2151675150297973
2.454019309137657 0.21838605967472358
2.463078740110132 0.22161800904856768
2.4721716155177136 0.22492000281705482
2.481298058826249 0.22824828437185557
2.4904581939573616 0.23165238391607304
2.4996521452901685 0.23507258165377343
2.5088800376629528 0.23856955951185846
2.518141996374844 0.24210095841773607
2.527438147187555 0.24570867800221224
2.5367686163270506 0.24935063159991905
2.5461335304852932 0.2530621971231603
2.5555330168219523 0.2568110641035778
2.564967202966112 0.26064144340835155
2.5744362170180435 0.2645100177908281
2.583940187550899 0.26842680863089985
2.5934792436124976 0.2724098516621615
2.60305351472706 0.27644646793256467
2.612663130896952 0.28056473897700246
2.622308222604481 0.28473235731777313
2.6319889208136518 0.28896172620841193
2.64170535697193 0.2932521945738468
2.651457663012063 0.2976166308552544
2.6612459713538286 0.3020277736504941
2.671070414905871 0.30648542633703585
2.6809311270674896 0.31105826086300353
2.690828241730434 0.31565374302084853
2.70076189328076 0.32037520159958144
2.710732216600609 0.3251094589747793
2.7207393470700816 0.3299572400943907
2.7307834205690553 0.33482856000773714
2.7408645734790156 0.33980675541951405
2.7509829426849457 0.34486938087200686
2.761138665577141 0.3499756743827211
2.771331880053112 0.35519138565102487
2.7815627245194436 0.3604725634645177
2.7918313378936537 0.36577286969031414
2.802137859606121 0.37125492363924206
2.8124824296019324 0.376747314745146
2.8228651883428237 0.3823572727418321
2.8332862768090683 0.38802270020635843
2.8437458365013755 0.3937850239313238
2.8542440094428514 0.3996193067254612
2.864780938180882 0.4055394216146083
2.8753567657891086 0.4115671113656635
2.8859716358693523 0.4176513616037402
2.8966256925535494 0.42391003742079547
2.907319080505745 0.4301888985543187
2.9180519449240134 0.4365941857633236
2.928824431542471 0.44307342541623246
2.939636686633236 0.449594618717239
2.9504888570083962 0.4563081527844819
2.9613810900220474 0.46305464823609727
2.9723135335722413 0.46996307716005187
2.983286336103041 0.4769574870041065
2.9942996466065157 0.4840494936478728
3.005353614624745 0.491194016506202
3.0164483902518935 0.4985206989338011
3.0275841241361996 0.5058951621781738
3.0387609674820646 0.5134072384854698
3.0499790720520856 0.5210430636542042
3.0612385901690984 0.5287688342059286
3.072539674718291 0.5367072120963026
3.083882479149226 0.544641923478234
3.0952671574779718 0.5526939697832272
3.1066938642891726 0.5608703494785441
3.11816275473813 0.5692855659413889
3.129673984552952 0.5777025391516448
3.1412277100366186 0.5862443282446197
3.1528240880691483 0.5949770064696106
3.1644632761097093 0.6037710370674003
3.176145432198737 0.6127501984924614
3.1878707149601255 0.6217969691110743
3.1996392836033323 0.631060836049509
3.2114512979255814 0.6404842761745538
3.2233069183140155 0.6499840996544258
3.235206305747855 0.6596594978290494
3.247149621800622 0.6694354477792845
3.2591370286423142 0.6793685161674606
3.2711686890415894 0.6894324749026093
3.2832447663680178 0.6996870658473059
3.2953654245942516 0.7100619200546568
3.307530828298295 0.720683702299123
3.3197411426657206 0.731272379481361
3.331996533491891 0.7421184760888826
3.3442971671842576 0.7532259172655121
3.3566432107645667 0.76442172194208
3.3690348318711747 0.7757039420335038
3.381472198761302 0.7872004956534081
3.3939554803133003 0.7989566466587306
3.4064848460289916 0.8108223302814501
3.4190604660359143 0.8229494424947377
3.4316825110896834 0.83504153313054
3.4443511525762873 0.8474344655918938
3.4570665625143935 0.8600198728019687
3.4698289135577345 0.8728530426831952
3.482638378997395 0.885809283848436
3.4954951327642143 0.8988532532494142
3.508399349431128 0.9122761255164229
3.5213512042155144 0.9257902199672097
3.534350872981627 0.9395906801401408
3.547398532242922 0.9534219977657402
3.5604943591645086 0.9675732154095714
3.5736385315655292 0.9819847979024567
3.5868312279215555 0.9966898089545245
3.600072627367061 1.011540829738359
3.613362909697795 1.026441052025913
3.6267022553732757 1.041727171281043
3.640090845519219 1.0571868155525763
3.6535288619299746 1.0728308764299397
3.667016487071047 1.088702196316934
3.6805539040815125 1.1049646608029455
3.69414129677656 1.121346557463268
3.7077788496499635 1.1379464640343553
3.7214667478765646 1.1548139671331707
3.735205177314839 1.1721003244825317
3.748994324509361 1.1895323905617419
3.762834376693388 1.2071945578684367
3.7767255217913824 1.225053341213304
3.7906679484215378 1.243168563804239
3.804661845898395 1.261637907117105
3.818707404235351 1.280400675426884
3.8328048141472917 1.2993954508061236
3.8469542670531616 1.3187561758158892
3.8611559550785364 1.3383386724356994
3.8754100710582873 1.3580382954742833
3.8897168085391374 1.3783109691658157
3.9040763617823435 1.3989088930680689
3.918488925766312 1.419640966081039
3.9329546961892206 1.4407653445730568
3.947473869471732 1.4620676830479549
3.9620466427595984 1.4837210980786855
3.9766732139263925 1.5058544462642849
3.991353781576171 1.5282103841525483
4.006088545046148 1.550818029551753
4.020877704409447 1.574003716353984
4.035721460477798 1.5972007253877236
4.050620014804236 1.620856918089706
4.065573569685897 1.6448239514541925
4.080582328166699 1.6695387615400523
4.095646494040153 1.694145021753607
4.110766271852111 1.7192501501277324
4.125941866903517 1.7449337624784018
4.141173485253249 1.7708979272100909
4.1564613337208565 1.797311065552445
4.171805619889419 1.8238577767710082
4.187206552108348 1.8507404404010088
4.202664339496187 1.8784302594486029
4.218179191943509 1.9064261953544632
4.2337513201157 1.9344988283092754
4.249380935455879 1.9634956590712607
4.265068250187745 1.9924919557766627
4.280813477318426 2.0218682506891437
4.296616830641443 2.0522450614707286
4.312478524739534 2.082819784969923
4.328398774987633 2.113429591272402
4.344377797555768 2.144787095428207
4.3604158094119665 2.17670691161126
4.376513028325268 2.2090683762619707
4.392669672868608 2.2419674792850874
4.408885962421848 2.2751768646619976
4.425162117174726 2.3086072771469968
4.441498358129824 2.3432530571174945
4.457894907105627 2.3781630947215393
4.474351986739463 2.4134082339842173
4.490869820490595 2.4490251666790868
4.50744863264322 2.4851488523354384
4.524088648309492 2.5222479429258193
4.540790093432645 2.559833205545746
4.55755319478998 2.598186802006418
4.574378179996013 2.6367830682119884
4.591265277505541 2.6754482890068436
4.60821471661671 2.715238455080621
4.625226727474198 2.755500508400582
4.642301541072263 2.7965643776799807
4.659439389257947 2.838044360445578
4.676640504734193 2.880104998596271
4.693905121062981 2.9228958156542406
4.71123347266856 2.9663818799194432
4.7286257948405614 3.0100767021283814
4.746082323737253 3.0551833634421772
4.763603296388725 3.1004346869071604
4.781188950700072 3.1467427502708487
4.798839525454698 3.1930488748136296
4.816555260317475 3.2407289370934476
4.834336395838071 3.2890583778308464
4.852183173454182 3.3377932995147015
4.870095835494782 3.3871260169670694
4.888074625183487 3.4369303978373855
4.90611978664177 3.4884845605471138
4.924231564892354 3.5404158872957945
4.942410205862503 3.592832646387603
4.960655956387334 3.646417771072157
4.978969064213229 3.7002795387913197
4.9973497780011655 3.755376249635449
5.015798347330069 3.811046008273167
5.034315022700264 3.8679955245508184
5.052900055536803 3.925453023988393
5.071553698192946 3.983242766284167
5.090276203953557 4.043110838980108
5.1090678270385155 4.102460897891299
5.127928822606238 4.163481798349472
5.14685944675706 4.225648426417474
5.165859956536784 4.288579622380372
5.184930609940145 4.352615729766103
5.204071665914276 4.415967426707746
5.2232833843623 4.481508410988782
5.242566026146773 4.548478003259135
5.261919853093303 4.616577579630692
5.281345127994074 4.685011426002989
5.300842114611375 4.754246609622169
5.320411077681265 4.824730657538586
5.340052282917078 4.896227278433785
5.359765997013105 4.968813907440176
5.379552487648187 5.043034891959042
5.399412023489311 5.11778114360428
5.419344874195341 5.193778659517278
5.439351310420586 5.271010222386814
5.459431603818558 5.348044973422668
5.479586027045621 5.429179549114812
5.499814853764665 5.509126401130754
5.520118358648897 5.590115346318378
5.540496817385483 5.673676112205581
5.560950506679368 5.757940809308356
5.581479704257001 5.842891252912847
5.602084688870072 5.930224215956475
5.622765740299376 6.018869997680098
5.6435231393585195 6.10766718139792
5.6643571678978155 6.198969445238887
5.685268108808076 6.290558194901166
5.706256246024418 6.383805312343837
5.7273218645302 6.479289300279813
5.7484652503607965 6.574882830626349
5.769686690607569 6.671774787904798
5.790986473421722 6.771438820427324
5.812364888018186 6.872251340157069
5.833822224679626 6.975034644160617
5.855358774760285 7.0781889814999275
5.8769748306900285 7.182827284890568
5.898670685978274 7.289563093896733
5.920446635217946 7.398207368503192
5.942302974089554 7.507548283996149
5.964239999365115 7.619742371230923
5.98625800891227 7.732741962306259
6.008357301698286 7.847041624575298
6.0305381777940825 7.96436835925896
6.052800938378379 8.082162797916933
6.075145885741749 8.201510551483459
6.097573323290684 8.32381701966562
6.120083555551803 8.447723375506873
6.142676888175887 8.573094193785682
6.1653536279421175 8.701274824428113
6.188114082762202 8.829105543742964
6.21095856168452 8.961645864796631
6.233887374898406 9.094218547045752
6.25690083373826 9.228511797983444
6.279999250687865 9.365464254485671
6.303182939384592 9.503267942915848
6.326452214623618 9.644808944629409
6.349807392362292 9.78897086064466
6.373248789724321 9.934018954018967
6.39677672500417 10.081618575387054
6.420391517671337 10.23090515619801
6.444093488374664 10.3848075501708
6.4678829589467695 10.538164151371497
6.491760252408322 10.693698965921362
6.515725692972515 10.851773490408885
6.5397796060494295 11.013310859588962
6.563922318250417 11.177559684860109
6.588154157392618 11.344235845265656
6.612475452503318 11.512334637365187
6.6368865338245 11.680014468082543
6.661387732817292 11.856360968015585
6.685979382166426 12.031804630773562
6.710661815784854 12.212463987643028
6.735435368818167 12.391192026326074
6.760300377649245 12.574079788734425
6.785257179902784 12.76258025424171
6.810306114449834 12.953499701320675
6.835447521412507 13.14587008792482
6.860681742168472 13.338191044742002
6.886009119355697 13.538272139800876
6.9114299968770565 13.740278478703726
6.936944719904958 13.944078801839119
6.962553634886128 14.1499209979282
6.988257089546206 14.357893944657429
7.014055432894558 14.573313416590095
7.039949015228983 14.78797162949647
7.065938188140419 15.010372825138983
7.092023304517816 15.234057836997286
7.118204718552821 15.459262883194887
7.144482785744682 15.68882241190784
7.170857862905032 15.922294494587739
7.19733030816269 16.158365843804177
7.2239004809686325 16.398027478303305
7.250568742100746 16.637530319542233
7.277335453668837 16.88968345765528
7.304200979119502 17.136332481945402
7.331165683241017 17.39260491105513
7.358229932168399 17.65095428354199
7.385394093388251 17.9164638709588
7.412658535743863 18.18102889912248
7.440023629440171 18.450626556803034
7.467489746048743 18.71845352455619
7.495057258512911 19.004869174849116
7.522726541152789 19.28373416071159
7.550497969670315 19.56931382115518
7.578371921154454 19.861385372173945
7.606348774086199 20.158971122993062
7.634428908343816 20.455258241325932
7.662612705207955 20.75625564699817
7.690900547366785 21.06903380986576
7.719292818921294 21.379151952650773
7.74778990539038 21.700974466992125
7.776392193716201 22.015547890018716
7.805100072269376 22.345362556995674
7.833913930854211 22.68109831222467
7.862834160714108 23.012415693847544
7.891861154536746 23.353651704616436
7.920995306459523 23.710112573545974
7.950237012074867 24.058021242953494
7.979586668435551 24.411408094601303
8.0090446740602 24.774437681635526
8.038611428938578 25.14429444735699
8.068287334537127 25.51463231398156
8.098072793804365 25.896542496724962
8.127968211176322 26.277285484364086
8.157973992582134 26.66940927511815
8.188090545449429 27.059963166023856
8.218318278709972 27.465312185730323
8.248657602805173 27.8721407405837
8.279108929691601 28.293932660076845
8.309672672846704 28.71285917355521
8.340349247274283 29.13057402013821
8.37113906951025 29.560845314714665
8.402042557628226 30.011546588685807
8.433060131245174 30.452775403783725
8.464192211527214 30.90552526463627
8.495439221195202 31.360914273794126
8.526801584530592 31.829153536115214
8.558279727381144 32.309841451379164
8.589874077166659 32.79007172601735
8.621585062884897 33.279645179413336
8.653413115117273 33.771431989655845
8.685358666034809 34.261036662844226
8.71742214940397 34.77564300401713
8.749604000592484 35.28519156714529
8.781904656575389 35.82028237342484
8.814324555940818 36.34554939621831
8.846864138896079 36.88561207805615
8.879523847273582 37.43569677079075
8.912304124536782 37.99098014992797
8.94520541578633 38.55229429965029
8.978228167765963 39.11856123808308
9.01137282886871 39.704140085004084
9.044639849142916 40.29788609732875
9.078029680298304 40.89188427625613
9.111542775712229 41.50210306885839
9.145179590435697 42.107816893316055
9.178940581199665 42.74194464935371
9.212826206421193 43.36995634415147
9.246836926209609 44.02153637072167
9.280973202372865 44.68098007665229
9.31523549842376 45.345650951805275
9.349624279586177 46.00827180011541
9.384140012801518 46.70223427899181
9.41878316673491 47.38826740556882
9.453554211781693 48.088913468582184
9.488453620073752 48.805714687823894
9.523481865485868 49.52543851029924
9.55863942364229 50.26880021864531
9.593926771923039 51.00590890761001
9.62934438947052 51.759981062519515
9.664892757195979 52.527490204678216
9.700572357785965 53.30881250147797
9.73638367570903 54.11501760085801
9.772327197222138 54.91607492806758
9.808403410377421 55.73426411852249
9.844612805028733 56.58260401074299
9.880955872838252 57.39186793987999
9.917433107283285 58.24042272067709
9.95404500366282 59.09961581809807
9.990792059104383 59.97809167020508
10.027674772570732 60.88139279340836
10.06469364486657 61.78744646267865
10.101849178645487 62.700195077781
10.139141878416625 63.63469869940382
10.176572250551667 64.56538182433094
10.214140803291652 65.53728532879974
10.251848046753821 66.51000975435669
10.289694492938676 67.5077823463193
10.327680655736778 68.49736398303479
10.365807050935862 69.51802006342055
10.404074196227784 70.55245951172994
10.442482611215482 71.59028058395121
