results/limits/GDM_l_phase.dat
# %ECSV 1.0
# ---
# datatype:
# - {name: mx, unit: MeV, datatype: float64}
# - {name: sigma_10, unit: cm2, datatype: float64}
# - {name: sigma_9, unit: cm2, datatype: float64}
# - {name: sigma_7, unit: cm2, datatype: float64}
# - {name: sigma_6, unit: cm2, datatype: float64}
# - {name: sigma_5, unit: cm2, datatype: float64}
# - {name: sigma_4, unit: cm2, datatype: float64}
# - {name: sigma_3, unit: cm2, datatype: float64}
# - {name: sigma_2, unit: cm2, datatype: float64}
# schema: astropy-2.0
mx sigma_10 sigma_9 sigma_7 sigma_6 sigma_5 sigma_4 sigma_3 sigma_2
[from data line 559]
0.12462225218368743 1.5964872411449794e-33 1.5934780517269607e-29 1.5934476081784876e-21 1.5934422448880013e-17 1.592906353253968e-13 1.540652499650638e-09 2.187467747586898e-06 5.4559311068396965e-06
0.1275280166884199 1.750519842815319e-33 1.7473687154917406e-29 1.747336833142375e-21 1.747330952033948e-17 1.746743305986708e-13 1.689442970152684e-09 2.398725221576205e-06 5.9828445779809895e-06
0.13050153367883624 1.9194354382591726e-33 1.9161356500695995e-29 1.916102260511986e-21 1.9160958115360613e-17 1.9154514080670147e-13 1.8526167553851943e-09 2.6304045863445266e-06 6.560693853448829e-06
0.1335443829110759 2.104649883818189e-33 2.1011944373030905e-29 2.101159469309312e-21 2.101152397654117e-17 2.1004457576819555e-13 2.031542532517863e-09 2.884449133559675e-06 7.194325846059079e-06
0.13665818097578622 2.307736216728294e-33 2.3041177791834793e-29 2.3040811580862696e-21 2.304073403649216e-17 2.303298519179129e-13 2.2277408924674397e-09 3.1630178468915036e-06 7.88912544259533e-06
0.13984458215697693 2.5304396279167494e-33 2.526650494128323e-29 2.5266121414387552e-21 2.526603638247409e-17 2.5257539144868154e-13 2.442898839537888e-09 3.4685059890652545e-06 8.65106685155785e-06
0.14310527931090045 2.7746321597339826e-33 2.770664291909889e-29 2.7706241257164014e-21 2.7706148015016595e-17 2.769683014185315e-13 2.6788260655297766e-09 3.8034830184420454e-06 9.48655875614465e-06
0.14644200476542463 3.0424118850559546e-33 3.038256834004559e-29 3.0382147681691932e-21 3.038204543605127e-17 3.037182763005662e-13 2.9375507267969947e-09 4.170828576350608e-06 1.0402783490686977e-05
0.14985653124037576 3.336034269539997e-33 3.33168322207804e-29 3.3316391667098586e-21 3.3316279548841354e-17 3.330507492863278e-13 3.2212532039334436e-09 4.573638436969549e-06 1.1407462463036186e-05
0.15335067278934078 3.6580098468017315e-33 3.653453539147408e-29 3.653407399719298e-21 3.65339510527535e-17 3.652166429531562e-13 3.53236040982831e-09 5.01535840892378e-06 1.250919012880682e-05
0.1569262857634292 4.011076681849158e-33 4.006305431131613e-29 4.006257108790469e-21 4.006243627162007e-17 4.004896284698809e-13 3.8735192808157835e-09 5.499746697170148e-06 1.3717340115268363e-05
0.1605852697975066 4.3982370509650326e-33 4.393240711533907e-29 4.393190102650604e-21 4.3931753191729434e-17 4.3916978474569906e-13 4.24763216781312e-09 6.0309241524683886e-06 1.5042190552405388e-05
0.16432956881942368 4.8227575137415905e-33 4.8175254892921733e-29 4.817472485575085e-21 4.8174562745960704e-17 4.815836112672038e-13 4.657856960479859e-09 6.6133744476663534e-06 1.6494924512603953e-05
0.16816117208277714 5.2882624577275985e-33 5.282783632069768e-29 5.282728119853262e-21 5.2827103435297134e-17 5.280933711702879e-13 5.107697453026515e-09 7.252072381968586e-06 1.8087950024169974e-05
0.172082115223751 5.798723735302417e-33 5.79298644760131e-29 5.792928307583938e-21 5.792908814712865e-17 5.790960597701782e-13 5.600993367879377e-09 7.95246971621606e-06 1.9834864742013866e-05
0.1760944813425998 6.358476729246488e-33 6.352468799087261e-29 6.352407906572377e-21 6.352386531368016e-17 6.350250156037278e-13 6.141935937615507e-09 8.720517296616492e-06 2.175051112814336e-05
0.1802004021103484 6.97226428761486e-33 6.965972950041556e-29 6.965909174267717e-21 6.96588573499099e-17 6.963543033338843e-13 6.7351102962352355e-09 9.562725243230306e-06 2.3851126572383385e-05
0.18440205890129596 7.645334816042028e-33 7.638746674809741e-29 7.638679878461182e-21 7.638654175719137e-17 7.636085214869528e-13 7.385590339195238e-09 1.0486297635282776e-05 2.61546793213444e-05
0.18870168395192646 8.383388118206992e-33 8.376489180628151e-29 8.376419220171344e-21 8.376391035398588e-17 8.373573965779901e-13 8.098886438010723e-09 1.1499058274682151e-05 2.8680683319518746e-05
0.1931015615468407 9.192716865724326e-33 9.185492463574402e-29 9.18541918843908e-21 9.18538828190361e-17 9.18229913788837e-13 8.881082111594582e-09 1.2609644736362967e-05 3.145068220512684e-05
0.1976040292323402 1.008016819282757e-32 1.0072603008036349e-28 1.007252626085615e-20 1.0072492369794067e-16 1.0069104883219207e-12 9.738796995748145e-09 1.3827455791183308e-05 3.4488118173532435e-05
0.20221147905830805 1.1053315788097848e-32 1.10453937098417e-28 1.1045313324986408e-20 1.104527616115821e-16 1.1041561517026425e-12 1.0679353068373898e-08 1.5162887417804107e-05 3.781892063257461e-05
0.20692635884904578 1.2120405383575176e-32 1.2112109628325225e-28 1.2112025433089815e-20 1.211198468051936e-16 1.210791129094375e-12 1.1710722201488242e-08 1.6627258335357472e-05 4.147132046788393e-05
0.21175117350374192 1.3290584823255504e-32 1.3281897703440438e-28 1.3281809515678555e-20 1.328176482761896e-16 1.3277298028512784e-12 1.2841748263763645e-08 1.823312535174741e-05 4.547663657726883e-05
0.2166884863272632 1.4573822347712301e-32 1.4564725357596982e-28 1.4564632986560085e-20 1.456458398273372e-16 1.4559685757874062e-12 1.4082068422400771e-08 1.999417162552806e-05 4.9868997176095105e-05
0.22174092039197504 1.5980852184512435e-32 1.5971326071016286e-28 1.597122931804292e-20 1.5971175582064578e-16 1.5965804305459523e-12 1.5442060521570744e-08 2.1925131952131145e-05 5.468515344793459e-05
0.22691115993131514 1.752386523134155e-32 1.7513889674656235e-28 1.7513788329896902e-20 1.7513729404374265e-16 1.7507839350479467e-12 1.6933510500288e-08 2.404274038513146e-05 5.996684307945379e-05
0.23220195176586036 1.9215735621081873e-32 1.920528950315817e-28 1.9205183348263693e-20 1.920511873249846e-16 1.9198659846347353e-12 1.8568865157577426e-08 2.636466928830583e-05 6.575814406877091e-05
0.2376161067626448 2.1071113809217906e-32 2.106017486783166e-28 2.106006367239897e-20 2.1059992816412072e-16 2.105291011633925e-12 2.036228842292233e-08 2.8911029062235083e-05 7.21092153086151e-05
0.24315650132850383 2.3105565405566443e-32 2.309411043412437e-28 2.309399395768352e-20 2.309391625913627e-16 2.3086149528934485e-12 2.232882925377812e-08 3.170318669855169e-05 7.907334985184894e-05
0.24882607893823822 2.5336501032355963e-32 2.532450566735986e-28 2.532438365716463e-20 2.5324298455152582e-16 2.5315781623649726e-12 2.448532028227314e-08 3.4765041707298344e-05 8.671015729976775e-05
0.25462785169840935 2.778286812015932e-32 2.7770306877619876e-28 2.777017906896327e-20 2.777008563884638e-16 2.776074626304986e-12 2.6850080065894456e-08 3.812260336291844e-05 9.508450937889578e-05
0.2605649019475973 3.046557502803079e-32 3.0452421171520913e-28 3.045228728633607e-20 3.045218483314263e-16 3.044194343880529e-12 2.944332299097047e-08 4.180457269834486e-05 0.00010426799153708697
0.26664038389397104 3.3407130515210596e-32 3.339335619057783e-28 3.33932159387441e-20 3.339310359178668e-16 3.338187313513118e-12 3.228681095006475e-08 4.5841847945411197e-05 0.00011433766942451736
0.27285752529104135 3.6632992406262855e-32 3.6618568176908944e-28 3.661842125145835e-20 3.66182980544144e-16 3.660598293049243e-12 3.540515673682442e-08 5.0269375136589696e-05 0.0001253807046214374
0.2792196291524867 4.017021313944246e-32 4.0155108473757302e-28 4.015495455574263e-20 4.0154819461289123e-16 4.014131496753208e-12 3.8824515400837894e-08 5.5124290048717794e-05 0.00013748972031749047
0.2857300755069626 4.404908393728171e-32 4.403326669372591e-28 4.4033105446910896e-20 4.403295730583038e-16 4.401814855299036e-12 4.257417296354747e-08 6.044817391271852e-05 0.00015076842745035977
0.2923923231938275 4.8302445399495344e-32 4.828588199476279e-28 4.828571306723352e-20 4.828555061983796e-16 4.826931167455057e-12 4.668588052016313e-08 6.628610795017715e-05 0.00016532926655291814
0.2992099117007387 5.296630133789342e-32 5.2948956697180235e-28 5.294877972073533e-20 5.294860158622507e-16 5.2930794407208325e-12 5.119444752379016e-08 7.268751573714082e-05 0.00018129550875739826
0.3061864630440946 5.80815123002787e-32 5.806334917606226e-28 5.806316375916795e-20 5.8062968419295505e-16 5.804344122421471e-12 5.613937858164079e-08 7.970848717978728e-05 0.00019880705220137583
0.31332568369332287 6.369037924638813e-32 6.3671359151031375e-28 6.36711648881914e-20 6.367095068241405e-16 6.364953746314049e-12 6.156157189899488e-08 8.74070908594509e-05 0.00021800873018791667
0.32063136654003577 6.984013065874328e-32 6.982021347034978e-28 6.982000993795708e-20 6.981977504686163e-16 6.979629391243396e-12 6.750668955704436e-08 9.58481592610155e-05 0.00023906224639077834
0.3281073929131 7.658389126923308e-32 7.656303457594491e-28 7.656282132545931e-20 7.656256375092889e-16 7.653681494481101e-12 7.402609388754199e-08 0.00010510461826762201 0.00026214949084914484
0.3357577346406907 8.397896836993617e-32 8.395712772831458e-28 8.395690428872997e-20 8.39566218398736e-16 8.392838633323215e-12 8.117519145542873e-08 0.0001152551358941798 0.0002874666754935148
0.343586456160426 9.208959688662028e-32 9.206672562937726e-28 9.206649150504371e-20 9.20661817748927e-16 9.20352189368332e-12 8.901608674062572e-08 0.00012638789006974116 0.0003152337316607426
0.3515977166787018 1.009815741079751e-31 1.0095762410410115e-27 1.0095737878235018e-19 1.0095703914260024e-15 1.0092308621447143e-11 9.7612395563104e-08 0.00013859320457235095 0.00034567594281426035
0.359795772380376 1.107331731975765e-31 1.1070809331121496e-27 1.107078362463696e-19 1.1070746380541667e-15 1.1067023170557845e-11 1.0703979475368337e-07 0.00015197852778942663 0.00037906130421934116
0.368184978689974 1.2142657263425425e-31 1.214003095251402e-27 1.2140004014646718e-19 1.213996317362677e-15 1.2135880374642513e-11 1.1737773784669074e-07 0.00016665667039294702 0.00041567118562651584
0.3767697925856183 1.3315301351380347e-31 1.3312551134262507e-27 1.331252290510505e-19 1.3312478119663657e-15 1.3308000991409484e-11 1.2871444043705625e-07 0.00018275288370907963 0.0004558179859762325
0.38555477496691104 1.4601149922418288e-31 1.4598269967503355e-27 1.4598240384310632e-19 1.4598191273647317e-15 1.4593281746359792e-11 1.411456232484145e-07 0.00020040307508602484 0.0004998406822108995
0.394544593078027 1.6011306908573913e-31 1.60082910496583e-27 1.6008260045928414e-19 1.6008206191890377e-15 1.600282246156179e-11 1.5477864330511502e-07 0.00021975967346430953 0.000548119459043695
0.4037440229873054 1.7557385026707865e-31 1.7554226925588166e-27 1.7554194432687396e-19 1.755413537805769e-15 1.754823173527159e-11 1.6972577849395352e-07 0.00024098209458251743 0.0006010519274967792
0.4131579521246571 1.9252993100259514e-31 1.924968598563492e-27 1.9249651930092932e-19 1.924958717187616e-15 1.924311333058649e-11 1.8611860385434e-07 0.00026425715289437 0.0006591040358294531
0.42279138187813525 2.1111987774596627e-31 2.1108524698821353e-27 2.1108489004915974e-19 2.11084179935041e-15 2.1101319007603e-11 2.040910930425012e-07 0.0002897750684865442 0.0007227502265514135
0.43264943025104924 2.3150926930586945e-31 2.3147300455289788e-27 2.3147263041779906e-19 2.3147185171866173e-15 2.3139400526839736e-11 2.238033340081432e-07 0.00031776313935572486 0.0007925574210319028
0.4427373345810337 2.538659535296319e-31 2.538279779894469e-27 2.53827585815866e-19 2.538267319140156e-15 2.5374136727934887e-11 2.4541761100091427e-07 0.00034845178187557855 0.0008691003184233994
0.4530604543225162 2.7838110910356396e-31 2.7834134222082255e-27 2.783409311218169e-19 2.783399947564524e-15 2.782463860503027e-11 2.6911876477328743e-07 0.0003821034388646919 0.000953033497491362
0.4636242738940635 3.0526862385267084e-31 3.0522698034258338e-27 3.0522654937617685e-19 3.0522552256699974e-15 3.051228719713823e-11 2.9511359185873296e-07 0.00041901172666249483 0.001045089289270859
0.47443440559211736 3.347465267839406e-31 3.347029192495946e-27 3.3470246744506998e-19 3.3470134147834886e-15 3.345887778507677e-11 3.2361289532049476e-07 0.00045947595020766997 0.0011460142131687215
0.48549659257266914 3.6707043374281557e-31 3.6702476918889014e-27 3.670242955103027e-19 3.670230608124384e-15 3.668996270462597e-11 3.5486381630350754e-07 0.0005038470084107549 0.001256683473074685
0.4968167119024568 4.025251305587666e-31 4.024773111908441e-27 4.0247681454410104e-19 4.024754605835009e-15 4.023401037975375e-11 3.8914170023820163e-07 0.0005525158455298808 0.0013780721530517392
0.5084007776813051 4.413971677623974e-31 4.413470924848206e-27 4.413465717327527e-19 4.4134508701389e-15 4.41196657958407e-11 4.267236002497592e-07 0.0006058758304628616 0.0015111613846426988
0.5202549442372687 4.840285443266124e-31 4.839761062583151e-27 4.839755601936996e-19 4.839739320705932e-15 4.838111664803138e-11 4.6794017832514525e-07 0.0006643964476859214 0.0016571221450932103
0.5323855093962742 5.307735385068278e-31 5.307186262078309e-27 5.307180535653637e-19 5.307162682002683e-15 5.305377826643175e-11 5.131339700863841e-07 0.0007285640402425081 0.0018171674598946286
0.5447989178279997 5.820272336680337e-31 5.8196973147827136e-27 5.819691309366024e-19 5.819671731627405e-15 5.817714514013829e-11 5.626869646141558e-07 0.0007989209684598898 0.001992650071542898
0.557501764469769 6.382326333814067e-31 6.38172418899591e-27 6.381717890542326e-19 6.381696422146007e-15 6.379550189640761e-11 6.170274810092019e-07 0.000876075373511214 0.0021850867915876155
0.5705007980302781 6.998776149717649e-31 6.998145591276166e-27 6.9981389849014815e-19 6.998115442865626e-15 6.995761902075918e-11 6.766272254096211e-07 0.000960696998874431 0.002396148078612222
0.5838029245750183 7.67464198999054e-31 7.673981686436229e-27 7.673974756673731e-19 7.673948941128874e-15 7.671368110332876e-11 7.419715811154337e-07 0.0010534750072999032 0.0026275528262971067
0.5974152111952977 8.415798888517802e-31 8.41510743634618e-27 8.415100166802193e-19 8.415071858115704e-15 8.412241779786273e-11 8.136285789318607e-07 0.0011552159071120825 0.0028813126089204063
0.6113448897628128 9.228656882089205e-31 9.227932800797493e-27 9.22792517408287e-19 9.227894131059253e-15 9.224790691939053e-11 8.922179768609697e-07 0.001266799650565706 0.0031596221829005644
0.6255993607717623 1.0119813196140429e-30 1.0119054965408591e-26 1.0119046963507891e-18 1.0119012922758989e-14 1.0115609790894565e-10 9.783776351948687e-07 0.0013891318921265049 0.003464740410512044
0.6401861972705483 1.109714217900707e-30 1.1096348175230097e-26 1.1096339778817186e-18 1.1096302450466147e-14 1.1092570645720873e-10 1.0728688888692948e-06 0.0015232935995126474 0.0037993634162602485
0.6551131488851486 1.216874815715721e-30 1.2167916700162605e-26 1.2167907889064623e-18 1.2167866955972203e-14 1.2163774772666584e-10 1.176475313217089e-06 0.0016703973180702046 0.004166266084834605
0.6703881459363026 1.3344161004881769e-30 1.3343290310779183e-26 1.3343281063451967e-18 1.3343236176421073e-14 1.3338748703923503e-10 1.2901183105293764e-06 0.001831751284273552 0.004568711389178839
0.686019303652694 1.463299702110178e-30 1.4632085244264114e-26 1.4632075538213226e-18 1.4632026315698185e-14 1.4627105409345218e-10 1.4147276433125158e-06 0.0020086756046983397 0.005009991908366801
0.7020149264823721 1.6046262167926675e-30 1.604530737618679e-26 1.604529718766981e-18 1.604524321110164e-14 1.6039847024849497e-10 1.551367433645533e-06 0.00220268115394341 0.005493876030632542
0.7183835125046995 1.759566976524748e-30 1.759466994388427e-26 1.759465924792703e-18 1.7594600059333853e-14 1.7588682807865893e-10 1.7011701961104133e-06 0.0024153759124730927 0.006024374343398072
0.7351337579451718 1.9294660715736003e-30 1.9293613746407863e-26 1.9293602516532907e-18 1.9293537612728576e-14 1.9287048990459975e-10 1.8654354775684855e-06 0.002648605018529975 0.006606088947492181
0.7522745617955077 2.1158412247190963e-30 2.1157315861340483e-26 2.115730406903761e-18 2.115723289578085e-14 2.115011749293169e-10 2.0456306999361074e-06 0.0029044519647347853 0.007244216441682043
0.7698150305414633 2.3202024614108464e-30 2.3200876500690684e-26 2.320086411650741e-18 2.3200786068760545e-14 2.3192983397206165e-10 2.2432158533534925e-06 0.003184989691834537 0.007943927106497155
