results/limits/GDM_h_phase.dat
# %ECSV 1.0
# ---
# datatype:
# - {name: mx, unit: MeV, datatype: float64}
# - {name: sigma, unit: cm2 MeV4, datatype: float64}
# schema: astropy-2.0
mx sigma
3.162277660168379e-07 2.2886747940574885e-28
3.2360111549336787e-07 2.5097133625354943e-28
3.311463862505236e-07 2.7520996782657362e-28
3.388675869043115e-07 3.017895491542293e-28
3.4676881953794695e-07 3.3093616749939495e-28
3.548542818811901e-07 3.6289774547411575e-28
3.6312826954049566e-07 3.9794614987387717e-28
3.715951782811629e-07 4.363795042090389e-28
3.8025950636269697e-07 4.78524724532473e-28
3.89125856928623e-07 5.247403002346131e-28
3.9819894045202297e-07 5.754193433320335e-28
4.0748357723809307e-07 6.309929323410709e-28
4.169846999850535e-07 6.919337790435441e-28
4.2670735640476865e-07 7.587602493541313e-28
4.3665671190447213e-07 8.320407726389316e-28
4.4683805233101997e-07 9.123986767435171e-28
4.572567867791303e-07 1.0005174900909746e-27
4.6791845046510194e-07 1.0971467557795612e-27
4.788287076675383e-07 1.2031084072061296e-27
4.899933547366384e-07 1.3193037596776896e-27
5.014183231736547e-07 1.4467211766869833e-27
5.131096827821533e-07 1.5864444773042747e-27
5.250736448927506e-07 1.7396621549641322e-27
5.373165656630395e-07 1.9076774871253067e-27
5.4984494945446e-07 2.091919620741125e-27
5.626654522879044e-07 2.293955728702986e-27
5.757848853798981e-07 2.515504340487804e-27
5.892102187612295e-07 2.7584499598659296e-27
6.029485849799565e-07 3.0248590946602478e-27
6.17007282890752e-07 3.3169978345115994e-27
6.313937815326057e-07 3.637351126498804e-27
6.461157240969403e-07 3.9886439119613666e-27
6.611809319882495e-07 4.3738643052781554e-27
6.765974089794179e-07 4.796289010715388e-27
6.923733454639272e-07 5.259511194472425e-27
7.085171228072106e-07 5.7674710480320895e-27
7.250373177994646e-07 6.324489303556658e-27
7.419427072122865e-07 6.935303986984265e-27
7.592422724615558e-07 7.605110719273122e-27
7.769452043790388e-07 8.339606910392438e-27
7.950609080952509e-07 9.145040222484691e-27
8.135990080361694e-07 1.0028261712346194e-26
8.325693530364543e-07 1.0996784107156863e-26
8.519820215718901e-07 1.2058845708199615e-26
8.718473271138315e-07 1.3223480464466287e-26
8.921758236084957e-07 1.4500594819983378e-26
9.12978311084014e-07 1.5901051973604425e-26
9.342658413882192e-07 1.7436764285934016e-26
9.560497240602198e-07 1.9120794604177654e-26
9.78341532338879e-07 2.0967467376832004e-26
1.0011531093113902e-06 2.2992490494925623e-26
1.0244965742052174e-06 2.5213088910407548e-26
1.048384328826741e-06 2.764815114700537e-26
1.0728290641500308e-06 3.031838996478432e-26
1.0978437670592484e-06 3.32465185568993e-26
1.1234417272482566e-06 3.6457443731254096e-26
1.149636544281106e-06 3.997847778184075e-26
1.1764421348171486e-06 4.38395708017421e-26
1.2038727400046132e-06 4.8073565449299904e-26
1.2319429330465773e-06 5.271647629982439e-26
1.2606676269433496e-06 5.780779618640732e-26
1.2900620824153782e-06 6.339083214070661e-26
1.3201419160108953e-06 6.951307374770724e-26
1.3509231084026028e-06 7.622659710883808e-26
1.38242201287781e-06 8.35885077936262e-26
1.4146553640265304e-06 9.166142659215901e-26
1.447640286632156e-06 1.0051402216368861e-25
1.4813943047694329e-06 1.1022159514253166e-25
1.5159353511145682e-06 1.208667186399035e-25
1.5512817764724183e-06 1.3253994061366773e-25
1.587452359525819e-06 1.45340554083117e-25
1.6244663168122348e-06 1.5937744174506548e-25
1.6623433129330315e-06 1.7477000205430763e-25
1.7011034710007933e-06 1.9164916494442607e-25
1.740767383330235e-06 2.1015850538878716e-25
1.7813561223783898e-06 2.304554648342144e-25
1.8228912519398869e-06 2.5271269024378003e-25
1.8653948386032614e-06 2.771195026820929e-25
1.908889463474389e-06 3.0388350776765624e-25
1.9533982341732686e-06 3.33232361488098e-25
1.9989447971105317e-06 3.654157067121475e-25
2.045553350050195e-06 4.007072966274372e-25
2.0932486549653353e-06 4.394073232074396e-25
2.1420560511935146e-06 4.818449710089019e-25
2.192001468898943e-06 5.283812167048369e-25
2.2431114428485372e-06 5.794119000126831e-25
2.2954131265091837e-06 6.353710905740181e-25
2.3489343064737076e-06 6.967347800823384e-25
2.403703417223201e-06 7.6402493123376715e-25
2.4597495562335635e-06 8.37813917491171e-25
2.5171024994342686e-06 9.187293917561133e-25
2.575792717027583e-06 1.0074596250824093e-24
2.635851389676631e-06 1.1047593614938097e-24
2.6973104250709106e-06 1.2114562374690127e-24
2.760202474878063e-06 1.3284578222178865e-24
2.8245609520908932e-06 1.4567593369842133e-24
2.8904200487788716e-06 1.597452121181616e-24
2.9578147542535346e-06 1.7517329146186598e-24
3.026780873657441e-06 1.920914037899152e-24
3.097355046986562e-06 2.1064345540286777e-24
3.1695747685562034e-06 2.309872510048253e-24
3.2434784069208122e-06 2.5329583598779068e-24
3.319105225258239e-06 2.7775896829037435e-24
3.3964954022292982e-06 3.0458473258250423e-24
3.4756900533236943e-06 3.340013101711969e-24
3.5567312527036693e-06 3.662589199050909e-24
3.6396620555569646e-06 4.016319468344043e-24
3.7245265209709786e-06 4.404212755846435e-24
3.811369735340273e-06 4.829568501019605e-24
3.900237836319859e-06 5.296004804198946e-24
3.991178037336996e-06 5.807489194843536e-24
4.0842386526745176e-06 6.368372385029582e-24
4.179469123139017e-06 6.983425276395066e-24
4.2769200423275275e-06 7.65787954026932e-24
4.376643183506652e-06 8.397472118433814e-24
4.478691527118417e-06 9.208494022379929e-24
4.583119288927478e-06 1.0097843848925954e-23
4.689981948824612e-06 1.1073086451752974e-23
4.799336280301815e-06 1.2142517291900835e-23
4.911240380614659e-06 1.3315233005906844e-23
5.0257537016479225e-06 1.4601208772233902e-23
5.142937081500915e-06 1.601138316597638e-23
5.262852776809252e-06 1.7557751203483714e-23
5.385564495820272e-06 1.9253466371600362e-23
5.511137432239651e-06 2.1112952509554465e-23
5.639638299867211e-06 2.315202649630228e-23
5.771135368040315e-06 2.5388032806226494e-23
5.905698497903673e-06 2.7839991017897335e-23
6.043399179524854e-06 3.052875762011149e-23
6.184310569875183e-06 3.347720339747283e-23
6.32850753169624e-06 3.671040797241074e-23
6.47606667327258e-06 4.025587315047268e-23
6.627066389131828e-06 4.414375685683199e-23
6.781586901693754e-06 4.84071295938582e-23
6.939710303890459e-06 5.308225587366232e-23
7.101520602780329e-06 5.820890251098336e-23
7.267103764178904e-06 6.38306770752502e-23
7.436547758330399e-06 6.999539862766261e-23
7.609942606644117e-06 7.675550459226027e-23
7.787380429520604e-06 8.416849683523146e-23
7.968955495292936e-06 9.229743059029899e-23
8.15476427030917e-06 1.0121145104097495e-22
8.344905470182516e-06 1.1098638125939897e-22
8.539480112236516e-06 1.2170536729540384e-22
8.738591569173047e-06 1.3345958542729544e-22
8.942345623991688e-06 1.463490176006791e-22
9.150850526189614e-06 1.6048330200335674e-22
9.364217049271877e-06 1.7598266557773557e-22
9.58255854960264e-06 1.9297894664648759e-22
9.805991026628606e-06 2.1161671659351496e-22
1.0034633184506672e-05 2.320545090944721e-22
1.0268606495168497e-05 2.5446616912678534e-22
1.0508035262855554e-05 2.790423313638298e-22
1.07530466901589e-05 3.0599204195267526e-22
1.1003770945598772e-05 3.3554453655732562e-22
1.1260341232779899e-05 3.6795119000194133e-22
1.1522893861159297e-05 4.0348765509138343e-22
1.1791568318464117e-05 4.424562069129184e-22
1.206650734479802e-05 4.851883137873972e-22
1.2347857008475478e-05 5.320474571966617e-22
1.263576678362426e-05 5.834322236029328e-22
1.293038962959737e-05 6.397796942891205e-22
1.3231882072236462e-05 7.015691636040808e-22
1.3540404287030327e-05 7.693262162573532e-22
1.3856120184212054e-05 8.4362719685193265e-22
1.4179197495840522e-05 9.251041137610543e-22
1.4509807864912299e-05 1.0144500134590937e-21
1.484812693655133e-05 1.1124248772672293e-21
1.5194334451324849e-05 1.2198620823993422e-21
1.5548614340735104e-05 1.337675498390432e-21
1.5911154824937624e-05 1.4668672504438794e-21
1.6282148512737936e-05 1.6085362493620634e-21
1.6661792503919872e-05 1.7638875401520818e-21
1.7050288493959805e-05 1.9342425481802765e-21
1.7447842881182494e-05 2.1210503223246204e-21
1.785466687641539e-05 2.3258998600535902e-21
1.8270976615199758e-05 2.550533620465913e-21
1.869699327261814e-05 2.796862349781866e-21
1.91329431807992e-05 3.0669813326081006e-21
1.957905794916243e-05 3.3631882169155094e-21
2.003557458746648e-05 3.688002550224875e-21
2.0502735631726606e-05 4.044187222934154e-21
2.0980789273068064e-05 4.4347719601496206e-21
2.1469989489583918e-05 4.86307909229952e-21
2.1970596181267336e-05 5.3327518256337856e-21
2.2482875308090033e-05 5.847785217110627e-21
2.3007099031300245e-05 6.412560166261654e-21
2.354354585801526e-05 7.031880686236885e-21
2.4092500789185385e-05 7.711014733802291e-21
2.4654255471007912e-05 8.455739066281583e-21
2.5229108349871537e-05 9.272388355035466e-21
2.5817364830913554e-05 1.0167909059788297e-20
2.641933744027406e-05 1.1149918507285002e-20
2.7035345991133382e-05 1.2226769738102662e-20
2.7665717753620915e-05 1.3407622495049365e-20
2.8310787628685666e-05 1.4702521163995185e-20
2.8970898326020842e-05 1.6122480243949022e-20
2.964640054613707e-05 1.7679577953999606e-20
3.033765316668089e-05 1.9387059050119827e-20
3.104502343309761e-05 2.1259447507977803e-20
3.176888715373972e-05 2.331266986899729e-20
3.25096288995246e-05 2.5564190985481314e-20
3.326764220824756e-05 2.803316245626898e-20
3.4043329793658724e-05 3.074058541268314e-20
3.483710375941493e-05 3.3709489348605113e-20
3.5649385818020195e-05 3.6965127955047354e-20
3.648060751487119e-05 4.053519377720217e-20
3.73312104575266e-05 4.445005407562693e-20
3.820164655032238e-05 4.8743008841396283e-20
3.90923782344573e-05 5.345057400566134e-20
4.0003878733676586e-05 5.86127925990735e-20
4.093663230568398e-05 6.427357458158249e-20
4.1891134499415887e-05 7.048107083487263e-20
4.2867892418314344e-05 7.728808276108198e-20
4.386742498973848e-05 8.475251106415872e-20
4.489026324065786e-05 9.293784849245923e-20
4.5936950579773975e-05 1.0191371992534333e-19
4.700804308621986e-05 1.1175647480415315e-19
4.8104109804991236e-05 1.2254983584634715e-19
4.922573304926602e-05 1.3438561243428724e-19
5.0373508709772956e-05 1.4736447946208164e-19
5.154804657137365e-05 1.6159683649248672e-19
5.27499706370262e-05 1.7720374453264853e-19
5.397991945930254e-05 1.943179563716637e-19
5.5238546479635675e-05 2.1308504712914242e-19
5.6526520375476976e-05 2.336646495186309e-19
5.784452541554797e-05 2.5623181607027714e-19
5.9193261823375433e-05 2.809785034108932e-19
6.057344614930286e-05 3.0811520804050616e-19
6.198581165117595e-05 3.378727564424222e-19
6.34311086839044e-05 3.7050426727567776e-19
6.491010509810695e-05 4.062873069936581e-19
6.642358664805138e-05 4.455262473467094e-19
6.797235740910648e-05 4.885548566238803e-19
6.955724020492732e-05 5.357391384080042e-19
7.117907704460117e-05 5.874804451855909e-19
7.283872956998614e-05 6.442188896493156e-19
7.453707951348025e-05 7.064370939406903e-19
7.627502916646401e-05 7.746642859767876e-19
7.805350185866558e-05 8.494808141385773e-19
7.987344244870308e-05 9.315230704427722e-19
8.173581782606456e-05 1.0214889083793534e-18
8.364161742479263e-05 1.120143583579986e-18
8.559185374914618e-05 1.228326255869772e-18
8.758756291151902e-05 1.3469571351146726e-18
8.96298051829007e-05 1.477045302340111e-18
9.17196655561724e-05 1.6196972902368269e-18
9.385825432253677e-05 1.776126504604717e-18
9.604670766138824e-05 1.9476635458007327e-18
9.828618824393714e-05 2.135767506754838e-18
0.00010057788585090809 2.342038419773348e-18
0.00010292301800464121 2.5682308356007416e-18
0.00010532283061593165 2.8162687479369023e-18
0.00010777859864595113 3.088261979479484e-18
0.00011029162678360347 3.3865241374328404e-18
0.00011286325013867351 3.7135922471663665e-18
0.00011549483495113791 4.0722483519561294e-18
0.00011818777931701482 4.4655432189011e-18
0.0001209435139311377 4.896822214469485e-18
0.00012376350284724815 5.3697538310524786e-18
0.00012664924425581149 5.888360830063052e-18
0.00012960227127996844 6.457054569991559e-18
0.00013262415279004548 7.08067231914871e-18
0.00013571649423705693 7.764518611484136e-18
0.0001388809385056415 8.514410342046283e-18
0.00014211916678688624 9.336726043730085e-18
0.00014543289947150178 1.0238460440302347e-17
0.0001488238970638237 1.1227283675982799e-17
0.00015229396111712465 1.2311606787781021e-17
0.00015584493519073535 1.350065305618798e-17
0.00015947870582948208 1.4804536532066906e-17
0.00016319720356596128 1.6234348141591043e-17
0.00016700240394618395 1.7802250070677518e-17
0.00017089632857913436 1.952157873889733e-17
0.000174881046210801 2.140695895486443e-17
0.00017895867382325032 2.3474427878283937e-17
0.0001831313777593269 2.574157145807519e-17
0.00018740137487357792 2.8227674173921424e-17
0.00019177093371001327 3.095388277101966e-17
0.000196242375707327 3.394338711281259e-17
0.00020081807643222024 3.7221615280496045e-17
0.00020550046684148122 4.081645239215746e-17
0.0002102920345734925 4.4758476817699013e-17
0.0002151953252698519 4.908121864973348e-17
0.00022021294392780895 5.382144816563683e-17
0.00022534755628423554 5.901948475289549e-17
0.0002306018902318662 6.471954566538283e-17
0.00023597873726856003 7.09701130721299e-17
0.0002414809539803547 7.782435627876132e-17
0.0002471114635590999 8.534057701927455e-17
0.00025287325735547713 9.358271034409817e-17
0.00025876939646823026 1.0262086245386874e-16
0.00026480301337045197 1.1253191232887046e-16
0.000270977313573789 1.234001647510435e-16
0.00027729557733145163 1.353180649741823e-16
0.00028376116138093086 1.483869875770969e-16
0.0002903775007273506 1.6271809725463693e-16
0.00029714811046840066 1.784332951128579e-16
0.00030407658766182135 1.9566625841472395e-16
0.00031116661323643183 2.1456356531865692e-16
0.0003184219539477161 2.3528596303757065e-16
0.00032584646437900766 2.580097161224196e-16
0.00033344408898933415 2.8292810945607744e-16
0.0003412188642090111 3.102531055510084e-16
0.0003491749205840977 3.4021713154613603e-16
0.0003573164849708539 3.7307506200842324e-16
0.0003656478827813646 4.091063842566809e-16
0.0003741735402815245 4.486175864309522e-16
0.0003828979869426037 4.91944758543579e-16
0.000391825857847644 5.394564359068121e-16
0.000400961896153964 5.915567483227839e-16
0.0004103109556130814 6.48688897078889e-16
0.0004198780031493915 7.11338797470458e-16
0.00042966812149897106 7.80039384548295e-16
0.000439686511909911 8.553750542327006e-16
0.0004499384969056106 9.37986570199508e-16
0.00046042952311250296 1.0285766452309872e-15
0.0004711651641537129 1.1279158572817204e-15
0.00048215112361018567 1.2368491528657653e-15
0.0004933932380508582 1.3563031803801842e-15
0.0005048974801334842 1.4872939753871572e-15
0.0005166699617777604 1.6309357696569822e-15
0.0005287169374124361 1.788450385303315e-15
0.0005410448072981404 1.9611776413454173e-15
0.0005536601209276797 2.1505868138211786e-15
0.0005665695805056229 2.3582889673834676e-15
0.0005797800445090163 2.586050856139429e-15
0.0005932985313311235 2.8358098175014486e-15
0.000607132223010125 3.1096903063167554e-15
0.0006212884690447563 3.410021997714878e-15
0.0006357747902989163 3.739359495701136e-15
0.0006505988829973161 4.1005041325951626e-15
0.0006657686228142928 4.4965279094494304e-15
0.0006812920690579615 4.930799352626684e-15
0.0006971774689519261 5.4070125235433185e-15
0.0007134332620168255 5.92921804875795e-15
0.0007300680845540431 6.501857787094498e-15
0.0007470907742339592 7.12980246655369e-15
0.0007645103747911887 7.818393863117427e-15
0.0007823361408292924 8.573488638299658e-15
0.00080057754273752 9.401510045142374e-15
0.0008192442717221943 1.0309501308973131e-14
0.0008383462449554094 1.1305185630995844e-14
0.0008578936108437789 1.2397032547610752e-14
0.0008778967544200344 1.3594329330295102e-14
0.000898366302860337 1.490726006946716e-14
0.0009193131311302326 1.634699220160154e-14
0.0009407483677622533 1.792577296151288e-14
0.000962683400768232 1.9657031610910063e-14
0.000985129883689471 2.1555493720148623e-14
0.0010080997417879817 2.363730868893994e-14
0.0010316051783820807 2.5920183234068823e-14
0.0010556586813297128 2.842353438895457e-14
0.0010802730296629402 3.116866058051553e-14
0.001105461300377127 3.4178907484900063e-14
0.0011312368753784248 3.747988124211165e-14
0.0011576134485932472 4.1099662777220405e-14
