results/limits/GDM_l_phase.dat
# %ECSV 1.0
# ---
# datatype:
# - {name: mx, unit: MeV, datatype: float64}
# - {name: sigma_10, unit: cm2, datatype: float64}
# - {name: sigma_9, unit: cm2, datatype: float64}
# - {name: sigma_7, unit: cm2, datatype: float64}
# - {name: sigma_6, unit: cm2, datatype: float64}
# - {name: sigma_5, unit: cm2, datatype: float64}
# - {name: sigma_4, unit: cm2, datatype: float64}
# - {name: sigma_3, unit: cm2, datatype: float64}
# - {name: sigma_2, unit: cm2, datatype: float64}
# schema: astropy-2.0
mx sigma_10 sigma_9 sigma_7 sigma_6 sigma_5 sigma_4 sigma_3 sigma_2
[from data line 80]
1.9989447971105317e-06 1.7148962560152385e-45 3.940033670169009e-45 1.2256021466198982e-40 2.981517965983437e-37 2.776129091279498e-33 2.683091423917296e-29 3.8095111518703476e-26 9.501593288791822e-26
2.045553350050195e-06 1.7247610634962244e-45 3.9899466447896747e-45 1.331360615140535e-40 3.259236152637732e-37 3.0441440647548264e-33 2.942221508978692e-29 4.177431024447638e-26 1.041925043270573e-25
2.0932486549653353e-06 1.734739595612656e-45 4.041043707426599e-45 1.445592764390674e-40 3.563296026013768e-37 3.3380389407831366e-33 3.226378147077788e-29 4.580884336100635e-26 1.1425534251186578e-25
2.1420560511935146e-06 1.7448338126116747e-45 4.09336391765612e-45 1.568889925688581e-40 3.8962190581898946e-37 3.6603129571007855e-33 3.537978383952759e-29 5.023302882821636e-26 1.252900424979381e-25
2.192001468898943e-06 1.75504571943534e-45 4.146947934441333e-45 1.7018759127206069e-40 4.260769172509509e-37 4.013706713145254e-33 3.879672699637486e-29 5.508449897951612e-26 1.373904659739882e-25
2.2431114428485372e-06 1.7653773668193585e-45 4.201838093232865e-45 1.8452084775142854e-40 4.659976112868865e-37 4.401225483650131e-33 4.2543675568125844e-29 6.040452067044378e-26 1.5065953976913337e-25
2.2954131265091837e-06 1.775830852709538e-45 4.258078487170322e-45 1.9995809558036092e-40 5.097161062423069e-37 4.8261647789911665e-33 4.665250122186371e-29 6.623834628067974e-26 1.652101313139401e-25
2.3489343064737076e-06 1.7864083233284678e-45 4.31571505286876e-45 2.1657241496593486e-40 5.57596473465864e-37 5.2921383746940155e-33 5.115815376015949e-29 7.263559862363546e-26 1.81166008672954e-25
2.403703417223201e-06 1.797111974889616e-45 4.3747956609725704e-45 2.3444085005014282e-40 6.100378176893857e-37 5.803109049808596e-33 5.609895841607401e-29 7.965069305534097e-26 1.9866289335885366e-25
2.4597495562335635e-06 1.8079440548159065e-45 4.435370211699245e-45 2.5364466076896954e-40 6.674776544048502e-37 6.363422292187977e-33 6.15169418437095e-29 8.734330032618883e-26 2.178496147664864e-25
2.5171024994342686e-06 1.8189068631570112e-45 4.4974907358983267e-45 2.7426961568626947e-40 7.303956132451297e-37 6.977843259872054e-33 6.745818960139925e-29 9.577885414693066e-26 2.3888937613215564e-25
2.575792717027583e-06 1.830002754330478e-45 4.56121150170936e-45 2.9640633216510348e-40 7.993174985968664e-37 7.65159731084448e-33 7.397323814779195e-29 1.0502910775718218e-25 2.6196114271381834e-25
2.635851389676631e-06 1.841234138475696e-45 4.6265891274090934e-45 3.2015067078378258e-40 8.74819742457314e-37 8.390414450852086e-33 8.111750473297899e-29 1.1517274429851993e-25 2.8726116416944534e-25
2.6973104250709106e-06 1.852603483130368e-45 4.6936827006838154e-45 3.4560419098913283e-40 9.575342864031779e-37 9.200578067955456e-33 8.895175875042597e-29 1.2629604605495137e-25 3.1500464376101143e-25
2.760202474878063e-06 1.8641133149235935e-45 4.762553904825469e-45 3.728746750969042e-40 1.048153935340999e-36 1.0088978379883295e-32 9.754263867061829e-29 1.3849362841175594e-25 3.4542756897754014e-25
2.8245609520908932e-06 1.8757662213922463e-45 4.833267152241386e-45 4.0207672774607715e-40 1.1474382272349538e-36 1.1063171036283806e-32 1.0696321883235437e-28 1.5186924460380837e-25 3.787887187196243e-25
2.8904200487788716e-06 1.88756485253501e-45 4.9058897257978424e-45 4.333324580383822e-40 1.2562198703896326e-36 1.2131441390639492e-32 1.1729363107040795e-28 1.6653666832232747e-25 4.153718646766194e-25
2.9578147542535346e-06 1.8995119229951758e-45 4.9804919285066164e-45 4.667722510524962e-40 1.3754118008037817e-36 1.3302874967598107e-32 1.286217462646899e-28 1.8262066140008477e-25 4.554881849045513e-25
3.026780873657441e-06 1.9116102136106126e-45 5.0571472420364036e-45 5.0253563605303926e-40 1.5060149220575456e-36 1.4587434748892557e-32 1.4104392183809399e-28 2.0025803513266013e-25 4.994789109488654e-25
3.097355046986562e-06 1.923862573720218e-45 5.135932494766912e-45 5.407722575461971e-40 1.649126590687386e-36 1.5996045908174365e-32 1.546658212995939e-28 2.195988138918465e-25 5.477182301018792e-25
3.1695747685562034e-06 1.9362719230583777e-45 5.216928039814557e-45 5.816429566683849e-40 1.8059499222429328e-36 1.754068874497908e-32 1.6960331308853287e-28 2.4080751133342152e-25 6.006164684904758e-25
3.2434784069208122e-06 1.9488412538455836e-45 5.3002179439893073e-45 6.253209691918271e-40 1.9778039947876005e-36 1.9234500585951092e-32 1.859834561494761e-28 2.640645297477411e-25 6.586235813037602e-25
3.319105225258239e-06 1.9615736331383844e-45 5.3858901880814534e-45 6.719932467158145e-40 2.16613503684552e-36 2.109188752281715e-32 2.039455806472673e-28 2.895676944934383e-25 7.222329799418472e-25
3.3964954022292982e-06 1.9744722048583535e-45 5.4740368795131044e-45 7.218619095459187e-40 2.372528696756433e-36 2.312864695516992e-32 2.2364247318522267e-28 3.1753393680801027e-25 7.919857292428284e-25
3.4756900533236943e-06 1.987540192507494e-45 5.564754478096331e-45 7.751458374485978e-40 2.5987234950431672e-36 2.536210195494267e-32 2.452416763618023e-28 3.4820113895983673e-25 8.68475149617956e-25
3.5567312527036693e-06 2.0007809011948202e-45 5.658144035779011e-45 8.320824077420776e-40 2.846625575931254e-36 2.781124861240107e-32 2.689269138834431e-28 3.81830157668841e-25 9.523518638203275e-25
3.6396620555569646e-06 2.0141977205623012e-45 5.754311451323959e-45 8.929293904280068e-40 3.118324885343483e-36 3.0496917635750935e-32 2.9489965353716304e-28 4.187070432648682e-25 1.0443293319180137e-24
3.7245265209709786e-06 2.0277941271000717e-45 5.853367741110528e-45 9.57967008687003e-40 3.4161129039245505e-36 3.3441951491738127e-32 3.233808204746157e-28 4.591454722630595e-25 1.145189918566899e-24
3.811369735340273e-06 2.0415736870558426e-45 5.955429326981522e-45 1.0275001799822666e-39 3.7425020999797105e-36 3.6671398731453457e-32 3.546126767099519e-28 5.034894159349057e-25 1.2557915488984476e-24
3.900237836319859e-06 2.055540059142124e-45 6.060618342470422e-45 1.1018609496253877e-39 4.100247258941569e-36 4.0212727068957635e-32 3.8886088199359303e-28 5.521160664026188e-25 1.377075006716116e-24
3.991178037336996e-06 2.06969699747246e-45 6.169062958624935e-45 1.1814111303950038e-39 4.4923688641937727e-36 4.409605696156884e-32 4.26416752976767e-28 6.054390442730641e-25 1.5100719349012036e-24
4.0842386526745176e-06 2.08404835466855e-45 6.280897730965186e-45 1.2665451699495148e-39 4.9221787458561896e-36 4.8354417852877994e-32 4.6759974156811e-28 6.63911917487606e-25 1.6559136120461682e-24
4.179469123139017e-06 2.0985980848898976e-45 6.396263968879275e-45 1.3576932633528544e-39 5.393308200967576e-36 5.302402911457756e-32 5.127601521755383e-28 7.280320593488809e-25 1.8158405750551325e-24
4.2769200423275275e-06 2.1133502470999466e-45 6.515310129223858e-45 1.455324732380638e-39 5.9097388278805585e-36 5.814460811438157e-32 5.6228212130987185e-28 7.98344879057196e-25 1.991213170849238e-24
4.376643183506652e-06 2.1283090085271817e-45 6.638192235907931e-45 1.559951699220794e-39 6.475836338934551e-36 6.37597080477126e-32 6.165868850615425e-28 8.754484609783211e-25 2.1835231275203126e-24
4.478691527118417e-06 2.1434786480804016e-45 6.765074327185313e-45 1.6721330817702635e-39 7.096387638326368e-36 6.991708840174209e-32 6.761363621952393e-28 9.59998652035732e-25 2.3944062431860892e-24
4.583119288927478e-06 2.158863560051992e-45 6.896128932956185e-45 1.7924789416083658e-39 7.776641482515072e-36 7.666912122400596e-32 7.414370835441005e-28 1.0527146407900221e-24 2.6256563012001406e-24
4.689981948824612e-06 2.1744682577105265e-45 7.031537583958106e-45 1.921655218925349e-39 8.52235305696365e-36 8.407323653253657e-32 8.130444999782081e-28 1.1543850740302205e-24 2.8792403260114608e-24
4.799336280301815e-06 2.190297377552112e-45 7.171491355564139e-45 2.060388894960021e-39 9.339832866611958e-36 9.219241083822434e-32 8.91567707351778e-28 1.2658747654047916e-24 3.1573153156756546e-24
4.911240380614659e-06 2.2063556829355882e-45 7.316191448517252e-45 2.209473624426114e-39 1.0236000349213086e-35 1.0109570286885148e-31 9.77674627981918e-28 1.3881320522507679e-24 3.462246591086793e-24
5.0257537016479225e-06 2.2226480686773452e-45 7.465849809590716e-45 2.3697758811261568e-39 1.1218442652240309e-35 1.108588409027841e-31 1.0720976912930472e-27 1.5221968611542505e-24 3.7966279129105446e-24
5.142937081500915e-06 2.239179565176714e-45 7.620689794926195e-45 2.542241672835332e-39 1.229547909777966e-35 1.2156486695044697e-31 1.1756400642894946e-27 1.6692095541745424e-24 4.163303545630375e-24
5.262852776809252e-06 2.2559553431003703e-45 7.780946879629147e-45 2.727903879523734e-39 1.3476231868071642e-35 1.3330484311010253e-31 1.2891824833743146e-27 1.8304206288788948e-24 4.56539245114826e-24
5.385564495820272e-06 2.2729807180867616e-45 7.946869416969142e-45 2.9278902766406517e-39 1.4770703515314762e-35 1.4617862613093893e-31 1.4136907458652325e-27 2.007201355036324e-24 5.0063148185786554e-24
5.511137432239651e-06 2.2902611556114068e-45 8.118719450996697e-45 3.143432311258914e-39 1.6189861954944634e-35 1.6029571677318442e-31 1.5502239249431255e-27 2.2010554384640975e-24 5.4898211559427246e-24
5.639638299867211e-06 2.3078022760936066e-45 8.296773586886069e-45 3.375874706089782e-39 1.7745733666129315e-35 1.7577619119855005e-31 1.6999433779931096e-27 2.4136318113584337e-24 6.02002419151326e-24
5.771135368040315e-06 2.3256098602517065e-45 8.481323923310741e-45 3.62668597267278e-39 1.9451505906660696e-35 1.9275172246004286e-31 1.8641226263816807e-27 2.646738659917971e-24 6.601433861186393e-24
5.905698497903673e-06 2.3436898545983778e-45 8.67267905200531e-45 3.897469918093705e-39 2.1321638765895398e-35 2.1136670032577374e-31 2.0441581863149017e-27 2.9023588023425666e-24 7.238995663928021e-24
6.043399179524854e-06 2.3620483771307087e-45 8.871165129341142e-45 4.1899782513935215e-39 2.3371988077059375e-35 2.3177945964148063e-31 2.2415814494768453e-27 3.18266655734366e-24 7.938132734819473e-24
6.184310569875183e-06 2.3806917232888047e-45 9.077127026502426e-45 4.506124382068411e-39 2.5619940162026455e-35 2.5416362696608326e-31 2.4580717075987707e-27 3.490046236844127e-24 8.704791969118706e-24
6.32850753169624e-06 2.3996263723796747e-45 9.290929563422004e-45 4.8479985427204187e-39 2.8084559607075273e-35 2.787095974514471e-31 2.6954704367428815e-27 3.8271124272611924e-24 9.54549460736378e-24
6.47606667327258e-06 2.418858993671367e-45 9.512958834345844e-45 5.217884351846718e-39 3.078675131957939e-35 3.0562615446834614e-31 2.9557969622199923e-27 4.196732231057538e-24 1.0467391709731592e-23
6.627066389131828e-06 2.4383964533705772e-45 9.74362363160509e-45 5.618276961166012e-39 3.3749438223909417e-35 3.3514224555191417e-31 3.2412656354209495e-27 4.602049654955965e-24 1.147832498455482e-23
6.781586901693754e-06 2.458245821514889e-45 9.983356976115226e-45 6.051902929706352e-39 3.6997756061686643e-35 3.6750892931708223e-31 3.554304664261219e-27 5.046512346006925e-24 1.2586893472798822e-23
6.939710303890459e-06 2.4784143793049767e-45 1.0232617763237458e-44 6.521742023362874e-39 4.0559267161298907e-35 4.030015119731508e-31 3.897576777417646e-27 5.533900931332869e-24 1.380252672656862e-23
7.101520602780329e-06 2.498909626630965e-45 1.0491892533343149e-44 7.031051062767286e-39 4.446419460603049e-35 4.4192188775010154e-31 4.274001860790659e-27 6.068361158101416e-24 1.5135564971881393e-23
7.267103764178904e-06 2.5197392899936536e-45 1.0761697377688444e-44 7.583390105422803e-39 4.874567930978701e-35 4.846011082803129e-31 4.6867818084095554e-27 6.654439177635664e-24 1.659734711347252e-23
7.436547758330399e-06 2.5409113307936897e-45 1.1042579990862515e-44 8.182651082237356e-39 5.344006161045979e-35 5.314021970736917e-31 5.139427743871207e-27 7.29712019528371e-24 1.8200307134400006e-23
7.609942606644117e-06 2.5624339537309253e-45 1.1335121881868855e-44 8.833089222455413e-39 5.858719030816977e-35 5.827232383063008e-31 5.6357898949235176e-27 8.001870887308048e-24 1.9958079891261922e-23
7.787380429520604e-06 2.584315615915558e-45 1.1639940757781377e-44 9.539357479126546e-39 6.423076148072858e-35 6.390007632606033e-31 6.180090346921115e-27 8.774685905289811e-24 2.1885617104398464e-23
7.968955495292936e-06 2.606565036059366e-45 1.1957693094055493e-44 1.030654422889543e-38 7.041868983871633e-35 7.007134620341217e-31 6.776958942262101e-27 9.622138847297736e-24 2.3999314488994185e-23
8.15476427030917e-06 2.6291912042473876e-45 1.2289076907851552e-44 1.1140214635936521e-38 7.720351627612391e-35 7.683862570381633e-31 7.431472679039239e-27 1.0551438197353689e-23 2.6317151277990112e-23
8.344905470182516e-06 2.6522033920696943e-45 1.2634834751906413e-44 1.2046455933015398e-38 8.4642854423114e-35 8.425947663728731e-31 8.149198880557671e-27 1.1570488618895225e-23 2.88588430988104e-23
8.539480112236516e-06 2.6756111630394166e-45 1.299575694747782e-44 1.3031927088806992e-38 9.27998806037685e-35 9.239702010616817e-31 8.936242561118659e-27 1.2687958206230967e-23 3.164600971037588e-23
8.738591569173047e-06 2.6994243838024177e-45 1.3372685078051107e-44 1.4103913223902135e-38 1.0174387100272965e-34 1.0132047341899228e-30 9.799298356038608e-27 1.3913352216443243e-23 3.470235890349842e-23
8.942345623991688e-06 2.7236532354849203e-45 1.3766515765749185e-44 1.5270385239109096e-38 1.1155079061775094e-34 1.1110573876969022e-30 1.0745707458387945e-26 1.525709390999203e-23 3.8053888131632095e-23
9.150850526189614e-06 2.7483082257523856e-45 1.4178204755952614e-44 1.6540065195294466e-38 1.223039392757937e-34 1.218360489567812e-30 1.178352007260982e-26 1.6730613224361267e-23 4.1729105678616704e-23
9.364217049271877e-06 2.7734002012923333e-45 1.460877133726203e-44 1.7922497947438477e-38 1.3409465987634357e-34 1.336026753058864e-30 1.2921563884415702e-26 1.8346443989807706e-23 4.575927313193422e-23
9.58255854960264e-06 2.7989403609126144e-45 1.5059303126212487e-44 1.9428129665087938e-38 1.4702311507185627e-34 1.4650570400222977e-30 1.4169519147262922e-26 2.0118330539544757e-23 5.017867128734606e-23
9.805991026628606e-06 2.824940269258543e-45 1.5530961250089313e-44 2.106839392688866e-38 1.6119913917684694e-34 1.606548876215437e-30 1.5538001041986386e-26 2.2061344646583253e-23 5.502489181003776e-23
1.0034633184506672e-05 2.851411870903854e-45 1.6024985963302053e-44 2.2855806006179717e-38 1.7674317175348036e-34 1.7617057830780503e-30 1.7038649933276077e-26 2.4192013672766828e-23 6.03391568609582e-23
1.0268606495168497e-05 2.878367505440055e-45 1.6542702736275528e-44 2.480406632582938e-38 1.937872821661964e-34 1.931847518822764e-30 1.868423042098649e-26 2.6528461204990886e-23 6.616666986840134e-23
1.0508035262855554e-05 2.9058199229337935e-45 1.7085528860109403e-44 2.6928173766848284e-38 2.1247629239468077e-34 2.1184213017523535e-30 2.0488739891501247e-26 2.909056117990452e-23 7.255699994224788e-23
1.07530466901589e-05 2.933782300305119e-45 1.765498061426503e-44 2.924454992804939e-38 2.3296900874003156e-34 2.3230141220815134e-30 2.2467527597062937e-26 3.190010695655409e-23 7.956450357101481e-23
1.1003770945598772e-05 2.9622682582022835e-45 1.8252681048327716e-44 3.1771175301661903e-38 2.5543957220530352e-34 2.547366240056788e-30 2.4637425208925396e-26 3.498099667992718e-23 8.724878695128964e-23
1.1260341232779899e-05 2.9912918790530704e-45 1.8880368435612357e-44 3.452773852853409e-38 2.800789391957131e-34 2.7933859867872157e-30 2.701688997026626e-26 3.835943653403983e-23 9.56752129368461e-23
1.1522893861159297e-05 3.0208677254929734e-45 1.9539905459342022e-44 3.753580010134831e-38 3.070965058900981e-34 3.0631660012253575e-30 2.9626161739479233e-26 4.20641637170294e-23 1.0491545717792765e-22
1.1791568318464117e-05 3.0510108598926605e-45 2.0233289200910904e-44 4.081897170592028e-38 3.3672188866033635e-34 3.359001027069624e-30 3.248743512095846e-26 4.612669083795143e-23 1.1504811769004546e-22
