results/limits/GDM_l_phase.dat
# %ECSV 1.0
# ---
# datatype:
# - {name: mx, unit: MeV, datatype: float64}
# - {name: sigma_10, unit: cm2, datatype: float64}
# - {name: sigma_9, unit: cm2, datatype: float64}
# - {name: sigma_7, unit: cm2, datatype: float64}
# - {name: sigma_6, unit: cm2, datatype: float64}
# - {name: sigma_5, unit: cm2, datatype: float64}
# - {name: sigma_4, unit: cm2, datatype: float64}
# - {name: sigma_3, unit: cm2, datatype: float64}
# - {name: sigma_2, unit: cm2, datatype: float64}
# schema: astropy-2.0
mx sigma_10 sigma_9 sigma_7 sigma_6 sigma_5 sigma_4 sigma_3 sigma_2
[from data line 729]
6.270429615030991 2.138898719519637e-22 2.138897124144261e-18 2.1388970353598687e-10 2.138889840210804e-06 0.021381705087691688 206.80297572332577 293625.48634578765 732353.8490943066
6.416634578314149 2.345849446307467e-22 2.3458477753955504e-18 2.3458476788168897e-10 2.3458397874956706e-06 0.02345050856581855 226.81235821685215 322035.448270131 803213.3144181482
6.566248541075969 2.5721707940411136e-22 2.5721690444154218e-18 2.572168939352266e-10 2.572160286697056e-06 0.025712952417880738 248.6946224747545 353104.5876894286 880705.2383139327
6.719350989519823 2.820412380020285e-22 2.820410548154696e-18 2.8204104338266725e-10 2.82040094609885e-06 0.028194524152112828 272.69628263260176 387182.9132662463 965702.6042356363
6.87602326319537 3.093152081018642e-22 3.0931501624110587e-18 3.093150037940348e-10 3.0931396327294363e-06 0.030920993769157166 299.0665850809589 424624.31300627434 1059088.071404508
7.036348598212252 3.391592266674774e-22 3.3915902576894712e-18 3.3915901221661536e-10 3.391578713016963e-06 0.03390438088960885 327.9217830978471 465593.8470358428 1161273.3289431543
7.200412171461376 3.7193732200643746e-22 3.719371116230286e-18 3.719370968612325e-10 3.719358456823928e-06 0.037181075969477444 359.6138436830847 510591.24937056645 1273504.801793817
7.368301145867304 4.0779785308255653e-22 4.077976328042175e-18 4.077976167240865e-10 4.077962449121609e-06 0.040765909869021434 394.28621030955685 559820.1856460178 1396290.468041082
7.540104716695753 4.473144713691534e-22 4.473142406268429e-18 4.473142230984107e-10 4.47312718354498e-06 0.04471622823215127 432.49352769604593 614068.158192529 1531594.4976552334
7.715914158940838 4.904225502330434e-22 4.904223086686455e-18 4.904222895662719e-10 4.904206398088717e-06 0.049025570612261676 474.17331066763296 673246.4485581006 1679195.6111396677
7.8958228758172275 5.378215205331366e-22 5.378212675260034e-18 5.378212466976328e-10 5.378194374923931e-06 0.05376385630854769 520.0018158219431 738315.2275124107 1841488.6440643931
8.07992644838296 5.897810798958522e-22 5.897808149721785e-18 5.897807922580745e-10 5.8977880826339324e-06 0.05895804593664958 570.2398051290293 809644.7332496133 2019397.0359099018
8.2683226863193 6.468392964184582e-22 6.468390189351129e-18 6.468389941555489e-10 6.468368182197892e-06 0.06466192801062308 625.4075188934314 887973.6196111399 2214763.1198832113
8.461111679894604 7.092497959236409e-22 7.092495053796982e-18 7.092494783477653e-10 7.09247092466104e-06 0.07090085651123794 685.7501797785516 973650.0615860221 2428455.3059324757
8.658395853139817 7.774619469940278e-22 7.77461642863289e-18 7.774616133765552e-10 7.774589980325169e-06 0.07771975302882002 751.7022675658415 1067290.9474791298 2662012.2224995103
8.860280018263818 8.530094414232136e-22 8.530091227548654e-18 8.530090905545035e-10 8.530062210723457e-06 0.08527193459920188 824.746658345363 1171001.7122418315 2920685.1964014876
9.066871431337571 9.349237787736715e-22 9.349234452571065e-18 9.349234101236581e-10 9.349202650856263e-06 0.09346058414395611 903.9469413006004 1283452.809814857 3201158.1048243656
9.278279849276613 1.0254164118278555e-21 1.0254160625218533e-17 1.0254160241543577e-09 1.0254125747034783e-05 0.10250677175295571 991.4412972848442 1407680.09783394 3511002.913173807
9.494617588152204 1.1244754445235053e-21 1.1244750787380141e-17 1.1244750368384502e-09 1.1244712541577668e-05 0.11240930824945447 1087.2182246293166 1543667.2458614914 3850178.890452737
9.715999582862075 1.2333732912818308e-21 1.2333729081174245e-17 1.2333728623424247e-09 1.2333687133346392e-05 0.12329539182956714 1192.5079790762645 1693161.0103906565 4223042.756021955
9.942543448192506 1.352198144771765e-21 1.3521977436176289e-17 1.3521976936237428e-09 1.3521931448948831e-05 0.13517383879335904 1307.3958315187692 1856282.4617656358 4629896.480714069
10.17436954130415 1.4825148349482104e-21 1.482514414947443e-17 1.48251436033557e-09 1.4825093732276494e-05 0.1482010789530342 1433.3947646924414 2035179.7813171018 5076098.008369877
10.411601025674827 1.6260090229897631e-21 1.6260085831013088e-17 1.626008523413217e-09 1.6260030535977657e-05 0.1625456211446924 1572.1345891572075 2232167.0262612817 5567419.006600463
10.654363936533231 1.782841923855396e-21 1.782841463262194e-17 1.7828413980364358e-09 1.782835400642664e-05 0.1782235814102575 1723.7711786103685 2447465.511064368 6104411.472792673
10.902787247818345 1.9551507649649368e-21 1.9551502826070203e-17 1.955150211307079e-09 1.9551436342746684e-05 0.19544860986397836 1890.37094820494 2684009.1981230453 6694393.227620225
11.157002940700098 2.1441692907644268e-21 2.1441687855941332e-17 2.1441687076416997e-09 2.1441614947600718e-05 0.21434403904048555 2073.1267651636354 2943491.758513334 7341588.586032949
11.417146073697703 2.3505732494631933e-21 2.3505727206584447e-17 2.350572635454529e-09 2.350564728239924e-05 0.23497742082782072 2272.6919885803914 3226840.8523960365 8048311.2963974215
11.683354854432924 2.5776505918740995e-21 2.577650038015262e-17 2.5776499448431295e-09 2.5776412737512755e-05 0.2576774385527963 2492.245630127881 3538570.1423295513 8825819.230737269
11.955770713056356 2.8266770382212134e-21 2.826676458286139e-17 2.8266763563897205e-09 2.8266668475848867e-05 0.28257162094079 2733.0211424138447 3880430.923819011 9678480.42951126
12.234538377385784 3.0999901517320165e-21 3.099989544437584e-17 3.0999894329787625e-09 3.099979004761765e-05 0.3098936448794374 2997.278638723095 4255632.178070461 10614298.658901824
12.519805949796487 3.3989883245275805e-21 3.398987688599e-17 3.3989875666922203e-09 3.398976132659752e-05 0.3397833020772647 3286.3701787340474 4666093.602705534 11638061.984004408
12.811724985904382 3.7276066295774634e-21 3.7276059635891487e-17 3.72760583021364e-09 3.7275932907250004e-05 0.3726339661386453 3604.1004558339564 5117217.2232140545 12763244.010974988
13.110450575083778 4.086734031145482e-21 4.0867333338661335e-17 4.086733187972887e-09 4.086719440396933e-05 0.4085345033108019 3951.328980725624 5610223.400411658 13992888.535336
13.416141422862523 4.4832258569626506e-21 4.483225126493443e-17 4.483224966793788e-09 4.483209885438394e-05 0.44817021341884833 4334.683945244783 6154523.053288052 15350468.052038051
13.72895993523834 4.916399199518629e-21 4.916398434546401e-17 4.9163982597807775e-09 4.916381721251082e-05 0.4914728289697652 4753.505068995466 6749178.694596177 16833644.30222494
14.04907230496112 5.390686921353512e-21 5.3906861202705405e-17 5.390685929025814e-09 5.3906677950150224e-05 0.5388854856001797 5212.078341702436 7400275.709776005 18457595.312523898
14.37664859982702 5.912019754162139e-21 5.91201891531491e-17 5.9120187059759775e-09 5.911998818226583e-05 0.5910010550035838 5716.137994098614 8115955.743220629 20242627.78274982
14.711862853031292 6.482644349976995e-21 6.482643471558926e-17 6.482643242432805e-09 6.482621435129685e-05 0.6480441260473299 6267.856240508926 8899302.974378482 22196434.201448154
15.054893155627816 7.108619290255436e-21 7.108618370464361e-17 7.1086181196522695e-09 7.108594206599517e-05 0.7106203510630791 6873.090925475128 9758634.558486328 24339759.02349222
15.405921751144481 7.794107220972495e-21 7.794106257888914e-17 7.79410598334945e-09 7.794079764348216e-05 0.7791458532283057 7535.866775323597 10699664.930845937 26686855.060314503
15.765135132404664 8.548748427282358e-21 8.548747418539123e-17 8.548747117898828e-09 8.54871836032083e-05 0.854584333525569 8265.50466648037 11735628.170242693 29270730.442981217
16.132724140606275 9.375937198845932e-21 9.3759361423793e-17 9.375935813152463e-09 9.375904272951149e-05 0.937275105645052 9065.286427057195 12871183.921307117 32103007.14860016
16.50888406671095 1.0276725570398972e-20 1.0276724464611125e-16 1.0276724104280985e-08 0.00010276689533870834 1.0273233373689719 9936.229235535562 14107776.406615252 35187287.32348254
16.89381475519735 1.1274017775442074e-20 1.1274016616993365e-16 1.1274016222247382e-08 0.00011273978296994117 1.1270186737976575 10900.478445532304 15476848.308281817 38601994.57301469
17.287720710233557 1.2364341553986353e-20 1.2364340340702628e-16 1.2364339908358018e-08 0.00012364298315307895 1.23601400700516 11954.676843406676 16973632.94688844 42335239.956414014
17.690811204325115 1.354690203573843e-20 1.3546900766223333e-16 1.3546900293132144e-08 0.00013546854722005301 1.3542298770430143 13098.055895792138 18597039.13415444 46384301.8572861
18.103300389496336 1.486560886068649e-20 1.4865607530428818e-16 1.4865607011919791e-08 0.00014865557004726482 1.486055755952379 14373.070396459469 20407345.545592345 50899525.94411949
18.52540741106398 1.6292075483950793e-20 1.6292074091839138e-16 1.6292073524239816e-08 0.00016292018718481235 1.628653953900626 15752.274325591256 22365583.443499267 55783717.29897203
18.957356524063755 1.7874770859714763e-20 1.7874769401017943e-16 1.78747687789725e-08 0.00017874708649102603 1.7868697194141518 17282.530728452966 24538290.48000323 61202832.58402632
19.399377212391464 1.9598788510635854e-20 1.9598786983168244e-16 1.9598786301853032e-08 0.00019598720372470457 1.9592129113998686 18949.427021434723 26905003.207433082 67105832.34472339
19.85170431072216 2.1488528007495245e-20 2.148852640855813e-16 2.1488525662315356e-08 0.00021488453375939748 2.1481226580125137 20776.554352132207 29499217.092486065 73576260.19394302
20.314578129271972 2.3555524819556515e-20 2.3555523145581755e-16 2.3555522328352867e-08 0.00023555443088699122 2.354752114222181 22775.065988178034 32336767.901652113 80653613.33162725
20.788244581469023 2.5844436404558076e-20 2.5844434650684007e-16 2.5844433754880162e-08 0.0002584434681543764 2.583565508625038 24988.13976568065 35478960.90910518 88490797.94473498
21.272955314601134 2.833527023656045e-20 2.83352684004134e-16 2.8335267419150093e-08 0.0002833517210066202 2.8325642680393344 27396.44556669628 38898350.59447725 97019360.05560891
21.76896784350983 3.1082782987249635e-20 3.108278106382905e-16 3.108277998833489e-08 0.0003108267542734564 3.10722219924355 30052.9258261561 42670106.32199358 106426785.34169964
22.27654568740161 3.408737347307971e-20 3.4087371458507664e-16 3.408737028000897e-08 0.00034087255611721444 3.4075791704483605 32957.966147760584 46794775.58413434 116714439.3459996
22.79595850984919 3.7358823435856313e-20 3.7358821327425076e-16 3.735882003682774e-08 0.0003735869436353938 3.7346130236594473 36121.02417933214 51285786.65209255 127915814.54975504
23.327482262057103 4.097106493241771e-20 4.0971062724469985e-16 4.097106131013815e-08 0.0004097092348544252 4.095714452735818 39613.58240912113 56244632.65141108 140284052.7427777
23.871399329467756 4.4936010796312177e-20 4.493600848341718e-16 4.493600693331251e-08 0.0004493585577072909 4.492074336367364 43447.15896703278 61687667.391716555 153859943.21613508
24.427998681785848 4.9269679810343096e-20 4.92696773888318e-16 4.926967569038948e-08 0.0004926950994955125 4.925294008842345 47637.241892705686 67636881.28758372 168698333.9496724
24.997576026500827 5.40190140312756e-20 5.401901149636719e-16 5.401900963541631e-08 0.0005401882791804541 5.400066081068416 52229.217926609614 74156715.88632329 184959953.5497574
25.580433965988984 5.926053113132012e-20 5.926052847510096e-16 5.926052643483925e-08 0.0005926032708525609 5.924039720588045 57297.069503873056 81352213.81809898 202906796.89795437
26.176882158278623 6.498894241239086e-20 6.498893963085441e-16 6.498893739469868e-08 0.0006498871877501446 6.496686237648164 62835.68315886177 89216114.82068041 222520755.61731037
26.787237481563718 7.126981816692218e-20 7.126981525415008e-16 7.126981280326997e-08 0.0007126957305502075 7.124560433827548 68908.4566639333 97838433.08112955 244026340.9966384
27.411824202553472 7.812820766727913e-20 7.81282046180304e-16 7.812820193275147e-08 0.0007812793911320867 7.810166385488702 75539.60934308832 107253555.97111627 267509321.21742746
28.050974148747212 8.563317976368317e-20 8.563317657207851e-16 8.563317363037305e-08 0.0008563288556446379 8.560408631269064 82795.92161118914 117556300.4618363 293206186.56081367
28.705026884726152 9.393314191933548e-20 9.393313857570544e-16 9.393313535046532e-08 0.0009393281936388115 9.390122875594123 90820.88379370593 128950398.71166277 321625081.03100353
29.374329892555654 1.0296189331152575e-19 1.0296188981218791e-15 1.029618862786145e-07 0.0010296153991974325 10.29269128568859 99550.48848313051 141344970.95402753 352539334.43094
30.05923875639388 1.1301558865843915e-19 1.1301558498979857e-15 1.1301558111293121e-07 0.001130152009339105 11.297719271773937 109271.07799436254 155146575.1757279 386962974.2219875
30.760117351404876 1.2391025498809283e-19 1.2391025114751307e-15 1.2391024689875227e-07 0.0012390983007059611 12.386815787457182 119804.77488006365 170102655.28175622 424266080.8743634
31.477338037076432 1.3598791490772698e-19 1.359879108822593e-15 1.3598790622128097e-07 0.0013598744876445544 13.594171473658596 131482.2696186222 186682736.20137006 465619732.5307275
32.21128185504559 1.4880380301206562e-19 1.4880379880551173e-15 1.488037937072722e-07 0.001488032931384132 14.875324900553686 143873.53308210341 204276248.8100624 509501061.9017462
32.962338731536356 1.6325726869229744e-19 1.632572642851769e-15 1.632572586938412e-07 0.00163256709504216 16.32018045334249 157848.11680129883 224117810.2125362 558989422.2140062
33.730907684518286 1.792771508382984e-19 1.7927714621560344e-15 1.7927714007779942e-07 0.0017927653699805822 17.921624438860107 173337.2174273247 246109731.211102 613841159.345947
34.51739703569462 1.9651095581452382e-19 1.9651095097671355e-15 1.965109442512015e-07 0.00196510283197766 19.644419469584857 190000.02039154322 269768112.3690133 672849342.5931337
35.322224627433556 2.1519974010820492e-19 2.1519973504982528e-15 2.1519972768711602e-07 0.0021519900376550543 21.51266300477459 208069.59533276284 295423873.4218696 736839344.252513
36.14581804475762 2.3614475577550337e-19 2.361447504730838e-15 2.3614474239628256e-07 0.0023614394801664265 23.60645302909779 228320.64667754594 324176964.51897603 808554634.3671007
36.98861484250899 2.5883968048229493e-19 2.5883967493443053e-15 2.588396660840683e-07 0.0025883879535978866 25.875174511516505 250263.6279190983 355332311.85569495 886261576.0426136
37.851062777811606 2.837656330537899e-19 2.8376562724324813e-15 2.837656175433491e-07 0.002837646629693592 28.366922988989092 274363.71712068544 389550390.14031357 971607509.9130795
38.733620047953465 3.115832149826158e-19 3.1158320889050567e-15 3.115831982426338e-07 0.0031158215009163084 31.147736169486745 301259.62828862155 427738065.9693303 1066854321.5212879
39.63675553381552 3.4162713931176893e-19 3.4162713293342956e-15 3.416271212618953e-07 0.0034162597204456975 34.15110795903881 330308.1172063925 468982040.6087564 1169724082.436935
40.5609490489765 3.745386586800559e-19 3.74538652003137e-15 3.7453863921038605e-07 0.0037453737928028617 37.441141836920316 362129.1900995971 514162618.74904585 1282412428.1154187
41.506691594626034 4.1076429571237323e-19 4.107642887195045e-15 4.1076427469276135e-07 0.004107628929013534 41.06247489640828 397154.5751058881 563892781.8230989 1406448242.5694826
42.47448562042145 4.5053270674379875e-19 4.5053269941648534e-15 4.505326840351943e-07 0.00450531168464756 45.03796500327108 435605.3525666213 618486426.7781223 1542614440.2537491
43.46484529142686 4.935754797392821e-19 4.93575472076013e-15 4.935754552289083e-07 0.004935737948646431 49.34078007387508 477222.003668049 677575080.4930863 1689991984.0920007
44.4782967612764 5.4152212746179275e-19 5.415221194346726e-15 5.4152210095486e-07 0.005415202793003684 54.13381602609241 523580.0510549253 743395720.4640671 1854160291.2526104
45.515378451706574 5.930201617063293e-19 5.9302015330833975e-15 5.930201330750855e-07 0.005930181381836729 59.28186998656132 573371.8180745762 814091665.5104328 2030488470.779552
