results/limits/GDM_l_phase.dat
# %ECSV 1.0
# ---
# datatype:
# - {name: mx, unit: MeV, datatype: float64}
# - {name: sigma_10, unit: cm2, datatype: float64}
# - {name: sigma_9, unit: cm2, datatype: float64}
# - {name: sigma_7, unit: cm2, datatype: float64}
# - {name: sigma_6, unit: cm2, datatype: float64}
# - {name: sigma_5, unit: cm2, datatype: float64}
# - {name: sigma_4, unit: cm2, datatype: float64}
# - {name: sigma_3, unit: cm2, datatype: float64}
# - {name: sigma_2, unit: cm2, datatype: float64}
# schema: astropy-2.0
mx sigma_10 sigma_9 sigma_7 sigma_6 sigma_5 sigma_4 sigma_3 sigma_2
[from data line 318]
0.00048215112361018567 5.021040448330218e-38 1.6633148184855336e-34 7.47847803530506e-27 7.477509584558426e-23 7.47498538872568e-19 7.229775156078797e-15 1.0265066248111499e-11 2.5602889148218783e-11
0.0004933932380508582 5.432796430410133e-38 1.7837288351179464e-34 8.200697149627375e-27 8.199681768111591e-23 8.19691425321636e-19 7.928021792186354e-15 1.1256459178443657e-11 2.8075598304120045e-11
0.0005048974801334842 5.881527866874293e-38 1.913218393063408e-34 8.992665345698886e-27 8.991600699362722e-23 8.98856638784353e-19 8.693704489351005e-15 1.2343599987428335e-11 3.0787119588853976e-11
0.0005166699617777604 6.370672103191554e-38 2.0525499641326126e-34 9.861118950164905e-27 9.860002583243052e-23 9.85667573109073e-19 9.533336285279411e-15 1.3535736094535642e-11 3.3760517700677564e-11
0.0005287169374124361 6.903986861959812e-38 2.2025603847194524e-34 1.0813444745161817e-26 1.0812274073329731e-22 1.0808626451288057e-18 1.0454059117321747e-14 1.4843007851085617e-11 3.702108446767024e-11
0.0005410448072981404 7.485579786642944e-38 2.3641633924030114e-34 1.1857742882727395e-26 1.1856515185801697e-22 1.1852515839406969e-18 1.1463704652125174e-14 1.6276534908137923e-11 4.059655426451272e-11
0.0005536601209276797 8.119940708051125e-38 2.5383567926788702e-34 1.3002896168595572e-26 1.3001608582745976e-22 1.2997223569063328e-18 1.2570861273625093e-14 1.7848511328186572e-11 4.4517341237860814e-11
0.0005665695805056229 8.811976904767816e-38 2.726230054019837e-34 1.4258644614535264e-26 1.4257294124106084e-22 1.4252486223391763e-18 1.378494616513262e-14 1.9572307929615775e-11 4.8816794571503224e-11
0.0005797800445090163 9.56705163058394e-38 2.9289730666041673e-34 1.563566947799166e-26 1.563425290665422e-22 1.5628981305750845e-18 1.5116286564144586e-14 2.1462587654880597e-11 5.35314862349909e-11
0.0005932985313311235 1.0391026238769026e-37 3.147885294762549e-34 1.7145683304873198e-26 1.7144197306316053e-22 1.713841725176403e-18 1.6576206821620638e-14 2.3535429180056267e-11 5.87015192876958e-11
0.000607132223010125 1.1290306228548254e-37 3.3843860791737206e-34 1.8801529889024377e-26 1.8799970936972581e-22 1.8793633354501043e-18 1.8177125049209447e-14 2.580846413766425e-11 6.437087013678744e-11
0.0006212884690447563 1.2271891577559956e-37 3.640025883225185e-34 2.0617293715557098e-26 2.0615658093108788e-22 2.060870917031655e-18 1.9932658936127625e-14 2.830102735886494e-11 7.058776326781082e-11
0.0006357747902989163 1.3343431801076666e-37 3.916498380078739e-34 2.2608419111815906e-26 2.2606702900164615e-22 2.259908362912757e-18 2.185774095213202e-14 3.103432044232653e-11 7.740507921434914e-11
0.0006505988829973161 1.4513286090385244e-37 4.21565397878754e-34 2.479184203896923e-26 2.4790041105309597e-22 2.4781686780861675e-18 2.396874577214474e-14 3.4031592675787224e-11 8.488080580837042e-11
0.0006657686228142928 1.5790589113803525e-37 4.539514666563517e-34 2.718613482717724e-26 2.7184244811734267e-22 2.7175084481068874e-18 2.628363021558431e-14 3.7318339726398346e-11 9.307853374905378e-11
0.0006812920690579615 1.718532287818442e-37 4.890289859182208e-34 2.981166249498428e-26 2.980967879727819e-22 2.979963465697554e-18 2.882208438625278e-14 4.092251823397513e-11 1.0206799183627691e-10
0.0006971774689519261 1.8708395221134762e-37 5.270394356134152e-34 3.2690758131800585e-26 3.26886758958513e-22 3.2677662629918523e-18 3.160570124347576e-14 4.4874786573530815e-11 1.119256474749214e-10
0.0007134332620168255 2.03717256268629e-37 5.682467405535746e-34 3.584791049445261e-26 3.5845724593062496e-22 3.5833648647880336e-18 3.4658157982802243e-14 4.920876238540163e-11 1.227353490005119e-10
0.0007300680845540431 2.2188338752984486e-37 6.129394003825855e-34 3.93099735919931e-26 3.9307678609916365e-22 3.929443739869665e-18 3.800541867632066e-14 5.3961310290455593e-11 1.3458904329178845e-10
0.0007470907742339592 2.4172466542350293e-37 6.614328144957153e-34 4.3106394224810944e-26 4.310398444067918e-22 4.308946547139403e-18 4.167595427233274e-14 5.91728542526736e-11 1.475875548581814e-10
0.0007645103747911887 2.633965952230851e-37 7.140718778021374e-34 4.726946698237276e-26 4.726693634922528e-22 4.7251016266772875e-18 4.5700989143825274e-14 6.488772763656327e-11 1.6184145894485973e-10
0.0007823361408292924 2.8706908043195847e-37 7.712336458092842e-34 5.183459926867743e-26 5.1831941393509e-22 5.181448493274828e-18 5.011475733284633e-14 7.115453703112912e-11 1.774719889740028e-10
0.00080057754273752 3.1292774296505447e-37 8.333305540810164e-34 5.684062389830203e-26 5.683783201954519e-22 5.6818690853191074e-18 5.4954804788432196e-14 7.802659137695801e-11 1.9461210686358204e-10
0.0008192442717221943 3.4117535711708125e-37 9.008136573555009e-34 6.233012181650952e-26 6.232718878032483e-22 6.230620025830934e-18 6.02623013940468e-14 8.556234499276823e-11 2.1340760801386198e-10
0.0008383462449554094 3.720334100355418e-37 9.741763069356904e-34 6.834978485894975e-26 6.834670309376223e-22 6.832368886059011e-18 6.608239170757901e-14 9.382589556728774e-11 2.3401836338714255e-10
0.0008578936108437789 4.0574379299258834e-37 1.053958249228959e-33 7.495081693604433e-26 7.494757842487015e-22 7.492234290204473e-18 7.246458285259533e-14 1.0288753489967399e-10 2.566196931516872e-10
0.0008778967544200344 4.425706376823423e-37 1.140749964815028e-33 8.218936569008287e-26 8.218596194115474e-22 8.215829066443049e-18 7.94631618732587e-14 1.1282434147339063e-10 2.8140384466568616e-10
0.000898366302860337 4.8280230171693156e-37 1.2351975216998784e-33 9.012700060728789e-26 9.01234226223418e-22 9.009308041817672e-18 8.713765800457163e-14 1.2372083680229983e-10 3.0858162952038905e-10
0.0009193131311302326 5.267535206371599e-37 1.3380078774248588e-33 9.883123612894249e-26 9.88274743690513e-22 9.879420335512471e-18 9.555334845078049e-14 1.356697035510344e-10 3.38384214659214e-10
0.0009407483677622533 5.747677298902001e-37 1.4499547828596758e-33 1.0837611476643794e-25 1.0837215911510194e-21 1.0833567650471824e-17 1.0478182217952641e-13 1.4877258602798507e-10 3.7106511894871043e-10
0.000962683400768232 6.2721956971319304e-37 1.5718850057972328e-33 1.1884282513711443e-25 1.1883866486086463e-21 1.1879866055950114e-17 1.1490157748013617e-13 1.6314093861769423e-10 4.069023293188751e-10
0.000985129883689471 6.845175865183024e-37 1.704725315304866e-33 1.3032039286954154e-25 1.3031601657547653e-21 1.3027215054496668e-17 1.2599868997667094e-13 1.7889697424717115e-10 4.462006664057442e-10
0.0010080997417879817 7.471071393842265e-37 1.8494903077457684e-33 1.429064515470181e-25 1.4290184713654987e-21 1.4285374649997908e-17 1.381675580268727e-13 1.9617472272718224e-10 4.892944242415897e-10
0.0010316051783820807 8.154735179959549e-37 2.0072904842870875e-33 1.5670804972420167e-25 1.5670320434403683e-21 1.566504602192299e-17 1.5151168300016359e-13 2.1512113861593753e-10 5.365501334627199e-10
0.0010556586813297128 8.901452902435144e-37 2.179341632029747e-33 1.7184257590630691e-25 1.7183747589498515e-21 1.7177963991690236e-17 1.6614456360855386e-13 2.3589737101874794e-10 5.883697284142132e-10
0.0010802730296629402 9.71697893918244e-37 2.3669753470890053e-33 1.88438792817375e-25 1.88433423646517e-21 1.8837000414179822e-17 1.8219069590511728e-13 2.5868018341787964e-10 6.451940884564691e-10
0.001105461300377127 1.0607574490312701e-36 2.5716489135429332e-33 2.0663784010014382e-25 2.066321863138667e-21 2.0656264413817242e-17 1.997865427632838e-13 2.8366333017029367e-10 7.075064711938084e-10
0.0011312368753784248 1.1580048570776257e-36 2.7949585103234993e-33 2.2659452333481927e-25 2.2658856848157726e-21 2.2651231242338906e-17 2.1908178018387108e-13 3.110593260542729e-10 7.758369260364577e-10
0.0011576134485932472 1.2641801472237097e-36 3.0386522303339518e-33 2.484786097451563e-25 2.4847233630466568e-21 2.4838871805332427e-17 2.4024055007047384e-13 3.4110122500003435e-10 8.507667306690096e-10
0.0011846050332435167 1.3800870606178988e-36 3.304644040234067e-33 2.7247622756892834e-25 2.7246961687467617e-21 2.7237792551779847e-17 2.634428132353982e-13 3.7404454113086973e-10 9.329331824664978e-10
0.0012122259692915415 1.506597981754548e-36 3.595030521389688e-33 2.9879150914431306e-25 2.9878454129752336e-21 2.9868399726580715e-17 2.888859380433335e-13 4.1016950437030184e-10 1.0230352243772241e-09
0.0012404909310584848 1.6446590645226278e-36 3.912107800395613e-33 3.276482875026525e-25 3.27640941280822e-21 3.2753068972227076e-17 3.167863407918071e-13 4.497833895067719e-10 1.121839254021659e-09
0.0012694149350204683 1.7952956717198674e-36 4.258390851453105e-33 3.5929200883660303e-25 3.592842615938901e-21 3.5916336510484194e-17 3.473813348125674e-13 4.932231416069892e-10 1.2301856719372653e-09
0.0012990133477864558 1.959618120712708e-36 4.6366349374342466e-33 3.939918563273259e-25 3.93983683885778e-21 3.9385111452765075e-17 3.8093118392882987e-13 5.408582915802774e-10 1.3489961535111832e-09
0.0013293018942621524 2.1388275969039993e-36 5.0498578208912764e-33 4.320429739630082e-25 4.320343504965493e-21 4.318889810646962e-17 4.177212525930826e-13 5.930940090130707e-10 1.4792812632889319e-09
0.001360296666004259 2.3342224291677018e-36 5.5013652757121525e-33 4.737689947720691e-25 4.737598926797606e-21 4.7360048712203805e-17 4.580644503511153e-13 6.503745728972126e-10 1.6221491115840831e-09
0.001392014129769518 2.5472046021502906e-36 5.994779859231453e-33 5.195248911700534e-25 5.1951528093704956e-21 5.193404838137554e-17 5.023039877467762e-13 7.131872845517671e-10 1.7788151139967181e-09
0.0014244711362630968 2.7792863454721607e-36 6.534069541309432e-33 5.696998487572281e-25 5.696896988071394e-21 5.694980237844811e-17 5.508161549041577e-13 7.820664127429692e-10 1.95061183123971e-09
0.0014576849290909482 3.032097251116164e-36 7.123581762326933e-33 6.247206344968446e-25 6.247099110291663e-21 6.244997282399399e-17 6.040135781057404e-13 8.575978174781433e-10 2.139000501697827e-09
0.0014916731539209149 3.3073911873417265e-36 7.768080739808277e-33 6.850553149947999e-25 6.850439818084106e-21 6.848135039621751e-17 6.623488148742924e-13 9.404240544180955e-10 2.345583772734227e-09
0.0015264538678574353 3.607053645129548e-36 8.472785013196363e-33 7.51217011421583e-25 7.512050297258202e-21 7.509522969562572e-17 7.263179844845919e-13 1.0312495295938902e-09 2.5721185574649902e-09
0.0015620455490348386 3.933109145198389e-36 9.243414009715272e-33 8.2376851047076e-25 8.237558386763691e-21 8.234787018378903e-17 7.964652261442353e-13 1.1308468292747113e-09 2.8205318225680958e-09
0.0015984671064343198 4.2877289807908756e-36 1.0086236240006324e-32 9.033270590610883e-25 9.033136525526516e-21 9.03009754904475e-17 8.733873348323362e-13 1.240063302080074e-09 3.0929370052344e-09
0.0016357378899298156 4.6732382208788225e-36 1.1008117216006868e-32 9.905691961966868e-25 9.905550070927067e-21 9.902217643579775e-17 9.577384330712962e-13 1.3598276921109636e-09 3.3916505573688265e-09
0.0016738777005681136 5.0921240608281555e-36 1.2016584585591122e-32 1.0862371573915945e-24 1.0862221342722671e-20 1.085856712543195e-16 1.0502361631454293e-12 1.491158930860107e-09 3.7192138741681897e-09
0.0017129068010886602 5.547042975085381e-36 1.3119884616101235e-32 1.1911445760932827e-24 1.1911286637143651e-20 1.1907279554399803e-16 1.1516671996264961e-12 1.6351739640722192e-09 4.0784128156937316e-09
0.0017528459266886532 6.04082850956917e-36 1.4327056649057708e-32 1.3061838604504253e-24 1.306166999425402e-20 1.30572759691836e-16 1.262894381723041e-12 1.793097878481958e-09 4.472302964745047e-09
0.00179371629603914 6.576499325186482e-36 1.5648007290822102e-32 1.4323335950689995e-24 1.4323157215247666e-20 1.4318338879788605e-16 1.38486386979533e-12 1.9662740628629763e-09 4.904234970311962e-09
0.0018355396225579732 7.157266110531e-36 1.709359158671302e-32 1.5706666641522607e-24 1.5706477093579523e-20 1.5701193471337378e-16 1.5186129993548066e-12 2.1561753593878064e-09 5.377882361036664e-09
0.0018783381259456144 7.786540028554928e-36 1.867571005560832e-32 1.7223598801701178e-24 1.7223397701261402e-20 1.721760385798275e-16 1.6652795907031332e-12 2.3644172817514514e-09 5.8972745135496374e-09
0.0019221345439899109 8.467940179419875e-36 2.0407402927736053e-32 1.88870341817788e-24 1.8886820731743462e-20 1.8880467394061007e-16 1.8261110706682765e-12 2.5927709665043524e-09 6.466828955382738e-09
0.001966952144646121 9.205301531091028e-36 2.2302966264468338e-32 2.0711123679717706e-24 2.0710897021020304e-20 2.0703930156346193e-16 2.0024756420008574e-12 2.843179031718928e-09 7.091390919285893e-09
0.0020128147383986056 1.0002682784953641e-35 2.4378065500587253e-32 2.2711380971774855e-24 2.2711140178144022e-20 2.2703500536348275e-16 2.1958732699746806e-12 3.117771176116781e-09 7.776272250206867e-09
0.002059746690910748 1.0864375010837958e-35 2.6649875058332896e-32 2.490482136881531e-24 2.49045654409946e-20 2.489618804938403e-16 2.4079491079432207e-12 3.4188832411036637e-09 8.52729894937485e-09
0.0021077729359698315 1.1794911335397635e-35 2.913722009313267e-32 2.7310103394292812e-24 2.7309831253768645e-20 2.730064486445161e-16 2.6405071860511027e-12 3.7490766464403165e-09 9.350859650298028e-09
0.0021569189887337423 1.2799075643972648e-35 3.1860731801256873e-32 2.994768395763229e-24 2.994739443982607e-20 2.993732092489096e-16 2.895525414440837e-12 4.1111596922757635e-09 1.0253958749798847e-08
0.002207210959286545 1.388191405777019e-35 3.4843030783771196e-32 3.2840000881782385e-24 3.283969272854556e-20 3.2828646413852376e-16 3.1751732312382027e-12 4.508212616322011e-09 1.1244278905035527e-08
0.0022586755665101248 1.5048746201941467e-35 3.8108910248732807e-32 3.601165619458344e-24 3.601132804608499e-20 3.5999214983414684e-16 3.481829324397479e-12 4.943612755897325e-09 1.2330243792084401e-08
0.0023113401522792685 1.6305179038344604e-35 4.1685547129286164e-32 3.948962664926671e-24 3.948927703511353e-20 3.947599420351672e-16 3.818101986235903e-12 5.42106344794598e-09 1.3521090187695918e-08
0.0023652326959877285 1.7657123905508142e-35 4.5602733365657176e-32 4.330349448497728e-24 4.330312181450711e-20 4.328855624404508e-16 4.186851424910702e-12 5.944625707587687e-09 1.4826946981194968e-08
0.0024203818294129824 1.9110812505075078e-35 4.989313424126099e-32 4.748570517398615e-24 4.7485307725633567e-20 4.746933553443616e-16 4.591214685150245e-12 6.518753611369621e-09 1.6258923426563793e-08
0.0024768168519275916 2.0672818346612924e-35 5.459254826121339e-32 5.207182763955637e-24 5.2071403549378444e-20 5.205388889318833e-16 5.034630807873893e-12 7.148330019700247e-09 1.782919824050454e-08
0.002534567746065232 2.2350082686205743e-35 5.97402286333513e-32 5.710087406035201e-24 5.710042130931214e-20 5.708121522347432e-16 5.520871751020692e-12 7.838710479231887e-09 1.9551129102739226e-08
0.0025936651934496745 2.4149942653207324e-35 6.53792138376638e-32 6.26156304556652e-24 6.261514685580535e-20 6.259408598607766e-16 6.054074352756394e-12 8.59576860524548e-09 2.143936584769683e-08
0.0026541405910951734 2.608015776665431e-35 7.15566541107564e-32 6.866298397396315e-24 6.866246715355616e-20 6.863937237685037e-16 6.6387719759431235e-12 9.425941011481802e-09 2.3509962527451854e-08
0.0027160260680869266 2.814895945146885e-35 7.832428123847962e-32 7.529438928320938e-24 7.529383667000406e-20 7.526851155827209e-16 7.279939601864822e-12 1.0336291335656634e-08 2.5780537102672936e-08
0.0027793545026504624 3.0365088429468777e-35 8.573880016844357e-32 8.256626136697066e-24 8.256567017023434e-20 8.253789932225439e-16 7.983031808412808e-12 1.1334564162104646e-08 2.827040593522544e-08
0.002844159539619031 3.273783645719257e-35 9.386234293095267e-32 9.054043012810322e-24 9.053979731920117e-20 9.050934453947768e-16 8.754026724239467e-12 1.2429247429294105e-08 3.1000739443540856e-08
0.0029104756083082714 3.527711883794236e-35 1.0276308066432006e-31 9.928474832476533e-24 9.928407061529054e-20 9.92506768884946e-16 9.599484808068217e-12 1.3629655886573171e-08 3.3994770258489806e-08
