results/limits/GDM_l.dat
# %ECSV 1.0
# ---
# datatype:
# - {name: mx, unit: MeV, datatype: float64}
# - {name: sigma_10, unit: cm2, datatype: float64}
# - {name: sigma_9, unit: cm2, datatype: float64}
# - {name: sigma_7, unit: cm2, datatype: float64}
# - {name: sigma_6, unit: cm2, datatype: float64}
# - {name: sigma_5, unit: cm2, datatype: float64}
# - {name: sigma_4, unit: cm2, datatype: float64}
# - {name: sigma_3, unit: cm2, datatype: float64}
# - {name: sigma_2, unit: cm2, datatype: float64}
# schema: astropy-2.0
mx sigma_10 sigma_9 sigma_7 sigma_6 sigma_5 sigma_4 sigma_3 sigma_2
[from data line 318]
0.00048215112361018567 2.797871279338324e-50 2.6282590556911766e-48 2.758227510762666e-44 7.449413916829882e-42 3.5720402715531905e-38 3.381550896759536e-34 4.763833253399446e-31 1.1622652088584284e-30
0.0004933932380508582 2.853973565273554e-50 2.689477998172616e-48 2.827570299299306e-44 7.816274665367337e-42 3.824582998471206e-38 3.6235697335807536e-34 5.103059889682202e-31 1.2437608665805523e-30
0.0005048974801334842 2.911669344553912e-50 2.752125968841777e-48 2.898832860972088e-44 8.204567693497593e-42 4.095108901046105e-38 3.882911218493911e-34 5.466350741803708e-31 1.3308868343204576e-30
0.0005166699617777604 2.9709892649236344e-50 2.816236261593984e-48 2.972077968130955e-44 8.615681703609832e-42 4.3849025735900126e-38 4.160815160432468e-34 5.855401735045382e-31 1.4240218441392822e-30
0.0005287169374124361 3.031964471343173e-50 2.8818429480097305e-48 3.047370918732934e-44 9.051100668109418e-42 4.6953404990679186e-38 4.458610088295009e-34 6.27202705480789e-31 1.523571196226473e-30
0.0005410448072981404 3.0946266432970095e-50 2.948980895503091e-48 3.1247796579440847e-44 9.512410540860673e-42 5.027897625728993e-38 4.777719597662873e-34 6.718167143414554e-31 1.62996156216624e-30
0.0005536601209276797 3.1590080345350884e-50 3.017685785896338e-48 3.204374906345028e-44 1.0001306444078934e-41 5.384154414535808e-38 5.119669151278119e-34 7.195897095592283e-31 1.7436513923365203e-30
0.0005665695805056229 3.225141514987913e-50 3.0879941344311826e-48 3.2862302951297116e-44 1.0519600364210501e-41 5.765804391094639e-38 5.486093365771807e-34 7.707436426462188e-31 1.865125947230091e-30
0.0005797800445090163 3.29306061456722e-50 3.159943309226608e-48 3.3704225087107275e-44 1.1069229392725e-41 6.174662238203488e-38 5.878743819195829e-34 8.255158168295312e-31 1.9948993616033352e-30
0.0005932985313311235 3.362799568541427e-50 3.2335715511939207e-48 3.457031435170521e-44 1.1652264550288063e-41 6.612672467719046e-38 6.299497416730234e-34 8.841599429401901e-31 2.1335237552543993e-30
0.000607132223010125 3.4343933641583036e-50 3.3089179944200425e-48 3.5461403250278915e-44 1.227092023552428e-41 7.081918713215279e-38 6.750365354386827e-34 9.469473100190005e-31 2.2815747693846148e-30
0.0006212884690447563 3.507877788178431e-50 3.386022687029979e-48 3.6378359588161694e-44 1.2927564342519169e-41 7.584633687872938e-38 7.233502723246606e-34 1.014167882672159e-30 2.4396794140491745e-30
0.0006357747902989163 3.583289474980066e-50 3.4649266125397176e-48 3.732208824003693e-44 1.36247290943592e-41 8.123209855223654e-38 7.751218800138624e-34 1.0861315468836766e-30 2.6084823925183833e-30
0.0006505988829973161 3.6606659549016303e-50 3.54567171171185e-48 3.8293533018203644e-44 1.4365122643408694e-41 8.700210863777047e-38 8.305988073810236e-34 1.1631695768323405e-30 2.7886886634367412e-30
0.0006657686228142928 3.7400457024999344e-50 3.628300904924814e-48 3.929367864590305e-44 1.5151641492640208e-41 9.318383800216427e-38 8.900462058743858e-34 1.2456359279793614e-30 2.981033857546758e-30
0.0006812920690579615 3.8214681844218524e-50 3.712858115068967e-48 4.032355284210762e-44 1.5987383796261753e-41 9.980672319759773e-38 9.537481953093087e-34 1.333908678453283e-30 3.186293918127808e-30
0.0006971774689519261 3.904973906611769e-50 3.7993882909816004e-48 4.138422852457316e-44 1.687566360205649e-41 1.0690230716478696e-37 1.0220092201186872e-33 1.428391898724646e-30 3.40530203289523e-30
0.0007134332620168255 3.990604460609648e-50 3.8879374314335904e-48 4.2476826138422374e-44 1.782002610236751e-41 1.1450439000864134e-37 1.0951555024434828e-33 1.5295171317257683e-30 3.638932320935163e-30
0.0007300680845540431 4.0784025687290504e-50 3.978552609681355e-48 4.360251611798723e-44 1.882426396547877e-41 1.2264919056740628e-37 1.173536599024149e-33 1.6377451244631084e-30 3.88811297985298e-30
0.0007470907742339592 4.168412127944288e-50 4.07128199859722e-48 4.4762521490147864e-44 1.9892434824331956e-41 1.3137551954797082e-37 1.2575270693154428e-33 1.753568070152781e-30 4.153822933793172e-30
0.0007645103747911887 4.2606782523589477e-50 4.166174896391997e-48 4.595812062796627e-44 2.1028880005083242e-41 1.4072496505529143e-37 1.3475282626722458e-33 1.877511399811087e-30 4.437099656665081e-30
0.0007823361408292924 4.355247314169553e-50 4.2632817529445694e-48 4.719065016399799e-44 2.2238244583970234e-41 1.5074209140318037e-37 1.4439702331511238e-33 2.0101357943250675e-30 4.7390326629677374e-30
0.00080057754273752 4.452166983083559e-50 4.3626541967521316e-48 4.846150807324195e-44 2.3525498867357385e-41 1.6147465215720021e-37 1.547313791065662e-33 2.152039951751098e-30 5.060778441836441e-30
0.0008192442717221943 4.551486264191378e-50 4.464345062516728e-48 4.977215693645337e-44 2.4895961396691557e-41 1.7297381842848149e-37 1.658052700904856e-33 2.3038625316520722e-30 5.403558291240902e-30
0.0008383462449554094 4.653255534334914e-50 4.5684084193830413e-48 5.112412739515024e-44 2.635532358746641e-41 1.8529442351017864e-37 1.7767160361765783e-33 2.466284873164243e-30 5.768657317790802e-30
0.0008578936108437789 4.757526577049556e-50 4.6748995998432954e-48 5.251902181050896e-44 2.7909676119164973e-41 1.9849522502652004e-37 1.903870702298048e-33 2.6400338782911582e-30 6.157424184300413e-30
0.0008778967544200344 4.864352616192622e-50 4.783875229325221e-48 5.395851813909588e-44 2.9565537201621287e-41 2.1263918584801485e-37 2.0401241394480932e-33 2.82588447654892e-30 6.571272740149982e-30
0.000898366302860337 4.973788348397723e-50 4.8953932564794593e-48 5.544437403930773e-44 3.1329882852278087e-41 2.2779377511628176e-37 2.186127218315121e-33 3.0246631306045494e-30 7.011710913198325e-30
0.0009193131311302326 5.085889974519732e-50 5.009512984183741e-48 5.697843122331831e-44 3.321017932852903e-41 2.4403129081798533e-37 2.342577342312083e-33 3.237250590852948e-30 7.480309876770126e-30
0.0009407483677622533 5.2007152302525985e-50 5.1262951012807034e-48 5.856262007034243e-44 3.521441786972661e-41 2.614292054505408e-37 2.510221771084837e-33 3.464585498729643e-30 7.978715824001196e-30
0.000962683400768232 5.318323416114862e-50 5.2458017150673924e-48 6.019896451811938e-44 3.735115191455065e-41 2.800705364325908e-37 2.689861180965579e-33 3.7076678681192355e-30 8.508663426454726e-30
0.000985129883689471 5.438775427006818e-50 5.368096384554889e-48 6.188958725068059e-44 3.962953697135561e-41 3.000442430306456e-37 2.882353479250338e-33 3.967562821211542e-30 9.071972061815744e-30
0.0010080997417879817 5.562133781543023e-50 5.493244154516147e-48 6.363671520169116e-44 4.205937333186409e-41 3.214456517000509e-37 3.088617890331791e-33 4.245404493876771e-30 9.670519263122416e-30
0.0010316051783820807 5.688462651364046e-50 5.621311590342143e-48 6.544268539405448e-44 4.4651151832254625e-41 3.443769118743366e-37 3.309639332999301e-33 4.5424000868193464e-30 1.0306302052630198e-29
0.0010556586813297128 5.817827890624404e-50 5.752366813725255e-48 6.730995113779569e-44 4.74161028802688e-41 3.6894748438261793e-37 3.546473109610812e-33 4.8598343670621216e-30 1.0981436993983364e-29
0.0010802730296629402 5.950297065842342e-50 5.88647953919063e-48 6.924108860992697e-44 5.036624898266927e-41 3.9527466483078195e-37 3.800249929245957e-33 5.199074259720438e-30 1.1698006735601798e-29
0.001105461300377127 6.085939486287254e-50 6.023721111496009e-48 7.12388038414802e-44 5.351446102412146e-41 4.234841444492732e-37 4.072181288462128e-33 5.561572621134502e-30 1.245835014708978e-29
0.0011312368753784248 6.224826235062424e-50 6.164164543921714e-48 7.330594013881512e-44 5.687451856650567e-41 4.537106110896379e-37 4.3635652353810785e-33 5.948875318688518e-30 1.3264778920846052e-29
0.0011576134485932472 6.36703020102834e-50 6.307884557471751e-48 7.544548596810821e-44 6.046117445692732e-41 4.860983932438324e-37 4.675792543643195e-33 6.362624333356051e-30 1.4119735855628942e-29
0.0011846050332435167 6.512626111691021e-50 6.454957621010133e-48 7.766058333400993e-44 6.429022405324143e-41 5.208021501660867e-37 5.010353325850587e-33 6.804563326478095e-30 1.5025815412958272e-29
0.0012122259692915415 6.661690567166496e-50 6.6054619923537e-48 7.995453668565966e-44 6.837857939797954e-41 5.579876113976189e-37 5.368844117622437e-33 7.276545621123338e-30 1.5985545268476355e-29
0.0012404909310584848 6.814302075313482e-50 6.759477760346233e-48 8.233082238554388e-44 7.274434869516918e-41 5.978323692306364e-37 5.7529754649506066e-33 7.780537497278734e-30 1.7001847584632208e-29
0.0012694149350204683 6.970541088111426e-50 6.917086887938432e-48 8.479309877926513e-44 7.740692146985302e-41 6.405267279013118e-37 6.164580051085708e-33 8.318623607241747e-30 1.8077264590973186e-29
0.0012990133477864558 7.130490039347577e-50 7.078373256296769e-48 8.734521690694355e-44 8.238705981719391e-41 6.86274613572618e-37 6.60562140140549e-33 8.893017855041754e-30 1.9214989060684088e-29
0.0013293018942621524 7.294233383661608e-50 7.243422709970313e-48 8.999123189993965e-44 8.770699617713221e-41 7.352945494586048e-37 7.078203205871624e-33 9.506065903779941e-30 2.041794110646774e-29
0.001360296666004259 7.461857636987755e-50 7.412323103138534e-48 9.273541510959968e-44 9.339053810163088e-41 7.878207007531626e-37 7.584579303678097e-33 1.0160249955725379e-29 2.1689136171947197e-29
0.001392014129769518 7.633451418423101e-50 7.585164346969047e-48 9.558226701822293e-44 9.946318051495418e-41 8.44103994360269e-37 8.127164377512234e-33 1.0858203347673689e-29 2.3031887737870623e-29
0.0014244711362630968 7.809105493542777e-50 7.76203845811281e-48 9.853653098587038e-44 1.059522260030984e-40 9.044133187799139e-37 8.708545405369516e-33 1.1602711724667095e-29 2.4449432481352487e-29
0.0014576849290909482 7.98891281917905e-50 7.943039608365306e-48 1.01603207890685e-43 1.1288691370684828e-40 9.690368098878326e-37 9.331493924944378e-33 1.239671824358397e-29 2.5945141313875206e-29
0.0014916731539209149 8.172968589673531e-50 8.128264175523126e-48 1.0478757172431992e-43 1.2029855743395586e-40 1.0382832287572249e-36 9.998979168423175e-33 1.3243339248817746e-29 2.752247713836705e-29
0.0015264538678574353 8.361370284611636e-50 8.317810795466413e-48 1.0809518620874673e-43 1.2822069364994137e-40 1.1124834381111537e-36 1.0714182126756405e-32 1.4145866750232064e-29 2.918490862524627e-29
0.0015620455490348386 8.554217718045417e-50 8.511780415498076e-48 1.1153192250526612e-43 1.3668924005415788e-40 1.1919919844655424e-36 1.1480510610066638e-32 1.5107771332697484e-29 3.09359908244098e-29
0.0015984671064343198 8.751613089209957e-50 8.710276348971834e-48 1.1510397809187226e-43 1.4574266549834214e-40 1.277188793528352e-36 1.2301615375829928e-32 1.6132722938325873e-29 3.277942869908425e-29
0.0016357378899298156 8.953661034739111e-50 8.913404331242304e-48 1.188178968904602e-43 1.5542217205897124e-40 1.3684809869616424e-36 1.3181407395830176e-32 1.7224587499637323e-29 3.4718987967588294e-29
0.0016738777005681136 9.160468682388893e-50 9.121272576970825e-48 1.2268059073140937e-43 1.6577189013288825e-40 1.4663048291936582e-36 1.412407634534763e-32 1.8387436930867296e-29 3.6758458029107937e-29
0.0017129068010886602 9.37214570627416e-50 9.333991838821607e-48 1.2669936224927079e-43 1.7683908748779053e-40 1.5711278135897017e-36 1.5134110399498022e-32 1.9625564779225042e-29 3.8901494867030624e-29
0.0017528459266886532 9.588804383631456e-50 9.551675467584931e-48 1.3088192931026433e-43 1.8867439326592592e-40 1.6834508979567055e-36 1.6216317425621619e-32 2.0943480540062095e-29 4.1151931695517285e-29
0.00179371629603914 9.810559653118592e-50 9.774439473763263e-48 1.3523645107942217e-43 2.0133203801080227e-40 1.8038109000705112e-36 1.7375847674327156e-32 2.2345933691582677e-29 4.351379410760192e-29
0.0018355396225579732 1.00375291746666e-49 1.0002402590659717e-47 1.3977155584323727e-43 2.1487011086322137e-40 1.9327830646794844e-36 1.8618218067929185e-32 2.3837906810085888e-29 4.599095553541364e-29
0.0018783381259456144 1.0269833390900163e-49 1.0235686339006284e-47 1.4449637071185218e-43 2.29350835155178e-40 2.0709838142579634e-36 1.9949338203157695e-32 2.5424632628048904e-29 4.858729676884148e-29
0.0019221345439899109 1.0507595590146444e-49 1.0474415093174139e-47 1.4942055333419695e-43 2.4484086371797917e-40 2.2190736966612745e-36 2.137553818384389e-32 2.711159751848078e-29 5.130669950644289e-29
0.001966952144646121 1.075094197105406e-49 1.0718716149006332e-47 1.5455432576874886e-43 2.614115953152745e-40 2.377760543775405e-36 2.290359841280239e-32 2.890454959478918e-29 5.41531922008036e-29
0.0020128147383986056 1.1000001708845193e-49 1.0968719793315962e-47 1.5990851066339702e-43 2.7913951371268205e-40 2.5478028562621206e-36 2.4540781478323574e-32 3.0809503507042997e-29 5.713047211818668e-29
0.002059746690910748 1.1254907023227536e-49 1.1224559375094743e-47 1.6549456990873636e-43 2.9810655100397424e-40 2.730013430582319e-36 2.6294866281003283e-32 3.2832749889343796e-29 6.024257968564525e-29
0.0021077729359698315 1.1515793247994452e-49 1.1486371378476155e-47 1.7132464594121973e-43 3.1840047692968413e-40 2.925263245636465e-36 2.8174184555844846e-32 3.498086086643287e-29 6.349335932199923e-29
0.0021569189887337423 1.1782798902341488e-49 1.1754295497501758e-47 1.774116058854548e-43 3.4011531604843268e-40 3.134485627603465e-36 3.018765995648822e-32 3.7260685213526793e-29 6.688660744914567e-29
0.002207210959286545 1.2056065763933224e-49 1.2028474712738022e-47 1.8376908873853333e-43 3.6335179475433085e-40 3.358680712887424e-36 3.234484987292803e-32 3.9679373571613476e-29 7.042606412736314e-29
0.0022586755665101248 1.233573894375235e-49 1.230905536979449e-47 1.904115558141736e-43 3.882178202766932e-40 3.598920230507117e-36 3.4655990186114464e-32 4.224435782269353e-29 7.411543332894015e-29
0.0023113401522792685 1.2621966962766054e-49 1.259618725979307e-47 1.9735434468021393e-43 4.148289939510803e-40 3.856352626788875e-36 3.7132043138352006e-32 4.496337283797518e-29 7.795844883562191e-29
0.0023652326959877285 1.2914901830447116e-49 1.2890023701844892e-47 2.0461372683992122e-43 4.4330916121477964e-40 4.1322085568594767e-36 3.978474855201564e-32 4.784444782191458e-29 8.195860854539602e-29
0.0024203818294129824 1.3214699125187672e-49 1.3190721627587155e-47 2.1220696942574054e-43 4.737910009552651e-40 4.427806769188489e-36 4.26266786286004e-32 5.089590727899377e-29 8.611941825955816e-29
0.0024768168519275916 1.3521518076644103e-49 1.349844166783622e-47 2.2015240119352874e-43 5.0641665702859245e-40 4.744560411305831e-36 4.567129654917843e-32 5.4126383088715e-29 9.044436933774181e-29
0.002534567746065232 1.3835521650056216e-49 1.3813348241419197e-47 2.284694831262853e-43 5.413384149661383e-40 5.0839837868349984e-36 4.893301915598425e-32 5.754478298010593e-29 9.49365936699241e-29
0.0025936651934496745 1.4156876632579931e-49 1.4135609646240354e-47 2.371788839784412e-43 5.787194271044123e-40 5.4476995961365516e-36 5.242728400601565e-32 6.116033381564882e-29 9.959944328648428e-29
0.0026541405910951734 1.4485753721681155e-49 1.4465398152648307e-47 2.463025611160221e-43 6.187344896041596e-40 5.8374466951660985e-36 5.61706210482707e-32 6.498252934709904e-29 1.0443621995492288e-28
0.0027160260680869266 1.4822327615632471e-49 1.480289009916587e-47 2.5586384703325624e-43 6.61570875073142e-40 6.255088409628755e-36 6.018072927366229e-32 6.902115208104333e-29 1.0945005687468331e-28
0.0027793545026504624 1.516677710616054e-49 1.5148265990652316e-47 2.658875419537139e-43 7.074292247728682e-40 6.702621444162159e-36 6.447655868859252e-32 7.328626538317651e-29 1.14643226077644e-28
0.002844159539619031 1.55192851732932e-49 1.5501710598965577e-47 2.764000129534556e-43 7.565245046747153e-40 7.182185429122501e-36 6.907839791469593e-32 7.778819198398755e-29 1.2001934442042532e-28
0.0029104756083082714 1.5880039082452552e-49 1.5863413066195484e-47 2.874293000749146e-43 8.090870299360532e-40 7.69607315059373e-36 7.400796783135032e-32 8.253751102094986e-29 1.2558079170485507e-28
