results/limits/GDM_h_phase.dat
# %ECSV 1.0
# ---
# datatype:
# - {name: mx, unit: MeV, datatype: float64}
# - {name: sigma, unit: cm2 MeV4, datatype: float64}
# schema: astropy-2.0
mx sigma
[from data line 2173]
0.030025863027793583 0.00038961443226595587
0.030136708624026814 0.000395399809014862
0.030247963425690475 0.00040127101296436583
0.030359628943436225 0.0004072291573006152
0.030471706693492532 0.00041327598915548127
0.030584198197685358 0.0004194127174432832
0.030697104983458665 0.0004256408307679784
0.030810428583895256 0.0004319602465820447
0.030924170537737546 0.000438374766876596
0.031038332389408577 0.00044488409489312075
0.03115291568903279 0.0004514896372228534
0.031267921992457204 0.0004581938279062693
0.03138335286127252 0.00046499751837631446
0.0314992098628343 0.00047190222306510085
0.03161549457028432 0.0004789088856011134
0.03173220856257183 0.0004860202441007928
0.031849353424475035 0.0004932371967030914
0.03196693074662264 0.0005005608976560163
0.032084942125515395 0.0005079937408604794
0.03220338916354788 0.0005155361574314317
0.032322273469030126 0.0005231914404079455
0.03244159665620952 0.0005309606367613672
0.03256136034529272 0.0005388444132582388
0.03268156616246764 0.0005468456267001025
0.032802215739925616 0.0005549654881462719
0.032923310715883426 0.0005632060091287494
0.03304485273460562 0.0005715681555834912
0.03316684344642683 0.0005800560602378554
0.033289284507774144 0.0005886689930217569
0.033412177581189764 0.0005974098798498023
0.03353552433535331 0.0006062803065342959
0.03365932644510467 0.0006152831819381429
0.03378358559146665 0.0006244187800963445
0.03390830346166796 0.0006336910088969381
0.034033481749165866 0.0006431003516875316
0.034159122153669376 0.0006526496493064757
0.03428522638116226 0.0006623401545839471
0.0344117961439262 0.0006721759730645697
0.03453883316056412 0.0006821559962412132
0.0346663391560234 0.0006922856404838673
0.03479431586161937 0.0007025649047249647
0.0349227650150588 0.0007129963184231581
0.0350516883604635 0.000723583688881503
0.035181087648394054 0.0007343288770729741
0.03531096463587348 0.0007452323495838407
0.03544132108641117 0.0007562982504428858
0.03557215877002679 0.0007675283325857826
0.03570347946327434 0.0007789246314816872
0.035835284949266334 0.000790490763962957
0.035967577017697885 0.0008022289310595133
0.03610035746487107 0.0008141400852372386
0.036233628093719356 0.0008262291948575363
0.03636739071383197 0.0008384979494648174
0.0365016471414787 0.0008509481585509032
0.03663639919963426 0.0008635830524604432
0.036771648718003244 0.0008764067799040737
0.0369073975330449 0.0008894196308635809
0.037043647487998044 0.0009026275677496439
0.037180400432906234 0.0009160298422116988
0.03731765822464267 0.0009296300233254536
0.03745542272693556 0.0009434342202106148
0.03759369581039333 0.000957444181521959
0.0377324793525302 0.0009716608843048067
0.03787177523779144 0.0009860884974177322
0.038011585357579106 0.0010007304565958605
0.03815191161027769 0.0010155901488115532
0.038292755901279854 0.0010306693213699234
0.03843412014301245 0.0010459740613134422
0.03857600625496228 0.0010615051168995828
0.03871841616370229 0.0010772677957599321
0.0388613518029177 0.0010932618219866921
0.039004815113432206 0.0011094963387072534
0.039148808043234534 0.001125971055063253
0.03929333254750459 0.0011426906117307206
0.03943839058864023 0.0011596577565511452
0.03958398413628382 0.001176877052320206
0.03973011516734895 0.0011943517682704188
0.03987678566604746 0.0012120872137552693
0.040023997623916126 0.0012300841305533687
0.04017175303984384 0.0012483494067172815
0.04032005392009877 0.0012668849082595414
0.040468902278355486 0.0012856967297831634
0.040618300135722527 0.0013047890812492768
0.04076824952076957 0.0013241638492468072
0.04091875246955515 0.0013438260389634844
0.04106981102565425 0.0013637796945689224
0.041221427240186015 0.001384029511704703
0.041373603171841786 0.001404580670245708
0.04152634088691278 0.0014254372296992406
0.04167964245931833 0.0014466023522187856
0.041833509970633925 0.0014680821838264056
0.041987945510119716 0.00148988023280207
0.042142951174748554 0.0015120036383875813
0.04229852906923468 0.0015344559345152322
0.04245468130606224 0.0015572379713820828
0.04261141000551394 0.0015803622129641883
0.0427687172957 0.0016038281478427626
0.04292660531258677 0.0016276422092144625
0.04308507620002597 0.0016518112346782204
0.04324413210978367 0.001676339644883616
0.04340377520156955 0.001701232226945654
0.043564007643066324 0.0017264925019377672
0.043724831609958964 0.0017521299880899521
0.04388624928596438 0.0017781442214453854
0.04404826286286107 0.0018045478747344915
0.044210874540518794 0.0018313431721273888
0.04437408652692865 0.001858534087179615
0.04453790103823276 0.0018861331691663308
0.044702320298754594 0.0019141379475926424
0.04486734654102905 0.0019425598248130743
0.045032982005832785 0.0019714063420763835
0.04519922894221481 0.002000677134042976
0.04536608960752672 0.002030383838736548
0.045533566267453585 0.002060533005206701
0.04570166119604462 0.002091130985822368
0.04587037667574404 0.002122180624173396
0.04603971499742223 0.002153693056926148
0.04620967846040657 0.002185669290268628
0.04638026937251285 0.0022181290777624
0.04655149005007651 0.002251064298699715
0.04672334281798429 0.0022844905476644365
0.04689583000970547 0.002318407080503326
0.04706895396732382 0.002352834474246134
0.04724271704156928 0.0023877720686846524
0.047417121591849874 0.002423228474415951
0.04759216998628393 0.0024592042054617054
0.04776786460173194 0.002495724036291366
0.04794420782382904 0.002532780844391919
0.04812120204701733 0.002570392731109874
0.048298849674578356 0.002608557947802326
0.04847715311866594 0.0026472931046370427
0.04865611480033864 0.002686601680475327
0.04883573714959281 0.0027264955367708866
0.04901602260539553 0.0027669769750379475
0.049196973615717725 0.0028080632447827912
0.04937859263756755 0.0028497606636515432
0.04956088213702349 0.0028920735669403573
0.04974384458926801 0.002935018047876912
0.04992748247862115 0.002978593202541952
0.050111798298574185 0.003022825398695829
0.0502967945518237 0.0030677084279177353
0.05048247375030524 0.003113261325182062
0.05066883841522765 0.0031594869546841013
0.05085589107710725 0.003206403899384262
0.05104363427580214 0.003254017184186688
0.05123207056054689 0.003302338079190909
0.05142120248998686 0.0033513678931984072
0.051611032632213116 0.003401129570328906
0.051801563564797246 0.003451633834946171
0.05199279787482652 0.0035028846908920367
0.052184738158938725 0.0035549003950275417
0.052377387023357654 0.003607686786408614
0.052570747083928386 0.0036612548646955717
0.052764820966152814 0.0037156145798719646
0.05295961130522546 0.0037707944319684485
0.05315512074606897 0.003826782084972353
0.05335135194337023 0.0038836051006380474
0.053548307561616326 0.003941272744016836
0.05374599027513073 0.0039997941279411205
0.05394440276810979 0.00405918655726488
0.05414354773465885 0.0041194561428045656
0.05434342787882907 0.0041806275401716775
0.05454404591465407 0.00424270070454185
0.05474540456618673 0.0043057026851324055
0.05494750656753641 0.004369636875912804
0.05515035466290572 0.004434519301177114
0.055353951606628045 0.004500357314233706
0.055558300163204836 0.004567186572320595
0.055763403107343124 0.004635008122631298
0.05596926322399342 0.004703826067983879
0.05617588330838718 0.004773674746929863
0.05638326616607499 0.004844560355771873
0.0565914146129646 0.004916495974445614
0.05680033147535912 0.004989499822001502
0.0570100195899956 0.005063580804900897
0.05722048180408323 0.005138769971544868
0.057431720975342195 0.005215076967898149
0.0576437399720424 0.005292509988087887
0.057856541673042626 0.005371096106689091
0.05807012896782928 0.00545085737687872
0.05828450475655587 0.005531789252462402
0.05849967195008229 0.005613928970859162
0.05871563347001432 0.005697283423784067
0.05893239224874355 0.0057818894840210465
0.059149951229486776 0.005867734309062889
0.05936831336632627 0.005954862723593336
0.05958748162424979 0.006043290129233882
0.059807458979190785 0.006133029020805722
0.06002824841806907 0.006224097821855616
0.060249852938831 0.006316522286815602
0.060472275550490395 0.00641030598359174
0.06069551927316939 0.006505483650546336
0.060919587138139344 0.006602079704065421
0.06114448218786227 0.006700109197485517
0.06137020747603174 0.006799607642310347
0.06159676606761463 0.006900574423039513
0.061824161038892676 0.007003034324468696
0.062052395477504144 0.0071070153079265405
0.06228147248248606 0.007212550165466463
0.06251139516431586 0.007319632450617316
0.06274216664495393 0.007428335747403928
0.06297379005788588 0.007538622317715338
0.06320626854816505 0.007650569172218469
0.0634396052724555 0.0077641728717858715
0.06367380339907443 0.00787944604260211
0.06390886610803552 0.00799645634931389
0.06414479659109193 0.008115195932603746
0.06438159805177991 0.008235698736413347
0.06461927370546194 0.008357981966317358
0.06485782677937059 0.008482067576723666
0.06509726051265233 0.008608033518064608
0.06533757815641143 0.008735847774449024
0.06557878297375436 0.008865570199824918
0.0658208782398337 0.008997204064492023
0.06606386724189288 0.009130796724152315
0.06630775327931075 0.009266379065241415
0.06655253966364634 0.00940397845755039
0.06679822971868403 0.009543627091038261
0.06704482678047832 0.009685320739250738
0.06729233419739941 0.009829155412633635
0.06754075533017857 0.009975104267671016
0.06779009355195373 0.010123230264971188
0.0680403522483155 0.010273524636276022
0.06829153481735281 0.010426044278145849
0.06854364466969927 0.010580883406678352
0.0687966852285794 0.010737997304351862
0.06905065992985512 0.010897462518402604
0.0693055722220726 0.011059263383063912
0.0695614255665087 0.01122349790643208
0.06981822343721822 0.01139013298711991
0.07007596932108105 0.011559235489219727
0.07033466671784945 0.011730889228256691
0.07059431914019577 0.011905098713763593
0.07085493011375982 0.012081866139834592
0.07111650317719695 0.012261252747926929
0.071379041882226 0.012443295790341629
0.07164254979367782 0.012628059220082857
0.07190703048954318 0.012815599655420354
0.07217248756102174 0.013005881849928819
0.07243892461257065 0.013199010390550008
0.07270634526195348 0.013395017222031473
0.07297475314028957 0.013593883939667033
0.07324415189210298 0.013795732837396078
0.07351454517537222 0.014000578190795825
0.07378593666157983 0.014208465807582633
0.07405833003576218 0.014419464040551598
0.07433172899655983 0.014633554096795603
0.07460613725626726 0.014850865769780716
0.0748815585408836 0.01507137248914023
0.07515799659016315 0.01529520148654075
0.07543545515766602 0.015522278725999055
0.07571393801080954 0.015752722263679204
0.07599344893091883 0.015986689835435306
0.07627399171327849 0.016224054342832365
0.07655557016718408 0.016464943926899556
0.0768381881159937 0.01670940120123426
0.07712184939718035 0.016957514734412628
0.07740655786238339 0.017209340571847136
0.0776923173774613 0.017464885602761274
0.07797913182254392 0.017724183864470337
0.07826700509208553 0.01798740293115751
0.07855594109491719 0.018254514055954452
0.07884594375430015 0.018525529118784044
0.07913701700797905 0.018800598451637056
0.07942916480823534 0.019079762426780472
0.07972239112194118 0.019363053206644866
0.0800166999306129 0.01965057665628062
0.08031209523046537 0.019942346944466373
0.08060858103246615 0.020238452511791964
0.08090616136238989 0.020539033260981332
0.08120484026087334 0.02084400206674109
0.08150462178346966 0.021153525888722633
0.08180551000070391 0.02146756791586482
0.08210750899812816 0.021786410917830554
0.0824106228763769 0.022109867572513944
0.08271485575122312 0.022438156582010396
0.08302021175363353 0.022771367114601874
0.0833266950298252 0.023109468907715525
0.08363430974132162 0.02345258089169597
0.08394306006500915 0.0238008579391446
0.08425295019319413 0.024154284517628976
0.08456398433365926 0.02451291939072477
0.08487616670972103 0.0248768918455072
0.08518950156028708 0.025246324900339293
0.08550399313991355 0.025621166505267592
0.08581964571886333 0.026001570652075808
0.0861364635831634 0.02638766420826392
0.08645445103466345 0.026779528673080866
0.08677361239109409 0.02717713393708478
0.08709395198612584 0.027580705840841293
0.08741547416942741 0.027990218960328907
0.0877381833067252 0.028405873254447375
0.08806208377986238 0.028827644786662384
0.08838717998685837 0.029255681377975396
0.0887134763419689 0.029690060572312507
0.08904097727574542 0.030130996058015086
0.08936968723509557 0.03057835971183977
0.08969961068334356 0.031032395053297107
0.0900307521002906 0.03149319565137148
0.09036311598227612 0.03196078836940319
0.09069670684223828 0.032435405266430614
0.09103152920977564 0.032917016415842805
0.09136758763120853 0.03340581528171806
0.09170488666964068 0.03390176607583427
0.09204343090502162 0.03440523507065632
0.09238322493420822 0.034916096869699924
0.09272427337102758 0.03543457046682702
0.09306658084633947 0.03596064698010494
0.0934101520080992 0.03649455510289173
0.09375499152142111 0.03703654854140045
0.09410110406864126 0.03758653085217853
0.09444849434938153 0.038144534097856314
0.09479716708061317 0.038711034486264055
0.0951471269967209 0.039285827751431524
0.0954983788495675 0.039869225895486596
0.09585092740855775 0.040461076924473316
0.09620477746070362 0.04106185948453223
0.09655993381068906 0.04167175447747492
0.09691640128093561 0.04229049111211174
0.09727418471166731 0.04291840531326397
0.09763328896097682 0.04355570839276388
0.09799371890489128 0.04420242296473982
0.0983554794374384 0.04485878831105156
0.09871857547071332 0.045524939215135056
0.09908301193494475 0.046200970367889165
0.09944879377856226 0.04688689905677473
0.0998159259682634 0.047582969288142186
0.10018441348908101 0.04828960954920714
0.10055426134445149 0.04900661930402266
0.10092547455628148 0.04973443115006664
0.10129805816501752 0.050472800434006926
0.10167201722971382 0.051222107624622176
0.10204735682810032 0.05198281947927267
0.10242408205665306 0.05275476353914855
0.10280219803066182 0.05353803397261481
0.10318170988430093 0.054332935468178176
0.10356262277069843 0.055139765280576646
0.10394494186200536 0.055958656237621245
0.10432867234946745 0.05678937327087675
0.10471381944349403 0.05763267667946592
0.10510038837373013 0.05848848834242724
0.10548838438912692 0.05935692636902584
0.1058778127580123 0.06023834233944407
0.10626867876816401 0.061132784882270134
0.10666098772687962 0.06204054317524358
0.10705474496105018 0.06296172826029792
0.10744995581723184 0.06389672545456257
0.10784662566171781 0.06484535161772412
0.10824475988061279 0.06580830874083343
0.10864436387990432 0.06678531109050823
0.10904544308553772 0.06777717842856154
0.10944800294348911 0.06878362413854056
0.10985204891983871 0.06980479798136424
0.11025758650084658 0.07084125431456606
0.11066462119302534 0.07189343660819318
0.11107315852321656 0.07296075691685328
0.11148320403866506 0.0740441738170489
0.11189476330709357 0.07514361288850745
0.11230784191677994 0.07625937902007776
0.11272244547663118 0.07739173884030252
0.11313857961626127 0.07854089441637661
0.1135562499860668 0.079707061988903
0.11397546225730311 0.08089068503134035
0.11439622212216265 0.08209196312142962
0.11481853529385154 0.0833106477449241
0.11524240750666649 0.08454784217305006
0.1156678445160743 0.08580325345826346
0.11609485209878807 0.0870774773462302
0.1165234360528474 0.08837067059944938
0.11695360219769627 0.08968230710042827
0.11738535637426145 0.09101417195868358
0.11781870444503345 0.09236577206007641
0.11825365229414421 0.09373707781710232
0.11869020582744863 0.0951288978593815
0.11912837097260412 0.09654136858953924
0.1195681536791503 0.09797518068180096
0.12000955991859152 0.09942936469556928
0.12045259568447597 0.10090600563369835
0.12089726699247878 0.10240455508136238
0.12134357988048299 0.10392482898283022
0.12179154040866073 0.10546818043803763
0.12224115465955733 0.10703407099969159
0.12269242873817185 0.10862354626046562
0.12314536877204176 0.11023641308746245
0.12359998091132536 0.11187340710796854
0.12405627132888458 0.11353445993996127
0.12451424622037052 0.11522030110004929
0.12497391180430556 0.11693142713106498
