results/limits/GDM_f_6_phase.dat
# %ECSV 1.0
# ---
# datatype:
# - {name: mx, unit: MeV, datatype: float64}
# - {name: sigma_6, unit: cm2, datatype: float64}
# schema: astropy-2.0
mx sigma_6
[from data line 359]
0.0012404909310584848 3.925904824681504e-15
0.0012694149350204683 4.118316591654282e-15
0.0012990133477864558 4.3155746266214886e-15
0.0013293018942621524 4.517478949167941e-15
0.001360296666004259 4.7238097122189945e-15
0.001392014129769518 4.934329128833666e-15
0.0014244711362630968 5.148781104637789e-15
0.0014576849290909482 5.366893174440795e-15
0.0014916731539209149 5.588378666830014e-15
0.0015264538678574353 5.812936342828558e-15
0.0015620455490348386 6.0402541676763734e-15
0.0015984671064343198 6.270010913435087e-15
0.0016357378899298156 6.5018750432873175e-15
0.0016738777005681136 6.735511183062581e-15
0.0017129068010886602 6.9705778290130066e-15
0.0017528459266886532 7.206732238486898e-15
0.00179371629603914 7.443631027385834e-15
0.0018355396225579732 7.680931059544923e-15
0.0018783381259456144 7.91829385720456e-15
0.0019221345439899109 8.155384410861726e-15
0.001966952144646121 8.391875542017276e-15
0.0020128147383986056 8.627446487870577e-15
0.002059746690910748 8.861787239400729e-15
0.0021077729359698315 9.09459840567542e-15
0.0021569189887337423 9.325591294016774e-15
0.002207210959286545 9.554491785004396e-15
0.0022586755665101248 9.781038664068173e-15
0.0023113401522792685 1.0004984950105073e-14
0.0023652326959877285 1.0226098919071012e-14
0.0024203818294129824 1.0444165906215427e-14
0.0024768168519275916 1.065898494738106e-14
0.002534567746065232 1.0870372998534436e-14
0.0025936651934496745 1.1078164250564125e-14
0.0026541405910951734 1.1282203714526487e-14
0.0027160260680869266 1.1482359220622929e-14
0.0027793545026504624 1.1678512639085926e-14
0.002844159539619031 1.1870556768408277e-14
0.0029104756083082714 1.2058406509357343e-14
0.0029783379408076585 1.2241985852095943e-14
0.0030477825906984404 1.2421236870202659e-14
0.0031188464522080173 1.2596111858704412e-14
0.0031915672798109355 1.2766579020977073e-14
0.0032659837082868936 1.2932617546944269e-14
0.003342135273246469 1.3094218578126293e-14
0.0034200624321353945 1.3251382447756584e-14
0.0034998065857286074 1.3404120733387165e-14
0.0035814101001254554 1.355245727294363e-14
0.003664916329257761 1.3696423752278271e-14
0.0037503696379226933 1.383605437498396e-14
0.0038378154253526898 1.397139557346693e-14
0.003927300149334948 1.410250464243566e-14
0.004018871350893299 1.422943703824634e-14
0.00411257767954558 1.435225351322799e-14
0.004208468919149921 1.447103107376044e-14
0.004306596014353682 1.4585838012436783e-14
0.004407011097659079 1.4696754479229656e-14
0.004509767517119906 1.4803857857848426e-14
0.004614919864684026 1.4907233725112376e-14
0.004722524005196735 1.5006964265691617e-14
0.004832637106080367 1.5103140976685237e-14
0.004945317667705937 1.5195850537694813e-14
0.005060625554472947 1.528517897290448e-14
0.005178622026613854 1.5371222647760734e-14
0.005299369772740128 1.5454072296614438e-14
0.005422932943147155 1.553381405648014e-14
0.0055493771838957115 1.5610539567423288e-14
0.00567876967168809 1.5684341513122133e-14
0.005811179149557424 1.575530422495395e-14
0.0059466759633891655 1.5823527930624585e-14
0.006085332099294114 1.5889087561186402e-14
0.006227221221852859 1.5952076951870453e-14
0.006372418713251954 1.6012579788251345e-14
0.006521001713332612 1.607067740898144e-14
0.006673049160573193 1.6126451931119217e-14
0.006828641834027273 1.617998425250551e-14
0.006987862396239558 1.6231359179837033e-14
0.00715079543716245 1.6280641703708087e-14
0.007317527519096606 1.6327917850360136e-14
0.007488147222679345 1.6373256928147606e-14
0.007662745193945353 1.6416728433697718e-14
0.007841414192484688 1.645840765018189e-14
0.008024249140723652 1.6498350577736767e-14
0.008211347174354735 1.6536634166216554e-14
0.008402807693942412 1.6573317400367544e-14
0.008598732417732204 1.6608459289929728e-14
0.008799225435691074 1.6642122363282705e-14
0.009004393264807849 1.6674367673984354e-14
0.009214344905683071 1.6705247913785057e-14
0.009429191900438323 1.6734815752930316e-14
0.009649048391975805 1.6763121058009252e-14
0.009874031184619632 1.6790227399049316e-14
0.010104259806171096 1.681616478067931e-14
0.01033985657141083 1.684099488793618e-14
0.010580946647081629 1.686475930476956e-14
0.010827658118386449 1.6887493486091083e-14
0.011080122057036918 1.6909257918083133e-14
0.011338472590888495 1.6930065791167368e-14
0.01160284697519928 1.6949982575225978e-14
0.01187338566555036 1.696903452079251e-14
0.012150232392466372 1.6987252539911908e-14
0.012433534237775993 1.7004681901773384e-14
0.01272344171275288 1.7021349485704837e-14
0.013020108838078586 1.703728254546574e-14
0.013323693225669961 1.705252742068329e-14
0.013634356162414448 1.7067105440779954e-14
0.013952262695857842 1.70810332338104e-14
0.014277581721889965 1.7094364031699697e-14
0.014610486074474885 1.7107103557401268e-14
0.014951152617473332 1.7119272209972438e-14
0.015299762338606094 1.7130922876175795e-14
0.015656500445608335 1.714204610062064e-14
0.016021556464625875 1.7152677906391315e-14
0.016395124340905766 1.716285025625231e-14
0.016777402541834602 1.717256941197602e-14
0.017168594162379338 1.7181864382114524e-14
0.01756890703298664 1.719072583470491e-14
0.017978553829998065 1.7199215525661277e-14
0.01839775218863974 1.7207319378973865e-14
0.01882672481864659 1.7215073308484027e-14
0.01926569962258253 1.7222465292502814e-14
0.019714909816919448 1.7229550193310348e-14
0.020174594055939365 1.7236304131645153e-14
0.02064499655852557 1.7242754473657707e-14
0.021126367237910063 1.7248923375869446e-14
0.021618961834446313 1.7254823637270584e-14
0.02212304205147776 1.7260443438067978e-14
0.022638875694374342 1.7265829341417973e-14
0.0231667368128109 1.7270967763825658e-14
0.02370690584636297 1.7275882132382633e-14
0.024259669773497434 1.728057667056903e-14
0.024825322264037063 1.7285065003793108e-14
0.025404163835180054 1.7289349221935466e-14
0.025996502011157406 1.7293436197486305e-14
0.026602651486612925 1.7297348608883634e-14
0.027222934293792744 1.730107142186992e-14
0.027857679973633073 1.7304636049822373e-14
0.02850722575083718 1.730805725213657e-14
0.02917191671303455 1.731130296051355e-14
0.029852105994117403 1.731441407927579e-14
0.030548154961852016 1.731737644287907e-14
0.031260433409864494 1.7320218556257187e-14
0.031989319754103004 1.732293197190874e-14
0.0327352012338808 1.732551094048733e-14
0.03349847411760691 1.732798605326701e-14
0.034279543913313774 1.733035382264048e-14
0.03507882558409363 1.7332597413230617e-14
0.03589674376855814 1.733475324936059e-14
0.03673373300643846 1.7336808553541806e-14
0.037590237969445384 1.7338782859434696e-14
0.038466713697512506 1.7340671594675947e-14
0.03936362584054766 1.734246129991066e-14
0.04028145090582124 1.7344148635498933e-14
0.04122067651112274 1.7345790763936688e-14
0.04218180164382002 1.7347355233092465e-14
0.043165336925959 1.734884524537236e-14
0.044171804885544536 1.7350265553150368e-14
0.04520174023414663 1.7351640522762996e-14
0.046255690150979495 1.7352924215259353e-14
0.047334214573604344 1.7354150902752557e-14
0.048437886495410414 1.7355341072703287e-14
0.04956729227003216 1.73564841900964e-14
0.05072303192286451 1.7357589569956346e-14
0.051905719469841495 1.7358582364101065e-14
0.05311598324364777 1.7359558870824167e-14
0.05435446622753626 1.736051609163539e-14
0.05562182639692926 1.7361442605501194e-14
0.056918737068984544 1.7362293548820334e-14
0.058245887260312136 1.7363101049834838e-14
0.05960398205303182 1.7363868145386767e-14
0.06099374296936585 1.736465436303128e-14
0.06241590835496589 1.7365347983018094e-14
0.06387123377117784 1.7366013032364667e-14
0.06536049239645289 1.736669127216547e-14
0.06688447543711816 1.7367294506765688e-14
0.06844399254772507 1.736787716777906e-14
0.0700398722611988 1.7368485319785368e-14
0.0716729624290174 1.7368993497812878e-14
0.07334413067165428 1.736953774265441e-14
0.07505426483952363 1.7370036769635427e-14
0.07680427348467332 1.737045554521371e-14
0.07859508634347626 1.7370919643167713e-14
0.08042765483057629 1.7371373810893233e-14
0.08230295254435131 1.7371747829717135e-14
0.08422197578416211 1.737218105785772e-14
0.08618574407966152 1.7372570843702762e-14
0.08819530073244539 1.7372896252566827e-14
0.09025171337033296 1.7373202513392063e-14
0.09235607451457113 1.7373592781390364e-14
0.09450950216026408 1.7373911785739176e-14
0.09671314037033632 1.7374173455814322e-14
0.09896815988334524 1.7374459346667154e-14
0.10127575873546546 1.73747556988792e-14
0.10363716289697593 1.7375058076694954e-14
0.10605362692358762 1.73752454587843e-14
0.10852643462295801 1.7375426065180438e-14
0.11105689973674641 1.7375729313502197e-14
0.11364636663857243 1.7375922027348283e-14
0.11629621104824843 1.7376181383289667e-14
0.1190078407626656 1.737629343858768e-14
0.12178269640372161 1.7376527806442953e-14
0.12462225218368743 1.7376691447091273e-14
0.1275280166884199 1.7376814817627917e-14
0.13050153367883624 1.7377058847243602e-14
0.1335443829110759 1.7377226694990934e-14
0.13665818097578622 1.7377324530802923e-14
0.13984458215697693 1.7377497623012288e-14
0.14310527931090045 1.737759333643733e-14
0.14644200476542463 1.737775598830305e-14
0.14985653124037576 1.7377857961072395e-14
0.15335067278934078 1.737798061574066e-14
0.1569262857634292 1.7378120677209337e-14
0.1605852697975066 1.7378274275625686e-14
0.16432956881942368 1.7378345674437542e-14
0.16816117208277714 1.737840324744059e-14
0.172082115223751 1.737849146983037e-14
0.1760944813425998 1.7378588660326916e-14
0.1802004021103484 1.7378650035131943e-14
0.18440205890129596 1.7378750462839772e-14
0.18870168395192646 1.7378830881077596e-14
0.1931015615468407 1.7378927039956725e-14
0.1976040292323402 1.7378973879233444e-14
0.20221147905830805 1.7379025672425272e-14
0.20692635884904578 1.7379038469823824e-14
0.21175117350374192 1.7379117938603204e-14
0.2166884863272632 1.737926762491497e-14
0.22174092039197504 1.737927466440037e-14
0.22691115993131514 1.7379397245645413e-14
0.23220195176586036 1.7379381728048065e-14
0.2376161067626448 1.7379478378933956e-14
0.24315650132850383 1.7379498603467352e-14
0.24882607893823822 1.737953545455645e-14
0.25462785169840935 1.737956865281005e-14
0.2605649019475973 1.7379657629740882e-14
0.26664038389397104 1.7379628286615992e-14
0.27285752529104135 1.737971895147643e-14
0.2792196291524867 1.737973396825862e-14
0.2857300755069626 1.7379773555428328e-14
0.2923923231938275 1.7379777889414285e-14
0.2992099117007387 1.7379699610093795e-14
0.3061864630440946 1.7379917430944896e-14
0.31332568369332287 1.7380028224858284e-14
0.32063136654003577 1.7379938099408732e-14
0.3281073929131 1.7379883237117893e-14
0.3357577346406907 1.7379845836126624e-14
0.343586456160426 1.738007499664511e-14
0.3515977166787018 1.737995478222454e-14
0.359795772380376 1.7379986566930727e-14
0.368184978689974 1.7380024232631673e-14
0.3767697925856183 1.738010379237287e-14
0.38555477496691104 1.738012664452298e-14
0.394544593078027 1.7380287803383465e-14
0.4037440229873054 1.7380174181018477e-14
0.4131579521246571 1.738026800694483e-14
0.42279138187813525 1.7380052502214715e-14
0.43264943025104924 1.738016584483563e-14
0.4427373345810337 1.738014532969309e-14
0.4530604543225162 1.7380087529820145e-14
0.4636242738940635 1.7380308239753395e-14
0.47443440559211736 1.7380183231292016e-14
0.48549659257266914 1.7380029359130055e-14
0.4968167119024568 1.738028129415134e-14
0.5084007776813051 1.7380246065304387e-14
0.5202549442372687 1.7380401778459368e-14
0.5323855093962742 1.7380427222493898e-14
0.5447989178279997 1.7380278443498625e-14
0.557501764469769 1.738019186714079e-14
0.5705007980302781 1.738039738332751e-14
0.5838029245750183 1.7380316025417427e-14
0.5974152111952977 1.7380279151543693e-14
0.6113448897628128 1.7380476077642814e-14
0.6255993607717623 1.7380303393470175e-14
0.6401861972705483 1.7380313999800413e-14
0.6551131488851486 1.7380165484212927e-14
0.6703881459363026 1.7380439039753425e-14
0.686019303652694 1.738057544002653e-14
0.7020149264823721 1.7380652764116885e-14
0.7183835125046995 1.7380380219386047e-14
0.7351337579451718 1.7380082292160337e-14
0.7522745617955077 1.7380365776614194e-14
0.7698150305414633 1.7380522263716593e-14
0.7877644830008832 1.738019320823612e-14
0.8061324552745581 1.7380698668718858e-14
0.8249287058125218 1.7379962643757544e-14
0.8441632205984669 1.7380309680910893e-14
0.8638462184550629 1.738054335004019e-14
0.8839881564729563 1.738054369672588e-14
0.9045997355663667 1.738040231673455e-14
0.9256919061582187 1.7380550174557443e-14
0.9472758739978306 1.738027472698126e-14
0.9693631061142522 1.7380472063231718e-14
0.9919653369084147 1.7380369829017116e-14
1.0150945743873274 1.7380613660263524e-14
1.0387631065436362 1.738026059527217e-14
1.0629835078839296 1.7380845077815777e-14
1.0877686461092637 1.738043703004504e-14
1.1131316889514546 1.7380253761343022e-14
1.1390861111687691 1.738076653667066e-14
1.16564570170473 1.7380298642281642e-14
1.1928245710138414 1.7380382127208505e-14
1.2206371585581264 1.7380568537714755e-14
1.2490982404784545 1.7380734607290956e-14
1.2782229374447416 1.738089906551124e-14
1.3080267226891875 1.7380496695072547e-14
1.3385254302268237 1.7380066624853705e-14
1.369735263267732 1.7380394356424323e-14
1.4016728028254128 1.7380467007189784e-14
1.4343550165258654 1.7380725054351396e-14
1.4677992676220706 1.738096997814607e-14
1.5020233242186567 1.7381077537993106e-14
1.5370453687116559 1.7380424369952686e-14
1.5728840074483612 1.7380623034859437e-14
1.6095582806124205 1.7381027707772705e-14
1.6470876723394143 1.7380846962907047e-14
1.6854921210682972 1.7379787831877132e-14
1.7247920301341966 1.7379652109254106e-14
1.7650082786082029 1.7380245622718204e-14
1.8061622323899016 1.7380966175923688e-14
1.848275755558551 1.7380085787636474e-14
1.8913712219889245 1.737991042477548e-14
1.935471527238 1.7380036903468038e-14
1.9806001007088037 1.7380369363356733e-14
2.0267809180978715 1.73801633733256e-14
2.0740385141329463 1.7380364785373473e-14
2.1223979956076717 1.7380337311694806e-14
2.171885054720213 1.73800997372979e-14
2.222525982722885 1.738044377905118e-14
2.274347683890048 1.7380343904093865e-14
2.327377689811681 1.73810748170335e-14
2.3816441740202396 1.737972867755222e-14
2.437175966958554 1.7380331412814138e-14
2.4940025712967335 1.738057930813444e-14
2.552154177606206 1.738055993891003e-14
2.611661680399223 1.7380369104735296e-14
2.6725566945423505 1.7380448675730122e-14
2.7348715720526675 1.738064474815266e-14
2.7986394192855935 1.7380942551204938e-14
2.863894114523477 1.738099927469631e-14
2.9306703259742912 1.7381009808735718e-14
2.999003530189995 1.7381892119438e-14
3.068930030914351 1.7381066276187465e-14
3.1404869783702067 1.7380578971005708e-14
3.21371238899649 1.7379583252692886e-14
3.2886451656454048 1.7380982951733262e-14
3.3653251182505572 1.7380365780358712e-14
3.443792984976987 1.7380852918821545e-14
3.5240904538643507 1.7380846586106048e-14
3.6062601849747473 1.737966898572621e-14
3.6903458330569543 1.738079088390716e-14
3.77639207073912 1.7379812368746243e-14
3.8644446122622242 1.7381235791193115e-14
3.9545502377669295 1.7380934049705548e-14
4.046756818146711 1.7380576370755678e-14
4.141113340480481 1.7380282648965894e-14
4.237669934058216 1.7381077417515646e-14
4.336477897013409 1.7378716198036053e-14
4.437589723576497 1.7379228081757255e-14
4.541059131963759 1.7381466088090326e-14
4.646941092916466 1.7381170539787568e-14
4.755291858905486 1.7379975568612864e-14
4.866168994016832 1.7380757990828116e-14
4.979631404534034 1.7379602148154474e-14
5.0957393702336 1.7382725767645822e-14
5.214554576410165 1.7382807575921798e-14
5.336140146648369 1.7380213505138672e-14
5.4605606763588606 1.7379900516549314e-14
5.587882267096237 1.7378488082186932e-14
5.718172561677172 1.73817982016883e-14
5.851500780117376 1.7381433347914403e-14
5.987937756406471 1.7381395149543234e-14
6.127555976140354 1.7381596100576992e-14
6.270429615030991 1.7379514983352173e-14
6.416634578314149 1.7382312137690213e-14
6.566248541075969 1.7380696919231856e-14
6.719350989519823 1.7379607778817105e-14
6.87602326319537 1.73815541814128e-14
