results/limits/GDM_h_phase.dat
# %ECSV 1.0
# ---
# datatype:
# - {name: mx, unit: MeV, datatype: float64}
# - {name: sigma, unit: cm2 MeV4, datatype: float64}
# schema: astropy-2.0
mx sigma
[from data line 356]
3.712905901671169e-05 4.349504420350367e-20
3.726612727285066e-05 4.414088715557342e-20
3.740370153984301e-05 4.4796319918433197e-20
3.7541783685714215e-05 4.546148494412069e-20
3.768037558538588e-05 4.6136526824877765e-20
3.781947912070098e-05 4.6821592231132265e-20
3.795909618044993e-05 4.7516829820828297e-20
3.8099228660395654e-05 4.822239081759241e-20
3.823987846329982e-05 4.893842845952844e-20
3.838104749894846e-05 4.9665098226595894e-20
3.85227376841777e-05 5.0402558167293303e-20
3.866495094290027e-05 5.1150968365435344e-20
3.880768920613107e-05 5.19104913381527e-20
3.8950954412013896e-05 5.268129232371586e-20
3.909474850584753e-05 5.3463538568296094e-20
3.923907344011191e-05 5.425740025266682e-20
3.9383931174495224e-05 5.506304963817001e-20
3.9529323675919855e-05 5.588066176713344e-20
3.967525291856965e-05 5.671041445436708e-20
3.98217208839165e-05 5.755248786394428e-20
3.996872956074701e-05 5.840706484881885e-20
4.011628094519001e-05 5.927433116320477e-20
4.02643770407431e-05 6.015447517329504e-20
4.0413019858300355e-05 6.104768820721052e-20
4.056221141617942e-05 6.195416426439686e-20
4.071195374014865e-05 6.287410020759709e-20
4.0862248863455196e-05 6.380769602266948e-20
4.1013098826851964e-05 6.475515442791925e-20
4.116450567862589e-05 6.571668138443511e-20
4.131647147462553e-05 6.669248569647607e-20
4.1468998278288684e-05 6.768277931258876e-20
4.162208816067101e-05 6.868777759048287e-20
4.177574320047353e-05 6.970769866321891e-20
4.1929965484071345e-05 7.074276410528237e-20
4.20847571055418e-05 7.179319900000746e-20
4.224012016669261e-05 7.285923139398202e-20
4.2396056777090955e-05 7.394109296787984e-20
4.2552569054091814e-05 7.503901868198933e-20
4.270965912286649e-05 7.615324722861439e-20
4.286732911643208e-05 7.728402045614675e-20
4.3025581175679714e-05 7.843158415245536e-20
4.318441744940425e-05 7.959618758996037e-20
4.3343840094333205e-05 8.07780839973007e-20
4.3503851275155734e-05 8.197752980758759e-20
4.366445316455269e-05 8.319478575938365e-20
4.382564794322537e-05 8.44301164916735e-20
4.3987437799925785e-05 8.568379011696558e-20
4.41498249314861e-05 8.695607902813836e-20
4.431281154284818e-05 8.824725988978171e-20
4.447639984709417e-05 8.955761296127467e-20
4.464059206547583e-05 9.088742294144492e-20
4.480539042744532e-05 9.223697894051144e-20
4.497079717068521e-05 9.360657388892434e-20
4.513681454113856e-05 9.499650558678479e-20
4.5303444793040015e-05 9.640707573050861e-20
4.54706901889461e-05 9.783859125327355e-20
4.563855299976567e-05 9.929136270887763e-20
4.5807035504791405e-05 1.0076570587813768e-19
4.5976139991730015e-05 1.0226194097924297e-19
4.614586875673394e-05 1.037803932351536e-19
4.631622410443226e-05 1.0532139235794738e-19
4.648720834796171e-05 1.0688527342554933e-19
4.6658823808998746e-05 1.084723759011637e-19
4.6831072817790297e-05 1.1008304467460798e-19
4.700395771318608e-05 1.1171762988537224e-19
4.7177480842670096e-05 1.133764863542368e-19
4.735164456239218e-05 1.1505997455150276e-19
4.7526451237200666e-05 1.1676846042581027e-19
4.770190324067377e-05 1.185023148615586e-19
4.787800295515247e-05 1.2026191472207435e-19
4.805475277177253e-05 1.220476424687631e-19
4.823215509049675e-05 1.2385988580220854e-19
4.841021232014814e-05 1.2569903841650507e-19
4.8588926878441955e-05 1.275654998740661e-19
4.876830119201911e-05 1.2945967588919718e-19
4.894833769647891e-05 1.3138197794179648e-19
4.912903883641177e-05 1.3333282365236e-19
4.931040706543313e-05 1.3531263664105731e-19
4.9492444846215995e-05 1.3732184718981094e-19
4.967515465052501e-05 1.3936089174539032e-19
4.98585389592498e-05 1.414302137219163e-19
5.004260026243827e-05 1.4353026202691403e-19
5.022734105933121e-05 1.4566149309336433e-19
5.041276385839534e-05 1.4782437030852283e-19
5.059887117735815e-05 1.5001936337924494e-19
5.078566554324174e-05 1.5224694925547035e-19
5.097314949239683e-05 1.5450761147919158e-19
5.116132557053792e-05 1.5680184150718637e-19
5.135019633277706e-05 1.591301378657003e-19
5.15397643436592e-05 1.6149300649672296e-19
5.173003217719679e-05 1.638909601326456e-19
5.192100241690434e-05 1.663245203102815e-19
5.21126776558343e-05 1.6879421578353505e-19
5.230506049661134e-05 1.713005828612292e-19
5.249815355146854e-05 1.7384416616743853e-19
5.2691959442282445e-05 1.7642551787912855e-19
5.2886480800608394e-05 1.7904519927394265e-19
5.3081720267717e-05 1.8170377990882018e-19
5.327768049462913e-05 1.8440183606037745e-19
5.347436414215269e-05 1.8713995570008432e-19
5.367177388091839e-05 1.8991873219382256e-19
5.386991239141572e-05 1.9273876983820868e-19
5.406878236403008e-05 1.9560068129673644e-19
5.4268386499078466e-05 1.9850508773959958e-19
5.4468727506846866e-05 2.014526216641751e-19
5.4669808107626756e-05 2.0444392205698618e-19
5.4871631031751704e-05 2.0747963930643544e-19
5.507419901963521e-05 2.1056043272602143e-19
5.5277514821807045e-05 2.136869717564444e-19
5.5481581198951345e-05 2.168599353791344e-19
5.568640092194379e-05 2.2008001420535317e-19
5.589197677188889e-05 2.233479061452279e-19
5.609831154015852e-05 2.2666432188546083e-19
5.6305408028428946e-05 2.300299821240948e-19
5.65132690487196e-05 2.3344561780707735e-19
5.672189742343101e-05 2.3691197130853707e-19
5.693129598538271e-05 2.4042979501016807e-19
5.714146757785253e-05 2.439998544515506e-19
5.735241505461428e-05 2.476229235986525e-19
5.7564141279977334e-05 2.512997909817695e-19
5.777664912882512e-05 2.5503125439371744e-19
5.7989941486653866e-05 2.588181255678447e-19
5.820402124961255e-05 2.626612265047935e-19
5.8418891324541324e-05 2.66561392394365e-19
5.863455462901178e-05 2.7051947045362063e-19
5.885101409136623e-05 2.7453632040977873e-19
5.90682726507571e-05 2.786128154574109e-19
5.928633325718767e-05 2.8274984073375246e-19
5.95051988715512e-05 2.8694829534447376e-19
5.9724872465671926e-05 2.91209091860663e-19
5.9945357022345115e-05 2.955331549129163e-19
6.0166655535377133e-05 2.999214250119936e-19
6.0388771009627005e-05 3.0437485437976444e-19
6.061170646104621e-05 3.0889441094145945e-19
6.083546491672048e-05 3.1348107752718217e-19
6.106004941491057e-05 3.1813584968522733e-19
6.128546300509312e-05 3.228597394047496e-19
6.151170874800291e-05 3.2765377152126554e-19
6.17387897156735e-05 3.325189895479755e-19
6.196670899147966e-05 3.374564493051251e-19
6.219546967017906e-05 3.4246722351454844e-19
6.242507485795379e-05 3.475524005963804e-19
6.265552767245344e-05 3.527130856356853e-19
6.288683124283641e-05 3.579504003863138e-19
6.311898870981335e-05 3.632654824676025e-19
6.335200322568933e-05 3.6865948633856803e-19
6.358587795440633e-05 3.741335837166592e-19
6.382061607158696e-05 3.796889642552613e-19
6.405622076457715e-05 3.8532683484857215e-19
6.429269523248912e-05 3.910484195524191e-19
6.453004268624563e-05 3.9685496215126704e-19
6.476826634862261e-05 4.027477243324946e-19
6.500736945429381e-05 4.087279869330073e-19
6.524735524987435e-05 4.147970465627685e-19
6.548822699396434e-05 4.2095622513262154e-19
6.572998795719413e-05 4.272068593617527e-19
6.597264142226762e-05 4.3355030551304662e-19
6.621619068400779e-05 4.399879440154789e-19
6.646063904940097e-05 4.465211735206248e-19
6.670598983764148e-05 4.53151412049598e-19
6.695224638017746e-05 4.598801012118238e-19
6.719941202075515e-05 4.667087011982384e-19
6.744749011546523e-05 4.736386972622574e-19
6.769648403278796e-05 4.806715950793439e-19
6.794639715363846e-05 4.878089212266042e-19
6.819723287141368e-05 4.950522269862957e-19
6.844899459203729e-05 5.024030872579692e-19
6.870168573400694e-05 5.098630970923191e-19
6.895530972844024e-05 5.174338784745089e-19
6.920987001912092e-05 5.251170744568614e-19
6.946537006254651e-05 5.329143574261301e-19
6.97218133279747e-05 5.408274174860536e-19
6.997920329747018e-05 5.488579766598341e-19
7.023754346595281e-05 5.570077807642584e-19
7.049683734124399e-05 5.65278596238732e-19
7.075708844411527e-05 5.736722225669922e-19
7.101830030833571e-05 5.821904837507887e-19
7.128047648071946e-05 5.908352280061603e-19
7.154362052117493e-05 5.996083358518929e-19
7.180773600275196e-05 6.085117132202303e-19
7.207282651169132e-05 6.175472922336502e-19
7.233889564747301e-05 6.267170381953126e-19
7.260594702286472e-05 6.360229452300363e-19
7.287398426397184e-05 6.454670300880913e-19
7.314301101028557e-05 6.550513477199647e-19
7.341303091473333e-05 6.647779795402338e-19
7.3684047643728e-05 6.746490372197685e-19
7.395606487721715e-05 6.846666670788293e-19
7.422908630873412e-05 6.948330440518577e-19
7.450311564544698e-05 7.051503805461686e-19
7.477815660820985e-05 7.156209155482821e-19
7.505421293161306e-05 7.262469254522296e-19
7.533128836403335e-05 7.370307122193896e-19
7.560938666768583e-05 7.479746271296209e-19
7.588851161867386e-05 7.590810438523622e-19
7.616866700704139e-05 7.703523772408119e-19
7.644985663682399e-05 7.817910730199794e-19
7.673208432609997e-05 7.933996186597809e-19
7.701535390704338e-05 8.05180535392382e-19
7.729966922597477e-05 8.171363816137781e-19
7.758503414341448e-05 8.292697573871037e-19
7.787145253413464e-05 8.415832984327559e-19
7.815892828721129e-05 8.540796786252308e-19
7.84474653060783e-05 8.667616131999124e-19
7.873706750857906e-05 8.796318554462135e-19
7.902773882702089e-05 8.926932066484915e-19
7.931948320822782e-05 9.059484974115118e-19
7.96123046135938e-05 9.1940061676327e-19
7.990620701913762e-05 9.330524757396584e-19
8.020119441555554e-05 9.469070498595774e-19
8.049727080827664e-05 9.609673447435944e-19
8.079444021751674e-05 9.75236417563252e-19
8.109270667833249e-05 9.897173683230584e-19
8.139207424067725e-05 1.0044133396754791e-18
8.16925469694549e-05 1.0193275225537647e-18
8.1994128944576e-05 1.0344631662581395e-18
8.229682426101289e-05 1.0498235529196585e-18
8.260063702885462e-05 1.0654120187463935e-18
8.290557137336406e-05 1.0812319535205355e-18
8.32116314350325e-05 1.0972867951701398e-18
8.351882136963707e-05 1.113580024078429e-18
8.382714534829664e-05 1.1301151918274252e-18
8.413660755752799e-05 1.146895883118014e-18
8.444721219930382e-05 1.1639257414557192e-18
8.475896349110845e-05 1.1812084761575314e-18
8.507186566599626e-05 1.198747829912613e-18
8.538592297264866e-05 1.216547625190809e-18
8.570113967543135e-05 1.2346117228897429e-18
8.601752005445325e-05 1.2529440383662996e-18
8.633506840562342e-05 1.271548576460838e-18
8.665378904071047e-05 1.2904293595333728e-18
8.697368628740068e-05 1.3095905028130206e-18
8.729476448935619e-05 1.3290361550937363e-18
8.761702800627518e-05 1.3487705550682606e-18
8.794048121394974e-05 1.3687979819446234e-18
8.826512850432643e-05 1.3891227911635633e-18
8.859097428556545e-05 1.4097493968803867e-18
8.891802298209997e-05 1.4306822772646619e-18
8.924627903469736e-05 1.451925982983761e-18
8.957574690051818e-05 1.4734851302079966e-18
8.990643105317788e-05 1.4953644041775467e-18
9.023833598280702e-05 1.5175685496984282e-18
9.05714661961117e-05 1.540102400964206e-18
9.090582621643603e-05 1.5629708536337831e-18
9.124142058382209e-05 1.5861788675329468e-18
9.157825385507281e-05 1.609731488747019e-18
9.191633060381339e-05 1.6336338313498239e-18
9.225565542055275e-05 1.6578910946957049e-18
9.259623291274725e-05 1.6825085522296493e-18
9.293806770486167e-05 1.7074915409953947e-18
9.328116443843336e-05 1.7328454904810769e-18
9.36255277721347e-05 1.7585759162136394e-18
9.39711623818358e-05 1.7846883976868807e-18
9.43180729606693e-05 1.811188618835254e-18
9.466626421909256e-05 1.8380823436801792e-18
9.501574088495298e-05 1.8653753805545507e-18
9.536650770355161e-05 1.8930737044981637e-18
9.571856943770704e-05 1.9211832955225335e-18
9.607193086782135e-05 1.949710286169663e-18
9.642659679194353e-05 1.978660861538455e-18
9.678257202583597e-05 2.0080413105710074e-18
9.713986140303928e-05 2.0378580276923013e-18
9.749846977493731e-05 2.068117469739582e-18
9.78584020108242e-05 2.0988262359833964e-18
9.821966299796996e-05 2.1299909780968394e-18
9.858225764168616e-05 2.161618484513117e-18
9.894619086539395e-05 2.1937156074671962e-18
9.931146761068937e-05 2.2262893275132585e-18
9.967809283741178e-05 2.2593467330755134e-18
0.00010004607152371064 2.2928949919805992e-18
0.00010041540866611251 2.3269414000620547e-18
0.00010078610927959016 2.3614933418607277e-18
0.00010115817839762958 2.3965583450522128e-18
0.00010153162107229886 2.432144010408227e-18
0.00010190644237431665 2.4682580773075986e-18
0.0001022826473931209 2.5049083853963228e-18
0.00010266024123693846 2.542102914080982e-18
0.00010303922903285368 2.5798497112173245e-18
0.00010341961592687845 2.6181570215460476e-18
0.00010380140708402249 2.6570331197891855e-18
0.00010418460768836225 2.696486491255539e-18
0.00010456922294311286 2.7365256838432635e-18
0.00010495525807069756 2.777159407736953e-18
0.00010534271831281905 2.8183964939058755e-18
0.00010573160893053113 2.8602458867798386e-18
0.0001061219352043089 2.9027166891657412e-18
0.00010651370243412198 2.9458181208080532e-18
0.00010690691593950534 2.989559554607715e-18
0.00010730158105963187 3.033950499820646e-18
0.00010769770315338541 3.079000573399281e-18
0.00010809528759943223 3.1247195941429286e-18
0.00010849433979629567 3.171117477513413e-18
0.00010889486516242815 3.218204299831013e-18
0.0001092968691362853 3.2659903025109745e-18
0.0001097003571764001 3.3144858787616953e-18
0.00011010533476145595 3.363701522543944e-18
0.00011051180739036241 3.4136479711802342e-18
0.00011091978058232888 3.4643360548972216e-18
0.00011132925987693976 3.5157767788873125e-18
0.00011174025083423028 3.567981326916083e-18
0.00011215275903476068 3.620961050250427e-18
0.0001125667900796936 3.67472744883526e-18
0.00011298234959086884 3.729292213609631e-18
0.00011339944321088019 3.7846671867721496e-18
0.00011381807660315253 3.840864396598834e-18
0.0001142382554520174 3.8978960794904076e-18
0.00011465998546279183 3.955774575452889e-18
0.00011508327236185454 4.014512517466216e-18
0.00011550812189672418 4.074122612626406e-18
0.00011593453983613777 4.1346178695730744e-18
0.00011636253197012781 4.196011379386996e-18
0.00011679210411010254 4.258316475916955e-18
0.00011722326208892348 4.3215467523492944e-18
0.00011765601176098518 4.385715914887486e-18
0.00011809035900229518 4.4508378945753754e-18
0.00011852630971055243 4.516926851836151e-18
0.00011896386980522912 4.583997143657287e-18
0.00011940304522764968 4.652063337445747e-18
0.00011984384194107195 4.721140217678487e-18
0.00012028626593076864 4.791242788191484e-18
0.00012073032320410727 4.862386292803011e-18
0.00012117601979063344 4.934586188558685e-18
0.00012162336174215134 5.007858147787986e-18
0.00012207235513280644 5.08221811702697e-18
0.00012252300605916834 5.15768219885324e-18
0.00012297532064031277 5.2342668417300784e-18
0.00012342930501790518 5.3119886604808615e-18
0.00012388496535628408 5.390864560905287e-18
0.00012434230784254453 5.470911635785861e-18
0.00012480133868662265 5.552147335745497e-18
0.00012526206412137933 5.634589231368191e-18
0.0001257244904026851 5.718255299721869e-18
0.00012618862380950525 5.803163704856649e-18
0.0001266544706439847 5.8893328655050366e-18
0.00012712203723153428 5.976781540889845e-18
0.00012759132992091573 6.065528721922862e-18
0.00012806235508432834 6.15559364847051e-18
0.00012853511911749594 6.246995944599959e-18
0.0001290096284397524 6.33975540064775e-18
0.0001294858894941306 6.433892254139871e-18
0.00012996390874744836 6.529426880011548e-18
0.0001304436926903969 6.6263800902733826e-18
0.0001309252478376295 6.724772929541489e-18
0.00013140858072784847 6.824626760194877e-18
0.00013189369792389568 6.925963273531841e-18
0.00013238060601284042 7.028804512310984e-18
0.00013286931160606927 7.133172798749141e-18
0.00013335982133937633 7.239090821900175e-18
0.000133852141873052 7.346581573555968e-18
0.00013434627989197522 7.455668444708009e-18
0.00013484224210570268 7.566375093065206e-18
0.00013534003524856065 7.678725551337226e-18
0.0001358396660797368 7.792744326881813e-18
0.0001363411413833705 7.908456067581844e-18
0.000136844467968647 8.025886017455348e-18
0.00013734965266988815 8.145059596676052e-18
0.00013785670234664593 8.266002781308515e-18
0.0001383656238837961 8.388741805903794e-18
