results/limits/GDM_l_N2only.dat
# %ECSV 1.0
# ---
# datatype:
# - {name: mx, unit: MeV, datatype: float64}
# - {name: sigma_10, unit: cm2, datatype: float64}
# - {name: sigma_9, unit: cm2, datatype: float64}
# - {name: sigma_7, unit: cm2, datatype: float64}
# - {name: sigma_6, unit: cm2, datatype: float64}
# - {name: sigma_5, unit: cm2, datatype: float64}
# - {name: sigma_4, unit: cm2, datatype: float64}
# - {name: sigma_3, unit: cm2, datatype: float64}
# - {name: sigma_2, unit: cm2, datatype: float64}
# schema: astropy-2.0
mx sigma_10 sigma_9 sigma_7 sigma_6 sigma_5 sigma_4 sigma_3 sigma_2
[from data line 559]
0.2995549334359816 1.709888045506583e-47 4.3413245110249323e-45 1.8870686764996374e-37 1.886739220467227e-33 1.8861014596926354e-29 1.8242295743044883e-25 2.5900995573023124e-22 6.460165988761324e-22
0.30512970171828707 1.7440649112142963e-47 4.505648854722021e-45 1.994385052279584e-37 1.994049221104276e-33 1.9933753107171258e-29 1.927984402994994e-25 2.737413985089002e-22 6.827594203387061e-22
0.3108082173869064 1.7789901547501832e-47 4.677370085954228e-45 2.10780491867615e-37 2.10746257992099e-33 2.106750466178131e-29 2.0376403883321606e-25 2.8931070640255897e-22 7.215920254560333e-22
0.3165924111983521 1.8146829826246951e-47 4.856860290511415e-45 2.227675413320713e-37 2.2273264312980685e-33 2.226573943690539e-29 2.1535331643313745e-25 3.0576553380334427e-22 7.626332727030445e-22
0.3224842498408439 1.851163204097605e-47 5.044511584791517e-45 2.3543634175540465e-37 2.3540076532204414e-33 2.3532124978330965e-29 2.2760174545186123e-25 3.2315624549322723e-22 8.0600878074586485e-22
0.3284857366030047 1.8884512537609093e-47 5.24073723773566e-45 2.4882566793674884e-37 2.487893990213928e-33 2.487053742707406e-29 2.405468157664906e-25 3.4153607080006855e-22 8.518513129342592e-22
0.3345989120549975 1.9265682150747095e-47 5.4459728567878377e-45 2.6297650002123886e-37 2.6293952401499544e-33 2.6285073383434965e-29 2.542281495272947e-25 3.6096126652144143e-22 9.003011836624347e-22
0.34082585474234517 1.9655358448996264e-47 5.660677641540853e-45 2.7793214893105688e-37 2.7789445085510583e-33 2.778006244583491e-29 2.6868762243282314e-25 3.814912891149216e-22 9.515066878420525e-22
0.34716868189265593 2.0053765990713566e-47 5.88533570893724e-45 2.9373838893047924e-37 2.9369995342361206e-33 2.9360080462809967e-29 2.8396949190264864e-25 4.0318897668185158e-22 1.0056245548018934e-21
0.3536295501355039 2.0461136590652443e-47 6.120457494113688e-45 3.1044359773068825e-37 3.1040440903630036e-33 3.102996353872558e-29 3.0012053254006397e-25 4.261207413016147e-22 1.062820428003525e-21
0.36021065623570736 2.0877709598011264e-47 6.366581231208665e-45 3.280989045631829e-37 3.280589465156895e-33 3.2794822836079866e-29 3.17190179299354e-25 4.503567723051104e-22 1.1232693720412692e-21
0.3669142378402494 2.1303732186410741e-47 6.624274518697497e-45 3.4675834667499208e-37 3.467176026856348e-33 3.4660060219701165e-29 3.3523067879583106e-25 4.759712511095917e-22 1.187156408478249e-21
0.3737425742391064 2.1739459656354438e-47 6.894135974078017e-45 3.6647903472472587e-37 3.6643748776674225e-33 3.6631384790726693e-29 3.5429724922180223e-25 5.030425782724697e-22 1.2546770821586998e-21
0.3806979871402284 2.218515575075169e-47 7.176796983001667e-45 3.873213275856607e-37 3.872789601787825e-33 3.8714830360965216e-29 3.7444824935788695e-25 5.316536134589978e-22 1.3260380597297788e-21
0.3877828414589453 2.2641092984112797e-47 7.472923548234122e-45 4.093490170909279e-37 4.0930581128517184e-33 4.091677392113176e-29 3.957453571970279e-25 5.618919290583617e-22 1.401457762204909e-21
0.39499954612206467 2.310755298605633e-47 7.78321824413347e-45 4.326295232862633e-37 4.325854606449784e-33 4.324395515948185e-29 4.182537587279214e-25 5.938500782244351e-22 1.4811670335047912e-21
0.40235055488692933 2.3584826859799747e-47 8.108422282655262e-45 4.572341007879294e-37 4.571891623700618e-33 4.5703497090585107e-29 4.420423474556703e-25 6.276258781615936e-22 1.565409847022277e-21
0.40983836717572614 2.4073215556339374e-47 8.449317697234136e-45 4.832380568774642e-37 4.831922232189992e-33 4.830292785738322e-29 4.671839352703962e-25 6.63322709522721e-22 1.6544440523739092e-21
0.41746552892531347 2.457303026506014e-47 8.80672965124957e-45 5.1072098200075755e-37 5.106742330952926e-33 5.105020377325849e-29 4.937554753091827e-25 7.010498328357325e-22 1.7485421646235844e-21
0.42523463345286777 2.5084592821553685e-47 9.181528878163107e-45 5.397669933769862e-37 5.397193086553945e-33 5.395373367464387e-29 5.218382974935195e-25 7.409227229271793e-22 1.8479921983941145e-21
0.4331483223376403 2.560823613346314e-47 9.574634260814782e-45 5.704649924630546e-37 5.704163507721829e-33 5.702240465871121e-29 5.51518357463173e-25 7.830634223665263e-22 1.9530985494197167e-21
0.441209286319119 2.6144304625212695e-47 9.987015557788786e-45 6.0290893706154175e-37 6.028593166418991e-33 6.026560928491377e-29 5.8288649966838835e-25 8.276009150128883e-22 2.0641829262375798e-21
0.4494202662119142 2.6693154702527126e-47 1.0419696285207044e-44 6.37198128905088e-37 6.371475073674681e-33 6.369327432364669e-29 6.160387354257557e-25 8.746715208076474e-22 2.1815853348704167e-21
0.45778405383766163 2.725515523768872e-47 1.0873756762779599e-44 6.734375175973862e-37 6.733858718983651e-33 6.731589114001146e-29 6.510765367887381e-25 9.244193130212393e-22 2.3056651195136805e-21
0.46630349297427265 2.7830688076531147e-47 1.1350337333441685e-44 7.11738021841124e-37 7.116853282573769e-33 7.11445478056887e-29 6.881071471323861e-25 9.769965592312791e-22 2.4368020624129308e-21
0.4749814803228505 2.8420148568219106e-47 1.1850641766433546e-44 7.522168689360728e-37 7.521631030374436e-33 7.519096303720492e-29 7.272439094028652e-25 1.0325641873817428e-21 2.5753975462977975e-21
0.4838209664925957 2.9023946118917302e-47 1.2375940854236663e-44 7.94997953586435e-37 7.949430902076916e-33 7.946752206446844e-29 7.686066130364672e-25 1.091292278349693e-21 2.7218757829304287e-21
0.4928249570040513 2.964250477051037e-47 1.2927576214369544e-44 8.402122171157505e-37 8.40156230326957e-33 8.398731453936814e-29 8.123218606100232e-25 1.1533605865272742e-21 2.876685111528977e-21
0.5019965133110079 3.0276263805593864e-47 1.3506964307667493e-44 8.87998048249966e-37 8.879409113253982e-33 8.876417460045633e-29 8.585234553448734e-25 1.2189590900122532e-21 3.0402993710400346e-21
0.5113387538414321 3.092567838002123e-47 1.4115600685329258e-44 9.385017066954524e-37 9.384433920809728e-33 9.381272321635057e-29 9.073528106505184e-25 1.288288572091209e-21 3.2132193504604672e-21
0.5208548550577665 3.159122018435891e-47 1.4755064477708913e-44 9.918777708084283e-37 9.918182500872425e-33 9.914841293745863e-29 9.58959382961467e-25 1.3615612357951517e-21 3.395974321647712e-21
0.5305480525369575 3.2273378135671346e-47 1.5427023138564896e-44 1.048289610725983e-36 1.0482288545826897e-32 1.0478757519299828e-28 1.0135011291920761e-24 1.4390013534085466e-21 3.589123659310063e-21
0.5404216420705915 3.297265910113439e-47 1.6133237459256417e-44 1.1079098884069404e-36 1.1078478665897769e-32 1.1074747027808628e-28 1.0711449902096257e-24 1.5208459529198658e-21 3.7932585531356584e-21
0.5504789807854967 3.368958865505158e-47 1.6875566868196318e-44 1.170921086112973e-36 1.1708577673941651e-32 1.1704634018388669e-28 1.1320674018053507e-24 1.6073455435146218e-21 4.00900381730029e-21
0.5607234882852027 3.4424711870934176e-47 1.765597503173844e-44 1.2375160649476118e-36 1.2374514170817198e-32 1.23703464432527e-28 1.1964548347274623e-24 1.698764882331543e-21 4.23701980289281e-21
0.5711586478126435 3.517859415039143e-47 1.847653577359429e-44 1.307898655162702e-36 1.307832644842858e-32 1.307392190876805e-28 1.264504365429083e-24 1.7953837848287594e-21 4.478004419111589e-21
0.5817880074344935 3.595182209067105e-47 1.9339439330842486e-44 1.3822842800390723e-36 1.3822168728509848e-32 1.3817513912142798e-28 1.3364242792779774e-24 1.8974979812403027e-21 4.732695269418385e-21
0.5926151812475553 3.6745004392789426e-47 2.0246998965620868e-44 1.460900615251094e-36 1.4608317756247153e-32 1.4603398432830453e-28 1.4124347080745127e-24 2.005420021744508e-21 5.001871909188259e-21
0.6036438506075864 3.755877281229114e-47 2.1201657952671478e-44 1.543988285733153e-36 1.5439179768918577e-32 1.5433980898826174e-28 1.4927683038289797e-24 2.119480233114633e-21 5.286358231765305e-21
0.6148777653810017 3.83937831547904e-47 2.2205996964056535e-44 1.6318016021811233e-36 1.631729786088285e-32 1.6311803549178504e-28 1.5776709508607045e-24 2.240027729779979e-21 5.587024990227712e-21
0.6263207452198692 3.9250716318560244e-47 2.326274187357196e-44 1.7246093394430644e-36 1.7245359767458658e-32 1.723955321525092e-28 1.6674025183984854e-24 2.3674314823920764e-21 5.904792462580698e-21
0.6379766808606282 4.0130279386557775e-47 2.437477200466444e-44 1.8226955591815878e-36 1.8226206091519285e-32 1.8220069544549771e-28 1.762237655985854e-24 2.502081447166559e-21 6.240633268534655e-21
0.6498495354469889 4.103320677040408e-47 2.5545128847012944e-44 1.92636047932605e-36 1.9262838997983988e-32 1.9256353692291484e-28 1.8624666341259026e-24 2.6443897594575903e-21 6.5955753464907374e-21
0.6619433458774387 4.196026140897052e-47 2.6777025268360613e-44 2.0359213929755793e-36 2.035843140281559e-32 2.0351577507309937e-28 1.968396232738479e-24 2.7947919952178433e-21 6.970705099844916e-21
0.6742622241778335 4.2912236024370664e-47 2.8073855249699063e-44 2.1517136395656218e-36 2.1516336684652133e-32 2.1509093240421866e-28 2.080350680149314e-24 2.953748504205325e-21 7.367170722241438e-21
0.6868103588995308 4.388995443830711e-47 2.943920417350195e-44 2.274091631270568e-36 2.2740098948796934e-32 2.273244380496503e-28 2.1986726454850614e-24 3.1217458190176345e-21 7.786185711953192e-21
0.6995920165435374 4.489427295188263e-47 3.087685969639291e-44 2.4034299377839216e-36 2.4033463874982173e-32 2.4025373620913593e-28 2.323724287511709e-24 3.2992981442663127e-21 8.229032586145742e-21
0.7126115430111746 4.592608179215864e-47 3.2390823239422303e-44 2.5401244327965245e-36 2.5400390182111223e-32 2.5391840075764772e-28 2.455888363126825e-24 3.486948930449629e-21 8.697066806394151e-21
0.7258733650817246 4.698630662891818e-47 3.398532213100711e-44 2.6845935056817232e-36 2.684506174506782e-32 2.683602563727279e-28 2.5955693988982405e-24 3.6852725373407104e-21 9.19172092746691e-21
0.7393819919175874 4.807591016528571e-47 3.566482243959014e-44 2.8372793420963693e-36 2.8371900400681286e-32 2.836235065510756e-28 2.74319492923522e-24 3.89487599198262e-21 9.7145089820763e-21
0.7531420165974376 4.919589380605299e-47 3.743404253517756e-44 2.998649277417123e-36 2.9985579482042614e-32 2.997548689061883e-28 2.8992168049817103e-24 4.116400846670954e-21 1.0267031115015358e-20
0.7671581176779302 5.034729940777683e-47 3.9297967421148143e-44 3.169197227154979e-36 3.1691038122599735e-32 3.1680371816120844e-28 3.0641125764373028e-24 4.350525142611255e-21 1.0850978480866421e-20
0.7814350607844542 5.153121111493336e-47 4.1261863880075647e-44 3.349445198725773e-36 3.349349637381005e-32 3.348222372746074e-28 3.238386955038644e-24 4.5979654852611225e-21 1.1468138420271075e-20
0.7959777002314977 5.274875728665639e-47 4.333129647980346e-44 3.539944889204198e-36 3.5398471182625183e-32 3.5386557716129723e-28 3.422573358175505e-24 4.859479237709497e-21 1.2120399930605712e-20
0.8107909806731695 5.400111251883612e-47 4.55121444886384e-44 3.741279373951677e-36 3.741179327771097e-32 3.7399202549804153e-28 3.6172355418697774e-24 5.135866838806585e-21 1.2809759447807186e-20
0.8258799387844272 5.528949976661882e-47 4.781061975131118e-44 3.954064891286373e-36 3.953962501608592e-32 3.9526318512981847e-28 3.8229693263145305e-24 5.427974253139479e-21 1.3538326957044895e-20
0.8412497049736118 5.661519257263351e-47 5.02332855802982e-44 4.17895272865837e-36 4.178847924480745e-32 4.177441626232512e-28 4.0404044195550466e-24 5.736695560352834e-21 1.4308332450944197e-20
0.8569055051268347 5.79795174065626e-47 5.278707672019643e-44 4.416631216102565e-36 4.416523923543211e-32 4.415037675441659e-28 4.270206344893212e-24 6.062975691739389e-21 1.5122132755126652e-20
0.872852662384837 5.938385612199357e-47 5.547932044613818e-44 4.6678278330712995e-36 4.6677179752269035e-32 4.666147230692724e-28 4.513078477915057e-24 6.407813322476861e-21 1.5982218741959968e-20
0.8890965989529167 6.082964853681913e-47 5.83177588606985e-44 4.933311435095121e-36 4.933198931891063e-32 4.93153888576586e-28 4.7697641993762136e-24 6.77226392836363e-21 1.6891222954596982e-20
0.9056428379445294 6.231839514380275e-47 6.131057245741686e-44 5.21389460708687e-36 5.213779375119246e-32 5.212024948958822e-28 5.041049170534645e-24 7.157443016409059e-21 1.7851927664638693e-20
0.9224970052592174 6.3851659958305915e-47 6.446640502293969e-44 5.51043615049255e-36 5.510318102861594e-32 5.508463929392785e-28 5.327763737895485e-24 7.564529539167147e-21 1.8867273388085837e-20
0.9396648314954691 6.5431073510557805e-47 6.779438995387805e-44 5.8238437119009726e-36 5.823722758035462e-32 5.821763164728946e-28 5.6307854747277444e-24 7.994769503263342e-21 1.9940367885642373e-20
0.9571521538991856 6.705833599027345e-47 7.130417806881707e-44 6.155076561158263e-36 6.154952606630364e-32 6.152881598339146e-28 5.951041867132369e-24 8.449479783160028e-21 2.107449567492052e-20
0.9749649183484096 6.873522055186348e-47 7.500596700048678e-44 6.5051485274904e-36 6.505021473820408e-32 6.502832714430866e-28 6.2895131528831174e-24 8.930052151833599e-21 2.2273128083661642e-20
0.99310918137498 7.046357678894472e-47 7.891053225794162e-44 6.875131102620291e-36 6.875000847070695e-32 6.872687640110044e-28 6.647235321728996e-24 9.437957540700003e-21 2.353993387474339e-20
1.0115911122238297 7.224533438735964e-47 8.302926005371846e-44 7.266156720378048e-36 7.266023155736412e-32 7.263578423877143e-28 7.025303286342249e-24 9.974750541828182e-21 2.4878790475495424e-20
1.0304169949505875 7.408250696642897e-47 8.737418199633239e-44 7.679422222841929e-36 7.67928523719182e-32 7.676701500590486e-28 7.424874233616661e-24 1.0542074166220732e-20 2.629379584569242e-20
1.0495932305582267 7.597719611872017e-47 9.195801175419805e-44 8.116192523619543e-36 8.116052000098902e-32 8.113321353502912e-28 7.84717116657447e-24 1.1141664872726681e-20 2.7789281020551085e-20
1.069126339173477 7.793159565919965e-47 9.679418380308997e-44 8.577804479481745e-36 8.577660296028058e-32 8.574774384580346e-28 8.293486647722582e-24 1.1775357882978615e-20 2.9369823367122465e-20
1.0890229622637304 7.9947996095252185e-47 1.0189689437563767e-43 9.065670982199243e-36 9.065523011280669e-32 9.062473004948284e-28 8.765186755315684e-24 1.2445092798621574e-20 3.104026059465364e-20
1.1092898648952227 8.202878932971536e-47 1.0728114473810204e-43 9.58128528310684e-36 9.581133391438535e-32 9.577909957986859e-28 9.263715264636033e-24 1.31529195380281e-20 3.280570556180389e-20
1.1299339380332216 8.417647360976107e-47 1.1296278692678917e-43 1.0126225563630959e-35 1.0126069611875808e-31 1.0122662888305579e-27 9.79059806708721e-24 1.3901004610668936e-20 3.4671561926034154e-20
1.150962200885031 8.639365873520016e-47 1.1895857208400588e-43 1.0702159765770647e-35 1.070199960822347e-31 1.0698399170583337e-27 1.0347447840628279e-23 1.4691637748345076e-20 3.6643540683071334e-20
1.1723818032865998 8.868307154055933e-47 1.252862015414113e-43 1.1310850697316818e-35 1.1310686181571164e-31 1.1306881013053289e-27 1.0935968985843523e-23 1.5527238913577534e-20 3.8727677647071066e-20
1.1942000281335325 9.104756166610333e-47 1.3196438080702704e-43 1.1954161427435473e-35 1.1953992394032004e-31 1.1949970851253032e-27 1.1557962842755528e-23 1.6410365706605642e-20 4.093035192498021e-20
1.216424293857368 9.34901076338514e-47 1.3901287662107674e-43 1.2634060989130667e-35 1.263388727118604e-31 1.2629637048550373e-27 1.2215333204350287e-23 1.734372119366653e-20 4.3258305441649165e-20
1.2390621569479157 9.60138232455522e-47 1.4645257725519248e-43 1.335263040603987e-35 1.3352451828855168e-31 1.334795992089122e-27 1.2910092143688773e-23 1.8330162180514683e-20 4.571866357545178e-20
1.262121314522546 9.862196432056466e-47 1.5430555623948012e-43 1.4112069062009434e-35 1.411188544265679e-31 1.4107138104211254e-27 1.364436617244135e-23 1.9372707956506307e-20 4.8318956967576804e-20
1.2856096069432965 1.0131793579262474e-46 1.625951397124196e-43 1.4914701432946073e-35 1.4914512579832415e-31 1.4909495284000425e-27 1.442040274969501e-23 2.0474549536012203e-20 5.106714457174474e-20
