results/limits/GDM_f_6.dat
# %ECSV 1.0
# ---
# datatype:
# - {name: mx, unit: MeV, datatype: float64}
# - {name: sigma_6, unit: cm2, datatype: float64}
# schema: astropy-2.0
mx sigma_6
[from data line 359]
0.0012404909310584848 1.1786565181494596e-29
0.0012694149350204683 1.2070974361279105e-29
0.0012990133477864558 1.2349277534097064e-29
0.0013293018942621524 1.2620737558823092e-29
0.001360296666004259 1.2884636374080322e-29
0.001392014129769518 1.3140279628857157e-29
0.0014244711362630968 1.3387001124433416e-29
0.0014576849290909482 1.3624167021815076e-29
0.0014916731539209149 1.3851179764901827e-29
0.0015264538678574353 1.4067481665779755e-29
0.0015620455490348386 1.4272558128729223e-29
0.0015984671064343198 1.4465940464610353e-29
0.0016357378899298156 1.464720827812411e-29
0.0016738777005681136 1.4815991407054644e-29
0.0017129068010886602 1.4971971394525982e-29
0.0017528459266886532 1.5114882502840116e-29
0.00179371629603914 1.5244512252810684e-29
0.0018355396225579732 1.536070151198091e-29
0.0018783381259456144 1.5463344138929822e-29
0.0019221345439899109 1.5552386203905854e-29
0.001966952144646121 1.5627824813131913e-29
0.0020128147383986056 1.5689706568372044e-29
0.002059746690910748 1.5738125689541797e-29
0.0021077729359698315 1.5773221841733802e-29
0.0021569189887337423 1.5795177703150033e-29
0.002207210959286545 1.5804216310354523e-29
0.0022586755665101248 1.5800598227700894e-29
0.0023113401522792685 1.5784618572394701e-29
0.0023652326959877285 1.575660394011054e-29
0.0024203818294129824 1.5716909264781349e-29
0.0024768168519275916 1.5665914651035675e-29
0.002534567746065232 1.5604022208837516e-29
0.0025936651934496745 1.5531652924362794e-29
0.0026541405910951734 1.5449243591493e-29
0.0027160260680869266 1.535724383042178e-29
0.0027793545026504624 1.5256113214524112e-29
0.002844159539619031 1.5146318522597625e-29
0.0029104756083082714 1.5028331132160503e-29
0.0029783379408076585 1.4902624566397708e-29
0.0030477825906984404 1.4769672203082135e-29
0.0031188464522080173 1.4629945151753644e-29
0.0031915672798109355 1.4483910304921383e-29
0.0032659837082868936 1.433202856108936e-29
0.003342135273246469 1.4174753223780485e-29
0.0034200624321353945 1.4012528571126922e-29
0.0034998065857286074 1.3845788592196302e-29
0.0035814101001254554 1.3674955887508432e-29
0.003664916329257761 1.3500440722935967e-29
0.0037503696379226933 1.3322640235489837e-29
0.0038378154253526898 1.3141937776049865e-29
0.003927300149334948 1.2958702386701397e-29
0.004018871350893299 1.2773288401133386e-29
0.00411257767954558 1.2586035157752523e-29
0.004208468919149921 1.2397266818940809e-29
0.004306596014353682 1.220729228520395e-29
0.004407011097659079 1.2016405196478081e-29
0.004509767517119906 1.1824884012795076e-29
0.004614919864684026 1.1632992161474906e-29
0.004722524005196735 1.1440978248452759e-29
0.004832637106080367 1.1249076322163728e-29
0.004945317667705937 1.105750618490519e-29
0.005060625554472947 1.0866473742995208e-29
0.005178622026613854 1.0676171390412302e-29
0.005299369772740128 1.0486778420159171e-29
0.005422932943147155 1.0298461457832214e-29
0.0055493771838957115 1.0111374912202654e-29
0.00567876967168809 9.925661438176454e-30
0.005811179149557424 9.741452408741089e-30
0.0059466759633891655 9.558868391838584e-30
0.006085332099294114 9.378019628428437e-30
0.006227221221852859 9.199006509933975e-30
0.006372418713251954 9.021920051839255e-30
0.006521001713332612 8.846842361506285e-30
0.006673049160573193 8.673847097861543e-30
0.006828641834027273 8.502999921807233e-30
0.006987862396239558 8.334358936418403e-30
0.00715079543716245 8.167975114446628e-30
0.007317527519096606 8.003892713701849e-30
0.007488147222679345 7.842149678473018e-30
0.007662745193945353 7.682778027339301e-30
0.007841414192484688 7.52580422632747e-30
0.008024249140723652 7.371249547286463e-30
0.008211347174354735 7.219130411451576e-30
0.008402807693942412 7.069458718627498e-30
0.008598732417732204 6.922242160875157e-30
0.008799225435691074 6.77748452208913e-30
0.009004393264807849 6.635185962853228e-30
0.009214344905683071 6.49534329133816e-30
0.009429191900438323 6.357950220128512e-30
0.009649048391975805 6.22299760961425e-30
0.009874031184619632 6.090473698616817e-30
0.010104259806171096 5.960364321565413e-30
0.01033985657141083 5.8326531143829265e-30
0.010580946647081629 5.7073217075307394e-30
0.010827658118386449 5.584349908534491e-30
0.011080122057036918 5.4637158730654516e-30
0.011338472590888495 5.345396265925283e-30
0.01160284697519928 5.2293664116743894e-30
0.01187338566555036 5.115600436101429e-30
0.012150232392466372 5.0040713983751626e-30
0.012433534237775993 4.894751414589453e-30
0.01272344171275288 4.787611773154842e-30
0.013020108838078586 4.682623042302825e-30
0.013323693225669961 4.579755170367798e-30
0.013634356162414448 4.4789775788500056e-30
0.013952262695857842 4.3802592489715826e-30
0.014277581721889965 4.283568802174449e-30
0.014610486074474885 4.188874574201431e-30
0.014951152617473332 4.0961446843385116e-30
0.015299762338606094 4.0053470987375614e-30
0.015656500445608335 3.91644968934447e-30
0.016021556464625875 3.829420287799838e-30
0.016395124340905766 3.74422673533893e-30
0.016777402541834602 3.6608369283321525e-30
0.017168594162379338 3.579218860155228e-30
0.01756890703298664 3.499340659458517e-30
0.017978553829998065 3.421170625036439e-30
0.01839775218863974 3.3446772576458775e-30
0.01882672481864659 3.2698292887941554e-30
0.01926569962258253 3.1965957068885375e-30
0.019714909816919448 3.1249457807553685e-30
0.020174594055939365 3.054849080830943e-30
0.02064499655852557 2.986275498110161e-30
0.021126367237910063 2.9191952610604672e-30
0.021618961834446313 2.8535789506536594e-30
0.02212304205147776 2.7893975134557392e-30
0.022638875694374342 2.7266222732761235e-30
0.0231667368128109 2.6652249411387653e-30
0.02370690584636297 2.6051776239242502e-30
0.024259669773497434 2.5464528315887744e-30
0.024825322264037063 2.4890234833226143e-30
0.025404163835180054 2.4328629124276758e-30
0.025996502011157406 2.37794487027089e-30
0.026602651486612925 2.3242435292352396e-30
0.027222934293792744 2.2717334847977497e-30
0.027857679973633073 2.2203897568233107e-30
0.02850722575083718 2.1701877900945472e-30
0.02917191671303455 2.1211034541744644e-30
0.029852105994117403 2.073113042636466e-30
0.030548154961852016 2.0261932717655226e-30
0.031260433409864494 1.9803212786935718e-30
0.031989319754103004 1.9354746190941618e-30
0.0327352012338808 1.8916312644659314e-30
0.03349847411760691 1.848769598967927e-30
0.034279543913313774 1.806868416025323e-30
0.03507882558409363 1.7659069144481385e-30
0.03589674376855814 1.72586469449076e-30
0.03673373300643846 1.686721753434859e-30
0.037590237969445384 1.6484584811371108e-30
0.038466713697512506 1.611055655251333e-30
0.03936362584054766 1.5744944363666314e-30
0.04028145090582124 1.5387563629352395e-30
0.04122067651112274 1.5038233461055119e-30
0.04218180164382002 1.4696776644471227e-30
0.043165336925959 1.4363019585539611e-30
0.044171804885544536 1.4036792255926968e-30
0.04520174023414663 1.3717928137944075e-30
0.046255690150979495 1.340626416883375e-30
0.047334214573604344 1.3101640684773094e-30
0.048437886495410414 1.280390136462948e-30
0.04956729227003216 1.2512893173643962e-30
0.05072303192286451 1.2228466306957492e-30
0.051905719469841495 1.195047413325749e-30
0.05311598324364777 1.1678773138577175e-30
0.05435446622753626 1.1413222870272743e-30
0.05562182639692926 1.1153685881273995e-30
0.056918737068984544 1.0900027674625031e-30
0.058245887260312136 1.0652116648612425e-30
0.05960398205303182 1.0409824041998552e-30
0.06099374296936585 1.0173023879995968e-30
0.06241590835496589 9.941592920676707e-31
0.06387123377117784 9.715410601966517e-31
0.06536049239645289 9.494358989169936e-31
0.06688447543711816 9.27832272316618e-31
0.06844399254772507 9.067188969242433e-31
0.0700398722611988 8.860847366561558e-31
0.0716729624290174 8.659189978306465e-31
0.07334413067165428 8.462111242519639e-31
0.07505426483952363 8.269507923838036e-31
0.07680427348467332 8.081279065585628e-31
0.07859508634347626 7.897325942872469e-31
0.08042765483057629 7.717552016334887e-31
0.08230295254435131 7.541862886732444e-31
0.08422197578416211 7.370166250101187e-31
0.08618574407966152 7.202371853783773e-31
0.08819530073244539 7.038391453190055e-31
0.09025171337033296 6.878138769286924e-31
0.09235607451457113 6.721529446884395e-31
0.09450950216026408 6.568481013596586e-31
0.09671314037033632 6.418912839604985e-31
0.09896815988334524 6.272746098133055e-31
0.10127575873546546 6.129903726673905e-31
0.10363716289697593 5.990310388922754e-31
0.10605362692358762 5.853892437452322e-31
0.10852643462295801 5.7205778770965655e-31
0.11105689973674641 5.590296329043612e-31
0.11364636663857243 5.462978995625297e-31
0.11629621104824843 5.338558625814071e-31
0.1190078407626656 5.216969481388904e-31
0.12178269640372161 5.098147303775737e-31
0.12462225218368743 4.982029281569413e-31
0.1275280166884199 4.868554018705125e-31
0.13050153367883624 4.7576615032791865e-31
0.1335443829110759 4.649293076976398e-31
0.13665818097578622 4.54339140522456e-31
0.13984458215697693 4.439900447822814e-31
0.14310527931090045 4.3387654303112805e-31
0.14644200476542463 4.23993281585086e-31
0.14985653124037576 4.143350277758693e-31
0.15335067278934078 4.048966672541156e-31
0.1569262857634292 3.95673201362148e-31
0.1605852697975066 3.8665974454405133e-31
0.16432956881942368 3.7785152183524965e-31
0.16816117208277714 3.692438663784371e-31
0.172082115223751 3.6083221701806017e-31
0.1760944813425998 3.5261211592718606e-31
0.1802004021103484 3.445792062970316e-31
0.18440205890129596 3.3672923007254615e-31
0.18870168395192646 3.2905802573491304e-31
0.1931015615468407 3.2156152613845273e-31
0.1976040292323402 3.1423575638603566e-31
0.20221147905830805 3.0707683176027844e-31
0.20692635884904578 3.000809556909348e-31
0.21175117350374192 2.9324441777445095e-31
0.2166884863272632 2.8656359183152644e-31
0.22174092039197504 2.8003493401007043e-31
0.22691115993131514 2.7365498093003958e-31
0.23220195176586036 2.6742034786744498e-31
0.2376161067626448 2.6132772698012807e-31
0.24315650132850383 2.553738855721393e-31
0.24882607893823822 2.49555664396504e-31
0.25462785169840935 2.4386997599590506e-31
0.2605649019475973 2.3831380308006846e-31
0.26664038389397104 2.3288419693881455e-31
0.27285752529104135 2.275782758919083e-31
0.2792196291524867 2.223932237711602e-31
0.2857300755069626 2.1732628843869676e-31
0.2923923231938275 2.123747803364998e-31
0.2992099117007387 2.075360710699143e-31
0.3061864630440946 2.0280759202113434e-31
0.31332568369332287 1.9818683299595956e-31
0.32063136654003577 1.9367134089795006e-31
0.3281073929131 1.8925871843590258e-31
0.3357577346406907 1.8494662285659614e-31
0.343586456160426 1.8073276470913332e-31
0.3515977166787018 1.76614906634999e-31
0.359795772380376 1.7259086218627677e-31
0.368184978689974 1.6865849467044382e-31
0.3767697925856183 1.6481571602049208e-31
0.38555477496691104 1.6106048569165175e-31
0.394544593078027 1.5739080958158144e-31
0.4037440229873054 1.5380473897638147e-31
0.4131579521246571 1.503003695189969e-31
0.42279138187813525 1.4687584020209565e-31
0.43264943025104924 1.4352933238279386e-31
0.4427373345810337 1.402590688201717e-31
0.4530604543225162 1.3706331273438317e-31
0.4636242738940635 1.339403668869429e-31
0.47443440559211736 1.3088857268196294e-31
0.48549659257266914 1.2790630928765556e-31
0.4968167119024568 1.249919927777065e-31
0.5084007776813051 1.221440752921237e-31
0.5202549442372687 1.1936104421706646e-31
0.5323855093962742 1.166414213832161e-31
0.5447989178279997 1.1398376228246482e-31
0.557501764469769 1.1138665530208735e-31
0.5705007980302781 1.0884872097658666e-31
0.5838029245750183 1.0636861125620868e-31
0.5974152111952977 1.039450087923283e-31
0.6113448897628128 1.0157662623874268e-31
0.6255993607717623 9.926220556917747e-32
0.6401861972705483 9.700051740985349e-32
0.6551131488851486 9.479036038767875e-32
0.6703881459363026 9.263056049278122e-32
0.686019303652694 9.051997045586642e-32
0.7020149264823721 8.845746913951567e-32
0.7183835125046995 8.644196094336771e-32
0.7351337579451718 8.447237522286671e-32
0.7522745617955077 8.254766572107977e-32
0.7698150305414633 8.066681001361409e-32
0.7877644830008832 7.882880896593267e-32
0.8061324552745581 7.703268620322516e-32
0.8249287058125218 7.527748759212135e-32
0.8441632205984669 7.356228073436627e-32
0.8638462184550629 7.18861544718674e-32
0.8839881564729563 7.02482184030876e-32
0.9045997355663667 6.864760241039358e-32
0.9256919061582187 6.708345619815729e-32
0.9472758739978306 6.555494884137406e-32
0.9693631061142522 6.406126834454092e-32
0.9919653369084147 6.260162121056799e-32
1.0150945743873274 6.117523201950114e-32
1.0387631065436362 5.978134301682707e-32
1.0629835078839296 5.841921371114215e-32
1.0877686461092637 5.708812048099054e-32
1.1131316889514546 5.578735619062042e-32
1.1390861111687691 5.451622981452323e-32
1.16564570170473 5.327406607047492e-32
1.1928245710138414 5.206020506097363e-32
1.2206371585581264 5.087400192279015e-32
1.2490982404784545 4.971482648454971e-32
1.2782229374447416 4.8582062932049047e-32
1.3080267226891875 4.747510948125081e-32
1.3385254302268237 4.639337805867164e-32
1.369735263267732 4.5336293989081626e-32
1.4016728028254128 4.4303295690297536e-32
1.4343550165258654 4.3293834374924163e-32
1.4677992676220706 4.230737375890043e-32
1.5020233242186567 4.1343389776658353e-32
1.5370453687116559 4.040137030279698e-32
1.5728840074483612 3.94808148800624e-32
1.6095582806124205 3.858123445355328e-32
1.6470876723394143 3.770215111095003e-32
1.6854921210682972 3.684309782868494e-32
1.7247920301341966 3.600361822387242e-32
1.7650082786082029 3.518326631190319e-32
1.8061622323899016 3.438160626955098e-32
1.848275755558551 3.3598212203476836e-32
1.8913712219889245 3.2832667924006787e-32
1.935471527238 3.208456672406045e-32
1.9806001007088037 3.13535111631151e-32
2.0267809180978715 3.063911285609063e-32
2.0740385141329463 2.994099226704274e-32
2.1223979956076717 2.9258778507555514e-32
2.171885054720213 2.859210913972647e-32
2.222525982722885 2.7940629983637157e-32
2.274347683890048 2.7303994929213614e-32
2.327377689811681 2.668186575236636e-32
2.3816441740202396 2.607391193532535e-32
2.437175966958554 2.547981049106037e-32
2.4940025712967335 2.489924579170864e-32
2.552154177606206 2.4331909400903203e-32
2.611661680399223 2.3777499909927674e-32
2.6725566945423505 2.3235722777598213e-32
2.7348715720526675 2.2706290173796332e-32
2.7986394192855935 2.2188920826565096e-32
2.863894114523477 2.1683339872687387e-32
2.9306703259742912 2.1189278711671263e-32
2.999003530189995 2.0706474863057626e-32
3.068930030914351 2.0234671826983047e-32
3.1404869783702067 1.9773618947914875e-32
3.21371238899649 1.9323071281494727e-32
3.2886451656454048 1.888278946441203e-32
3.3653251182505572 1.8452539587245072e-32
3.443792984976987 1.8032093070196784e-32
3.5240904538643507 1.7621226541663017e-32
3.6062601849747473 1.721972171956663e-32
3.6903458330569543 1.6827365295395338e-32
3.77639207073912 1.6443948820881452e-32
3.8644446122622242 1.6069268597263512e-32
3.9545502377669295 1.5703125567070706e-32
4.046756818146711 1.5345325208372829e-32
4.141113340480481 1.4995677431439625e-32
4.237669934058216 1.4653996477754603e-32
4.336477897013409 1.4320100821329599e-32
4.437589723576497 1.399381307226759e-32
4.541059131963759 1.36749598825232e-32
4.646941092916466 1.3363371853809544e-32
4.755291858905486 1.305888344760426e-32
4.866168994016832 1.2761332897204856e-32
4.979631404534034 1.2470562121788938e-32
5.0957393702336 1.2186416642431417e-32
5.214554576410165 1.1908745500036019e-32
5.336140146648369 1.1637401175136084e-32
5.4605606763588606 1.1372239509522898e-32
5.587882267096237 1.1113119629659775e-32
5.718172561677172 1.0859903871840614e-32
5.851500780117376 1.0612457709054342e-32
5.987937756406471 1.0370649679515025e-32
6.127555976140354 1.0134351316820932e-32
6.270429615030991 9.903437081704452e-33
6.416634578314149 9.677784295337434e-33
6.566248541075969 9.45727307415575e-33
6.719350989519823 9.241786266169233e-33
6.87602326319537 9.031209388722415e-33
7.036348598212252 8.825430567673637e-33
7.200412171461376 8.624340477959752e-33
