results/limits/GDM_h_phase.dat
# %ECSV 1.0
# ---
# datatype:
# - {name: mx, unit: MeV, datatype: float64}
# - {name: sigma, unit: cm2 MeV4, datatype: float64}
# schema: astropy-2.0
mx sigma
[from data line 4284]
71.74161586385597 12670182161.22928
72.00646227902149 12878385289.665956
72.2722864199154 13091612231.101532
72.5390918959792 13282261235.007706
72.80688232997876 13465331770.463295
73.0756613580547 13645947212.299416
73.34543262977039 13889912800.642483
73.61619980816268 14114683055.238428
73.88796656979112 14279216503.500788
74.16073660478747 14482051086.75863
74.43451361690687 14701983092.972893
74.70930132357685 14941770180.496958
74.98510345594893 15173777193.871048
75.26192375894884 15340895810.875961
75.53976599132683 15614001589.904089
75.81863392570975 15826221449.138327
76.09853134865168 16102094078.935633
76.37946206068496 16313529694.969286
76.6614298763729 16525630624.068783
76.94443862436027 16830665724.450306
77.22849214742641 17076853647.312204
77.51359430253693 17308501126.455143
77.79974896089563 17523873585.090065
78.08696000799812 17819705216.850876
78.37523134368337 18097674923.646835
78.66456688218774 18319291340.910507
78.9549705521977 18645129244.513752
79.24644629690259 18900949045.38325
79.53899807404937 19189327697.046432
79.83262985599511 19471364571.08546
80.1273456297619 19763173229.286804
80.4231493970907 20081095585.605217
80.72004517449501 20336055003.251434
81.01803699331668 20658755828.78975
81.31712889977928 20967456698.97899
81.61732495504418 21291908626.706047
81.91862923526524 21617010374.380123
82.22104583164365 21905572186.338017
82.52457885048459 22241772426.410854
82.82923241325173 22554708220.05611
83.13501065662435 22909018612.86897
83.44191773255291 23285546643.69359
83.7499578083151 23537109447.97371
84.05913506657342 23903407213.74247
84.36945370543074 24335108358.975235
84.68091793848846 24645484316.88537
84.9935319949032 24990210561.38847
85.30730011944368 25357116526.969322
85.62222657254968 25749670134.599358
85.93831563038836 26122328618.44582
86.25557158491361 26571978426.21142
86.57399874392384 26930962493.570587
86.89360143111986 27248375479.672054
87.21438398616489 27711149571.383038
87.53635076474205 28191134756.91687
87.85950613861472 28575956240.85083
88.18385449568541 28916784507.204185
88.50940024005479 29391691109.49724
88.83614779208271 29826180825.953136
89.16410158844684 30300643809.21389
89.4932660822041 30774200523.138203
89.82364574285072 31278078696.548523
90.15524505638217 31642468762.673367
90.48806852535557 32127882974.801685
90.82212066894921 32641714614.553333
91.15740602302529 33136311082.825813
91.49392914019086 33616084172.393364
91.8316945898592 34068295701.728554
92.17070695831306 34557656931.03998
92.51097084876552 35015319133.221245
92.85249088142375 35653056894.54571
93.1952716935512 36194283654.55695
93.53931793953002 36684176500.198906
93.88463429092536 37232240458.70259
94.23122543654827 37743439182.848946
94.57909608251873 38407894588.92352
94.92825095233098 38888988389.0391
95.27869478691605 39519470764.38413
95.6304323447075 40099504651.22037
95.98346840170548 40678015705.02637
96.33780775154095 41255605269.69276
96.6934552055422 41828267053.814896
97.05041559279852 42584719304.1443
97.40869376022724 43099326238.546646
97.7682945726389 43744554364.070915
98.12922291280269 44354298835.15666
98.49148368151424 45009299235.71166
98.85508179766045 45782510217.34312
99.22002219828775 46400959847.955284
99.58630983866851 47112860073.81034
99.95394969236774 47888662025.47081
100.32294675131203 48582962537.69993
100.69330602585569 49263276075.636375
101.06503254485021 50093073810.22852
101.43813135571197 50762498046.7313
101.81260752449012 51527922619.0614
102.1884661359368 52300421951.16265
102.5657122935746 53026956337.61487
102.94435111976722 53803561320.084785
103.32438775578845 54600238253.85499
103.70582736189134 55555320041.509224
104.08867511737972 56360634958.506874
104.47293622067689 57191175938.498
104.85861588939764 57971305174.98548
105.24571936041846 58757036808.54018
105.63425188994805 59633096787.80815
106.02421875360014 60671002253.330185
106.41562524646342 61483827343.84836
106.80847668317497 62408660908.30596
107.20277839799175 63255611834.74197
107.5985357448624 64253591431.155426
107.99575409750142 65024484889.180954
108.39443884946044 66339442977.49066
108.79459541420297 67118045737.54826
109.19622922517723 68315862313.42187
109.59934573588927 69209392220.69136
110.00395041997861 70183173337.05728
110.4100487712907 71100546025.711
110.81764630395318 72246543287.71268
111.22674855245002 73290109052.67429
111.63736107169598 74569984759.11801
112.04948943711366 75458635713.94557
112.46313924470739 76562227951.95758
112.87831611114076 77767879211.79901
113.29502567381225 79058418838.59325
113.71327359093107 80285335907.14601
114.13306554159533 81243600982.01947
114.55440722586857 82438393779.6936
114.97730436485632 83972547883.28897
115.40176270078554 84945378156.1111
115.82778799708059 86344165599.16959
116.25538603844329 87437075998.44284
116.6845626309306 89015429540.04602
117.11532360203286 90036999002.85179
117.5476748007545 91445475020.21126
117.98162209769164 92893201139.5036
118.41717138511339 94431735941.39378
118.8543285770412 95571896946.66899
119.2930996093284 97132230649.34592
119.73349043974248 98136139847.35306
120.17550704804414 99895750098.33492
120.61915543607005 101418042946.03868
121.06444162781374 103110992143.39803
121.51137166950654 104424613756.08986
121.95995162970154 106152814105.03636
122.41018759935385 107727372094.72952
122.86208569190521 108893023133.30513
123.31565204336611 110907130842.10864
123.77089281239846 112495591231.73785
124.2278141804009 114180674176.92746
124.68642235159076 115970528655.41997
125.14672355309006 117666617968.12979
125.60872403500927 119231207122.80498
126.07243007053152 120556312879.7862
126.53784795599941 122610124392.78009
127.00498401099857 124698040670.14049
127.47384457844524 126849019903.46365
127.94443602467159 128712231394.69742
128.41676473951145 130468283528.95003
128.8908371363888 131905517444.46751
129.3666596524029 133977134553.00128
129.84423874841738 135996752304.33418
130.32358090914727 138151504691.11877
130.80469264324623 140228407449.44473
131.28758048339682 143053573838.3366
131.77225098639704 144893386903.96857
132.2587107332512 146931297480.78125
132.74696632925853 148711554906.62363
133.23702440410202 150700877919.91385
133.7288916119404 153271843334.68195
134.2225746314962 155627036133.38678
134.7180801661485 158294102682.99304
135.21541494402297 160473735681.06348
135.71458571808253 163123101650.9625
136.21559926622086 164957503658.5013
136.71846239135238 167254393662.95078
137.22318192150635 169045461364.40097
137.72976470991895 172028434007.55716
138.23821763512538 175536398127.40717
138.74854760105526 177800858204.33337
139.26076153712407 180555475406.38608
139.77486639832932 183136862110.58975
140.29086916534408 186113252735.8524
140.80877684461083 187846790671.5756
141.3285964684385 191071320307.841
141.85033509509688 193615287984.93045
142.3739998089118 196953811471.1192
142.89959772036318 200183202297.40265
143.42713596617932 202862010381.87796
143.95662170943586 205877421503.12918
144.48806213965224 209172347033.2856
145.02146447288823 212315002617.72253
145.55683595184416 214953632946.51523
146.09418384595682 218184068560.39163
146.63351545150027 221235834971.6204
147.17483809168402 225565994159.8468
147.71815911675154 228811788987.87442
148.26348590408216 231908533048.579
148.8108258582889 235728980947.7542
149.36018641132108 238004826245.164
149.91157502256428 242269201927.32385
150.46499917894081 245441955224.51285
151.02046639501344 249044479986.42688
151.57798421308502 252591774681.0021
152.13756020330297 256441101083.56207
152.69920196376123 259980792225.15488
153.26291712060248 264801949428.74323
153.82871332812385 268684796677.51602
154.3965982688784 272154756642.18613
154.96657965378145 276375045646.87933
155.53866522221463 280152036934.5978
156.11286274212983 284536749471.69104
156.6891800101569 288226885351.5335
157.26762485170698 292964007070.4362
157.8482051210811 297730267296.9415
158.4309287015757 302829747887.58704
159.01580350558882 306752542221.0119
159.60283747472977 311543580865.8445
160.19203857992434 316290555439.5867
160.78341482152535 320183617253.29047
161.3769742294203 324887660691.9386
161.97272486313935 329920321641.5164
162.5706748119672 334531711316.38916
163.17083219505008 339188623499.5414
163.77320516150854 345844439322.8866
164.37780189054698 350852194839.7621
164.98463059156364 355797985684.1438
165.5936995042646 361936017021.1373
166.2050168987728 366261866845.1439
166.81859107574286 371708587031.7016
167.43443036647255 375288585248.09674
168.05254313301512 380393734573.71405
168.6729377682951 387321003822.41504
169.2956226962196 394608708628.57587
169.92060637179497 402175004798.8881
170.54789728124075 406891880763.4077
171.1775039421037 411924410896.13055
171.809434903376 417045171045.4541
172.44369874560846 424167177589.9912
173.0803040810295 430656906020.36115
173.71925955366112 436880539271.9824
174.36057383943503 442254552491.27594
175.00425564631283 447825028592.35803
175.6503137144029 456352568785.8426
176.29875681607825 463811805383.4359
176.94959375609798 472882029477.77
177.60283337172407 477878823708.4503
178.25848453284377 486217064659.9365
178.91655614208912 489793816846.107
179.57705713495662 496449655449.92206
180.23999647993108 504464724668.347
180.9053831786046 513189713635.9782
181.57322626580137 521647635170.5109
182.24353480969896 527934455771.9542
182.91631791195078 535269063894.86224
183.5915847078119 546375720789.7723
184.26934436626027 554031282040.6428
184.94960609012386 562323845037.3884
185.63237911620442 568196930959.7028
186.31767271540176 576713129233.153
187.00549619284234 585388145053.9606
187.69585888800265 595245050629.2714
188.3887701748384 603531296680.253
189.08423946191107 612332737502.7856
189.78227619251413 621548723920.0873
190.48288984480422 631758595975.5917
191.18608993192663 640485728011.3799
191.89188600214723 650843530284.5491
192.60028763898092 660692231023.2751
193.31130446132062 670968685531.5016
194.02494612357057 679808329264.711
194.7412223157744 687433194110.0128
195.4601427637493 697648866423.13
196.18171722921699 711470287800.0522
196.90595550993504 720770368014.4447
197.63286743983278 734432365019.3131
198.3624628891415 744256230150.8322
199.09475176453137 750742430781.2653
199.82974400924468 762610959082.7117
200.56744960322973 776926093319.0162
201.30787856327913 789010508008.7847
202.0510409431625 800517778894.5107
202.79694683376593 812304680439.2979
203.5456063632278 822482343914.909
204.29702969707486 835342921529.6528
205.0512270383634 843320123443.9243
205.8082086278144 859081031086.0333
206.56798474395532 873311923528.4836
207.3305657032587 888391156108.403
208.0959618602808 899893846819.6935
208.86418360780507 910168175909.7115
209.6352413769802 926819674033.4431
210.4091456374643 934997436530.7389
211.18590689756618 948266703889.1075
211.96553570438653 970118638066.1403
212.74804264396414 981998243383.8834
213.53343834141629 997308831836.2894
214.32173346108596 1011894380072.4117
215.11293870668536 1022667928973.074
215.90706482144006 1037031919155.4371
216.70412258823728 1051151768262.0919
217.50412282977118 1072437871407.6727
218.3070764086884 1091317687485.7141
219.11299422773865 1107856334513.0837
219.92188722991926 1121192273390.0278
220.73376639862678 1137869765701.042
221.54864275780488 1155006912448.7522
222.3665273720927 1176141410750.0884
223.18743134697806 1186693077519.0254
224.0113658289449 1203600855357.3533
224.83834200562757 1225415983885.695
225.66837110596157 1245876789818.5005
226.5014644003345 1262890719310.4543
227.3376332007424 1278972214634.1025
228.17688886093958 1298802618983.7053
229.01924277659606 1320545140539.15
229.86470638545097 1338307426315.4973
230.7132911674664 1357230215134.353
231.56500864498645 1383449876788.3865
232.4198703828902 1406664309573.3271
233.27788798875176 1427970526248.5571
234.1390731129966 1440770892815.1794
235.0034374490583 1464842349613.1287
235.8709927335407 1478931882731.048
236.74175074637333 1511982866732.1575
237.6157233109748 1525223345811.5474
238.49292229441193 1550240710885.9724
239.3733596075593 1572429442366.759
240.2570472052646 1599060705941.3572
241.14399708650677 1622896996706.606
242.0342212945626 1635388793706.8052
242.9277319171687 1671864041995.212
243.82454108668404 1697913433619.6287
244.72466098025836 1722397229502.3735
245.62810381999338 1747573672486.8838
246.53488187311228 1775207535892.1643
247.44500745212483 1793537350430.114
248.35849291499295 1819426515506.3696
249.2753506653022 1840909174146.0354
250.195593152426 1874024215350.1785
251.1192328716983 1907391563429.4482
252.04628236458169 1936371603381.9133
252.97675421883622 1956862759200.3823
253.9106610686938 1983034849426.3545
254.84801559502574 2032389289452.5564
255.78883052551848 2058456940578.6335
256.7331186348449 2076947793778.6233
257.6808927448362 2115958072693.309
258.63216572465967 2141874199052.1367
259.5869504909892 2186173248766.5732
260.5452600081843 2214595042044.4443
261.5071072884648 2241279624302.565
262.47250539208557 2277996293374.369
263.44146742751735 2314779232518.917
264.41400655162306 2344801839744.547
265.3901359698348 2375080481135.972
266.36986893633673 2395550914383.5527
267.3532187542413 2432382213694.0664
268.340198775773 2484569763942.489
269.3308224024484 2532998859541.6216
270.3251030852565 2569356190638.7466
271.32305432484503 2600232239201.47
272.32468967169956 2629182471281.8564
273.33002272633115 2679725307719.287
274.3390671394594 2725863612633.7773
275.3518366121965 2757433143613.9814
276.36834489623647 2789037969060.077
277.38860579403814 2821080363616.4326
278.4126331590159 2883721685871.292
279.4404408957267 2922805638176.697
280.47204296005646 2957632767878.8975
281.50745335941417 2997076951602.393
282.54668615291723 3053731911697.6377
283.5897554515863 3094910840651.2246
284.6366754185354 3135897643957.583
285.6874602691623 3207243956560.2476
286.74212427134563 3243349580750.5747
287.80068174563405 3271080003747.593
288.8631470654447 3336186973625.672
289.9295346572567 3386232403311.0303
290.99985900080515 3430213005103.4883
292.07413462928184 3488543101067.383
293.15237612952814 3560638222870.8105
294.23459814223696 3598209433832.1396
295.32081536214963 3671493081466.531
296.41104253825415 3714695540453.5596
297.5052944739891 3751905689240.0747
298.60358602744014 3817152880949.5835
299.70593211154585 3851394343023.4087
300.8123476942986 3925410033103.8037
301.9228477989456 3972977352293.5264
303.0374475041977 4044196304201.769
304.1561619444287 4107415339742.0044
305.27900630988535 4179406474909.6064
306.4059958468919 4239313000305.661
307.5371458580552 4328698921875.129
308.6724717024766 4359806032099.709
309.81198879595587 4408074093869.3545
310.9557126112045 4486905375592.322
312.10365867805433 4537180251108.571
313.25584258366626 4605168789290.329
314.4122799727464 4665101855908.213
315.5729865477533 4741790327922.007
316.737978069116 4820394856002.008
317.90727035544563 4884628038940.034
319.0808792837486 4993733531770.706
320.25882078964634 5061000967924.667
321.44111086758716 5100454060244.652
322.62776557106724 5182632803894.714
323.8188010128471 5236438888725.741
325.01423336516825 5327564158286.399
326.21407885997684 5391175531208.432
327.418353789142 5473267502527.435
328.62707450467497 5582774000658.933
329.84025741895607 5691492208998.341
331.0579190049519 5795850075602.886
332.28007579644384 5881047416799.893
333.50674438825075 5942388918976.651
334.7379414364518 6023368148364.722
335.9736836586178 6070889296484.345
337.2139878340326 6195577890118.22
338.4588708039255 6268786277351.704
339.70834947169834 6353524163349.534
340.9624408031525 6452133102629.577
342.2211618267244 6565113899521.709
343.48452963371096 6655460317200.084
344.7525613785066 6804828818105.263
346.0252742788343 6909314703151.874
347.3026856159768 6997084538254.517
348.5848127350169 7074870101298.826
349.8716730450664 7191531823202.272
351.1632840195083 7261626126101.515
352.4596631962314 7368720659714.921
