results/limits/GDM_l.dat
# %ECSV 1.0
# ---
# datatype:
# - {name: mx, unit: MeV, datatype: float64}
# - {name: sigma_10, unit: cm2, datatype: float64}
# - {name: sigma_9, unit: cm2, datatype: float64}
# - {name: sigma_7, unit: cm2, datatype: float64}
# - {name: sigma_6, unit: cm2, datatype: float64}
# - {name: sigma_5, unit: cm2, datatype: float64}
# - {name: sigma_4, unit: cm2, datatype: float64}
# - {name: sigma_3, unit: cm2, datatype: float64}
# - {name: sigma_2, unit: cm2, datatype: float64}
# schema: astropy-2.0
mx sigma_10 sigma_9 sigma_7 sigma_6 sigma_5 sigma_4 sigma_3 sigma_2
[from data line 80]
1.9989447971105317e-06 1.1437747564246907e-49 2.3657806111848606e-49 1.0924677033610503e-46 1.0893124095775544e-44 1.1018173536893391e-42 1.5371635480960282e-40 3.825327434828609e-38 8.774251158481897e-38
2.045553350050195e-06 1.1235009466769774e-49 2.3361964809350936e-49 1.11778146609956e-46 1.1147199034599772e-44 1.1280253642100888e-42 1.5905709896245172e-40 4.0824075582226135e-38 9.392258277107341e-38
2.0932486549653353e-06 1.1036409369433131e-49 2.307208844951679e-49 1.1436892270067743e-46 1.1407205136151246e-44 1.1548767480907834e-42 1.6463033569116314e-40 4.357394027447782e-38 1.0054205126267247e-37
2.1420560511935146e-06 1.0841831552059966e-49 2.2788081276344408e-49 1.170204741687702e-46 1.1673281124913915e-44 1.1823884881696253e-42 1.7044829668141133e-40 4.6515530419552924e-38 1.0763228391866235e-37
2.192001468898943e-06 1.0651165052018588e-49 2.250984977046162e-49 1.1973420893833633e-46 1.1945568988796776e-44 1.210578082784722e-42 1.76523946110349e-40 4.966240966961199e-38 1.1522688921793836e-37
2.2431114428485372e-06 1.0464303581932744e-49 2.2237302616784595e-49 1.2251156804017974e-46 1.2224214057079515e-44 1.2394635648803202e-42 1.8287102845702014e-40 5.302910775977061e-38 1.2336187990651658e-37
2.2954131265091837e-06 1.0281145429691679e-49 2.197035067323704e-49 1.2535402637297633e-46 1.2509365080295009e-44 1.269063521972405e-42 1.8950411962114425e-40 5.663118953760084e-38 1.3207584501531532e-37
2.3489343064737076e-06 1.0101593341436769e-49 2.170890694052687e-49 1.2826309348288493e-46 1.280117431210164e-44 1.2993971170180158e-42 1.9643868158743063e-40 6.048532892558321e-38 1.4141013193074311e-37
2.403703417223201e-06 9.92555438851836e-50 2.1452886532973354e-49 1.312403143619503e-46 1.3099797593199883e-44 1.3304841102345446e-42 2.0369112088986426e-40 6.460938818454314e-38 1.514090461111738e-37
2.4597495562335635e-06 9.752939819709078e-50 2.1202206650385262e-49 1.3428727026572813e-46 1.3405394437348656e-44 1.3623448819180514e-42 2.1127885114854706e-40 6.902250284326717e-38 1.621200627043853e-37
2.5171024994342686e-06 9.583664900224715e-50 2.0956786550983483e-49 1.3740557955048786e-46 1.3718128119539286e-44 1.3950004563124136e-42 2.1922035997181375e-40 7.374517269912231e-38 1.7359405110442078e-37
2.575792717027583e-06 9.417648739331268e-50 2.071654752536714e-49 1.4059689853047128e-46 1.4038165766389134e-44 1.4284725265840805e-42 2.2753528053705876e-40 7.879935934034539e-38 1.8588552074598113e-37
2.635851389676631e-06 9.254814108500138e-50 2.0481412871522077e-49 1.4386292235558497e-46 1.4365678448814315e-44 1.462783480959821e-42 2.3624446818669297e-40 8.420859063740271e-38 1.9905288021344755e-37
2.6973104250709106e-06 9.095087252211405e-50 2.0251307870871663e-49 1.4720538591001261e-46 1.47008412770454e-44 1.497956430088712e-42 2.4537008239965243e-40 8.99980727109634e-38 2.131587153511067e-37
2.760202474878063e-06 8.938397693589345e-50 2.002615976536724e-49 1.5062606473218876e-46 1.504383349805588e-44 1.5340152356923885e-42 2.5493567452494277e-40 9.619480991974362e-38 2.282700910455527e-37
2.8245609520908932e-06 8.784678037088683e-50 1.980589773562294e-49 1.541267759566195e-46 1.5394838595468154e-44 1.570984540571692e-42 2.6496628169143837e-40 1.0282773342106818e-37 2.4445886842854705e-37
2.8904200487788716e-06 8.633863770431597e-50 1.9590452880092432e-49 1.577093792780213e-46 1.575404439200869e-44 1.6088898000416055e-42 2.754885273378597e-40 1.0992783894260439e-37 2.618020507730474e-37
2.9578147542535346e-06 8.485893067927877e-50 1.937975819529318e-49 1.6137577793829344e-46 1.6121643154586522e-44 1.6477573148699897e-42 2.865307288386464e-40 1.1752833440589814e-37 2.8038215053600772e-37
3.026780873657441e-06 8.340706597195946e-50 1.917374855707964e-49 1.651279197368468e-46 1.6497831702070997e-44 1.68761426580064e-42 2.981230127354863e-40 1.2566479811327263e-37 3.002875828593923e-37
3.097355046986562e-06 8.198247331147477e-50 1.8972360702970318e-49 1.6896779806478618e-46 1.6882811515846267e-44 1.7284887497450937e-42 3.102974381205765e-40 1.3437534826164446e-37 3.2161309036798527e-37
3.1695747685562034e-06 8.05846036690941e-50 1.877553321553265e-49 1.7289745296352934e-46 1.7276788853222983e-44 1.7704098177330893e-42 3.2308812875665597e-40 1.4370082457526181e-37 3.4446019282606597e-37
3.2434784069208122e-06 7.921292753137143e-50 1.8583206506832394e-49 1.7691897220838163e-46 1.7679974863796343e-44 1.8134075147160533e-42 3.3653141456044083e-40 1.5368498295085944e-37 3.689376758842905e-37
3.319105225258239e-06 7.786693326935971e-50 1.8395322803954132e-49 1.810344924176725e-46 1.8092585708830484e-44 1.8575129213239055e-42 3.506659831204574e-40 1.6437470401741677e-37 3.951621074143647e-37
3.3964954022292982e-06 7.654612561357069e-50 1.8211826135599777e-49 1.8524620018801805e-46 1.8514842683765082e-44 1.9027581976813597e-42 3.6553304196809323e-40 1.758202166365101e-37 4.232583982045849e-37
3.4756900533236943e-06 7.525002424177347e-50 1.8032662319773482e-49 1.895563332563003e-46 1.894697234393554e-44 1.9491766293953636e-42 3.811764923711407e-40 1.8807533738296013e-37 4.533603955727859e-37
3.5567312527036693e-06 7.397816248421068e-50 1.7857778952563825e-49 1.939671816890331e-46 1.938920663360678e-44 1.9968026758326256e-42 3.976431154737841e-40 2.011977271798254e-37 4.856115265529342e-37
3.6396620555569646e-06 7.273008614836744e-50 1.7687125398031316e-49 1.9848108909967227e-46 1.984178301841622e-44 2.0456720208127533e-42 4.149827716648416e-40 2.152491662853044e-37 5.2016548013117e-37
3.7245265209709786e-06 7.15053524631565e-50 1.752065277921407e-49 2.0310045389457223e-46 2.030494462133626e-44 2.0958216258494848e-42 4.332486141183074e-40 2.3029584897429105e-37 5.571869452086727e-37
3.811369735340273e-06 7.030352914030216e-50 1.73583139702636e-49 2.0782773054823685e-46 2.0778940362261564e-44 2.147289786081386e-42 4.524973175163565e-40 2.4640869929831275e-37 5.968523947377549e-37
3.900237836319859e-06 6.912419354888927e-50 1.7200063589723432e-49 2.1266543090854428e-46 2.1264025101336036e-44 2.2001161890402335e-42 4.727893230363277e-40 2.636637094548148e-37 6.393509321299258e-37
3.991178037336996e-06 6.796693199747064e-50 1.7045857994964422e-49 2.1761612553263027e-46 2.1760459786133741e-44 2.2543419764157503e-42 4.9418910075848404e-40 2.8214230236888173e-37 6.848851931486838e-37
4.0842386526745176e-06 6.683133911688856e-50 1.689565527779316e-49 2.2268244505417062e-46 2.2268511602819512e-44 2.3100098089828645e-42 5.167654307329231e-40 3.0193172022985857e-37 7.336723157826384e-37
4.179469123139017e-06 6.57170173359797e-50 1.6749415261248116e-49 2.2786708158277765e-46 2.2788454131412153e-44 2.3671639348697185e-42 5.405917040303404e-40 3.231254408327535e-37 7.859449784270739e-37
4.2769200423275275e-06 6.462357644167321e-50 1.6607099497601442e-49 2.331727901362581e-46 2.332056750528404e-44 2.42585026135348e-42 5.657462451942024e-40 3.4582362372249177e-37 8.419525110289503e-37
4.376643183506652e-06 6.3550633214589325e-50 1.6468671267583882e-49 2.386023901065216e-46 2.386513857503327e-44 2.4861164303833244e-42 5.923126576110828e-40 3.701335882673998e-37 9.01962088992468e-37
4.478691527118417e-06 6.249781113111903e-50 1.6334095580851992e-49 2.4415876675988465e-46 2.4422461076869463e-44 2.5480118980417597e-42 6.2038019342174616e-40 3.961703259616994e-37 9.662600090302918e-37
4.583119288927478e-06 6.146474012305327e-50 1.6203339177718783e-49 2.4984487277263615e-46 2.499283580566451e-44 2.611588018167887e-42 6.5004414970936075e-40 4.24057049377449e-37 1.03515305834326e-36
4.689981948824612e-06 6.045105638613604e-50 1.6076370532165435e-49 2.5566372980264027e-46 2.5576570792816063e-44 2.676898130380521e-42 6.814062928224846e-40 4.539257804416588e-37 1.1089699822446895e-36
4.799336280301815e-06 5.945640222936691e-50 1.5953159856160498e-49 2.6161843009783347e-46 2.6173981489094812e-44 2.743997652752825e-42 7.145753128205513e-40 4.859179807819396e-37 1.188063054945027e-36
4.911240380614659e-06 5.848042595747186e-50 1.5833679105305526e-49 2.677121381425262e-46 2.6785390952628023e-44 2.8129441794059886e-42 7.496673101689388e-40 5.2018522723219435e-37 1.2728097640429038e-36
5.0257537016479225e-06 5.752278177965443e-50 1.5717901985831723e-49 2.7394809234231803e-46 2.7411130042208587e-44 2.883797583306549e-42 7.868063169596989e-40 5.5688993565567145e-37 1.3636146162639129e-36
5.142937081500915e-06 5.658312973846931e-50 1.560580396297455e-49 2.8032960674861198e-46 2.8051537616097585e-44 2.956620124567573e-42 8.261248550940642e-40 5.9620613659985525e-37 1.4609110708652082e-36
5.262852776809252e-06 5.566113565344607e-50 1.5497362270747448e-49 2.8686007282361906e-46 2.870696073652123e-44 3.0314765645753375e-42 8.677645340338753e-40 6.383203064678088e-37 1.5651636122202104e-36
5.385564495820272e-06 5.475647107486595e-50 1.5392555923144028e-49 2.9354296124681514e-46 2.9377754880047594e-44 3.1084342862807834e-42 9.11876690912994e-40 6.834322581861783e-37 1.6768699709275445e-36
5.511137432239651e-06 5.386881324384454e-50 1.5291365726794277e-49 3.0038182376383725e-46 3.006428415405947e-44 3.187563421017498e-42 9.586230759965634e-40 7.317560956302428e-37 1.796563504130675e-36
5.639638299867211e-06 5.299784505559068e-50 1.519377429510216e-49 3.0738029507881632e-46 3.0766921519529127e-44 3.268936982230567e-42 1.0081765866869682e-39 7.835212363646806e-37 1.9248157455155232e-36
5.771135368040315e-06 5.214325502336848e-50 1.5099766063893103e-49 3.1454209479117422e-46 3.1486049020324343e-44 3.352631006524508e-42 1.0607220535024323e-39 8.389735076029518e-37 2.0622391378585204e-36
5.905698497903673e-06 5.130473724128547e-50 1.5009327308598585e-49 3.2187102937792975e-46 3.2222058019275954e-44 3.438724702464759e-42 1.1164570816970474e-39 8.983763206135678e-37 2.2094899623137735e-36
6.043399179524854e-06 5.048199134454268e-50 1.4922446163009056e-49 3.293709942226128e-46 3.297534944125137e-44 3.5273006075947515e-42 1.1755929524519069e-39 9.620119291992381e-37 2.36727147799394e-36
6.184310569875183e-06 4.967472246624054e-50 1.4839112639621567e-49 3.3704597569186716e-46 3.374633402349165e-44 3.618444754159631e-42 1.2383555878476494e-39 1.0301827782550977e-36 2.5363372823613415e-36
6.32850753169624e-06 4.888264119019642e-50 1.4759318651614572e-49 3.4490005326089694e-46 3.453543257347208e-44 3.712246844060245e-42 1.3049865841288697e-39 1.1032129488685738e-36 2.7174949152770163e-36
6.47606667327258e-06 4.810546349953863e-50 1.4683058036474588e-49 3.5293740168886765e-46 3.5343076234570347e-44 3.808800433593345e-42 1.3757443180941979e-39 1.1814497068598987e-36 2.9116097175357487e-36
6.627066389131828e-06 4.7342910721077835e-50 1.4610326581309792e-49 3.611622932455649e-46 3.616970675982698e-44 3.908203128571292e-42 1.4509051317925561e-39 1.2652651621973659e-36 3.119608977031442e-36
6.781586901693754e-06 4.659470946563324e-50 1.4541122049874816e-49 3.6957909999036636e-46 3.7015776794109696e-44 4.010556790451617e-42 1.5307646010778713e-39 1.3550580471785934e-36 3.342486358951696e-36
6.939710303890459e-06 4.586059156462206e-50 1.4475444211335975e-49 3.781922961049106e-46 3.7881750164986515e-44 4.115967754149491e-42 1.615638893974704e-39 1.4512556219134875e-36 3.581306657256016e-36
7.101520602780329e-06 4.514029400330252e-50 1.4413294870806304e-49 3.870064602806864e-46 3.876810218265662e-44 4.2245470582490365e-42 1.705866225235796e-39 1.554315716211324e-36 3.837210885791229e-36
7.267103764178904e-06 4.443355885110814e-50 1.4354677901675415e-49 3.960262781628283e-46 3.9675319949268455e-44 4.33641068837549e-42 1.801808413933456e-39 1.6647289176424416e-36 4.111421735277892e-36
7.436547758330399e-06 4.374013318953529e-50 1.4299599279758918e-49 4.052565448515724e-46 4.0603902678003827e-44 4.4516798345442074e-42 1.903852551420398e-39 1.7830209162378452e-36 4.40524942147773e-36
7.609942606644117e-06 4.3059769038038e-50 1.424806711929358e-49 4.147021674625582e-46 4.1554362022297597e-44 4.57048116335178e-42 2.012412787526587e-39 1.909755017032396e-36 4.7200979487767156e-36
7.787380429520604e-06 4.2392223278369535e-50 1.420009171079705e-49 4.2436816774761745e-46 4.2527222415600107e-44 4.692947105934819e-42 2.127932243426968e-39 2.0455348324846936e-36 5.057471827245917e-36
7.968955495292936e-06 4.1737257577782825e-50 1.4155685560815302e-49 4.342596847772848e-46 4.3523021422091457e-44 4.819216162683704e-42 2.25088506022543e-39 2.1910071676401657e-36 5.418983270130901e-36
8.15476427030917e-06 4.1094638311462313e-50 1.4114863433569935e-49 4.443819776867008e-46 4.454231009879149e-44 4.949433225763252e-42 2.3817785929553984e-39 2.3468651118051522e-36 5.8063598904657814e-36
8.344905470182516e-06 4.046413648452249e-50 1.4077642394525893e-49 4.547404284862648e-46 4.558565336952062e-44 5.083749920563884e-42 2.5211557603975828e-39 2.513851351623488e-36 6.221452987696807e-36
8.539480112236516e-06 3.9845527653871613e-50 1.4044041855883852e-49 4.653405449387329e-46 4.665363041118906e-44 5.22232496728322e-42 2.6695975618694083e-39 2.6927617212183685e-36 6.666246368796182e-36
8.738591569173047e-06 3.923859185019337e-50 1.4014083624007601e-49 4.761879635042637e-46 4.774683505292215e-44 5.365324563916443e-42 2.8277257729449103e-39 2.8844490066025646e-36 7.142865865494545e-36
8.942345623991688e-06 3.8643113500271357e-50 1.398779194878685e-49 4.872884523551134e-46 4.886587618854619e-44 5.5129227920255906e-42 2.996205832928487e-39 3.089827022373625e-36 7.65358949273466e-36
9.150850526189614e-06 3.805888134983817e-50 1.396519357493361e-49 4.986479144616515e-46 5.001137820298492e-44 5.665302046744168e-42 3.175749937830862e-39 3.30987498018332e-36 8.200858302097654e-36
9.364217049271877e-06 3.748568838711057e-50 1.394631779520133e-49 5.1027239075137675e-46 5.118398141315347e-44 5.822653492581252e-42 3.367120353585622e-39 3.5456421701707065e-36 8.787288133752387e-36
9.58255854960264e-06 3.692333176713466e-50 1.393119650551438e-49 5.2216806334276315e-46 5.2384342523955e-44 5.985177546689532e-42 3.5711329653075406e-39 3.798252977308282e-36 9.415682081642207e-36
9.805991026628606e-06 3.6371612737054067e-50 1.3919864261982447e-49 5.343412588557616e-46 5.361313510000877e-44 6.153084391379434e-42 3.7886610795279924e-39 4.068912256886045e-36 1.0089043871965658e-35
1.0034633184506672e-05 3.5830336562383787e-50 1.391235833977318e-49 5.4679845180072614e-46 5.487105005379708e-44 6.326594517784786e-42 4.020639497561476e-39 4.358911094977999e-36 1.0810592282206788e-35
1.0268606495168497e-05 3.529931245435933e-50 1.3908718793801938e-49 5.595462680478025e-46 5.615879615091945e-44 6.505939302716734e-42 4.268068879458389e-39 4.6696329811772716e-36 1.1583776520133033e-35
1.0508035262855554e-05 3.4778353498420254e-50 1.3908988521191356e-49 5.725914883786255e-46 5.747710053319623e-44 6.691361620882832e-42 4.532020419394888e-39 5.002560423157247e-36 1.2412292671904205e-35
1.07530466901589e-05 3.4267276583867575e-50 1.3913213325443565e-49 5.859410521224262e-46 5.882670926039857e-44 6.88311649480179e-42 4.813640854843102e-39 5.359282034934398e-36 1.3300101422519687e-35
1.1003770945598772e-05 3.376590233473198e-50 1.3921441982253558e-49 5.996020608786083e-46 6.020838787141496e-44 7.081471784906596e-42 5.1141578334648665e-39 5.741500132592465e-36 1.4251447037209833e-35
1.1260341232779899e-05 3.32740550418764e-50 1.3933726306884e-49 6.135817823277727e-46 6.162292196570772e-44 7.286708922502116e-42 5.4348856633823927e-39 6.151038873489927e-36 1.527087755909074e-35
1.1522893861159297e-05 3.2791562596350882e-50 1.3950121223006023e-49 6.278876541336527e-46 6.307111780596034e-44 7.499123688433032e-42 5.7772314743144177e-39 6.589852978400894e-36 1.6363266595505787e-35
1.1791568318464117e-05 3.2318256424015236e-50 1.3970684832897604e-49 6.425272879378773e-46 6.455380294285864e-44 7.71902704051464e-42 6.142701819028716e-39 7.060037078221187e-36 1.753383672430076e-35
