results/limits/GDM_f_6_phase.dat
# %ECSV 1.0
# ---
# datatype:
# - {name: mx, unit: MeV, datatype: float64}
# - {name: sigma_6, unit: cm2, datatype: float64}
# schema: astropy-2.0
mx sigma_6
[from data line 358]
0.0012122259692915415 1.4209959448427155e-14
0.0012404909310584848 1.492220781859901e-14
0.0012694149350204683 1.5653557278591345e-14
0.0012990133477864558 1.6403327210140276e-14
0.0013293018942621524 1.7170757495655784e-14
0.001360296666004259 1.7955012505166324e-14
0.001392014129769518 1.8755188419983243e-14
0.0014244711362630968 1.9570311835594653e-14
0.0014576849290909482 2.039934712266588e-14
0.0014916731539209149 2.1241204654580065e-14
0.0015264538678574353 2.2094739433988144e-14
0.0015620455490348386 2.2958765429199947e-14
0.0015984671064343198 2.3832061665619525e-14
0.0016357378899298156 2.471336798501431e-14
0.0016738777005681136 2.5601409643524108e-14
0.0017129068010886602 2.6494888599009623e-14
0.0017528459266886532 2.7392502100308683e-14
0.00179371629603914 2.8292944958143566e-14
0.0018355396225579732 2.9194912925623315e-14
0.0018783381259456144 3.0097119462270566e-14
0.0019221345439899109 3.099829121031085e-14
0.001966952144646121 3.18971845773055e-14
0.0020128147383986056 3.279258035662906e-14
0.002059746690910748 3.3683300216345463e-14
0.0021077729359698315 3.456820618344955e-14
0.0021569189887337423 3.5446200948574176e-14
0.002207210959286545 3.631624259472448e-14
0.0022586755665101248 3.717733825572797e-14
0.0023113401522792685 3.80285491662523e-14
0.0023652326959877285 3.886899455243706e-14
0.0024203818294129824 3.9697858482118664e-14
0.0024768168519275916 4.051437709854424e-14
0.002534567746065232 4.1317854658633465e-14
0.0025936651934496745 4.2107660928561275e-14
0.0026541405910951734 4.288320680152798e-14
0.0027160260680869266 4.364398990539617e-14
0.0027793545026504624 4.438956123362367e-14
0.002844159539619031 4.51195133175543e-14
0.0029104756083082714 4.5833522698395424e-14
0.0029783379408076585 4.653130046578463e-14
0.0030477825906984404 4.7212626443700555e-14
0.0031188464522080173 4.787731930744371e-14
0.0031915672798109355 4.852525819931006e-14
0.0032659837082868936 4.915636402103043e-14
0.003342135273246469 4.977060310187587e-14
0.0034200624321353945 5.036797670845221e-14
0.0034998065857286074 5.094852884657712e-14
0.0035814101001254554 5.151235012325048e-14
0.003664916329257761 5.20595609751378e-14
0.0037503696379226933 5.259029140873367e-14
0.0038378154253526898 5.3104717911758466e-14
0.003927300149334948 5.360305825912548e-14
0.004018871350893299 5.4085523238228084e-14
0.00411257767954558 5.4552343766250864e-14
0.004208468919149921 5.500381254137463e-14
0.004306596014353682 5.544018914102617e-14
0.004407011097659079 5.5861778212053457e-14
0.004509767517119906 5.6268873886860645e-14
0.004614919864684026 5.6661801439517563e-14
0.004722524005196735 5.704087325069052e-14
0.004832637106080367 5.740643709720705e-14
0.004945317667705937 5.775882244477184e-14
0.005060625554472947 5.809835626788644e-14
0.005178622026613854 5.842540484777376e-14
0.005299369772740128 5.874031306208411e-14
0.005422932943147155 5.904340831417635e-14
0.0055493771838957115 5.9335038924296e-14
0.00567876967168809 5.961555717940179e-14
0.005811179149557424 5.988528361970697e-14
0.0059466759633891655 6.014459920671861e-14
0.006085332099294114 6.03937887503865e-14
0.006227221221852859 6.063320891468754e-14
0.006372418713251954 6.086317778515159e-14
0.006521001713332612 6.108400452676202e-14
0.006673049160573193 6.129600126318139e-14
0.006828641834027273 6.149947548388435e-14
0.006987862396239558 6.169474953572889e-14
0.00715079543716245 6.188207044540285e-14
0.007317527519096606 6.206176519520153e-14
0.007488147222679345 6.223409722342537e-14
0.007662745193945353 6.239933068398455e-14
0.007841414192484688 6.255775172521179e-14
0.008024249140723652 6.270957320139986e-14
0.008211347174354735 6.285508759587788e-14
0.008402807693942412 6.299451910731249e-14
0.008598732417732204 6.31280920293808e-14
0.008799225435691074 6.325604402995174e-14
0.009004393264807849 6.337860717118106e-14
0.009214344905683071 6.349598173229722e-14
0.009429191900438323 6.36083679108151e-14
0.009649048391975805 6.371595524765563e-14
0.009874031184619632 6.38189853699472e-14
0.010104259806171096 6.391757232409511e-14
0.01033985657141083 6.401195057246625e-14
0.010580946647081629 6.41022781740065e-14
0.010827658118386449 6.418868989141391e-14
0.011080122057036918 6.427141563025466e-14
0.011338472590888495 6.435050552680148e-14
0.01160284697519928 6.442620842946072e-14
0.01187338566555036 6.449862411547121e-14
0.012150232392466372 6.456787008028363e-14
0.012433534237775993 6.4634118390275e-14
0.01272344171275288 6.469747121271239e-14
0.013020108838078586 6.475803213804448e-14
0.013323693225669961 6.481597730134332e-14
0.013634356162414448 6.487138777490244e-14
0.013952262695857842 6.492432676129138e-14
0.014277581721889965 6.49749965929213e-14
0.014610486074474885 6.502341902252139e-14
0.014951152617473332 6.50696715861225e-14
0.015299762338606094 6.511395530416366e-14
0.015656500445608335 6.515623423708814e-14
0.016021556464625875 6.519664530721722e-14
0.016395124340905766 6.523531000374535e-14
0.016777402541834602 6.527225212740622e-14
0.017168594162379338 6.53075819385689e-14
0.01756890703298664 6.534126396678982e-14
0.017978553829998065 6.53735329438654e-14
0.01839775218863974 6.540433536743265e-14
0.01882672481864659 6.543380774454965e-14
0.01926569962258253 6.546190438128201e-14
0.019714909816919448 6.548883380696931e-14
0.020174594055939365 6.551450525749507e-14
0.02064499655852557 6.553902275047963e-14
0.021126367237910063 6.556247050199219e-14
0.021618961834446313 6.558489716049109e-14
0.02212304205147776 6.560625779941735e-14
0.022638875694374342 6.562672940344665e-14
0.0231667368128109 6.564626034229344e-14
0.02370690584636297 6.566493966138127e-14
0.024259669773497434 6.568278341399213e-14
0.024825322264037063 6.569984338974367e-14
0.025404163835180054 6.571612753219099e-14
0.025996502011157406 6.573166196341984e-14
0.026602651486612925 6.574653288326577e-14
0.027222934293792744 6.576068314710639e-14
0.027857679973633073 6.57742321559358e-14
0.02850722575083718 6.578723600962184e-14
0.02917191671303455 6.579957281783264e-14
0.029852105994117403 6.581139805628488e-14
0.030548154961852016 6.582265788231487e-14
0.031260433409864494 6.583346064202953e-14
0.031989319754103004 6.584377422682995e-14
0.0327352012338808 6.585357678361193e-14
0.03349847411760691 6.586298458869625e-14
0.034279543913313774 6.587198438572846e-14
0.03507882558409363 6.58805121841797e-14
0.03589674376855814 6.588870643141209e-14
0.03673373300643846 6.589651856072398e-14
0.037590237969445384 6.59040228187435e-14
0.038466713697512506 6.591120182614835e-14
0.03936362584054766 6.591800442442619e-14
0.04028145090582124 6.592441791977705e-14
0.04122067651112274 6.593065958456917e-14
0.04218180164382002 6.593660606945394e-14
0.043165336925959 6.594226954678557e-14
0.044171804885544536 6.594766808007166e-14
0.04520174023414663 6.595289428476807e-14
0.046255690150979495 6.59577735487703e-14
0.047334214573604344 6.59624361390934e-14
0.048437886495410414 6.596695992765147e-14
0.04956729227003216 6.597130487131744e-14
0.05072303192286451 6.597550637608512e-14
0.051905719469841495 6.597927994710203e-14
0.05311598324364777 6.598299161025937e-14
0.05435446622753626 6.598662996843345e-14
0.05562182639692926 6.599015161071685e-14
0.056918737068984544 6.599338601236918e-14
0.058245887260312136 6.599645529155478e-14
0.05960398205303182 6.599937099118087e-14
0.06099374296936585 6.600235937313494e-14
0.06241590835496589 6.600499579504935e-14
0.06387123377117784 6.600752362112066e-14
0.06536049239645289 6.601010158359512e-14
0.06688447543711816 6.601239445426575e-14
0.06844399254772507 6.601460912552334e-14
0.0700398722611988 6.60169206870907e-14
0.0716729624290174 6.6018852251524e-14
0.07334413067165428 6.602092090449687e-14
0.07505426483952363 6.602281768614986e-14
0.07680427348467332 6.602440943545439e-14
0.07859508634347626 6.602617345331266e-14
0.08042765483057629 6.602789972674902e-14
0.08230295254435131 6.602932135738043e-14
0.08422197578416211 6.603096804029407e-14
0.08618574407966152 6.603244960074217e-14
0.08819530073244539 6.603368646684819e-14
0.09025171337033296 6.60348505520231e-14
0.09235607451457113 6.603633394518852e-14
0.09450950216026408 6.60375464679264e-14
0.09671314037033632 6.603854106546262e-14
0.09896815988334524 6.60396277252759e-14
0.10127575873546546 6.604075414818149e-14
0.10363716289697593 6.604190347422461e-14
0.10605362692358762 6.604261570608244e-14
0.10852643462295801 6.604330218385587e-14
0.11105689973674641 6.604445481862156e-14
0.11364636663857243 6.604518731624778e-14
0.11629621104824843 6.604617311778617e-14
0.1190078407626656 6.604659903557016e-14
0.12178269640372161 6.604748985852231e-14
0.12462225218368743 6.604811185000906e-14
0.1275280166884199 6.60485807765367e-14
0.13050153367883624 6.604950832335022e-14
0.1335443829110759 6.605014630598275e-14
0.13665818097578622 6.605051817599022e-14
0.13984458215697693 6.605117609259731e-14
0.14310527931090045 6.605153989551265e-14
0.14644200476542463 6.605215812877294e-14
0.14985653124037576 6.605254572327787e-14
0.15335067278934078 6.605301192867642e-14
0.1569262857634292 6.605354429674464e-14
0.1605852697975066 6.605412811821713e-14
0.16432956881942368 6.605439950226748e-14
0.16816117208277714 6.605461833495971e-14
0.172082115223751 6.605495366466312e-14
0.1760944813425998 6.605532308200674e-14
0.1802004021103484 6.605555636522807e-14
0.18440205890129596 6.60559380868592e-14
0.18870168395192646 6.605624375333334e-14
0.1931015615468407 6.605660924938295e-14
0.1976040292323402 6.605678728375684e-14
0.20221147905830805 6.605698414746632e-14
0.20692635884904578 6.605703279005473e-14
0.21175117350374192 6.60573348476786e-14
0.2166884863272632 6.605790379931587e-14
0.22174092039197504 6.605793055612263e-14
0.22691115993131514 6.605839648248871e-14
0.23220195176586036 6.605833750070027e-14
0.2376161067626448 6.605870486690017e-14
0.24315650132850383 6.605878173954981e-14
0.24882607893823822 6.605892180903256e-14
0.25462785169840935 6.605904799428676e-14
0.2605649019475973 6.605938619208851e-14
0.26664038389397104 6.605927466014202e-14
0.27285752529104135 6.60596192734137e-14
0.2792196291524867 6.605967635169885e-14
0.2857300755069626 6.60598268209589e-14
0.2923923231938275 6.605984329428083e-14
0.2992099117007387 6.605954575790972e-14
0.3061864630440946 6.606037368612775e-14
0.31332568369332287 6.60607948093042e-14
0.32063136654003577 6.606045224630492e-14
0.3281073929131 6.606024371696582e-14
0.3357577346406907 6.606010155697652e-14
0.343586456160426 6.606097258701259e-14
0.3515977166787018 6.606051565689629e-14
0.359795772380376 6.606063646930187e-14
0.368184978689974 6.606077963506218e-14
0.3767697925856183 6.606108203854193e-14
0.38555477496691104 6.606116889885806e-14
0.394544593078027 6.606178145692377e-14
0.4037440229873054 6.606134958310656e-14
0.4131579521246571 6.606170621145824e-14
0.42279138187813525 6.606088708679138e-14
0.43264943025104924 6.606131789750075e-14
0.4427373345810337 6.606123992021465e-14
0.4530604543225162 6.606102022528286e-14
0.4636242738940635 6.606185913481715e-14
0.47443440559211736 6.606138398302353e-14
0.48549659257266914 6.606079912072515e-14
0.4968167119024568 6.606175671592537e-14
0.5084007776813051 6.606162281234193e-14
0.5202549442372687 6.606221467187502e-14
0.5323855093962742 6.606231138317358e-14
0.5447989178279997 6.606174588034757e-14
0.557501764469769 6.60614168072259e-14
0.5705007980302781 6.606219796613995e-14
0.5838029245750183 6.60618887278585e-14
0.5974152111952977 6.606174857178467e-14
0.6113448897628128 6.606249707995022e-14
0.6255993607717623 6.606184071453054e-14
0.6401861972705483 6.606188102856761e-14
0.6551131488851486 6.606131652653502e-14
0.6703881459363026 6.606235630038613e-14
0.686019303652694 6.606287475243349e-14
0.7020149264823721 6.606316865850592e-14
0.7183835125046995 6.606213272671192e-14
0.7351337579451718 6.606100031734261e-14
0.7522745617955077 6.606207783001365e-14
0.7698150305414633 6.606267263166984e-14
0.7877644830008832 6.606142190496865e-14
0.8061324552745581 6.606334313987571e-14
0.8249287058125218 6.606054553803772e-14
0.8441632205984669 6.60618646129957e-14
0.8638462184550629 6.606275277972116e-14
0.8839881564729563 6.606275409718372e-14
0.9045997355663667 6.606221671770801e-14
0.9256919061582187 6.606277871947976e-14
0.9472758739978306 6.606173175396162e-14
0.9693631061142522 6.606248182115889e-14
0.9919653369084147 6.606209323306144e-14
1.0150945743873274 6.606302002649642e-14
1.0387631065436362 6.606167804067312e-14
1.0629835078839296 6.606389963482663e-14
1.0877686461092637 6.606234866191546e-14
1.1131316889514546 6.60616520648088e-14
1.1390861111687691 6.606360110323127e-14
1.16564570170473 6.606182265532359e-14
1.1928245710138414 6.606213997819232e-14
1.2206371585581264 6.606284851715273e-14
1.2490982404784545 6.606347974117249e-14
1.2782229374447416 6.606410483973957e-14
1.3080267226891875 6.606257544702749e-14
1.3385254302268237 6.606094076641078e-14
1.369735263267732 6.606218646083617e-14
1.4016728028254128 6.606246260390425e-14
1.4343550165258654 6.606344343059084e-14
1.4677992676220706 6.606437437546445e-14
1.5020233242186567 6.60647832067229e-14
1.5370453687116559 6.606230054153633e-14
1.5728840074483612 6.606305565804304e-14
1.6095582806124205 6.606459380366839e-14
1.6470876723394143 6.606390679954908e-14
1.6854921210682972 6.605988108593321e-14
1.7247920301341966 6.605936520891358e-14
1.7650082786082029 6.606162113021369e-14
1.8061622323899016 6.606435992339638e-14
1.848275755558551 6.606101360314236e-14
1.8913712219889245 6.606034705564735e-14
1.935471527238 6.606082779640327e-14
1.9806001007088037 6.606209146340444e-14
2.0267809180978715 6.606130850250006e-14
2.0740385141329463 6.606207406195247e-14
2.1223979956076717 6.606196963719098e-14
2.171885054720213 6.606106662677211e-14
2.222525982722885 6.606237431441248e-14
2.274347683890048 6.606199469372343e-14
2.327377689811681 6.606477286363525e-14
2.3816441740202396 6.605965624240345e-14
2.437175966958554 6.606194721548629e-14
2.4940025712967335 6.606288945466549e-14
2.552154177606206 6.606281583342254e-14
2.611661680399223 6.606209048061076e-14
2.6725566945423505 6.606239292639989e-14
2.7348715720526675 6.606313819217345e-14
2.7986394192855935 6.606427012741662e-14
2.863894114523477 6.606448573066297e-14
2.9306703259742912 6.606452577031476e-14
2.999003530189995 6.606787939785103e-14
3.068930030914351 6.606474040037597e-14
3.1404869783702067 6.606288817311344e-14
3.21371238899649 6.605910348875987e-14
3.2886451656454048 6.606442368877537e-14
3.3653251182505572 6.606207784541882e-14
3.443792984976987 6.606392943857704e-14
3.5240904538643507 6.606390536790075e-14
3.6062601849747473 6.605942935421192e-14
3.6903458330569543 6.606369364731043e-14
3.77639207073912 6.605997434866172e-14
3.8644446122622242 6.606538472262803e-14
3.9545502377669295 6.606423781543311e-14
4.046756818146711 6.606287829052048e-14
4.141113340480481 6.60617618648735e-14
4.237669934058216 6.606478274623309e-14
4.336477897013409 6.605580784914944e-14
4.437589723576497 6.605775349799113e-14
4.541059131963759 6.606626006790181e-14
4.646941092916466 6.606513670562271e-14
4.755291858905486 6.606059466461865e-14
4.866168994016832 6.606356862286865e-14
4.979631404534034 6.605917530872361e-14
5.0957393702336 6.607104806320024e-14
5.214554576410165 6.607135901118417e-14
5.336140146648369 6.606149905438648e-14
5.4605606763588606 6.606030939423326e-14
5.587882267096237 6.605494078489152e-14
5.718172561677172 6.606752242273932e-14
5.851500780117376 6.606613562161877e-14
5.987937756406471 6.606599043739628e-14
6.127555976140354 6.60667542419194e-14
6.270429615030991 6.605884399675795e-14
6.416634578314149 6.606947586883274e-14
6.566248541075969 6.606333648576666e-14
6.719350989519823 6.60591967141856e-14
6.87602326319537 6.606659490875768e-14
7.036348598212252 6.606086563097457e-14
7.200412171461376 6.606483530328659e-14
7.368301145867304 6.605497071012599e-14
7.540104716695753 6.607443979298121e-14
7.715914158940838 6.606188230019153e-14
7.8958228758172275 6.606609833643587e-14
