results/limits/GDM_l_phase.dat
# %ECSV 1.0
# ---
# datatype:
# - {name: mx, unit: MeV, datatype: float64}
# - {name: sigma_10, unit: cm2, datatype: float64}
# - {name: sigma_9, unit: cm2, datatype: float64}
# - {name: sigma_7, unit: cm2, datatype: float64}
# - {name: sigma_6, unit: cm2, datatype: float64}
# - {name: sigma_5, unit: cm2, datatype: float64}
# - {name: sigma_4, unit: cm2, datatype: float64}
# - {name: sigma_3, unit: cm2, datatype: float64}
# - {name: sigma_2, unit: cm2, datatype: float64}
# schema: astropy-2.0
mx sigma_10 sigma_9 sigma_7 sigma_6 sigma_5 sigma_4 sigma_3 sigma_2
[from data line 478]
0.01926569962258253 9.830443953930343e-37 9.108388283982914e-33 9.101124895612557e-25 9.101093560782547e-21 9.098032758863963e-17 8.799580014923976e-13 1.2493925449976453e-09 3.116205785628604e-09
0.019714909816919448 1.0743717813817782e-36 9.987718031675244e-33 9.980111975452286e-25 9.980077649827293e-21 9.976721235855471e-17 9.649443910388257e-13 1.3700589419682911e-09 3.4171691024631803e-09
0.020174594055939365 1.1743488799207945e-36 1.0951946145836793e-32 1.0943981262786151e-24 1.0943943659226862e-20 1.0940263086491653e-16 1.0581377641246295e-12 1.5023778769391875e-09 3.747195908174032e-09
0.02064499655852557 1.2838039429057464e-36 1.2009278758688271e-32 1.2000938118577882e-24 1.2000896922266237e-20 1.1996860884515707e-16 1.1603314703221305e-12 1.6474757730345672e-09 4.109095701081646e-09
0.021126367237910063 1.4036446619423482e-36 1.31687134126315e-32 1.3159979283421236e-24 1.3159934149195185e-20 1.3155508314487087e-16 1.2723953751177277e-12 1.806587693123361e-09 4.505948946227352e-09
0.021618961834446313 1.534865419833207e-36 1.444011113874276e-32 1.443096495210344e-24 1.4430915501548934e-20 1.4426062221862846e-16 1.3952828285662445e-12 1.981067234137743e-09 4.941131753552228e-09
0.02212304205147776 1.6785539021799057e-36 1.5834263372050463e-32 1.5824685696956245e-24 1.5824631515274933e-20 1.5819309513617349e-16 1.5300371358914677e-12 2.172395714238984e-09 5.41833879231212e-09
0.022638875694374342 1.835908080128623e-36 1.7363056789630435e-32 1.735302725533815e-24 1.7352967887655613e-20 1.7347131889745464e-16 1.6778074902496573e-12 2.3822047946651795e-09 5.941639713963418e-09
0.0231667368128109 2.0082351363491427e-36 1.9039469960793118e-32 1.9028967254376325e-24 1.902890220206875e-20 1.9022502569124498e-16 1.8398486560562478e-12 2.6122760301083845e-09 6.51547803072414e-09
0.02370690584636297 2.1969721202355707e-36 2.0877772811334787e-32 2.0866774603976307e-24 2.086670332031943e-20 2.0859685614788287e-16 2.0175402476447087e-12 2.86456824117173e-09 7.144739387318923e-09
0.024259669773497434 2.4036921690031056e-36 2.289359280723059e-32 2.2882075720434713e-24 2.2881997606033852e-20 2.2874302135049397e-16 2.212393132211962e-12 3.141226605476327e-09 7.834774235806163e-09
0.024825322264037063 2.6301211466267707e-36 2.510407886429158e-32 2.509201841106397e-24 2.5091932808730463e-20 2.50834941124543e-16 2.426065275287827e-12 3.4446051555661127e-09 8.591453949328214e-09
0.025404163835180054 2.878149341374961e-36 2.7528020002226065e-32 2.7515390545246058e-24 2.7515296734475767e-20 2.7506043034529033e-16 2.66037321465213e-12 3.777283069942763e-09 9.421211454831278e-09
0.025996502011157406 3.149849615143993e-36 3.018602569760878e-32 3.017280039557674e-24 3.017269758642119e-20 3.0162550173665614e-16 2.9173094969314737e-12 4.142089430104048e-09 1.033110298149383e-08
0.026602651486612925 3.447497585208713e-36 3.3100725636026164e-32 3.308687636954965e-24 3.3086763695813104e-20 3.30756362509601e-16 3.1990619890038695e-12 4.542130639494452e-09 1.132887644843459e-08
0.027222934293792744 3.7735806547047675e-36 3.6296864217135586e-32 3.628236155711368e-24 3.628223806923607e-20 3.627003595165919e-16 3.5080230194940015e-12 4.980803402892831e-09 1.242300383759897e-08
0.027857679973633073 4.1308355809090287e-36 3.980166963204642e-32 3.978648274075416e-24 3.978634739744664e-20 3.9772966809891727e-16 3.8468250571533675e-12 5.461845383718895e-09 1.3622807542033003e-08
0.02850722575083718 4.522260005499707e-36 4.3644973398154325e-32 4.362906997365089e-24 4.362892163313272e-20 4.361424874621341e-16 4.218352272482606e-12 5.989351619594772e-09 1.4938501309194593e-08
0.02917191671303455 4.951127655822585e-36 4.7859365396699584e-32 4.7842711647568035e-24 4.784254905828539e-20 4.782645908282727e-16 4.625755530740156e-12 6.567795809898737e-09 1.6381243335874346e-08
0.029852105994117403 5.4210475233484645e-36 5.248077491767039e-32 5.2463335428997345e-24 5.246315721837685e-20 5.244551328238763e-16 5.072508560761451e-12 7.202110066053122e-09 1.7963335179506026e-08
0.030548154961852016 5.935960462633733e-36 5.754844732631759e-32 5.753018503392476e-24 5.752998969721576e-20 5.751064173066622e-16 5.562405709387911e-12 7.8976817231907e-09 1.9698213805899208e-08
0.031260433409864494 6.500201357440344e-36 6.310555579480305e-32 6.308643185900915e-24 6.308621774605895e-20 6.306500115996625e-16 6.0996210780890765e-12 8.660437304224241e-09 2.1600661010465897e-08
0.031989319754103004 7.118510025696723e-36 6.919931912399645e-32 6.917929289186578e-24 6.917905819350664e-20 6.915579251936367e-16 6.688719923324087e-12 9.496858706444703e-09 2.3686843790456723e-08
0.0327352012338808 7.796083171051867e-36 7.588151404792794e-32 7.586054294334582e-24 7.586028567605163e-20 7.583477303298762e-16 7.334708182608748e-12 1.0414053520217057e-08 2.5974489732214242e-08
0.03349847411760691 8.53863449621833e-36 8.320907881473998e-32 8.318711825139084e-24 8.318683623990606e-20 8.315885959884909e-16 8.043090835003136e-12 1.1419837891069118e-08 2.8483093683864955e-08
0.034279543913313774 9.352414252697723e-36 9.12443058970981e-32 9.122130916582703e-24 9.122100002514429e-20 9.119032140818267e-16 8.81989053117537e-12 1.252276297125258e-08 3.123398373018668e-08
0.03507882558409363 1.0244265860498134e-35 1.0005541645019419e-31 1.0003133468769804e-23 1.0003099580311128e-19 9.999735428963175e-16 9.671703143735934e-12 1.3732193791886365e-08 3.425051791367156e-08
0.03589674376855814 1.1221723935814635e-35 1.0971752295841794e-31 1.096923049388497e-23 1.0969193344275258e-19 1.0965504285189002e-15 1.0605790825279876e-11 1.505844138974436e-08 3.7558413782082475e-08
0.03673373300643846 1.2293020249461483e-35 1.203127071866404e-31 1.2028629929847069e-23 1.2028589204690987e-19 1.2024543859372025e-15 1.1630089563155753e-11 1.6512773533758355e-08 4.118577514224701e-08
0.037590237969445384 1.3467202600312427e-35 1.31931193175366e-31 1.319035392393516e-23 1.319030927846189e-19 1.3185873234181531e-15 1.275332257717535e-11 1.8107575730716993e-08 4.516349363672149e-08
0.038466713697512506 1.4754173996737603e-35 1.4467175180661473e-31 1.4464279302205598e-23 1.4464230358393227e-19 1.445936588075185e-15 1.398503944817388e-11 1.9856406781248447e-08 4.952538731022931e-08
0.03936362584054766 1.616478292700156e-35 1.586425948671133e-31 1.5861226967183133e-23 1.5861173310581486e-19 1.5855839026006659e-15 1.5335702553719968e-11 2.1774121504008833e-08 5.430850670547298e-08
0.04028145090582124 1.7710929871829142e-35 1.7396244287393365e-31 1.7393068683022658e-23 1.7393009859217021e-19 1.7387160401548679e-15 1.6816790315204596e-11 2.3877017329204912e-08 5.955350049328418e-08
0.04122067651112274 1.9405728809950494e-35 1.907621250700496e-31 1.9072887059930304e-23 1.9072822570465662e-19 1.9066408173737065e-15 1.844095188155658e-11 2.618305392348613e-08 6.530516325591414e-08
0.04218180164382002 2.1263466044611538e-35 2.0918419155499844e-31 2.0914936791379314e-23 2.0914866089817283e-19 2.09078321940722e-15 2.0221969650773728e-11 2.8711799976814235e-08 7.161230276408317e-08
0.043165336925959 2.3299841451680142e-35 2.2938531727485234e-31 2.2934885044323784e-23 2.293480753148993e-19 2.2927094307754403e-15 2.2174991695376243e-11 3.1484763207564154e-08 7.852856306801727e-08
0.044171804885544536 2.553207289813473e-35 2.515373315800001e-31 2.5149914400455404e-23 2.5149829419339033e-19 2.514137125997289e-15 2.431663129294794e-11 3.452553167917302e-08 8.611277696614204e-08
0.04520174023414663 2.797907151564181e-35 2.7582897799016707e-31 2.757889883965546e-23 2.7578805669717915e-19 2.756953061958147e-15 2.6665137078794715e-11 3.786001538833257e-08 9.442956856872589e-08
0.046255690150979495 3.0661458635895867e-35 3.0246610260124317e-31 3.024242259992481e-23 3.0242320451346345e-19 3.0232149632624293e-15 2.924041128099734e-11 4.15164721557011e-08 1.035494178738905e-07
0.047334214573604344 3.360197657500672e-35 3.3167572924362548e-31 3.3163187660159407e-23 3.3163075666711903e-19 3.315192256669687e-15 3.206440370220897e-11 4.552606701387387e-08 1.1355005598005773e-07
0.048437886495410414 3.682555028436337e-35 3.6370668108650333e-31 3.6366075905890645e-23 3.6365953117601916e-19 3.6353722855571055e-15 3.5161171825681576e-11 4.992295754784413e-08 1.245166779401397e-07
0.04956729227003216 4.035944801767286e-35 3.988312108723236e-31 3.9878312176334663e-23 3.9878177551606526e-19 3.9864766090863846e-15 3.855703846014068e-11 5.474451772424354e-08 1.3654250103121676e-07
0.05072303192286451 4.4233613243201796e-35 4.373482924493845e-31 4.3729793389888024e-23 4.372964578650435e-19 4.3714939035735135e-15 4.228090996048558e-11 6.003178971128127e-08 1.4972989167330695e-07
0.051905719469841495 4.84806487767445e-35 4.7958350630306995e-31 4.7953077141801585e-23 4.795291530797932e-19 4.793678822643896e-15 4.6364265203257026e-11 6.582946822575997e-08 1.6419032638805643e-07
0.05311598324364777 5.313676837735092e-35 5.258984576671944e-31 5.258432341657111e-23 5.258414597883351e-19 5.256646136482993e-15 5.0842066097612404e-11 7.218719330571097e-08 1.8004761620213706e-07
0.05435446622753626 5.824142519977838e-35 5.766871563247874e-31 5.766293266419312e-23 5.766273811646991e-19 5.764334551756391e-15 5.57524076530753e-11 7.91590534653813e-08 1.9743666742798622e-07
0.05562182639692926 6.383784731168157e-35 6.323813372730983e-31 6.323207783178425e-23 6.323186452271902e-19 6.321059896699749e-15 6.11370323835465e-11 8.680431606251813e-08 2.1650530332887751e-07
0.056918737068984544 6.997328840049371e-35 6.93452981300693e-31 6.933895643496985e-23 6.933872255438034e-19 6.931540319695585e-15 6.704157402690638e-11 9.518777333926438e-08 2.3741512720606096e-07
0.058245887260312136 7.66998506904225e-35 7.604224996738743e-31 7.60356089815279e-23 7.603535254410896e-19 7.600978103837506e-15 7.351634885212886e-11 1.0438086594533456e-07 2.6034432466410186e-07
0.05960398205303182 8.407455969536086e-35 8.338595172035126e-31 8.337899731398716e-23 8.33787161427537e-19 8.335067498529327e-15 8.061643140618713e-11 1.1446179048589692e-07 2.8548793185430256e-07
0.06099374296936585 9.216024640673277e-35 9.14391663037803e-31 9.143188365742758e-23 9.143157536419723e-19 9.140082594405848e-15 8.840250443668789e-11 1.2551670626894259e-07 3.1306084531588317e-07
0.06241590835496589 1.010248995144999e-34 1.0026981754056911e-30 1.0026219117734928e-22 1.002618531453846e-18 1.0022813400840785e-14 9.694024063614603e-11 1.3763885748601116e-07 3.4329563253959365e-07
0.06387123377117784 1.1074400876277714e-34 1.0995332093817992e-30 1.0994533462882597e-22 1.099449639876237e-18 1.099079883169481e-14 1.0630255607059652e-10 1.5093177270228437e-07 3.764505120613851e-07
0.06536049239645289 1.214003020579437e-34 1.2057232671286621e-30 1.2056396344061087e-22 1.2056355704156125e-18 1.2052301022453522e-14 1.1656936177600404e-10 1.65508912165215e-07 4.1280847378780557e-07
0.06688447543711816 1.3308358007545866e-34 1.3221656005940708e-30 1.322078020421479e-22 1.3220735643473699e-18 1.3216289368352825e-14 1.2782740937566595e-10 1.8149344860717263e-07 4.526767322790659e-07
0.06844399254772507 1.4589332120594704e-34 1.4498541383118402e-30 1.4497624241949963e-22 1.4497575381877805e-18 1.4492699691908205e-14 1.4017279773793894e-10 1.9902182627834154e-07 4.963956036059973e-07
0.0700398722611988 1.59938648640038e-34 1.58987922910115e-30 1.5897831855889889e-22 1.58977782813044e-18 1.5892431688138747e-14 1.5371094826654997e-10 2.1824372586311372e-07 5.443384178453383e-07
0.0716729624290174 1.7533761212635798e-34 1.743420518768758e-30 1.7433199417690933e-22 1.743314067371887e-18 1.7427277721777634e-14 1.6855591623013341e-10 2.3932108668371623e-07 5.969090802827927e-07
0.07334413067165428 1.9222219536562305e-34 1.9117968215313864e-30 1.9116914965764587e-22 1.911685055315858e-18 1.9110421351599212e-14 1.848352124691006e-10 2.6243495271400416e-07 6.545591465811821e-07
0.07505426483952363 2.1073489965685432e-34 2.096432192261069e-30 2.0963218951582615e-22 2.096314832318149e-18 2.0956098191961916e-14 2.0268652326237545e-10 2.877808153412311e-07 7.177762068053259e-07
0.07680427348467332 2.310323279079693e-34 2.2988916504906e-30 2.2987761467975245e-22 2.2987684023961573e-18 2.2979953019764367e-14 2.2226116425124555e-10 3.1557351735771785e-07 7.870961168438412e-07
0.07859508634347626 2.53288400720971e-34 2.5209132241334323e-30 2.520792267449426e-22 2.520783775657284e-18 2.519936009096729e-14 2.4372717852763996e-10 3.4605165172578644e-07 8.631139697061853e-07
0.08042765483057629 2.776914435205803e-34 2.7643790512670318e-30 2.764252383854659e-22 2.764243072509715e-18 2.763313427988097e-14 2.67266542785151e-10 3.7947359478152523e-07 9.464742016318847e-07
0.08230295254435131 3.044474693751175e-34 3.0313481140820355e-30 3.0312154665343977e-22 3.0312052565471987e-18 3.030185829792887e-14 2.930783321655126e-10 4.161219997851518e-07 1.0378817997991826e-06
0.08422197578416211 3.3378605328188402e-34 3.3241148117310505e-30 3.323975900919244e-22 3.323964705480788e-18 3.322846820598467e-14 3.2138438330993577e-10 4.5631183750262033e-07 1.1381223569564094e-06
0.08618574407966152 3.659545802940471e-34 3.645151745412048e-30 3.645006275505578e-22 3.644993999487942e-18 3.6437681490272226e-14 3.524237627326461e-10 5.003825422252546e-07 1.2480424822070853e-06
0.08819530073244539 4.012256189137773e-34 3.997183248790081e-30 3.99703091021722e-22 3.9970174493266495e-18 3.995673209622406e-14 3.8645987603824933e-10 5.487081056641891e-07 1.368574976966332e-06
0.09025171337033296 4.3989957250853105e-34 4.383211878691632e-30 4.383052346862202e-22 4.383037586703045e-18 4.381563524306724e-14 4.2378302919756006e-10 6.017007135317988e-07 1.5007479052375706e-06
0.09235607451457113 4.823077525857745e-34 4.806549157981981e-30 4.806382092111311e-22 4.806365907146599e-18 4.804749474918405e-14 4.647134009858995e-10 6.598149659047613e-07 1.6456951199437774e-06
0.09450950216026408 5.288064215127424e-34 5.2707562246975696e-30 5.270581268876871e-22 5.2705635215886805e-18 5.268790974749258e-14 5.095953047585603e-10 7.235397299091406e-07 1.8046359420843784e-06
0.09671314037033632 5.797905828584279e-34 5.779781500665857e-30 5.779598282550816e-22 5.779578822137367e-18 5.777635088021016e-14 5.588104989501848e-10 7.934170383935767e-07 1.9789222973657485e-06
0.09896815988334524 6.356959437595516e-34 6.337980237469486e-30 6.337788366187689e-22 6.337767027194592e-18 6.335635568429227e-14 6.127800768347265e-10 8.70044773070984e-07 2.170045408430735e-06
0.10127575873546546 6.969972806902739e-34 6.950098347765258e-30 6.949897413578386e-22 6.949874014584432e-18 6.947536697708699e-14 6.719629033981146e-10 9.540744451403178e-07 2.3796302593371604e-06
0.10363716289697593 7.64215487108443e-34 7.621342909759532e-30 7.621132484001896e-22 7.621106826067724e-18 7.6185437664366e-14 7.368624322126704e-10 1.0462208741031237e-06 2.609459736236634e-06
0.10605362692358762 8.379161024638042e-34 8.357367456945276e-30 8.357147091963672e-22 8.357118957129913e-18 8.35430836876761e-14 8.080252831499008e-10 1.1472601683546338e-06 2.86146959061189e-06
0.10852643462295801 9.187297222257955e-34 9.164475753799707e-30 9.164244979605037e-22 9.164214128704628e-18 9.161132105626823e-14 8.860609444698798e-10 1.2580576988410842e-06 3.137818210521327e-06
0.11105689973674641 1.007350579905115e-33 1.0049607732317163e-29 1.0049366054413412e-21 1.0049332224931399e-17 1.0045952527196763e-13 9.716404131843467e-10 1.3795661686037142e-06 3.4408818057006156e-06
0.11364636663857243 1.1045190580194387e-33 1.1020165263408741e-29 1.1019912167310515e-21 1.1019875071830484e-17 1.1016168970184717e-13 1.0654793501085537e-09 1.512801695782029e-06 3.7731947543464923e-06
0.11629621104824843 1.2110715561359699e-33 1.2084509687779766e-29 1.2084244631902353e-21 1.2084203954878195e-17 1.2080139908077588e-13 1.1683861833741658e-09 1.6589121125216097e-06 4.137619952661842e-06
0.1190078407626656 1.3278987346051684e-33 1.3251545478322276e-29 1.3251267899258723e-21 1.3251223295188038e-17 1.3246766767337173e-13 1.2812218553021709e-09 1.819119812295424e-06 4.537206265975689e-06
