results/limits/GDM_h.dat
# %ECSV 1.0
# ---
# datatype:
# - {name: mx, unit: MeV, datatype: float64}
# - {name: sigma, unit: cm2, datatype: float64}
# schema: astropy-2.0
mx sigma
[from data line 1071]
0.0005175386499123683 1.8883413119965176e-26
0.0005194492321384366 1.9093261796809858e-26
0.000521366867604767 1.930544207926894e-26
0.0005232915823495992 1.9519979866824544e-26
0.0005252234025072966 1.9736901346569513e-26
0.0005271623543087045 1.9956232996401815e-26
0.0005291084640815018 2.01780015882537e-26
0.0005310617582505611 2.0402234191357444e-26
0.000533022263338307 2.0628958175547044e-26
0.0005349900059650756 2.0858201214596742e-26
0.000536965012849478 2.1089991289596887e-26
0.0005389473108087604 2.13243564956238e-26
0.0005409369267591693 2.156132535548696e-26
0.0005429338877163178 2.1800927041515147e-26
0.0005449382207955507 2.2043190796998656e-26
0.0005469499532123157 2.2288146189928228e-26
0.0005489691122825291 2.2535823116599868e-26
0.0005509957254229494 2.2786251805260448e-26
0.0005530298201515484 2.303946281979326e-26
0.0005550714240878846 2.3295487063444846e-26
0.000557120564953481 2.3554355782593476e-26
0.000559177270572197 2.3816100570558705e-26
0.0005612415688706091 2.4080753371454245e-26
0.0005633134878783914 2.434834648408345e-26
0.0005653930557286905 2.4618912565877212e-26
0.0005674803006585152 2.4892484636877357e-26
0.000569575251009114 2.5169096083762747e-26
0.0005716779352263616 2.5448780663920853e-26
0.000573788381861148 2.573157250956513e-26
0.0005759066195697597 2.60175058693494e-26
0.0005780326771142767 2.6306615418416593e-26
0.0005801665833629568 2.659893687154132e-26
0.00058230836729063 2.689450589986391e-26
0.0005844580579790941 2.7193358570529507e-26
0.0005866156846175032 2.7495531351082846e-26
0.0005887812765027723 2.780106111391465e-26
0.0005909548630399686 2.8109985140754783e-26
0.0005931364737427131 2.842234112721706e-26
0.0005953261382335837 2.873816718739426e-26
0.000597523886244511 2.9057501858503194e-26
0.0005997297476171904 2.9380384105583524e-26
0.0006019437523034802 2.970685332624653e-26
0.0006041659303658116 3.0036949355478204e-26
0.0006063963119775984 3.037071247049567e-26
0.0006086349274236407 3.0708183395656186e-26
0.0006108818071005444 3.1049403307423205e-26
0.0006131369815171269 3.139441383938532e-26
0.0006154004812948346 3.17432570873322e-26
0.0006176723371681601 3.209597561438743e-26
0.0006199525799850538 3.245261155931254e-26
0.0006222412407073505 3.281320907811266e-26
0.0006245383504111837 3.317781234648169e-26
0.0006268439402874096 3.354646584557585e-26
0.0006291580416420334 3.39192145502595e-26
0.0006314806858966271 3.429610393458327e-26
0.0006338119045887655 3.4677179977326203e-26
0.0006361517293724472 3.506248916759637e-26
0.0006385001920185266 3.545207851049566e-26
0.0006408573244151485 3.584599553284744e-26
0.0006432231585681736 3.6244288288986404e-26
0.0006455977266016224 3.6647005366615475e-26
0.0006479810607581039 3.7054195892724916e-26
0.0006503731933992562 3.7465909539579433e-26
0.0006527741570061881 3.788219653077113e-26
0.0006551839841799155 3.8303107647339195e-26
0.0006576027076418076 3.8728694233958876e-26
0.0006600303602340302 3.9159008205198347e-26
0.0006624669749199906 3.959410205184541e-26
0.000664912584784788 4.003402884730526e-26
0.0006673672230356595 4.047884090784469e-26
0.0006698309230024324 4.092859352141547e-26
0.0006723037181379771 4.1383341756363603e-26
0.0006747856420186601 4.184314107652269e-26
0.0006772767283448033 4.23080475611882e-26
0.0006797770109411362 4.277811791194556e-26
0.000682286523757259 4.325340945957583e-26
0.0006848053008681045 4.373398017103785e-26
0.0006873333764743949 4.4219888656526386e-26
0.0006898707849031145 4.471119417661187e-26
0.000692417560607969 4.520795664945634e-26
0.0006949737381698556 4.571023665811158e-26
0.0006975393522973359 4.6218095457898487e-26
0.000700114437827099 4.673159498386643e-26
0.0007026990297244444 4.7250797858339056e-26
0.0007052931630837493 4.777576739854053e-26
0.0007078968731289476 4.830656762430887e-26
0.0007105101952140116 4.884326326589502e-26
0.0007131331648234234 4.938591977184618e-26
0.0007157658175726674 4.9934602515825236e-26
0.0007184081892087055 5.0489377807832947e-26
0.0007210603156104659 5.1050314555289203e-26
0.0007237222327893327 5.1617481153263636e-26
0.0007263939768896271 5.21909467555817e-26
0.0007290755841891085 5.277078128324372e-26
0.0007317670910994585 5.335705543293354e-26
0.0007344685341667792 5.394984068562425e-26
0.0007371799500720914 5.454920931527961e-26
0.0007399013756318252 5.515523439764977e-26
0.0007426328477983297 5.576798981916898e-26
0.0007453744036603674 5.638755028594818e-26
0.0007481260804436199 5.701399133286986e-26
0.000750887915511197 5.764738933278455e-26
0.0007536599463641352 5.828782150580651e-26
0.0007564422106419183 5.89353659287178e-26
0.0007592347461229792 5.959010154447218e-26
0.0007620375907252163 6.025210817180726e-26
0.0007648507825065118 6.092146596332829e-26
0.0007676743596652395 6.159825484529748e-26
0.0007705083605407943 6.22825593647639e-26
0.0007733528236141047 6.297446293264409e-26
0.0007762077875081578 6.367404988494187e-26
0.0007790732909885272 6.438140549300831e-26
0.0007819493729638912 6.5096615973913e-26
0.0007848360724865711 6.581976850093545e-26
0.0007877334287530536 6.655095121416843e-26
0.0007906414811045257 6.7290253231242e-26
0.0007935602690274126 6.803776465816698e-26
0.0007964898321539044 6.879357660029598e-26
0.0007994302102625065 6.955778117341166e-26
0.0008023814432785692 7.033047151493265e-26
0.000805343571274835 7.111174179524813e-26
0.0008083166344719836 7.190168722917774e-26
0.000811300673239174 7.270040408755689e-26
0.0008142957280945956 7.350798664301549e-26
0.0008173018397060176 7.432453600178214e-26
0.0008203190488913404 7.515015182721341e-26
0.0008233473966191533 7.598493472142794e-26
0.0008263869240092852 7.682898640199385e-26
0.0008294376723333671 7.768240971429722e-26
0.0008324996830153912 7.854530864404743e-26
0.0008355729976322724 7.941778832992096e-26
0.0008386576579144166 8.029995507634811e-26
0.0008417537057462819 8.119191636643828e-26
0.0008448611831669504 8.209378087505221e-26
0.0008479801323707016 8.30056584820197e-26
0.0008511105957075766 8.392766028550034e-26
0.0008542526156839649 8.485989861549978e-26
0.0008574062349631721 8.580248368330004e-26
0.0008605714963660027 8.67555332936933e-26
0.0008637484428713452 8.771916370441297e-26
0.0008669371176167454 8.869349229871677e-26
0.0008701375638990053 8.967863776105376e-26
0.0008733498251747606 9.067472009148506e-26
0.0008765739450610748 9.168186062027023e-26
0.0008798099673360348 9.270018202261499e-26
0.0008830579359393353 9.372980833357932e-26
0.0008863178949728883 9.47708649631586e-26
0.000889589888701412 9.582347871152498e-26
0.0008928739615530352 9.688777628749597e-26
0.0008961701581199045 9.796388672582504e-26
0.0008994785231587794 9.90519429443564e-26
0.0009027991015916534 1.0015207744798989e-25
0.0009061319385063533 1.0126442421011799e-25
0.0009094770791571551 1.0238911868890262e-25
0.0009128345689654028 1.0352629784373376e-25
0.0009162044535201145 1.0467610015186583e-25
0.0009195867785786138 1.0583866562524786e-25
0.0009229815900671425 1.0701413396919156e-25
0.0009263889340814863 1.0820264895280129e-25
0.0009298088568876053 1.0940435631532898e-25
0.0009332414049222518 1.1061940236938529e-25
0.0009366866247936137 1.1184793504883336e-25
0.0009401445632819373 1.130901039267531e-25
0.0009436152673401661 1.1434605872264414e-25
0.0009470987840945825 1.1561595332417083e-25
0.0009505951608454364 1.1689994272826992e-25
0.0009541044450676018 1.181981825894614e-25
0.0009576266844112103 1.1951083124854583e-25
0.000961161926702302 1.2083804749333783e-25
0.000964710219943479 1.221799940827465e-25
0.0009682716123145463 1.2353683435931372e-25
0.0009718461521731797 1.249087334751489e-25
0.000975433888055572 1.262958584119766e-25
0.0009790348686770948 1.2769837582493677e-25
0.0009826491429329649 1.2911645610863938e-25
0.0009862767598989004 1.305502740347268e-25
0.0009899177688317917 1.3200000409301794e-25
0.0009935722191703703 1.3346582270596562e-25
0.0009972401605358768 1.3494790825006296e-25
0.0010009216427327417 1.3644644107749267e-25
0.0010046167157492527 1.3796160353801095e-25
0.0010083254297582394 1.394935800010803e-25
0.001012047835117753 1.4104255687824686e-25
0.0010157839823717488 1.4260872264576606e-25
0.001019533922250777 1.441922629559633e-25
0.001023297705672665 1.457933711720427e-25
0.0010270753837432133 1.4741224572775066e-25
0.0010308670077568882 1.490490835594312e-25
0.0010346726291975167 1.5070408378385958e-25
0.0010384922997389908 1.5237744772238554e-25
0.0010423260712459626 1.540693789253409e-25
0.0010461739957745514 1.5578008319672185e-25
0.0010500361255730518 1.5750976861914603e-25
0.00105391251308264 1.592586455790851e-25
0.0010578032109380912 1.6102692679238249e-25
0.0010617082719684876 1.6281482733004915e-25
0.0010656277491979402 1.646225646443522e-25
0.0010695616958463063 1.6645035859519066e-25
0.0010735101653299166 1.68298431476769e-25
0.0010774732112622943 1.701670033319216e-25
0.001081450887454887 1.7205629572095042e-25
0.0010854432479177963 1.7396654780812874e-25
0.0010894503468605104 1.758979918475216e-25
0.0010934722386926443 1.7785086266329924e-25
0.001097508978024672 1.798253976781722e-25
0.0011015606196686726 1.8182183694214597e-25
0.0011056272186390733 1.838404231615952e-25
0.0011097088301533955 1.8588140172866033e-25
0.0011138055096330086 1.8794502075097395e-25
0.001117917312703876 1.900315310817134e-25
0.0011220442951973154 1.9214118634999296e-25
0.0011261865131507547 1.9427424299159198e-25
0.0011303440228084933 1.9643096028002494e-25
0.0011345168806224683 1.98611600357961e-25
0.0011387051432530165 2.0081642826898756e-25
0.001142908867569646 2.0304571198973313e-25
0.0011471281106518094 2.0529972246234668e-25
0.001151362929789676 2.0757872769722045e-25
0.0011556133824849155 2.098829929424412e-25
0.001159879526451471 2.1221281433930376e-25
0.0011641614196163475 2.1456847494590336e-25
0.001168459120120398 2.169502609505125e-25
0.0011727726863191106 2.193584617061899e-25
0.0011771021767834065 2.2179336976577587e-25
0.0011814476503004278 2.2425528091727113e-25
0.0011858091658743409 2.2674449421961573e-25
0.0011901867827271342 2.292613120388621e-25
0.0011945805602994286 2.3180604008475625e-25
0.0011989905582512758 2.343789874477171e-25
0.0012034168364629747 2.3698046663623706e-25
0.001207859455035882 2.39610793614694e-25
0.0012123184742932277 2.4227028784158506e-25
0.0012167939547809395 2.4495927230819134e-25
0.001221285957268456 2.4767807357766374e-25
0.001225794542749559 2.504270218245543e-25
0.001230319772443198 2.532064508747832e-25
0.0012348617077943228 2.5601669824605223e-25
0.0012394204104747202 2.5885808037279274e-25
0.0012439959423838458 2.6173095545343723e-25
0.0012485883656496689 2.6463568158996863e-25
0.0012531977426295145 2.6757261136083208e-25
0.0012578241359109093 2.7054210124023955e-25
0.0012624676083124364 2.7354451164121077e-25
0.0012671282228845803 2.765802069590826e-25
0.0012718060429105888 2.796495556155136e-25
0.0012765011319073299 2.827529301029716e-25
0.0012812135536261543 2.8589070702972e-25
0.0012859433720537655 2.890632671653053e-25
0.0012906906514130805 2.922709954865466e-25
0.0012954554561641085 2.9551428122404343e-25
0.0013002378510048223 2.987935179091981e-25
0.0013050379008720382 3.0210910342176476e-25
0.0013098556709423012 3.054614400379282e-25
0.0013146912266327631 3.088509344789146e-25
0.0013195446336020753 3.1227799796015094e-25
0.001324415957751278 3.1574304624096747e-25
0.0013293052652247003 3.1924649967486026e-25
0.0013342126224108505 3.2278874582065125e-25
0.0013391380959433226 3.2637023662767243e-25
0.0013440817527017002 3.299914182912826e-25
0.0013490436598124626 3.336527298830744e-25
0.001354023884649902 3.373546153215165e-25
0.0013590224948370304 3.4109752342543965e-25
0.0013640395582465031 3.4488190796812817e-25
0.0013690751430015388 3.4870822773200863e-25
0.001374129317476843 3.5257694656394805e-25
0.001379202150299543 3.56488533431174e-25
0.0013842937103501097 3.604434624778029e-25
0.0013894040667633003 3.644422130820158e-25
0.0013945332889290943 3.6848526991386e-25
0.0013996814464936349 3.7257312299369866e-25
0.0014048486093601797 3.7670626775131575e-25
0.0014100348476900424 3.808852050856724e-25
0.0014152402319035505 3.8511044142533637e-25
0.001420464832681 3.8938248878958554e-25
0.001425708720963614 3.937018648501882e-25
0.0014309719679545113 3.980690747092158e-25
0.001436254645119665 4.0248461446612055e-25
0.0014415568241888785 4.0694906590438226e-25
0.0014468785771567577 4.114629697068504e-25
0.001452219976283688 4.1602687251872255e-25
0.0014575810940968203 4.206413270132795e-25
0.0014629620033910474 4.2530689195834605e-25
0.0014683627772299986 4.3002413228350055e-25
0.0014737834889470285 4.347936191480256e-25
0.0014792242121462187 4.396159300096265e-25
0.0014846850207033684 4.444916486938981e-25
0.0014901659887670033 4.494213654645844e-25
0.001495667190759381 4.544056770946108e-25
0.0015011887013775002 4.594451869379115e-25
0.001506730595594121 4.645405050020644e-25
0.0015122929486587734 4.696922480217223e-25
0.0015178758360987854 4.749010395328787e-25
0.0015234793337203074 4.80167509947956e-25
0.0015291035176093388 4.854922881929999e-25
0.0015347484641327692 4.908759477732488e-25
0.001540414249939404 4.963192137388866e-25
0.0015461009519610125 5.018227444841117e-25
0.0015518086474133712 5.073872056556509e-25
0.00155753741379731 5.1301327023263335e-25
0.0015632873288997705 5.187016186073633e-25
0.0015690584707948544 5.244529386669763e-25
0.001574850917844888 5.30267925876019e-25
0.0015806647487014859 5.361472833599476e-25
0.0015865000423066166 5.420917219895508e-25
0.0015923568778936816 5.481019604663283e-25
0.001598235334988581 5.541787254088024e-25
0.0016041354934107999 5.6032275143981025e-25
0.0016100574332744905 5.6653478127476615e-25
0.0016160012349895588 5.728155658109029e-25
0.0016219669792627625 5.791658642175258e-25
0.0016279547470987967 5.855863578241165e-25
0.0016339646198014013 5.920778862429029e-25
0.0016399966789744612 5.986412495069947e-25
0.0016460510065231205 6.052772404414458e-25
0.0016521276846548855 6.1198666059529985e-25
0.001658226795880747 6.1877032033759415e-25
0.0016643484230162995 6.256290389544365e-25
0.001670492649182863 6.325636447471554e-25
0.0016766595578086203 6.395749751315602e-25
0.0016828492326297372 6.46663876738289e-25
0.0016890617576915084 6.538312055142971e-25
0.0016952972173494957 6.610778268254646e-25
0.0017015556962706726 6.684046155603582e-25
0.0017078372794345799 6.758124562351567e-25
0.0017141420521344696 6.833021485107676e-25
0.0017204700999784706 6.908746670125202e-25
0.0017268215088907485 6.98530942112144e-25
0.0017331963651126703 7.062718975217998e-25
0.0017395947552039843 7.140984671077565e-25
0.0017460167660439823 7.220115950020279e-25
0.0017524624848326883 7.3001223571528075e-25
0.0017589319990920398 7.3810135425099195e-25
0.001765425396667075 7.462799262208778e-25
0.0017719427657271318 7.54548937961629e-25
0.0017784841947670357 7.629093866529246e-25
0.001785049772608307 7.713622446548549e-25
0.0017916395884003643 7.799084896235272e-25
0.001798253731621742 7.885492219216718e-25
0.0018048922920812943 7.972854829342724e-25
0.0018115553599194218 8.061183254840753e-25
0.0018182430256092938 8.150488139572725e-25
0.001824955379958075 8.240780244305798e-25
0.0018316925141081658 8.332070447997505e-25
0.0018384545195384283 8.424369749095012e-25
0.0018452414880654373 8.517688777902947e-25
0.001852053511844723 8.61203878246796e-25
0.0018588906833720224 8.707431546440553e-25
0.0018657530954845412 8.803878556322484e-25
0.001872640841362205 8.901391424691571e-25
0.0018795540145289296 8.999981891586613e-25
0.001886492708853891 9.099661413297466e-25
0.0018934570185527972 9.20044217104139e-25
0.0019004470381891756 9.302336484324763e-25
0.0019074628626756444 9.40535643361118e-25
0.0019145045872752107 9.509514511814983e-25
0.0019215723076025611 9.614822860727719e-25
0.001928666119625358 9.721294577633909e-25
0.0019357861196655504 9.828942469110947e-25
0.0019429324044006708 9.937779482181115e-25
0.0019501050708651553 1.0047818705853587e-24
