results/limits/GDM_l_phase.dat
# %ECSV 1.0
# ---
# datatype:
# - {name: mx, unit: MeV, datatype: float64}
# - {name: sigma_10, unit: cm2, datatype: float64}
# - {name: sigma_9, unit: cm2, datatype: float64}
# - {name: sigma_7, unit: cm2, datatype: float64}
# - {name: sigma_6, unit: cm2, datatype: float64}
# - {name: sigma_5, unit: cm2, datatype: float64}
# - {name: sigma_4, unit: cm2, datatype: float64}
# - {name: sigma_3, unit: cm2, datatype: float64}
# - {name: sigma_2, unit: cm2, datatype: float64}
# schema: astropy-2.0
mx sigma_10 sigma_9 sigma_7 sigma_6 sigma_5 sigma_4 sigma_3 sigma_2
3.162277660168379e-07 4.471011887317733e-45 7.354956937119093e-45 6.366986561017072e-43 2.1947932964042195e-39 6.799972602388337e-36 6.389274881234052e-32 9.069037419242478e-29 2.261971556578901e-28
3.2360111549336787e-07 4.4886386908284177e-45 7.402671189104691e-45 6.801710737451425e-43 2.3597132031784126e-39 7.447014036739433e-36 7.006252985163879e-32 9.94491721499339e-29 2.480431142242367e-28
3.311463862505236e-07 4.5064050030914894e-45 7.451004003746423e-45 7.271861567803033e-43 2.53594060843966e-39 8.156090230401641e-36 7.682813984416532e-32 1.0905388793943858e-28 2.719989398681549e-28
3.388675869043115e-07 4.5243124852806914e-45 7.499967301644371e-45 7.780612574124373e-43 2.7242377327755097e-39 8.933170951473281e-36 8.424712144737931e-32 1.1958621967585952e-28 2.982684020553654e-28
3.4676881953794695e-07 4.5423628255648755e-45 7.549573304245142e-45 8.331435649768248e-43 2.9254298696504865e-39 9.784801508924928e-36 9.238257464834311e-32 1.311357558168798e-28 3.270749501574435e-28
3.548542818811901e-07 4.560557738978073e-45 7.599834542997367e-45 8.928129432164323e-43 3.140411934534709e-39 1.0718158290255435e-35 1.013036934838056e-31 1.4380073720908755e-28 3.586636141294054e-28
3.6312826954049566e-07 4.578898967959148e-45 7.650763869025689e-45 9.574850315417182e-43 3.3701556046827385e-39 1.1741109660235185e-35 1.110863545920427e-31 1.5768889272621679e-28 3.933030887389803e-28
3.715951782811629e-07 4.597388282657752e-45 7.702374462976373e-45 1.0276146337390465e-42 3.61571708963978e-39 1.2862282739661513e-35 1.218137626140506e-31 1.7291835562360812e-28 4.312880191163955e-28
3.8025950636269697e-07 4.6160274827977206e-45 7.754679845371162e-45 1.1036994196316152e-42 3.8782455768000534e-39 1.409113662970988e-35 1.3357715791392361e-31 1.896186683751263e-28 4.729415069950329e-28
3.89125856928623e-07 4.63481839672781e-45 7.807693887229515e-45 1.1862839674233029e-42 4.1589924034428367e-39 1.5438042707378272e-35 1.46476592666577e-31 2.0793188457988163e-28 5.1861785906132325e-28
3.9819894045202297e-07 4.65376288245146e-45 7.861430821111459e-45 1.2759641769218442e-42 4.459321013005851e-39 1.691437267093236e-35 1.6062178187863987e-31 2.2801377726111925e-28 5.687056006654963e-28
4.0748357723809307e-07 4.6728628288539225e-45 7.915905252620551e-45 1.3733920865432226e-42 4.780717762103994e-39 1.8532595088428516e-35 1.7613303662433039e-31 2.5003516389619446e-28 6.236307806802796e-28
4.169846999850535e-07 4.692120154711324e-45 7.971132172232723e-45 1.479281130004772e-42 5.1248036525232306e-39 2.0306381266165929e-35 1.9314228739643176e-31 2.7418335939447533e-28 6.838605954843272e-28
4.2670735640476865e-07 4.711536812580346e-45 8.02712696763505e-45 1.5944118719395756e-42 5.49334707277638e-39 2.225072133779181e-35 2.1179420628255427e-31 3.006637693901432e-28 7.499073629157894e-28
4.3665671190447213e-07 4.731114784611317e-45 8.083905436527702e-45 1.71963826535382e-42 5.888277644950854e-39 2.4382051565426816e-35 2.3224743755319316e-31 3.297016374611028e-28 8.223328801447868e-28
4.4683805233101997e-07 4.750856088168949e-45 8.141483799790417e-45 1.8558944779532077e-42 6.311701281414777e-39 2.671839392791886e-35 2.546759470598721e-31 3.615439610378217e-28 9.017532022883683e-28
4.572567867791303e-07 4.7707627732239195e-45 8.199878715379615e-45 2.0042023389189396e-42 6.765916571520016e-39 2.927950918999885e-35 2.7927050198656267e-31 3.9646159239144925e-28 9.888438826458868e-28
4.6791845046510194e-07 4.790836924317574e-45 8.259107292475261e-45 2.1656794627787968e-42 7.253432627887611e-39 3.208706474881878e-35 3.0624029349363112e-31 4.347515425048437e-28 1.0843457189601815e-27
4.788287076675383e-07 4.811080661002504e-45 8.319187106327966e-45 2.3415481126267472e-42 7.776988538559789e-39 3.516481868721078e-35 3.3581471607642336e-31 4.767395074515464e-28 1.1890710546528927e-27
4.899933547366384e-07 4.831496138703266e-45 8.380136213676936e-45 2.5331448711826812e-42 8.339574586272555e-39 3.853882160543796e-35 3.6824531883822006e-31 5.227826388637364e-28 1.3039106888608112e-27
5.014183231736547e-07 4.852085549459304e-45 8.441973168678467e-45 2.741931195029155e-42 8.944455406413857e-39 4.223763792440172e-35 4.038079450531961e-31 5.732725817398363e-28 1.429841453264543e-27
5.131096827821533e-07 4.872851122640496e-45 8.504717039506361e-45 2.969504934979068e-42 9.595195284783697e-39 4.62925885785051e-35 4.4280507856536755e-31 6.286388059238531e-28 1.5679345213863606e-27
5.250736448927506e-07 4.893795125917654e-45 8.568387425565881e-45 3.217612913787571e-42 1.029568580044082e-38 5.073801712580134e-35 4.85568416637357e-31 6.893522591048328e-28 1.7193645198160228e-27
5.373165656630395e-07 4.914919865063301e-45 8.633004475387607e-45 3.488164661571828e-42 1.105017605217029e-38 5.561158156936705e-35 5.324616914302977e-31 7.55929372830105e-28 1.8854195199153503e-27
5.4984494945446e-07 4.9362276870518326e-45 8.698588905223953e-45 3.7832474191374206e-42 1.186330571785504e-38 6.095457434067504e-35 5.838837638197596e-31 8.28936455189285e-28 2.067511993947971e-27
5.626654522879044e-07 4.957720978250595e-45 8.765162018385565e-45 4.105142530200977e-42 1.2740141230591083e-38 6.681227319142147e-35 6.402720161063395e-31 9.089945078777661e-28 2.2671908296865074e-27
5.757848853798981e-07 4.97940216717151e-45 8.8327457252876e-45 4.456343354987869e-42 1.368621537557181e-38 7.323432597272512e-35 7.02106072431268e-31 9.967845085455453e-28 2.4861545055235683e-27
5.892102187612295e-07 5.001273724318847e-45 8.901362564383717e-45 4.839574850128647e-42 1.4707570639290543e-38 8.02751725583111e-35 7.699118783937778e-31 1.0930532031514622e-27 2.726265537626356e-27
6.029485849799565e-07 5.0233381645234826e-45 8.971035723818683e-45 5.257814972986934e-42 1.581080667952161e-38 8.79945075187484e-35 8.442661747535043e-31 1.1986194578511516e-27 2.989566322667208e-27
6.17007282890752e-07 5.045598045558556e-45 9.041789064061896e-45 5.7143180825644144e-42 1.700313231485841e-38 9.645778746997678e-35 9.25801403161171e-31 1.3143812242917662e-27 3.278296510498979e-27
6.313937815326057e-07 5.068055971297037e-45 9.113647141372899e-45 6.212640523969935e-42 1.829242247229343e-38 1.0573678742034426e-34 1.0152110857382462e-30 1.4413231776917144e-27 3.594912054875156e-27
6.461157240969403e-07 5.09071459166309e-45 9.186635232230305e-45 6.756668598966717e-42 1.9687280569740492e-38 1.1591021082980042e-34 1.1132557240938088e-30 1.580525092433107e-27 3.942106103656927e-27
6.611809319882495e-07 5.113576603933761e-45 9.260779358806109e-45 7.35064914136186e-42 2.1197106862812553e-38 1.2706435859747095e-34 1.2207692682245235e-30 1.7331710267914567e-27 4.322831907151536e-27
6.765974089794179e-07 5.136644753639134e-45 9.3361063153987e-45 7.999222932994015e-42 2.283217332517093e-38 1.3929386263656389e-34 1.3386662100302581e-30 1.900559394513702e-27 4.740327938407054e-27
6.923733454639272e-07 5.1599218355885116e-45 9.412643696005455e-45 8.707461213402986e-42 2.460370569672583e-38 1.5270249030251528e-34 1.4679493620431163e-30 2.084114009283064e-27 5.1981454400587784e-27
7.085171228072106e-07 5.1834106955598825e-45 9.490419923017457e-45 9.480905554529945e-42 2.6523973384721474e-38 1.674040264874231e-34 1.6097183872640236e-30 2.2853961956293717e-27 5.7001786310790955e-27
7.250373177994646e-07 5.207114230527964e-45 9.56946427712397e-45 1.032561139018895e-41 2.860638797578537e-38 1.8352324090501057e-34 1.765179152876314e-30 2.5061180696051657e-27 6.250697831129809e-27
7.419427072122865e-07 5.231035390440039e-45 9.649806928431059e-45 1.1248195509134066e-41 3.086561119164056e-38 2.0119694880938557e-34 1.9356539875587166e-30 2.748157102419897e-27 6.854385784838705e-27
7.592422724615558e-07 5.2551771789104933e-45 9.731478968867174e-45 1.2255887839632968e-41 3.3317673183030297e-38 2.2057517410546465e-34 2.1225929290394694e-30 3.0135720900489417e-27 7.516377492825672e-27
7.769452043790388e-07 5.279542655995802e-45 9.814512446057786e-45 1.335658787344447e-41 3.5980102167708306e-38 2.4182242479552946e-34 2.3275860580644706e-30 3.30462066536672e-27 8.242303890056525e-27
7.950609080952509e-07 5.3041349367514785e-45 9.898940398501771e-45 1.455892609630977e-41 3.88720665019918e-38 2.6511909162407528e-34 2.5523770238346665e-30 3.623778501964508e-27 9.038339743557292e-27
8.135990080361694e-07 5.328957195008549e-45 9.984796892320896e-45 1.5872330812190978e-41 4.201453037264531e-38 2.9066298175604855e-34 2.7988778753790383e-30 3.973760372176049e-27 9.91125617485043e-27
8.325693530364543e-07 5.354012663381862e-45 1.0072117059598457e-44 1.7307100768017413e-41 4.543042442930696e-38 3.186710005877073e-34 3.069185325549396e-30 4.357543239183864e-27 1.0868478255747723e-26
8.519820215718901e-07 5.379304635338492e-45 1.0160937138265368e-44 1.8874484004834945e-41 4.914483278492393e-38 3.4938099596599233e-34 3.365598585712325e-30 4.77839157925008e-27 1.1918148166467618e-26
8.718473271138315e-07 5.4048364655995853e-45 1.0251294513832939e-44 2.0586763379628846e-41 5.318519795771349e-38 3.83053780453777e-34 3.690638922374417e-30 5.2398851488016136e-27 1.306919445165156e-26
8.921758236084957e-07 5.4306115731497956e-45 1.0343227762878217e-44 2.245734922039526e-41 5.7581545507156e-38 4.199753490658598e-34 4.0470711042627415e-30 5.745949435642346e-27 1.4331407971067078e-26
9.12978311084014e-07 5.456633441116852e-45 1.0436776698436227e-44 2.4500879591639475e-41 6.236673019976549e-38 4.604593109059597e-34 4.437926918126013e-30 6.300889047399516e-27 1.5715525176292097e-26
9.342658413882192e-07 5.4829056193129346e-45 1.0531982417347725e-44 2.673332866332434e-41 6.757670584995801e-38 5.0484955590626174e-34 4.8665309582918144e-30 6.909424328319632e-27 1.7233319439473374e-26
9.560497240602198e-07 5.509431725392741e-45 1.0628887349799214e-44 2.9172123686205034e-41 7.325082105236541e-38 5.535231789100187e-34 5.336528905098068e-30 7.576731509845807e-27 1.8897701195960254e-26
9.78341532338879e-07 5.5362154469261044e-45 1.0727535310978551e-44 3.1836271084421715e-41 7.943214333632971e-38 6.068936862580327e-34 5.851918535538505e-30 8.308486740477858e-27 2.0722827762554953e-26
1.0011531093113902e-06 5.563260542242167e-45 1.0827971554983585e-44 3.474649218136378e-41 8.616781445087862e-38 6.654145119083469e-34 6.417083727545328e-30 9.110914366092101e-27 2.2724223757160473e-26
1.0244965742052174e-06 5.590570842759139e-45 1.0930242831367987e-44 3.792536906977614e-41 9.350943982618447e-38 7.29582873405911e-34 7.03683175111671e-30 9.990839877026335e-27 2.49189131581655e-26
1.048384328826741e-06 5.618150254885364e-45 1.1034397443944261e-44 4.1397501131292494e-41 1.0151351542442798e-37 7.999439998843097e-34 7.716434157560417e-30 1.0955747963882902e-26 2.7325564105874753e-26
1.0728290641500308e-06 5.646002761344212e-45 1.1140485312495664e-44 4.5189672693608413e-41 1.102418956427846e-37 8.770957684949673e-34 8.461671618846327e-30 1.2013846181820275e-26 2.9964647692500966e-26
1.0978437670592484e-06 5.67413242289922e-45 1.1248558037250345e-44 4.93310322856798e-41 1.1976230625960326e-37 9.616937890418764e-34 9.278883101786634e-30 1.3174134769568987e-26 3.2858612103126557e-26
1.1234417272482566e-06 5.702543380911078e-45 1.1358668966122532e-44 5.385328391743783e-41 1.301489065966162e-37 1.0544569787379857e-33 1.0175019782476397e-29 1.4446483198818373e-26 3.6032073543399737e-26
1.149636544281106e-06 5.731239859676088e-45 1.147087326533949e-44 5.879089076186199e-41 1.4148290586838304e-37 1.1561736762802044e-33 1.1157704176774107e-29 1.5841714129500837e-26 3.951202563884727e-26
1.1764421348171486e-06 5.760226166185725e-45 1.158522799317814e-44 6.418129155598865e-41 1.5385323875726543e-37 1.2677083457947436e-33 1.2235294975776949e-29 1.7371695465207198e-26 4.332806903734577e-26
1.2038727400046132e-06 5.789506694785571e-45 1.1701792177130698e-44 7.006512995930426e-41 1.673573060429499e-37 1.3900089286977321e-33 1.341695814767408e-29 1.9049441305802957e-26 4.7512663202784116e-26
1.2319429330465773e-06 5.819085928557402e-45 1.182062689480736e-44 7.648649701752205e-41 1.821017864410062e-37 1.5241149050010044e-33 1.471274490109553e-29 2.0889222642212425e-26 5.21014025074138e-26
1.2606676269433496e-06 5.848968440668668e-45 1.19417953585393e-44 8.349318677787973e-41 1.982035266128685e-37 1.671166133421008e-33 1.6133677180758357e-29 2.2906688745796162e-26 5.713331899840477e-26
1.2900620824153782e-06 5.879158897650977e-45 1.2065363003983213e-44 9.113696497172387e-41 2.1579051689822877e-37 1.832412545629427e-33 1.769184142406853e-29 2.5119000286893902e-26 6.265121441901293e-26
1.3201419160108953e-06 5.90966206079108e-45 1.2191397583102726e-44 9.947385054116757e-41 2.350029608777976e-37 2.0092247758428605e-33 1.94004913640292e-29 2.754497529759944e-26 6.870202426553123e-26
1.3509231084026028e-06 5.94048279001655e-45 1.2319969261415475e-44 1.0856440965273454e-40 2.5599444803996705e-37 2.203105817931347e-33 2.1274160769964074e-29 3.0205249244559146e-26 7.533721703713302e-26
1.38242201287781e-06 5.971626044630875e-45 1.2451150720086951e-44 1.1847406165138758e-40 2.7893323928868813e-37 2.4157038075796856e-33 2.3328787069418513e-29 3.3122450551211087e-26 8.261323201935068e-26
1.4146553640265304e-06 6.003096886881487e-45 1.258501726286474e-44 1.2927339625860484e-40 3.040036763294669e-37 2.648826039508851e-33 2.55818469151927e-29 3.632139308010042e-26 9.059195936898093e-26
1.447640286632156e-06 6.034900484809056e-45 1.2721646928348997e-44 1.4103850115451314e-40 3.314077267642949e-37 2.90445433793009e-33 2.8052504840458636e-29 3.9829287198070783e-26 9.934126654796627e-26
1.4813943047694329e-06 6.067042113996152e-45 1.2861120607614673e-44 1.5385129889543916e-40 3.6136667807892857e-37 3.184761911846742e-33 3.0761776274918316e-29 4.367597123171664e-26 1.089355756141912e-25
1.5159353511145682e-06 6.099527161639399e-45 1.300352216781178e-44 1.6779989199294652e-40 3.9412299478609055e-37 3.492131837710022e-33 3.3732706300309975e-29 4.78941652700614e-26 1.194564962502072e-25
1.5512817764724183e-06 6.132361127646956e-45 1.3148938581745578e-44 1.82978914855926e-40 4.299423545537947e-37 3.829177327327462e-33 3.6990565672419826e-29 5.251974948276663e-26 1.3099351993802502e-25
1.587452359525819e-06 6.165549629782018e-45 1.3297460064074358e-44 1.9948989121211027e-40 4.691158805763962e-37 4.198763953495536e-33 4.056306577773032e-29 5.759206932233976e-26 1.4364478118734945e-25
1.6244663168122348e-06 6.199098404647786e-45 1.344918021413024e-44 2.1744159561576513e-40 5.11962589153906e-37 4.604034022543394e-33 4.44805943544765e-29 6.315427020830655e-26 1.575178922970437e-25
1.6623433129330315e-06 6.23301331250241e-45 1.3604196166332719e-44 2.369504176490675e-40 5.588320728160059e-37 5.048433297588717e-33 4.877647394931193e-29 6.925366449212482e-26 1.727308586304666e-25
1.7011034710007933e-06 6.267300339703025e-45 1.3762608747764482e-44 2.5814072768957814e-40 6.101074427483478e-37 5.53574030844124e-33 5.348724539139296e-29 7.594213394262203e-26 1.8941308248527334e-25
1.740767383330235e-06 6.301965601748509e-45 1.392452264421587e-44 2.8114524321107166e-40 6.662085540460583e-37 6.070098484747509e-33 5.865297857234387e-29 8.327657100119156e-26 2.077064636618447e-25
1.7813561223783898e-06 6.337015347203541e-45 1.4090046574542526e-44 3.06105395154989e-40 7.275955429443687e-37 6.656051401886235e-33 6.431761333203854e-29 9.131936278218241e-26 2.2776660664578144e-25
1.8228912519398869e-06 6.372455961918147e-45 1.425929347406527e-44 3.3317169430731237e-40 7.94772703992784e-37 7.29858142054687e-33 7.052933316750438e-29 1.0013892167660335e-25 2.497641440273019e-25
1.8653948386032614e-06 6.408293970852909e-45 1.443238068765541e-44 3.6250409843087006e-40 8.682927417541705e-37 8.003152064346045e-33 7.734097509539769e-29 1.0981026728781616e-25 2.7388618795168854e-25
1.908889463474389e-06 6.444536044170575e-45 1.4609430172670742e-44 3.942723819319849e-40 9.487614326359384e-37 8.775754491112728e-33 8.481047910767019e-29 1.2041566458290176e-25 3.0033792178155836e-25
