results/limits/GDM_f_9_phase.dat
# %ECSV 1.0
# ---
# datatype:
# - {name: mx, unit: MeV, datatype: float64}
# - {name: sigma_9, unit: cm2, datatype: float64}
# schema: astropy-2.0
mx sigma_9
[from data line 358]
0.0012122259692915415 2.9985649662448924e-29
0.0012404909310584848 2.998565312647103e-29
0.0012694149350204683 2.9985655569443745e-29
0.0012990133477864558 2.998565889039258e-29
0.0013293018942621524 2.998566196231644e-29
0.001360296666004259 2.9985662938895086e-29
0.001392014129769518 2.998566526592266e-29
0.0014244711362630968 2.9985667853696314e-29
0.0014576849290909482 2.9985669586810674e-29
0.0014916731539209149 2.998567326276204e-29
0.0015264538678574353 2.9985674933439495e-29
0.0015620455490348386 2.998567560396734e-29
0.0015984671064343198 2.9985679601089486e-29
0.0016357378899298156 2.9985680409467433e-29
0.0016738777005681136 2.998568300981549e-29
0.0017129068010886602 2.9985683923793313e-29
0.0017528459266886532 2.9985685017696405e-29
0.00179371629603914 2.9985687458773935e-29
0.0018355396225579732 2.9985688066285455e-29
0.0018783381259456144 2.99856898637611e-29
0.0019221345439899109 2.998569046418634e-29
0.001966952144646121 2.998569258039158e-29
0.0020128147383986056 2.998569307982536e-29
0.002059746690910748 2.99856936380221e-29
0.0021077729359698315 2.9985695399692144e-29
0.0021569189887337423 2.9985695560675643e-29
0.002207210959286545 2.998569677799464e-29
0.0022586755665101248 2.99856986919499e-29
0.0023113401522792685 2.9985700010891796e-29
0.0023652326959877285 2.998569983062809e-29
0.0024203818294129824 2.998570141515345e-29
0.0024768168519275916 2.998570137902945e-29
0.002534567746065232 2.998570140996131e-29
0.0025936651934496745 2.998570569482807e-29
0.0026541405910951734 2.9985703725470205e-29
0.0027160260680869266 2.998570327978833e-29
0.0027793545026504624 2.9985706904469786e-29
0.002844159539619031 2.99857053119549e-29
0.0029104756083082714 2.9985707088471966e-29
0.0029783379408076585 2.9985706592817924e-29
0.0030477825906984404 2.998570799711191e-29
0.0031188464522080173 2.998570724478991e-29
0.0031915672798109355 2.9985707424833e-29
0.0032659837082868936 2.998570839825817e-29
0.003342135273246469 2.99857107665357e-29
0.0034200624321353945 2.998571115144376e-29
0.0034998065857286074 2.998570858995994e-29
0.0035814101001254554 2.998570820482432e-29
0.003664916329257761 2.9985712766431195e-29
0.0037503696379226933 2.998571279000213e-29
0.0038378154253526898 2.998570945408147e-29
0.003927300149334948 2.9985712598100845e-29
0.004018871350893299 2.998571495029247e-29
0.00411257767954558 2.9985709110967077e-29
0.004208468919149921 2.998571149989795e-29
0.004306596014353682 2.9985711262490667e-29
0.004407011097659079 2.9985714441848924e-29
0.004509767517119906 2.9985714780235654e-29
0.004614919864684026 2.9985717201165197e-29
0.004722524005196735 2.99857152038234e-29
0.004832637106080367 2.9985717327565754e-29
0.004945317667705937 2.998571959792712e-29
0.005060625554472947 2.9985714816959696e-29
0.005178622026613854 2.9985714777756684e-29
0.005299369772740128 2.9985719372977184e-29
0.005422932943147155 2.9985719488816805e-29
0.0055493771838957115 2.9985717144097317e-29
0.00567876967168809 2.9985717152577734e-29
0.005811179149557424 2.998570960174427e-29
0.0059466759633891655 2.998571650616515e-29
0.006085332099294114 2.998571372773273e-29
0.006227221221852859 2.9985715304474436e-29
0.006372418713251954 2.9985718543378976e-29
0.006521001713332612 2.9985719129054063e-29
0.006673049160573193 2.9985717153613243e-29
0.006828641834027273 2.9985713501427704e-29
0.006987862396239558 2.998571944967965e-29
0.00715079543716245 2.998571293055148e-29
0.007317527519096606 2.998571414341952e-29
0.007488147222679345 2.9985715874127945e-29
0.007662745193945353 2.998571481478739e-29
0.007841414192484688 2.998572174253444e-29
0.008024249140723652 2.9985715803342255e-29
0.008211347174354735 2.9985717850834535e-29
0.008402807693942412 2.9985719552438435e-29
0.008598732417732204 2.998571618313029e-29
0.008799225435691074 2.998571285135309e-29
0.009004393264807849 2.9985715386865657e-29
0.009214344905683071 2.998571793557191e-29
0.009429191900438323 2.9985717964301915e-29
0.009649048391975805 2.9985711198526555e-29
0.009874031184619632 2.998572105684961e-29
0.010104259806171096 2.998571408528747e-29
0.01033985657141083 2.9985716498229797e-29
0.010580946647081629 2.9985721600264083e-29
0.010827658118386449 2.998571476262638e-29
0.011080122057036918 2.998572865551173e-29
0.011338472590888495 2.9985714773470656e-29
0.01160284697519928 2.9985720011137983e-29
0.01187338566555036 2.998572434149881e-29
0.012150232392466372 2.998571858114544e-29
0.012433534237775993 2.998572134699417e-29
0.01272344171275288 2.998572115249139e-29
0.013020108838078586 2.998570950765521e-29
0.013323693225669961 2.998571373021634e-29
0.013634356162414448 2.998571924323818e-29
0.013952262695857842 2.9985705337121046e-29
0.014277581721889965 2.998571757253822e-29
0.014610486074474885 2.9985720022823955e-29
0.014951152617473332 2.998570443339689e-29
0.015299762338606094 2.998572122725815e-29
0.015656500445608335 2.9985713366709285e-29
0.016021556464625875 2.9985705126538e-29
0.016395124340905766 2.9985715225242e-29
0.016777402541834602 2.998571900015348e-29
0.017168594162379338 2.9985733022350486e-29
0.01756890703298664 2.9985708373537106e-29
0.017978553829998065 2.9985721538193635e-29
0.01839775218863974 2.998571801997134e-29
0.01882672481864659 2.9985731761667054e-29
0.01926569962258253 2.99857143983258e-29
0.019714909816919448 2.998573521288364e-29
0.020174594055939365 2.9985727507819457e-29
0.02064499655852557 2.998571487893778e-29
0.021126367237910063 2.998571285725292e-29
0.021618961834446313 2.9985721676764016e-29
0.02212304205147776 2.9985699749035944e-29
0.022638875694374342 2.9985707839402164e-29
0.0231667368128109 2.998570308145491e-29
0.02370690584636297 2.9985707732262415e-29
0.024259669773497434 2.998571149943976e-29
0.024825322264037063 2.99857211770769e-29
0.025404163835180054 2.998572427856251e-29
0.025996502011157406 2.998571732401499e-29
0.026602651486612925 2.9985724908642283e-29
0.027222934293792744 2.9985706886816334e-29
0.027857679973633073 2.998570424808247e-29
0.02850722575083718 2.9985729685560097e-29
0.02917191671303455 2.998571533582679e-29
0.029852105994117403 2.998572030257895e-29
0.030548154961852016 2.998570880853962e-29
0.031260433409864494 2.9985719469101864e-29
0.031989319754103004 2.9985727384160203e-29
0.0327352012338808 2.998571279215081e-29
0.03349847411760691 2.99857192627487e-29
0.034279543913313774 2.9985731790706694e-29
0.03507882558409363 2.998571268402834e-29
0.03589674376855814 2.9985716777638307e-29
0.03673373300643846 2.998571414267626e-29
0.037590237969445384 2.998573109036537e-29
0.038466713697512506 2.998575256748201e-29
0.03936362584054766 2.998574847872315e-29
0.04028145090582124 2.998570653960551e-29
0.04122067651112274 2.998571934963662e-29
0.04218180164382002 2.998572484797387e-29
0.043165336925959 2.998572288670408e-29
0.044171804885544536 2.998571624967403e-29
0.04520174023414663 2.9985741857062123e-29
0.046255690150979495 2.998571536228079e-29
0.047334214573604344 2.998569125883631e-29
0.048437886495410414 2.9985700419170036e-29
0.04956729227003216 2.9985720314158703e-29
0.05072303192286451 2.9985762905433173e-29
0.051905719469841495 2.998569495062323e-29
0.05311598324364777 2.998567904055619e-29
0.05435446622753626 2.998570638859577e-29
0.05562182639692926 2.9985753824705637e-29
0.056918737068984544 2.9985740580505264e-29
0.058245887260312136 2.9985719013413684e-29
0.05960398205303182 2.998569137304365e-29
0.06099374296936585 2.998575759239748e-29
0.06241590835496589 2.9985722013789777e-29
0.06387123377117784 2.9985692593726253e-29
0.06536049239645289 2.998573894352764e-29
0.06688447543711816 2.9985706398034394e-29
0.06844399254772507 2.998568666715452e-29
0.0700398722611988 2.9985757104887587e-29
0.0716729624290174 2.9985699025784166e-29
0.07334413067165428 2.998574531248941e-29
0.07505426483952363 2.998575374181278e-29
0.07680427348467332 2.998566203262249e-29
0.07859508634347626 2.9985685231480416e-29
0.08042765483057629 2.998572630565266e-29
0.08230295254435131 2.9985662473259923e-29
0.08422197578416211 2.99857327803663e-29
0.08618574407966152 2.9985758600552057e-29
0.08819530073244539 2.998570243129259e-29
0.09025171337033296 2.998564103088756e-29
0.09235607451457113 2.99857511875094e-29
0.09450950216026408 2.998576371335774e-29
0.09671314037033632 2.9985701512668837e-29
0.09896815988334524 2.998570425068797e-29
0.10127575873546546 2.998574713668177e-29
0.10363716289697593 2.998582151935853e-29
0.10605362692358762 2.9985717592550935e-29
0.10852643462295801 2.9985621217390313e-29
0.11105689973674641 2.9985754866632097e-29
0.11364636663857243 2.998571531074262e-29
0.11629621104824843 2.9985807517028173e-29
0.1190078407626656 2.9985661533113005e-29
0.12178269640372161 2.998574190341121e-29
0.12462225218368743 2.9985714817679436e-29
0.1275280166884199 2.998563217935494e-29
0.13050153367883624 2.998577106105874e-29
0.1335443829110759 2.9985791192737314e-29
0.13665818097578622 2.998570265191231e-29
0.13984458215697693 2.998575556266787e-29
0.14310527931090045 2.998568602193275e-29
0.14644200476542463 2.998574255697464e-29
0.14985653124037576 2.9985704483440896e-29
0.15335067278934078 2.998571173708992e-29
0.1569262857634292 2.9985758231844726e-29
0.1605852697975066 2.9985836875030425e-29
0.16432956881942368 2.9985782079837854e-29
0.16816117208277714 2.998571144665677e-29
0.172082115223751 2.998570135430334e-29
0.1760944813425998 2.998571404734187e-29
0.1802004021103484 2.9985671924662533e-29
0.18440205890129596 2.998570385262699e-29
0.18870168395192646 2.998570762282806e-29
0.1931015615468407 2.9985744632414435e-29
0.1976040292323402 2.998570235215101e-29
0.20221147905830805 2.9985674164537145e-29
0.20692635884904578 2.9985583989561944e-29
0.21175117350374192 2.9985613905408385e-29
0.2166884863272632 2.9985769801556363e-29
0.22174092039197504 2.9985684189481526e-29
0.22691115993131514 2.998580233328562e-29
0.23220195176586036 2.998568641150428e-29
0.2376161067626448 2.998576803671823e-29
0.24315650132850383 2.9985721634220493e-29
0.24882607893823822 2.998570758072992e-29
0.25462785169840935 2.998569072218705e-29
0.2605649019475973 2.9985773440476163e-29
0.26664038389397104 2.998565520612063e-29
0.27285752529104135 2.998574707111382e-29
0.2792196291524867 2.998571132662681e-29
0.2857300755069626 2.99857207514914e-29
0.2923923231938275 2.998567200558544e-29
0.2992099117007387 2.9985483258608477e-29
0.3061864630440946 2.9985807796497713e-29
0.31332568369332287 2.998594998834718e-29
0.32063136654003577 2.99857477377542e-29
0.3281073929131 2.998560843376076e-29
0.3357577346406907 2.998550126751939e-29
0.343586456160426 2.9985855921270667e-29
0.3515977166787018 2.9985609632356037e-29
0.359795772380376 2.9985627339225835e-29
0.368184978689974 2.998565686522242e-29
0.3767697925856183 2.998576026805885e-29
0.38555477496691104 2.998576735907972e-29
0.394544593078027 2.998601452562675e-29
0.4037440229873054 2.9985789006501845e-29
0.4131579521246571 2.9985922723570376e-29
0.42279138187813525 2.998552402595382e-29
0.43264943025104924 2.998569389489584e-29
0.4427373345810337 2.998563397816502e-29
0.4530604543225162 2.998551083972288e-29
0.4636242738940635 2.998586926329512e-29
0.47443440559211736 2.9985632233935245e-29
0.48549659257266914 2.998534636886749e-29
0.4968167119024568 2.9985761551987314e-29
0.5084007776813051 2.998568217550666e-29
0.5202549442372687 2.998593306401228e-29
0.5323855093962742 2.998596000249446e-29
0.5447989178279997 2.998568712328883e-29
0.557501764469769 2.9985522290295137e-29
0.5705007980302781 2.99858620923977e-29
0.5838029245750183 2.998570762468256e-29
0.5974152111952977 2.998563053939242e-29
0.6113448897628128 2.998595742818377e-29
0.6255993607717623 2.9985647220177606e-29
0.6401861972705483 2.9985653790334027e-29
0.6551131488851486 2.9985386361434e-29
0.6703881459363026 2.998584762158322e-29
0.686019303652694 2.998607273424641e-29
0.7020149264823721 2.9986196385034625e-29
0.7183835125046995 2.998571685948966e-29
0.7351337579451718 2.998519396248984e-29
0.7522745617955077 2.998567455343724e-29
0.7698150305414633 2.998593642349128e-29
0.7877644830008832 2.998536097126728e-29
0.8061324552745581 2.9986225625257455e-29
0.8249287058125218 2.998494872728261e-29
0.8441632205984669 2.9985540711368703e-29
0.8638462184550629 2.9985937409584233e-29
0.8839881564729563 2.9985931856302895e-29
0.9045997355663667 2.998568206520499e-29
0.9256919061582187 2.99859315486103e-29
0.9472758739978306 2.9985450973673894e-29
0.9693631061142522 2.9985786314057906e-29
0.9919653369084147 2.9985605048776477e-29
1.0150945743873274 2.998602105556941e-29
1.0387631065436362 2.998540747313925e-29
1.0629835078839296 2.9986411601036536e-29
1.0877686461092637 2.998570355178974e-29
1.1131316889514546 2.9985383486976444e-29
1.1390861111687691 2.9986264450828043e-29
1.16564570170473 2.9985453675730887e-29
1.1928245710138414 2.998559433020888e-29
1.2206371585581264 2.998591270974632e-29
1.2490982404784545 2.9986196141314126e-29
1.2782229374447416 2.9986476931368943e-29
1.3080267226891875 2.9985779930855844e-29
1.3385254302268237 2.998503526715391e-29
1.369735263267732 2.9985598125370616e-29
1.4016728028254128 2.998572101993327e-29
1.4343550165258654 2.998616388032262e-29
1.4677992676220706 2.9986584204624195e-29
1.5020233242186567 2.998676764215904e-29
1.5370453687116559 2.9985638727157146e-29
1.5728840074483612 2.9985979531211695e-29
1.6095582806124205 2.998667583905589e-29
1.6470876723394143 2.9986362236467524e-29
1.6854921210682972 2.998453327570859e-29
1.7247920301341966 2.99842975038684e-29
1.7650082786082029 2.998531992188802e-29
1.8061622323899016 2.99865615846205e-29
1.848275755558551 2.9985041285328307e-29
1.8913712219889245 2.998473739631875e-29
1.935471527238 2.9984954320981825e-29
1.9806001007088037 2.998552667299412e-29
2.0267809180978715 2.998517011769183e-29
2.0740385141329463 2.9985516486990557e-29
2.1223979956076717 2.998546802140716e-29
2.171885054720213 2.998505712674946e-29
2.222525982722885 2.998564971200723e-29
2.274347683890048 2.9985476473259303e-29
2.327377689811681 2.9986736594619014e-29
2.3816441740202396 2.998441331763636e-29
2.437175966958554 2.9985452378787254e-29
2.4940025712967335 2.998587928754156e-29
2.552154177606206 2.998584513290243e-29
2.611661680399223 2.9985515191235275e-29
2.6725566945423505 2.998565179813307e-29
2.7348715720526675 2.998598943055511e-29
2.7986394192855935 2.998650260132134e-29
2.863894114523477 2.9986599877384176e-29
2.9306703259742912 2.99866174916406e-29
2.999003530189995 2.9988139165131677e-29
3.068930030914351 2.9986713867200625e-29
3.1404869783702067 2.9985872655843135e-29
3.21371238899649 2.9984154326210863e-29
3.2886451656454048 2.9986568714706564e-29
3.3653251182505572 2.9985503514528323e-29
3.443792984976987 2.9986343545369534e-29
3.5240904538643507 2.998633223269366e-29
3.6062601849747473 2.998430020571276e-29
3.6903458330569543 2.998623541022771e-29
3.77639207073912 2.998454688793384e-29
3.8644446122622242 2.998700232837957e-29
3.9545502377669295 2.998648144111912e-29
4.046756818146711 2.998586406097488e-29
4.141113340480481 2.9985357036464533e-29
4.237669934058216 2.998672794358786e-29
4.336477897013409 2.9982653992187896e-29
4.437589723576497 2.9983536875935854e-29
4.541059131963759 2.998739776528379e-29
4.646941092916466 2.99868876492657e-29
4.755291858905486 2.998482581001851e-29
4.866168994016832 2.998617548285096e-29
4.979631404534034 2.9984181169187064e-29
5.0957393702336 2.99895700130487e-29
5.214554576410165 2.9989710975404885e-29
5.336140146648369 2.9985235383636507e-29
5.4605606763588606 2.998469523746656e-29
5.587882267096237 2.998225827850194e-29
5.718172561677172 2.9987968921141293e-29
5.851500780117376 2.9987339314146914e-29
5.987937756406471 2.998727328039932e-29
6.127555976140354 2.998761984259607e-29
6.270429615030991 2.9984029269814534e-29
6.416634578314149 2.998885494692536e-29
6.566248541075969 2.998606817715334e-29
6.719350989519823 2.9984189032493865e-29
6.87602326319537 2.9987546962823383e-29
7.036348598212252 2.9984946353696975e-29
7.200412171461376 2.998674809016659e-29
