results/limits/GDM_f_6.dat
# %ECSV 1.0
# ---
# datatype:
# - {name: mx, unit: MeV, datatype: float64}
# - {name: sigma_6, unit: cm2, datatype: float64}
# schema: astropy-2.0
mx sigma_6
3.162277660168379e-07 1.0228615354187217e-39
3.2360111549336787e-07 1.0838305267954081e-39
3.311463862505236e-07 1.1488790112684447e-39
3.388675869043115e-07 1.2182923878037932e-39
3.4676881953794695e-07 1.2923763328283853e-39
3.548542818811901e-07 1.371458248337764e-39
3.6312826954049566e-07 1.4558888135935528e-39
3.715951782811629e-07 1.546043647826104e-39
3.8025950636269697e-07 1.6423250918865242e-39
3.89125856928623e-07 1.7451641173631157e-39
3.9819894045202297e-07 1.8550223722849815e-39
4.0748357723809307e-07 1.972394373189053e-39
4.169846999850535e-07 2.097809854028897e-39
4.2670735640476865e-07 2.2318362831482624e-39
4.3665671190447213e-07 2.3750815603534705e-39
4.4683805233101997e-07 2.5281969069717208e-39
4.572567867791303e-07 2.69187996271549e-39
4.6791845046510194e-07 2.8668781041479783e-39
4.788287076675383e-07 3.053992000619791e-39
4.899933547366384e-07 3.254079424674988e-39
5.014183231736547e-07 3.468059335129112e-39
5.131096827821533e-07 3.69691625236332e-39
5.250736448927506e-07 3.941704946730516e-39
5.373165656630395e-07 4.2035554624933944e-39
5.4984494945446e-07 4.4836785013137994e-39
5.626654522879044e-07 4.783371191022905e-39
5.757848853798981e-07 5.104023267285934e-39
5.892102187612295e-07 5.447123697698973e-39
6.029485849799565e-07 5.814267779930731e-39
6.17007282890752e-07 6.20716474794957e-39
6.313937815326057e-07 6.627645922638733e-39
6.461157240969403e-07 7.077673445812046e-39
6.611809319882495e-07 7.559349639338936e-39
6.765974089794179e-07 8.074927034155961e-39
6.923733454639272e-07 8.626819117185005e-39
7.085171228072106e-07 9.217611847391927e-39
7.250373177994646e-07 9.850075996238036e-39
7.419427072122865e-07 1.0527180371400815e-38
7.592422724615558e-07 1.1252105987051287e-38
7.769452043790388e-07 1.202826124844558e-38
7.950609080952509e-07 1.2859298223434614e-38
8.135990080361694e-07 1.3749130078721723e-38
8.325693530364543e-07 1.4701949764215651e-38
8.519820215718901e-07 1.572225003487641e-38
8.718473271138315e-07 1.6814844905748075e-38
8.921758236084957e-07 1.7984892642846818e-38
9.12978311084014e-07 1.9237920399777815e-38
9.342658413882192e-07 2.0579850617964863e-38
9.560497240602198e-07 2.2017029316714488e-38
9.78341532338879e-07 2.35562564083481e-38
1.0011531093113902e-06 2.5204818183623454e-38
1.0244965742052174e-06 2.697052212239474e-38
1.048384328826741e-06 2.886173419640315e-38
1.0728290641500308e-06 3.088741884212074e-38
1.0978437670592484e-06 3.3057181795825945e-38
1.1234417272482566e-06 3.538131599378924e-38
1.149636544281106e-06 3.7870850759860015e-38
1.1764421348171486e-06 4.0537604512882033e-38
1.2038727400046132e-06 4.3394241248063896e-38
1.2319429330465773e-06 4.645433106140945e-38
1.2606676269433496e-06 4.973241500692245e-38
1.2900620824153782e-06 5.324407459673098e-38
1.3201419160108953e-06 5.700600627704576e-38
1.3509231084026028e-06 6.103610123468453e-38
1.38242201287781e-06 6.535353091774655e-38
1.4146553640265304e-06 6.997883867794667e-38
1.447640286632156e-06 7.493403797390016e-38
1.4813943047694329e-06 8.024271760381763e-38
1.5159353511145682e-06 8.59301544728469e-38
1.5512817764724183e-06 9.202343443185894e-38
1.587452359525819e-06 9.855158176792082e-38
1.6244663168122348e-06 1.0554569796418182e-37
1.6623433129330315e-06 1.1303911039353844e-37
1.7011034710007933e-06 1.2106753165717295e-37
1.740767383330235e-06 1.2966923032983596e-37
1.7813561223783898e-06 1.3888521392803668e-37
1.8228912519398869e-06 1.487594249771526e-37
1.8653948386032614e-06 1.5933895111478954e-37
1.908889463474389e-06 1.7067425023466907e-37
1.9533982341732686e-06 1.8281939174793252e-37
1.9989447971105317e-06 1.958323151171088e-37
2.045553350050195e-06 2.0977510689603356e-37
2.0932486549653353e-06 2.247142976046079e-37
2.1420560511935146e-06 2.4072117985525274e-37
2.192001468898943e-06 2.5787214925317343e-37
2.2431114428485372e-06 2.7624906970042635e-37
2.2954131265091837e-06 2.95939664853295e-37
2.3489343064737076e-06 3.1703793760166265e-37
2.403703417223201e-06 3.396446195761197e-37
2.4597495562335635e-06 3.63867652838368e-37
2.5171024994342686e-06 3.89822706047634e-37
2.575792717027583e-06 4.176337275887409e-37
2.635851389676631e-06 4.474335382822494e-37
2.6973104250709106e-06 4.793644665383506e-37
2.760202474878063e-06 5.135790289686322e-37
2.8245609520908932e-06 5.502406597270338e-37
2.8904200487788716e-06 5.895244920577244e-37
2.9578147542535346e-06 6.316181957877506e-37
3.026780873657441e-06 6.7672287478052755e-37
3.097355046986562e-06 7.250540286243258e-37
3.1695747685562034e-06 7.768425831663655e-37
3.2434784069208122e-06 8.323359948156167e-37
3.319105225258239e-06 8.917994338959422e-37
3.3964954022292982e-06 9.555170527104786e-37
3.4756900533236943e-06 1.0237933443734685e-36
3.5567312527036693e-06 1.09695459891065e-36
3.6396620555569646e-06 1.1753504635921107e-36
3.7245265209709786e-06 1.2593556149570542e-36
3.811369735340273e-06 1.3493715505233813e-36
3.900237836319859e-06 1.4458285087446313e-36
3.991178037336996e-06 1.5491875263985594e-36
4.0842386526745176e-06 1.6599426432433698e-36
4.179469123139017e-06 1.778623264488534e-36
4.2769200423275275e-06 1.9057966923430215e-36
4.376643183506652e-06 2.042070838796611e-36
4.478691527118417e-06 2.18809713254061e-36
4.583119288927478e-06 2.3445736339799794e-36
4.689981948824612e-06 2.512248373186223e-36
4.799336280301815e-06 2.691922926761023e-36
4.911240380614659e-06 2.8844562507356897e-36
5.0257537016479225e-06 3.090768787742078e-36
5.142937081500915e-06 3.311846868217608e-36
5.262852776809252e-06 3.548747426518358e-36
5.385564495820272e-06 3.802603054652459e-36
5.511137432239651e-06 4.074627417610864e-36
5.639638299867211e-06 4.366121056339598e-36
5.771135368040315e-06 4.678477605936478e-36
5.905698497903673e-06 5.0131904588990266e-36
6.043399179524854e-06 5.371859905200008e-36
6.184310569875183e-06 5.7562007833020273e-36
6.32850753169624e-06 6.168050678693162e-36
6.47606667327258e-06 6.609378709155642e-36
6.627066389131828e-06 7.082294938548328e-36
6.781586901693754e-06 7.58906046435224e-36
6.939710303890459e-06 8.132098226900173e-36
7.101520602780329e-06 8.714004592078513e-36
7.267103764178904e-06 9.3375617627957e-36
7.436547758330399e-06 1.0005751078428152e-35
7.609942606644117e-06 1.0721767265726205e-35
7.787380429520604e-06 1.1489033709216758e-35
7.968955495292936e-06 1.2311218814725275e-35
8.15476427030917e-06 1.319225354233572e-35
8.344905470182516e-06 1.4136350194684688e-35
8.539480112236516e-06 1.5148022548439641e-35
8.738591569173047e-06 1.6232107426600424e-35
8.942345623991688e-06 1.7393787813040118e-35
9.150850526189614e-06 1.8638617620709355e-35
9.364217049271877e-06 1.997254823135487e-35
9.58255854960264e-06 2.140195693301791e-35
9.805991026628606e-06 2.2933677391451564e-35
1.0034633184506672e-05 2.4575032300464566e-35
1.0268606495168497e-05 2.6333868367069303e-35
1.0508035262855554e-05 2.8218593798083787e-35
1.07530466901589e-05 3.0238218466904054e-35
1.1003770945598772e-05 3.2402396952167e-35
1.1260341232779899e-05 3.472147465305419e-35
1.1522893861159297e-05 3.7206537201186467e-35
1.1791568318464117e-05 3.9869463404312966e-35
1.206650734479802e-05 4.272298197416554e-35
1.2347857008475478e-05 4.578073230851368e-35
1.263576678362426e-05 4.905732961782862e-35
1.293038962959737e-05 5.256843470269426e-35
1.3231882072236462e-05 5.633082872071464e-35
1.3540404287030327e-05 6.036249329218015e-35
1.3856120184212054e-05 6.468269632973791e-35
1.4179197495840522e-05 6.931208399645559e-35
1.4509807864912299e-05 7.427277923538078e-35
1.484812693655133e-05 7.958848733111863e-35
1.5194334451324849e-05 8.528460901220676e-35
1.5548614340735104e-05 9.138836162641373e-35
1.5911154824937624e-05 9.792890896707877e-35
1.6282148512737936e-05 1.0493750036613915e-34
1.6661792503919872e-05 1.124476197123693e-34
1.7050288493959805e-05 1.204951451048385e-34
1.7447842881182494e-05 1.291185198940887e-34
1.785466687641539e-05 1.383589359248923e-34
1.8270976615199758e-05 1.482605298516866e-34
1.869699327261814e-05 1.5887059344463118e-34
1.91329431807992e-05 1.7023979889592708e-34
1.957905794916243e-05 1.8242244018217528e-34
2.003557458746648e-05 1.954766916261687e-34
2.0502735631726606e-05 2.0946488489499466e-34
2.0980789273068064e-05 2.244538056910216e-34
2.1469989489583918e-05 2.405150116343674e-34
2.1970596181267336e-05 2.577251727028426e-34
2.2482875308090033e-05 2.7616643596946205e-34
2.3007099031300245e-05 2.9592681626264526e-34
2.354354585801526e-05 3.171006146110291e-34
2.4092500789185385e-05 3.397888664709987e-34
2.4654255471007912e-05 3.6409982179755505e-34
2.5229108349871537e-05 3.901494592549353e-34
2.5817364830913554e-05 4.180620369409326e-34
2.641933744027406e-05 4.479706822395805e-34
2.7035345991133382e-05 4.800180235413868e-34
2.7665717753620915e-05 5.1435686679413975e-34
2.8310787628685666e-05 5.511509200575506e-34
2.8970898326020842e-05 5.905755693997026e-34
2.964640054613707e-05 6.328187098433527e-34
3.033765316668089e-05 6.780816350999596e-34
3.104502343309761e-05 7.265799903690319e-34
3.176888715373972e-05 7.78544792510938e-34
3.25096288995246e-05 8.342235224142322e-34
3.326764220824756e-05 8.938812945506912e-34
3.4043329793658724e-05 9.578021091528233e-34
3.483710375941493e-05 1.0262901928171445e-33
3.5649385818020195e-05 1.0996714336737306e-33
3.648060751487119e-05 1.1782949177490177e-33
3.73312104575266e-05 1.2625345735149504e-33
3.820164655032238e-05 1.3527909323066636e-33
3.90923782344573e-05 1.4494930125162085e-33
4.0003878733676586e-05 1.553100336188754e-33
4.093663230568398e-05 1.664105087275677e-33
4.1891134499415887e-05 1.7830344212782282e-33
4.2867892418314344e-05 1.910452936779905e-33
4.386742498973848e-05 2.046965320024369e-33
4.489026324065786e-05 2.1932191744577368e-33
4.5936950579773975e-05 2.3499080480181194e-33
4.700804308621986e-05 2.5177746715604185e-33
4.8104109804991236e-05 2.697614423155553e-33
4.922573304926602e-05 2.8902790334514427e-33
5.0373508709772956e-05 3.0966805485562226e-33
5.154804657137365e-05 3.3177955682563356e-33
5.27499706370262e-05 3.5546697778352e-33
5.397991945930254e-05 3.808422793351418e-33
5.5238546479635675e-05 4.080253342303391e-33
5.6526520375476976e-05 4.371444801064748e-33
5.784452541554797e-05 4.683371114022184e-33
5.9193261823375433e-05 5.0175031192112736e-33
6.057344614930286e-05 5.375415307926371e-33
6.198581165117595e-05 5.758793048239858e-33
6.34311086839044e-05 6.169440298715604e-33
6.491010509810695e-05 6.609287851897407e-33
6.642358664805138e-05 7.080402135586448e-33
6.797235740910648e-05 7.584994612343171e-33
6.955724020492732e-05 8.125431812476165e-33
7.117907704460117e-05 8.704246047914917e-33
7.283872956998614e-05 9.3241468427157e-33
7.453707951348025e-05 9.988033133036747e-33
7.627502916646401e-05 1.0699006279591054e-32
7.805350185866558e-05 1.1460383950135351e-32
7.987344244870308e-05 1.2275714921446475e-32
8.173581782606456e-05 1.314879486127117e-32
8.364161742479263e-05 1.4083683149277463e-32
8.559185374914618e-05 1.50847208017599e-32
8.758756291151902e-05 1.6156549568283905e-32
8.96298051829007e-05 1.7304132269181796e-32
9.17196655561724e-05 1.853277444918787e-32
9.385825432253677e-05 1.9848147425999582e-32
9.604670766138824e-05 2.12563128149584e-32
9.828618824393714e-05 2.276374861524356e-32
0.00010057788585090809 2.4377376949135207e-32
0.00010292301800464121 2.610459354247679e-32
0.00010532283061593165 2.79532990548827e-32
0.00010777859864595113 2.993193234691501e-32
0.00011029162678360347 3.2049505801171356e-32
0.00011286325013867351 3.431564279976624e-32
0.00011549483495113791 3.6740617489014016e-32
0.00011818777931701482 3.9335396885977757e-32
0.0001209435139311377 4.21116855614628e-32
0.00012376350284724815 4.508197290212749e-32
0.00012664924425581149 4.8259583148225197e-32
0.00012960227127996844 5.165872831468572e-32
0.00013262415279004548 5.529456414028922e-32
0.00013571649423705693 5.918324914166494e-32
0.0001388809385056415 6.334200699780784e-32
0.00014211916678688624 6.778919231523513e-32
0.00014543289947150178 7.254435991927596e-32
0.0001488238970638237 7.762833784685103e-32
0.00015229396111712465 8.306330409123086e-32
0.00015584493519073535 8.887286728489677e-32
0.00015947870582948208 9.508215137368646e-32
0.00016319720356596128 1.0171788444751795e-31
0.00016700240394618395 1.0880849173891039e-31
0.00017089632857913436 1.1638419295785148e-31
0.000174881046210801 1.2447710395827987e-31
0.00017895867382325032 1.3312134279369813e-31
0.0001831313777593269 1.4235314020450398e-31
0.00018740137487357792 1.5221095452484918e-31
0.00019177093371001327 1.627355909338895e-31
0.000196242375707327 1.739703250321721e-31
0.00020081807643222024 1.8596103062275429e-31
0.00020550046684148122 1.987563114992489e-31
0.0002102920345734925 2.124076370938537e-31
0.0002151953252698519 2.2696948166211006e-31
0.00022021294392780895 2.424994667382341e-31
0.00022534755628423554 2.590585063656854e-31
0.0002306018902318662 2.7671095480046915e-31
0.00023597873726856003 2.955247557638203e-31
0.0002414809539803547 3.1557159315275117e-31
0.0002471114635590999 3.3692704171860427e-31
0.00025287325735547713 3.596707174672833e-31
0.00025876939646823026 3.838864263499645e-31
0.00026480301337045197 4.0966231027017215e-31
0.000270977313573789 4.370909890469562e-31
0.00027729557733145163 4.662696967801659e-31
0.00028376116138093086 4.973004112232471e-31
0.0002903775007273506 5.302899740479535e-31
0.00029714811046840066 5.653502001206939e-31
0.00030407658766182135 6.025979737191489e-31
0.00031116661323643183 6.421553288084577e-31
0.0003184219539477161 6.841495112191338e-31
0.00032584646437900766 7.287130197149804e-31
0.00033344408898933415 7.759836224529055e-31
0.0003412188642090111 8.261043460032216e-31
0.0003491749205840977 8.792234331654425e-31
0.0003573164849708539 9.35494265577205e-31
0.0003656478827813646 9.95075247387623e-31
0.0003741735402815245 1.0581296455693714e-30
0.0003828979869426037 1.1248253825292064e-30
0.000391825857847644 1.1953347764247144e-30
0.000400961896153964 1.269834224533595e-30
0.0004103109556130814 1.3485038246689718e-30
0.0004198780031493915 1.4315269301764532e-30
0.00042966812149897106 1.5190896337278659e-30
0.000439686511909911 1.6113801739890967e-30
0.0004499384969056106 1.7085882630926782e-30
0.00046042952311250296 1.8109043279123605e-30
0.0004711651641537129 1.918518663068488e-30
0.00048215112361018567 2.031620491212711e-30
0.0004933932380508582 2.1503969285373954e-30
0.0005048974801334842 2.275031852122557e-30
0.0005166699617777604 2.405704669441285e-30
0.0005287169374124361 2.5425889882961294e-30
0.0005410448072981404 2.6858511885411785e-30
0.0005536601209276797 2.8356488984585905e-30
0.0005665695805056229 2.992129378832568e-30
0.0005797800445090163 3.1554278185832677e-30
0.0005932985313311235 3.325665552879855e-30
0.000607132223010125 3.5029482084220404e-30
0.0006212884690447563 3.6873637894215646e-30
0.0006357747902989163 3.878980716505899e-30
0.0006505988829973161 4.077845834231049e-30
0.0006657686228142928 4.283982404452127e-30
0.0006812920690579615 4.497388103614936e-30
0.0006971774689519261 4.718033050482311e-30
0.0007134332620168255 4.9458578809143394e-30
0.0007300680845540431 5.1807719020417585e-30
0.0007470907742339592 5.422651348815481e-30
0.0007645103747911887 5.671337773200107e-30
0.0007823361408292924 5.9266365949904134e-30
0.00080057754273752 6.188315844424819e-30
0.0008192442717221943 6.456105125387335e-30
0.0008383462449554094 6.729694831295874e-30
0.0008578936108437789 7.008735639512495e-30
0.0008778967544200344 7.292838312410298e-30
0.000898366302860337 7.58157382765794e-30
0.0009193131311302326 7.874473862440094e-30
0.0009407483677622533 8.17103164490242e-30
0.000962683400768232 8.470703189187695e-30
0.000985129883689471 8.772908922862303e-30
0.0010080997417879817 9.077035703719615e-30
0.0010316051783820807 9.382439235060467e-30
0.0010556586813297128 9.688446856770255e-30
0.0010802730296629402 9.994360707828806e-30
0.001105461300377127 1.0299461232879041e-29
0.0011312368753784248 1.0603011006141713e-29
0.0011576134485932472 1.0904258840630325e-29
0.0011846050332435167 1.1202444141180492e-29
