results/limits/GDM_f_6_phase.dat
# %ECSV 1.0
# ---
# datatype:
# - {name: mx, unit: MeV, datatype: float64}
# - {name: sigma_6, unit: cm2, datatype: float64}
# schema: astropy-2.0
mx sigma_6
3.162277660168379e-07 4.7935110471049734e-24
3.2360111549336787e-07 5.256464873387025e-24
3.311463862505236e-07 5.764130445605428e-24
3.388675869043115e-07 6.320825991839988e-24
3.4676881953794695e-07 6.931286791383327e-24
3.548542818811901e-07 7.600705453369288e-24
3.6312826954049566e-07 8.334776085175343e-24
3.715951782811629e-07 9.13974272715038e-24
3.8025950636269697e-07 1.0022452464158669e-23
3.89125856928623e-07 1.0990413667831113e-23
3.9819894045202297e-07 1.2051859862264967e-23
4.0748357723809307e-07 1.3215819759643639e-23
4.169846999850535e-07 1.4492194058651694e-23
4.2670735640476865e-07 1.5891839659351007e-23
4.3665671190447213e-07 1.7426662013949017e-23
4.4683805233101997e-07 1.910971639381242e-23
4.572567867791303e-07 2.0955318938997496e-23
4.6791845046510194e-07 2.2979168431321387e-23
4.788287076675383e-07 2.5198479828270457e-23
4.899933547366384e-07 2.763213069842667e-23
5.014183231736547e-07 3.0300821787343085e-23
5.131096827821533e-07 3.322725310566964e-23
5.250736448927506e-07 3.643631701147436e-23
5.373165656630395e-07 3.995530995138049e-23
5.4984494945446e-07 4.38141646394801e-23
5.626654522879044e-07 4.8045704667145886e-23
5.757848853798981e-07 5.268592370584427e-23
5.892102187612295e-07 5.777429166665908e-23
6.029485849799565e-07 6.33540904343746e-23
6.17007282890752e-07 6.947278202361017e-23
6.313937815326057e-07 7.618241229547986e-23
6.461157240969403e-07 8.354005365599422e-23
6.611809319882495e-07 9.160829052196124e-23
6.765974089794179e-07 1.0045575166184454e-22
6.923733454639272e-07 1.1015769395919016e-22
7.085171228072106e-07 1.2079664254370884e-22
7.250373177994646e-07 1.3246309275105671e-22
7.419427072122865e-07 1.4525627989414826e-22
7.592422724615558e-07 1.592850233480975e-22
7.769452043790388e-07 1.7466865216616144e-22
7.950609080952509e-07 1.9153802011061803e-22
8.135990080361694e-07 2.1003661868879853e-22
8.325693530364543e-07 2.303217977015141e-22
8.519820215718901e-07 2.525661036658233e-22
8.718473271138315e-07 2.769587474617515e-22
8.921758236084957e-07 3.037072138497658e-22
9.12978311084014e-07 3.3303902623703163e-22
9.342658413882192e-07 3.6520368207941047e-22
9.560497240602198e-07 4.0047477506282344e-22
9.78341532338879e-07 4.391523223254906e-22
1.0011531093113902e-06 4.815653163396137e-22
1.0244965742052174e-06 5.280745234563315e-22
1.048384328826741e-06 5.790755524733409e-22
1.0728290641500308e-06 6.350022196405053e-22
1.0978437670592484e-06 6.963302389746745e-22
1.1234417272482566e-06 7.635812683093731e-22
1.149636544281106e-06 8.373273467841842e-22
1.1764421348171486e-06 9.181957604673027e-22
1.2038727400046132e-06 1.0068743782401172e-21
1.2319429330465773e-06 1.1041175026041566e-21
1.2606676269433496e-06 1.2107522857504e-21
1.2900620824153782e-06 1.3276857655726978e-21
1.3201419160108953e-06 1.45591258056138e-21
1.3509231084026028e-06 1.5965234304796439e-21
1.38242201287781e-06 1.750714353616505e-21
1.4146553640265304e-06 1.9197969004596784e-21
1.447640286632156e-06 2.10520928955989e-21
1.4813943047694329e-06 2.3085286411141184e-21
1.5159353511145682e-06 2.531484391700861e-21
1.5512817764724183e-06 2.7759730047705557e-21
1.587452359525819e-06 3.0440741020733564e-21
1.6244663168122348e-06 3.3380681533359778e-21
1.6623433129330315e-06 3.66045587211252e-21
1.7011034710007933e-06 4.013979489042775e-21
1.740767383330235e-06 4.401646074250076e-21
1.7813561223783898e-06 4.826753118993202e-21
1.8228912519398869e-06 5.292916580484604e-21
1.8653948386032614e-06 5.804101639799261e-21
1.908889463474389e-06 6.364656430989546e-21
1.9533982341732686e-06 6.979349024050059e-21
1.9989447971105317e-06 7.653407982870835e-21
2.045553350050195e-06 8.392566838063927e-21
2.0932486549653353e-06 9.203112853799382e-21
2.1420560511935146e-06 1.0091940513819523e-20
2.192001468898943e-06 1.1066610153967513e-20
2.2431114428485372e-06 1.2135412278614401e-20
2.2954131265091837e-06 1.3307438075256058e-20
2.3489343064737076e-06 1.4592656740823684e-20
2.403703417223201e-06 1.6002000280961558e-20
2.4597495562335635e-06 1.7547456494110592e-20
2.5171024994342686e-06 1.9242170938179636e-20
2.575792717027583e-06 2.110055874123125e-20
2.635851389676631e-06 2.3138427220824576e-20
2.6973104250709106e-06 2.5373110329016132e-20
2.760202474878063e-06 2.78236160983548e-20
2.8245609520908932e-06 3.051078830840787e-20
2.8904200487788716e-06 3.345748379279639e-20
2.9578147542535346e-06 3.668876683704464e-20
3.026780873657441e-06 4.0232122386232794e-20
3.097355046986562e-06 4.4117689801197054e-20
3.1695747685562034e-06 4.837851923268553e-20
3.2434784069208122e-06 5.305085273229983e-20
3.319105225258239e-06 5.817443249861451e-20
3.3964954022292982e-06 6.37928389287246e-20
3.4756900533236943e-06 6.995386128015093e-20
3.5567312527036693e-06 7.670990414225341e-20
3.6396620555569646e-06 8.411843322596309e-20
3.7245265209709786e-06 9.224246402276507e-20
3.811369735340273e-06 1.0115109786802836e-19
3.900237836319859e-06 1.1092010973247343e-19
3.991178037336996e-06 1.2163259256536532e-19
4.0842386526745176e-06 1.333796641499367e-19
4.179469123139017e-06 1.4626124208671494e-19
4.2769200423275275e-06 1.6038689359933798e-19
4.376643183506652e-06 1.7587676743756527e-19
4.478691527118417e-06 1.9286261578895921e-19
4.583119288927478e-06 2.1148891494800737e-19
4.689981948824612e-06 2.319140939454466e-19
4.799336280301815e-06 2.543118820884721e-19
4.911240380614659e-06 2.7887278668951836e-19
5.0257537016479225e-06 3.058057131395188e-19
5.142937081500915e-06 3.3533974177081875e-19
5.262852776809252e-06 3.677260761980509e-19
5.385564495820272e-06 4.0324017977327526e-19
5.511137432239651e-06 4.421841183263948e-19
5.639638299867211e-06 4.848891291360224e-19
5.771135368040315e-06 5.317184383801272e-19
5.905698497903673e-06 5.830703497708463e-19
6.043399179524854e-06 6.393816325107888e-19
6.184310569875183e-06 7.011312354083522e-19
6.32850753169624e-06 7.688443601575357e-19
6.47606667327258e-06 8.430969282494577e-19
6.627066389131828e-06 9.245204789344384e-19
6.781586901693754e-06 1.0138075386214903e-18
6.939710303890459e-06 1.1117175130730753e-18
7.101520602780329e-06 1.2190831418403132e-18
7.267103764178904e-06 1.3368175839804768e-18
7.436547758330399e-06 1.465922179525128e-18
7.609942606644117e-06 1.607494967247064e-18
7.787380429520604e-06 1.7627400230397166e-18
7.968955495292936e-06 1.9329776950152853e-18
8.15476427030917e-06 2.119655835980774e-18
8.344905470182516e-06 2.324362110667601e-18
8.539480112236516e-06 2.5488374989273645e-18
8.738591569173047e-06 2.7949910997068723e-18
8.942345623991688e-06 3.0649163618480205e-18
9.150850526189614e-06 3.3609088870361123e-18
9.364217049271877e-06 3.685485947122031e-18
9.58255854960264e-06 4.041407886792786e-18
9.805991026628606e-06 4.4317015985758216e-18
1.0034633184506672e-05 4.859686247742091e-18
1.0268606495168497e-05 5.329001502857202e-18
1.0508035262855554e-05 5.8436384726944356e-18
1.07530466901589e-05 6.4079736421941225e-18
1.1003770945598772e-05 7.026806076676638e-18
1.1260341232779899e-05 7.70539821479259e-18
1.1522893861159297e-05 8.449520617564064e-18
1.1791568318464117e-05 9.265501014089268e-18
1.206650734479802e-05 1.0160278086223358e-17
1.2347857008475478e-05 1.1141460458657863e-17
1.263576678362426e-05 1.2217391372984852e-17
1.293038962959737e-05 1.3397219591424801e-17
1.3231882072236462e-05 1.469097716477588e-17
1.3540404287030327e-05 1.6109664704339016e-17
1.3856120184212054e-05 1.7665344850551413e-17
1.4179197495840522e-05 1.93712448174521e-17
1.4509807864912299e-05 2.1241868766159092e-17
1.484812693655133e-05 2.3293121091996976e-17
1.5194334451324849e-05 2.5542441498428858e-17
1.5548614340735104e-05 2.800895334171351e-17
1.5911154824937624e-05 3.0713625901477133e-17
1.6282148512737936e-05 3.36794526581423e-17
1.6661792503919872e-05 3.6931646661130375e-17
1.7050288493959805e-05 4.049785463152132e-17
1.7447842881182494e-05 4.440839187247131e-17
1.785466687641539e-05 4.8696499755302216e-17
1.8270976615199758e-05 5.339862798953407e-17
1.869699327261814e-05 5.855474426975481e-17
1.91329431807992e-05 6.420867365633193e-17
1.957905794916243e-05 7.040847076938972e-17
2.003557458746648e-05 7.720682765410271e-17
2.0502735631726606e-05 8.466152139569217e-17
2.0980789273068064e-05 9.283590441648046e-17
2.1469989489583918e-05 1.0179944224474643e-16
2.1970596181267336e-05 1.1162830334828127e-16
2.2482875308090033e-05 1.2240600527264513e-16
2.3007099031300245e-05 1.3422412358062531e-16
2.354354585801526e-05 1.4718306902740565e-16
2.4092500789185385e-05 1.613929387657331e-16
2.4654255471007912e-05 1.7697445130559325e-16
2.5229108349871537e-05 1.940599699521797e-16
2.5817364830913554e-05 2.12794625183779e-16
2.641933744027406e-05 2.3333754514369704e-16
2.7035345991133382e-05 2.558632059225781e-16
2.7665717753620915e-05 2.805629093044259e-16
2.8310787628685666e-05 3.076464047822487e-16
2.8970898326020842e-05 3.3734366772655647e-16
2.964640054613707e-05 3.6990684620692504e-16
3.033765316668089e-05 4.0561239867218993e-16
3.104502343309761e-05 4.447634359346474e-16
3.176888715373972e-05 4.87692283814661e-16
3.25096288995246e-05 5.347633023883005e-16
3.326764220824756e-05 5.863759675066293e-16
3.4043329793658724e-05 6.42968248818116e-16
3.483710375941493e-05 7.050203191609885e-16
3.5649385818020195e-05 7.730586147651377e-16
3.648060751487119e-05 8.476602835460475e-16
3.73312104575266e-05 9.29458070446989e-16
3.820164655032238e-05 1.0191456587132178e-15
3.90923782344573e-05 1.1174835295564059e-15
4.0003878733676586e-05 1.2253053965306517e-15
4.093663230568398e-05 1.3435252282052117e-15
4.1891134499415887e-05 1.4731449722613311e-15
4.2867892418314344e-05 1.6152630092335015e-15
4.386742498973848e-05 1.7710834084169397e-15
4.489026324065786e-05 1.941926083247791e-15
4.5936950579773975e-05 2.1292379138979414e-15
4.700804308621986e-05 2.3346049381908035e-15
4.8104109804991236e-05 2.5597656892554456e-15
4.922573304926602e-05 2.8066258507721623e-15
5.0373508709772956e-05 3.0772742410611603e-15
5.154804657137365e-05 3.37400043035764e-15
5.27499706370262e-05 3.699313928315155e-15
5.397991945930254e-05 4.0559652669580415e-15
5.5238546479635675e-05 4.446969108997251e-15
5.6526520375476976e-05 4.87562946538144e-15
5.784452541554797e-05 5.3455674746888885e-15
5.9193261823375433e-05 5.860751628653328e-15
6.057344614930286e-05 6.425531042770454e-15
6.198581165117595e-05 7.0446718134601205e-15
6.34311086839044e-05 7.723396811827746e-15
6.491010509810695e-05 8.467429335898045e-15
6.642358664805138e-05 9.283040771067554e-15
6.797235740910648e-05 1.0177102892325303e-14
6.955724020492732e-05 1.1157145060235404e-14
7.117907704460117e-05 1.2231416840266868e-14
7.283872956998614e-05 1.3408956475211671e-14
7.453707951348025e-05 1.469966599602691e-14
7.627502916646401e-05 1.611439310103031e-14
7.805350185866558e-05 1.7665021217615156e-14
7.987344244870308e-05 1.9364567461365528e-14
8.173581782606456e-05 2.122729019449203e-14
8.364161742479263e-05 2.3268806664328554e-14
8.559185374914618e-05 2.5506221403823412e-14
8.758756291151902e-05 2.7958266969409146e-14
8.96298051829007e-05 3.064545751272828e-14
9.17196655561724e-05 3.35902567531247e-14
9.385825432253677e-05 3.681726183683093e-14
9.604670766138824e-05 4.035340407173642e-14
9.828618824393714e-05 4.4228167855730505e-14
0.00010057788585090809 4.847383105762991e-14
0.00010292301800464121 5.3125726152930944e-14
0.00010532283061593165 5.822252612468626e-14
0.00010777859864595113 6.380655706447507e-14
0.00011029162678360347 6.992413917301028e-14
0.00011286325013867351 7.662595780027074e-14
0.00011549483495113791 8.396746977713352e-14
0.00011818777931701482 9.200934712871807e-14
0.0001209435139311377 1.0081795856963986e-13
0.00012376350284724815 1.1046589766352272e-13
0.00012664924425581149 1.2103255574053608e-13
0.00012960227127996844 1.3260474991111128e-13
0.00013262415279004548 1.4527740050154648e-13
0.00013571649423705693 1.5915427788463434e-13
0.0001388809385056415 1.7434881042008144e-13
0.00014211916678688624 1.9098496026901767e-13
0.00014543289947150178 2.0919818685684203e-13
0.0001488238970638237 2.291364826670062e-13
0.00015229396111712465 2.509615099595813e-13
0.00015584493519073535 2.748498270068754e-13
0.00015947870582948208 3.0099422585344883e-13
0.00016319720356596128 3.2960518463290086e-13
0.00016700240394618395 3.609124428719435e-13
0.00017089632857913436 3.9516669946574233e-13
0.000174881046210801 4.326414783144023e-13
0.00017895867382325032 4.736351250624882e-13
0.0001831313777593269 5.184729792354283e-13
0.00018740137487357792 5.675097272282017e-13
0.00019177093371001327 6.211319373607632e-13
0.000196242375707327 6.79760825388184e-13
0.00020081807643222024 7.438551764640448e-13
0.00020550046684148122 8.139145949090631e-13
0.0002102920345734925 8.904829336113998e-13
0.0002151953252698519 9.7415197681558e-13
0.00022021294392780895 1.0655655027623144e-12
0.00022534755628423554 1.1654235058170516e-12
0.0002306018902318662 1.2744869274430458e-12
0.00023597873726856003 1.3935824303589855e-12
0.0002414809539803547 1.5236078994751581e-12
0.0002471114635590999 1.6655379854935184e-12
0.00025287325735547713 1.8204302744070265e-12
0.00025876939646823026 1.9894316524836983e-12
0.00026480301337045197 2.17378531861795e-12
0.000270977313573789 2.3748381191353033e-12
0.00027729557733145163 2.594048313556e-12
0.00028376116138093086 2.832993909141962e-12
0.0002903775007273506 3.093381403903461e-12
0.00029714811046840066 3.3770550679630575e-12
0.00030407658766182135 3.686006767007127e-12
0.00031116661323643183 4.02238600580109e-12
0.0003184219539477161 4.388511110117245e-12
0.00032584646437900766 4.78688014788771e-12
0.00033344408898933415 5.2201827668999094e-12
0.0003412188642090111 5.6913126742111535e-12
0.0003491749205840977 6.203380020499897e-12
0.0003573164849708539 6.759724597487156e-12
0.0003656478827813646 7.363929246514115e-12
0.0003741735402815245 8.019833820388935e-12
0.0003828979869426037 8.731549088832265e-12
0.000391825857847644 9.503470650475664e-12
0.000400961896153964 1.0340293451261533e-11
0.0004103109556130814 1.1247026693389382e-11
0.0004198780031493915 1.2229005691092298e-11
0.00042966812149897106 1.3291908638652846e-11
0.000439686511909911 1.4441768310676639e-11
0.0004499384969056106 1.568498367635608e-11
0.00046042952311250296 1.7028333961170655e-11
0.0004711651641537129 1.847898838449117e-11
0.00048215112361018567 2.0044514827412673e-11
0.0004933932380508582 2.1732890159867956e-11
0.0005048974801334842 2.3552503158103027e-11
0.0005166699617777604 2.551216118644324e-11
0.0005287169374124361 2.7621090393433827e-11
0.0005410448072981404 2.988893471600826e-11
0.0005536601209276797 3.2325752508553216e-11
0.0005665695805056229 3.494200623878745e-11
0.0005797800445090163 3.7748553877745075e-11
0.0005932985313311235 4.075663112426143e-11
0.000607132223010125 4.397783197724362e-11
0.0006212884690447563 4.7424084084860855e-11
0.0006357747902989163 5.110761699952129e-11
0.0006505988829973161 5.504092754332716e-11
0.0006657686228142928 5.923673996913332e-11
0.0006812920690579615 6.370795511636046e-11
0.0006971774689519261 6.846760195688889e-11
0.0007134332620168255 7.352877325795828e-11
0.0007300680845540431 7.890456309933975e-11
0.0007470907742339592 8.460799383279151e-11
0.0007645103747911887 9.065194783224975e-11
0.0007823361408292924 9.704906598190246e-11
0.00080057754273752 1.0381168210354188e-10
0.0008192442717221943 1.1095171587201402e-10
0.0008383462449554094 1.1848057792545544e-10
0.0008578936108437789 1.264090773671326e-10
0.0008778967544200344 1.3474731279201773e-10
0.000898366302860337 1.435045699382475e-10
0.0009193131311302326 1.526892170587935e-10
0.0009407483677622533 1.6230861533861387e-10
0.000962683400768232 1.7236899900431232e-10
0.000985129883689471 1.8287537895343146e-10
0.0010080997417879817 1.9383146900745226e-10
0.0010316051783820807 2.0523956576109933e-10
0.0010556586813297128 2.171004900165893e-10
0.0010802730296629402 2.2941355882041695e-10
0.001105461300377127 2.4217640764511597e-10
0.0011312368753784248 2.5538505233071073e-10
0.0011576134485932472 2.6903382092203725e-10
0.0011846050332435167 2.831152799614638e-10
