results/limits/GDM_l_phase.dat
# %ECSV 1.0
# ---
# datatype:
# - {name: mx, unit: MeV, datatype: float64}
# - {name: sigma_10, unit: cm2, datatype: float64}
# - {name: sigma_9, unit: cm2, datatype: float64}
# - {name: sigma_7, unit: cm2, datatype: float64}
# - {name: sigma_6, unit: cm2, datatype: float64}
# - {name: sigma_5, unit: cm2, datatype: float64}
# - {name: sigma_4, unit: cm2, datatype: float64}
# - {name: sigma_3, unit: cm2, datatype: float64}
# - {name: sigma_2, unit: cm2, datatype: float64}
# schema: astropy-2.0
mx sigma_10 sigma_9 sigma_7 sigma_6 sigma_5 sigma_4 sigma_3 sigma_2
[from data line 239]
7.805350185866558e-05 9.291282244968246e-40 2.846066462221391e-37 5.160619447140379e-30 5.1358742243537254e-26 5.133899849869219e-22 4.965484513995671e-18 7.05015386382485e-15 1.7584329558334887e-14
7.987344244870308e-05 9.545301814038393e-40 3.102378609885489e-37 5.6577941340323634e-30 5.631880988917714e-26 5.629728143523119e-22 5.445047495734865e-18 7.73105273833573e-15 1.9282611672010313e-14
8.173581782606456e-05 9.810230764296796e-40 3.382369346984229e-37 6.2029273936781844e-30 6.17579114521844e-26 6.173443168479744e-22 5.970926322506107e-18 8.477712332487437e-15 2.1144912640952614e-14
8.364161742479263e-05 1.008666392034182e-39 3.6882340906426955e-37 6.800648296014393e-30 6.772231151902886e-26 6.769669801510364e-22 6.54759415592614e-18 9.29648378436146e-15 2.3187073325837665e-14
8.559185374914618e-05 1.0375234401809662e-39 4.022370551128267e-37 7.456032831546031e-30 7.426274264333608e-26 7.423479564616202e-22 7.17995615103666e-18 1.0194331590135449e-14 2.5426464410818764e-14
8.758756291151902e-05 1.0676616428828652e-39 4.387396932529741e-37 8.174647118499125e-30 8.14348373561218e-26 8.140433811463179e-22 7.87339122604649e-18 1.1178892910100461e-14 2.7882134323213593e-14
8.96298051829007e-05 1.0991528351037183e-39 4.786171652297051e-37 8.962594692343166e-30 8.929960100024088e-26 8.926630994865639e-22 8.633797779247622e-18 1.2258542479002205e-14 3.0574971131365495e-14
9.17196655561724e-05 1.132073592469065e-39 5.221814670606223e-37 9.826568386652163e-30 9.792393047441789e-26 9.788758523680725e-22 9.467643844790485e-18 1.3442463818816565e-14 3.3527880161889473e-14
9.385825432253677e-05 1.1665055860089037e-39 5.6977305385056954e-37 1.0773907298476399e-29 1.073811838171096e-25 1.0734149701971025e-21 1.0382022164008056e-17 1.4740727430778873e-14 3.6765979024410476e-14
9.604670766138824e-05 1.2025359660562758e-39 6.217633275345608e-37 1.1812659194949371e-29 1.1775180420106165e-25 1.1770846107405142e-21 1.1384710517548797e-17 1.6164376456877946e-14 4.031681126646672e-14
9.828618824393714e-05 1.2402577781594086e-39 6.785573168808959e-37 1.295164882383754e-29 1.291240029673008e-25 1.2907665871616717e-21 1.2484237765859444e-17 1.7725520446248036e-14 4.4210580243460277e-14
0.00010057788585090809 1.2797704139058389e-39 7.405965620132547e-37 1.4200553170631856e-29 1.4159451211040264e-25 1.4154278903341098e-21 1.3689956604693888e-17 1.9437438655769804e-14 4.8480406768610286e-14
0.00010292301800464121 1.3211800994195955e-39 8.083622134471724e-37 1.5569983559803754e-29 1.5526940521551477e-25 1.5521288954436029e-21 1.50121229390315e-17 2.1314692747700943e-14 5.316261020075816e-14
0.00010532283061593165 1.3646004257411804e-39 8.823783559136261e-37 1.7071575891518883e-29 1.7026499973642376e-25 1.702032381725769e-21 1.646198312160889e-17 2.337325065373676e-14 5.829701738322271e-14
0.00010777859864595113 1.4101529237058524e-39 9.632155675919447e-37 1.8718089714382153e-29 1.8670884763165735e-25 1.8664134354866834e-21 1.805186973452882e-17 2.5630622568805188e-14 6.392730183635605e-14
0.00011029162678360347 1.457967689141579e-39 1.0514947250368441e-36 2.052351678742816e-29 2.0474082088440766e-25 2.046670301641755e-21 1.9795306544898695e-17 2.8106009970442892e-14 7.010135543820058e-14
0.00011286325013867351 1.5081840609316708e-39 1.1478910597223366e-36 2.2503199786379742e-29 2.2451429847659473e-25 2.244336249456005e-21 2.170712326978368e-17 3.08204685657501e-14 7.687169484298862e-14
0.00011549483495113791 1.5609513587759976e-39 1.253138477025284e-36 2.4673962898412307e-29 2.4619747222477544e-25 2.4610926265007433e-21 2.380358183353994e-17 3.379708755559486e-14 8.429590859774527e-14
0.00011818777931701482 1.6164296849818118e-39 1.3680341439850174e-36 2.705425515038885e-29 2.699747799470557e-25 2.69878318549175e-21 2.6102514936405434e-17 3.706118637873499e-14 9.243714785689482e-14
0.0001209435139311377 1.67479079660503e-39 1.4934433449852486e-36 2.9664306852479303e-29 2.9604846979710323e-25 2.959429722358694e-21 2.862347730526596e-17 4.0640529462498386e-14 1.0136466200840584e-13
0.00012376350284724815 1.7362190549840558e-39 1.6303046176376073e-36 3.252630207186637e-29 3.246403248678832e-25 3.245249316469715e-21 3.138791244039972e-17 4.456556297514982e-14 1.1115438917603019e-13
0.00012664924425581149 1.8009124591495284e-39 1.779635160712381e-36 3.566456692371012e-29 3.559935459812026e-25 3.558673152183452e-21 3.441933465675654e-17 4.886967329392778e-14 1.2188960088426044e-13
0.00012960227127996844 1.86908377181816e-39 1.9425365174401987e-36 3.910577711944044e-29 3.903748270273497e-25 3.902367265252258e-21 3.774352974231852e-17 5.358947190620958e-14 1.336616126521797e-13
0.00013262415279004548 1.940961746420076e-39 2.1202005194847245e-36 4.2879183556740295e-29 4.280766107468538e-25 4.279255093042303e-21 4.1388773062903906e-17 5.876510508169518e-14 1.4657055637061092e-13
0.00013571649423705693 2.0167924647661926e-39 2.3139155003579076e-36 4.701686235762039e-29 4.694195889411002e-25 4.6925424682150664e-21 4.5386071300029437e-17 6.444059709956393e-14 1.6072623637129553e-13
0.0001388809385056415 2.0968407962525783e-39 2.525072757436986e-36 5.155398751303114e-29 5.147554287666459e-25 5.145744872487447e-21 4.976942604816002e-17 7.066422451228976e-14 1.76249062906985e-13
0.00014211916678688624 2.1813919897569888e-39 2.7551732224423913e-36 5.652912880475316e-29 5.644697518135188e-25 5.6427172173827235e-21 5.457612185291086e-17 7.74889251115027e-14 1.9327107218456763e-13
0.00014543289947150178 2.2707534118967165e-39 3.005834389314997e-36 6.198458163188014e-29 6.189854321669862e-25 6.187686813737315e-21 5.984704509076449e-17 8.497275068362105e-14 2.119370556176201e-13
0.0001488238970638237 2.3652564448015893e-39 3.278797379763623e-36 6.796672510406393e-29 6.7876617719475065e-25 6.785289167516867e-21 6.562703018473627e-17 9.317935857793876e-14 2.3240578588408163e-13
0.00015229396111712465 2.4652585598638575e-39 3.5759342241716e-36 7.452641788340725e-29 7.443204857471881e-25 7.440607548486245e-21 7.19652423109278e-17 1.0217855508564226e-13 2.5485137220954357e-13
0.00015584493519073535 2.571145583834008e-39 3.899255249822036e-36 8.171942956019017e-29 8.162059617391518e-25 8.159216111504454e-21 7.891559446592311e-17 1.1204688760545495e-13 2.7946473733300465e-13
0.00015947870582948208 2.683334176216638e-39 4.2509165712878494e-36 8.960691541669218e-29 8.950340615767222e-25 8.94722735480647e-21 8.653720648134493e-17 1.228682963671993e-13 3.064552430206022e-13
0.00016319720356596128 2.8022745394246483e-39 4.633227705770101e-36 9.825593700663579e-29 9.814752997228134e-25 9.81134415813136e-21 9.489490833449586e-17 1.3473482904836094e-13 3.3605247244560127e-13
0.00016700240394618395 2.9284533832751535e-39 5.048659197381627e-36 1.0774003278960266e-28 1.07626495480835e-24 1.0758916824622367e-20 1.0405979185527719e-16 1.4774742410523648e-13 3.685081839546976e-13
0.00017089632857913436 3.062397169534017e-39 5.499850249279161e-36 1.1813984069034957e-28 1.1802092950287367e-24 1.1798005313837375e-20 1.1410981264131546e-16 1.6201676539130202e-13 4.040984426372498e-13
0.000174881046210801 3.204675664388396e-39 5.989616457562876e-36 1.2954378826931815e-28 1.2941924795295223e-24 1.2937448232365875e-20 1.2513045733238014e-16 1.776642295747965e-13 4.4312598335214544e-13
0.00017895867382325032 3.355905827888526e-39 6.520957425807155e-36 1.4204884216987768e-28 1.4191840526627236e-24 1.4186937751169097e-20 1.3721546820782753e-16 1.948229149453717e-13 4.859227767533883e-13
0.0001831313777593269 3.51675607566188e-39 7.097064497311678e-36 1.5576133300013083e-28 1.5562471924981422e-24 1.555710206292467e-20 1.504676407106568e-16 2.136387737642839e-13 5.328528535715695e-13
0.00018740137487357792 3.687950946798086e-39 7.721328374843265e-36 1.7079786063956277e-28 1.7065477636068608e-24 1.7059595879390915e-20 1.6499969873430845e-16 2.342718550246134e-13 5.843154042774653e-13
0.00019177093371001327 3.870276222002314e-39 8.397346955884465e-36 1.872862841450578e-28 1.8713642158183972e-24 1.870719938566081e-20 1.809352517041521e-16 2.568976633462053e-13 6.407481684061429e-13
0.000196242375707327 4.0645845317411074e-39 9.128933218317669e-36 2.053668151532251e-28 2.0520985178639665e-24 2.051392753978925e-20 1.9840985171900123e-16 2.8170865993904024e-13 7.026311782248457e-13
0.00020081807643222024 4.271801506620288e-39 9.920123195306244e-36 2.2519319739791546e-28 2.2502879523218297e-24 2.2495147982559908e-20 2.175721339695463e-16 3.089158818058383e-13 7.704907973104089e-13
0.00020550046684148122 4.492932521710814e-39 1.0775184540017974e-35 2.469340296524757e-28 2.467618344560028e-24 2.4667713282378878e-20 2.385850958055426e-16 3.3875075780260723e-13 8.449042501251828e-13
0.0002102920345734925 4.7290700934047683e-39 1.1698625526181433e-35 2.7077419382770453e-28 2.705938343358164e-24 2.7050103693433854e-20 2.616274774868784e-16 3.714670690732159e-13 9.265045116872877e-13
0.0002151953252698519 4.981401994715051e-39 1.2695204439771737e-35 2.9691641761455676e-28 2.967275047036353e-24 2.9662583364407223e-20 2.8689527302784404e-16 4.073430941944628e-13 1.0159856579414746e-12
0.00022021294392780895 5.2512201560964934e-39 1.376994057933174e-35 3.255830184708642e-28 3.2538514427337198e-24 3.2527374672557675e-20 3.1460341634922307e-16 4.466840032288016e-13 1.1141088369496762e-12
0.00022534755628423554 5.5399304334306376e-39 1.4928125690574693e-35 3.5701777128967774e-28 3.568105082813386e-24 3.566884492493775e-20 3.449875870448184e-16 4.898244216094735e-13 1.2217086636735856e-12
0.0002306018902318662 5.849063324764775e-39 1.6175337953701133e-35 3.914880169109455e-28 3.912709169291746e-24 3.9113717131715805e-20 3.783062489723831e-16 5.371313245971795e-13 1.3397004392610747e-12
0.00023597873726856003 6.180285729071517e-39 1.7517456609336373e-35 4.29286881169799e-28 4.290594744154133e-24 4.289129183469514e-20 4.1484279576996866e-16 5.890070835528887e-13 1.4690877489888804e-12
0.0002414809539803547 6.535413850251759e-39 1.8960680614922322e-35 4.707358275687638e-28 4.704976215198474e-24 4.7033702279825135e-20 4.549080188739902e-16 6.458929701089092e-13 1.6109712022844663e-12
0.0002471114635590999 6.916427354810069e-39 2.0511548796492583e-35 5.161873493665512e-28 5.159378276614616e-24 5.1576183532435634e-20 4.988427103907522e-16 7.082728518092155e-13 1.7665576503060618e-12
0.00025287325735547713 7.325484907037711e-39 2.21769642134984e-35 5.66027997823702e-28 5.657666190698737e-24 5.655737519247698e-20 5.470205909458392e-16 7.766773491637599e-13 1.9371705543706913e-12
0.00025876939646823026 7.764941211085593e-39 2.3964221427613906e-35 6.206816337748663e-28 6.204078303156221e-24 6.201964643816518e-20 5.998514534929329e-16 8.516882993288882e-13 2.1242611191619114e-12
0.00026480301337045197 8.237365708835014e-39 2.5881039475706055e-35 6.806130649260123e-28 6.803262415241763e-24 6.800945962498788e-20 6.577846800285014e-16 9.339437492514554e-13 2.329420746513556e-12
0.000270977313573789 8.745563087513644e-39 2.7935599059465634e-35 7.463319938311278e-28 7.460315262888338e-24 7.4577764944172e-20 7.213130587123231e-16 1.0241433753387598e-12 2.5543945530242626e-12
0.00027729557733145163 9.292595769902857e-39 3.0136585296273435e-35 8.18397338573618e-28 8.180825722842038e-24 8.178043233867169e-20 7.909769613412222e-16 1.1230544147695058e-12 2.8010961637951286e-12
0.00028376116138093086 9.881808573483162e-39 3.249323655070118e-35 8.974220019397708e-28 8.970922503605758e-24 8.967872825215197e-20 8.67368954445707e-16 1.2315182124764524e-12 3.0716240417613333e-12
0.0002903775007273506 1.0516855748594493e-38 3.501540048883247e-35 9.840780755035832e-28 9.837326185461598e-24 9.833983585413176e-20 9.511388308862335e-16 1.3504573651678897e-12 3.368279306144122e-12
0.00029714811046840066 1.1201730603191549e-38 3.771359677039706e-35 1.0791025606373633e-27 1.0787406429734752e-23 1.0783742694015741e-19 1.0429991412482516e-15 1.4808835749794254e-12 3.693585320846163e-12
0.00030407658766182135 1.1940797972513348e-38 4.0599088166804846e-35 1.1833036544996704e-27 1.1829244837707883e-23 1.1825229030946944e-19 1.1437312714852471e-15 1.6239062787061704e-12 4.050309217281488e-12
0.00031116661323643183 1.273882977906396e-38 4.3683958109596e-35 1.2975675498315678e-27 1.2971702947863557e-23 1.2967301150869566e-19 1.2541920173718957e-15 1.7807419824218319e-12 4.4414851765650014e-12
0.0003184219539477161 1.3601043978889478e-38 4.698120099555576e-35 1.4228661018891488e-27 1.4224498903768263e-23 1.4219673925273137e-19 1.3753209972954042e-15 1.952724786397198e-12 4.870440680519031e-12
0.00032584646437900766 1.453314719373175e-38 5.05048176068565e-35 1.5602649797028502e-27 1.5598288965959434e-23 1.5593000026943273e-19 1.5081485334000033e-15 2.141317575001432e-12 5.34082442126452e-12
0.00033344408898933415 1.5541381372089093e-38 5.426992219384713e-35 1.71093275270463e-27 1.710475837701099e-23 1.7098960764459349e-19 1.6538044370623496e-15 2.3481244906013284e-12 5.856637413329992e-12
0.0003412188642090111 1.663257483292258e-38 5.829286271591241e-35 1.8761509102433645e-27 1.875672155519778e-23 1.8750366242151223e-19 1.8135276963214873e-15 2.5749046880845596e-12 6.422267299863107e-12
0.0003491749205840977 1.7814198092467015e-38 6.259134685212716e-35 2.057324665152848e-27 2.056823012925315e-23 2.0561263358518008e-19 1.9886769214416736e-15 2.823587165804219e-12 7.042525343627056e-12
0.0003573164849708539 1.9094424897859614e-38 6.718458379355818e-35 2.255994941137224e-27 2.2554692810709938e-23 2.254705563824347e-19 2.1807419350158144e-15 3.0962872215787555e-12 7.722687471172372e-12
0.0003656478827813646 2.0482198939663e-38 7.209343819812976e-35 2.4738514636076486e-27 2.47330063008114e-23 2.472463409507165e-19 2.3913564289691593e-15 3.395324423511095e-12 8.46853909523538e-12
0.0003741735402815245 2.1987306721724964e-38 7.734059718631287e-35 2.7127471971665288e-27 2.7121699663738113e-23 2.71125215564681e-19 2.6223119235814232e-15 3.723242429455161e-12 9.286424547989964e-12
0.0003828979869426037 2.3620457183194327e-38 8.295075135849525e-35 2.9747140706866732e-27 2.974109157586256e-23 2.973102985997971e-19 2.8755729714543023e-15 4.082830574095776e-12 1.0183300923039487e-11
0.000391825857847644 2.5393368619579605e-38 8.895079072914058e-35 3.2619801677155516e-27 3.26134622281312e-23 3.260243169779351e-19 3.1532937782467812e-15 4.4771474676008055e-12 1.1166796934625337e-11
0.000400961896153964 2.7318863567171875e-38 9.537001851714056e-35 3.576988765420269e-27 3.576324371362763e-23 3.5751150940258e-19 3.457836610688147e-15 4.909547131907429e-12 1.2245278106143324e-11
0.0004103109556130814 2.941097240106401e-38 1.022403895566435e-34 3.922419355378229e-27 3.9217230232960107e-23 3.9203972770558014e-19 3.791792120717662e-15 5.3837078575863584e-12 1.34279187442624e-11
0.0004198780031493915 3.168504629394179e-38 1.0959674403762051e-34 4.301209664879278e-27 4.3004798306750703e-23 4.299026382314644e-19 4.158000637183475e-15 5.9036624344777116e-12 1.4724777339472435e-11
0.00042966812149897106 3.4157880619952254e-38 1.1747710708671976e-34 4.716581688213032e-27 4.715816708411382e-23 4.714223240464295e-19 4.5595773343013315e-15 6.473833886674497e-12 1.6146885695447763e-11
0.000439686511909911 3.6847849380534097e-38 1.259229692857724e-34 5.172068535988582e-27 5.1712666834817806e-23 5.169519689569745e-19 4.999938191372853e-15 7.099072330961819e-12 1.7706340860507797e-11
0.0004499384969056106 3.977505203821863e-38 1.3497960636707592e-34 5.6715441004434454e-27 5.670703560019166e-23 5.668788230211808e-19 5.4828286750891604e-15 7.784695700869902e-12 1.9416406700601473e-11
0.00046042952311250296 4.2961473555017116e-38 1.4469644398449079e-34 6.219256798458752e-27 6.218375661951772e-23 6.216275756775774e-19 6.012356364295019e-15 8.536536068358833e-12 2.1291629433774484e-11
