results/limits/GDM_l_N2only.dat
# %ECSV 1.0
# ---
# datatype:
# - {name: mx, unit: MeV, datatype: float64}
# - {name: sigma_10, unit: cm2, datatype: float64}
# - {name: sigma_9, unit: cm2, datatype: float64}
# - {name: sigma_7, unit: cm2, datatype: float64}
# - {name: sigma_6, unit: cm2, datatype: float64}
# - {name: sigma_5, unit: cm2, datatype: float64}
# - {name: sigma_4, unit: cm2, datatype: float64}
# - {name: sigma_3, unit: cm2, datatype: float64}
# - {name: sigma_2, unit: cm2, datatype: float64}
# schema: astropy-2.0
mx sigma_10 sigma_9 sigma_7 sigma_6 sigma_5 sigma_4 sigma_3 sigma_2
[from data line 239]
0.0008201889499202203 4.556519806171635e-50 4.4697346740640514e-48 5.480205085045864e-44 4.693434080644541e-41 3.8804068391442186e-37 3.7445690843535806e-33 5.316537622275698e-30 1.3260381278469968e-29
0.0008354528058382871 4.637835821787081e-50 4.5529016517312273e-48 5.611360148045869e-44 4.930963486927418e-41 4.100767645404624e-37 3.957541774250818e-33 5.618920805955442e-30 1.4014578315898052e-29
0.0008510007247122247 4.720747925311931e-50 4.637617729103526e-48 5.74632803552723e-44 5.181340843691912e-41 4.333655310387674e-37 4.182627431055271e-33 5.938502325817475e-30 1.4811671041809423e-29
0.0008668379930019774 4.805283181234135e-50 4.723911766621548e-48 5.88524482638634e-44 5.445283901408607e-41 4.579782193189803e-37 4.420514990376156e-33 6.2762603539152215e-30 1.565409919013723e-29
0.0008829699955494083 4.891469252745772e-50 4.8118131641990983e-48 6.028252297695842e-44 5.72355104255124e-41 4.839901166815458e-37 4.6719325716831714e-33 6.633228696787257e-30 1.6544441257051293e-29
0.0008994022174092045 4.979334412186008e-50 4.9013518713729075e-48 6.175498190800156e-44 6.016943589620632e-41 5.114807922404008e-37 4.93764970692627e-33 7.010499959722701e-30 1.7485422393195152e-29
0.0009161402457138521 5.0689075512401295e-50 4.992558397647163e-48 6.327136490860138e-44 6.326308244282905e-41 5.405343404510987e-37 5.2184796959102016e-33 7.409228890997185e-30 1.8479922744801555e-29
0.0009331897715733239 5.160218190934152e-50 5.08546382303685e-48 6.483327720570623e-44 6.652539665076021e-41 5.712396384897609e-37 5.5152820956334215e-33 7.83063591631561e-30 1.95309862692172e-29
0.0009505565920101192 5.253296491466238e-50 5.180099808813826e-48 6.644239248814973e-44 6.996583191562198e-41 6.036906182706291e-37 5.828965351210498e-33 8.276010874279742e-30 2.0641830051819084e-29
0.0009682466119303124 5.34817326191765e-50 5.2764986084597685e-48 6.810045615064314e-44 7.35943772325274e-41 6.3798655393479136e-37 6.16048957643073e-33 8.746716964314104e-30 2.1815854152839188e-29
0.000986265846131282 5.44487996988628e-50 5.3746930788302053e-48 6.980928870374681e-44 7.742158762105649e-41 6.742323656900236e-37 6.51086949246373e-33 9.244194919133907e-30 2.305665201423692e-29
0.0010046204213468132 5.543448751085816e-50 5.474716691533905e-48 7.157078935883735e-44 8.145861627897284e-41 7.125389409317559e-37 6.881177533706893e-33 9.769967414526477e-30 2.4368021458473092e-29
0.0010233165783302448 5.643912418952709e-50 5.576603544531993e-48 7.338693979759789e-44 8.571724856298334e-41 7.530234736279855e-37 7.27254713028065e-33 1.0325643729942757e-29 2.5753976312848883e-29
0.0010423606739764012 5.746304474302204e-50 5.680388373961341e-48 7.525980813610227e-44 9.020993790044761e-41 7.958098230069848e-37 7.68617617721917e-33 1.0912924674165082e-29 2.7218758694991434e-29
0.001061759183483 5.850659115072618e-50 5.786106566186794e-48 7.719155309413595e-44 9.494984374184518e-41 8.410288926456106e-37 8.12333070097438e-33 1.1533607791126583e-29 2.8766851997087584e-29
0.0010815187025522881 5.957011246195219e-50 5.893794170086871e-48 7.918442838100286e-44 9.995087167006527e-41 8.888190311185354e-37 8.585348734455968e-33 1.2189592861816845e-29 3.0402994608608565e-29
0.001101645949633657 6.065396489624728e-50 6.003487909577927e-48 8.124078730971373e-44 1.0522771578918914e-40 9.393264554347318e-37 9.073644412468298e-33 1.288288771911391e-29 3.21321944195288e-29
0.0011221477682079803 6.175851194562566e-50 6.11522519638146e-48 8.336308765212312e-44 1.1079590352240511e-40 9.927056985571772e-37 9.589712300078863e-33 1.361561439334014e-29 3.395974414842794e-29
0.0011430311291144787 6.288412447902633e-50 6.229044143039864e-48 8.55538967483129e-44 1.1667184295608751e-40 1.049120082375632e-36 1.0135131967167323e-32 1.4390015607353008e-29 3.589123754239519e-29
0.0011643031329208768 6.403118084926073e-50 6.344983576185538e-48 8.781589688427044e-44 1.2287287287485268e-40 1.1087422175800686e-36 1.0711572823156108e-32 1.5208461641050117e-29 3.793258649831782e-29
0.0011859710123376694 6.52000670026908e-50 6.463083050068819e-48 9.015189095272386e-44 1.2941731564065185e-40 1.1717545319647983e-36 1.1320799226721102e-32 1.6073457586299606e-29 4.0090039157959456e-29
0.0012080421346773289 6.639117659184685e-50 6.583382860350098e-48 9.256480841284811e-44 1.3632453307767135e-40 1.2383498287803264e-36 1.1964675886122291e-32 1.6987651014502203e-29 4.237019903221497e-29
0.0012305240043592616 6.760491109116764e-50 6.705924058161588e-48 9.50577115654551e-44 1.4361498553399867e-40 1.3087318768418768e-36 1.2645173566683034e-32 1.7953840080252613e-29 4.478004521307387e-29
0.0012534242654613996 6.884167991602101e-50 6.830748464444527e-48 9.763380216124331e-44 1.5131029430076042e-40 1.383116034200841e-36 1.3364375122888225e-32 1.8974982085905302e-29 4.73269537351606e-29
0.0012767507043192658 7.010190054513667e-50 6.957898684567551e-48 1.0029642836068895e-43 1.5943330757969219e-40 1.4617299072880122e-36 1.41244818735635e-32 2.0054202533257678e-29 5.001872015223225e-29
0.0013005112521734085 7.138599864656329e-50 7.08741812323224e-48 1.0304909206523549e-43 1.6800817020098471e-40 1.544814047546134e-36 1.4927820339649076e-32 2.1194804690056603e-29 5.286358339773601e-29
0.0013247139878661174 7.269440820723958e-50 7.21935099967193e-48 1.0589545664057029e-43 1.7706039730471887e-40 1.6326226876840045e-36 1.5776849365191225e-32 2.2400279700609854e-29 5.587025100246079e-29
0.0013493671405883064 7.402757166625358e-50 7.353742363149995e-48 1.088393550539771e-43 1.866169522113332e-40 1.7254245198056e-36 1.6674167643346524e-32 2.3674317271447385e-29 5.904792574646486e-29
0.0013744790926775367 7.5385940051848155e-50 7.490638108764134e-48 1.1188479844902576e-43 1.967063287194065e-40 1.8235035177959832e-36 1.762252167043553e-32 2.502081696474113e-29 6.240633382686013e-29
0.0014000583824680976 7.676997312221812e-50 7.630084993563065e-48 1.150359851822007e-43 2.0735863808256713e-40 1.9271598064810485e-36 1.8624814152390546e-32 2.644390013404807e-29 6.595575462766487e-29
0.0014261137071941282 7.818013951013354e-50 7.772130652982518e-48 1.1829731034749636e-43 2.1860570093168196e-40 2.0367105802214585e-36 1.968411288932815e-32 2.79479225389106e-29 6.97070521828458e-29
0.0014526539259467812 7.961691687141702e-50 7.916823617607373e-48 1.216733758165137e-43 2.304811444236099e-40 2.15249107375243e-36 2.0803660165441085e-32 2.9537487676925044e-29 7.367170842885305e-29
0.0014796880626863963 8.108079203729334e-50 8.064213330266973e-48 1.2516900082318103e-43 2.430205049137911e-40 2.2748555882407654e-36 2.198688267294836e-32 3.121746087408337e-29 7.786185834842212e-29
0.0015072253093107555 8.257226117062971e-50 8.214350163470995e-48 1.2878923312391601e-43 2.562613364668743e-40 2.4041785756998387e-36 2.3237402000480592e-32 3.2992984176518107e-29 8.22903271132175e-29
0.0015352750287804227 8.409182992607814e-50 8.367285437193304e-48 1.325393607658273e-43 2.7024332553742595e-40 2.540855785081564e-36 2.4559045718001924e-32 3.4869492089228875e-29 8.697066933899729e-29
0.0015638467583022461 8.564001361413218e-50 8.523071437011279e-48 1.3642492449743805e-43 2.8500841217166814e-40 2.6853054735532957e-36 2.5955859092197417e-32 3.685272820996406e-29 9.19172105734539e-29
0.001592950212572123 8.721733736911114e-50 8.681761432608798e-48 1.40451730858428e-43 3.0060091810115297e-40 2.8379696866672392e-36 2.7432117468185306e-32 3.894876280917185e-29 9.714509114371816e-29
0.0016225952870780871 8.882433632108225e-50 8.843409696650536e-48 1.4462586598698375e-43 3.1706768212035074e-40 2.999315611340487e-36 2.899233935545003e-32 4.116401140982639e-29 1.0267031249772915e-28
0.0016527920614648956 9.046155577173892e-50 9.008071524036258e-48 1.489537101856086e-43 3.3445820316246503e-40 3.169837005787095e-36 3.0641300258051633e-32 4.350525442400147e-29 1.0850978618131872e-28
0.0016835508029612023 9.212955137424867e-50 9.175803251543188e-48 1.5344195328858932e-43 3.5282479151129447e-40 3.350055710778663e-36 3.238404729144033e-32 4.5979657906291336e-29 1.1468138560091049e-28
0.001714881969870539 9.382888931709517e-50 9.346662277865593e-48 1.5809761087684274e-43 3.7222272861192266e-40 3.540523246859319e-36 3.4225914630618126e-32 4.85947954876046e-29 1.212040007302777e-28
0.0017467962151272458 9.55601465119352e-50 9.520707084060195e-48 1.6292804138849722e-43 3.9271043596928056e-40 3.741822502403623e-36 3.6172539836928476e-32 5.135867155646247e-29 1.2809759592879704e-28
0.0017793043899185772 9.732391078549952e-50 9.69799725440674e-48 1.6794096417638167e-43 4.1434965365147205e-40 3.954569517684219e-36 3.822988111344789e-32 5.427974575875575e-29 1.3538327104817233e-28
0.0018124175473742377 9.912078107557067e-50 9.878593497693346e-48 1.7314447856655656e-43 4.372056289441565e-40 4.1794153704100996e-36 4.040423554179622e-32 5.736695889095126e-29 1.430833260146665e-28
0.0018461469463245475 1.0095136763106982e-49 1.0062557668935954e-47 1.785470839751517e-43 4.613473157333012e-40 4.4170481685062675e-36 4.270225835618071e-32 6.062976026599632e-29 1.5122132908450351e-28
0.0018805040551285815 1.0281629221629721e-49 1.0249952791542348e-47 1.8415770114410962e-43 4.868475852265291e-40 4.668195156234791e-36 4.5130983313672587e-32 6.407813663568908e-29 1.5982218898137054e-28
0.0019155005555735278 1.0471618831936452e-49 1.0440843079930609e-47 1.8998569455992574e-43 5.137834486579099e-40 4.9336249401031864e-36 4.769784422306126e-32 6.77226427580344e-29 1.6891223113680491e-28
0.0019511483468466163 1.0665170136487002e-49 1.0635293962612643e-47 1.960408961231983e-43 5.422362926577687e-40 5.214149841373387e-36 5.041069769818298e-32 7.15744337031478e-29 1.7851927826682772e-28
0.0019874595495809836 1.0862348893086745e-49 1.0833372105754006e-47 2.0233363014073166e-43 5.7229212800785524e-40 5.510628382371886e-36 5.327784720536876e-32 7.564529899659134e-29 1.8867273553145643e-28
0.002024446509976804 1.1063222097018031e-49 1.1035145437220458e-47 2.0887473971606614e-43 6.040418525431208e-40 5.823967914210804e-36 5.630806847861174e-32 7.994769870464153e-29 1.9940368053773973e-28
0.0020621218039991425 1.1267858003612406e-49 1.1240683171123511e-47 2.156756146187261e-43 6.375815290047418e-40 6.1551273939632e-36 5.951063638024945e-32 8.449480157194506e-29 2.107449584618108e-28
0.0021004982416539153 1.1476326151269347e-49 1.1450055832876234e-47 2.22748220717089e-43 6.7301267869469334e-40 6.505120319792618e-36 6.289535328937152e-32 8.930052532828896e-29 2.2273128258109326e-28
0.0021395888713434215 1.1688697384928224e-49 1.1663335284771684e-47 2.301051310647056e-43 7.1044259183060415e-40 6.87501783302075e-36 6.647257910484604e-32 9.437957928785689e-29 2.3539934052437563e-28
0.002179406984302956 1.1905043880000227e-49 1.1880594752096535e-47 2.377595587350813e-43 7.499846555507285e-40 7.265951996628257e-36 7.025326295479873e-32 9.974750937136242e-29 2.4878790656496596e-28
0.0022199661191199547 1.212543916676707e-49 1.210190884979255e-47 2.457253915053983e-43 7.917587005728263e-40 7.679119260222973e-36 7.424897670959632e-32 1.0542074568885533e-28 2.6293796030062045e-28
0.0022612800663372773 1.2349958155254202e-49 1.2327353609679478e-47 2.540172284954831e-43 8.358913675679702e-40 8.115784122081761e-36 7.847195040091738e-32 1.1141665282885146e-28 2.778928120835187e-28
0.0023033628731421313 1.2578677160585645e-49 1.2557006508252716e-47 2.6265041887441173e-43 8.8251649437046e-40 8.577282999473994e-36 8.29351096553138e-32 1.1775358300770164e-28 2.936982355841817e-28
0.0023462288481422623 1.2811673928828702e-49 1.279094649507002e-47 2.7164110275365174e-43 9.317755252089619e-40 9.065028319113445e-36 8.765211525684352e-32 1.2445093224188294e-28 3.1040260789509386e-28
0.00238989256623105 1.3049027663336445e-49 1.30292540217417e-47 2.8100625439246203e-43 9.838179432113021e-40 9.580512840258443e-36 9.263740495986785e-32 1.3152919971514723e-28 3.2805705760286035e-28
0.0024343688735431104 1.3290819051596363e-49 1.3272011071539168e-47 2.907637278485061e-43 1.0388017275065542e-39 1.012531422369211e-35 9.790623767998959e-32 1.3901005052222832e-28 3.4671562128210096e-28
0.0024796728925021577 1.3537130292593802e-49 1.351930118963732e-47 3.0093230521428024e-43 1.0968938363234526e-39 1.0701099860567912e-35 1.0347474019839614e-31 1.4691638198116366e-28 3.664354088900982e-28
0.0025258200269627847 1.3788045124698967e-49 1.3771209514006544e-47 3.1153174758801972e-43 1.1582707175635934e-39 1.1309631975900019e-35 1.0935995652255603e-31 1.5527239371719086e-28 3.872767785684197e-28
0.002572825967447932 1.4043648854086587e-49 1.4027822806970727e-47 3.225828489362835e-43 1.2231188484120688e-39 1.1952773022319414e-35 1.1557990005435273e-31 1.6410366173273282e-28 4.093035213865494e-28
0.0026207066964838524 1.4304028383697647e-49 1.428922948744819e-47 3.3410749301443337e-43 1.2916353056370512e-39 1.2632491380605212e-35 1.2215360872533334e-31 1.7343721669018991e-28 4.325830565930058e-28
0.0026694784940343207 1.4569272242752413e-49 1.4555519663892795e-47 3.4612871352072406e-43 1.3640283683236912e-39 1.3350867384438521e-35 1.2910120326782551e-31 1.833016266471353e-28 4.571866379715371e-28
0.002719157943036019 1.4839470616825023e-49 1.4826785167953464e-47 3.5867075766981032e-43 1.4405181548871026e-39 1.41100996878204e-35 1.3644394880028497e-31 1.9372708449716257e-28 4.831895719340483e-28
0.0027697619350368907 1.5114715378488995e-49 1.5103119588870017e-47 3.71759153382061e-43 1.521337296313931e-39 1.491251199464196e-35 1.4420431991536252e-31 2.047455003840074e-28 5.106714480177511e-28
0.002821307675939471 1.5395100118544486e-49 1.5384618308625402e-47 3.854207802963424e-43 1.60673164769314e-39 1.5760560171005786e-35 1.524060694699269e-31 2.1639059937182235e-28 5.397163824920871e-28
0.0028738126918510663 1.568072017783743e-49 1.5671378537872951e-47 3.996839448257363e-43 1.6969610402135864e-39 1.6656839762066844e-35 1.6107430128757979e-31 2.286980246705355e-28 5.704132758210131e-28
0.002927294835042816 1.5971672679681165e-49 1.5963499352659793e-47 4.145784594882164e-43 1.792300075929954e-39 1.7604093936400738e-35 1.7023554699619857e-31 2.4170544673225235e-28 6.0285608476870785e-28
0.0029817722900196734 1.6268056562891912e-49 1.626108173196718e-47 4.3013572675753045e-43 1.8930389677295662e-39 1.8605221882215857e-35 1.7991784723569251e-31 2.5545267855262865e-28 6.371441099815681e-28
0.0030372635797033115 1.6569972615448743e-49 1.656422859608938e-47 4.463888276934742e-43 1.999484427070725e-39 1.966328768110729e-35 1.9015083748452375e-31 2.699817975301095e-28 6.733822999266853e-28
0.0030937875717301365 1.687752350878985e-49 1.6873044845873615e-47 4.6337261562554175e-43 2.111960602209736e-39 2.0781529686514585e-35 2.009658387676997e-31 2.8533727425604253e-28 7.116815721171473e-28
0.0031513634848664793 1.71908138327566e-49 1.7187637402844282e-47 4.811238151794836e-43 2.2308100697880507e-39 2.1963370435587695e-35 2.1239595352386764e-31 3.0156610862984647e-28 7.521591526073187e-28
0.003210010895543172 1.7509950131197212e-49 1.7508115250235117e-47 4.996811269527748e-43 2.3563948828143715e-39 2.3212427124799413e-35 2.2447616692494187e-31 3.187179737158608e-28 7.949389347972479e-28
0.003269749744511768 1.7835040938242462e-49 1.7834589474954565e-47 5.190853381623949e-43 2.4890976782493338e-39 2.453252268136908e-35 2.3724345395838965e-31 3.36845367782203e-28 8.401518586444415e-28
0.0033306003436245884 1.816619681526542e-49 1.8167173310509199e-47 5.393794396066337e-43 2.6293228475824306e-39 2.5927697464382877e-35 2.5073689259991736e-31 3.5600377498697087e-28 8.879363114436485e-28
0.003392583382740992 1.8503530388538388e-49 1.85059821809124e-47 5.606087493020852e-43 2.777497773984089e-39 2.740222163142731e-35 2.6499778342297085e-31 3.7625183520364004e-28 9.384385514014107e-28
