results/limits/GDM_f_6_phase.dat
# %ECSV 1.0
# ---
# datatype:
# - {name: mx, unit: MeV, datatype: float64}
# - {name: sigma_6, unit: cm2, datatype: float64}
# schema: astropy-2.0
mx sigma_6
3.162277660168379e-07 6.021306275608063e-29
3.2360111549336787e-07 6.602839676097968e-29
3.311463862505236e-07 7.240537152096273e-29
3.388675869043115e-07 7.939822989388682e-29
3.4676881953794695e-07 8.706645347193196e-29
3.548542818811901e-07 9.547526853632948e-29
3.6312826954049566e-07 1.0469620087297832e-28
3.715951782811629e-07 1.1480768417895034e-28
3.8025950636269697e-07 1.2589572721621082e-28
3.89125856928623e-07 1.3805464541404844e-28
3.9819894045202297e-07 1.5138786310971823e-28
4.0748357723809307e-07 1.6600879329172982e-28
4.169846999850535e-07 1.8204180229310395e-28
4.2670735640476865e-07 1.9962326764553676e-28
4.3665671190447213e-07 2.189027381315097e-28
4.4683805233101997e-07 2.400442058366517e-28
4.572567867791303e-07 2.632275010839063e-28
4.6791845046510194e-07 2.8864982207005667e-28
4.788287076675383e-07 3.1652741223446977e-28
4.899933547366384e-07 3.4709739968857345e-28
5.014183231736547e-07 3.806198141431235e-28
5.131096827821533e-07 4.173797988161906e-28
5.250736448927506e-07 4.57690035811512e-28
5.373165656630395e-07 5.018934058771224e-28
5.4984494945446e-07 5.503659048904431e-28
5.626654522879044e-07 6.035198421061692e-28
5.757848853798981e-07 6.6180734732592875e-28
5.892102187612295e-07 7.257242166811403e-28
6.029485849799565e-07 7.958141299128347e-28
6.17007282890752e-07 8.726732749168403e-28
6.313937815326057e-07 9.569554189778593e-28
6.461157240969403e-07 1.0493774696676039e-27
6.611809319882495e-07 1.1507255729612848e-27
6.765974089794179e-07 1.2618618001677538e-27
6.923733454639272e-07 1.3837314807975211e-27
7.085171228072106e-07 1.517371243485714e-27
7.250373177994646e-07 1.6639178335681512e-27
7.419427072122865e-07 1.8246177824631236e-27
7.592422724615558e-07 2.0008380105341036e-27
7.769452043790388e-07 2.1940774540934895e-27
7.950609080952509e-07 2.4059798155803674e-27
8.135990080361694e-07 2.638347544817215e-27
8.325693530364543e-07 2.893157170769502e-27
8.519820215718901e-07 3.1725761139684192e-27
8.718473271138315e-07 3.478981122163403e-27
8.921758236084957e-07 3.814978488065614e-27
9.12978311084014e-07 4.183426217228705e-27
9.342658413882192e-07 4.587458339348164e-27
9.560497240602198e-07 5.03051156576525e-27
9.78341532338879e-07 5.5163545225651055e-27
1.0011531093113902e-06 6.0491198057051204e-27
1.0244965742052174e-06 6.633339134571757e-27
1.048384328826741e-06 7.273981897391831e-27
1.0728290641500308e-06 7.97649742031082e-27
1.0978437670592484e-06 8.74686132280035e-27
1.1234417272482566e-06 9.59162634158274e-27
1.149636544281106e-06 1.0517978071574155e-26
1.1764421348171486e-06 1.1533796084766618e-26
1.2038727400046132e-06 1.2647720956245074e-26
1.2319429330465773e-06 1.3869227758334444e-26
1.2606676269433496e-06 1.5208706655216018e-26
1.2900620824153782e-06 1.6677551284890804e-26
1.3201419160108953e-06 1.828825566880766e-26
1.3509231084026028e-06 2.005452048954436e-26
1.38242201287781e-06 2.1991369625808487e-26
1.4146553640265304e-06 2.4115277947700168e-26
1.447640286632156e-06 2.6444311449644104e-26
1.4813943047694329e-06 2.8998280920947236e-26
1.5159353511145682e-06 3.1798910453243086e-26
1.5512817764724183e-06 3.487002222439538e-26
1.587452359525819e-06 3.823773913132047e-26
1.6244663168122348e-06 4.1930706996551917e-26
1.6623433129330315e-06 4.598033820668658e-26
1.7011034710007933e-06 5.042107893363955e-26
1.740767383330235e-06 5.529070209589771e-26
1.7813561223783898e-06 6.063062869909789e-26
1.8228912519398869e-06 6.648628011734713e-26
1.8653948386032614e-06 7.290746445467617e-26
1.908889463474389e-06 7.994880022890937e-26
1.9533982341732686e-06 8.767018092834558e-26
1.9989447971105317e-06 9.61372844751886e-26
2.045553350050195e-06 1.0542213186514805e-25
2.0932486549653353e-06 1.1560369974567812e-25
2.1420560511935146e-06 1.2676859227355822e-25
2.192001468898943e-06 1.390117776197403e-25
2.2431114428485372e-06 1.524373958717443e-25
2.2954131265091837e-06 1.6715964479355512e-25
2.3489343064737076e-06 1.8330375114996946e-25
2.403703417223201e-06 2.0100703590164435e-25
2.4597495562335635e-06 2.204200822125147e-25
2.5171024994342686e-06 2.4170801629081307e-25
2.575792717027583e-06 2.650519118843911e-25
2.635851389676631e-06 2.9065033054757533e-25
2.6973104250709106e-06 3.1872101045447926e-25
2.760202474878063e-06 3.495027185226062e-25
2.8245609520908932e-06 3.832572811657948e-25
2.8904200487788716e-06 4.202718115133786e-25
2.9578147542535346e-06 4.608611513133748e-25
3.026780873657441e-06 5.053705491125577e-25
3.097355046986562e-06 5.541785965544272e-25
3.1695747685562034e-06 6.07700448789673e-25
3.2434784069208122e-06 6.6639135561454105e-25
3.319105225258239e-06 7.30750533464191e-25
3.3964954022292982e-06 8.013254118030449e-25
3.4756900533236943e-06 8.787162891458848e-25
3.5567312527036693e-06 9.63581438895406e-25
3.6396620555569646e-06 1.0566427090716944e-24
3.7245265209709786e-06 1.158691660538199e-24
3.811369735340273e-06 1.2705963006912137e-24
3.900237836319859e-06 1.393308466925603e-24
3.991178037336996e-06 1.527871920467641e-24
4.0842386526745176e-06 1.675431225447058e-24
4.179469123139017e-06 1.837241483748855e-24
4.2769200423275275e-06 2.014679009738032e-24
4.376643183506652e-06 2.2092530362375115e-24
4.478691527118417e-06 2.4226185511382127e-24
4.583119288927478e-06 2.6565903745378173e-24
4.689981948824612e-06 2.9131585920075067e-24
4.799336280301815e-06 3.1945054815422456e-24
4.911240380614659e-06 3.5030240758578e-24
5.0257537016479225e-06 3.841338512729331e-24
5.142937081500915e-06 4.212326354822731e-24
5.262852776809252e-06 4.619143063523984e-24
5.385564495820272e-06 5.0652488357412856e-24
5.511137432239651e-06 5.5544380319326975e-24
5.639638299867211e-06 6.090871445898062e-24
5.771135368040315e-06 6.679111695817202e-24
5.905698497903673e-06 7.324162021732588e-24
6.043399179524854e-06 8.031508842919814e-24
6.184310569875183e-06 8.807168412261914e-24
6.32850753169624e-06 9.657737982221562e-24
6.47606667327258e-06 1.0590451915366512e-23
6.627066389131828e-06 1.1613243209480388e-23
6.781586901693754e-06 1.2734810944572882e-23
6.939710303890459e-06 1.3964694296914395e-23
7.101520602780329e-06 1.531335361558065e-23
7.267103764178904e-06 1.6792259428767265e-23
7.436547758330399e-06 1.8413989938457744e-23
7.609942606644117e-06 2.0192338015240123e-23
7.787380429520604e-06 2.2142428501139762e-23
7.968955495292936e-06 2.4280846776467357e-23
8.15476427030917e-06 2.6625779855099166e-23
8.344905470182516e-06 2.919717098013384e-23
8.539480112236516e-06 3.2016889242521874e-23
8.738591569173047e-06 3.5108915539263846e-23
8.942345623991688e-06 3.849954645448254e-23
9.150850526189614e-06 4.2217617888832376e-23
9.364217049271877e-06 4.6294750223791943e-23
9.58255854960264e-06 5.0765617168513894e-23
9.805991026628606e-06 5.566824063802458e-23
1.0034633184506672e-05 6.104431389323311e-23
1.0268606495168497e-05 6.693955615531136e-23
1.0508035262855554e-05 7.340410121568492e-23
1.07530466901589e-05 8.04929237181532e-23
1.1003770945598772e-05 8.826630649475031e-23
1.1260341232779899e-05 9.679035298105936e-23
1.1522893861159297e-05 1.061375493254476e-22
1.1791568318464117e-05 1.163873804702777e-22
1.206650734479802e-05 1.27627005761149e-22
1.2347857008475478e-05 1.3995199994307338e-22
1.263576678362426e-05 1.534671655552826e-22
1.293038962959737e-05 1.682874235791427e-22
1.3231882072236462e-05 1.845387903100885e-22
1.3540404287030327e-05 2.0235944848976998e-22
1.3856120184212054e-05 2.2190092140008043e-22
1.4179197495840522e-05 2.433293609620635e-22
1.4509807864912299e-05 2.668269593006649e-22
1.484812693655133e-05 2.925934973998788e-22
1.5194334451324849e-05 3.2084804181629637e-22
1.5548614340735104e-05 3.518308080911359e-22
1.5911154824937624e-05 3.858051990908298e-22
1.6282148512737936e-05 4.2306004441565616e-22
1.6661792503919872e-05 4.639120544918899e-22
1.7050288493959805e-05 5.0870850999439095e-22
1.7447842881182494e-05 5.57830212643125e-22
1.785466687641539e-05 6.116947195810365e-22
1.8270976615199758e-05 6.707598890721836e-22
1.869699327261814e-05 7.355277700904374e-22
1.91329431807992e-05 8.065488654059525e-22
1.957905794916243e-05 8.84426806851185e-22
2.003557458746648e-05 9.698234786674901e-22
2.0502735631726606e-05 1.06346464016242e-21
2.0980789273068064e-05 1.1661460845121165e-21
2.1469989489583918e-05 1.2787403938745297e-21
2.1970596181267336e-05 1.402204348506568e-21
2.2482875308090033e-05 1.537587043145394e-21
2.3007099031300245e-05 1.686038792258806e-21
2.354354585801526e-05 1.848820892429592e-21
2.4092500789185385e-05 2.027316314658021e-21
2.4654255471007912e-05 2.2230414487356584e-21
2.5229108349871537e-05 2.437658959027706e-21
2.5817364830913554e-05 2.672991883076169e-21
2.641933744027406e-05 2.9310390882634272e-21
2.7035345991133382e-05 3.213992233207175e-21
2.7665717753620915e-05 3.524254330273999e-21
2.8310787628685666e-05 3.864460120316994e-21
2.8970898326020842e-05 4.237498408907022e-21
2.964640054613707e-05 4.646536521077445e-21
3.033765316668089e-05 5.095047153514597e-21
3.104502343309761e-05 5.586837793086345e-21
3.176888715373972e-05 6.126082907167521e-21
3.25096288995246e-05 6.717359357250797e-21
3.326764220824756e-05 7.365685107048627e-21
3.4043329793658724e-05 8.076561655080434e-21
3.483710375941493e-05 8.856020629720048e-21
3.5649385818020195e-05 9.710674790891461e-21
3.648060751487119e-05 1.0647773906731861e-20
3.73312104575266e-05 1.1675266120179354e-20
3.820164655032238e-05 1.2801865042690962e-20
3.90923782344573e-05 1.4037123359651834e-20
4.0003878733676586e-05 1.5391513654948858e-20
4.093663230568398e-05 1.6876516625356674e-20
4.1891134499415887e-05 1.8504718105770892e-20
4.2867892418314344e-05 2.0289915259774422e-20
4.386742498973848e-05 2.2247232846510012e-20
4.489026324065786e-05 2.4393250786161893e-20
4.5936950579773975e-05 2.6746143874977354e-20
4.700804308621986e-05 2.932583491986269e-20
4.8104109804991236e-05 3.2154162277583e-20
4.922573304926602e-05 3.5255063944714746e-20
5.0373508709772956e-05 3.865477833968749e-20
5.154804657137365e-05 4.2382065599883165e-20
5.27499706370262e-05 4.646844860295273e-20
5.397991945930254e-05 5.0948477797568664e-20
5.5238546479635675e-05 5.586002147551527e-20
5.6526520375476976e-05 6.124458253866197e-20
5.784452541554797e-05 6.714764744616574e-20
5.9193261823375433e-05 7.361906588846472e-20
6.057344614930286e-05 8.071346871165535e-20
6.198581165117595e-05 8.849072461323513e-20
6.34311086839044e-05 9.701644000623767e-20
6.491010509810695e-05 1.0636250735106357e-19
6.642358664805138e-05 1.1660770383602812e-19
6.797235740910648e-05 1.278383483648731e-19
6.955724020492732e-05 1.4014902001662947e-19
7.117907704460117e-05 1.5364334463014786e-19
7.283872956998614e-05 1.684348549114323e-19
7.453707951348025e-05 1.8464793392867084e-19
7.627502916646401e-05 2.024188436270526e-19
7.805350185866558e-05 2.218968561272336e-19
7.987344244870308e-05 2.432454842259645e-19
8.173581782606456e-05 2.666438324773288e-19
8.364161742479263e-05 2.922880748933507e-19
8.559185374914618e-05 3.2039306782998913e-19
8.758756291151902e-05 3.511941178475025e-19
8.96298051829007e-05 3.849489107816175e-19
9.17196655561724e-05 4.219396217080349e-19
9.385825432253677e-05 4.624752244655891e-19
9.604670766138824e-05 5.068940131598145e-19
9.828618824393714e-05 5.555663522027237e-19
0.00010057788585090809 6.088976958264225e-19
0.00010292301800464121 6.673318683057439e-19
0.00010532283061593165 7.3135465526476035e-19
0.00010777859864595113 8.0149773037302885e-19
0.00011029162678360347 8.783429387801684e-19
0.00011286325013867351 9.625269578880033e-19
0.00011549483495113791 1.0547464014322785e-18
0.00011818777931701482 1.155763393129859e-18
0.0001209435139311377 1.2664116149184547e-18
0.00012376350284724815 1.3876029413633294e-18
0.00012664924425581149 1.5203346362860966e-18
0.00012960227127996844 1.665697241476967e-18
0.00013262415279004548 1.8248830862135934e-18
0.00013571649423705693 1.9991956684764307e-18
0.0001388809385056415 2.1900598037867567e-18
0.00014211916678688624 2.3990326266362086e-18
0.00014543289947150178 2.6278156928994474e-18
0.0001488238970638237 2.8782679908224448e-18
0.00015229396111712465 3.1524202197642507e-18
0.00015584493519073535 3.4524901933954954e-18
0.00015947870582948208 3.780899643796049e-18
0.00016319720356596128 4.140292464542594e-18
0.00016700240394618395 4.533554498684938e-18
0.00017089632857913436 4.9638348676414194e-18
0.000174881046210801 5.434569406147885e-18
0.00017895867382325032 5.949505744040306e-18
0.0001831313777593269 6.5127305912624235e-18
0.00018740137487357792 7.128699294625739e-18
0.00019177093371001327 7.802267681577024e-18
0.000196242375707327 8.538726798792658e-18
0.00020081807643222024 9.343839616040027e-18
0.00020550046684148122 1.0223881847721572e-17
0.0002102920345734925 1.1185685030838691e-17
0.0002151953252698519 1.2236682785863619e-17
0.00022021294392780895 1.3384961849058773e-17
0.00022534755628423554 1.4639315108192947e-17
0.0002306018902318662 1.6009301030041402e-17
0.00023597873726856003 1.7505303630343206e-17
0.0002414809539803547 1.913860157309216e-17
0.0002471114635590999 2.09214378057448e-17
0.00025287325735547713 2.286709705658032e-17
0.00025876939646823026 2.4989985787616117e-17
0.00026480301337045197 2.730572027934308e-17
0.000270977313573789 2.9831218765916623e-17
0.00027729557733145163 3.258479898378171e-17
0.00028376116138093086 3.558628286499567e-17
0.0002903775007273506 3.885710636136413e-17
0.00029714811046840066 4.242043603108164e-17
0.00030407658766182135 4.6301292434734545e-17
0.00031116661323643183 5.0526676295605416e-17
0.0003184219539477161 5.512570895999857e-17
0.00032584646437900766 6.012976958187601e-17
0.00033344408898933415 6.557264382052263e-17
0.0003412188642090111 7.14906805990821e-17
0.0003491749205840977 7.792294766896722e-17
0.0003573164849708539 8.491139738754473e-17
0.0003656478827813646 9.250103514823126e-17
0.0003741735402815245 1.0074009476040784e-16
0.0003828979869426037 1.0968021312085699e-16
0.000391825857847644 1.1937660496751333e-16
0.000400961896153964 1.298882452504475e-16
0.0004103109556130814 1.4127805640864698e-16
0.0004198780031493915 1.5361305729480307e-16
0.00042966812149897106 1.669645738045521e-16
0.000439686511909911 1.8140838584793312e-16
0.0004499384969056106 1.9702487324044477e-16
0.00046042952311250296 2.1389919233725593e-16
0.0004711651641537129 2.3212139835084965e-16
0.00048215112361018567 2.5178655423087356e-16
0.0004933932380508582 2.7299486038682725e-16
0.0005048974801334842 2.9585169133554896e-16
0.0005166699617777604 3.2046767963334803e-16
0.0005287169374124361 3.4695871833979845e-16
0.0005410448072981404 3.7544594850873e-16
0.0005536601209276797 4.0605571684466807e-16
0.0005665695805056229 4.389194462689625e-16
0.0005797800445090163 4.741735277661871e-16
0.0005932985313311235 5.119590970993417e-16
0.000607132223010125 5.524217907709663e-16
0.0006212884690447563 5.957114363752164e-16
0.0006357747902989163 6.419816538369015e-16
0.0006505988829973161 6.913894203541756e-16
0.0006657686228142928 7.44094569966878e-16
0.0006812920690579615 8.002591548839241e-16
0.0006971774689519261 8.600468368333809e-16
0.0007134332620168255 9.236220789003867e-16
0.0007300680845540431 9.911493606572729e-16
0.0007470907742339592 1.0627922606743067e-15
0.0007645103747911887 1.1387125992086333e-15
0.0007823361408292924 1.2190691630754749e-15
0.00080057754273752 1.3040168819658867e-15
0.0008192442717221943 1.3937054833181664e-15
0.0008383462449554094 1.4882783003724912e-15
0.0008578936108437789 1.5878711102673551e-15
0.0008778967544200344 1.6926107651841426e-15
0.000898366302860337 1.8026139067092947e-15
0.0009193131311302326 1.9179856515592197e-15
0.0009407483677622533 2.0388184662970456e-15
0.000962683400768232 2.165190661345767e-15
0.000985129883689471 2.2971651804402012e-15
0.0010080997417879817 2.4347886742636793e-15
0.0010316051783820807 2.578089991190789e-15
0.0010556586813297128 2.727079441621338e-15
0.0010802730296629402 2.881748446724098e-15
0.001105461300377127 3.04206730479622e-15
0.0011312368753784248 3.2079859693326933e-15
0.0011576134485932472 3.3794331928097537e-15
0.0011846050332435167 3.556315600820527e-15
