results/limits/MAQRO_h_phase.dat
# %ECSV 1.0
# ---
# datatype:
# - {name: mx, unit: MeV, datatype: float64}
# - {name: sigma, unit: cm2 MeV4, datatype: float64}
# schema: astropy-2.0
mx sigma
[from data line 359]
0.0012404909310584848 8.479982270963943e-44
0.0012694149350204683 8.779348328142554e-44
0.0012990133477864558 9.099143497862017e-44
0.0013293018942621524 9.440940663039591e-44
0.001360296666004259 9.806445366278803e-44
0.001392014129769518 1.0197507689695624e-43
0.0014244711362630968 1.06161352511484e-43
0.0014576849290909482 1.1064507427537855e-43
0.0014916731539209149 1.1544990927028232e-43
0.0015264538678574353 1.206015684416552e-43
0.0015620455490348386 1.2612799344953915e-43
0.0015984671064343198 1.320595614301133e-43
0.0016357378899298156 1.3842930942971959e-43
0.0016738777005681136 1.4527318043355869e-43
0.0017129068010886602 1.5263029308210062e-43
0.0017528459266886532 1.6054323734990831e-43
0.00179371629603914 1.6905839865483188e-43
0.0018355396225579732 1.782263130716029e-43
0.0018783381259456144 1.8810205654447674e-43
0.0019221345439899109 1.9874567123109263e-43
0.001966952144646121 2.102226323671937e-43
0.0020128147383986056 2.2260435932302604e-43
0.002059746690910748 2.3596877483160637e-43
0.0021077729359698315 2.504009167117515e-43
0.0021569189887337423 2.659936067905169e-43
0.002207210959286545 2.828481821566773e-43
0.0022586755665101248 3.0107529435559737e-43
0.0023113401522792685 3.2079578267301047e-43
0.0023652326959877285 3.4214162825764312e-43
0.0024203818294129824 3.652569965071732e-43
0.0024768168519275916 3.9029937589554915e-43
0.002534567746065232 4.1744082225917606e-43
0.0025936651934496745 4.468693184919118e-43
0.0026541405910951734 4.787902606314473e-43
0.0027160260680869266 5.134280824599349e-43
0.0027793545026504624 5.5102803199748045e-43
0.002844159539619031 5.918581146465393e-43
0.0029104756083082714 6.362112192569172e-43
0.0029783379408076585 6.844074450341693e-43
0.0030477825906984404 7.367966490183881e-43
0.0031188464522080173 7.937612358263279e-43
0.0031915672798109355 8.557192134892319e-43
0.0032659837082868936 9.231275415449107e-43
0.003342135273246469 9.964858000711661e-43
0.0034200624321353945 1.0763402110964443e-42
0.0034998065857286074 1.1632880468146878e-42
0.0035814101001254554 1.2579824622898366e-42
0.003664916329257761 1.3611377938916455e-42
0.0037503696379226933 1.4735353685929763e-42
0.0038378154253526898 1.596029873519081e-42
0.003927300149334948 1.729556339815588e-42
0.004018871350893299 1.8751378000419954e-42
0.00411257767954558 2.0338936839530702e-42
0.004208468919149921 2.2070490237556426e-42
0.004306596014353682 2.3959445467792566e-42
0.004407011097659079 2.6020477410336244e-42
0.004509767517119906 2.8269649874035073e-42
0.004614919864684026 3.072454861313855e-42
0.004722524005196735 3.340442716650382e-42
0.004832637106080367 3.6330366756134697e-42
0.004945317667705937 3.9525451600954406e-42
0.005060625554472947 4.3014961131921177e-42
0.005178622026613854 4.682658073693206e-42
0.005299369772740128 5.0990632819625464e-42
0.005422932943147155 5.5540330126582864e-42
0.0055493771838957115 6.05120534841377e-42
0.00567876967168809 6.594565629082518e-42
0.005811179149557424 7.188479833643961e-42
0.0059466759633891655 7.837731176588201e-42
0.006085332099294114 8.547560227780423e-42
0.006227221221852859 9.323708894696629e-42
0.006372418713251954 1.0172468638782964e-41
0.006521001713332612 1.1100733333795963e-41
0.006673049160573193 1.21160572136235e-41
0.006828641834027273 1.3226718400578706e-41
0.006987862396239558 1.4441788552842155e-41
0.00715079543716245 1.5771209221975823e-41
0.007317527519096606 1.7225875568661954e-41
0.007488147222679345 1.8817728147495794e-41
0.007662745193945353 2.0559853540305289e-41
0.007841414192484688 2.2466594692664836e-41
0.008024249140723652 2.455367189066199e-41
0.008211347174354735 2.6838315405283375e-41
0.008402807693942412 2.933941093079637e-41
0.008598732417732204 3.2077659052080305e-41
0.008799225435691074 3.507575009494812e-41
0.009004393264807849 3.8358555844120727e-41
0.009214344905683071 4.195333975679364e-41
0.009429191900438323 4.58899874568855e-41
0.009649048391975805 5.02012594674151e-41
0.009874031184619632 5.492306832747616e-41
0.010104259806171096 6.009478244756757e-41
0.01033985657141083 6.575955928434308e-41
0.010580946647081629 7.196471066510085e-41
0.010827658118386449 7.876210336565133e-41
0.011080122057036918 8.620859834490718e-41
0.011338472590888495 9.436653236817824e-41
0.01160284697519928 1.0330424611152743e-40
0.01187338566555036 1.1309666323471183e-40
0.012150232392466372 1.238259253435618e-40
0.012433534237775993 1.3558208823782401e-40
0.01272344171275288 1.4846388536156155e-40
0.013020108838078586 1.6257956494458014e-40
0.013323693225669961 1.7804780794991876e-40
0.013634356162414448 1.949987346295063e-40
0.013952262695857842 2.1357500824351875e-40
0.014277581721889965 2.339330453251457e-40
0.014610486074474885 2.5624434277844974e-40
0.014951152617473332 2.806969330904697e-40
0.015299762338606094 3.0749698002811176e-40
0.015656500445608335 3.368705283849906e-40
0.016021556464625875 3.690654226533734e-40
0.016395124340905766 4.0435341093281094e-40
0.016777402541834602 4.430324519623117e-40
0.017168594162379338 4.854292448901747e-40
0.01756890703298664 5.319020032897402e-40
0.017978553829998065 5.828434970074887e-40
0.01839775218863974 6.3868438770075135e-40
0.01882672481864659 6.9989688643742845e-40
0.01926569962258253 7.669987644428186e-40
0.019714909816919448 8.405577511232042e-40
0.020174594055939365 9.211963566661263e-40
0.02064499655852557 1.0095971604272604e-39
0.021126367237910063 1.1065086099293984e-39
0.021618961834446313 1.2127513794168382e-39
0.02212304205147776 1.3292253434364826e-39
0.022638875694374342 1.4569172218513971e-39
0.0231667368128109 1.5969089662771977e-39
0.02370690584636297 1.7503869511572598e-39
0.024259669773497434 1.9186520605068597e-39
0.024825322264037063 2.1031307360389176e-39
0.025404163835180054 2.3053871113469462e-39
0.025996502011157406 2.5271362938787064e-39
0.026602651486612925 2.770258942644517e-39
0.027222934293792744 3.036817275780191e-39
0.027857679973633073 3.32907256631322e-39
0.02850722575083718 3.6495043841602044e-39
0.02917191671303455 4.000831646728452e-39
0.029852105994117403 4.386035814782799e-39
0.030548154961852016 4.808386122211861e-39
0.031260433409864494 5.271467440952119e-39
0.031989319754103004 5.779210676587149e-39
0.0327352012338808 6.3359264284336e-39
0.03349847411760691 6.946341298167252e-39
0.034279543913313774 7.615638289524473e-39
0.03507882558409363 8.349500825061344e-39
0.03589674376855814 9.154161069129384e-39
0.03673373300643846 1.0036452917517185e-38
0.037590237969445384 1.1003869814626268e-38
0.038466713697512506 1.206462957233156e-38
0.03936362584054766 1.3227742670241367e-38
0.04028145090582124 1.450308987624694e-38
0.04122067651112274 1.590150602634304e-38
0.04218180164382002 1.743487215801886e-38
0.043165336925959 1.9116216541358434e-38
0.044171804885544536 2.0959825467162623e-38
0.04520174023414663 2.298136473439492e-38
0.046255690150979495 2.5198012870260016e-38
0.047334214573604344 2.7628607216018704e-38
0.048437886495410414 3.029380412107618e-38
0.04956729227003216 3.321625460788304e-38
0.05072303192286451 3.642079463749549e-38
0.051905719469841495 3.9934665457050485e-38
0.05311598324364777 4.3787732033983516e-38
0.05435446622753626 4.801274556758538e-38
0.05562182639692926 5.264561996379523e-38
0.056918737068984544 5.772573726917998e-38
0.058245887260312136 6.329628260265905e-38
0.05960398205303182 6.940461143380605e-38
0.06099374296936585 7.61026523316953e-38
0.06241590835496589 8.344734860996984e-38
0.06387123377117784 9.15011426246547e-38
0.06536049239645289 1.0033250684403915e-37
0.06688447543711816 1.1001652620779171e-37
0.06844399254772507 1.2063553672873278e-37
0.0700398722611988 1.322798257690858e-37
0.0716729624290174 1.4504839994762685e-37
0.07334413067165428 1.5904982720941674e-37
0.07505426483952363 1.744031602206211e-37
0.07680427348467332 1.9123894894267316e-37
0.07859508634347626 2.097003509985853e-37
0.08042765483057629 2.299443492760351e-37
0.08230295254435131 2.52143087123999e-37
0.08422197578416211 2.7648533249995905e-37
0.08618574407966152 3.031780835215485e-37
0.08819530073244539 3.3244832907929465e-37
0.09025171337033296 3.6454497948605497e-37
0.09235607451457113 3.9974098358507305e-37
0.09450950216026408 4.3833565032459935e-37
0.09671314037033632 4.806571945462005e-37
0.09896815988334524 5.2706552864105344e-37
0.10127575873546546 5.779553238198583e-37
0.10363716289697593 6.337593670353449e-37
0.10605362692358762 6.949523275284937e-37
0.10852643462295801 7.620544606724063e-37
0.11105689973674641 8.356365212599839e-37
0.11364636663857243 9.163243007597456e-37
0.11629621104824843 1.0048040274698039e-36
0.1190078407626656 1.1018282033853908e-36
0.12178269640372161 1.2082220047831978e-36
0.12462225218368743 1.3248903009657363e-36
0.1275280166884199 1.4528253508669819e-36
0.13050153367883624 1.5931152429864832e-36
0.1335443829110759 1.7469531504418514e-36
0.13665818097578622 1.9156474798630116e-36
0.13984458215697693 2.1006330004545488e-36
0.14310527931090045 2.303483047889907e-36
0.14644200476542463 2.525922906843664e-36
0.14985653124037576 2.7698444859936825e-36
0.15335067278934078 3.0373224103186675e-36
0.1569262857634292 3.33063166757228e-36
0.1605852697975066 3.652266959034747e-36
0.16432956881942368 4.004963919139591e-36
0.16816117208277714 4.391722384469822e-36
0.172082115223751 4.815831910049838e-36
0.1760944813425998 5.2808997499750033e-36
0.1802004021103484 5.79088154038245e-36
0.18440205890129596 6.350114945752937e-36
0.18870168395192646 6.963356554739846e-36
0.1931015615468407 7.635822339361784e-36
0.1976040292323402 8.37323202170562e-36
0.20221147905830805 9.181857725524042e-36
0.20692635884904578 1.0068577326559137e-35
0.21175117350374192 1.104093295539128e-35
0.2166884863272632 1.2107195150439923e-35
0.22174092039197504 1.3276433206803413e-35
0.22691115993131514 1.4558592319327079e-35
0.23220195176586036 1.59645781760806e-35
0.2376161067626448 1.750634972179943e-35
0.24315650132850383 1.9197020880338725e-35
0.24882607893823822 2.105097210139449e-35
0.25462785169840935 2.3083972680311533e-35
0.2605649019475973 2.5313314891435014e-35
0.26664038389397104 2.7757961075948146e-35
0.27285752529104135 3.043870493533029e-35
0.2792196291524867 3.3378348402403706e-35
0.2857300755069626 3.660189559443988e-35
0.2923923231938275 4.013676549809818e-35
0.2992099117007387 4.4013025195302786e-35
0.3061864630440946 4.826364561388606e-35
0.31332568369332287 5.292478197842315e-35
0.32063136654003577 5.803608134678381e-35
0.3281073929131 6.364101984831938e-35
0.3357577346406907 6.978727249224682e-35
0.343586456160426 7.652711869183476e-35
0.3515977166787018 8.39178869537971e-35
0.359795772380376 9.202244251544071e-35
0.368184978689974 1.009097220774292e-34
0.3767697925856183 1.1065532018062304e-34
0.38555477496691104 1.2134213221474147e-34
0.394544593078027 1.330610595283065e-34
0.4037440229873054 1.4591178263756496e-34
0.4131579521246571 1.6000360911133788e-34
0.42279138187813525 1.754564033439419e-34
0.43264943025104924 1.9240160612487467e-34
0.4427373345810337 2.1098335267776914e-34
0.4530604543225162 2.313596986787037e-34
0.4636242738940635 2.5370399906684007e-34
0.47443440559211736 2.782062481073091e-34
0.48549659257266914 3.0507489268182288e-34
0.4968167119024568 3.345384769186894e-34
0.5084007776813051 3.6684761754429606e-34
0.5202549442372687 4.022771356374874e-34
0.5323855093962742 4.411283942671963e-34
0.5447989178279997 4.837318618973873e-34
0.557501764469769 5.304499233637561e-34
0.5705007980302781 5.816799623324824e-34
0.5838029245750183 6.378577414605839e-34
0.5974152111952977 6.994611090096659e-34
0.6113448897628128 7.670140634417128e-34
0.6255993607717623 8.410912105705551e-34
0.6401861972705483 9.223226511817749e-34
0.6551131488851486 1.011399340695357e-33
0.6703881459363026 1.1090789664606582e-33
0.686019303652694 1.2161923926762383e-33
0.7020149264823721 1.3336507277553513e-33
0.7183835125046995 1.462453074252477e-33
0.7351337579451718 1.603695027272097e-33
0.7522745617955077 1.7585779936476605e-33
0.7698150305414633 1.928419411160072e-33
0.7877644830008832 2.114663954720932e-33
0.8061324552745581 2.3188958248408193e-33
0.8249287058125218 2.5428522229090023e-33
0.8441632205984669 2.7884381279058305e-33
0.8638462184550629 3.0577425002395427e-33
0.8839881564729563 3.353056050537771e-33
0.9045997355663667 3.6768907245362115e-33
0.9256919061582187 4.0320010698037967e-33
0.9472758739978306 4.4214076660508614e-33
0.9693631061142522 4.848422818319546e-33
0.9919653369084147 5.316678731604169e-33
1.0150945743873274 5.8301584065561444e-33
1.0387631065436362 6.393229519073948e-33
1.0629835078839296 7.010681571959525e-33
1.0877686461092637 7.687766634655163e-33
1.1131316889514546 8.430244017594832e-33
1.1390861111687691 9.244429261172547e-33
1.16564570170473 1.0137247856030031e-32
1.1928245710138414 1.1116294151611556e-32
1.2206371585581264 1.2189895954064722e-32
1.2490982404784545 1.3367185362960405e-32
1.2782229374447416 1.4658176449372403e-32
1.3080267226891875 1.6073850436050707e-32
1.3385254302268237 1.7626249104234966e-32
1.369735263267732 1.9328577221631276e-32
1.4016728028254128 2.1195314862810038e-32
1.4343550165258654 2.324234057742759e-32
1.4677992676220706 2.5487066453946946e-32
1.5020233242186567 2.794858622771626e-32
1.5370453687116559 3.0647837693220224e-32
1.5728840074483612 3.360778080199051e-32
1.6095582806124205 3.6853592961086047e-32
1.6470876723394143 4.0412883193361215e-32
1.6854921210682972 4.431592698118008e-32
1.7247920301341966 4.859592379116935e-32
1.7650082786082029 5.328927947052954e-32
1.8061622323899016 5.843591591697923e-32
1.848275755558551 6.40796106564043e-32
1.8913712219889245 7.02683692166726e-32
1.935471527238 7.705483346504933e-32
1.9806001007088037 8.449672938254702e-32
2.0267809180978715 9.265735808400669e-32
2.0740385141329463 1.0160613426054643e-31
2.1223979956076717 1.114191766244012e-31
2.171885054720213 1.2217995537850407e-31
2.222525982722885 1.3398000221822105e-31
2.274347683890048 1.469196889045475e-31
2.327377689811681 1.6110908103135118e-31
2.3816441740202396 1.7666887424885015e-31
2.437175966958554 1.9373142090688687e-31
2.4940025712967335 2.1244185585068335e-31
2.552154177606206 2.329593309451469e-31
2.611661680399223 2.554583688286637e-31
2.6725566945423505 2.80130347411463e-31
2.7348715720526675 3.0718512774578825e-31
2.7986394192855935 3.3685283911460433e-31
2.863894114523477 3.693858365229185e-31
2.9306703259742912 4.050608472422116e-31
2.999003530189995 4.441813246666019e-31
3.068930030914351 4.870800295027931e-31
3.1404869783702067 5.341218602494843e-31
3.21371238899649 5.857069570424911e-31
3.2886451656454048 6.422741052670205e-31
3.3653251182505572 7.043044678884085e-31
3.443792984976987 7.723256782487e-31
3.5240904538643507 8.469163281426414e-31
3.6062601849747473 9.287108893488394e-31
3.6903458330569543 1.0184051104789338e-30
3.77639207073912 1.1167619350506216e-30
3.8644446122622242 1.2246179911239587e-30
3.9545502377669295 1.3428907077021947e-30
4.046756818146711 1.472586118429469e-30
4.141113340480481 1.6148074189641434e-30
4.237669934058216 1.770764350817205e-30
4.336477897013409 1.9417834914750405e-30
4.437589723576497 2.1293195383350775e-30
4.541059131963759 2.3349676824358466e-30
4.646941092916466 2.5604771772331574e-30
4.755291858905486 2.8077662178390457e-30
4.866168994016832 3.078938257287071e-30
4.979631404534034 3.3762998986109075e-30
5.0957393702336 3.7023805149272674e-30
5.214554576410165 4.0599537644124994e-30
5.336140146648369 4.4520611831802755e-30
5.4605606763588606 4.882038056742918e-30
5.587882267096237 5.353541790119742e-30
5.718172561677172 5.870583017910744e-30
5.851500780117376 6.43755971895891e-30
5.987937756406471 7.059294625782405e-30
6.127555976140354 7.741076246983471e-30
6.270429615030991 8.488703851571992e-30
6.416634578314149 9.308536797843799e-30
6.566248541075969 1.0207548626406468e-29
6.719350989519823 1.1193386377471425e-29
6.87602326319537 1.227443563696836e-29
7.036348598212252 1.3459891864766708e-29
7.200412171461376 1.4759838611726667e-29
