results/limits/MAQRO_True_l.dat
# %ECSV 0.9
# ---
# datatype:
# - {name: mx, unit: MeV, datatype: float64}
# - {name: sigma_5, unit: cm2, datatype: float64}
# - {name: sigma_3, unit: cm2, datatype: float64}
# - {name: sigma_2, unit: cm2, datatype: float64}
# schema: astropy-2.0
mx sigma_5 sigma_3 sigma_2
1e-10 inf inf inf
1.3848863713938747e-10 inf inf inf
1.9179102616724848e-10 inf inf inf
2.656087782946684e-10 inf inf inf
3.6783797718286343e-10 inf inf inf
5.094138014816385e-10 inf inf inf
7.054802310718631e-10 inf inf inf
9.770099572992246e-10 inf inf inf
1.3530477745798075e-09 inf inf inf
1.873817422860387e-09 inf inf inf
2.595024211399732e-09 inf inf inf
3.5938136638046257e-09 inf inf inf
4.977023564332114e-09 inf inf inf
6.892612104349681e-09 inf inf inf
9.545484566618328e-09 inf inf inf
1.3219411484660288e-08 inf inf inf
1.8307382802953696e-08 inf inf inf
2.5353644939701113e-08 inf inf inf
3.5111917342151277e-08 inf inf inf
4.8626015800653535e-08 inf inf inf
6.734150657750828e-08 inf inf inf
9.3260334688322e-08 inf inf inf
1.2915496650148827e-07 inf inf inf
1.7886495290574352e-07 inf inf inf
2.4770763559917087e-07 inf inf inf
3.430469286314912e-07 inf inf inf
4.7508101621027934e-07 inf inf inf
6.579332246575682e-07 inf inf inf
9.111627561154887e-07 inf inf inf
1.261856883066021e-06 inf inf inf
1.747528400007683e-06 inf inf inf
2.4201282647943835e-06 inf inf inf
3.3516026509388406e-06 inf inf inf
4.641588833612773e-06 inf inf inf
6.4280731172843194e-06 inf inf inf
8.902150854450375e-06 inf inf inf
1.2328467394420658e-05 inf inf inf
1.7073526474706886e-05 inf inf inf
2.3644894126454072e-05 inf inf inf
3.274549162877725e-05 inf inf inf
4.534878508128582e-05 7.643317494030672e-28 8.868984986676e-28 5.758484398319604e-26
6.280291441834246e-05 1.6895430758699254e-29 2.158207511983511e-29 3.0669364010181036e-27
8.697490026177834e-05 2.0160931660933004e-30 2.9979535636242942e-30 8.586033998161995e-28
0.00012045035402587811 4.816593212345865e-31 8.864090958600487e-31 4.290439581616714e-28
0.0001668100537200059 1.6797664699736786e-31 4.035622351151365e-31 2.7237697293867715e-28
0.0002310129700083158 7.304020140899193e-32 2.355655362517743e-31 1.8997865290946007e-28
0.00031992671377973844 3.637436417668339e-32 1.5690508469039347e-31 1.3779932541962188e-28
0.00044306214575838776 1.9784977966503714e-32 1.1148948353087437e-31 1.0257547155544975e-28
0.0006135907273413163 1.1439760697145236e-32 8.212678297153131e-32 7.895498192200453e-29
0.0008497534359086438 6.924383314501033e-33 6.257253049253845e-32 6.43419151062298e-29
0.0011768119524349966 4.352135509168052e-33 5.00816405185071e-32 5.789457267265864e-29
0.0016297508346206436 2.8296409403747312e-33 4.338816761420386e-32 6.107934882614953e-29
0.002257019719633917 1.899075768871238e-33 4.233625637198572e-32 7.996758713751413e-29
0.0031257158496882354 1.3120062656805887e-33 4.831900709288854e-32 1.310427877152371e-28
0.004328761281083053 9.297193302967205e-34 6.58790265161194e-32 2.560500518064737e-28
0.005994842503189409 6.742574699976324e-34 1.0698976133751119e-31 5.615009505667465e-28
0.008302175681319735 5.010559030857232e-34 2.020560779146812e-31 1.324592029197891e-27
0.011497569953977356 3.832117435705748e-34 4.282845565303966e-31 3.272162173703888e-27
0.01592282793341094 3.030755657076102e-34 9.841027220433976e-31 8.318835383366993e-27
0.022051307399030412 2.4838172322179082e-34 2.386134529026529e-30 2.1525487895625873e-26
0.030538555088334123 2.108645825604318e-34 5.9909052612962616e-30 5.629764896244368e-26
0.04229242874389499 1.855719351929289e-34 1.537756344133154e-29 1.4818749890386484e-25
0.058570208180566734 1.70042670192143e-34 4.001656633824788e-29 3.9154585125496737e-25
0.08111308307896856 1.6363535502018802e-34 1.0500869441268383e-28 1.036861496042752e-24
0.11233240329780265 1.6744238625397998e-34 2.7694496894805042e-28 2.749274526846826e-24
0.15556761439304723 1.8507429380591074e-34 7.325811033359074e-28 7.295107938421418e-24
0.21544346900318778 2.249714128799252e-34 1.9412193371155765e-27 1.936486836378376e-23
0.2983647240283334 3.0618886715861592e-34 5.14905594926767e-27 5.141313269026114e-23
0.41320124001153347 4.729233392966909e-34 1.3665335786428913e-26 1.3650343232359099e-22
0.572236765935022 8.315976138658125e-34 3.627705000980543e-26 3.623766545336359e-22
0.7924828983539153 1.6462258255622457e-33 9.631194812999638e-26 9.617222346645843e-22
1.0974987654930546 3.585265533230259e-33 2.5567959669859024e-25 2.5510805052763615e-21
1.5199110829529332 8.368741856720298e-33 6.785910373920772e-25 6.762584556078122e-21
2.104904144512022 2.0480052965413276e-32 1.8002769265111525e-24 1.791556141807082e-20
2.91505306282517 5.170147837423001e-32 4.773402436355573e-24 4.7448470352053804e-20
4.03701725859655 1.3313810136482638e-31 1.2649441228117516e-23 1.2568245546441555e-19
5.5908101825122225 3.4712270776784893e-31 3.3508425804386683e-23 3.330049117735184e-19
7.742636826811277 9.119152737131528e-31 8.875855255440108e-23 8.822953576246878e-19
10.72267222010321 2.4066088240641392e-30 2.351362027805153e-22 2.3358033793662496e-18
14.849682622544636 6.368393509484456e-30 6.228890156061599e-22 6.170950635057354e-18
20.565123083486515 1.687869328028713e-29 1.6489730071506524e-21 1.623232756861351e-17
28.48035868435793 4.4775199235399167e-29 4.3571725575232254e-21 4.2341801313147284e-17
39.44206059437648 1.1883557133252651e-28 1.1467161698155393e-20 1.0874106279160979e-16
54.62277217684337 3.1546504782155405e-28 2.99438346600503e-20 2.7160413666171815e-16
75.64633275546291 8.374722802595078e-28 7.705539065836498e-20 6.473900798133355e-16
104.76157527896619 2.2229746443747218e-27 1.9314440413124864e-19 1.4368135226909173e-15
145.08287784959373 5.898957800525188e-27 4.630397592149805e-19 2.9014680010397804e-15
200.92330025650458 1.5646937493369023e-26 1.0363072165077427e-18 5.279244059077733e-15
278.2559402207126 4.1481854836797304e-26 2.1143238519337064e-18 8.741626667658355e-15
385.352859371052 1.0991998636123934e-25 3.887244824720701e-18 1.3481332721394835e-14
533.6699231206302 2.911795829338576e-25 6.492230923358992e-18 1.9846306172748353e-14
739.0722033525775 7.712620585116988e-25 1.0072763507371704e-17 2.841752378601935e-14
1023.5310218990269 2.0427319948130975e-24 1.48833437245763e-17 4.006929546019374e-14
1417.474162926802 5.4078701456368264e-24 2.1357170139845417e-17 5.603412524867638e-14
1963.0406500402685 1.4296550606937268e-23 3.0145239110621484e-17 7.792398943974954e-14
2718.58824273294 3.7673771933751014e-23 4.217000938689527e-17 1.0816362578735609e-13
3764.935806792456 9.863526669406246e-23 5.871057961925541e-17 1.4997382200530445e-13
5214.0082879996735 2.550816067611407e-22 8.153438609832922e-17 2.0811733762917394e-13
7220.8090183854565 6.450417067890154e-22 1.1307720637212712e-16 2.8830222131368875e-13
10000.0 1.569167363453585e-21 1.5672881611962747e-16 3.991154846796668e-13
