results/limits/MAQRO_l.dat
# %ECSV 1.0
# ---
# datatype:
# - {name: mx, unit: MeV, datatype: float64}
# - {name: sigma_10, unit: cm2, datatype: float64}
# - {name: sigma_9, unit: cm2, datatype: float64}
# - {name: sigma_7, unit: cm2, datatype: float64}
# - {name: sigma_6, unit: cm2, datatype: float64}
# - {name: sigma_5, unit: cm2, datatype: float64}
# - {name: sigma_4, unit: cm2, datatype: float64}
# - {name: sigma_3, unit: cm2, datatype: float64}
# - {name: sigma_2, unit: cm2, datatype: float64}
# schema: astropy-2.0
mx sigma_10 sigma_9 sigma_7 sigma_6 sigma_5 sigma_4 sigma_3 sigma_2
3.162277660168379e-07 7.422102385036393e-33 7.42215196479802e-33 7.79461867681846e-33 1.0372481781324006e-32 1.5994262997263484e-32 3.3431782358816397e-32 4.217992292274017e-32 9.440500701179129e-33
3.2360111549336787e-07 7.234759175173243e-33 7.234809650839321e-33 7.609789460939381e-33 1.0136150787341176e-32 1.562982875004471e-32 3.2670029084378497e-32 4.1218840629467177e-32 9.225396050919966e-33
3.311463862505236e-07 7.052189288332675e-33 7.05224067698158e-33 7.429625920029311e-33 9.905203748152856e-33 1.5273698259221703e-32 3.1925632583629843e-32 4.027965688829713e-32 9.015192625490843e-33
3.388675869043115e-07 6.874269774970903e-33 6.874322094007013e-33 7.254001044702908e-33 9.67951807813239e-33 1.492568232220868e-32 3.1198197390210864e-32 3.936187273411619e-32 8.809778749036682e-33
3.4676881953794695e-07 6.70088089203071e-33 6.700934159190937e-33 7.082791188107316e-33 9.458973974658319e-33 1.4585596043008994e-32 3.0487337024531743e-32 3.8465000570727223e-32 8.609045289157183e-33
3.548542818811901e-07 6.531906019466947e-33 6.531960252827668e-33 6.915876000018765e-33 9.243454358686595e-33 1.4253258741903534e-32 2.979267382652373e-32 3.758856391274505e-32 8.41288560420093e-33
3.6312826954049566e-07 6.367231576573062e-33 6.36728679455667e-33 6.75313835957264e-33 9.032844811560776e-33 1.3928493855129598e-32 2.9113838740292926e-32 3.673209713014579e-32 8.221195475402164e-33
3.715951782811629e-07 6.206746935558273e-33 6.206803156940021e-33 6.594464303253014e-33 8.827033501338431e-33 1.3611128808587091e-32 2.845047111604103e-32 3.589514520411206e-32 8.033873066148318e-33
3.8025950636269697e-07 6.0503443773303836e-33 6.050401621246022e-33 6.439743000849263e-33 8.625911194609596e-33 1.3300995093882612e-32 2.7802218526113394e-32 3.507726348224625e-32 7.850818854147542e-33
3.89125856928623e-07 5.897918945836194e-33 5.897977231788292e-33 6.288866614468698e-33 8.42937105785023e-33 1.2997927842786144e-32 2.716873656540005e-32 3.4278017444270656e-32 7.671935588101822e-33
3.9819894045202297e-07 5.749368444273283e-33 5.749427792139179e-33 6.1417303167537434e-33 8.237308743025841e-33 1.2701766076754551e-32 2.6549688684684096e-32 3.349698247065157e-32 7.497128231702955e-33
4.0748357723809307e-07 5.604593326936075e-33 5.604653756975044e-33 5.998232189851336e-33 8.049622260720527e-33 1.2412352450433228e-32 2.5944745994871394e-32 3.273374361266817e-32 7.326303914128602e-33
4.169846999850535e-07 5.46349663798259e-33 5.4635581708437e-33 5.8582731757180135e-33 7.866211942891299e-33 1.2129533206574194e-32 2.535358711100625e-32 3.1987895392411875e-32 7.159371880673058e-33
4.2670735640476865e-07 5.325983936394736e-33 5.3260465931243734e-33 5.7217570090570373e-33 7.686980379097327e-33 1.185315806836209e-32 2.4775897958264923e-32 3.125904154714375e-32 6.996243444589156e-33
4.3665671190447213e-07 5.19196325220204e-33 5.1920270542522226e-33 5.588590184561328e-33 7.511832409715153e-33 1.1583080264576249e-32 2.4211371629909846e-32 3.054679485881011e-32 6.836831939652986e-33
4.4683805233101997e-07 5.061344980138128e-33 5.061409949373929e-33 5.458681849868176e-33 7.340674990167965e-33 1.1319156248773706e-32 2.365970820285583e-32 2.9850776928278494e-32 6.681052674569721e-33
4.572567867791303e-07 4.934041857522273e-33 4.9341080162305116e-33 5.331943794562417e-33 7.173417226862768e-33 1.106124582490121e-32 2.3120614595855628e-32 2.917061797846632e-32 6.528822887647954e-33
4.6791845046510194e-07 4.8099688825592566e-33 4.810036253456795e-33 5.2082903675773245e-33 7.00997028635134e-33 1.080921197093251e-32 2.2593804400781597e-32 2.850595665764593e-32 6.38006170296018e-33
4.788287076675383e-07 4.689043258834069e-33 4.6891118650763155e-33 5.0876384236687144e-33 6.85024735712813e-33 1.0562920786785325e-32 2.2078997734619487e-32 2.785643984769473e-32 6.23469008744187e-33
4.899933547366384e-07 4.5711843374764675e-33 4.571254202666012e-33 4.969907265010234e-33 6.694163604027762e-33 1.0322241423809202e-32 2.157592109446771e-32 2.722172247633313e-32 6.092630808703345e-33
5.014183231736547e-07 4.456313560537192e-33 4.456384708732829e-33 4.855018582433558e-33 6.541636123203145e-33 1.0087046014833748e-32 2.1084307206003392e-32 2.660146733390245e-32 5.953808394238783e-33
5.131096827821533e-07 4.3443544062462206e-33 4.3444268619718936e-33 4.7428963969957645e-33 6.392583898549218e-33 9.857209606857024e-33 2.0603894892857894e-32 2.5995344894037173e-32 5.8181490910776116e-33
5.250736448927506e-07 4.2352323347536936e-33 4.2353061230078245e-33 4.633467000591619e-33 6.246927757851677e-33 9.632610092234264e-33 2.0134428918320402e-32 2.540303313860571e-32 5.685580826821973e-33
5.373165656630395e-07 4.128874737350532e-33 4.128949883615159e-33 4.526658898123931e-33 6.1045903320912464e-33 9.413128146937206e-33 1.9675659868377318e-32 2.4824217388249197e-32 5.556033171264256e-33
5.4984494945446e-07 4.025210884905541e-33 4.025287415156222e-33 4.4224027482248985e-33 5.9654960138140885e-33 9.19864716498437e-33 1.9227344008136516e-32 2.4258590130967204e-32 5.429437298899611e-33
5.626654522879044e-07 3.924171878464129e-33 3.9242498191794467e-33 4.3206313052325076e-33 5.8295709179530806e-33 8.989053199088582e-33 1.8789243164980995e-32 2.3705850863517696e-32 5.30572595250569e-33
5.757848853798981e-07 3.8256906016574786e-33 3.8257699798291704e-33 4.2212793598106995e-33 5.696742841049252e-33 8.784234895917746e-33 1.836112458010935e-32 2.3165705929201055e-32 5.184833407235914e-33
5.892102187612295e-07 3.7297016738742e-33 3.729782517017166e-33 4.1242836815385096e-33 5.56694122448732e-33 8.584083440526006e-33 1.7942760806796693e-32 2.2637868362299937e-32 5.0666954360429366e-33
6.029485849799565e-07 3.6361414048913215e-33 3.636223740977903e-33 4.029582960811257e-33 5.440097116782357e-33 8.388492497896571e-33 1.7533929580821246e-32 2.2122057735708413e-32 4.951249274996064e-33
6.17007282890752e-07 3.544947749963239e-33 3.545031607738325e-33 3.937117751012094e-33 5.316143136480309e-33 8.197358154484072e-33 1.713441369693812e-32 2.1618000011734685e-32 4.8384335904197726e-33
6.313937815326057e-07 3.45606026761318e-33 3.4561456761480044e-33 3.846830411625806e-33 5.195013436710373e-33 8.010578864936233e-33 1.6744000900514985e-32 2.1125427397673413e-32 4.728188446152878e-33
6.461157240969403e-07 3.36942007756946e-33 3.369507066568051e-33 3.7586650525793696e-33 5.0766436717230265e-33 7.828055400308504e-33 1.6362483785631486e-32 2.0644078201176878e-32 4.620455271670259e-33
6.611809319882495e-07 3.284969818823818e-33 3.2850584185945504e-33 3.672567476593631e-33 4.960970959356374e-33 7.64969078787118e-33 1.5989659650883478e-32 2.0173696693468887e-32 4.5151768309555604e-33
6.765974089794179e-07 3.202653611079555e-33 3.2027438524915896e-33 3.5884851260572504e-33 4.8479338511189896e-33 7.475390267640825e-33 1.562533042680624e-32 1.971403297259286e-32 4.41229719228652e-33
6.923733454639272e-07 3.122417015813736e-33 3.1225089303452725e-33 3.506367027886749e-33 4.737472297787928e-33 7.305061237658983e-33 1.5269302553542885e-32 1.9264842830450024e-32 4.3117616981398916e-33
7.085171228072106e-07 3.0442069982419883e-33 3.0443006179828703e-33 3.426163740574258e-33 4.629527618007326e-33 7.138613206029242e-33 1.4921386880936882e-32 1.8825887623400484e-32 4.2135169365281e-33
7.250373177994646e-07 2.967971891404398e-33 2.968067249068162e-33 3.3478273026440074e-33 4.524042468304795e-33 6.97595774570917e-33 1.458139858200037e-32 1.8396934145507556e-32 4.1175107124140195e-33
7.419427072122865e-07 2.893661359068996e-33 2.893758488005036e-33 3.271311179747614e-33 4.420960809310221e-33 6.817008438190841e-33 1.4249157014344805e-32 1.7977754504283184e-32 4.02369202011366e-33
7.592422724615558e-07 2.821226362182407e-33 2.8213252963885413e-33 3.196570216824673e-33 4.3202278797692965e-33 6.661680839372311e-33 1.3924485671832382e-32 1.7568125999957399e-32 3.932011016013008e-33
7.769452043790388e-07 2.7506191250328953e-33 2.7507198991659718e-33 3.1235605883964834e-33 4.2217901655642506e-33 6.509892427256162e-33 1.3607212065379095e-32 1.716783100702892e-32 3.842418992279141e-33
7.950609080952509e-07 2.681793101479745e-33 2.6818957508768766e-33 3.0522397511942143e-33 4.125595371298448e-33 6.361562560367323e-33 1.3297167634147095e-32 1.677665685865452e-32 3.7548683508685034e-33
8.135990080361694e-07 2.6147029440111473e-33 2.614807504690442e-33 2.9825663990284146e-33 4.0315923942862695e-33 6.216612434478113e-33 1.299418765955315e-32 1.639439573367426e-32 3.669312578277704e-33
8.325693530364543e-07 2.5493044712357005e-33 2.549410979918105e-33 2.9145004166034836e-33 3.939731294053048e-33 6.074965041416444e-33 1.269811117595918e-32 1.6020844546212216e-32 3.585706220922169e-33
8.519820215718901e-07 2.4855546384033942e-33 2.485663132524156e-33 2.848002837479737e-33 3.849963269145199e-33 5.936545127183437e-33 1.2408780885261715e-32 1.5655804837711889e-32 3.5040048606983576e-33
8.718473271138315e-07 2.423411507736014e-33 2.423522025458692e-33 2.7830358019938775e-33 3.762240629674595e-33 5.8012791528903185e-33 1.2126043072329649e-32 1.529908267167229e-32 3.4241650917145786e-33
8.921758236084957e-07 2.362834219397792e-33 2.362946799610092e-33 2.7195625169387647e-33 3.676516772246842e-33 5.6690952552569196e-33 1.1849747528514622e-32 1.4950488530325326e-32 3.346144497110984e-33
9.12978311084014e-07 2.3037829631496537e-33 2.3038976455514514e-33 2.6575472161583938e-33 3.592746154913609e-33 5.539923207738561e-33 1.1579747461920273e-32 1.4609837214304754e-32 3.269901626448146e-33
9.342658413882192e-07 2.2462189517739422e-33 2.2463357767815062e-33 2.5969551233485187e-33 3.5108842729401124e-33 5.4136943830937096e-33 1.1315899422260637e-32 1.4276947743913018e-32 3.1953959737590155e-33
9.560497240602198e-07 2.190104394575164e-33 2.190223403409996e-33 2.537752417692519e-33 3.430887638020168e-33 5.290341723690866e-33 1.1058063254501583e-32 1.3951643263248615e-32 3.122587956037692e-33
9.78341532338879e-07 2.1354024696717217e-33 2.1355237043571553e-33 2.4799061954325983e-33 3.352713748574658e-33 5.1697996901616e-33 1.080610195347166e-32 1.363375094607239e-32 3.0514388921923547e-33
1.0011531093113902e-06 2.082077301349924e-33 2.08220080472682e-33 2.4233844409781397e-33 3.2763210746926736e-33 5.0520042444417563e-33 1.0559881671656805e-32 1.3323101904016053e-32 2.9819109824626275e-33
1.0244965742052174e-06 2.030093933783822e-33 2.0302197495263013e-33 2.3681559919116774e-33 3.2016690308081744e-33 4.936892803215468e-33 1.0319271592171461e-32 1.3019531096898462e-32 2.9139672884058687e-33
1.048384328826741e-06 1.9794183082784496e-33 1.9795464809100948e-33 2.3141905117046014e-33 3.128717956787365e-33 4.824404211451276e-33 1.0084143886721086e-32 1.2722877244457898e-32 2.8475717131927733e-33
1.0728290641500308e-06 1.9300172384910484e-33 1.9301478134011416e-33 2.261458457043818e-33 3.057429096298891e-33 4.714478706022813e-33 9.854373636445603e-33 1.2432982743924112e-32 2.782688982518555e-33
1.0978437670592484e-06 1.881858389352132e-33 1.8819914128124333e-33 2.2099310530033398e-33 2.987764575521813e-33 4.607057887345579e-33 9.629838774534157e-33 1.2149693579199266e-32 2.7192846257706048e-33
1.1234417272482566e-06 1.834910253951071e-33 1.8350457732792516e-33 2.1595802651531256e-33 2.919687383503937e-33 4.502084684397417e-33 9.410420006690167e-33 1.1872859246733197e-32 2.657324957788916e-33
1.149636544281106e-06 1.7891421331881167e-33 1.7892801961700495e-33 2.1103787748085198e-33 2.8531613528615504e-33 4.399503327782461e-33 9.196000762392513e-33 1.1602332671152659e-32 2.596777060879438e-33
1.1764421348171486e-06 1.744524112474989e-33 1.744664768296971e-33 2.0622999547337222e-33 2.7881511401771438e-33 4.299259318658136e-33 8.986467126385842e-33 1.1337970128404883e-32 2.5376087675854805e-33
1.2038727400046132e-06 1.7010270464295e-33 1.7011703450569428e-33 2.015317846047119e-33 2.7246222072098395e-33 4.2012993997370725e-33 8.781707778273979e-33 1.1079631169118031e-32 2.4797886431094755e-33
1.2319429330465773e-06 1.6586225313459313e-33 1.6587685237230707e-33 1.969407136605068e-33 2.6625408027531542e-33 4.105571527423809e-33 8.581613934701504e-33 1.0827178544254782e-32 2.4232859690947377e-33
1.2606676269433496e-06 1.6172828924628337e-33 1.617431630522595e-33 1.9245431393315313e-33 2.601873944459452e-33 4.012024843819983e-33 8.386079290648636e-33 1.0580478131935188e-32 2.3680707270674576e-33
1.2900620824153782e-06 1.576981164105548e-33 1.577132700788584e-33 1.8807017756743213e-33 2.5425894016189225e-33 3.92060964991564e-33 8.194999963473263e-33 1.0339398866361703e-32 2.3141135824550466e-33
1.3201419160108953e-06 1.5376910672528032e-33 1.5378454565260237e-33 1.837859549831475e-33 2.4846556777061463e-33 3.831277379036166e-33 8.008274437308016e-33 1.0103812668077632e-32 2.26138586939147e-33
1.3509231084026028e-06 1.499386996155763e-33 1.4995442930319928e-33 1.795993537222165e-33 2.4280419941481686e-33 3.743980571182285e-33 7.825803509652811e-33 9.873594375921965e-33 2.20985957471333e-33
1.38242201287781e-06 1.4620440006533218e-33 1.4622042612112552e-33 1.7550813665900646e-33 2.372718273166153e-33 3.658672847662917e-33 7.647490237956774e-33 9.648621680597214e-33 2.1595073238309464e-33
1.4146553640265304e-06 1.4256377653249866e-33 1.4258010467286372e-33 1.7151011982535306e-33 2.318655122660269e-33 3.5753088867115356e-33 7.473239889169749e-33 9.428775059722663e-33 2.1103023658921073e-33
1.447640286632156e-06 1.3901445976300224e-33 1.3903109581494337e-33 1.6760317146724607e-33 2.2658238199973777e-33 3.4938443983848844e-33 7.302959888124815e-33 9.213937714166468e-33 2.062218559457226e-33
1.4813943047694329e-06 1.3555414096623953e-33 1.3557109086941974e-33 1.6378521027234265e-33 2.214196297624326e-33 3.4142361044349944e-33 7.13655976926124e-33 9.003995506163072e-33 2.0152303587962323e-33
1.5159353511145682e-06 1.3218057024222123e-33 1.32197840051049e-33 1.6005420390749826e-33 2.1637451263014267e-33 3.3364417088032955e-33 6.97395112671985e-33 8.798836898613408e-33 1.9693128002865977e-33
1.5512817764724183e-06 1.2889155512709796e-33 1.2890915103605841e-33 1.564081677895871e-33 2.1144435029836863e-33 3.260419882859952e-33 6.815047575463298e-33 8.598352895807169e-33 1.924441489011473e-33
1.587452359525819e-06 1.256849591464819e-33 1.2570288739950641e-33 1.5284516366199352e-33 2.066265234403235e-33 3.186130237024099e-33 6.65976468891922e-33 8.402436985553474e-33 1.8805925859784928e-33
1.6244663168122348e-06 1.225587002036206e-33 1.2257696723544409e-33 1.4936329843737667e-33 2.019184724829387e-33 3.113533303827454e-33 6.508019971038925e-33 8.210985081955084e-33 1.8377427953360165e-33
1.6623433129330315e-06 1.1951074934697878e-33 1.1952936169257694e-33 1.4596072291262663e-33 1.9731769608617982e-33 3.0425905137109754e-33 6.359732803380657e-33 8.023895473155558e-33 1.7958693520493998e-33
1.7011034710007933e-06 1.165391293755832e-33 1.1655809369563076e-33 1.4263563075313832e-33 1.9282175005671764e-33 2.9732641767873632e-33 6.214824404719937e-33 7.841068761127711e-33 1.754950009803343e-33
1.740767383330235e-06 1.1364191340286096e-33 1.1366123648598596e-33 1.3938625720013186e-33 1.8842824570259424e-33 2.9055174615922505e-33 6.0732177887772e-33 7.662407815548217e-33 1.7149630291484595e-33
1.7813561223783898e-06 1.108172236600188e-33 1.1083691242512344e-33 1.362108781634984e-33 1.841348488443139e-33 2.839314376067479e-33 5.934837723496914e-33 7.487817717906385e-33 1.6758871661279672e-33
1.8228912519398869e-06 1.0806323024314903e-33 1.0808329174176118e-33 1.331078092179744e-33 1.7993927860544912e-33 2.774619748096327e-33 5.799610690860396e-33 7.317205712730229e-33 1.6377016603125626e-33
1.8653948386032614e-06 1.05378149769479e-33 1.0539859118809222e-33 1.3007540442870698e-33 1.758393058516295e-33 2.7113992069749656e-33 5.667464847877676e-33 7.150481158437091e-33 1.6003862250652878e-33
1.908889463474389e-06 1.0276024428827296e-33 1.0278107295075469e-33 1.2711205561785958e-33 1.7183275239953963e-33 2.6496191653845077e-33 5.5383299895913476e-33 6.987555478176981e-33 1.5639210355021473e-33
