results/limits/MAQRO_l_phase.dat
# %ECSV 1.0
# ---
# datatype:
# - {name: mx, unit: MeV, datatype: float64}
# - {name: sigma_10, unit: cm2, datatype: float64}
# - {name: sigma_9, unit: cm2, datatype: float64}
# - {name: sigma_7, unit: cm2, datatype: float64}
# - {name: sigma_6, unit: cm2, datatype: float64}
# - {name: sigma_5, unit: cm2, datatype: float64}
# - {name: sigma_4, unit: cm2, datatype: float64}
# - {name: sigma_3, unit: cm2, datatype: float64}
# - {name: sigma_2, unit: cm2, datatype: float64}
# schema: astropy-2.0
mx sigma_10 sigma_9 sigma_7 sigma_6 sigma_5 sigma_4 sigma_3 sigma_2
[from data line 79]
1.9533982341732686e-06 1.645213771537142e-34 1.9103234650777723e-34 2.8800659114881312e-34 3.859719888153939e-34 5.847109118175317e-34 1.1589901729960623e-33 1.1423474355895432e-33 1.648023039280706e-34
1.9989447971105317e-06 1.644620660583844e-34 1.9103231576372135e-34 2.880065921614787e-34 3.8597199063413775e-34 5.847109159907153e-34 1.1589901895055498e-33 1.1423474902893086e-33 1.6480232298865697e-34
2.045553350050195e-06 1.6440550473761094e-34 1.910322877624278e-34 2.8800659322192036e-34 3.859719925386842e-34 5.847109203607765e-34 1.1589902067939033e-33 1.142347547569634e-33 1.6480234294846244e-34
2.0932486549653353e-06 1.6435162117287784e-34 1.9103226226841003e-34 2.880065943323888e-34 3.859719945330805e-34 5.847109249370021e-34 1.1589902248978619e-33 1.1423476075522571e-33 1.6480236384990907e-34
2.1420560511935146e-06 1.6430034132825853e-34 1.910322390665913e-34 2.88006595495246e-34 3.859719966215662e-34 5.847109297291206e-34 1.1589902438559121e-33 1.1423476703646816e-33 1.6480238573742257e-34
2.192001468898943e-06 1.6425158942469986e-34 1.910322179607171e-34 2.8800659671296285e-34 3.8597199880857976e-34 5.84710934747315e-34 1.1589902637083382e-33 1.1423477361403897e-33 1.6480240865752037e-34
2.2431114428485372e-06 1.6420528821703654e-34 1.9103219877156389e-34 2.8800659798812885e-34 3.859720010987701e-34 5.847109400022515e-34 1.1589902844973402e-33 1.1423478050191912e-33 1.648024326589183e-34
2.2954131265091837e-06 1.6416135927473703e-34 1.9103218133561331e-34 2.880065993234518e-34 3.859720034970032e-34 5.847109455050989e-34 1.1589903062670981e-33 1.1423478771474744e-33 1.6480245779262783e-34
2.3489343064737076e-06 1.6411972326034041e-34 1.910321655036948e-34 2.8800660072177157e-34 3.859720060083779e-34 5.847109512675531e-34 1.1589903290638852e-33 1.1423479526785441e-33 1.6480248411206884e-34
2.403703417223201e-06 1.6408030020710946e-34 1.9103215113966754e-34 2.880066021860594e-34 3.859720086382307e-34 5.847109573018608e-34 1.1589903529361495e-33 1.142348031772928e-33 1.6480251167317987e-34
2.4597495562335635e-06 1.6404300979068958e-34 1.9103213811944248e-34 2.880066037194274e-34 3.85972011392152e-34 5.847109636208478e-34 1.1589903779346322e-33 1.1423481145987392e-33 1.648025405345403e-34
2.5171024994342686e-06 1.6400777159510005e-34 1.9103212632988277e-34 2.88006605325135e-34 3.859720142759935e-34 5.847109702379441e-34 1.1589904041124608e-33 1.1423482013320064e-33 1.648025707574909e-34
2.575792717027583e-06 1.639745053689717e-34 1.910321156677475e-34 2.880066070065947e-34 3.859720172958856e-34 5.847109771672136e-34 1.1589904315252754e-33 1.142348292157077e-33 1.648026024062684e-34
2.635851389676631e-06 1.6394313127157133e-34 1.91032106039182e-34 2.880066087673803e-34 3.859720204582463e-34 5.84710984423383e-34 1.158990460231337e-33 1.1423483872669871e-33 1.6480263554813868e-34
2.6973104250709106e-06 1.6391357010742262e-34 1.9103209735852152e-34 2.88006610611234e-34 3.85972023769797e-34 5.847109920218749e-34 1.1589904902916581e-33 1.14234848686388e-33 1.6480267025354132e-34
2.760202474878063e-06 1.6388574354729696e-34 1.9103208954790471e-34 2.8800661254207422e-34 3.859720272375759e-34 5.8471099997883935e-34 1.1589905217701293e-33 1.1423485911594465e-33 1.6480270659624004e-34
2.8245609520908932e-06 1.6385957433515657e-34 1.9103208253638606e-34 2.8800661456400537e-34 3.859720308689529e-34 5.847110083111874e-34 1.1589905547336526e-33 1.1423487003753453e-33 1.6480274465347715e-34
2.8904200487788716e-06 1.6383498647816766e-34 1.9103207625946758e-34 2.8800661668132515e-34 3.859720346716467e-34 5.8471101703662754e-34 1.1589905892522855e-33 1.1423488147437025e-33 1.648027845061394e-34
2.9578147542535346e-06 1.6381190542309253e-34 1.910320706585915e-34 2.88006618898533e-34 3.8597203865373885e-34 5.847110261737062e-34 1.1589906253993978e-33 1.1423489345076046e-33 1.6480282623893093e-34
3.026780873657441e-06 1.637902582136489e-34 1.9103206568046154e-34 2.880066212203403e-34 3.859720428236928e-34 5.847110357418413e-34 1.1589906632518112e-33 1.1423490599215849e-33 1.648028699405496e-34
3.097355046986562e-06 1.6376997363344698e-34 1.9103206127682047e-34 2.8800662365168387e-34 3.8597204719037194e-34 5.847110457613706e-34 1.1589907028899818e-33 1.1423491912522089e-33 1.648029157038803e-34
3.1695747685562034e-06 1.6375098232992418e-34 1.9103205740383245e-34 2.8800662619773024e-34 3.859720517630564e-34 5.847110562535879e-34 1.1589907443981492e-33 1.1423493287785916e-33 1.648029636261876e-34
3.2434784069208122e-06 1.6373321692213572e-34 1.9103205402181644e-34 2.880066288638907e-34 3.859720565514652e-34 5.8471106724079384e-34 1.1589907878645387e-33 1.1423494727930394e-33 1.648030138093268e-34
3.319105225258239e-06 1.6371661209340768e-34 1.9103205109494292e-34 2.880066316558316e-34 3.859720615657746e-34 5.847110787463389e-34 1.1589908333815277e-33 1.1423496236016338e-33 1.6480306635995774e-34
3.3964954022292982e-06 1.6370110466458847e-34 1.9103204859073075e-34 2.8800663457948663e-34 3.859720668166428e-34 5.8471109079467825e-34 1.1589908810458616e-33 1.142349781524907e-33 1.6480312138977197e-34
3.4756900533236943e-06 1.6368663365506546e-34 1.9103204647998166e-34 2.8800663764107035e-34 3.859720723152296e-34 5.847111034114181e-34 1.1589909309588416e-33 1.1423499468984998e-33 1.6480317901573025e-34
3.5567312527036693e-06 1.6367314032668805e-34 1.9103204473637828e-34 2.880066408470896e-34 3.85972078073221e-34 5.8471111662337366e-34 1.1589909832265523e-33 1.1423501200739035e-33 1.6480323936031249e-34
3.6396620555569646e-06 1.6366056821410901e-34 1.9103204333627157e-34 2.880066442043575e-34 3.859720841028557e-34 5.847111304586259e-34 1.1589910379600835e-33 1.1423503014191798e-33 1.6480330255177563e-34
3.7245265209709786e-06 1.6364886314283612e-34 1.9103204225856043e-34 2.8800664772001014e-34 3.859720904169483e-34 5.847111449465793e-34 1.1589910952757626e-33 1.1423504913197575e-33 1.648033687244275e-34
3.811369735340273e-06 1.636379732320045e-34 1.9103204148433253e-34 2.880066514015201e-34 3.859720970289183e-34 5.847111601180251e-34 1.1589911552954049e-33 1.1423506901792446e-33 1.64803438018913e-34
3.900237836319859e-06 1.6362784888902777e-34 1.9103204099682333e-34 2.8800665525671034e-34 3.85972103952819e-34 5.847111760052094e-34 1.158991218146578e-33 1.1423508984203055e-33 1.6480351058251261e-34
3.991178037336996e-06 1.6361844279194587e-34 1.9103204078119705e-34 2.8800665929377595e-34 3.859721112033658e-34 5.847111926418978e-34 1.1589912839628611e-33 1.1423511164855251e-33 1.6480358656945417e-34
4.0842386526745176e-06 1.6360970986151253e-34 1.9103204082435664e-34 2.8800666352129687e-34 3.8597211879596885e-34 5.847112100634491e-34 1.1589913528841387e-33 1.1423513448383832e-33 1.648036661412425e-34
4.179469123139017e-06 1.6360160722740275e-34 1.91032041114931e-34 2.8800666794825693e-34 3.859721267467654e-34 5.847112283068906e-34 1.1589914250568938e-33 1.1423515839642128e-33 1.6480374946700138e-34
4.2769200423275275e-06 1.6359409418369186e-34 1.9103204164302093e-34 2.8800667258406666e-34 3.8597213507265315e-34 5.847112474109956e-34 1.1589915006345195e-33 1.1423518343712551e-33 1.6480383672383381e-34
4.376643183506652e-06 1.6358713214040894e-34 1.910320424001777e-34 2.8800667743857815e-34 3.859721437913281e-34 5.847112674163682e-34 1.1589915797776474e-33 1.1423520965917222e-33 1.6480392809719845e-34
4.478691527118417e-06 1.635806845676898e-34 1.9103204337925846e-34 2.8800668252210787e-34 3.859721529213199e-34 5.847112883655249e-34 1.1589916626544814e-33 1.14235237118293e-33 1.6480402378130292e-34
4.583119288927478e-06 1.6357471693653557e-34 1.9103204457444445e-34 2.8800668784546236e-34 3.859721624820338e-34 5.8471131030299314e-34 1.1589917494411715e-33 1.142352658728502e-33 1.6480412397951807e-34
4.689981948824612e-06 1.6356919665328885e-34 1.9103204598087627e-34 2.8800669341995317e-34 3.859721724937891e-34 5.847113332753949e-34 1.1589918403221641e-33 1.1423529598395768e-33 1.6480422890480858e-34
4.799336280301815e-06 1.6356409299545047e-34 1.9103204759503876e-34 2.8800669925742832e-34 3.859721829778639e-34 5.847113573315555e-34 1.1589919354906162e-33 1.1423532751561367e-33 1.6480433878018698e-34
4.911240380614659e-06 1.6355937703962306e-34 1.9103204941424032e-34 2.880067053702969e-34 3.859721939565415e-34 5.847113825226034e-34 1.158992035148798e-33 1.1423536053483566e-33 1.6480445383918746e-34
5.0257537016479225e-06 1.635550215912892e-34 1.9103205143682455e-34 2.880067117715488e-34 3.8597220545315444e-34 5.8471140890207794e-34 1.1589921395085156e-33 1.1423539511180216e-33 1.6480457432636158e-34
5.142937081500915e-06 1.6355100111307592e-34 1.9103205366208833e-34 2.8800671847478864e-34 3.859722174921377e-34 5.847114365260443e-34 1.1589922487915717e-33 1.1423543132000306e-33 1.6480470049779872e-34
5.262852776809252e-06 1.6354729165190793e-34 1.9103205609011157e-34 2.880067254942638e-34 3.8597223009907765e-34 5.847114654532132e-34 1.1589923632302314e-33 1.1423546923639488e-33 1.6480483262167025e-34
5.385564495820272e-06 1.6354387076502053e-34 1.9103205872192747e-34 2.8800673284489318e-34 3.8597224330076805e-34 5.8471149574506456e-34 1.1589924830677176e-33 1.1423550894156519e-33 1.6480497097879944e-34
5.511137432239651e-06 1.6354071744928194e-34 1.910320615592745e-34 2.880067405422988e-34 3.859722571252676e-34 5.847115274659787e-34 1.1589926085587275e-33 1.1423555051990327e-33 1.648051158632592e-34
5.639638299867211e-06 1.6353781206846936e-34 1.9103206460469825e-34 2.880067486028404e-34 3.859722716019573e-34 5.847115606833736e-34 1.1589927399699717e-33 1.142355940597791e-33 1.6480526758299537e-34
5.771135368040315e-06 1.6353513628422917e-34 1.9103206786143944e-34 2.880067570436492e-34 3.859722867616062e-34 5.8471159546784815e-34 1.1589928775807492e-33 1.1423563965373278e-33 1.648054264604834e-34
5.905698497903673e-06 1.6353267298526487e-34 1.9103207133360197e-34 2.880067658826652e-34 3.859723026364321e-34 5.847116318933301e-34 1.1589930216835295e-33 1.142356873986696e-33 1.6480559283341302e-34
6.043399179524854e-06 1.635304062215338e-34 1.910320750258655e-34 2.880067751386733e-34 3.859723192601745e-34 5.847116700372351e-34 1.158993172584578e-33 1.1423573739606633e-33 1.6480576705540519e-34
6.184310569875183e-06 1.6352832113915524e-34 1.9103207894366294e-34 2.8800678483134605e-34 3.859723366681648e-34 5.847117099806326e-34 1.1589933306046148e-33 1.1423578975218727e-33 1.6480594949676497e-34
6.32850753169624e-06 1.6352640391641947e-34 1.9103208309312164e-34 2.880067949812832e-34 3.8597235489739995e-34 5.84711751808415e-34 1.1589934960794857e-33 1.1423584457831071e-33 1.6480614054526882e-34
6.47606667327258e-06 1.635246417033506e-34 1.9103208748104022e-34 2.8800680561005593e-34 3.85972373986623e-34 5.8471179560947956e-34 1.158993669360881e-33 1.1423590199096375e-33 1.648063406069875e-34
6.627066389131828e-06 1.635230225634381e-34 1.9103209211499284e-34 2.880068167402554e-34 3.859723939764052e-34 5.847118414769183e-34 1.1589938508170842e-33 1.1423596211217153e-33 1.648065501071509e-34
6.781586901693754e-06 1.6352153541581722e-34 1.9103209700302053e-34 2.880068283955354e-34 3.8597241490922974e-34 5.847118895082133e-34 1.1589940408337481e-33 1.1423602506971558e-33 1.6480676949105125e-34
6.939710303890459e-06 1.635201699843576e-34 1.9103210215407153e-34 2.880068406006673e-34 3.8597243682958664e-34 5.84711939805447e-34 1.1589942398147262e-33 1.1423609099740673e-33 1.6480699922498995e-34
7.101520602780329e-06 1.6351891674400092e-34 1.910321075776892e-34 2.8800685338159093e-34 3.859724597840626e-34 5.8471199247551645e-34 1.1589944481829168e-33 1.1423616003536758e-33 1.6480723979726824e-34
7.267103764178904e-06 1.6351776687238984e-34 1.910321132841342e-34 2.880068667654686e-34 3.859724838214427e-34 5.847120476303613e-34 1.1589946663811703e-33 1.1423623233033171e-33 1.6480749171922586e-34
7.436547758330399e-06 1.6351671220458706e-34 1.9103211928437014e-34 2.880068807807453e-34 3.859725089928138e-34 5.847121053872028e-34 1.1589948948732304e-33 1.1423630803595537e-33 1.6480775552632838e-34
7.609942606644117e-06 1.6351574518816037e-34 1.910321255900898e-34 2.8800689545720796e-34 3.85972535351672e-34 5.8471216586879115e-34 1.1589951341447176e-33 1.1423638731314413e-33 1.648080317793053e-34
7.787380429520604e-06 1.6351485884117437e-34 1.9103213221375336e-34 2.880069108260481e-34 3.859725629540379e-34 5.847122292036689e-34 1.158995384704163e-33 1.1423647033039457e-33 1.6480832106534157e-34
7.968955495292936e-06 1.6351404671429255e-34 1.9103213916849433e-34 2.8800692691992887e-34 3.859725918585745e-34 5.847122955264405e-34 1.1589956470840845e-33 1.1423655726415207e-33 1.6480862399932669e-34
8.15476427030917e-06 1.635133028527943e-34 1.9103214646837597e-34 2.880069437730535e-34 3.8597262212671125e-34 5.847123649780605e-34 1.1589959218421201e-33 1.1423664829918691e-33 1.6480894122516143e-34
8.344905470182516e-06 1.6351262176223494e-34 1.910321541281523e-34 2.880069614212412e-34 3.859726538227772e-34 5.847124377061345e-34 1.1589962095622206e-33 1.1423674362898603e-33 1.6480927341712766e-34
8.539480112236516e-06 1.6351199837486555e-34 1.9103216216344203e-34 2.8800697990199644e-34 3.859726870141339e-34 5.8471251386522894e-34 1.1589965108558793e-33 1.142368434561648e-33 1.6480962128132067e-34
8.738591569173047e-06 1.635114280196843e-34 1.9103217059062003e-34 2.8800699925459715e-34 3.859727217713224e-34 5.847125936172031e-34 1.1589968263634386e-33 1.142369479928975e-33 1.6480998555715135e-34
8.942345623991688e-06 1.6351090639392783e-34 1.9103217942721484e-34 2.8800701952017268e-34 3.859727581682107e-34 5.847126771315519e-34 1.1589971567554474e-33 1.1423705746136852e-33 1.6481036701891808e-34
9.150850526189614e-06 1.6351042953522523e-34 1.9103218869139083e-34 2.880070407417906e-34 3.85972796282151e-34 5.847127645857653e-34 1.1589975027340883e-33 1.1423717209424394e-33 1.6481076647745254e-34
9.364217049271877e-06 1.635099937962546e-34 1.9103219840234432e-34 2.880070629645534e-34 3.859728361941451e-34 5.847128561657059e-34 1.1589978650346688e-33 1.1423729213516705e-33 1.6481118478184475e-34
9.58255854960264e-06 1.6350959582352792e-34 1.9103220858038967e-34 2.8800708623569026e-34 3.8597287798901475e-34 5.847129520660038e-34 1.1589982444271806e-33 1.1423741783927515e-33 1.6481162282124717e-34
9.805991026628606e-06 1.6350923253171599e-34 1.9103221924669554e-34 2.8800711060465574e-34 3.859729217555847e-34 5.847130524904719e-34 1.1589986417179485e-33 1.1423754947374369e-33 1.6481208152676667e-34
1.0034633184506672e-05 1.6350890108688195e-34 1.9103223042367357e-34 2.880071361232401e-34 3.85972967586868e-34 5.847131576525355e-34 1.1589990577513218e-33 1.1423768731835127e-33 1.648125618734428e-34
1.0268606495168497e-05 1.6350859888462765e-34 1.910322421346293e-34 2.880071628456762e-34 3.859730155802668e-34 5.847132677756889e-34 1.1589994934114916e-33 1.14237831666077e-33 1.648130648823226e-34
1.0508035262855554e-05 1.635083235345081e-34 1.910322544042338e-34 2.8800719082875325e-34 3.859730658377764e-34 5.8471338309396905e-34 1.1589999496243541e-33 1.142379828237219e-33 1.6481359162263086e-34
1.07530466901589e-05 1.6350807284283176e-34 1.9103226725832017e-34 2.8800722013194143e-34 3.859731184662046e-34 5.847135038524522e-34 1.159000427359483e-33 1.1423814111256144e-33 1.6481414321404414e-34
1.1003770945598772e-05 1.6350784479674532e-34 1.9103228072392534e-34 2.8800725081751533e-34 3.859731735773967e-34 5.847136303077757e-34 1.1590009276321932e-33 1.1423830686902827e-33 1.648147208290721e-34
1.1260341232779899e-05 1.6350763755080454e-34 1.9103229482943898e-34 2.88007282950687e-34 3.859732312884737e-34 5.8471376272868255e-34 1.1590014515056922e-33 1.1423848044542728e-33 1.6481532569554992e-34
1.1522893861159297e-05 1.6350744941494259e-34 1.9103230960467572e-34 2.8800731659974488e-34 3.859732917220825e-34 5.847139013965932e-34 1.1590020000933433e-33 1.1423866221068493e-33 1.6481595909925075e-34
