results/limits/MAQRO_h_phase.dat
# %ECSV 1.0
# ---
# datatype:
# - {name: mx, unit: MeV, datatype: float64}
# - {name: sigma, unit: cm2 MeV4, datatype: float64}
# schema: astropy-2.0
mx sigma
[from data line 355]
0.0011312368753784248 3.1301953154031114e-34
0.0011576134485932472 3.2271662706689565e-34
0.0011846050332435167 3.3305409063225727e-34
0.0012122259692915415 3.4407984556219862e-34
0.0012404909310584848 3.558457778540458e-34
0.0012694149350204683 3.684080856603465e-34
0.0012990133477864558 3.818276609951252e-34
0.0013293018942621524 3.961705067965111e-34
0.001360296666004259 4.1150819280545655e-34
0.001392014129769518 4.279183540792785e-34
0.0014244711362630968 4.454852363528864e-34
0.0014576849290909482 4.64300292891593e-34
0.0014916731539209149 4.844628379487483e-34
0.0015264538678574353 5.060807624502309e-34
0.0015620455490348386 5.292713180769348e-34
0.0015984671064343198 5.541619765063613e-34
0.0016357378899298156 5.808913712058681e-34
0.0016738777005681136 6.096103298437031e-34
0.0017129068010886602 6.404830061008747e-34
0.0017528459266886532 6.736881204291817e-34
0.00179371629603914 7.094203201117024e-34
0.0018355396225579732 7.478916698467812e-34
0.0018783381259456144 7.893332850023319e-34
0.0019221345439899109 8.33997120683996e-34
0.001966952144646121 8.821579308411177e-34
0.0020128147383986056 9.341154128144112e-34
0.002059746690910748 9.90196554027397e-34
0.0021077729359698315 1.0507581989617844e-33
0.0021569189887337423 1.116189856158924e-33
0.002207210959286545 1.1869167667812173e-33
0.0022586755665101248 1.2634032582762095e-33
0.0023113401522792685 1.346156408940212e-33
0.0023652326959877285 1.4357300517062423e-33
0.0024203818294129824 1.5327291483116849e-33
0.0024768168519275916 1.6378145681631562e-33
0.002534567746065232 1.7517083097387595e-33
0.0025936651934496745 1.8751992062807208e-33
0.0026541405910951734 2.0091491618645992e-33
0.0027160260680869266 2.154499968716309e-33
0.0027793545026504624 2.312280761917659e-33
0.002844159539619031 2.483616173429643e-33
0.0029104756083082714 2.6697352537060653e-33
0.0029783379408076585 2.8719812361069925e-33
0.0030477825906984404 3.091822226892454e-33
0.0031188464522080173 3.330862911826591e-33
0.0031915672798109355 3.5908573794000895e-33
0.0032659837082868936 3.873723170440087e-33
0.003342135273246469 4.181556674487333e-33
0.0034200624321353945 4.516650004855071e-33
0.0034998065857286074 4.881509496835673e-33
0.0035814101001254554 5.2788759871945984e-33
0.003664916329257761 5.711747048014223e-33
0.0037503696379226933 6.183401364267373e-33
0.0038378154253526898 6.697425462378147e-33
0.003927300149334948 7.257743016650363e-33
0.004018871350893299 7.86864698201331e-33
0.00411257767954558 8.534834825267154e-33
0.004208468919149921 9.261447153132597e-33
0.004306596014353682 1.0054110064158282e-32
0.004407011097659079 1.0918981583156305e-32
0.004509767517119906 1.1862802571571924e-32
0.004614919864684026 1.2892952545305174e-32
0.004722524005196735 1.4017510873265263e-32
0.004832637106080367 1.5245323875647626e-32
0.004945317667705937 1.6586078390910667e-32
0.005060625554472947 1.8050382435068564e-32
0.005178622026613854 1.964985363664532e-32
0.005299369772740128 2.1397216195956848e-32
0.005422932943147155 2.3306407188888814e-32
0.0055493771838957115 2.5392693113686065e-32
0.00567876967168809 2.7672797665220514e-32
0.005811179149557424 3.0165041815593125e-32
0.0059466759633891655 3.288949738366491e-32
0.006085332099294114 3.586815539017726e-32
0.006227221221852859 3.912511062055397e-32
0.006372418713251954 4.268676395537009e-32
0.006521001713332612 4.658204417998076e-32
0.006673049160573193 5.084265115115487e-32
0.006828641834027273 5.55033223810659e-32
0.006987862396239558 6.060212529908511e-32
0.00715079543716245 6.618077767107103e-32
0.007317527519096606 7.228499889600277e-32
0.007488147222679345 7.896489516281072e-32
0.007662745193945353 8.62753817383105e-32
0.007841414192484688 9.427664597268223e-32
0.008024249140723652 1.0303465495467881e-31
0.008211347174354735 1.1262171212770323e-31
0.008402807693942412 1.2311706759337304e-31
0.008598732417732204 1.346075872848122e-31
0.008799225435691074 1.4718848669163695e-31
0.009004393264807849 1.609641353667287e-31
0.009214344905683071 1.7604893904612239e-31
0.009429191900438323 1.9256830687278758e-31
0.009649048391975805 2.106597119383419e-31
0.009874031184619632 2.3047385414993354e-31
0.010104259806171096 2.5217593529937306e-31
0.01033985657141083 2.75947057165443e-31
0.010580946647081629 3.0198575452626725e-31
0.010827658118386449 3.3050967610554957e-31
0.011080122057036918 3.6175742773414274e-31
0.011338472590888495 3.959905933874818e-31
0.01160284697519928 4.334959512716483e-31
0.01187338566555036 4.745879037890765e-31
0.012150232392466372 5.196111420332957e-31
0.012433534237775993 5.689435674560682e-31
0.01272344171275288 6.229994955368391e-31
0.013020108838078586 6.822331686820866e-31
0.013323693225669961 7.47142608211427e-31
0.013634356162414448 8.182738381704615e-31
0.013952262695857842 8.962255168719837e-31
0.014277581721889965 9.8165401553404e-31
0.014610486074474885 1.075278987185089e-30
0.014951152617473332 1.1778894731753851e-30
0.015299762338606094 1.2903505992051464e-30
0.015656500445608335 1.413610917793039e-30
0.016021556464625875 1.5487104596056327e-30
0.016395124340905766 1.6967895620961793e-30
0.016777402541834602 1.8590985505113954e-30
0.017168594162379338 2.0370083535730162e-30
0.01756890703298664 2.232022144089311e-30
0.017978553829998065 2.445788103472368e-30
0.01839775218863974 2.6801134186660755e-30
0.01882672481864659 2.9369796305439762e-30
0.01926569962258253 3.2185594642195134e-30
0.019714909816919448 3.527235284487022e-30
0.020174594055939365 3.865619332915284e-30
0.02064499655852557 4.2365759195229565e-30
0.021126367237910063 4.643245757137267e-30
0.021618961834446313 5.089072643816932e-30
0.02212304205147776 5.5778327261136975e-30
0.022638875694374342 6.113666579868139e-30
0.0231667368128109 6.701114402240545e-30
0.02370690584636297 7.345154580250362e-30
0.024259669773497434 8.05124601781416e-30
0.024825322264037063 8.825374497032397e-30
0.025404163835180054 9.674103596901659e-30
0.025996502011157406 1.0604630428504847e-29
0.026602651486612925 1.1624846807497013e-29
0.027222934293792744 1.274340642669489e-29
0.027857679973633073 1.3969798273618695e-29
0.02850722575083718 1.531442737574988e-29
0.02917191671303455 1.6788703135240585e-29
0.029852105994117403 1.8405136665806658e-29
0.030548154961852016 2.0177446664479637e-29
0.031260433409864494 2.2120676341280281e-29
0.031989319754103004 2.4251320968372632e-29
0.0327352012338808 2.6587469127994684e-29
0.03349847411760691 2.9148955074466555e-29
0.034279543913313774 3.195752826359198e-29
0.03507882558409363 3.503703806033093e-29
0.03589674376855814 3.8413636516663185e-29
0.03673373300643846 4.211600073219771e-29
0.037590237969445384 4.6175575472579766e-29
0.038466713697512506 5.06268451690906e-29
0.03936362584054766 5.55076205272553e-29
0.04028145090582124 6.085936424621297e-29
0.04122067651112274 6.672754258425614e-29
0.04218180164382002 7.316201197848528e-29
0.043165336925959 8.02174430019512e-29
0.044171804885544536 8.795378526421963e-29
0.04520174023414663 9.643677720954364e-29
0.046255690150979495 1.0573850514872215e-28
0.047334214573604344 1.1593801627949043e-28
0.048437886495410414 1.2712199090950537e-28
0.04956729227003216 1.3938547959955317e-28
0.05072303192286451 1.5283270157555203e-28
0.051905719469841495 1.6757796937339429e-28
0.05311598324364777 1.8374660545518064e-28
0.05435446622753626 2.0147604378733798e-28
0.05562182639692926 2.209169900127124e-28
0.056918737068984544 2.4223470314419215e-28
0.058245887260312136 2.656104010398171e-28
0.05960398205303182 2.9124280161393662e-28
0.06099374296936585 3.1934981289353305e-28
0.06241590835496589 3.501703862948879e-28
0.06387123377117784 3.839665488841054e-28
0.06536049239645289 4.210256319074242e-28
0.06688447543711816 4.616627145467073e-28
0.06844399254772507 5.062233036861823e-28
0.0700398722611988 5.5508627248400215e-28
0.0716729624290174 6.086670827435681e-28
0.07334413067165428 6.674213184935459e-28
0.07505426483952363 7.318485608326171e-28
0.07680427348467332 8.024966369978044e-28
0.07859508634347626 8.799662797983145e-28
0.08042765483057629 9.649162370474139e-28
0.08230295254435131 1.0580688744525015e-27
0.08422197578416211 1.160216319620897e-27
0.08618574407966152 1.2722271994415473e-27
0.08819530073244539 1.3950540281501305e-27
0.09025171337033296 1.529741308919701e-27
0.09235607451457113 1.6774344178882603e-27
0.09450950216026408 1.839389346190053e-27
0.09671314037033632 2.0169833828555112e-27
0.09896815988334524 2.2117268294478373e-27
0.10127575873546546 2.4252758460801134e-27
0.10363716289697593 2.6594465380803734e-27
0.10605362692358762 2.9162307615620243e-27
0.10852643462295801 3.1978116658761917e-27
0.11105689973674641 3.5065843112571315e-27
0.11364636663857243 3.845174708523901e-27
0.11629621104824843 4.2164624797644314e-27
0.1190078407626656 4.6236053516021236e-27
0.12178269640372161 5.070066013989191e-27
0.12462225218368743 5.5596415729869386e-27
0.1275280166884199 6.09649584805761e-27
0.13050153367883624 6.685194788587934e-27
0.1335443829110759 7.33074531089665e-27
0.13665818097578622 8.038637886073174e-27
0.13984458215697693 8.814893240898916e-27
0.14310527931090045 9.666113569089059e-27
0.14644200476542463 1.0599538688457218e-26
0.14985653124037576 1.162310762167574e-26
0.15335067278934078 1.2745526124437426e-26
0.1569262857634292 1.3976340735413493e-26
0.1605852697975066 1.532601997787686e-26
0.16432956881942368 1.680604340369234e-26
0.16816117208277714 1.8428999237082647e-26
0.172082115223751 2.0208691448728933e-26
0.1760944813425998 2.216025717097966e-26
0.1802004021103484 2.4300295452902957e-26
0.18440205890129596 2.664700845037491e-26
0.18870168395192646 2.92203562521694e-26
0.1931015615468407 3.20422266590025e-26
0.1976040292323402 3.513662135967584e-26
0.20221147905830805 3.852986008793715e-26
0.20692635884904578 4.2250804496620385e-26
0.21175117350374192 4.6331103653344944e-26
0.2166884863272632 5.080546324596608e-26
0.22174092039197504 5.571194078764521e-26
0.22691115993131514 6.109226933256297e-26
0.23220195176586036 6.699221245580928e-26
0.2376161067626448 7.346195351692104e-26
0.24315650132850383 8.055652251815349e-26
0.24882607893823822 8.833626418835694e-26
0.25462785169840935 9.686735127399333e-26
0.2605649019475973 1.0622234740336516e-25
0.26664038389397104 1.164808243117976e-25
0.27285752529104135 1.2773003867791276e-25
0.2792196291524867 1.4006567432819103e-25
0.2857300755069626 1.5359265612303556e-25
0.2923923231938275 1.6842604244728737e-25
0.2992099117007387 1.8469200389674766e-25
0.3061864630440946 2.025288964854525e-25
0.31332568369332287 2.2208843850244233e-25
0.32063136654003577 2.4353700102841614e-25
0.3281073929131 2.670570230894563e-25
0.3357577346406907 2.9284856348517964e-25
0.343586456160426 3.21131002491227e-25
0.3515977166787018 3.5214490791084323e-25
0.359795772380376 3.8615408134826097e-25
0.368184978689974 4.234478021095742e-25
0.3767697925856183 4.64343287817821e-25
0.38555477496691104 5.091883926723689e-25
0.394544593078027 5.583645663041157e-25
0.4037440229873054 6.122900983946589e-25
0.4131579521246571 6.714236766583073e-25
0.42279138187813525 7.362682884512801e-25
0.43264943025104924 8.073754991953672e-25
0.4427373345810337 8.853501440085083e-25
0.4530604543225162 9.708554724495016e-25
0.4636242738940635 1.0646189344256671e-24
0.47443440559211736 1.1674378035031863e-24
0.48549659257266914 1.2801867860245247e-24
0.4968167119024568 1.4038249224748288e-24
0.5084007776813051 1.5394038766559186e-24
0.5202549442372687 1.6880768811742703e-24
0.5323855093962742 1.8511085468775755e-24
0.5447989178279997 2.0298856196794227e-24
0.557501764469769 2.2259287762701662e-24
0.5705007980302781 2.440905559048832e-24
0.5838029245750183 2.6766445603012446e-24
0.5974152111952977 2.935150976275625e-24
0.6113448897628128 3.2186236634594167e-24
0.6255993607717623 3.529473842138801e-24
0.6401861972705483 3.870345606334346e-24
0.6551131488851486 4.2441384145712055e-24
0.6703881459363026 4.6540317527915284e-24
0.686019303652694 5.1035121791929664e-24
0.7020149264823721 5.596402981037968e-24
0.7183835125046995 6.1368966956962414e-24
0.7351337579451718 6.729590772545745e-24
0.7522745617955077 7.379526679074349e-24
0.7698150305414633 8.092232783820341e-24
0.7877644830008832 8.873771380916398e-24
0.8061324552745581 9.730790256229879e-24
0.8249287058125218 1.0670579233723859e-23
0.8441632205984669 1.170113218302445e-23
0.8638462184550629 1.2831215015635042e-23
0.8839881564729563 1.407044024817515e-23
0.9045997355663667 1.5429348766883495e-23
0.9256919061582187 1.6919499488877852e-23
0.9472758739978306 1.8553567682835075e-23
0.9693631061142522 2.034545278541137e-23
0.9919653369084147 2.2310396630495403e-23
1.0150945743873274 2.4465113096957523e-23
1.0387631065436362 2.682793027768572e-23
1.0629835078839296 2.9418946379204865e-23
1.0877686461092637 3.226020067797001e-23
1.1131316889514546 3.5375860987495276e-23
1.1390861111687691 3.879242923092467e-23
1.16564570170473 4.253896686765376e-23
1.1928245710138414 4.664734209149403e-23
1.2206371585581264 5.115250090305868e-23
1.2490982404784545 5.609276436212595e-23
1.2782229374447416 6.151015454842284e-23
1.3080267226891875 6.745075200346934e-23
1.3385254302268237 7.39650876939002e-23
1.369735263267732 8.110857283032424e-23
1.4016728028254128 8.894197019778328e-23
1.4343550165258654 9.753191100696984e-23
1.4677992676220706 1.0695146166256732e-22
1.5020233242186567 1.1728074526967196e-22
1.5370453687116559 1.2860762316486295e-22
1.5728840074483612 1.4102844226905615e-22
1.6095582806124205 1.5464885461916567e-22
1.6470876723394143 1.695847160495492e-22
1.6854921210682972 1.8596307166746637e-22
1.7247920301341966 2.0392323650505564e-22
1.7650082786082029 2.2361798053991295e-22
1.8061622323899016 2.452148281641084e-22
1.848275755558551 2.68897483155004e-22
1.8913712219889245 2.9486739126872956e-22
1.935471527238 3.2334545374783637e-22
1.9806001007088037 3.5457390631828957e-22
2.0267809180978715 3.888183796586668e-22
2.0740385141329463 4.263701588679948e-22
2.1223979956076717 4.675486611513924e-22
2.171885054720213 5.1270415279882675e-22
2.222525982722885 5.622207285677517e-22
2.274347683890048 6.165195788124004e-22
2.327377689811681 6.760625721501042e-22
2.3816441740202396 7.413561841389845e-22
2.437175966958554 8.129558053845351e-22
2.4940025712967335 8.914704657200919e-22
2.552154177606206 9.775680146452794e-22
2.611661680399223 1.071980802087553e-21
2.6725566945423505 1.1755119078076194e-21
2.7348715720526675 1.289041972436445e-21
2.7986394192855935 1.4135366882489299e-21
2.863894114523477 1.550055013391245e-21
2.9306703259742912 1.6997581794323598e-21
2.999003530189995 1.8639195688584888e-21
3.068930030914351 2.0439355465290453e-21
3.1404869783702067 2.2413373372267966e-21
3.21371238899649 2.4578040503334634e-21
3.2886451656454048 2.695176962419218e-21
3.3653251182505572 2.9554751792345606e-21
3.443792984976987 3.240912810326213e-21
3.5240904538643507 3.55391780236532e-21
3.6062601849747473 3.897152591385006e-21
3.6903458330569543 4.2735367495964966e-21
3.77639207073912 4.686271819418614e-21
3.8644446122622242 5.138868545960159e-21
3.9545502377669295 5.635176739596387e-21
4.046756818146711 6.179418022651577e-21
4.141113340480481 6.776221738733197e-21
4.237669934058216 7.430664330164164e-21
4.336477897013409 8.14831251845926e-21
4.437589723576497 8.93527065514174e-21
4.541059131963759 9.798232645667937e-21
4.646941092916466 1.0744538888127808e-20
4.755291858905486 1.1782238711044774e-20
4.866168994016832 1.2920158841374028e-20
4.979631404534034 1.4167978485091374e-20
5.0957393702336 1.5536311659012408e-20
5.214554576410165 1.7036797474160312e-20
5.336140146648369 1.8682199138636912e-20
5.4605606763588606 2.0486512522121816e-20
5.587882267096237 2.246508520545232e-20
5.718172561677172 2.4634747027929053e-20
5.851500780117376 2.701395324278675e-20
5.987937756406471 2.962294149851892e-20
6.127555976140354 3.248390398134859e-20
6.270429615030991 3.5621176183094806e-20
6.416634578314149 3.906144390010859e-20
6.566248541075969 4.283397022401689e-20
