results/limits/MAQRO_l.dat
# %ECSV 1.0
# ---
# datatype:
# - {name: mx, unit: MeV, datatype: float64}
# - {name: sigma_10, unit: cm2, datatype: float64}
# - {name: sigma_9, unit: cm2, datatype: float64}
# - {name: sigma_7, unit: cm2, datatype: float64}
# - {name: sigma_6, unit: cm2, datatype: float64}
# - {name: sigma_5, unit: cm2, datatype: float64}
# - {name: sigma_4, unit: cm2, datatype: float64}
# - {name: sigma_3, unit: cm2, datatype: float64}
# - {name: sigma_2, unit: cm2, datatype: float64}
# schema: astropy-2.0
mx sigma_10 sigma_9 sigma_7 sigma_6 sigma_5 sigma_4 sigma_3 sigma_2
3.162277660168379e-07 7.423596772510676e-33 7.423646122393816e-33 7.795545827663303e-33 1.0372483243629877e-32 1.599426233641384e-32 3.34317825081416e-32 4.217992290353668e-32 9.44050071988751e-33
3.2360111549336787e-07 7.236212180722808e-33 7.236262428400836e-33 7.610676863344442e-33 1.0136151883945839e-32 1.562982817076679e-32 3.2670029225315053e-32 4.1218840610750515e-32 9.22539606609538e-33
3.311463862505236e-07 7.053602074653991e-33 7.05365323814107e-33 7.430474969010777e-33 9.905204531678655e-33 1.527369775293441e-32 3.1925632718530306e-32 4.02796568714138e-32 9.015192637392952e-33
3.388675869043115e-07 6.875643474804213e-33 6.87569556917045e-33 7.254813101124496e-33 9.679518593291391e-33 1.4925681880812585e-32 3.119819751661364e-32 3.936187271809824e-32 8.8097787569079e-33
3.4676881953794695e-07 6.702216601864992e-33 6.702269645884203e-33 7.083567578822884e-33 9.458974259226939e-33 1.458559565868214e-32 3.04873371433522e-32 3.846500055598196e-32 8.60904529634728e-33
3.548542818811901e-07 6.5332048064291e-33 6.533258817997066e-33 6.916618018586078e-33 9.243454445537342e-33 1.4253258409673474e-32 2.9792673939893434e-32 3.758856389868117e-32 8.412885607920115e-33
3.6312826954049566e-07 6.368494477302197e-33 6.36854947471104e-33 6.753847265938281e-33 9.032844728534048e-33 1.3928493570439536e-32 2.9113838847386045e-32 3.673209711441161e-32 8.221195477867775e-33
3.715951782811629e-07 6.207974963577422e-33 6.208030965474213e-33 6.595141331116966e-33 8.827033285111885e-33 1.3611128598904483e-32 2.8450471218686735e-32 3.5895145192310596e-32 8.033873065929776e-33
3.8025950636269697e-07 6.0515384962923146e-33 6.051595521685921e-33 6.440389327189312e-33 8.625910836406354e-33 1.3300994887346862e-32 2.7802218621663716e-32 3.507726346855629e-32 7.850818852373543e-33
3.89125856928623e-07 5.899080113284975e-33 5.899138181553387e-33 6.289483406946802e-33 8.429370588528203e-33 1.2997927669605929e-32 2.7168736657794554e-32 3.427801743407342e-32 7.67193558497132e-33
3.9819894045202297e-07 5.750497582720316e-33 5.7505567136176126e-33 6.142318701397269e-33 8.237308175704731e-33 1.2701765931462997e-32 2.654968877182373e-32 3.349698246008576e-32 7.49712822754255e-33
4.0748357723809307e-07 5.6056913337145817e-33 5.605751547378633e-33 5.998793260992792e-33 8.049621608179732e-33 1.2412352331997614e-32 2.5944746078091603e-32 3.273374360708834e-32 7.326303909188859e-33
4.169846999850535e-07 5.464564383734197e-33 5.4646257006938826e-33 5.8588079937401024e-33 7.866211214606544e-33 1.2129533110789578e-32 2.535358718952431e-32 3.198789538365189e-32 7.159371875145677e-33
4.2670735640476865e-07 5.327022271359708e-33 5.327084712542708e-33 5.7222666069780764e-33 7.686979591362456e-33 1.1853158010649893e-32 2.4775898033788156e-32 3.1259041538781135e-32 6.99624343859101e-33
4.3665671190447213e-07 5.1929729914759207e-33 5.193036578216687e-33 5.5890755505516485e-33 7.511831554939348e-33 1.1583080207068261e-32 2.4211371701753116e-32 3.054679485057953e-32 6.836831933468634e-33
4.4683805233101997e-07 5.062326925959435e-33 5.06239168000698e-33 5.459143953106867e-33 7.340674082633199e-33 1.1319156207013378e-32 2.3659708271943072e-32 2.9850776920177894e-32 6.681052668276792e-33
4.572567867791303e-07 4.934996786994571e-33 4.935062730416969e-33 5.3323835684433e-33 7.173416272250202e-33 1.1061245796868798e-32 2.3120614662471433e-32 2.9170617970327923e-32 6.528822881389001e-33
4.6791845046510194e-07 4.810897549326084e-33 4.810964704887897e-33 5.2087087147235834e-33 7.009969289857729e-33 1.080921195467467e-32 2.2593804463497493e-32 2.850595664913593e-32 6.380061696864526e-33
4.788287076675383e-07 4.6899463956444785e-33 4.690014786485285e-33 5.088036216368201e-33 6.850246323656576e-33 1.0562920780863792e-32 2.2078997794637962e-32 2.7856439838998584e-32 6.234690080257516e-33
4.899933547366384e-07 4.572062656271447e-33 4.5721323056179034e-33 4.970285345270012e-33 6.694162537406054e-33 1.0322241425180822e-32 2.157592115175182e-32 2.722172246725606e-32 6.092630803159726e-33
5.014183231736547e-07 4.45716775384854e-33 4.45723868575733e-33 4.8553777643737694e-33 6.541635029298744e-33 1.0087046025858475e-32 2.1084307262945765e-32 2.6601467324724285e-32 5.953808389027263e-33
5.131096827821533e-07 4.3451851457210366e-33 4.345257384605835e-33 4.743237464505023e-33 6.392582780188456e-33 9.857209623839353e-33 2.060389494583627e-32 2.599534488487263e-32 5.8181490862718065e-33
5.250736448927506e-07 4.2360402739379914e-33 4.236113844687411e-33 4.63379071055687e-33 6.246926619261397e-33 9.632610114750738e-33 2.0134428968879842e-32 2.540303312957938e-32 5.68558082244225e-33
5.373165656630395e-07 4.129660510933625e-33 4.129735438920926e-33 4.526965979987179e-33 6.104589177059628e-33 9.413128173975016e-33 1.967565991700829e-32 2.482421737811022e-32 5.556033167301133e-33
5.4984494945446e-07 4.025975108840225e-33 4.026051419932457e-33 4.422693904387796e-33 5.965494846184209e-33 9.198647196046419e-33 1.9227344056110456e-32 2.4258590120672286e-32 5.42943729530757e-33
5.626654522879044e-07 3.92491515316189e-33 3.924992873729889e-33 4.3209072140735133e-33 5.829569740661588e-33 8.989053231885304e-33 1.8789243209876142e-32 2.370585085269147e-32 5.305725949352099e-33
5.757848853798981e-07 3.826413509264521e-33 3.826492666192517e-33 4.221540673506122e-33 5.6967416583169784e-33 8.784234931461277e-33 1.836112462388356e-32 2.3165705918270938e-32 5.184833404544173e-33
5.892102187612295e-07 3.7304047804723664e-33 3.730485401168288e-33 4.124531028684893e-33 5.566940040011998e-33 8.584083478712039e-33 1.7942760849844894e-32 2.2637868351032414e-32 5.06669543374763e-33
6.029485849799565e-07 3.636825259375565e-33 3.636907371781126e-33 4.029816945409769e-33 5.440095931631326e-33 8.38849253301265e-33 1.7533929603195486e-32 2.212205772402288e-32 4.9512492730407165e-33
6.17007282890752e-07 3.5456128884660205e-33 3.54569652106744e-33 3.937338957796215e-33 5.316141957408068e-33 8.197358194566501e-33 1.7134413736520732e-32 2.1617999999979545e-32 4.8384335882924175e-33
6.313937815326057e-07 3.4567072089495056e-33 3.4567923907878266e-33 3.847039401326977e-33 5.195012265393475e-33 8.010578906058237e-33 1.674400094252855e-32 2.1125427385641998e-32 4.728188444864255e-33
6.461157240969403e-07 3.370049326116885e-33 3.370136086799213e-33 3.7588623653921774e-33 5.07664251044181e-33 7.828055440472262e-33 1.6362483822440346e-32 2.0644078188915193e-32 4.6204552706553526e-33
6.611809319882495e-07 3.2855818647861045e-33 3.28567023449639e-33 3.672753633665632e-33 4.9609698114669704e-33 7.649690828028328e-33 1.598965968583862e-32 2.0173696677476428e-32 4.515176830203821e-33
6.765974089794179e-07 3.203248932300112e-33 3.203338941810739e-33 3.588660628879615e-33 4.8479327191842064e-33 7.475390307257692e-33 1.5625330461067183e-32 1.9714032960269923e-32 4.4122971917324914e-33
6.923733454639272e-07 3.122996074643588e-33 3.12308775532658e-33 3.506532359455761e-33 4.737471183414039e-33 7.305061274413203e-33 1.5269302576642262e-32 1.9264842818025857e-32 4.3117616978194986e-33
7.085171228072106e-07 3.0447702459960017e-33 3.0448636298351212e-33 3.426319368064933e-33 4.6295265259108726e-33 7.138613245343039e-33 1.492138691838972e-32 1.882588761111294e-32 4.213516936289968e-33
7.250373177994646e-07 2.9685197648813213e-33 2.9686148844836937e-33 3.347973674024649e-33 4.5240413986682305e-33 6.975957782627789e-33 1.4581398612942437e-32 1.8396934132596298e-32 4.1175107124124375e-33
7.419427072122865e-07 2.8941942836345736e-33 2.8942911722430206e-33 3.271448728120181e-33 4.4209597644474896e-33 6.817008473980244e-33 1.4249157043780584e-32 1.7977754490357074e-32 4.023692020230944e-33
7.592422724615558e-07 2.821744751482515e-33 2.8218434429879758e-33 3.196699359695173e-33 4.320226861604526e-33 6.661680873961953e-33 1.3924485701249348e-32 1.7568125986913768e-32 3.932011016235952e-33
7.769452043790388e-07 2.7511233806719186e-33 2.75122390962614e-33 3.123681728174135e-33 4.2217891754268946e-33 6.50989246045936e-33 1.3607212093481648e-32 1.7167830995390792e-32 3.842418992571128e-33
7.950609080952509e-07 2.6822836141630377e-33 2.682386015791445e-33 3.0523532763452422e-33 4.1255944109881334e-33 6.361562591908354e-33 1.3297167661186742e-32 1.677665684728868e-32 3.754868351245696e-33
8.135990080361694e-07 2.615180093007544e-33 2.6152844032223087e-33 2.9826726836177262e-33 4.0315914641562517e-33 6.216612464361792e-33 1.2994187685868964e-32 1.639439572248941e-32 3.669312578741507e-33
8.325693530364543e-07 2.5497686254146287e-33 2.5498748808280996e-33 2.9145998217096115e-33 3.939730395628315e-33 6.074965070087906e-33 1.269811120148315e-32 1.6020844535460674e-32 3.5857062213805494e-33
8.519820215718901e-07 2.486006156757547e-33 2.486114394695932e-33 2.84809571190616e-33 3.8499624030329254e-33 5.936545154452828e-33 1.2408780909909472e-32 1.5655804827379059e-32 3.504004861180568e-33
8.718473271138315e-07 2.4238507385746898e-33 2.4239609970918765e-33 2.783122481381286e-33 3.762239796411672e-33 5.801279178461734e-33 1.2126043096177486e-32 1.5299082661660302e-32 3.424165092219215e-33
8.921758236084957e-07 2.3632615014619993e-33 2.3633738193536736e-33 2.7196433250230876e-33 3.676515972222057e-33 5.669095279276549e-33 1.1849747551546366e-32 1.4950488520791745e-32 3.346144497624632e-33
9.12978311084014e-07 2.3041986251157805e-33 2.304313041933845e-33 2.6576224650500706e-33 3.592745388325194e-33 5.5399232302109575e-33 1.1579747484120125e-32 1.4609837203720933e-32 3.269901626954232e-33
9.342658413882192e-07 2.2466233152137405e-33 2.2467398712812463e-33 2.597025113987991e-33 3.5108835401686275e-33 5.413694404831258e-33 1.1315899447223003e-32 1.427694773521058e-32 3.195395974264743e-33
9.560497240602198e-07 2.190497769575651e-33 2.1906165060012417e-33 2.537817439267336e-33 3.430886938302703e-33 5.2903417431569435e-33 1.1058063275193403e-32 1.395164325478549e-32 3.122587956300368e-33
9.78341532338879e-07 2.135785159129927e-33 2.1359061178234342e-33 2.479966526948912e-33 3.352713082208445e-33 5.16979970867889e-33 1.0806101975625379e-32 1.3633750938287205e-32 3.05143889265785e-33
1.0011531093113902e-06 2.0824495991152933e-33 2.082572822803004e-33 2.4234403502476525e-33 3.276320440822622e-33 5.052004260902189e-33 1.0559881690765532e-32 1.3323101896526228e-32 2.9819109828784577e-33
1.0244965742052174e-06 2.030456125804881e-33 2.0305816580454628e-33 2.3682077371235563e-33 3.2016684293162215e-33 4.9368928185447484e-33 1.0319271610651033e-32 1.301953108950901e-32 2.913967288839329e-33
1.048384328826741e-06 1.979770672013245e-33 1.97989855721371e-33 2.314238339626617e-33 3.128717387093231e-33 4.82440422522057e-33 1.008414390418366e-32 1.2722877238362244e-32 2.84757171361182e-33
1.0728290641500308e-06 1.9303600442020074e-33 1.9304903276340204e-33 2.2615026053131716e-33 3.057428557520166e-33 4.714478718947573e-33 9.854373655279607e-33 1.2432982737861096e-32 2.7826889829141225e-33
1.0978437670592484e-06 1.8821918992475468e-33 1.8823246270639786e-33 2.2099717491294622e-33 2.9877640668643426e-33 4.607057898674567e-33 9.629838791154963e-33 1.2149693573578047e-32 2.7192846261478722e-33
1.1234417272482566e-06 1.8352347240435687e-33 1.8353699432957178e-33 2.159617726925439e-33 2.9196869042129767e-33 4.502084694498896e-33 9.410420022558169e-33 1.1872859241438372e-32 2.6573249578260095e-33
1.149636544281106e-06 1.7894578111153557e-33 1.7895955697697516e-33 2.1104132107378957e-33 2.853160902042083e-33 4.3995033367638045e-33 9.196000777707504e-33 1.1602332666339989e-32 2.5967770612519135e-33
1.1764421348171486e-06 1.744831240267084e-33 1.7449715872232173e-33 2.06233156364609e-33 2.788150716866211e-33 4.299259326439933e-33 8.986467140906021e-33 1.1337970123936984e-32 2.5376087678326065e-33
1.2038727400046132e-06 1.7013258569105413e-33 1.7014688423202642e-33 2.0153468177719635e-33 2.7246218104692302e-33 4.2012994065340556e-33 8.78170779234883e-33 1.1079631165022904e-32 2.479788643398012e-33
1.2319429330465773e-06 1.658913253811745e-33 1.65905892789076e-33 1.969433651874663e-33 2.662540431507039e-33 4.1055715331963206e-33 8.581613948108535e-33 1.0827178539899615e-32 2.4232859693633922e-33
1.2606676269433496e-06 1.6175657486581986e-33 1.6177141635143537e-33 1.9245673706052982e-33 2.6018735976835782e-33 4.012024848551884e-33 8.38607930307949e-33 1.0580478128214282e-32 2.3680707272996708e-33
1.2900620824153782e-06 1.577256368696119e-33 1.5774075771132727e-33 1.88072388490382e-33 2.5425890783090535e-33 3.920609653817921e-33 8.19499997571374e-33 1.0339398863270582e-32 2.3141135827468167e-33
1.3201419160108953e-06 1.5379588299111995e-33 1.538112885783052e-33 1.8378796921087693e-33 2.484655376832043e-33 3.831277382071514e-33 8.008274448991502e-33 1.010381266478771e-32 2.261385869602887e-33
1.3509231084026028e-06 1.4996475214924566e-33 1.499804479672164e-33 1.7960118602468092e-33 2.4280417145014877e-33 3.7439805733890204e-33 7.825803520735564e-33 9.873594373201467e-33 2.2098595748920318e-33
1.38242201287781e-06 1.4622974853714717e-33 1.4624574018042571e-33 1.7550980071727124e-33 2.372718013811233e-33 3.658672849099643e-33 7.647490248506974e-33 9.648621676652081e-33 2.1595073240102743e-33
1.4146553640265304e-06 1.425884402903451e-33 1.4260473346185816e-33 1.7151162875381275e-33 2.318654882594093e-33 3.575308887397543e-33 7.47323989923903e-33 9.42877505747071e-33 2.1103023660586877e-33
1.447640286632156e-06 1.390384575062109e-33 1.3905505801928917e-33 1.6760453756237385e-33 2.2658235983296896e-33 3.49384439899225e-33 7.302959897644552e-33 9.213937712272543e-33 2.062218559606773e-33
1.4813943047694329e-06 1.3557749088768033e-33 1.3559440466813023e-33 1.637864450588193e-33 2.2141960929228542e-33 3.4142361037066066e-33 7.136559777806171e-33 9.003995504501354e-33 2.015230358945357e-33
1.5159353511145682e-06 1.3220329004870375e-33 1.3222052313689148e-33 1.6005531823451343e-33 2.1637449379255468e-33 3.336441707788253e-33 6.97395113609704e-33 8.798836897146178e-33 1.969312800416435e-33
1.5512817764724183e-06 1.2891366204399225e-33 1.2893122059696869e-33 1.564091717854944e-33 2.1144433297880135e-33 3.260419881214302e-33 6.815047583565435e-33 8.598352894491819e-33 1.9244414891379268e-33
1.587452359525819e-06 1.2570646987014164e-33 1.2572436016378994e-33 1.5284606681310906e-33 2.0662650757153383e-33 3.186130234969064e-33 6.659764696647517e-33 8.402436984236553e-33 1.880592586091707e-33
1.6244663168122348e-06 1.2257963101409694e-33 1.2259785944531233e-33 1.4936410956629115e-33 2.0191845795627514e-33 3.11353330111617e-33 6.508019978344236e-33 8.210985081392629e-33 1.8377427954421245e-33
1.6623433129330315e-06 1.1953111607564209e-33 1.1954968916455251e-33 1.459614502525795e-33 1.9731768284658254e-33 3.0425905103892446e-33 6.359732809470249e-33 8.023895472237814e-33 1.795869352148754e-33
1.7011034710007933e-06 1.1655894738775678e-33 1.1657787177996096e-33 1.4263628191125168e-33 1.9282173797592515e-33 2.9732641731836816e-33 6.214824411057118e-33 7.841068759835737e-33 1.7549500098952434e-33
1.740767383330235e-06 1.1366119766578293e-33 1.1368048013378723e-33 1.3938683926286157e-33 1.884282347290335e-33 2.905517457665996e-33 6.0732177947662186e-33 7.662407814816077e-33 1.714963029235591e-33
1.7813561223783898e-06 1.1083598872188877e-33 1.108556361707555e-33 1.3621139767735045e-33 1.841348389201348e-33 2.8393143713281767e-33 5.934837726917217e-33 7.487817717263356e-33 1.675887166070948e-33
1.8228912519398869e-06 1.080814902299093e-33 1.0810150969457737e-33 1.3310827219615787e-33 1.799392696241326e-33 2.7746197435434735e-33 5.799610696053344e-33 7.317205712281794e-33 1.637701660387325e-33
1.8653948386032614e-06 1.0539591844492724e-33 1.05416317095913e-33 1.3007581642966462e-33 1.758392977647099e-33 2.7113992022009867e-33 5.667464853012302e-33 7.150481158017083e-33 1.600386225137236e-33
1.908889463474389e-06 1.0277753502671663e-33 1.027983201716627e-33 1.2711242174997104e-33 1.7183274514047294e-33 2.6496191602867806e-33 5.538329993906007e-33 6.987555476356863e-33 1.5639210355652568e-33
