results/limits/MAQRO_h.dat
# %ECSV 1.0
# ---
# datatype:
# - {name: mx, unit: MeV, datatype: float64}
# - {name: sigma, unit: cm2, datatype: float64}
# schema: astropy-2.0
mx sigma
[from data line 6245]
0.9098208718479015 1.0404465703831984e-28
0.9115195266775472 1.0462749175813133e-28
0.9132213529317221 1.0521358775392842e-28
0.9149263565315414 1.0580296320948846e-28
0.9166345434091802 1.0639563642479675e-28
0.9183459195078836 1.0699162577686173e-28
0.9200604907819933 1.0759094983617609e-28
0.9217782631969729 1.081936272092837e-28
0.9234992427294183 1.0879967662415748e-28
0.925223435367084 1.0940911690649437e-28
0.9269508471089092 1.1002196699582464e-28
0.9286814839650275 1.106382459251279e-28
0.9304153519567938 1.1125797284960114e-28
0.9321524571168105 1.118811670164625e-28
0.9338928054889374 1.1250784778630429e-28
0.9356364031283182 1.1313803462696549e-28
0.9373832561014075 1.1377174711885444e-28
0.9391333704859804 1.144090049387171e-28
0.9408867523711612 1.1504982788565485e-28
0.9426434078574406 1.156942358638284e-28
0.9444033430567051 1.1634224889255851e-28
0.9461665640922465 1.1699388708856156e-28
0.9479330770987886 1.1764917070124038e-28
0.9497028882225149 1.18308120074193e-28
0.951476003621078 1.1897075567636188e-28
0.9532524294636271 1.196370980838081e-28
0.955032171930835 1.2030716799526209e-28
0.9568152372149084 1.2098098620843595e-28
0.9586016315196145 1.216585736524205e-28
0.9603913610603094 1.2233995137164024e-28
0.9621844320639474 1.23025140515707e-28
0.9639808507691086 1.2371416236215146e-28
0.9657806234260262 1.2440703830564946e-28
0.9675837562965975 1.2510378985684125e-28
0.9693902556544106 1.2580443864679256e-28
0.9712001277847723 1.265090064317096e-28
0.9730133789847182 1.2721751508223227e-28
0.974830015563041 1.279299865873461e-28
0.9766500438403177 1.2864644307675874e-28
0.9784734701489202 1.2936690677327425e-28
0.9803003008330446 1.3009140005615242e-28
0.9821305422487303 1.3081994540618716e-28
0.9839642007638894 1.3155256543466802e-28
0.9858012827583168 1.3228928289079601e-28
0.9876417946237188 1.3303012062418006e-28
0.9894857427637412 1.3377510163735538e-28
0.9913331335939795 1.3452424905097453e-28
0.993183973542007 1.3527758610484296e-28
0.9950382690474039 1.360351361880285e-28
0.9968960265617668 1.3679692280011586e-28
0.9987572525487378 1.3756296958507996e-28
1.0006219534840326 1.383333003093679e-28
1.0024901358554514 1.3910793887481047e-28
1.0043618061629072 1.3988690932134797e-28
1.0062369709184542 1.4067023580460345e-28
1.008115636646299 1.41457942646217e-28
1.0099978098828293 1.4225005426714881e-28
1.011883497176642 1.43046595249094e-28
1.013772705088554 1.4384759029990327e-28
1.0156654401916323 1.446530642704598e-28
1.0175617090712212 1.4546304214373e-28
1.0194615183249545 1.462775490415963e-28
1.0213648745627835 1.4709661023297315e-28
1.0232717844070067 1.4792025111728756e-28
1.0251822544922806 1.4874849724518552e-28
1.0270962914656503 1.4958137429903438e-28
1.0290139019865694 1.5041890811400132e-28
1.0309350927269312 1.5126112465620165e-28
1.032859870371079 1.5210805005208674e-28
1.0347882416158358 1.5295971055819365e-28
1.0367202131705344 1.538161325879776e-28
1.0386557917570276 1.5467734269117192e-28
1.0405949841097182 1.5554336757762525e-28
1.042537796975588 1.5641423409222627e-28
1.04448423711421 1.57289969239262e-28
1.0464343112977768 1.5817060016908088e-28
1.0483880263111318 1.5905615418215919e-28
1.0503453889517789 1.5994665872837164e-28
1.0523064060299134 1.6084214141314615e-28
1.054271084368452 1.617426300063259e-28
1.056239430803043 1.6264815240030546e-28
1.0582114521820971 1.635587366802531e-28
1.060187155366818 1.6447441105620232e-28
1.0621665472312127 1.6539520391897946e-28
1.064149634662122 1.6632114380123963e-28
1.066136424559251 1.672522593970628e-28
1.0681269238351805 1.6818857957307476e-28
1.070121139415399 1.691301333216415e-28
1.0721190782383236 1.7007694984212438e-28
1.0741207472553311 1.7102905846286447e-28
1.0761261534307711 1.7198648868205059e-28
1.078135303741995 1.729492701765277e-28
1.080148205179388 1.7391743276395402e-28
1.08216486474638 1.748910064413282e-28
1.0841852894594763 1.7587002137890268e-28
1.0862094863482887 1.7685450789380338e-28
1.088237462455547 1.7784449649210985e-28
1.09026922483713 1.7884001783709402e-28
1.092304780562096 1.798411027600981e-28
1.0943441367126956 1.8084778227970958e-28
1.0963873003844014 1.8186008756786197e-28
1.0984342786859407 1.8287804997784008e-28
1.1004850787393057 1.8390170104563774e-28
1.1025397076797856 1.8493107245546317e-28
1.1045981726559986 1.8596619609400642e-28
1.106660480829902 1.870071040224894e-28
1.1087266393768254 1.8805382845937007e-28
1.1107966554855007 1.891064018212899e-28
1.1128705363580755 1.9016485669985653e-28
1.1149482892101434 1.9122922586763393e-28
1.1170299212707768 1.9229954227125269e-28
1.1191154397825378 1.9337583905274208e-28
1.121204852001513 1.9445814952822336e-28
1.123298165197334 1.9554650719510676e-28
1.1253953866532114 1.966409457566188e-28
1.1274965236659475 1.9774149908238299e-28
1.1296015835459674 1.9884820124049783e-28
1.131710573617352 1.999610864704229e-28
1.1338235012178497 2.0108018923086313e-28
1.135940373698908 2.022055441490476e-28
1.1380611984257074 2.0333718604610423e-28
1.1401859827771719 2.044751499925237e-28
1.1423147341460023 2.0561947113597856e-28
1.1444474599387084 2.0677018480328116e-28
1.1465841675756219 2.079273268038016e-28
1.1487248644909276 2.0909093292809737e-28
1.1508695581326973 2.1026103884091007e-28
1.1530182559629016 2.1143768113901564e-28
1.1551709654574431 2.1262089616162124e-28
1.1573276941061883 2.1381072021095e-28
1.1594884494129811 2.1500719036912787e-28
1.1616532388956748 2.1621034360758933e-28
1.1638220700861661 2.174202171059512e-28
1.1659949505304066 2.1863684827534413e-28
1.1681718877884386 2.198602747910517e-28
1.1703528894344173 2.210905343955285e-28
1.1725379630566455 2.2232766513965673e-28
1.1747271162575867 2.2357170535337506e-28
1.1769203566538986 2.2482269359032837e-28
1.179117691876466 2.2608066832619507e-28
1.1813191295704142 2.2734566847367856e-28
1.1835246773951413 2.286177333626453e-28
1.1857343430243534 2.2989690217809485e-28
1.1879481341460763 2.3118321430061724e-28
1.1901660584626894 2.324767097326344e-28
1.19238812369096 2.337774284039622e-28
1.1946143375620553 2.350854104928074e-28
1.1968447078215767 2.3640069641163968e-28
1.1990792422295946 2.377233268277812e-28
1.20131794856066 2.3905334261434517e-28
1.2035608346038387 2.4039078487494165e-28
1.2058079081627469 2.4173569494864696e-28
1.2080591770555624 2.430881143711855e-28
1.2103146491150605 2.444480849483931e-28
1.2125743321886466 2.45815648698425e-28
1.2148382341383712 2.4719084786886057e-28
1.2171063628409629 2.4857372495587867e-28
1.2193787261878635 2.4996432266395e-28
1.221655332085241 2.5136268396220215e-28
1.2239361884540274 2.527688520455942e-28
1.22622130322994 2.5418287034750643e-28
1.22851068436352 2.5560478253416382e-28
1.2308043398201451 2.5703463253147665e-28
1.2331022775800646 2.5847246449745305e-28
1.2354045056384342 2.599183228247169e-28
1.2377110320053293 2.613722521711903e-28
1.2400218647057806 2.628342974324007e-28
1.2423370117798092 2.643045037504353e-28
1.244656481282439 2.657829165103035e-28
1.2469802812837336 2.6726958136943705e-28
1.2493084198688305 2.6876454422013343e-28
1.251640905137955 2.7026785120505593e-28
1.2539777452064556 2.7177954873904355e-28
1.25631894820484 2.732996834844141e-28
1.2586645222787884 2.748283023520085e-28
1.2610144755891886 2.7636545252778813e-28
1.263368816312173 2.77911181458309e-28
1.2657275526391312 2.7946553682565156e-28
1.2680906927767464 2.8102856661788844e-28
1.2704582449470312 2.8260031905408988e-28
1.2728302173873416 2.841808426227493e-28
1.2752066183504154 2.857701861115483e-28
1.2775874561043956 2.873683985379859e-28
1.2799727389328701 2.8897552921345817e-28
1.2823624751348843 2.905916277121712e-28
1.2847566730249784 2.922167438939702e-28
1.287155340933224 2.9385092788552042e-28
1.2895584872052364 2.954942300832856e-28
1.2919661202022135 2.9714670117571015e-28
1.2943782483009705 2.988083921181127e-28
1.2967948798939555 3.0047935416782644e-28
1.2992160233892847 3.0215963883179116e-28
1.3016416872107806 3.038492979372256e-28
1.3040718797979851 3.0554838357797845e-28
1.306506609606197 3.07256948139062e-28
1.3089458851065097 3.0897504429941735e-28
1.3113897147858233 3.1070272500481927e-28
1.3138381071468843 3.124400435313261e-28
1.316291070708321 3.1418705342484444e-28
1.3187486140046591 3.159438085390371e-28
1.3212107455863575 3.177103630078964e-28
1.3236774740198476 3.1948677128168127e-28
1.3261488078875465 3.2127308808612155e-28
1.3286247557878945 3.2306936848270477e-28
1.3311053263353936 3.24875667824429e-28
1.3335905281606213 3.2669204176266364e-28
1.3360803699102712 3.2851854625378077e-28
1.3385748602471776 3.3035523756295706e-28
1.341074007850357 3.3220217228446004e-28
1.3435778214150211 3.3405940730630756e-28
1.346086309652616 3.3592699983301232e-28
1.348599481290861 3.3780500737691227e-28
1.351117345073761 3.3969348778718425e-28
1.353639909761647 3.415924992334907e-28
1.3561671841312133 3.4350210017175296e-28
1.358699176975533 3.454223494150897e-28
1.3612358971040952 3.4735330609372524e-28
1.3637773533428452 3.4929502965180155e-28
1.3663235545341985 3.5124757986892443e-28
1.3688745095370791 3.532110168546301e-28
1.3714302272269596 3.5518540105358924e-28
1.3739907164958742 3.5717079323177292e-28
1.3765559862524595 3.5916725449689484e-28
1.3791260454219927 3.6117484630382854e-28
1.3817009029464065 3.6319363042511953e-28
1.384280567784328 3.6522366898578224e-28
1.3868650489111192 3.672650244604676e-28
1.3894543553188903 3.6931775964912415e-28
1.3920484960165431 3.713819377137584e-28
1.3946474800297963 3.7345762215820465e-28
1.3972513164012286 3.7554487683102764e-28
1.3998600141902926 3.776437659512305e-28
1.4024735824733545 3.7975435406110004e-28
1.4050920303437362 3.8187670607968046e-28
1.4077153669117273 3.8401088730153e-28
1.4103436013046267 3.861569633120466e-28
1.4129767426667832 3.883150001484175e-28
1.4156148001596092 3.904850641372766e-28
1.418257782961622 3.926672220212774e-28
1.4209057002684842 3.9486154087769127e-28
1.4235585612930175 3.9706808816110646e-28
1.4262163752652446 3.9928693171924026e-28
1.4288791514324295 4.0151813973001734e-28
1.4315468990590925 4.0376178080260664e-28
1.4342196274270507 4.060179238526779e-28
1.4368973458354595 4.082866382531398e-28
1.439580063600827 4.105679936798023e-28
1.4422677900570553 4.128620602701484e-28
1.4449605345554828 4.151689084879101e-28
1.4476583064648971 4.174886092268249e-28
1.450361115171578 4.198212337240566e-28
1.4530689700793387 4.221668536480463e-28
1.4557818806095406 4.245255410349795e-28
1.4584998562011375 4.26897368353403e-28
1.4612229063107036 4.292824084207113e-28
1.4639510404124771 4.31680734505244e-28
1.4666842679983763 4.34092420233283e-28
1.4694225985780407 4.36517539685389e-28
1.4721660416788738 4.3895616726749096e-28
1.4749146068460577 4.414083778917572e-28
1.4776683036425962 4.438742468210428e-28
1.4804271416493553 4.463538497561595e-28
1.4831911304650809 4.488472628087394e-28
1.485960279706439 4.513545624693492e-28
1.4887345990080596 4.5387582573474615e-28
1.4915140980225519 4.564111299460502e-28
1.4942987864205461 4.5896055290743934e-28
1.4970886738907374 4.61524172846493e-28
1.4998837701399004 4.641020683923201e-28
1.5026840848929328 4.666943186611743e-28
1.505489627892898 4.693010031520901e-28
1.5083004089010406 4.719222018097723e-28
1.5111164376968296 4.745579950565552e-28
1.5139377240780016 4.772084637072497e-28
1.5167642778605772 4.798736890377039e-28
1.519596108878906 4.8255375279256145e-28
1.5224332269856962 4.852487371304107e-28
1.5252756420520595 4.879587246760244e-28
1.5281233639675287 4.906837985237772e-28
1.5309764026401005 4.934240421813623e-28
1.533834767996279 4.961795396579295e-28
1.5366984699810922 4.989503754035454e-28
1.5395675185581357 5.017366343512527e-28
1.5424419237096165 5.045384018482278e-28
1.5453216954363695 5.07355763758573e-28
1.548206843757901 5.1018880642826365e-28
1.5510973787124338 5.130376166301085e-28
1.5539933103569226 5.1590228162749615e-28
1.5568946487670983 5.187828891972508e-28
1.5598014040375137 5.21679527544272e-28
1.562713586281558 5.24592285403635e-28
1.565631205631503 5.275212519483116e-28
1.5685542722385466 5.304665168807873e-28
1.5714827962728302 5.334281704000226e-28
1.5744167879234825 5.364063031764614e-28
1.5773562573986657 5.394010063583274e-28
1.5803012149255908 5.424123716276415e-28
1.5832516707505668 5.454404911596843e-28
1.586207635139029 5.484854576469352e-28
1.589169118375589 5.515473642741947e-28
1.5921361307640491 5.54626304728559e-28
1.5951086826274503 5.577223731994906e-28
1.598086784308116 5.60835664451792e-28
1.601070446167669 5.639662737039423e-28
1.604059678587078 5.67114296748147e-28
1.6070544919667027 5.70279829844891e-28
1.6100548967263104 5.734629698388787e-28
1.613060903305123 5.766638140722746e-28
1.6160725221618621 5.798824604209382e-28
1.6190897637747659 5.831190072717856e-28
1.622112638641636 5.863735536355549e-28
1.6251411572798835 5.8964619896155275e-28
1.6281753302265456 5.92937043310473e-28
1.6312151680383327 5.962461872749563e-28
1.6342606812916742 5.995737319976147e-28
1.6373118805827367 6.0291977914759245e-28
1.6403687765274695 6.062844309926608e-28
1.6434313797616522 6.096677903378183e-28
1.646499700940912 6.130699605338706e-28
1.6495737507407695 6.16491045546234e-28
1.652653539856688 6.199311498388536e-28
1.6557390790040882 6.233903785181259e-28
1.6588303789184011 6.268688372256152e-28
1.6619274503550967 6.303666321622555e-28
1.6650303040897363 6.3388387017319225e-28
1.6681389509179894 6.374206586074781e-28
1.671253401655681 6.4097710547337265e-28
1.6743736671388394 6.4455331932760865e-28
1.6774997582237146 6.481494093168242e-28
1.6806316857868242 6.517654852228993e-28
1.6837694607250042 6.554016573737387e-28
1.6869130939554238 6.59058036743389e-28
1.6900625964156355 6.627347348845087e-28
1.6932179790636221 6.664318639888044e-28
1.6963792528778154 6.701495368091332e-28
1.699546428857144 6.7388786677929755e-28
1.7027195180210821 6.776469678894916e-28
1.7058985314096669 6.81426954806927e-28
1.7090834800835482 6.8522794278557965e-28
1.7122743751240357 6.890500477412134e-28
1.7154712276331185 6.928933861719256e-28
1.7186740487335133 6.967580752686525e-28
1.7218828495687133 7.006442328346882e-28
1.7250976413030064 7.045519772816034e-28
1.728318435121528 7.084814277382133e-28
1.731545242230293 7.1243270391339865e-28
1.7347780738562488 7.164059262544949e-28
1.7380169412472928 7.204012157822488e-28
1.7412618556723225 7.244186941815234e-28
1.7445128284212859 7.284584838568199e-28
1.7477698708051983 7.325207078408952e-28
1.7510329941561928 7.366054898711138e-28
1.7543022098275713 7.407129543109391e-28
1.7575775291938212 7.448432261886992e-28
1.7608589636506662 7.489964312944758e-28
1.7641465246151173 7.531726960638634e-28
1.7674402235254905 7.573721476016775e-28
1.7707400718414568 7.615949137078102e-28
1.7740460810440941 7.658411228895557e-28
1.7773582626359046 7.701109043679443e-28
1.7806766281408657 7.744043880414797e-28
1.7840011891044818 7.787217045285164e-28
1.7873319570938015 7.830629851698734e-28
1.7906689436974697 7.874283620067582e-28
1.7940121605257782 7.9181796776658e-28
1.7973616192106847 7.962319359747412e-28
1.800717331405864 8.006704008353412e-28
1.8040793087867595 8.05133497239945e-28
1.807447563050602 8.096213609029768e-28
1.8108221059164644 8.141341282550283e-28
1.8142029491252967 8.186719363963045e-28
1.8175901044399798 8.232349232752621e-28
1.820983583645345 8.27823227521051e-28
1.8243833985482267 8.324369885116547e-28
1.8277895609775134 8.37076346460177e-28
1.8312020827841682 8.417414422303084e-28
1.8346209758412788 8.464324175675649e-28
1.8380462520441125 8.511494148709055e-28
1.8414779233101337 8.558925774062218e-28
1.844916001579057 8.606620491986932e-28
1.8483604988129003 8.654579749658046e-28
1.8518114269960029 8.702805003722135e-28
1.8552687981350793 8.751297717296611e-28
1.8587326242592728 8.800059362449504e-28
1.8622029174201729 8.849091418239726e-28
1.8656796896918706 8.898395372886609e-28
1.8691629531710103 8.94797272161803e-28
1.8726527199768102 8.997824968914775e-28
