results/limits/MAQRO_f_6_phase.dat
# %ECSV 1.0
# ---
# datatype:
# - {name: mx, unit: MeV, datatype: float64}
# - {name: sigma_6, unit: cm2, datatype: float64}
# schema: astropy-2.0
mx sigma_6
[from data line 358]
0.0012122259692915415 4.395075007394272e-43
0.0012404909310584848 4.5118960542708635e-43
0.0012694149350204683 4.629632318398177e-43
0.0012990133477864558 4.748152965940148e-43
0.0013293018942621524 4.867324038067773e-43
0.001360296666004259 4.987009066818412e-43
0.001392014129769518 5.107069710635488e-43
0.0014244711362630968 5.227366403297322e-43
0.0014576849290909482 5.347759009798923e-43
0.0014916731539209149 5.468107482713012e-43
0.0015264538678574353 5.588272512625532e-43
0.0015620455490348386 5.7081161664129355e-43
0.0015984671064343198 5.827502507396825e-43
0.0016357378899298156 5.946298191769196e-43
0.0016738777005681136 6.0643730361171785e-43
0.0017129068010886602 6.181600551380097e-43
0.0017528459266886532 6.297858439130575e-43
0.00179371629603914 6.4130290466730105e-43
0.0018355396225579732 6.526999778084085e-43
0.0018783381259456144 6.639663458967804e-43
0.0019221345439899109 6.75091865334964e-43
0.001966952144646121 6.860669931778679e-43
0.0020128147383986056 6.968828090332295e-43
0.002059746690910748 7.075310320814355e-43
0.0021077729359698315 7.180040332997161e-43
0.0021569189887337423 7.282948430270758e-43
0.002207210959286545 7.383971540525274e-43
0.0022586755665101248 7.483053204497266e-43
0.0023113401522792685 7.580143524156341e-43
0.0023652326959877285 7.675199073991677e-43
0.0024203818294129824 7.76818277827861e-43
0.0024768168519275916 7.859063757564122e-43
0.002534567746065232 7.947817147709162e-43
0.0025936651934496745 8.034423894867854e-43
0.0026541405910951734 8.11887052977387e-43
0.0027160260680869266 8.201148924646789e-43
0.0027793545026504624 8.281256035932688e-43
0.002844159539619031 8.359193635958873e-43
0.0029104756083082714 8.434968036419118e-43
0.0029783379408076585 8.508589806419733e-43
0.0030477825906984404 8.580073487613369e-43
0.0031188464522080173 8.649437308733182e-43
0.0031915672798109355 8.716702901619943e-43
0.0032659837082868936 8.781895020612502e-43
0.003342135273246469 8.845041266953481e-43
0.0034200624321353945 8.906171819648465e-43
0.0034998065857286074 8.965319174012575e-43
0.0035814101001254554 9.022517888943968e-43
0.003664916329257761 9.0778043437821e-43
0.0037503696379226933 9.131216505438922e-43
0.0038378154253526898 9.182793706335956e-43
0.003927300149334948 9.23257643353788e-43
0.004018871350893299 9.280606129344558e-43
0.00411257767954558 9.326925003488203e-43
0.004208468919149921 9.371575856978904e-43
0.004306596014353682 9.414601917551168e-43
0.004407011097659079 9.456046686583858e-43
0.004509767517119906 9.495953797296917e-43
0.004614919864684026 9.534366883968434e-43
0.004722524005196735 9.5713294618651e-43
0.004832637106080367 9.606884817537088e-43
0.004945317667705937 9.641075909093522e-43
0.005060625554472947 9.673945276047509e-43
0.005178622026613854 9.705534958298307e-43
0.005299369772740128 9.735886423803281e-43
0.005422932943147155 9.765040504481876e-43
0.0055493771838957115 9.793037339889037e-43
0.00567876967168809 9.819916328194186e-43
0.005811179149557424 9.84571608400452e-43
0.0059466759633891655 9.870474402577771e-43
0.006085332099294114 9.89422822997794e-43
0.006227221221852859 9.917013638738901e-43
0.006372418713251954 9.93886580861409e-43
0.006521001713332612 9.959819012005089e-43
0.006673049160573193 9.979906603678304e-43
0.006828641834027273 9.999161014395974e-43
0.006987862396239558 1.001761374810552e-42
0.00715079543716245 1.0035295382349854e-42
0.007317527519096606 1.0052235571579375e-42
0.007488147222679345 1.0068463053065534e-42
0.007662745193945353 1.008400565513386e-42
0.007841414192484688 1.0098890307453018e-42
0.008024249140723652 1.0113143053133929e-42
0.008211347174354735 1.0126789062410814e-42
0.008402807693942412 1.0139852647692393e-42
0.008598732417732204 1.015235727978804e-42
0.008799225435691074 1.0164325605129069e-42
0.009004393264807849 1.0175779463820043e-42
0.009214344905683071 1.01867399083693e-42
0.009429191900438323 1.0197227222960978e-42
0.009649048391975805 1.0207260943143484e-42
0.009874031184619632 1.0216859875821209e-42
0.010104259806171096 1.0226042119447167e-42
0.01033985657141083 1.0234825084324713e-42
0.010580946647081629 1.0243225512936185e-42
0.010827658118386449 1.025125950022477e-42
0.011080122057036918 1.0258942513764956e-42
0.011338472590888495 1.026628941376374e-42
0.01160284697519928 1.0273314472842256e-42
0.01187338566555036 1.0280031395553972e-42
0.012150232392466372 1.0286453337601215e-42
0.012433534237775993 1.0292592924717449e-42
0.01272344171275288 1.0298462271187552e-42
0.013020108838078586 1.0304072997982884e-42
0.013323693225669961 1.0309436250491975e-42
0.013634356162414448 1.031456271583119e-42
0.013952262695857842 1.0319462639723428e-42
0.014277581721889965 1.0324145842935506e-42
0.014610486074474885 1.0328621737267655e-42
0.014951152617473332 1.0332899341091165e-42
0.015299762338606094 1.0336987294432026e-42
0.015656500445608335 1.0340893873600595e-42
0.016021556464625875 1.0344627005368633e-42
0.016395124340905766 1.0348194280696968e-42
0.016777402541834602 1.0351602968017904e-42
0.017168594162379338 1.0354860026077924e-42
0.01756890703298664 1.0357972116346918e-42
0.017978553829998065 1.0360945615001327e-42
0.01839775218863974 1.0363786624488902e-42
0.01882672481864659 1.0366500984683721e-42
0.01926569962258253 1.0369094283640338e-42
0.019714909816919448 1.0371571867956487e-42
0.020174594055939365 1.0373938852753927e-42
0.02064499655852557 1.0376200131287466e-42
0.021126367237910063 1.0378360384192065e-42
0.021618961834446313 1.038042408837841e-42
0.02212304205147776 1.0382395525586957e-42
0.022638875694374342 1.0384278790610989e-42
0.0231667368128109 1.038607779919869e-42
0.02370690584636297 1.0387796295644523e-42
0.024259669773497434 1.0389437860079949e-42
0.024825322264037063 1.0391005915473484e-42
0.025404163835180054 1.0392503734349932e-42
0.025996502011157406 1.039393444523832e-42
0.026602651486612925 1.0395301038858257e-42
0.027222934293792744 1.0396606374053783e-42
0.027857679973633073 1.0397853183483844e-42
0.02850722575083718 1.039904407907844e-42
0.02917191671303455 1.0400181557268791e-42
0.029852105994117403 1.0401268004000378e-42
0.030548154961852016 1.0402305699536495e-42
0.031260433409864494 1.0403296823060857e-42
0.031989319754103004 1.0404243457086623e-42
0.0327352012338808 1.0405147591679602e-42
0.03349847411760691 1.0406011128502434e-42
0.034279543913313774 1.0406835884687532e-42
0.03507882558409363 1.0407623596544911e-42
0.03589674376855814 1.0408375923111893e-42
0.03673373300643846 1.0409094449550854e-42
0.037590237969445384 1.0409780690401096e-42
0.038466713697512506 1.041043609269155e-42
0.03936362584054766 1.0411062038918125e-42
0.04028145090582124 1.0411659849893639e-42
0.04122067651112274 1.0412230787473874e-42
0.04218180164382002 1.0412776057165575e-42
0.043165336925959 1.0413296810621125e-42
0.044171804885544536 1.0413794148024776e-42
0.04520174023414663 1.0414269120374811e-42
0.046255690150979495 1.0414722731666127e-42
0.047334214573604344 1.0415155940977413e-42
0.048437886495410414 1.0415569664467018e-42
0.04956729227003216 1.0415964777281214e-42
0.05072303192286451 1.0416342115378548e-42
0.051905719469841495 1.0416702477275456e-42
0.05311598324364777 1.041704662571211e-42
0.05435446622753626 1.0417375289247864e-42
0.05562182639692926 1.0417689163784906e-42
0.056918737068984544 1.041798891402497e-42
0.058245887260312136 1.041827517486161e-42
0.05960398205303182 1.0418548552711104e-42
0.06099374296936585 1.0418809626784258e-42
0.06241590835496589 1.0419058950302031e-42
0.06387123377117784 1.0419297051657188e-42
0.06536049239645289 1.0419524435524504e-42
0.06688447543711816 1.0419741583921629e-42
0.06844399254772507 1.0419948957222854e-42
0.0700398722611988 1.0420146995127841e-42
0.0716729624290174 1.0420336117587198e-42
0.07334413067165428 1.0420516725686984e-42
0.07505426483952363 1.0420689202493676e-42
0.07680427348467332 1.0420853913861671e-42
0.07859508634347626 1.0421011209204637e-42
0.08042765483057629 1.0421161422232563e-42
0.08230295254435131 1.0421304871655881e-42
0.08422197578416211 1.0421441861858187e-42
0.08618574407966152 1.042157268353892e-42
0.08819530073244539 1.0421697614327267e-42
0.09025171337033296 1.042181691936877e-42
0.09235607451457113 1.0421930851885564e-42
0.09450950216026408 1.0422039653711688e-42
0.09671314037033632 1.0422143555804272e-42
0.09896815988334524 1.04222427787321e-42
0.10127575873546546 1.0422337533142066e-42
0.10363716289697593 1.042242802020487e-42
0.10605362692358762 1.0422514432041326e-42
0.10852643462295801 1.0422596952126625e-42
0.11105689973674641 1.0422675755682283e-42
0.11364636663857243 1.042275101004477e-42
0.11629621104824843 1.0422822875020507e-42
0.1190078407626656 1.0422891503224295e-42
0.12178269640372161 1.042295704040265e-42
0.12462225218368743 1.0423019625742564e-42
0.1275280166884199 1.0423079392166472e-42
0.13050153367883624 1.0423136466613921e-42
0.1335443829110759 1.0423190970310639e-42
0.13665818097578622 1.0423243019025524e-42
0.13984458215697693 1.0423292723316045e-42
0.14310527931090045 1.0423340188762712e-42
0.14644200476542463 1.0423385516192907e-42
0.14985653124037576 1.0423428801894755e-42
0.15335067278934078 1.0423470137821326e-42
0.1569262857634292 1.0423509611785707e-42
0.1605852697975066 1.0423547307647236e-42
0.16432956881942368 1.0423583305489472e-42
0.16816117208277714 1.0423617681790065e-42
0.172082115223751 1.0423650509583038e-42
0.1760944813425998 1.0423681858613805e-42
0.1802004021103484 1.0423711795487122e-42
0.18440205890129596 1.0423740383808514e-42
0.18870168395192646 1.0423767684319206e-42
0.1931015615468407 1.0423793755025106e-42
0.1976040292323402 1.0423818651319887e-42
0.20221147905830805 1.0423842426102645e-42
0.20692635884904578 1.0423865129890131e-42
0.21175117350374192 1.0423886810924049e-42
0.2166884863272632 1.0423907515273457e-42
0.22174092039197504 1.0423927286932589e-42
0.22691115993131514 1.042394616791429e-42
0.23220195176586036 1.0423964198339208e-42
0.2376161067626448 1.0423981416520986e-42
0.24315650132850383 1.0423997859047623e-42
0.24882607893823822 1.0424013560859232e-42
0.25462785169840935 1.0424028555322173e-42
0.2605649019475973 1.0424042874299955e-42
0.26664038389397104 1.0424056548220893e-42
0.27285752529104135 1.0424069606142768e-42
0.2792196291524867 1.0424082075814516e-42
0.2857300755069626 1.0424093983735171e-42
0.2923923231938275 1.0424105355210195e-42
0.2992099117007387 1.0424116214405175e-42
0.3061864630440946 1.0424126584397199e-42
0.31332568369332287 1.0424136487223841e-42
0.32063136654003577 1.0424145943930044e-42
0.3281073929131 1.0424154974612722e-42
0.3357577346406907 1.0424163598463581e-42
0.343586456160426 1.0424171833809777e-42
0.3515977166787018 1.0424179698152953e-42
0.359795772380376 1.0424187208206331e-42
0.368184978689974 1.0424194379930278e-42
0.3767697925856183 1.0424201228566203e-42
0.38555477496691104 1.0424207768668952e-42
0.394544593078027 1.0424214014137712e-42
0.4037440229873054 1.0424219978245545e-42
0.4131579521246571 1.0424225673667582e-42
0.42279138187813525 1.0424231112508007e-42
0.43264943025104924 1.0424236306325728e-42
0.4427373345810337 1.0424241266158922e-42
0.4530604543225162 1.0424246002548562e-42
0.4636242738940635 1.0424250525561353e-42
0.47443440559211736 1.0424254844808691e-42
0.48549659257266914 1.0424258969470784e-42
0.4968167119024568 1.0424262908313723e-42
0.5084007776813051 1.0424266669708682e-42
0.5202549442372687 1.0424270261649711e-42
0.5323855093962742 1.042427369177077e-42
0.5447989178279997 1.0424276967361883e-42
0.557501764469769 1.0424280095384663e-42
0.5705007980302781 1.0424283082487133e-42
0.5838029245750183 1.0424285935017819e-42
0.5974152111952977 1.0424288659039226e-42
0.6113448897628128 1.0424291260340802e-42
0.6255993607717623 1.0424293744451086e-42
0.6401861972705483 1.042429611664967e-42
0.6551131488851486 1.0424298381978226e-42
0.6703881459363026 1.0424300545251304e-42
0.686019303652694 1.0424302611066616e-42
0.7020149264823721 1.0424304583814644e-42
0.7183835125046995 1.0424306467688214e-42
0.7351337579451718 1.0424308266691142e-42
0.7522745617955077 1.0424309984646945e-42
0.7698150305414633 1.0424311625206845e-42
0.7877644830008832 1.0424313191857606e-42
0.8061324552745581 1.042431468792892e-42
0.8249287058125218 1.042431611660043e-42
0.8441632205984669 1.042431748090857e-42
0.8638462184550629 1.0424318783752965e-42
0.8839881564729563 1.0424320027902636e-42
0.9045997355663667 1.0424321216001863e-42
0.9256919061582187 1.0424322350575702e-42
0.9472758739978306 1.042432343403559e-42
0.9693631061142522 1.0424324468684259e-42
0.9919653369084147 1.042432545672067e-42
1.0150945743873274 1.0424326400244801e-42
1.0387631065436362 1.042432730126196e-42
1.0629835078839296 1.0424328161687112e-42
1.0877686461092637 1.0424328983349038e-42
1.1131316889514546 1.0424329767994016e-42
1.1390861111687691 1.0424330517289677e-42
1.16564570170473 1.0424331232828616e-42
1.1928245710138414 1.042433191613156e-42
1.2206371585581264 1.0424332568650816e-42
1.2490982404784545 1.0424333191773206e-42
1.2782229374447416 1.0424333786823117e-42
1.3080267226891875 1.042433435506521e-42
1.3385254302268237 1.0424334897707244e-42
1.369735263267732 1.0424335415902554e-42
1.4016728028254128 1.0424335910752433e-42
1.4343550165258654 1.0424336383308638e-42
1.4677992676220706 1.0424336834575564e-42
1.5020233242186567 1.0424337265512307e-42
1.5370453687116559 1.0424337677034755e-42
1.5728840074483612 1.0424338070017576e-42
1.6095582806124205 1.0424338445295927e-42
1.6470876723394143 1.04243388036675e-42
1.6854921210682972 1.0424339145893964e-42
1.7247920301341966 1.0424339472702623e-42
1.7650082786082029 1.0424339784788108e-42
1.8061622323899016 1.042434008281369e-42
1.848275755558551 1.0424340367412852e-42
1.8913712219889245 1.0424340639190393e-42
1.935471527238 1.0424340898724024e-42
1.9806001007088037 1.0424341146565256e-42
2.0267809180978715 1.0424341383240882e-42
2.0740385141329463 1.0424341609254007e-42
2.1223979956076717 1.0424341825084888e-42
2.171885054720213 1.0424342031192245e-42
2.222525982722885 1.0424342228014252e-42
2.274347683890048 1.0424342415969111e-42
2.327377689811681 1.0424342595456297e-42
2.3816441740202396 1.042434276685739e-42
2.437175966958554 1.0424342930536643e-42
2.4940025712967335 1.0424343086841873e-42
2.552154177606206 1.0424343236105277e-42
2.611661680399223 1.0424343378644244e-42
2.6725566945423505 1.0424343514761611e-42
2.7348715720526675 1.0424343644746665e-42
2.7986394192855935 1.0424343768875681e-42
2.863894114523477 1.0424343887412516e-42
2.9306703259742912 1.042434400060928e-42
2.999003530189995 1.0424344108706186e-42
3.068930030914351 1.0424344211933174e-42
3.1404869783702067 1.0424344310509732e-42
3.21371238899649 1.0424344404645251e-42
3.2886451656454048 1.0424344494539851e-42
3.3653251182505572 1.0424344580384518e-42
3.443792984976987 1.0424344662361706e-42
3.5240904538643507 1.0424344740645811e-42
3.6062601849747473 1.0424344815402992e-42
3.6903458330569543 1.0424344886792399e-42
3.77639207073912 1.0424344954965584e-42
3.8644446122622242 1.0424345020067331e-42
3.9545502377669295 1.0424345082236286e-42
4.046756818146711 1.0424345141604423e-42
4.141113340480481 1.0424345198297917e-42
4.237669934058216 1.042434525243723e-42
4.336477897013409 1.0424345304137578e-42
4.437589723576497 1.0424345353508766e-42
4.541059131963759 1.0424345400655644e-42
4.646941092916466 1.042434544567852e-42
4.755291858905486 1.0424345488673004e-42
4.866168994016832 1.0424345529730588e-42
4.979631404534034 1.0424345568938404e-42
5.0957393702336 1.0424345606379944e-42
5.214554576410165 1.0424345642134718e-42
5.336140146648369 1.0424345676278558e-42
5.4605606763588606 1.042434570888419e-42
5.587882267096237 1.0424345740020963e-42
5.718172561677172 1.042434576975491e-42
5.851500780117376 1.0424345798149361e-42
5.987937756406471 1.0424345825264507e-42
6.127555976140354 1.0424345851158233e-42
6.270429615030991 1.0424345875885283e-42
6.416634578314149 1.0424345899498393e-42
6.566248541075969 1.0424345922047673e-42
6.719350989519823 1.0424345943581078e-42
