results/limits/MAQRO_f_6.dat
# %ECSV 1.0
# ---
# datatype:
# - {name: mx, unit: MeV, datatype: float64}
# - {name: sigma_6, unit: cm2, datatype: float64}
# schema: astropy-2.0
mx sigma_6
[from data line 358]
0.0012122259692915415 1.5585095092135026e-35
0.0012404909310584848 1.5537742354010737e-35
0.0012694149350204683 1.5483881897373453e-35
0.0012990133477864558 1.5423480002514707e-35
0.0013293018942621524 1.5356528021774233e-35
0.001360296666004259 1.5283042191034096e-35
0.001392014129769518 1.520306333005444e-35
0.0014244711362630968 1.51166563430778e-35
0.0014576849290909482 1.5023909521738358e-35
0.0014916731539209149 1.4924933692698066e-35
0.0015264538678574353 1.4819861205999546e-35
0.0015620455490348386 1.4708844761311503e-35
0.0015984671064343198 1.4592056106150725e-35
0.0016357378899298156 1.4469684639815582e-35
0.0016738777005681136 1.4341935894565234e-35
0.0017129068010886602 1.420902995969704e-35
0.0017528459266886532 1.407119984558351e-35
0.00179371629603914 1.3928689810643652e-35
0.0018355396225579732 1.378175367234357e-35
0.0018783381259456144 1.363065311595417e-35
0.0019221345439899109 1.347565602854545e-35
0.001966952144646121 1.3317034860685946e-35
0.0020128147383986056 1.3155065053073665e-35
0.002059746690910748 1.29900235094531e-35
0.0021077729359698315 1.2822187152807834e-35
0.0021569189887337423 1.2651831565670688e-35
0.002207210959286545 1.247922972227453e-35
0.0022586755665101248 1.2304650827631033e-35
0.0023113401522792685 1.2128359243715435e-35
0.0023652326959877285 1.1950613531824217e-35
0.0024203818294129824 1.1771665598685753e-35
0.0024768168519275916 1.1591759950827555e-35
0.002534567746065232 1.1411133048068624e-35
0.0025936651934496745 1.1230012764179379e-35
0.0026541405910951734 1.1048617942425041e-35
0.0027160260680869266 1.0867158043781092e-35
0.0027793545026504624 1.0685832884173323e-35
0.002844159539619031 1.050483245448457e-35
0.0029104756083082714 1.032433681172716e-35
0.0029783379408076585 1.0144516045604047e-35
0.0030477825906984404 9.965530302764458e-36
0.0031188464522080173 9.7875298668228e-36
0.0031915672798109355 9.610655293639508e-36
0.0032659837082868936 9.435037581768556e-36
0.003342135273246469 9.260798385146034e-36
0.0034200624321353945 9.088050255135656e-36
0.0034998065857286074 8.916896909067645e-36
0.0035814101001254554 8.747433520136318e-36
0.003664916329257761 8.579747021914428e-36
0.0037503696379226933 8.41391642919208e-36
0.0038378154253526898 8.250013164063175e-36
0.003927300149334948 8.088101390562097e-36
0.004018871350893299 7.928238350058034e-36
0.00411257767954558 7.770474698327714e-36
0.004208468919149921 7.61485484061252e-36
0.004306596014353682 7.461417263292783e-36
0.004407011097659079 7.310194859906324e-36
0.004509767517119906 7.16121525110133e-36
0.004614919864684026 7.014501096766355e-36
0.004722524005196735 6.870070399678068e-36
0.004832637106080367 6.727936799861512e-36
0.004945317667705937 6.588109858845569e-36
0.005060625554472947 6.450595333827693e-36
0.005178622026613854 6.315395440440085e-36
0.005299369772740128 6.182509105396507e-36
0.005422932943147155 6.051932206927988e-36
0.0055493771838957115 5.9236578047765615e-36
0.00567876967168809 5.79767635922253e-36
0.005811179149557424 5.6739759388687446e-36
0.0059466759633891655 5.552542418091962e-36
0.006085332099294114 5.433359664019078e-36
0.006227221221852859 5.316409713293386e-36
0.006372418713251954 5.2016729390673615e-36
0.006521001713332612 5.0891282081498465e-36
0.006673049160573193 4.97875302903959e-36
0.006828641834027273 4.870523690812193e-36
0.006987862396239558 4.764415393503891e-36
0.00715079543716245 4.660402370202866e-36
0.007317527519096606 4.558458001313508e-36
0.007488147222679345 4.4585549213189713e-36
0.007662745193945353 4.360665118397024e-36
0.007841414192484688 4.264760027225355e-36
0.008024249140723652 4.1708106153038975e-36
0.008211347174354735 4.07878746310058e-36
0.008402807693942412 3.9886608384125974e-36
0.008598732417732204 3.900400765200442e-36
0.008799225435691074 3.8139770872800084e-36
0.009004393264807849 3.729359527140208e-36
0.009214344905683071 3.646517740163674e-36
0.009429191900438323 3.565421364499917e-36
0.009649048391975805 3.486040066861585e-36
0.009874031184619632 3.408343584507205e-36
0.010104259806171096 3.332301763648972e-36
0.01033985657141083 3.257884594519211e-36
0.010580946647081629 3.185062243311029e-36
0.010827658118386449 3.1138050811728626e-36
0.011080122057036918 3.044083710466741e-36
0.011338472590888495 2.9758689884728677e-36
0.01160284697519928 2.9091320487206675e-36
0.01187338566555036 2.8438443201101218e-36
0.012150232392466372 2.7799775439688368e-36
0.012433534237775993 2.717503789189423e-36
0.01272344171275288 2.6563954655884015e-36
0.013020108838078586 2.5966253356205197e-36
0.013323693225669961 2.5381665245658302e-36
0.013634356162414448 2.4809925292986358e-36
0.013952262695857842 2.4250772257457965e-36
0.014277581721889965 2.370394875137884e-36
0.014610486074474885 2.3169201291465914e-36
0.014951152617473332 2.2646280339925003e-36
0.015299762338606094 2.2134940336037434e-36
0.015656500445608335 2.1634939719057663e-36
0.016021556464625875 2.1146040943128062e-36
0.016395124340905766 2.066801048485053e-36
0.016777402541834602 2.0200618844139906e-36
0.017168594162379338 1.974364053895748e-36
0.01756890703298664 1.929685409444798e-36
0.017978553829998065 1.886004202697043e-36
0.01839775218863974 1.84329908235038e-36
0.01882672481864659 1.8015490916859264e-36
0.01926569962258253 1.7607336657088894e-36
0.019714909816919448 1.720832627947298e-36
0.020174594055939365 1.681826186943472e-36
0.02064499655852557 1.643694932469383e-36
0.021126367237910063 1.6064198314963686e-36
0.021618961834446313 1.569982223946749e-36
0.02212304205147776 1.5343638182522996e-36
0.022638875694374342 1.4995466867437711e-36
0.0231667368128109 1.465513260892908e-36
0.02370690584636297 1.4322463264270634e-36
0.024259669773497434 1.3997290183352085e-36
0.024825322264037063 1.367944815782149e-36
0.025404163835180054 1.3368775369469335e-36
0.025996502011157406 1.3065113337998204e-36
0.026602651486612925 1.2768306868311509e-36
0.027222934293792744 1.247820399744397e-36
0.027857679973633073 1.2194655941245145e-36
0.02850722575083718 1.1917517040919859e-36
0.02917191671303455 1.164664470951807e-36
0.029852105994117403 1.138189937846122e-36
0.030548154961852016 1.112314444418229e-36
0.031260433409864494 1.087024621495128e-36
0.031989319754103004 1.0623073857950368e-36
0.0327352012338808 1.0381499346657527e-36
0.03349847411760691 1.014539740859151e-36
0.034279543913313774 9.914645473465846e-37
0.03507882558409363 9.689123621794817e-37
0.03589674376855814 9.468714533989937e-37
0.03673373300643846 9.253303439981183e-37
0.037590237969445384 9.042778069393475e-37
0.038466713697512506 8.83702860230546e-37
0.03936362584054766 8.635947620614263e-37
0.04028145090582124 8.439430060026887e-37
0.04122067651112274 8.247373162696223e-37
0.04218180164382002 8.059676430517062e-37
0.043165336925959 7.87624157909501e-37
0.044171804885544536 7.696972492399263e-37
0.04520174023414663 7.521775178108027e-37
0.046255690150979495 7.3505577236535125e-37
0.047334214573604344 7.183230252971977e-37
0.048437886495410414 7.019704883962468e-37
0.04956729227003216 6.859895686656648e-37
0.05072303192286451 6.703718642100814e-37
0.051905719469841495 6.551091601950016e-37
0.05311598324364777 6.401934248772953e-37
0.05435446622753626 6.256168057065699e-37
0.05562182639692926 6.113716254970982e-37
0.056918737068984544 5.974503786699368e-37
0.058245887260312136 5.83845727564751e-37
0.05960398205303182 5.7055049882085256e-37
0.06099374296936585 5.5755767982683495e-37
0.06241590835496589 5.448604152381926e-37
0.06387123377117784 5.324520035622218e-37
0.06536049239645289 5.203258938094938e-37
0.06688447543711816 5.0847568221112026e-37
0.06844399254772507 4.9689510900102554e-37
0.0700398722611988 4.855780552623887e-37
0.0716729624290174 4.745185398374142e-37
0.07334413067165428 4.6371071629955875e-37
0.07505426483952363 4.5314886998730935e-37
0.07680427348467332 4.428274150986292e-37
0.07859508634347626 4.327408918451309e-37
0.08042765483057629 4.228839636650625e-37
0.08230295254435131 4.132514144941653e-37
0.08422197578416211 4.03838146093459e-37
0.08618574407966152 3.946391754330138e-37
0.08819530073244539 3.856496321307553e-37
0.09025171337033296 3.7686475594536004e-37
0.09235607451457113 3.6827989432228975e-37
0.09450950216026408 3.598904999920253e-37
0.09671314037033632 3.5169212861955048e-37
0.09896815988334524 3.4368043650416347e-37
0.10127575873546546 3.358511783286704e-37
0.10363716289697593 3.28200204957051e-37
0.10605362692358762 3.2072346127967107e-37
0.10852643462295801 3.134169841051372e-37
0.11105689973674641 3.0627690009790013e-37
0.11364636663857243 2.9929942376070643e-37
0.11629621104824843 2.9248085546103185e-37
0.1190078407626656 2.858175795006172e-37
0.12178269640372161 2.793060622272567e-37
0.12462225218368743 2.72942850187987e-37
0.1275280166884199 2.667245683228443e-37
0.13050153367883624 2.606479181983658e-37
0.1335443829110759 2.547096762800256e-37
0.13665818097578622 2.489066922428017e-37
0.13984458215697693 2.4323588731909334e-37
0.14310527931090045 2.376942526832086e-37
0.14644200476542463 2.322788478716662e-37
0.14985653124037576 2.2698679923855615e-37
0.15335067278934078 2.218152984452273e-37
0.1569262857634292 2.1676160098357683e-37
0.1605852697975066 2.1182302473222785e-37
0.16432956881942368 2.0699694854489962e-37
0.16816117208277714 2.0228081087028234e-37
0.172082115223751 1.976721084027423e-37
0.1760944813425998 1.9316839476319855e-37
0.1802004021103484 1.887672792095179e-37
0.18440205890129596 1.8446642537579626e-37
0.18870168395192646 1.802635500398968e-37
0.1931015615468407 1.7615642191863628e-37
0.1976040292323402 1.7214286049001669e-37
0.20221147905830805 1.6822073484191257e-37
0.20692635884904578 1.6438796254663838e-37
0.21175117350374192 1.606425085608286e-37
0.2166884863272632 1.5698238415007633e-37
0.22174092039197504 1.534056458377861e-37
0.22691115993131514 1.4991039437770954e-37
0.23220195176586036 1.4649477374964236e-37
0.2376161067626448 1.4315697017776876e-37
0.24315650132850383 1.398952111711577e-37
0.24882607893823822 1.3670776458591645e-37
0.25462785169840935 1.3359293770852436e-37
0.2605649019475973 1.3054907635987423e-37
0.26664038389397104 1.2757456401956568e-37
0.27285752529104135 1.2466782096999456e-37
0.2792196291524867 1.2182730345980305e-37
0.2857300755069626 1.190515028862539e-37
0.2923923231938275 1.163389449961114e-37
0.2992099117007387 1.1368818910461193e-37
0.3061864630440946 1.1109782733212165e-37
0.31332568369332287 1.0856648385808599e-37
0.32063136654003577 1.0609281419188164e-37
0.3281073929131 1.0367550446019472e-37
0.3357577346406907 1.0131327071055318e-37
0.343586456160426 9.900485823065078e-38
0.3515977166787018 9.674904088310894e-38
0.359795772380376 9.454462045532806e-38
0.368184978689974 9.239042602409073e-38
0.3767697925856183 9.028531333458353e-38
0.38555477496691104 8.822816419351379e-38
0.394544593078027 8.621788587600218e-38
0.4037440229873054 8.425341054594348e-38
0.4131579521246571 8.233369468952849e-38
0.42279138187813525 8.045771856163329e-38
0.43264943025104924 7.862448564478268e-38
0.4427373345810337 7.683302212040593e-38
0.4530604543225162 7.508237635210671e-38
0.4636242738940635 7.337161838067398e-38
0.47443440559211736 7.169983943057215e-38
0.48549659257266914 7.006615142764583e-38
0.4968167119024568 6.846968652779102e-38
0.5084007776813051 6.690959665633962e-38
0.5202549442372687 6.538505305791816e-38
0.5323855093962742 6.389524585654221e-38
0.5447989178279997 6.243938362571406e-38
0.557501764469769 6.101669296829897e-38
0.5705007980302781 5.962641810595582e-38
0.5838029245750183 5.826782047790827e-38
0.5974152111952977 5.694017834884227e-38
0.6113448897628128 5.564278642572461e-38
0.6255993607717623 5.437495548333959e-38
0.6401861972705483 5.313601199834545e-38
0.6551131488851486 5.192529779165839e-38
0.6703881459363026 5.074216967897448e-38
0.686019303652694 4.958599912924459e-38
0.7020149264823721 4.845617193092176e-38
0.7183835125046995 4.735208786580576e-38
0.7351337579451718 4.627316039031021e-38
0.7522745617955077 4.5218816323985274e-38
0.7698150305414633 4.41884955451308e-38
0.7877644830008832 4.3181650693337954e-38
0.8061324552745581 4.219774687880322e-38
0.8249287058125218 4.1236261398259623e-38
0.8441632205984669 4.029668345737608e-38
0.8638462184550629 3.9378513899475946e-38
0.8839881564729563 3.848126494043336e-38
0.9045997355663667 3.7604459909605295e-38
0.9256919061582187 3.6747632996662754e-38
0.9472758739978306 3.5910329004186517e-38
0.9693631061142522 3.509210310589712e-38
0.9919653369084147 3.4292520610390005e-38
1.0150945743873274 3.3511156730251197e-38
1.0387631065436362 3.274759635643101e-38
1.0629835078839296 3.200143383775596e-38
1.0877686461092637 3.127227276546227e-38
1.1131316889514546 3.055972576263655e-38
1.1390861111687691 2.986341427845185e-38
1.16564570170473 2.9182968387090396e-38
1.1928245710138414 2.8518026591245805e-38
1.2206371585581264 2.786823563010111e-38
1.2490982404784545 2.7233250291680264e-38
1.2782229374447416 2.6612733229473795e-38
1.3080267226891875 2.6006354783241355e-38
1.3385254302268237 2.541379280389609e-38
1.369735263267732 2.4834732482377627e-38
1.4016728028254128 2.426886618242334e-38
1.4343550165258654 2.371589327714885e-38
1.4677992676220706 2.3175519989350945e-38
1.5020233242186567 2.2647459235448608e-38
1.5370453687116559 2.2131430472978578e-38
1.5728840074483612 2.1627159551565718e-38
1.6095582806124205 2.1134378567287365e-38
1.6470876723394143 2.0652825720356122e-38
1.6854921210682972 2.0182245176044301e-38
1.7247920301341966 1.9722386928776853e-38
1.7650082786082029 1.9273006669320253e-38
1.8061622323899016 1.88338656549971e-38
1.848275755558551 1.8404730582857297e-38
1.8913712219889245 1.798537346573884e-38
1.935471527238 1.757557151115195e-38
1.9806001007088037 1.7175107002922443e-38
2.0267809180978715 1.6783767185531713e-38
2.0740385141329463 1.640134415109157e-38
2.1223979956076717 1.602763472889407e-38
2.171885054720213 1.5662440377477684e-38
2.222525982722885 1.530556707915258e-38
2.274347683890048 1.4956825236928762e-38
2.327377689811681 1.4616029573792604e-38
2.3816441740202396 1.4282999034278078e-38
2.437175966958554 1.3957556688280583e-38
2.4940025712967335 1.3639529637062142e-38
2.552154177606206 1.3328748921398104e-38
2.611661680399223 1.3025049431816616e-38
2.6725566945423505 1.2728269820883136e-38
2.7348715720526675 1.2438252417483439e-38
2.7986394192855935 1.2154843143059473e-38
2.863894114523477 1.1877891429753777e-38
2.9306703259742912 1.1607250140418879e-38
2.999003530189995 1.1342775490449108e-38
3.068930030914351 1.108432697139345e-38
3.1404869783702067 1.0831767276308758e-38
3.21371238899649 1.0584962226813792e-38
3.2886451656454048 1.0343780701805182e-38
3.3653251182505572 1.0108094567797548e-38
3.443792984976987 9.87777861085089e-39
3.5240904538643507 9.652710470048748e-39
3.6062601849747473 9.432770572492212e-39
3.6903458330569543 9.217842069774913e-39
3.77639207073912 9.007810775905489e-39
3.8644446122622242 8.802565106644388e-39
3.9545502377669295 8.601996020222884e-39
4.046756818146711 8.40599695941276e-39
4.141113340480481 8.214463794915903e-39
4.237669934058216 8.027294770043816e-39
4.336477897013409 7.844390446657441e-39
4.437589723576497 7.66565365233889e-39
4.541059131963759 7.490989428766692e-39
4.646941092916466 7.320304981267441e-39
4.755291858905486 7.153509629516784e-39
4.866168994016832 6.990514759363722e-39
4.979631404534034 6.8312337757526e-39
5.0957393702336 6.675582056717709e-39
5.214554576410165 6.523476908426173e-39
5.336140146648369 6.374837521245118e-39
5.4605606763588606 6.229584926809902e-39
5.587882267096237 6.087641956070479e-39
5.718172561677172 5.948933198293721e-39
5.851500780117376 5.813384960999865e-39
5.987937756406471 5.68092523081178e-39
6.127555976140354 5.551483635196291e-39
6.270429615030991 5.4249914050772274e-39
6.416634578314149 5.301381338300362e-39
6.566248541075969 5.18058776393074e-39
6.719350989519823 5.062546507363552e-39
6.87602326319537 4.947194856229917e-39
7.036348598212252 4.8344715270795365e-39
7.200412171461376 4.7243166328224504e-39
