results/limits/MAQRO_True_l_phase.dat
# %ECSV 1.0
# ---
# datatype:
# - {name: mx, unit: MeV, datatype: float64}
# - {name: sigma_10, unit: cm2, datatype: float64}
# - {name: sigma_7, unit: cm2, datatype: float64}
# - {name: sigma_5, unit: cm2, datatype: float64}
# - {name: sigma_4, unit: cm2, datatype: float64}
# - {name: sigma_3, unit: cm2, datatype: float64}
# - {name: sigma_2, unit: cm2, datatype: float64}
# schema: astropy-2.0
mx sigma_10 sigma_7 sigma_5 sigma_4 sigma_3 sigma_2
1e-10 inf inf inf inf inf inf
1.3848863713938747e-10 inf inf inf inf inf inf
1.9179102616724848e-10 inf inf inf inf inf inf
2.656087782946684e-10 inf inf inf inf inf inf
3.6783797718286343e-10 inf inf inf inf inf inf
5.094138014816385e-10 inf inf inf inf inf inf
7.054802310718631e-10 inf inf inf inf inf inf
9.770099572992246e-10 inf inf inf inf inf inf
1.3530477745798075e-09 inf inf inf inf inf inf
1.873817422860387e-09 inf inf inf inf inf inf
2.595024211399732e-09 inf inf inf inf inf inf
3.5938136638046257e-09 inf inf inf inf inf inf
4.977023564332114e-09 inf inf inf inf inf inf
6.892612104349681e-09 inf inf inf inf inf inf
9.545484566618328e-09 inf inf inf inf inf inf
1.3219411484660288e-08 inf inf inf inf inf inf
1.8307382802953696e-08 inf inf inf inf inf inf
2.5353644939701113e-08 inf inf inf inf inf inf
3.5111917342151277e-08 inf inf inf inf inf inf
4.8626015800653535e-08 inf inf inf inf inf inf
6.734150657750828e-08 inf inf inf inf inf inf
9.3260334688322e-08 inf inf inf inf inf inf
1.2915496650148827e-07 inf inf inf inf inf inf
1.7886495290574352e-07 inf inf inf inf inf inf
2.4770763559917087e-07 inf inf inf inf inf inf
3.430469286314912e-07 inf inf inf inf inf inf
4.7508101621027934e-07 inf inf inf inf inf inf
6.579332246575682e-07 inf inf inf inf inf inf
9.111627561154887e-07 inf inf inf inf inf inf
1.261856883066021e-06 inf inf inf inf inf inf
1.747528400007683e-06 inf inf inf inf inf inf
2.4201282647943835e-06 inf inf inf inf inf inf
3.3516026509388406e-06 inf inf inf inf inf inf
4.641588833612773e-06 inf inf inf inf inf inf
6.4280731172843194e-06 inf inf inf inf inf inf
8.902150854450375e-06 inf inf inf inf inf inf
1.2328467394420658e-05 inf inf inf inf inf inf
1.7073526474706886e-05 inf inf inf inf inf inf
2.3644894126454072e-05 inf inf inf inf inf inf
3.274549162877725e-05 inf inf inf inf inf inf
4.534878508128582e-05 7.6431830381958795e-28 7.643199431037605e-28 7.643317494030672e-28 7.655011358580879e-28 8.868984986676e-28 5.758484398319604e-26
6.280291441834246e-05 1.6894988531997727e-29 1.6894988576219576e-29 1.6895430758699254e-29 1.6939237468520093e-29 2.158207511983511e-29 3.0669364010181036e-27
8.697490026177834e-05 2.0160030418615347e-30 2.0160030508738505e-30 2.0160931660933004e-30 2.0250235116275558e-30 2.9979535636242942e-30 8.586033998161995e-28
0.00012045035402587811 4.816231367755757e-31 4.8162314039397305e-31 4.816593212345865e-31 4.852458966518519e-31 8.864090958600487e-31 4.290439581616714e-28
0.0001668100537200059 1.6795575259375197e-31 1.6795575468316395e-31 1.6797664699736786e-31 1.7004778510056663e-31 4.035622351151365e-31 2.7237697293867715e-28
0.0002310129700083158 7.302528719531331e-32 7.302528868672701e-32 7.304020140899193e-32 7.451733200880111e-32 2.355655362517743e-31 1.8997865290946007e-28
0.00031992671377973844 3.636219426465766e-32 3.6362195475007745e-32 3.637436417668339e-32 3.7575964468747813e-32 1.5690508469039347e-31 1.3779932541962188e-28
0.00044306214575838776 1.9774086521709135e-32 1.9774087610976444e-32 1.9784977966503714e-32 2.0851528991001964e-32 1.1148948353087437e-31 1.0257547155544975e-28
0.0006135907273413163 1.1429304098138041e-32 1.1429305144130293e-32 1.1439760697145236e-32 1.2444654021393017e-32 8.212678297153131e-32 7.895498192200453e-29
0.0008497534359086438 6.913733489285053e-33 6.913734555089147e-33 6.924383314501033e-33 7.909154716124952e-33 6.257253049253845e-32 6.43419151062298e-29
0.0011768119524349966 4.340681801838581e-33 4.3406829505483e-33 4.352135509168052e-33 5.3386513490032674e-33 5.00816405185071e-32 5.789457267265864e-29
0.0016297508346206436 2.8166489309040358e-33 2.8166502348794367e-33 2.8296409403747312e-33 3.8262009876696805e-33 4.338816761420386e-32 6.107934882614953e-29
0.002257019719633917 1.883562782957175e-33 1.8835643459273748e-33 1.899075768871238e-33 2.907760896826384e-33 4.233625637198572e-32 7.996758713751413e-29
0.0031257158496882354 1.2926458660632005e-33 1.2926478310968569e-33 1.3120062656805887e-33 2.3367937691162802e-33 4.831900709288854e-32 1.310427877152371e-28
0.004328761281083053 9.048047782418144e-34 9.048073423809951e-34 9.297193302967205e-34 1.9815272363517304e-33 6.58790265161194e-32 2.560500518064737e-28
0.005994842503189409 6.4175887721009074e-34 6.4176230840706825e-34 6.742574699976324e-34 1.773998045992561e-33 1.0698976133751119e-31 5.615009505667465e-28
0.008302175681319735 4.588490489535569e-34 4.588537113988822e-34 5.010559030857232e-34 1.6849233598442e-33 2.020560779146812e-31 1.324592029197891e-27
0.011497569953977356 3.2956973944425915e-34 3.295761306243787e-34 3.832117435705748e-34 1.7139437987264242e-33 4.282845565303966e-31 3.272162173703888e-27
0.01592282793341094 2.3730577600322435e-34 2.3731457895043216e-34 3.030755657076102e-34 1.892995296732455e-33 9.841027220433976e-31 8.318835383366993e-27
0.022051307399030412 1.7109977894753473e-34 1.7111193475925375e-34 2.4838172322179082e-34 2.3081372195872684e-33 2.386134529026529e-30 2.1525487895625873e-26
0.030538555088334123 1.234518074157939e-34 1.2346861539913791e-34 2.108645825604318e-34 3.159781816333173e-33 5.9909052612962616e-30 5.629764896244368e-26
0.04229242874389499 8.910594579256074e-35 8.912920145650409e-35 1.855719351929289e-34 4.9171950427498754e-33 1.537756344133154e-29 1.4818749890386484e-25
0.058570208180566734 6.432804020147907e-35 6.436022485044957e-35 1.70042670192143e-34 8.714824530267575e-33 4.001656633824788e-29 3.9154585125496737e-25
0.08111308307896856 4.6444902891133747e-35 4.648944257138595e-35 1.6363535502018802e-34 1.73725738834483e-32 1.0500869441268383e-28 1.036861496042752e-24
0.11233240329780265 3.353503922402513e-35 3.35966541152806e-35 1.6744238625397998e-34 3.8039028700144394e-32 2.7694496894805042e-28 2.749274526846826e-24
0.15556761439304723 2.4214281583997136e-35 2.429944595237618e-35 1.8507429380591074e-34 8.91271051465082e-32 7.325811033359074e-28 7.295107938421418e-24
0.21544346900318778 1.7484395544114593e-35 1.7601912954645754e-35 2.249714128799252e-34 2.186660153011193e-31 1.9412193371155765e-27 1.936486836378376e-23
0.2983647240283334 1.262504471770057e-35 1.2786688343220246e-35 3.0618886715861592e-34 5.5292642405502485e-31 5.14905594926767e-27 5.141313269026114e-23
0.41320124001153347 9.11626483002973e-36 9.337285514748755e-36 4.729233392966909e-34 1.4253370238633183e-30 1.3665335786428913e-26 1.3650343232359099e-22
0.572236765935022 6.582666214216858e-36 6.881653570889541e-36 8.315976138658125e-34 3.718574855631248e-30 3.627705000980543e-26 3.623766545336359e-22
0.7924828983539153 4.7532122431560964e-36 5.150322722576607e-36 1.6462258255622457e-33 9.772748224664606e-30 9.631194812999638e-26 9.617222346645843e-22
1.0974987654930546 3.432201992926002e-36 3.9446939306135226e-36 3.585265533230259e-33 2.579695596808633e-29 2.5567959669859024e-25 2.5510805052763615e-21
1.5199110829529332 2.4783271274181806e-36 3.114151623724382e-36 8.368741856720298e-33 6.827349689715539e-29 6.785910373920772e-25 6.762584556078122e-21
2.104904144512022 1.7895529461741072e-36 2.5436642751130893e-36 2.0480052965413276e-32 1.8096533379835364e-28 1.8002769265111525e-24 1.791556141807082e-20
2.91505306282517 1.292202661040508e-36 2.1507718586452824e-36 5.170147837423001e-32 4.800797007369483e-28 4.773402436355573e-24 4.7448470352053804e-20
4.03701725859655 9.330758828966387e-37 1.8838485899176487e-36 1.3313810136482638e-31 1.2741842746792159e-27 1.2649441228117516e-23 1.2568245546441555e-19
5.5908101825122225 6.737577297805244e-37 1.716115551608634e-36 3.4712270776784893e-31 3.38252363130801e-27 3.3508425804386683e-23 3.330049117735184e-19
7.742636826811277 4.865096196819959e-37 1.6391629972739284e-36 9.119152737131528e-31 8.979642488061308e-27 8.875855255440108e-23 8.822953576246878e-19
10.72267222010321 3.5130212293412542e-37 1.6613758573789026e-36 2.4066088240641392e-30 2.3835133075883634e-26 2.351362027805153e-22 2.3358033793662496e-18
14.849682622544636 2.5367245850264493e-37 1.81441122893884e-36 6.368393509484456e-30 6.324820546416441e-26 6.228890156061599e-22 6.170950635057354e-18
20.565123083486515 1.8317744582545299e-37 2.1734293884398637e-36 1.687869328028713e-29 1.6775993511737844e-25 1.6489730071506524e-21 1.623232756861351e-17
28.48035868435793 1.3227642464163932e-37 2.907903918147555e-36 4.4775199235399167e-29 4.447356607801176e-25 4.3571725575232254e-21 4.2341801313147284e-17
39.44206059437648 9.552465011528659e-38 4.408845795695945e-36 1.1883557133252651e-28 1.1784439808527111e-24 1.1467161698155393e-20 1.0874106279160979e-16
54.62277217684337 6.899088188891569e-38 7.612974504918708e-36 3.1546504782155405e-28 3.1216864276663723e-24 2.99438346600503e-20 2.7160413666171815e-16
75.64633275546291 4.983686667930081e-38 1.483577738282607e-35 8.374722802595078e-28 8.268623851863898e-24 7.705539065836498e-20 6.473900798133355e-16
104.76157527896619 3.601372940687258e-38 3.1924945822894675e-35 2.2229746443747218e-27 2.1900066978845563e-23 1.9314440413124864e-19 1.4368135226909173e-15
145.08287784959373 2.604278792427313e-38 7.389495375489735e-35 5.898957800525188e-27 5.797650825371272e-23 4.630397592149805e-19 2.9014680010397804e-15
200.92330025650458 1.8857323349617695e-38 1.7982116825775211e-34 1.5646937493369023e-26 1.532584568476291e-22 1.0363072165077427e-18 5.279244059077733e-15
278.2559402207126 1.3688324983165524e-38 4.523007010755906e-34 4.1481854836797304e-26 4.0379059862078056e-22 2.1143238519337064e-18 8.741626667658355e-15
385.352859371052 9.981858059189715e-39 1.1620522639922582e-33 1.0991998636123934e-25 1.0568099513976245e-21 3.887244824720701e-18 1.3481332721394835e-14
533.6699231206302 7.338947699571776e-39 3.02543704478606e-33 2.911795829338576e-25 2.7312254297009843e-21 6.492230923358992e-18 1.9846306172748353e-14
739.0722033525775 5.471145729656873e-39 7.94117201551519e-33 7.712620585116988e-25 6.898497850313953e-21 1.0072763507371704e-17 2.841752378601935e-14
1023.5310218990269 4.1669197747030935e-39 2.094650824636419e-32 2.0427319948130975e-24 1.6748658087828408e-20 1.48833437245763e-17 4.006929546019374e-14
1417.474162926802 3.2668082474583477e-39 5.541204468218731e-32 5.4078701456368264e-24 3.819354617996475e-20 2.1357170139845417e-17 5.603412524867638e-14
1963.0406500402685 2.6486437799804154e-39 1.4683746726844903e-31 1.4296550606937268e-23 7.979897191169344e-20 3.0145239110621484e-17 7.792398943974954e-14
2718.58824273294 2.2230287213762033e-39 3.894869852425001e-31 3.7673771933751014e-23 1.504028223893108e-19 4.217000938689527e-17 1.0816362578735609e-13
3764.935806792456 1.9320968584626242e-39 1.0336653581811225e-30 9.863526669406246e-23 2.565805680343216e-19 5.871057961925541e-17 1.4997382200530445e-13
5214.0082879996735 1.7443744211885616e-39 2.7439521747352532e-30 2.550816067611407e-22 4.0419461695683325e-19 8.153438609832922e-17 2.0811733762917394e-13
7220.8090183854565 1.6478701610482932e-39 7.284471251025337e-30 6.450417067890154e-22 6.029935611607862e-19 1.1307720637212712e-16 2.8830222131368875e-13
10000.0 1.6471471053671684e-39 1.93363336998286e-29 1.569167363453585e-21 8.701171833033275e-19 1.5672881611962747e-16 3.991154846796668e-13
