results/limits/MAQRO_f_6.dat
# %ECSV 1.0
# ---
# datatype:
# - {name: mx, unit: MeV, datatype: float64}
# - {name: sigma_6, unit: cm2, datatype: float64}
# schema: astropy-2.0
mx sigma_6
[from data line 359]
0.0012404909310584848 1.5346201201563996e-35
0.0012694149350204683 1.5293004708435736e-35
0.0012990133477864558 1.5233347416511424e-35
0.0013293018942621524 1.516722078473461e-35
0.001360296666004259 1.5094640848839925e-35
0.001392014129769518 1.501564792538287e-35
0.0014244711362630968 1.4930306118500486e-35
0.0014576849290909482 1.483870263141389e-35
0.0014916731539209149 1.4740946924571967e-35
0.0015264538678574353 1.4637169716475333e-35
0.0015620455490348386 1.4527521824391103e-35
0.0015984671064343198 1.4412172878622634e-35
0.0016357378899298156 1.429130994365288e-35
0.0016738777005681136 1.4165136018046946e-35
0.0017129068010886602 1.4033868477956557e-35
0.0017528459266886532 1.389773746132435e-35
0.00179371629603914 1.375698421547944e-35
0.0018355396225579732 1.3611859428959094e-35
0.0018783381259456144 1.3462621561115226e-35
0.0019221345439899109 1.3309535196646275e-35
0.001966952144646121 1.3152869427492828e-35
0.0020128147383986056 1.2992896298864224e-35
0.002059746690910748 1.282988930098051e-35
0.0021077729359698315 1.2664121943063758e-35
0.0021569189887337423 1.2495866410409584e-35
0.002207210959286545 1.2325392312167464e-35
0.0022586755665101248 1.2152965534730654e-35
0.0023113401522792685 1.1978847181158334e-35
0.0023652326959877285 1.1803292625338721e-35
0.0024203818294129824 1.162655066862596e-35
0.0024768168519275916 1.1448862803399055e-35
0.002534567746065232 1.127046257452422e-35
0.0025936651934496745 1.1091575046663315e-35
0.0026541405910951734 1.0912416365296372e-35
0.0027160260680869266 1.0733193409273639e-35
0.0027793545026504624 1.0554103531294784e-35
0.002844159539619031 1.037533438013454e-35
0.0029104756083082714 1.019706379315664e-35
0.0029783379408076585 1.0019459763287257e-35
0.0030477825906984404 9.842680462971544e-36
0.0031188464522080173 9.666874323206228e-36
0.0031915672798109355 9.492180167152671e-36
0.0032659837082868936 9.318727378483271e-36
0.003342135273246469 9.146636111448067e-36
0.0034200624321353945 8.976017529936526e-36
0.0034998065857286074 8.806974072705905e-36
0.0035814101001254554 8.63959973970522e-36
0.003664916329257761 8.47398039283566e-36
0.0037503696379226933 8.31019407283435e-36
0.0038378154253526898 8.14831132134105e-36
0.003927300149334948 7.988395511409487e-36
0.004018871350893299 7.830503178767234e-36
0.00411257767954558 7.674684354733114e-36
0.004208468919149921 7.520982897143968e-36
0.004306596014353682 7.369436817940163e-36
0.004407011097659079 7.220078605165217e-36
0.004509767517119906 7.072935538974424e-36
0.004614919864684026 6.928029999917092e-36
0.004722524005196735 6.785379768841095e-36
0.004832637106080367 6.644998317624372e-36
0.004945317667705937 6.506895089926306e-36
0.005060625554472947 6.371075771972621e-36
0.005178622026613854 6.237542552082366e-36
0.005299369772740128 6.106294370200218e-36
0.005422932943147155 5.977327155368205e-36
0.0055493771838957115 5.850634052884247e-36
0.00567876967168809 5.726205640629296e-36
0.005811179149557424 5.6040301342902285e-36
0.0059466759633891655 5.4840935823770865e-36
0.006085332099294114 5.366380050894381e-36
0.006227221221852859 5.250871797928265e-36
0.006372418713251954 5.137549438580708e-36
0.006521001713332612 5.026392100179462e-36
0.006673049160573193 4.917377568486746e-36
0.006828641834027273 4.8104824248740004e-36
0.006987862396239558 4.705682175098447e-36
0.00715079543716245 4.602951369889253e-36
0.007317527519096606 4.502263717803256e-36
0.007488147222679345 4.403592190671362e-36
0.007662745193945353 4.3069091219864256e-36
0.007841414192484688 4.212186298564468e-36
0.008024249140723652 4.119395045802895e-36
0.008211347174354735 4.028506306838207e-36
0.008402807693942412 3.9394907159906317e-36
0.008598732417732204 3.852318666749587e-36
0.008799225435691074 3.766960374680606e-36
0.009004393264807849 3.683385935517921e-36
0.009214344905683071 3.6015653787167063e-36
0.009429191900438323 3.52146871671147e-36
0.009649048391975805 3.4430659901477454e-36
0.009874031184619632 3.366327309347295e-36
0.010104259806171096 3.29122289224242e-36
0.01033985657141083 3.2177230990101416e-36
0.010580946647081629 3.145798463619128e-36
0.010827658118386449 3.0754197224667815e-36
0.011080122057036918 3.00655784031382e-36
0.011338472590888495 2.939184033696639e-36
0.01160284697519928 2.8732697919953928e-36
0.01187338566555036 2.80878689631963e-36
0.012150232392466372 2.7457074363550754e-36
0.012433534237775993 2.684003825314402e-36
0.01272344171275288 2.62364881313147e-36
0.013020108838078586 2.564615498031224e-36
0.013323693225669961 2.5068773365911938e-36
0.013634356162414448 2.4504081524023367e-36
0.013952262695857842 2.3951821434354097e-36
0.014277581721889965 2.3411738882150574e-36
0.014610486074474885 2.2883583508938887e-36
0.014951152617473332 2.236710885309622e-36
0.015299762338606094 2.1862072381047767e-36
0.015656500445608335 2.136823550988244e-36
0.016021556464625875 2.088536362208353e-36
0.016395124340905766 2.041322607300715e-36
0.016777402541834602 1.9951596191725016e-36
0.017168594162379338 1.9500251275822915e-36
0.01756890703298664 1.9058972580671664e-36
0.017978553829998065 1.8627545303654723e-36
0.01839775218863974 1.8205758563827785e-36
0.01882672481864659 1.7793405377436614e-36
0.01926569962258253 1.7390282629678157e-36
0.019714909816919448 1.6996191043082554e-36
0.020174594055939365 1.6610935142860246e-36
0.02064499655852557 1.6234323219522264e-36
0.021126367237910063 1.5866167289074075e-36
0.021618961834446313 1.5506283051055577e-36
0.02212304205147776 1.5154489844673274e-36
0.022638875694374342 1.4810610603263847e-36
0.0231667368128109 1.447447180730098e-36
0.02370690584636297 1.4145903436143557e-36
0.024259669773497434 1.3824738918711565e-36
0.024825322264037063 1.3510815083255095e-36
0.025404163835180054 1.3203972106374844e-36
0.025996502011157406 1.2904053461435487e-36
0.026602651486612925 1.2610905866504347e-36
0.027222934293792744 1.2324379231935999e-36
0.027857679973633073 1.204432660771312e-36
0.02850722575083718 1.1770604130645898e-36
0.02917191671303455 1.1503070971521549e-36
0.029852105994117403 1.1241589282289884e-36
0.030548154961852016 1.0986024143361133e-36
0.031260433409864494 1.0736243511086932e-36
0.031989319754103004 1.0492118165487942e-36
0.0327352012338808 1.0253521658286068e-36
0.03349847411760691 1.0020330261293634e-36
0.034279543913313774 9.792422915206462e-37
0.03507882558409363 9.569681178843481e-37
0.03589674376855814 9.351989178870664e-37
0.03673373300643846 9.139233560043308e-37
0.037590237969445384 8.931303435996762e-37
0.038466713697512506 8.728090340612134e-37
0.03936362584054766 8.52948817998069e-37
0.04028145090582124 8.335393184987033e-37
0.04122067651112274 8.145703864528992e-37
0.04218180164382002 7.960320959389356e-37
0.043165336925959 7.779147396772308e-37
0.044171804885544536 7.60208824551515e-37
0.04520174023414663 7.429050671984199e-37
0.046255690150979495 7.259943896661696e-37
0.047334214573604344 7.094679151428944e-37
0.048437886495410414 6.933169637549518e-37
0.04956729227003216 6.775330484354745e-37
0.05072303192286451 6.621078708632593e-37
0.051905719469841495 6.470333174719888e-37
0.05311598324364777 6.32301455529657e-37
0.05435446622753626 6.179045292880018e-37
0.05562182639692926 6.038349562016219e-37
0.056918737068984544 5.900853232164205e-37
0.058245887260312136 5.76648383126899e-37
0.05960398205303182 5.635170510018026e-37
0.06099374296936585 5.50684400677528e-37
0.06241590835496589 5.38143661318665e-37
0.06387123377117784 5.25888214045005e-37
0.06536049239645289 5.139115886242864e-37
0.06688447543711816 5.022074602299318e-37
0.06844399254772507 4.907696462629824e-37
0.0700398722611988 4.795921032374211e-37
0.0716729624290174 4.686689237280342e-37
0.07334413067165428 4.579943333799632e-37
0.07505426483952363 4.475626879790508e-37
0.07680427348467332 4.373684705821024e-37
0.07859508634347626 4.274062887061434e-37
0.08042765483057629 4.176708715757612e-37
0.08230295254435131 4.08157067427606e-37
0.08422197578416211 3.988598408711184e-37
0.08618574407966152 3.89774270304553e-37
0.08819530073244539 3.80895545385355e-37
0.09025171337033296 3.7221896455396324e-37
0.09235607451457113 3.6373993261009676e-37
0.09450950216026408 3.554539583405932e-37
0.09671314037033632 3.4735665219787236e-37
0.09896815988334524 3.394437240280995e-37
0.10127575873546546 3.317109808481296e-37
0.10363716289697593 3.2415432467031776e-37
0.10605362692358762 3.167697503742984e-37
0.10852643462295801 3.095533436248267e-37
0.11105689973674641 3.025012788348061e-37
0.11364636663857243 2.9560981717261077e-37
0.11629621104824843 2.8887530461284946e-37
0.1190078407626656 2.8229417002969856e-37
0.12178269640372161 2.7586292333196564e-37
0.12462225218368743 2.695781536390479e-37
0.1275280166884199 2.634365274969535e-37
0.13050153367883624 2.574347871335803e-37
0.1335443829110759 2.5156974875244835e-37
0.13665818097578622 2.4583830086409287e-37
0.13984458215697693 2.402374026543478e-37
0.14310527931090045 2.3476408238875006e-37
0.14644200476542463 2.2941543585231175e-37
0.14985653124037576 2.2418862482392516e-37
0.15335067278934078 2.1908087558466784e-37
0.1569262857634292 2.1408947745929555e-37
0.1605852697975066 2.092117813902197e-37
0.16432956881942368 2.0444519854327862e-37
0.16816117208277714 1.9978719894462538e-37
0.172082115223751 1.9523531014806786e-37
0.1760944813425998 1.9078711593220567e-37
0.1802004021103484 1.8644025502672248e-37
0.18440205890129596 1.8219241986720993e-37
0.18870168395192646 1.7804135537789835e-37
0.1931015615468407 1.7398485778169528e-37
0.1976040292323402 1.7002077343693594e-37
0.20221147905830805 1.6614699770026423e-37
0.20692635884904578 1.623614738150725e-37
0.21175117350374192 1.5866219182494472e-37
0.2166884863272632 1.5504718751154994e-37
0.22174092039197504 1.5151454135645504e-37
0.22691115993131514 1.4806237752632497e-37
0.23220195176586036 1.4468886288100037e-37
0.2376161067626448 1.4139220600394435e-37
0.24315650132850383 1.3817065625456594e-37
0.24882607893823822 1.350225028419355e-37
0.25462785169840935 1.319460739194181e-37
0.2605649019475973 1.2893973569976068e-37
0.26664038389397104 1.2600189159017995e-37
0.27285752529104135 1.2313098134700346e-37
0.2792196291524867 1.203254802494315e-37
0.2857300755069626 1.1758389829199157e-37
0.2923923231938275 1.149047793952702e-37
0.2992099117007387 1.1228670063451095e-37
0.3061864630440946 1.0972827148568324e-37
0.31332568369332287 1.0722813308862754e-37
0.32063136654003577 1.0478495752689727e-37
0.3281073929131 1.0239744712392074e-37
0.3357577346406907 1.000643337551198e-37
0.343586456160426 9.778437817562477e-38
0.3515977166787018 9.555636936323624e-38
0.359795772380376 9.337912387629241e-38
0.368184978689974 9.125148522610423e-38
0.3767697925856183 8.917232326363251e-38
0.38555477496691104 8.714053358008591e-38
0.394544593078027 8.515503692112556e-38
0.4037440229873054 8.321477861437039e-38
0.4131579521246571 8.131872800990307e-38
0.42279138187813525 7.946587793348377e-38
0.43264943025104924 7.765524415218284e-38
0.4427373345810337 7.588586485215518e-38
0.4530604543225162 7.415680012827946e-38
0.4636242738940635 7.246713148539519e-38
0.47443440559211736 7.081596135087547e-38
0.48549659257266914 6.920241259827832e-38
0.4968167119024568 6.762562808182734e-38
0.5084007776813051 6.608477018147502e-38
0.5202549442372687 6.457902035831012e-38
0.5323855093962742 6.310757872007527e-38
0.5447989178279997 6.166966359656442e-38
0.557501764469769 6.026451112467751e-38
0.5705007980302781 5.889137484291334e-38
0.5838029245750183 5.754952529508605e-38
0.5974152111952977 5.623824964305654e-38
0.6113448897628128 5.495685128827506e-38
0.6255993607717623 5.370464950193325e-38
0.6401861972705483 5.248097906353261e-38
0.6551131488851486 5.128518990767645e-38
0.6703881459363026 5.01166467789002e-38
0.686019303652694 4.897472889435631e-38
0.7020149264823721 4.78588296141764e-38
0.7183835125046995 4.676835611933566e-38
0.7351337579451718 4.5702729096850187e-38
0.7522745617955077 4.4661382432138476e-38
0.7698150305414633 4.364376290838746e-38
0.7877644830008832 4.264932991276087e-38
0.8061324552745581 4.16775551492966e-38
0.8249287058125218 4.0727922358339905e-38
0.8441632205984669 3.9799927042364716e-38
0.8638462184550629 3.889307619803656e-38
0.8839881564729563 3.8006888054376925e-38
0.9045997355663667 3.7140891816888887e-38
0.9256919061582187 3.6294627417509257e-38
0.9472758739978306 3.546764527025431e-38
0.9693631061142522 3.4659506032429985e-38
0.9919653369084147 3.3869780371279853e-38
1.0150945743873274 3.3098048735946693e-38
1.0387631065436362 3.234390113462787e-38
1.0629835078839296 3.1606936916805196e-38
1.0877686461092637 3.088676456043453e-38
1.1131316889514546 3.0183001463982306e-38
1.1390861111687691 2.94952737431979e-38
1.16564570170473 2.882321603251537e-38
1.1928245710138414 2.8166471290977877e-38
1.2206371585581264 2.7524690612582803e-38
1.2490982404784545 2.689753304094657e-38
1.2782229374447416 2.6284665388190935e-38
1.3080267226891875 2.5685762057954294e-38
1.3385254302268237 2.510050487243513e-38
1.369735263267732 2.4528582903374315e-38
1.4016728028254128 2.3969692306888023e-38
1.4343550165258654 2.3423536162062632e-38
1.4677992676220706 2.2889824313226556e-38
1.5020233242186567 2.2368273215814752e-38
1.5370453687116559 2.1858605785744682e-38
1.5728840074483612 2.1360551252223416e-38
1.6095582806124205 2.087384501390759e-38
1.6470876723394143 2.0398228498340508e-38
1.6854921210682972 1.9933449024591077e-38
1.7247920301341966 1.9479259669022067e-38
1.7650082786082029 1.9035419134116263e-38
1.8061622323899016 1.8601691620290992e-38
1.848275755558551 1.817784670063278e-38
1.8913712219889245 1.7763659198486e-38
1.935471527238 1.7358909067829972e-38
1.9806001007088037 1.6963381276381584e-38
2.0267809180978715 1.6576865691360848e-38
2.0740385141329463 1.6199156967859158e-38
2.1223979956076717 1.5830054439750662e-38
2.171885054720213 1.546936201308906e-38
2.222525982722885 1.511688806193297e-38
2.274347683890048 1.4772445326544843e-38
2.327377689811681 1.443585081390909e-38
2.3816441740202396 1.4106925700516608e-38
2.437175966958554 1.3785495237364557e-38
2.4940025712967335 1.3471388657120037e-38
2.552154177606206 1.3164439083399258e-38
2.611661680399223 1.2864483442113508e-38
2.6725566945423505 1.2571362374834906e-38
2.7348715720526675 1.228492015413619e-38
2.7986394192855935 1.200500460085908e-38
2.863894114523477 1.1731467003267863e-38
2.9306703259742912 1.1464162038044755e-38
2.999003530189995 1.1202947693085429e-38
3.068930030914351 1.0947685192053486e-38
3.1404869783702067 1.0698238920653872e-38
3.21371238899649 1.0454476354586194e-38
3.2886451656454048 1.0216267989139378e-38
3.3653251182505572 9.983487270390589e-39
3.443792984976987 9.756010527971685e-39
3.5240904538643507 9.53371690936754e-39
3.6062601849747473 9.316488315711324e-39
3.6903458330569543 9.104209339042652e-39
3.77639207073912 8.89676720099527e-39
3.8644446122622242 8.694051692881713e-39
3.9545502377669295 8.495955117143081e-39
4.046756818146711 8.302372230132876e-39
4.141113340480481 8.11320018620446e-39
4.237669934058216 7.928338483072509e-39
4.336477897013409 7.747688908419281e-39
4.437589723576497 7.571155487717567e-39
4.541059131963759 7.398644433242383e-39
4.646941092916466 7.230064094244456e-39
4.755291858905486 7.065324908258996e-39
4.866168994016832 6.904339353523864e-39
4.979631404534034 6.747021902481916e-39
5.0957393702336 6.593288976342714e-39
5.214554576410165 6.443058900679669e-39
5.336140146648369 6.296251862038757e-39
5.4605606763588606 6.152789865535967e-39
5.587882267096237 6.012596693420915e-39
5.718172561677172 5.875597864584508e-39
5.851500780117376 5.741720594989281e-39
5.987937756406471 5.6108937590013153e-39
6.127555976140354 5.483047851603172e-39
6.270429615030991 5.35811495146786e-39
6.416634578314149 5.236028684874109e-39
6.566248541075969 5.116724190443869e-39
6.719350989519823 5.000138084683267e-39
6.87602326319537 4.886208428308658e-39
7.036348598212252 4.7748746933400486e-39
7.200412171461376 4.6660777309441496e-39
