results/limits/MAQRO_l_N2only.dat
# %ECSV 1.0
# ---
# datatype:
# - {name: mx, unit: MeV, datatype: float64}
# - {name: sigma_10, unit: cm2, datatype: float64}
# - {name: sigma_9, unit: cm2, datatype: float64}
# - {name: sigma_7, unit: cm2, datatype: float64}
# - {name: sigma_6, unit: cm2, datatype: float64}
# - {name: sigma_5, unit: cm2, datatype: float64}
# - {name: sigma_4, unit: cm2, datatype: float64}
# - {name: sigma_3, unit: cm2, datatype: float64}
# - {name: sigma_2, unit: cm2, datatype: float64}
# schema: astropy-2.0
mx sigma_10 sigma_9 sigma_7 sigma_6 sigma_5 sigma_4 sigma_3 sigma_2
[from data line 318]
0.00048215112361018567 2.836680238037503e-36 3.315740754161332e-36 5.0459557523360164e-36 6.827216729229271e-36 1.0547687652445511e-35 2.2178542987219596e-35 2.8793251232131004e-35 6.744087651666311e-36
0.0004933932380508582 2.7716767573453223e-36 3.240449060352771e-36 4.9315801231226054e-36 6.672751284023066e-36 1.0309967481617658e-35 2.168468474215912e-35 2.818966226124292e-35 6.616701797673007e-36
0.0005048974801334842 2.7082076202909095e-36 3.166878428760878e-36 4.819823483663406e-36 6.521829106335899e-36 1.0077720930948074e-35 2.1202336212863837e-35 2.7601090619663097e-35 6.49290871783221e-36
0.0005166699617777604 2.6462344991746297e-36 3.0949897452629625e-36 4.710626390009077e-36 6.374369892527412e-36 9.8508243538354e-36 2.0731240398068192e-35 2.7027226501127273e-35 6.372648264896007e-36
0.0005287169374124361 2.58572010317211e-36 3.024744786838977e-36 4.6039307533983314e-36 6.230295170660586e-36 9.629156925492571e-36 2.0271146209943932e-35 2.6467768115288983e-35 6.255862579170685e-36
0.0005410448072981404 2.52662815223951e-36 2.956106200757481e-36 4.4996798082361046e-36 6.089528256708922e-36 9.41260058332689e-36 1.982180836331198e-35 2.592242154285234e-35 6.142496088088065e-36
0.0005536601209276797 2.4689233525188974e-36 2.889037485398607e-36 4.397818082992144e-36 5.951994216511261e-36 9.201039960403928e-36 1.9382987229701167e-35 2.539090059038843e-35 6.032495509518501e-36
0.0005665695805056229 2.412571371249667e-36 2.8235029707197406e-36 4.2982913712037125e-36 5.817619823162668e-36 8.994362322685407e-36 1.8954448705191103e-35 2.487292665824281e-35 5.9258098580615445e-36
0.0005797800445090163 2.3575388112301256e-36 2.759467797967218e-36 4.20104669867243e-36 5.68633351818142e-36 8.792457508547295e-36 1.853596408531635e-35 2.436822860847269e-35 5.822390456139143e-36
0.0005932985313311235 2.303793186400506e-36 2.6968979025860393e-36 4.106032299018285e-36 5.5580653729091e-36 8.595217868858083e-36 1.8127309939238766e-35 2.3876542636987857e-35 5.72219094796082e-36
0.000607132223010125 2.251302897921275e-36 2.6357599951561242e-36 4.013197583817053e-36 5.432747050752271e-36 8.402538208567515e-36 1.7728267989949145e-35 2.3397612155779588e-35 5.6251673190965614e-36
0.0006212884690447563 2.20003720885752e-36 2.576021543679598e-36 3.92249311570027e-36 5.3103117701231705e-36 8.214315729120977e-36 1.733862498086547e-35 2.2931187674708237e-35 5.531277918944406e-36
0.0006357747902989163 2.149966220512958e-36 2.51765075606616e-36 3.8338705811745664e-36 5.19069426730881e-36 8.030449970049691e-36 1.695817257200755e-35 2.24770266923105e-35 5.440483489577255e-36
0.0006505988829973161 2.101060848672765e-36 2.4606165632670334e-36 3.747282765692066e-36 5.0738307635683406e-36 7.850842759990016e-36 1.6586707227882304e-35 2.2034893590363692e-35 5.352747200811022e-36
0.0006657686228142928 2.0532928002377432e-36 2.4048886027723633e-36 3.662683527850753e-36 4.959658928024259e-36 7.675398156966814e-36 1.6224030081980837e-35 2.1604559532593848e-35 5.268034682056186e-36
0.0006812920690579615 2.0066345493024286e-36 2.3504372012420514e-36 3.580027772344318e-36 4.848117843811093e-36 7.504022395816403e-36 1.5869946843250722e-35 2.1185802371261822e-35 5.186314073919926e-36
0.0006971774689519261 1.9610593156031683e-36 2.2972333602366057e-36 3.499271429389149e-36 4.739147978063595e-36 7.336623844173105e-36 1.5524267702163052e-35 2.0778406556693417e-35 5.1075560759668094e-36
0.0007134332620168255 1.9165410410147867e-36 2.245248739072257e-36 3.420371427267098e-36 4.632691144845525e-36 7.173112940912578e-36 1.518680717451533e-35 2.0382163053331697e-35 5.0317340000486495e-36
0.0007300680845540431 1.8730543681845706e-36 2.1944556403671094e-36 3.3432856708316044e-36 4.528690476425184e-36 7.013402153982891e-36 1.485738404757251e-35 1.99968692611303e-35 4.9588238376190526e-36
0.0007470907742339592 1.8305746188263547e-36 2.144826994837803e-36 3.2679730180243406e-36 4.4270903909696234e-36 6.857405929053095e-36 1.4535821253092822e-35 1.9622328938989752e-35 4.88880432799655e-36
0.0007645103747911887 1.78907777275942e-36 2.096336346798109e-36 3.194393257628998e-36 4.3278365626865605e-36 6.705040643443679e-36 1.422194576948125e-35 1.925835215189131e-35 4.8216570369136425e-36
0.0007823361408292924 1.7485404473085568e-36 2.048957839798537e-36 3.1225070874038324e-36 4.2308758913573834e-36 6.556224558019517e-36 1.3915588522988e-35 1.8904755137344382e-35 4.757366442431558e-36
0.00080057754273752 1.708939877394066e-36 2.002666202828896e-36 3.052276092849172e-36 4.136156474280451e-36 6.410877774305282e-36 1.3616584301970153e-35 1.856136049384881e-35 4.695920029913011e-36
0.0008192442717221943 1.6702538956832618e-36 1.9574367361932428e-36 2.9836627252769382e-36 4.043627575261555e-36 6.26892218395361e-36 1.3324771631988117e-35 1.8227996683348648e-35 4.637308395786134e-36
0.0008383462449554094 1.632460913902988e-36 1.913245298546109e-36 2.9166302822088395e-36 3.9532395990198374e-36 6.13028143067869e-36 1.303999271535967e-35 1.7904498424925487e-35 4.581525361273411e-36
0.0008578936108437789 1.595539904311447e-36 1.8700682936943767e-36 2.8511428869996465e-36 3.864944062624374e-36 5.994880864525969e-36 1.276209331915111e-35 1.759070641251167e-35 4.528568096471258e-36
0.0008778967544200344 1.5594703818644058e-36 1.8278826578858114e-36 2.787165469388389e-36 3.778693569358747e-36 5.862647501455167e-36 1.2490922699388212e-35 1.728646746051578e-35 4.478437255364669e-36
0.000898366302860337 1.524232386618799e-36 1.7866658469452164e-36 2.7246637454226454e-36 3.694441780844319e-36 5.733509978448609e-36 1.2226333491457432e-35 1.6991634212447818e-35 4.431137122689674e-36
0.0009193131311302326 1.4898064672721054e-36 1.7463958244844982e-36 2.6636041996866e-36 3.612143393250703e-36 5.607398516633685e-36 1.196818164269442e-35 1.6706065391332146e-35 4.386675773184831e-36
0.0009407483677622533 1.4561736646957429e-36 1.7070510496143097e-36 2.6039540661370145e-36 3.531754110743959e-36 5.4842448803264066e-36 1.1716326319013366e-35 1.6429625655433694e-35 4.345065243990263e-36
0.000962683400768232 1.423315496290802e-36 1.668610465294041e-36 2.5456813102100244e-36 3.453230621402971e-36 5.363982337904477e-36 1.1470629819508206e-35 1.616218562020965e-35 4.3063217208204585e-36
0.000985129883689471 1.391213941081501e-36 1.6310534872062584e-36 2.4887546120053034e-36 3.376530572918945e-36 5.2465456236090416e-36 1.1230957496989987e-35 1.5903621865032375e-35 4.270465741077886e-36
0.0010080997417879817 1.3598514246338344e-36 1.5943599919056567e-36 2.4331433471236863e-36 3.301612548790443e-36 5.131870900926826e-36 1.0997177675943654e-35 1.5653816944340013e-35 4.237522407135824e-36
0.0010316051783820807 1.3292108054025259e-36 1.5585103064533276e-36 2.378817572023003e-36 3.228436045896392e-36 5.019895725535262e-36 1.0769161572422577e-35 1.5412659408215212e-35 4.207521624550899e-36
0.0010556586813297128 1.2992753610160115e-36 1.5234851974971676e-36 2.325748006001082e-36 3.156961451102514e-36 4.910559009692602e-36 1.0546783216815681e-35 1.5180043832340963e-35 4.180498349707054e-36
0.0010802730296629402 1.2700287753773725e-36 1.4892658610164517e-36 2.2739060158223904e-36 3.0871500194986803e-36 4.803800986980968e-36 1.0329919376296806e-35 1.4955870855629573e-35 4.1564928618506735e-36
0.001105461300377127 1.2414551258227191e-36 1.4558339117007178e-36 2.223263599839832e-36 3.018963853259478e-36 4.69956317936325e-36 1.0118449483589424e-35 1.4740047229105025e-35 4.135551051561168e-36
0.0011312368753784248 1.213538871434602e-36 1.4231713734864001e-36 2.173793372408149e-36 2.9523658798152405e-36 4.59778836191595e-36 9.912255558153512e-36 1.4532485871100385e-35 4.117724730909707e-36
0.0011576134485932472 1.1862648412258114e-36 1.3912606695006732e-36 2.1254685491727922e-36 2.88731983188211e-36 4.498420531623926e-36 9.711222137251487e-36 1.4333105928983606e-35 4.1030719650897696e-36
0.0011846050332435167 1.1596182231704805e-36 1.3600846127716214e-36 2.07826293250244e-36 2.823790227426161e-36 4.4014048755837663e-36 9.515236208804421e-36 1.4141832899864635e-35 4.09165742685093e-36
0.0012122259692915415 1.133584553370708e-36 1.3296263967444754e-36 2.0321508967699684e-36 2.76174234971733e-36 4.30668773896392e-36 9.324187136238002e-36 1.395859863412426e-35 4.083552774555379e-36
0.0012404909310584848 1.1081497060540145e-36 1.2998695865766698e-36 1.987107375211128e-36 2.701142228697162e-36 4.2142165958953654e-36 9.137966597101865e-36 1.3783341526820802e-35 4.078837055314176e-36
0.0012694149350204683 1.083299883503575e-36 1.2707981099956434e-36 1.9431078455909524e-36 2.6419566222853863e-36 4.123940019373397e-36 8.956468516490243e-36 1.3616006585851778e-35 4.077597134382698e-36
0.0012990133477864558 1.0590216069744457e-36 1.2423962491862745e-36 1.9001283181082472e-36 2.5841529990451974e-36 4.035807654607996e-36 8.779589003109756e-36 1.3456545577178275e-35 4.079928151590781e-36
0.0013293018942621524 1.0353017073042472e-36 1.2146486319495289e-36 1.8581453214325617e-36 2.52769951946699e-36 3.949770188504194e-36 8.607226290302308e-36 1.330491715415976e-35 4.085934006391799e-36
0.001360296666004259 1.0121273165830772e-36 1.1875402240283092e-36 1.8171358913085653e-36 2.472565020485706e-36 3.865779324497754e-36 8.439280672433686e-36 1.3161087033796944e-35 4.0957278727660716e-36
0.001392014129769518 9.894858595925833e-37 1.1610563208436926e-36 1.777077557623424e-36 2.418718997508722e-36 3.783787757622887e-36 8.275654453139697e-36 1.302502815996081e-35 4.109432745372087e-36
0.0014244711362630968 9.673650462025865e-37 1.1351825402945837e-36 1.7379483338080144e-36 2.3661315905282485e-36 3.703749148129887e-36 8.116251886051112e-36 1.2896720901578813e-35 4.12718201749855e-36
0.0014576849290909482 9.45752863501427e-37 1.1099048149534847e-36 1.6997267046873737e-36 2.3147735672145017e-36 3.6256180979818524e-36 7.960979122917065e-36 1.2776153263811698e-35 4.149120094482067e-36
0.0014916731539209149 9.246375686653417e-37 1.0852093850592584e-36 1.6623916159931894e-36 2.2646163089416603e-36 3.549350128359633e-36 7.809744165793028e-36 1.2663321117339023e-35 4.175403042012291e-36
0.0015264538678574353 9.040076819293486e-37 1.0610827914450245e-36 1.625922463634528e-36 2.2156317962234048e-36 3.474901656486341e-36 7.662456813341455e-36 1.2558228455544635e-35 4.2061992725070996e-36
0.0015620455490348386 8.83851979968712e-37 1.03751186884247e-36 1.5902990837269997e-36 2.1677925954157577e-36 3.4022299755941726e-36 7.519028620225844e-36 1.2460887668290671e-35 4.2416902715907085e-36
0.0015984671064343198 8.641594894422151e-37 1.0144837392346405e-36 1.555501742596473e-36 2.1210718452356282e-36 3.331293234026337e-36 7.379372850707805e-36 1.2371319839066246e-35 4.2820713671643895e-36
0.0016357378899298156 8.449194809683362e-37 9.91985805644687e-37 1.521511127504216e-36 2.0754432444856017e-36 3.262050416536655e-36 7.243404439114377e-36 1.2289555076905939e-35 4.327552544687679e-36
0.0016738777005681136 8.261214632377128e-37 9.700057459653744e-37 1.4883083375746935e-36 2.0308810400250716e-36 3.194461326002129e-36 7.111039951603066e-36 1.2215632874600693e-35 4.378359310553343e-36
0.0017129068010886602 8.077551773856702e-37 9.485315070121355e-37 1.4558748749851289e-36 1.9873600151011124e-36 3.1284865660182e-36 6.9821975499919e-36 1.2149602479159295e-35 4.434733610198632e-36
0.0017528459266886532 7.89810591662077e-37 9.27551298863016e-37 1.4241926367308992e-36 1.9448554786270284e-36 3.0640875251036635e-36 6.856796960726227e-36 1.2091523324431215e-35 4.496934803073466e-36
0.00179371629603914 7.72277896243389e-37 9.070535892827173e-37 1.3932439064658555e-36 1.9033432544810515e-36 3.0012263607215016e-36 6.73475944124072e-36 1.2041465474889898e-35 4.565240703023751e-36
0.0018355396225579732 7.551474983617244e-37 8.870270984816383e-37 1.3630113470130424e-36 1.8627996719379677e-36 2.9398659858405505e-36 6.616007757150032e-36 1.1999510115271885e-35 4.639948687860659e-36
0.0018783381259456144 7.3841001753144205e-37 8.674607939171673e-37 1.3334779928582859e-36 1.823201555957338e-36 2.8799700548165085e-36 6.500466153881925e-36 1.1965750077992814e-35 4.721376886648979e-36
0.0019221345439899109 7.2205628103260546e-37 8.483438853655602e-37 1.304627243169842e-36 1.78452621834521e-36 2.8215029511455726e-36 6.388060336051298e-36 1.1940290412378202e-35 4.8098654547989515e-36
0.001966952144646121 7.0607731954697536e-37 8.296658201284837e-37 1.2764428550268504e-36 1.7467514492021304e-36 2.7644297757154178e-36 6.278717447599126e-36 1.1923248998217248e-35 4.90577794126361e-36
0.0020128147383986056 6.90464362975609e-37 8.114162784218167e-37 1.2489089369731254e-36 1.709855508880166e-36 2.708716335874411e-36 6.172366054486803e-36 1.1914757206958985e-35 5.009502762339699e-36
0.002059746690910748 6.7520883640354795e-37 7.935851689059556e-37 1.222009942803472e-36 1.6738171202798105e-36 2.654329135315263e-36 6.068936130087297e-36 1.1914960612552586e-35 5.1214547907064723e-36
0.0021077729359698315 6.603023561902817e-37 7.761626243340693e-37 1.1957306655303034e-36 1.6386154613935934e-36 2.6012353645608347e-36 5.968359042303598e-36 1.19240197558249e-35 5.242077068919958e-36
0.0021569189887337423 6.4573672626299764e-37 7.591389974305616e-37 1.1700562318046458e-36 1.6042301586152836e-36 2.5494028922598396e-36 5.8705675437053496e-36 1.1942110968201529e-35 5.3718426591702645e-36
0.002207210959286545 6.315039344522228e-37 7.425048567829052e-37 1.1449720962581385e-36 1.5706412798192317e-36 2.4988002567450926e-36 5.7754957618966647e-36 1.1969427247982242e-35 5.511256638583769e-36
0.0022586755665101248 6.175961489871003e-37 7.262509829137361e-37 1.1204640362301782e-36 1.5378293280850452e-36 2.4493966585476586e-36 5.683079194070827e-36 1.2006179210130358e-35 5.660858248840414e-36
0.0023113401522792685 6.04005715085403e-37 7.103683644472298e-37 1.0965181465639783e-36 1.5057752354783842e-36 2.401161952861738e-36 5.5932547004459885e-36 1.2052596096392676e-35 5.8212232124672584e-36
0.0023652326959877285 5.907251516338824e-37 6.948481943675842e-37 1.0731208346228203e-36 1.4744603571771546e-36 2.3540666428382018e-36 5.50596050158808e-36 1.2108926859928268e-35 5.992966209621785e-36
0.0024203818294129824 5.7774714795331576e-37 6.796818663648971e-37 1.050258815361838e-36 1.44386646566545e-36 2.308081872837156e-36 5.421136175005269e-36 1.2175441324963117e-35 6.176743541630045e-36
0.0024768168519275916 5.650645606504651e-37 6.6486097127440555e-37 1.0279191065796868e-36 1.4139757450465254e-36 2.263179422194952e-36 5.338722654286714e-36 1.2252431429049496e-35 6.373255965398532e-36
0.002534567746065232 5.5267041051539616e-37 6.5037729355413325e-37 1.006089024199086e-36 1.3847707857510474e-36 2.219331698925399e-36 5.258662227703829e-36 1.234021254938058e-35 6.583251713647032e-36
0.0025936651934496745 5.405578795040635e-37 6.36222807858342e-37 9.847561776837803e-37 1.3562345787929104e-36 2.176511733755652e-36 5.180898538716224e-36 1.2439124923492649e-35 6.807529701790516e-36
0.0026541405910951734 5.287203077317341e-37 6.223896756057477e-37 9.639084653850122e-37 1.3283505106470175e-36 2.1346931740897942e-36 5.105376586234257e-36 1.2549535165915293e-35 7.046942928709089e-36
0.0027160260680869266 5.17151190553072e-37 6.088702416490716e-37 9.435340700628562e-37 1.3011023577983686e-36 2.0938502780189652e-36 5.0320427254669555e-36 1.2671837890180564e-35 7.302402075676697e-36
0.0027793545026504624 5.0584417570272055e-37 5.956570310112739e-37 9.236214545038694e-37 1.2744742814001688e-36 2.0539579082501767e-36 4.9608446687579946e-36 1.280645744645237e-35 7.574879322374189e-36
0.002844159539619031 4.947930603734113e-37 5.827427455191923e-37 9.041593568304146e-37 1.2484508219140276e-36 2.0149915259413715e-36 4.891731486464325e-36 1.2953849776203668e-35 7.86541239065381e-36
0.0029104756083082714 4.839917884262172e-37 5.701202606054937e-37 8.851367861534213e-37 1.2230168937141574e-36 1.9769271844290332e-36 4.8246536080105594e-36 1.3114504397331673e-35 8.175108862193853e-36
