results/limits/MAQRO_l_phase.dat
# %ECSV 1.0
# ---
# datatype:
# - {name: mx, unit: MeV, datatype: float64}
# - {name: sigma_10, unit: cm2, datatype: float64}
# - {name: sigma_9, unit: cm2, datatype: float64}
# - {name: sigma_7, unit: cm2, datatype: float64}
# - {name: sigma_6, unit: cm2, datatype: float64}
# - {name: sigma_5, unit: cm2, datatype: float64}
# - {name: sigma_4, unit: cm2, datatype: float64}
# - {name: sigma_3, unit: cm2, datatype: float64}
# - {name: sigma_2, unit: cm2, datatype: float64}
# schema: astropy-2.0
mx sigma_10 sigma_9 sigma_7 sigma_6 sigma_5 sigma_4 sigma_3 sigma_2
[from data line 477]
0.01882672481864659 3.4368107262040942e-37 4.1414748079874315e-37 7.020259414081966e-37 1.0759036048222502e-36 2.279746300883522e-36 1.8196788058272168e-35 2.2477488251026344e-33 5.171536306516e-33
0.01926569962258253 3.4426331841679076e-37 4.149932581688518e-37 7.044596301899707e-37 1.0816266764061125e-36 2.3047626814329482e-36 1.8914202585000482e-35 2.4546382696230702e-33 5.6671383832603996e-33
0.019714909816919448 3.44847724739988e-37 4.158427652061363e-37 7.0691102489939655e-37 1.0874126332335312e-36 2.3303100306343416e-36 1.967085063395775e-35 2.6810316261311518e-33 6.210421350691638e-33
0.020174594055939365 3.4543429532003206e-37 4.1669601453465694e-37 7.09380284352625e-37 1.093262427710022e-36 2.3564038660965146e-36 2.046928820254684e-35 2.9287899677286785e-33 6.805981498192684e-33
0.02064499655852557 3.460230342292306e-37 4.1755301932629525e-37 7.1186757075393804e-37 1.0991770348903406e-36 2.3830602849990364e-36 2.1312259607767525e-35 3.199953042265186e-33 7.458858611763854e-33
0.021126367237910063 3.466139458667518e-37 4.184137932881462e-37 7.143730497100558e-37 1.1051574529786973e-36 2.4102959890070414e-36 2.220271266858363e-35 3.496756478052644e-33 8.17457878742924e-33
0.021618961834446313 3.4720703495205703e-37 4.1927835065061e-37 7.168968902451232e-37 1.1112047038477705e-36 2.438128310427871e-36 2.3143815197741675e-35 3.821650648932903e-33 8.959201376814225e-33
0.02212304205147776 3.478023065137717e-37 4.201467061554099e-37 7.194392648173659e-37 1.117319833577281e-36 2.466575239677865e-36 2.413897292167309e-35 4.177321358856875e-33 9.819370470512655e-33
0.022638875694374342 3.4839976588210777e-37 4.210188750456322e-37 7.220003493398567e-37 1.1235039130125127e-36 2.495655454131968e-36 2.5191848958231085e-35 4.5667125215769926e-33 1.0762371343642655e-32
0.0231667368128109 3.4899941867816015e-37 4.218948730538054e-37 7.245803231999235e-37 1.1297580383435504e-36 2.5253883484331026e-36 2.630638499419299e-35 4.993051028045897e-33 1.1796192366970592e-32
0.02370690584636297 3.496012708098924e-37 4.227747163924388e-37 7.271793692837421e-37 1.1360833317057108e-36 2.5557940663430986e-36 2.74868243178065e-35 5.4598740126396005e-33 1.2929592871343106e-32
0.024259669773497434 3.502053284594852e-37 4.236584217457139e-37 7.297976740024228e-37 1.1424809418019342e-36 2.5868935342219914e-36 2.873773687628289e-35 5.971058749825142e-33 1.4172177605133275e-32
0.024825322264037063 3.5081159807807248e-37 4.24546006258026e-37 7.324354273172635e-37 1.148952044547754e-36 2.6187084962279036e-36 3.006404654416679e-35 6.530855435052175e-33 1.553447831863459e-32
0.025404163835180054 3.5142008638006073e-37 4.254374875277239e-37 7.350928227715841e-37 1.1554978437396075e-36 2.651261551335483e-36 3.1471060806074945e-35 7.143923128489751e-33 1.7028043323602946e-32
0.025996502011157406 3.5203080033266376e-37 4.263328835974812e-37 7.37770057520793e-37 1.162119571747159e-36 2.6845761922770215e-36 3.29645030765439e-35 7.815369166615565e-33 1.8665535578978368e-32
0.026602651486612925 3.5264374715280047e-37 4.272322129470354e-37 7.40467332366405e-37 1.16881849023049e-36 2.7186768465169857e-36 3.4550547900821495e-35 8.550792376665301e-33 2.046084031350078e-32
0.027222934293792744 3.5325893429845735e-37 4.2813549448545025e-37 7.431848517914891e-37 1.1755958908829279e-36 2.7535889193776452e-36 3.623585930355682e-35 9.356330461207729e-33 2.242918316245193e-32
0.027857679973633073 3.538763694642794e-37 4.290427475452817e-37 7.459228239985478e-37 1.1824530962003341e-36 2.7893388394410432e-36 3.802763257768032e-35 1.0238711954625785e-32 2.4587259403281022e-32
0.02850722575083718 3.5449606057456386e-37 4.299539918748573e-37 7.48681460948927e-37 1.1893914602777968e-36 2.8259541063605946e-36 3.993363983354455e-35 1.1205313193946096e-32 2.6953375974226345e-32
0.02917191671303455 3.5511801577800468e-37 4.308692476321128e-37 7.514609784042585e-37 1.1964123696345936e-36 2.8634633412240806e-36 4.196227965883072e-35 1.2264220787010222e-32 2.954760693544893e-32
0.029852105994117403 3.5574224344479712e-37 4.3178853537977324e-37 7.542615959705335e-37 1.2035172440683987e-36 2.9018963396191705e-36 4.412263127310244e-35 1.3424300110767287e-32 3.239196457668657e-32
0.030548154961852016 3.5636875215686077e-37 4.32711876078866e-37 7.570835371441058e-37 1.2107075375397735e-36 2.941284127562176e-36 4.642451359744624e-35 1.4695270417621517e-32 3.5510585886319794e-32
0.031260433409864494 3.5699755070799117e-37 4.336392910838375e-37 7.599270293589772e-37 1.217984739087926e-36 2.981659020461508e-36 4.887854969974885e-35 1.608778719314086e-32 3.8929938145690626e-32
0.031989319754103004 3.5762864809615212e-37 4.34570802137887e-37 7.627923040370963e-37 1.2253503737788743e-36 3.0230546852984365e-36 5.149623712008304e-35 1.7613532460144214e-32 4.267904345849789e-32
0.0327352012338808 3.582620535207932e-37 4.35506431368499e-37 7.656795966406896e-37 1.2328060036871746e-36 3.065506206219806e-36 5.429002462886359e-35 1.9285313804952076e-32 4.678972689989854e-32
0.03349847411760691 3.588977763786969e-37 4.364462012828616e-37 7.685891467258478e-37 1.240353228912315e-36 3.109050153750323e-36 5.727339602319882e-35 2.1117172950662115e-32 5.129688508459715e-32
0.034279543913313774 3.595358262596007e-37 4.3739013476422656e-37 7.71521197999212e-37 1.2479936886311589e-36 3.1537246578459585e-36 6.046096162479201e-35 2.3124504821047416e-32 5.623878410694127e-32
0.03507882558409363 3.601762129424547e-37 4.3833825506908514e-37 7.744759983771069e-37 1.2557290621875963e-36 3.199569485024661e-36 6.386855820613899e-35 2.5324188092183256e-32 6.165738458495697e-32
0.03589674376855814 3.60818946390863e-37 4.392905858215413e-37 7.774538000444392e-37 1.2635610702208509e-36 3.2466261198267386e-36 6.751335814134268e-35 2.77347283470857e-32 6.759869841909487e-32
0.03673373300643846 3.614640367527594e-37 4.402471510124739e-37 7.80454859519689e-37 1.2714914758338193e-36 3.2949378508741734e-36 7.141398865408901e-35 3.037641504925476e-32 7.411318000389109e-32
0.037590237969445384 3.621114943545762e-37 4.412079749957791e-37 7.834794377185641e-37 1.2795220858029442e-36 3.3445498618165684e-36 7.559066211888863e-35 3.3271493659497484e-32 8.125615340152848e-32
0.038466713697512506 3.6276132970051693e-37 4.4217308248656254e-37 7.86527800022295e-37 1.2876547518311344e-36 3.395509327471188e-36 8.006531846335826e-35 3.6444354415669445e-32 8.908828965040429e-32
0.03936362584054766 3.634135534669316e-37 4.431424985570917e-37 7.896002163466441e-37 1.295891371845382e-36 3.4478655154853594e-36 8.48617808195588e-35 3.992173924525713e-32 9.767611279526043e-32
0.04028145090582124 3.6406817650104477e-37 4.441162486362266e-37 7.92696961214056e-37 1.3042338913407332e-36 3.501669893872761e-36 9.000592568278164e-35 4.3732968741470103e-32 1.0709257179686437e-31
0.04122067651112274 3.6472520981998212e-37 4.450943585069545e-37 7.958183138285283e-37 1.3126843047723825e-36 3.556976244799034e-36 9.55258689565753e-35 4.791019100913209e-32 1.1741765933686845e-31
0.04218180164382002 3.653846646064108e-37 4.460768543054087e-37 7.989645581518112e-37 1.3212446569977367e-36 3.613840785018645e-36 1.0145216939526903e-34 5.248865454315588e-32 1.2873909201853437e-31
0.043165336925959 3.660465522048648e-37 4.470637625181191e-37 8.021359829828745e-37 1.3299170447703399e-36 3.672322293393074e-36 1.0781805110022672e-34 5.750700745193182e-32 1.411530562571134e-31
0.044171804885544536 3.667108841257527e-37 4.4805510998226944e-37 8.053328820395627e-37 1.3387036182877219e-36 3.732482245950777e-36 1.146596468850792e-34 6.300762556955429e-32 1.5476502620396618e-31
0.04520174023414663 3.6737767203591625e-37 4.490509238832911e-37 8.085555540425607e-37 1.347606582795194e-36 3.79438495898197e-36 1.220162644994887e-34 6.90369722464782e-32 1.6969066066120212e-31
0.046255690150979495 3.6804692776271475e-37 4.500512317547821e-37 8.118043028025241e-37 1.3566282002478592e-36 3.858097740696447e-36 1.2993067789210826e-34 7.564599287759261e-32 1.860567866154952e-31
0.047334214573604344 3.6871866328738444e-37 4.5105606147886135e-37 8.15079437309432e-37 1.365770791033081e-36 3.923691052010551e-36 1.3844944590290757e-34 8.289054752211046e-32 2.040024777564929e-31
0.048437886495410414 3.6939289074816012e-37 4.52065441282932e-37 8.183812718242291e-37 1.3750367357557889e-36 3.991238677070067e-36 1.4762326100473663e-34 9.083188529361245e-32 2.236802371531539e-31
0.04956729227003216 3.700696224352101e-37 4.530793997420384e-37 8.217101259738051e-37 1.3844284770892074e-36 4.0608179041597526e-36 1.5750733096583008e-34 9.953716455380978e-32 2.45257294147294e-31
0.05072303192286451 3.7074887079195097e-37 4.540979657778948e-37 8.250663248488264e-37 1.3939485216935103e-36 4.132509717697549e-36 1.681617965809494e-34 1.090800231097865e-31 2.6891701055743536e-31
0.051905719469841495 3.714306484100544e-37 4.551211686585611e-37 8.284501991035143e-37 1.4035994422052899e-36 4.206399002062885e-36 1.7965218892232553e-34 1.19541204552796e-31 2.9486050153056808e-31
0.05311598324364777 3.7211496803243997e-37 4.5614903799870705e-37 8.318620850593235e-37 1.4133838793004903e-36 4.282574758062247e-36 1.920499298912558e-34 1.3100924295700681e-31 3.2330825686356892e-31
0.05435446622753626 3.7280184255055148e-37 4.5718160376044645e-37 8.353023248108007e-37 1.4233045438340619e-36 4.361130332896744e-36 2.0543288021867584e-34 1.4358121575775973e-31 3.5450207341689273e-31
0.05562182639692926 3.7349128500341903e-37 4.582188962548851e-37 8.38771266335392e-37 1.4333642190592369e-36 4.442163664558264e-36 2.198859394584997e-34 1.5736356831595246e-31 3.8870709764213342e-31
0.056918737068984544 3.7418330857446534e-37 4.592609461395886e-37 8.42269263604731e-37 1.4435657629298792e-36 4.5257775416513254e-36 2.3550170295699897e-34 1.7247301829958761e-31 4.262140805284326e-31
0.058245887260312136 3.748779265959626e-37 4.603077844228944e-37 8.45796676700764e-37 1.4539121104892048e-36 4.6120798797118845e-36 2.5238118126041955e-34 1.8903754739250039e-31 4.673418503233547e-31
0.05960398205303182 3.755751525434714e-37 4.613594424633041e-37 8.493538719347026e-37 1.4644062763486004e-36 4.701184015175335e-36 2.706345879489653e-34 2.0719748876343905e-31 5.124400240604176e-31
0.06099374296936585 3.762750000370775e-37 4.624159519703264e-37 8.529412219680054e-37 1.475051357260179e-36 4.7932090182328263e-36 2.9038220246179456e-34 2.271067195431004e-31 5.618919809567332e-31
0.06241590835496589 3.769774828397015e-37 4.634773450066433e-37 8.565591059386842e-37 1.4858505347870984e-36 4.888280025909559e-36 3.117553151097753e-34 2.489339684498113e-31 6.16118122971645e-31
0.06387123377117784 3.776826148603611e-37 4.645436539887103e-37 8.602079095895752e-37 1.4968070780757285e-36 4.9865285968004754e-36 3.348972621657559e-34 2.7286424968388303e-31 6.755794502598165e-31
0.06536049239645289 3.783904101490905e-37 4.656149116894266e-37 8.63888025400918e-37 1.507924346734006e-36 5.088093089009137e-36 3.5996455968192557e-34 2.9910043528458603e-31 7.407814819306667e-31
0.06688447543711816 3.791008828974057e-37 4.666911512379193e-37 8.675998527262395e-37 1.5192057938204836e-36 5.1931190629547446e-36 3.871281455168635e-34 3.278649793213293e-31 8.122785554632219e-31
0.06844399254772507 3.7981404744277286e-37 4.677724061244759e-37 8.713437979323668e-37 1.5306549689488474e-36 5.301759710841575e-36 4.165747399681739e-34 3.594018085819979e-31 8.906785413462253e-31
0.0700398722611988 3.8052991826123414e-37 4.688587101976522e-37 8.751202745427347e-37 1.542275521512851e-36 5.4141763147247406e-36 4.485083364079089e-34 3.939783958374901e-31 9.766480130452528e-31
0.0716729624290174 3.812485099732792e-37 4.699500976719158e-37 8.789297033850819e-37 1.5540712040368818e-36 5.530538735257784e-36 4.83151834415731e-34 4.3188803331434315e-31 1.0709179162715291e-30
0.07334413067165428 3.819698373396847e-37 4.710466031256853e-37 8.827725127428487e-37 1.5660458756576442e-36 5.651025933371681e-36 5.207488291082993e-34 4.734523257101594e-31 1.1742897857741906e-30
0.07505426483952363 3.826939152647073e-37 4.721482615054873e-37 8.866491385112112e-37 1.5782035057426483e-36 5.775826527312548e-36 5.615655716827926e-34 5.1902392395382e-31 1.2876425625349095e-30
0.07680427348467332 3.834207587920713e-37 4.7325510812729e-37 8.905600243566345e-37 1.590548177651567e-36 5.905139387658423e-36 6.058931176390531e-34 5.6898952296008195e-31 1.4119400693508222e-30
0.07859508634347626 3.841503831119085e-37 4.743671786808187e-37 8.945056218814398e-37 1.6030840926467127e-36 6.039174273144303e-36 6.540496807306964e-34 6.237731488735292e-31 1.5482392083918598e-30
0.08042765483057629 3.848828035527589e-37 4.7548450922922e-37 8.98486390792669e-37 1.6158155739593177e-36 6.178152510351785e-36 7.063832124341998e-34 6.838397637590608e-31 1.6976989504597196e-30
0.08230295254435131 3.856180355863403e-37 4.766071362155159e-37 9.025027990754885e-37 1.6287470710184335e-36 6.322307720565608e-36 7.632742286310994e-34 7.496992183961181e-31 1.8615901924098435e-30
0.08422197578416211 3.8635609482791625e-37 4.777350964622151e-37 9.065553231714504e-37 1.6418831638499073e-36 6.471886597366889e-36 8.251389072881984e-34 8.219105867946475e-31 2.0413065665823725e-30
0.08618574407966152 3.870969970361528e-37 4.788684271761827e-37 9.106444481613385e-37 1.6552285676529515e-36 6.627149738822853e-36 8.924324832117759e-34 9.010869192974852e-31 2.2383762941857317e-30
0.08819530073244539 3.8784075811379485e-37 4.800071659538505e-37 9.147706679538842e-37 1.6687881375623748e-36 6.78837253844823e-36 9.65652968463651e-34 9.879004546941857e-31 2.4544751834564252e-30
0.09025171337033296 3.8858739410196965e-37 4.81151350774565e-37 9.189344854782533e-37 1.682566873604957e-36 6.955846139456114e-36 1.0453452297809048e-33 1.0830883356754232e-30 2.6914408831559482e-30
0.09235607451457113 3.893369211937097e-37 4.8230102001781386e-37 9.231364128833041e-37 1.6965699258587693e-36 7.129878457188141e-36 1.1321054573604095e-33 1.1874588762382859e-30 2.951288512643652e-30
0.09450950216026408 3.9008935572334785e-37 4.834562124586389e-37 9.273769717413797e-37 1.710802599824785e-36 7.310795275018875e-36 1.2265860626797853e-33 1.3018984343474585e-30 3.23622780147353e-30
0.09671314037033632 3.908447141686058e-37 4.846169672693383e-37 9.316566932581231e-37 1.725270362020568e-36 7.498941419469307e-36 1.3295010466560403e-33 1.4273789483053426e-30 3.548681884302792e-30
0.09896815988334524 3.916030131575076e-37 4.8578332403054975e-37 9.35976118487897e-37 1.739978845806324e-36 7.694682020743612e-36 1.4416318834229088e-33 1.5649662009294313e-30 3.89130791098029e-30
0.10127575873546546 3.923642694601129e-37 4.869553227256671e-37 9.403357985553996e-37 1.75493385745415e-36 7.898403865423904e-36 1.563833969371388e-33 1.7158288818256987e-30 4.267019647122562e-30
0.10363716289697593 3.931284999985566e-37 4.8813300375500604e-37 9.447362948833103e-37 1.7701413824718063e-36 8.110516848625585e-36 1.697043691882726e-33 1.881248524835117e-30 4.679012257416558e-30
0.10605362692358762 3.938957218372956e-37 4.8931640792871985e-37 9.491781794260665e-37 1.7856075921930918e-36 8.331455533533694e-36 1.8422861774541315e-33 2.062630464679894e-30 5.130790099857949e-30
0.10852643462295801 3.946659521952912e-37 4.905055764813731e-37 9.536620349106596e-37 1.801338850647196e-36 8.561680826909894e-36 2.0006837845010822e-33 2.2615155577848832e-30 5.6261941224011506e-30
0.11105689973674641 3.954392084362811e-37 4.917005510670749e-37 9.581884550839039e-37 1.817341721720681e-36 8.801681779903127e-36 2.1734654129226924e-33 2.4795936162173057e-30 6.169438059380434e-30
0.11364636663857243 3.962155080767107e-37 4.929013737701832e-37 9.627580449660694e-37 1.8336229766255506e-36 9.051977524278258e-36 2.3619767086298115e-33 2.7187175641158343e-30 6.765141979642139e-30
