results/limits/MAQRO_f_6_phase.dat
# %ECSV 1.0
# ---
# datatype:
# - {name: mx, unit: MeV, datatype: float64}
# - {name: sigma_6, unit: cm2, datatype: float64}
# schema: astropy-2.0
mx sigma_6
[from data line 358]
0.0012122259692915415 3.283077847022234e-36
0.0012404909310584848 3.370342021222045e-36
0.0012694149350204683 3.4582898537157404e-36
0.0012990133477864558 3.546823612913281e-36
0.0013293018942621524 3.635843232885604e-36
0.001360296666004259 3.725246773405474e-36
0.001392014129769518 3.814930894689392e-36
0.0014244711362630968 3.9047913421410635e-36
0.0014576849290909482 3.9947234362886476e-36
0.0014916731539209149 4.084622563079989e-36
0.0015264538678574353 4.174384659751567e-36
0.0015620455490348386 4.2639066916153406e-36
0.0015984671064343198 4.353087115308183e-36
0.0016357378899298156 4.441826324315678e-36
0.0016738777005681136 4.5300270729075175e-36
0.0017129068010886602 4.617594874998185e-36
0.0017528459266886532 4.7044383748640684e-36
0.00179371629603914 4.7904696870975396e-36
0.0018355396225579732 4.875604703650182e-36
0.0018783381259456144 4.959763366301224e-36
0.0019221345439899109 5.042869903374343e-36
0.001966952144646121 5.1248530300073436e-36
0.0020128147383986056 5.205646111746493e-36
0.002059746690910748 5.285187291682903e-36
0.0021077729359698315 5.3634195817660676e-36
0.0021569189887337423 5.4402909193131504e-36
0.002207210959286545 5.515754190077787e-36
0.0022586755665101248 5.589767219544922e-36
0.0023113401522792685 5.6622927343761237e-36
0.0023652326959877285 5.733298296141479e-36
0.0024203818294129824 5.8027562096389514e-36
0.0024768168519275916 5.870643408220539e-36
0.002534567746065232 5.936941318618672e-36
0.0025936651934496745 6.001635707797692e-36
0.0026541405910951734 6.064716514347997e-36
0.0027160260680869266 6.126177666897467e-36
0.0027793545026504624 6.186016891941227e-36
0.002844159539619031 6.244235513390365e-36
0.0029104756083082714 6.300838246018106e-36
0.0029783379408076585 6.35583298484303e-36
0.0030477825906984404 6.409230592336777e-36
0.0031188464522080173 6.461044685183914e-36
0.0031915672798109355 6.511291422156959e-36
0.0032659837082868936 6.559989294503806e-36
0.003342135273246469 6.607158920081501e-36
0.0034200624321353945 6.652822842310695e-36
0.0034998065857286074 6.6970053348725e-36
0.0035814101001254554 6.739732212924289e-36
0.003664916329257761 6.781030651475186e-36
0.0037503696379226933 6.820929011435383e-36
0.0038378154253526898 6.859456673737297e-36
0.003927300149334948 6.896643881820437e-36
0.004018871350893299 6.932521592675615e-36
0.00411257767954558 6.967121336558067e-36
0.004208468919149921 7.00047508540179e-36
0.004306596014353682 7.032615129899732e-36
0.004407011097659079 7.063573965154479e-36
0.004509767517119906 7.093384184752615e-36
0.004614919864684026 7.122078383071148e-36
0.004722524005196735 7.149689065586737e-36
0.004832637106080367 7.176248566927058e-36
0.004945317667705937 7.201788976377544e-36
0.005060625554472947 7.22634207053651e-36
0.005178622026613854 7.249939252795649e-36
0.005299369772740128 7.272611499311666e-36
0.005422932943147155 7.294389311127202e-36
0.0055493771838957115 7.315302672095408e-36
0.00567876967168809 7.33538101226174e-36
0.005811179149557424 7.354653176358363e-36
0.0059466759633891655 7.373147397071461e-36
0.006085332099294114 7.390891272747818e-36
0.006227221221852859 7.407911749215823e-36
0.006372418713251954 7.424235105405624e-36
0.006521001713332612 7.43988694246447e-36
0.006673049160573193 7.454892176075138e-36
0.006828641834027273 7.469275031698373e-36
0.006987862396239558 7.483059042473362e-36
0.00715079543716245 7.496267049524221e-36
0.007317527519096606 7.508921204434035e-36
0.007488147222679345 7.521042973662211e-36
0.007662745193945353 7.532653144694506e-36
0.007841414192484688 7.543771833728806e-36
0.008024249140723652 7.554418494713095e-36
0.008211347174354735 7.56461192956502e-36
0.008402807693942412 7.574370299415017e-36
0.008598732417732204 7.583711136727081e-36
0.008799225435691074 7.592651358162886e-36
0.009004393264807849 7.601207278065959e-36
0.009214344905683071 7.609394622453174e-36
0.009429191900438323 7.617228543410782e-36
0.009649048391975805 7.624723633801501e-36
0.009874031184619632 7.63189394219812e-36
0.010104259806171096 7.638752987967219e-36
0.01033985657141083 7.645313776434342e-36
0.010580946647081629 7.651588814069287e-36
0.010827658118386449 7.657590123636481e-36
0.011080122057036918 7.66332925926209e-36
0.011338472590888495 7.668817321374729e-36
0.01160284697519928 7.674064971482158e-36
0.01187338566555036 7.679082446751155e-36
0.012150232392466372 7.683879574362103e-36
0.012433534237775993 7.688465785613847e-36
0.01272344171275288 7.692850129758162e-36
0.013020108838078586 7.697041287546472e-36
0.013323693225669961 7.701047584474503e-36
0.013634356162414448 7.70487700371317e-36
0.013952262695857842 7.708537198716815e-36
0.014277581721889965 7.71203550550175e-36
0.014610486074474885 7.715378954590278e-36
0.014951152617473332 7.718574282617143e-36
0.015299762338606094 7.721627943596868e-36
0.015656500445608335 7.72454611985197e-36
0.016021556464625875 7.727334732603071e-36
0.016395124340905766 7.729999452223322e-36
0.016777402541834602 7.732545708160245e-36
0.017168594162379338 7.734978698529082e-36
0.01756890703298664 7.737303399382395e-36
0.017978553829998065 7.739524573661335e-36
0.01839775218863974 7.741646779834415e-36
0.01882672481864659 7.743674380230188e-36
0.01926569962258253 7.745611549070507e-36
0.019714909816919448 7.747462280211338e-36
0.020174594055939365 7.749230394598382e-36
0.02064499655852557 7.750919547444903e-36
0.021126367237910063 7.752533235139225e-36
0.021618961834446313 7.754074801889642e-36
0.02212304205147776 7.75554744611421e-36
0.022638875694374342 7.756954226583274e-36
0.0231667368128109 7.758298068322254e-36
0.02370690584636297 7.759581768282326e-36
0.024259669773497434 7.76080800078651e-36
0.024825322264037063 7.761979322758663e-36
0.025404163835180054 7.763098178742651e-36
0.025996502011157406 7.764166905718932e-36
0.026602651486612925 7.765187737725655e-36
0.027222934293792744 7.766162810291232e-36
0.027857679973633073 7.767094164685048e-36
0.02850722575083718 7.767983751993153e-36
0.02917191671303455 7.768833437025131e-36
0.029852105994117403 7.76964500205882e-36
0.030548154961852016 7.770420150428494e-36
0.031260433409864494 7.77116050996298e-36
0.031989319754103004 7.77186763627914e-36
0.0327352012338808 7.772543015936584e-36
0.03349847411760691 7.77318806945862e-36
0.034279543913313774 7.773804154225303e-36
0.03507882558409363 7.774392567243159e-36
0.03589674376855814 7.774954547796763e-36
0.03673373300643846 7.775491279986834e-36
0.037590237969445384 7.776003895159353e-36
0.038466713697512506 7.776493474230714e-36
0.03936362584054766 7.776961049911775e-36
0.04028145090582124 7.777407608836734e-36
0.04122067651112274 7.77783409359946e-36
0.04218180164382002 7.778241404701652e-36
0.043165336925959 7.77863040241632e-36
0.044171804885544536 7.779001908570294e-36
0.04520174023414663 7.779356708248965e-36
0.046255690150979495 7.779695551426651e-36
0.047334214573604344 7.780019154525716e-36
0.048437886495410414 7.780328201907437e-36
0.04956729227003216 7.780623347297487e-36
0.05072303192286451 7.780905215148688e-36
0.051905719469841495 7.781174401944969e-36
0.05311598324364777 7.781431477445741e-36
0.05435446622753626 7.78167698587769e-36
0.05562182639692926 7.781911447072905e-36
0.056918737068984544 7.782135357557059e-36
0.058245887260312136 7.782349191589394e-36
0.05960398205303182 7.782553402156909e-36
0.06099374296936585 7.782748421924392e-36
0.06241590835496589 7.782934664142457e-36
0.06387123377117784 7.783112523515311e-36
0.06536049239645289 7.783282377030054e-36
0.06688447543711816 7.783444584749129e-36
0.06844399254772507 7.783599490567611e-36
0.0700398722611988 7.783747422936833e-36
0.0716729624290174 7.78388869555576e-36
0.07334413067165428 7.78402360803175e-36
0.07505426483952363 7.784152446511688e-36
0.07680427348467332 7.784275484285221e-36
0.07859508634347626 7.78439298236092e-36
0.08042765483057629 7.784505190016874e-36
0.08230295254435131 7.784612345326642e-36
0.08422197578416211 7.784714675661777e-36
0.08618574407966152 7.784812398171905e-36
0.08819530073244539 7.784905720243301e-36
0.09025171337033296 7.784994839937079e-36
0.09235607451457113 7.78507994640769e-36
0.09450950216026408 7.785161220302778e-36
0.09671314037033632 7.785238834145057e-36
0.09896815988334524 7.785312952697237e-36
0.10127575873546546 7.785383733310479e-36
0.10363716289697593 7.785451326257319e-36
0.10605362692358762 7.785515875050119e-36
0.10852643462295801 7.78557751674304e-36
0.11105689973674641 7.785636382224837e-36
0.11364636663857243 7.785692596494213e-36
0.11629621104824843 7.78574627892498e-36
0.1190078407626656 7.785797543518908e-36
0.12178269640372161 7.785846499147209e-36
0.12462225218368743 7.785893249781198e-36
0.1275280166884199 7.785937894712626e-36
0.13050153367883624 7.785980528764088e-36
0.1335443829110759 7.786021242490016e-36
0.13665818097578622 7.786060122368634e-36
0.13984458215697693 7.786097250985287e-36
0.14310527931090045 7.78613270720758e-36
0.14644200476542463 7.786166566352573e-36
0.14985653124037576 7.786198900346553e-36
0.15335067278934078 7.78622977787756e-36
0.1569262857634292 7.786259264541102e-36
0.1605852697975066 7.786287422979288e-36
0.16432956881942368 7.786314313013742e-36
0.16816117208277714 7.786339991772525e-36
0.172082115223751 7.786364513811327e-36
0.1760944813425998 7.786387931229293e-36
0.1802004021103484 7.786410293779518e-36
0.18440205890129596 7.786431648974703e-36
0.18870168395192646 7.786452042187952e-36
0.1931015615468407 7.786471516749104e-36
0.1976040292323402 7.78649011403669e-36
0.20221147905830805 7.786507873565811e-36
0.20692635884904578 7.786524833071989e-36
0.21175117350374192 7.7865410285913e-36
0.2166884863272632 7.786556494536879e-36
0.22174092039197504 7.786571263771983e-36
0.22691115993131514 7.7865853676798e-36
0.23220195176586036 7.786598836230057e-36
0.2376161067626448 7.786611698042671e-36
0.24315650132850383 7.786623980448514e-36
0.24882607893823822 7.786635709547507e-36
0.25462785169840935 7.786646910263999e-36
0.2605649019475973 7.786657606399711e-36
0.26664038389397104 7.786667820684302e-36
0.27285752529104135 7.786677574823639e-36
0.2792196291524867 7.786686889545916e-36
0.2857300755069626 7.786695784645646e-36
0.2923923231938275 7.78670427902576e-36
0.2992099117007387 7.786712390737714e-36
0.3061864630440946 7.786720137019865e-36
0.31332568369332287 7.786727534334067e-36
0.32063136654003577 7.786734598400686e-36
0.3281073929131 7.786741344231915e-36
0.3357577346406907 7.786747786163774e-36
0.343586456160426 7.786753937886467e-36
0.3515977166787018 7.786759812473548e-36
0.359795772380376 7.786765422409631e-36
0.368184978689974 7.786770779616955e-36
0.3767697925856183 7.786775895480699e-36
0.38555477496691104 7.786780780873194e-36
0.394544593078027 7.786785446176993e-36
0.4037440229873054 7.786789901306946e-36
0.4131579521246571 7.786794155731247e-36
0.42279138187813525 7.786798218491606e-36
0.43264943025104924 7.78680209822241e-36
0.4427373345810337 7.786805803169074e-36
0.4530604543225162 7.786809341205598e-36
0.4636242738940635 7.786812719851714e-36
0.47443440559211736 7.786815946287037e-36
0.48549659257266914 7.786819027369095e-36
0.4968167119024568 7.786821969646068e-36
0.5084007776813051 7.786824779371142e-36
0.5202549442372687 7.7868274625158e-36
0.5323855093962742 7.78683002478253e-36
0.5447989178279997 7.786832471616905e-36
0.557501764469769 7.786834808219188e-36
0.5705007980302781 7.786837039555384e-36
0.5838029245750183 7.78683917036778e-36
0.5974152111952977 7.786841205185007e-36
0.6113448897628128 7.786843148331724e-36
0.6255993607717623 7.786845003937698e-36
0.6401861972705483 7.786846775946734e-36
0.6551131488851486 7.786848468124905e-36
0.6703881459363026 7.786850084068644e-36
0.686019303652694 7.786851627212381e-36
0.7020149264823721 7.786853100835777e-36
0.7183835125046995 7.786854508070822e-36
0.7351337579451718 7.786855851908335e-36
0.7522745617955077 7.78685713520444e-36
0.7698150305414633 7.786858360686567e-36
0.7877644830008832 7.786859530959292e-36
0.8061324552745581 7.786860648509861e-36
0.8249287058125218 7.786861715713441e-36
0.8441632205984669 7.78686273483822e-36
0.8638462184550629 7.78686370805018e-36
0.8839881564729563 7.786864637417761e-36
0.9045997355663667 7.78686552491621e-36
0.9256919061582187 7.786866372431718e-36
0.9472758739978306 7.786867181765613e-36
0.9693631061142522 7.786867954638002e-36
0.9919653369084147 7.786868692691492e-36
1.0150945743873274 7.786869397494749e-36
1.0387631065436362 7.786870070545713e-36
1.0629835078839296 7.786870713274847e-36
1.0877686461092637 7.786871327048233e-36
1.1131316889514546 7.786871913170321e-36
1.1390861111687691 7.786872472886818e-36
1.16564570170473 7.786873007387373e-36
1.1928245710138414 7.786873517807961e-36
1.2206371585581264 7.786874005233434e-36
1.2490982404784545 7.786874470699737e-36
1.2782229374447416 7.786874915196173e-36
1.3080267226891875 7.786875339667436e-36
1.3385254302268237 7.786875745015701e-36
1.369735263267732 7.786876132102506e-36
1.4016728028254128 7.786876501750502e-36
1.4343550165258654 7.786876854745347e-36
1.4677992676220706 7.786877191837305e-36
1.5020233242186567 7.786877513742819e-36
1.5370453687116559 7.786877821146042e-36
1.5728840074483612 7.78687811470035e-36
1.6095582806124205 7.78687839502959e-36
1.6470876723394143 7.786878662729635e-36
1.6854921210682972 7.78687891836944e-36
1.7247920301341966 7.786879162492299e-36
1.7650082786082029 7.786879395617087e-36
1.8061622323899016 7.786879618239269e-36
1.848275755558551 7.786879830832047e-36
1.8913712219889245 7.786880033847203e-36
1.935471527238 7.786880227716274e-36
1.9806001007088037 7.786880412851238e-36
2.0267809180978715 7.786880589645606e-36
2.0740385141329463 7.786880758475188e-36
2.1223979956076717 7.786880919698738e-36
2.171885054720213 7.786881073658907e-36
2.222525982722885 7.786881220683012e-36
2.274347683890048 7.786881361083443e-36
2.327377689811681 7.786881495158612e-36
2.3816441740202396 7.786881623193545e-36
2.437175966958554 7.786881745460337e-36
2.4940025712967335 7.786881862218806e-36
2.552154177606206 7.786881973717103e-36
2.611661680399223 7.786882080192311e-36
2.6725566945423505 7.786882181870649e-36
2.7348715720526675 7.786882278968207e-36
2.7986394192855935 7.786882371691362e-36
2.863894114523477 7.786882460237213e-36
2.9306703259742912 7.786882544794082e-36
2.999003530189995 7.786882625541411e-36
3.068930030914351 7.786882702650956e-36
3.1404869783702067 7.786882776286674e-36
3.21371238899649 7.786882846604982e-36
3.2886451656454048 7.786882913755365e-36
3.3653251182505572 7.78688297788049e-36
3.443792984976987 7.786883039116643e-36
3.5240904538643507 7.786883097594101e-36
3.6062601849747473 7.786883153436981e-36
3.6903458330569543 7.786883206764163e-36
3.77639207073912 7.786883257688863e-36
3.8644446122622242 7.786883306319229e-36
3.9545502377669295 7.786883352758829e-36
4.046756818146711 7.786883397106244e-36
4.141113340480481 7.786883439455724e-36
4.237669934058216 7.78688347989726e-36
4.336477897013409 7.786883518516913e-36
4.437589723576497 7.786883555396704e-36
4.541059131963759 7.78688359061496e-36
4.646941092916466 7.786883624246607e-36
4.755291858905486 7.786883656363062e-36
4.866168994016832 7.786883687032676e-36
4.979631404534034 7.786883716320527e-36
5.0957393702336 7.786883744288991e-36
5.214554576410165 7.786883770997455e-36
5.336140146648369 7.786883796502567e-36
5.4605606763588606 7.786883820858655e-36
5.587882267096237 7.786883844117518e-36
5.718172561677172 7.786883866328483e-36
5.851500780117376 7.786883887538861e-36
5.987937756406471 7.786883907793609e-36
6.127555976140354 7.786883927135966e-36
6.270429615030991 7.786883945606833e-36
6.416634578314149 7.786883963245592e-36
6.566248541075969 7.786883980089682e-36
6.719350989519823 7.786883996174922e-36
6.87602326319537 7.786884011535476e-36
7.036348598212252 7.786884026204032e-36
7.200412171461376 7.786884040211853e-36
7.368301145867304 7.786884053588483e-36
7.540104716695753 7.786884066362454e-36
7.715914158940838 7.786884078561037e-36
7.8958228758172275 7.78688409020992e-36
