results/limits/MAQRO_l.dat
# %ECSV 1.0
# ---
# datatype:
# - {name: mx, unit: MeV, datatype: float64}
# - {name: sigma_10, unit: cm2, datatype: float64}
# - {name: sigma_9, unit: cm2, datatype: float64}
# - {name: sigma_7, unit: cm2, datatype: float64}
# - {name: sigma_6, unit: cm2, datatype: float64}
# - {name: sigma_5, unit: cm2, datatype: float64}
# - {name: sigma_4, unit: cm2, datatype: float64}
# - {name: sigma_3, unit: cm2, datatype: float64}
# - {name: sigma_2, unit: cm2, datatype: float64}
# schema: astropy-2.0
mx sigma_10 sigma_9 sigma_7 sigma_6 sigma_5 sigma_4 sigma_3 sigma_2
[from data line 720]
5.0957393702336 5.2764897540434555e-40 7.414372071253307e-40 3.618255569109761e-39 1.3847356491473068e-37 5.451073121724539e-34 5.1159114113745954e-30 7.122442117417551e-27 1.6820280262205868e-26
5.214554576410165 5.171189197815319e-40 7.274937556076888e-40 3.5975513295861647e-39 1.443535749048034e-37 5.834672251645804e-34 5.481969611112052e-30 7.625462795096487e-27 1.79640988323765e-26
5.336140146648369 5.068032544158393e-40 7.138243540711306e-40 3.577744232841826e-39 1.50577059569218e-37 6.245524571406787e-34 5.874221124300928e-30 8.163668036805996e-27 1.918284693251643e-26
5.4605606763588606 4.966975556226403e-40 7.004234991699896e-40 3.5588344628230265e-39 1.5716589715081967e-37 6.685574767641461e-34 6.294539825846189e-30 8.739478668583961e-27 2.048117873647412e-26
5.587882267096237 4.86797491929973e-40 6.872857999441344e-40 3.540822813830098e-39 1.641434411309289e-37 7.156906565621214e-34 6.744933586727923e-30 9.35547671928294e-27 2.1863949710362985e-26
5.718172561677172 4.77098822140812e-40 6.7440597549738726e-40 3.523710706405493e-39 1.7153462194714193e-37 7.661752678287215e-34 7.227553847822586e-30 1.001441510483548e-26 2.3336208934844623e-26
5.851500780117376 4.675973934363166e-40 6.617788527243683e-40 3.5075002043457756e-39 1.7936605582258512e-37 8.202505467424e-34 7.744705877072148e-30 1.0719231212361929e-26 2.49033567122827e-26
5.987937756406471 4.582891395192146e-40 6.493993640847542e-40 3.492194032898154e-39 1.8766616121472755e-37 8.781728367953908e-34 8.298859757906679e-30 1.1473055881178253e-26 2.657102767646056e-26
6.127555976140354 4.491700787964302e-40 6.372625454239744e-40 3.4777955982056845e-39 1.9646528342934006e-37 9.402168129981609e-34 8.892662161527156e-30 1.2279224401693679e-26 2.834516899893457e-26
6.270429615030991 4.402363126001634e-40 6.253635338393374e-40 3.464309008070227e-39 2.0579582798538784e-37 1.0066767937128728e-33 9.528948959122646e-30 1.314129336035187e-26 3.023198836456986e-26
6.416634578314149 4.314840234465557e-40 6.136975655906689e-40 3.4517390941060635e-39 2.1569240335979474e-37 1.0778681463889187e-33 1.0210758732670192e-29 1.406305082888939e-26 3.223802236625854e-26
6.566248541075969 4.2290947333119214e-40 6.022599740544831e-40 3.440091435362469e-39 2.261919737872289e-37 1.1541287939226257e-33 1.0941347248978996e-29 1.504852884445163e-26 3.4370051718420773e-26
6.719350989519823 4.1450900206061556e-40 5.910461877208242e-40 3.429372383498557e-39 2.3733402283963714e-37 1.2358208288444776e-33 1.1724202965906237e-29 1.6102023841802718e-26 3.6635278100020034e-26
6.87602326319537 4.0627902561912e-40 5.80051728231833e-40 3.419589089599113e-39 2.4916072856324938e-37 1.323332243052727e-33 1.2563063642509828e-29 1.722810711088356e-26 3.904121709763869e-26
7.036348598212252 3.982160345700404e-40 5.692722084612062e-40 3.4107495327264065e-39 2.6171715100757704e-37 1.417078781365023e-33 1.3461934132974987e-29 1.843164173152127e-26 4.1595700527712105e-26
7.200412171461376 3.903165924908425e-40 5.58703330633647e-40 3.402862550308919e-39 2.7505143304162358e-37 1.5175059277514979e-33 1.4425105448133317e-29 1.9717803733294054e-26 4.430672556529255e-26
7.368301145867304 3.8257733444126095e-40 5.483408844835155e-40 3.3959378704751005e-39 2.8921501541745047e-37 1.6250910337474813e-33 1.5457175173236536e-29 2.109209282070498e-26 4.718289639925351e-26
7.540104716695753 3.74994965463799e-40 5.381807454518091e-40 3.3899861464470525e-39 3.0426286711062306e-37 1.7403455992237072e-33 1.6563069340564461e-29 2.256035978422591e-26 5.0233087300814784e-26
7.715914158940838 3.675662591159192e-40 5.2821887292069985e-40 3.385018993117438e-39 3.2025373204122525e-37 1.8638177164205316e-33 1.7748065857078143e-29 2.4128817499454722e-26 5.346646890631626e-26
7.8958228758172275 3.602880560332008e-40 5.184513084848404e-40 3.3810490259404007e-39 3.372503933583049e-37 1.9960946889332977e-33 1.9017819600206918e-29 2.5804068097719132e-26 5.689259995609478e-26
8.07992644838296 3.531572625228754e-40 5.088741742586386e-40 3.378089902276937e-39 3.5531995655526443e-37 2.1378058381725037e-33 2.0378389297570408e-29 2.75931200710676e-26 6.052135287260379e-26
8.2683226863193 3.4617084918703027e-40 4.9948367121879016e-40 3.3761563653441424e-39 3.74534152774085e-37 2.289625510718974e-33 2.1836266318434373e-29 2.9503412117953696e-26 6.436297674637778e-26
8.461111679894604 3.393258495748993e-40 4.902760775812906e-40 3.375264290928138e-39 3.949696637528401e-37 2.45227630095463e-33 2.3398405511295538e-29 3.1542834156892315e-26 6.842808151368198e-26
8.658395853139817 3.3261935886358426e-40 4.8124774721222366e-40 3.375430737031312e-39 4.167084699741482e-37 2.6265325043789586e-33 2.5072258233257824e-29 3.371975637415607e-26 7.272778703208405e-26
8.860280018263818 3.2604853256663606e-40 4.7239510807161865e-40 3.3766739966362275e-39 4.398382236824615e-37 2.8132238181239937e-33 2.686580772400593e-29 3.604304309159661e-26 7.727321954042436e-26
9.066871431337571 3.196105852698875e-40 4.637146606896856e-40 3.379013653780927e-39 4.644526485560335e-37 3.013239306362877e-33 2.878760699389102e-29 3.8522094678360234e-26 8.207583468409084e-26
9.278279849276613 3.1330278939395126e-40 4.552029766747231e-40 3.382470643153789e-39 4.9065196794536575e-37 3.2275316495732474e-33 3.084681939768194e-29 4.116685287319416e-26 8.714847294654248e-26
9.494617588152204 3.0712247398283795e-40 4.468566972520806e-40 3.387067313430479e-39 5.185433637249568e-37 3.457121697974015e-33 3.305326209036921e-29 4.3987845340404036e-26 9.250177590735384e-26
9.715999582862075 3.010670235181301e-40 4.386725318334874e-40 3.3928274945907154e-39 5.482414679493372e-37 3.703103350908138e-33 3.541745256273511e-29 4.699621065384164e-26 9.815066960509744e-26
9.942543448192506 2.9513387675815715e-40 4.306472566161321e-40 3.39977656946905e-39 5.7986888965903085e-37 3.966648785502689e-33 3.795065847398927e-29 5.0203707729279055e-26 1.0410501749713748e-25
10.17436954130415 2.8932052560166636e-40 4.2277771321085435e-40 3.407941549811662e-39 6.135567793474781e-37 4.249014059606751e-33 4.066495101904892e-29 5.362276937992811e-26 1.1038131800983462e-25
10.411601025674827 2.8362451397544235e-40 4.1506080729886445e-40 3.417351157129695e-39 6.494454337773206e-37 4.55154511579755e-33 4.357326207219481e-29 5.72665270930073e-26 1.1698963743814258e-25
10.654363936533231 2.7804343674539917e-40 4.074935073163592e-40 3.428035908660099e-39 6.876849440243991e-37 4.87568421516218e-33 4.6689445373672205e-29 6.114882022253956e-26 1.2394666679040387e-25
10.902787247818345 2.7257493865060887e-40 4.000728431664899e-40 3.4400282087665814e-39 7.284358898316065e-37 5.2229768316169924e-33 5.002834204744335e-29 6.528423619499336e-26 1.3126388030044137e-25
11.157002940700098 2.6721671325981744e-40 3.927959049580663e-40 3.45336244613637e-39 7.718700835730069e-37 5.5950790397283934e-33 5.360585075259541e-29 6.968816863123037e-26 1.3895666963865488e-25
11.417146073697703 2.61966501949937e-40 3.856598417704839e-40 3.468075097153545e-39 8.181713673630476e-37 5.993765431357357e-33 5.743900278497642e-29 7.437680989348154e-26 1.4703947458392045e-25
11.683354854432924 2.56822092906085e-40 3.78661860444286e-40 3.484204835856199e-39 8.675364670968403e-37 6.420937598978497e-33 6.154604248322257e-29 7.936715738343091e-26 1.555250219487944e-25
11.955770713056356 2.5178132014267823e-40 3.717992243968495e-40 3.5017926509132984e-39 9.201759074769708e-37 6.87863322623307e-33 6.594651332027147e-29 8.467713901385266e-26 1.6442903785148828e-25
12.234538377385784 2.4684206254515353e-40 3.6506925246266376e-40 3.520881970087953e-39 9.76314992371539e-37 7.36903582917715e-33 7.066135004805907e-29 9.032555971257246e-26 1.737657265373354e-25
12.519805949796487 2.4200224293188262e-40 3.5846931775767634e-40 3.5415187926862523e-39 1.036194855158192e-36 7.894485194797466e-33 7.571297734123638e-29 9.633210762333703e-26 1.835496342708786e-25
12.811724985904382 2.3725982713583916e-40 3.5199684656722103e-40 3.563751830526482e-39 1.1000735840416395e-36 8.457488566699474e-33 8.112541539862418e-29 1.0271748027796189e-25 1.9379552506167016e-25
13.110450575083778 2.326128231056067e-40 3.4564931725702892e-40 3.587632658000838e-39 1.1682274276890541e-36 9.060732631443294e-33 8.692439295826709e-29 1.095033508323199e-25 2.0451732061275145e-25
13.416141422862523 2.2805928002531842e-40 3.39424259206831e-40 3.613215871842554e-39 1.2409520869104895e-36 9.707096362829787e-33 9.313746825758318e-29 1.167123379414289e-25 2.157296067529189e-25
13.72895993523834 2.2359728745312685e-40 3.333192517660944e-40 3.640559261254431e-39 1.3185640985219296e-36 1.0399664785540028e-32 9.979415850693078e-29 1.243681457479935e-25 2.2744740562090526e-25
14.04907230496112 2.192249744778084e-40 3.273319232314213e-40 3.6697239891013705e-39 1.4014023179688961e-36 1.1141743723923192e-32 1.0692607843050631e-28 1.3249552868250532e-25 2.3968563880537706e-25
14.37664859982702 2.1494050889311946e-40 3.2145994984516564e-40 3.700774784919195e-39 1.4898295077602787e-36 1.1936875606438364e-32 1.1456708851503647e-28 1.4112021299925127e-25 2.524561190667334e-25
14.711862853031292 2.1074209638953494e-40 3.1570105481481285e-40 3.733780150545473e-39 1.5842340392682685e-36 1.2788856401297594e-32 1.227534536749211e-28 1.5026913492391086e-25 2.6577357479575025e-25
15.054893155627816 2.066279797629858e-40 3.100530073527087e-40 3.768812579235231e-39 1.6850317159925313e-36 1.3701753764264737e-32 1.3152401296847806e-28 1.599702214314886e-25 2.7965330261025693e-25
15.405921751144481 2.02596438140255e-40 3.0451362173569127e-40 3.805948789185462e-39 1.7926677269681393e-36 1.4679926485355846e-32 1.4092036121586224e-28 1.702525501639441e-25 2.9410809577408826e-25
15.765135132404664 1.986457862206609e-40 2.990807563842243e-40 3.845269972458234e-39 1.90761873961987e-36 1.572804532739283e-32 1.5098704326889594e-28 1.811462766533497e-25 3.0915034698984067e-25
16.132724140606275 1.9477437353369845e-40 2.937523129606303e-40 3.8868620603624663e-39 2.0303951420331822e-36 1.685111535601215e-32 1.6177176183919135e-28 1.9268269006624484e-25 3.247926098242856e-25
16.50888406671095 1.909805837122835e-40 2.885262354860033e-40 3.9308160064293154e-39 2.1615434453275983e-36 1.8054499867855426e-32 1.7332559978391463e-28 2.0489415182058559e-25 3.4104848062828993e-25
16.89381475519735 1.8726283378129893e-40 2.8340050947544244e-40 3.977228088197227e-39 2.3016488575851534e-36 1.9343946031304875e-32 1.8570325786057428e-28 2.1781414538722535e-25 3.579306755818805e-25
17.287720710233557 1.8361957346107467e-40 2.7837316109119506e-40 4.026200229108785e-39 2.4513380416076152e-36 2.072561236230424e-32 1.989633089806133e-28 2.314772236519056e-25 3.7545062220703667e-25
17.690811204325115 1.8004928448553094e-40 2.7344225631336243e-40 4.077840341913743e-39 2.6112820696568007e-36 2.2206098166575534e-32 2.1316847009729167e-28 2.4591899919308186e-25 3.9361831489351783e-25
18.103300389496336 1.7655047993464532e-40 2.6860590012777942e-40 4.1322626950718615e-39 2.7821995892749173e-36 2.3792475088930192e-32 2.283858929056975e-28 2.611761335133004e-25 4.124448438489791e-25
18.52540741106398 1.731217035809528e-40 2.6386223573073123e-40 4.189588303754656e-39 2.9648602152924753e-36 2.5492320920439473e-32 2.446874746500125e-28 2.772863458544634e-25 4.319510887008369e-25
18.957356524063755 1.697615292497736e-40 2.592094437501436e-40 4.249945347158678e-39 3.160088164213604e-36 2.7313755825011e-32 2.621501903753198e-28 2.9428818217951687e-25 4.5212576576263025e-25
19.399377212391464 1.6646856019289227e-40 2.546457414829081e-40 4.313469613964004e-39 3.36876614832841e-36 2.926548115847056e-32 2.808564479871275e-28 3.122213577817624e-25 4.730056726484549e-25
19.85170431072216 1.6324142847538546e-40 2.5016938214800587e-40 4.380304977901146e-39 3.591839548144514e-36 3.135682106563146e-32 3.0089446790259975e-28 3.3112620891968964e-25 4.945739795629556e-25
20.314578129271972 1.600787943753372e-40 2.4577865415510708e-40 4.4506039055283076e-39 3.8303208830613675e-36 3.3597767054093305e-32 3.2235868853997854e-28 3.510441863534733e-25 5.168676459488336e-25
20.788244581469023 1.5697934579615668e-40 2.4147188038831695e-40 4.52452799846894e-39 4.085294601636962e-36 3.599902575772521e-32 3.453501996196436e-28 3.7201720810120164e-25 5.398662448153635e-25
21.272955314601134 1.5394179769124113e-40 2.372474175047575e-40 4.602248572518064e-39 4.357922214325276e-36 3.8572070118021276e-32 3.6997720524670704e-28 3.9408823577394987e-25 5.63609944986695e-25
21.76896784350983 1.5096489150071619e-40 2.331036552476785e-40 4.683947276195011e-39 4.649447793199916e-36 4.132919422782044e-32 3.9635551832097497e-28 4.173005044210326e-25 5.880749379996139e-25
22.27654568740161 1.4804739460000335e-40 2.290390157737907e-40 4.769816751501152e-39 4.961203864934383e-36 4.428357209937412e-32 4.246090886198816e-28 4.416981751685528e-25 6.133002300790496e-25
22.79595850984919 1.451880997599583e-40 2.2505195299453846e-40 4.860061339834541e-39 5.2946177251889106e-36 4.74493206374708e-32 4.548705667880822e-28 4.673255457650145e-25 6.392686789106891e-25
23.327482262057103 1.423858246183482e-40 2.2114095193100542e-40 4.9548978362195456e-39 5.65121820456899e-36 5.084156711839297e-32 4.8728190650803305e-28 4.942275592146941e-25 6.660040241894793e-25
23.871399329467756 1.3963941116240704e-40 2.1730452808218527e-40 5.054556295230474e-39 6.032642918478582e-36 5.447652149698165e-32 5.219950070848813e-28 5.224493564999089e-25 6.9351578084270035e-25
24.427998681785848 1.3694772522226312e-40 2.1354122680633448e-40 5.159280892222982e-39 6.440646035504825e-36 5.83715538871218e-32 5.591723992414301e-28 5.520361375953101e-25 7.217907459016058e-25
24.997576026500827 1.3430965597498165e-40 2.098496227151373e-40 5.269330843739069e-39 6.877106601448971e-36 6.254527758564916e-32 5.98987977448665e-28 5.830334704768077e-25 7.508573967924196e-25
25.580433965988984 1.3172411545901595e-40 2.0622831908041687e-40 5.384981391219352e-39 7.344037458774855e-36 6.70176380360989e-32 6.416277804278657e-28 6.154867543868149e-25 7.807186395946931e-25
26.176882158278623 1.2919003809884102e-40 2.0267594725313562e-40 5.506524852442854e-39 7.843594804092062e-36 7.181000815707304e-32 6.872908239571522e-28 6.49441277268834e-25 8.113768828998191e-25
26.787237481563718 1.2670638023955684e-40 1.9919116609442842e-40 5.63427174542037e-39 8.378088429341055e-36 7.694529049034389e-32 7.3618998914853825e-28 6.849421721305878e-25 8.428423037666863e-25
27.411824202553472 1.2427211969124585e-40 1.9577266141842165e-40 5.7685519897937054e-39 8.949992695615624e-36 8.244802665632149e-32 7.885529693499556e-28 7.220342497302261e-25 8.751233218214492e-25
28.050974148747212 1.2188625528288727e-40 1.9241914544659207e-40 5.909716191141468e-39 9.56195829206086e-36 8.83445146393571e-32 8.446232790355692e-28 7.607619228825485e-25 9.08230266803023e-25
28.705026884726152 1.195478064256171e-40 1.8912935627343363e-40 6.058137013963676e-39 1.0216824836037023e-35 9.466293446268364e-32 9.046613292107344e-28 8.011691234547772e-25 9.421773696107206e-25
29.374329892555654 1.172558126851437e-40 1.859020573431897e-40 6.21421064951454e-39 1.0917634374763072e-35 1.0143348285277024e-31 9.689455733754443e-28 8.432988698119046e-25 9.769422747315682e-25
30.05923875639388 1.1500933336312398e-40 1.8273603693743056e-40 6.378358385076112e-39 1.166764585296159e-35 1.0868851753568965e-31 1.0377737269297783e-27 8.871940069304623e-25 1.0125648527268923e-24
30.760117351404876 1.128074470873077e-40 1.7963010767325325e-40 6.551028281718221e-39 1.247035061564712e-35 1.1646271185402296e-31 1.1114640663017989e-27 9.328963716500625e-25 1.0490583913559872e-24
31.477338037076432 1.1064925141026965e-40 1.7658310601187461e-40 6.732696968072531e-39 1.332948902014819e-35 1.2479322044195456e-31 1.1903568117159523e-27 9.804465978201024e-25 1.0863987160532591e-24
