results/limits/MAQRO_f_6.dat
# %ECSV 1.0
# ---
# datatype:
# - {name: mx, unit: MeV, datatype: float64}
# - {name: sigma_6, unit: cm2, datatype: float64}
# schema: astropy-2.0
mx sigma_6
3.162277660168379e-07 9.751702108058859e-33
3.2360111549336787e-07 9.388748770500141e-33
3.311463862505236e-07 9.02600833957815e-33
3.388675869043115e-07 8.670030185992786e-33
3.4676881953794695e-07 8.326249562312138e-33
3.548542818811901e-07 7.998922246778725e-33
3.6312826954049566e-07 7.691170846707652e-33
3.715951782811629e-07 7.405104077885619e-33
3.8025950636269697e-07 7.141974233742412e-33
3.89125856928623e-07 6.902345892718865e-33
3.9819894045202297e-07 6.68625759387787e-33
4.0748357723809307e-07 6.49336587681352e-33
4.169846999850535e-07 6.323066940875628e-33
4.2670735640476865e-07 6.174595152298881e-33
4.3665671190447213e-07 6.047100005241905e-33
4.4683805233101997e-07 5.9397043349677586e-33
4.572567867791303e-07 5.851546981773202e-33
4.6791845046510194e-07 5.781813028773248e-33
4.788287076675383e-07 5.729754411885823e-33
4.899933547366384e-07 5.609640214881514e-33
5.014183231736547e-07 5.476473053502451e-33
5.131096827821533e-07 5.349450266974053e-33
5.250736448927506e-07 5.2268736882723226e-33
5.373165656630395e-07 5.107430229378166e-33
5.4984494945446e-07 4.9901886052199995e-33
5.626654522879044e-07 4.8745837711662686e-33
5.757848853798981e-07 4.760387604215716e-33
5.892102187612295e-07 4.6476665258959916e-33
6.029485849799565e-07 4.536728764324648e-33
6.17007282890752e-07 4.42806540436391e-33
6.313937815326057e-07 4.322290037690775e-33
6.461157240969403e-07 4.220081655965538e-33
6.611809319882495e-07 4.122134575762348e-33
6.765974089794179e-07 4.029117912261663e-33
6.923733454639272e-07 3.941645731785001e-33
7.085171228072106e-07 3.860257766635106e-33
7.250373177994646e-07 3.785409632091422e-33
7.419427072122865e-07 3.717470905687386e-33
7.592422724615558e-07 3.656729191292459e-33
7.769452043790388e-07 3.5849421717585426e-33
7.950609080952509e-07 3.486851767688695e-33
8.135990080361694e-07 3.393466721082401e-33
8.325693530364543e-07 3.3044015269901534e-33
8.519820215718901e-07 3.219337427014661e-33
8.718473271138315e-07 3.1380277720229474e-33
8.921758236084957e-07 3.0602992564391398e-33
9.12978311084014e-07 2.9860491356636446e-33
9.342658413882192e-07 2.915238919875499e-33
9.560497240602198e-07 2.8478853309977787e-33
9.78341532338879e-07 2.7840494879671663e-33
1.0011531093113902e-06 2.7238253375228996e-33
1.0244965742052174e-06 2.6673282814366415e-33
1.048384328826741e-06 2.614684791321543e-33
1.0728290641500308e-06 2.566023584497622e-33
1.0978437670592484e-06 2.521468697157159e-33
1.1234417272482566e-06 2.4623891030403658e-33
1.149636544281106e-06 2.3977361444516156e-33
1.1764421348171486e-06 2.3359486764370177e-33
1.2038727400046132e-06 2.2769258436103904e-33
1.2319429330465773e-06 2.2206000664804062e-33
1.2606676269433496e-06 2.1669340487701094e-33
1.2900620824153782e-06 2.1159172346707367e-33
1.3201419160108953e-06 2.067561749224002e-33
1.3509231084026028e-06 2.021897971704394e-33
1.38242201287781e-06 1.9789699661531597e-33
1.4146553640265304e-06 1.9388310227980755e-33
1.447640286632156e-06 1.9015395532930987e-33
1.4813943047694329e-06 1.8639002882088985e-33
1.5159353511145682e-06 1.8157367263114923e-33
1.5512817764724183e-06 1.76976826457077e-33
1.587452359525819e-06 1.725936299686732e-33
1.6244663168122348e-06 1.684205284091541e-33
1.6623433129330315e-06 1.64455954186077e-33
1.7011034710007933e-06 1.606999990430133e-33
1.740767383330235e-06 1.57154083215677e-33
1.7813561223783898e-06 1.53820631447813e-33
1.8228912519398869e-06 1.5070276734253493e-33
1.8653948386032614e-06 1.4770614362865505e-33
1.908889463474389e-06 1.4396468408782663e-33
1.9533982341732686e-06 1.4039927110527819e-33
1.9989447971105317e-06 1.3700663122814185e-33
2.045553350050195e-06 1.3378506985489475e-33
2.0932486549653353e-06 1.307342088294155e-33
2.1420560511935146e-06 1.278547268107296e-33
2.192001468898943e-06 1.2514810894494711e-33
2.2431114428485372e-06 1.226164133258426e-33
2.2954131265091837e-06 1.1962460102202874e-33
2.3489343064737076e-06 1.167137851814579e-33
2.403703417223201e-06 1.1394883045997214e-33
2.4597495562335635e-06 1.1132887076809407e-33
2.5171024994342686e-06 1.0885398583459438e-33
2.575792717027583e-06 1.0652499301901808e-33
2.635851389676631e-06 1.0419268804597426e-33
2.6973104250709106e-06 1.0166864781492533e-33
2.760202474878063e-06 9.927243197043751e-34
2.8245609520908932e-06 9.700328505296385e-34
2.8904200487788716e-06 9.486124443789695e-34
2.9578147542535346e-06 9.282001595056704e-34
3.026780873657441e-06 9.059596968015464e-34
3.097355046986562e-06 8.848679425256673e-34
3.1695747685562034e-06 8.649202726042813e-34
3.2434784069208122e-06 8.46061512979404e-34
3.319105225258239e-06 8.260834010992677e-34
3.3964954022292982e-06 8.07163682180266e-34
3.4756900533236943e-06 7.892172285693533e-34
3.5567312527036693e-06 7.70900857954117e-34
3.6396620555569646e-06 7.534704506610205e-34
3.7245265209709786e-06 7.362593827934152e-34
3.811369735340273e-06 7.195465334135527e-34
3.900237836319859e-06 7.0303639883862174e-34
3.991178037336996e-06 6.87183944495738e-34
4.0842386526745176e-06 6.712996307488674e-34
4.179469123139017e-06 6.562884251198707e-34
4.2769200423275275e-06 6.411235620789778e-34
4.376643183506652e-06 6.264401976279923e-34
4.478691527118417e-06 6.125769737307324e-34
4.583119288927478e-06 5.982896071039897e-34
4.689981948824612e-06 5.845691212132372e-34
4.799336280301815e-06 5.716131010689966e-34
4.911240380614659e-06 5.583862367929763e-34
5.0257537016479225e-06 5.455060342987299e-34
5.142937081500915e-06 5.33336060214517e-34
5.262852776809252e-06 5.211699817103519e-34
5.385564495820272e-06 5.0908339759707455e-34
5.511137432239651e-06 4.976569712894457e-34
5.639638299867211e-06 4.863963734802774e-34
5.771135368040315e-06 4.751082944373705e-34
5.905698497903673e-06 4.644359843344538e-34
6.043399179524854e-06 4.538635896011807e-34
6.184310569875183e-06 4.434101276537842e-34
6.32850753169624e-06 4.335345028358327e-34
6.47606667327258e-06 4.234790761676216e-34
6.627066389131828e-06 4.139099351249147e-34
6.781586901693754e-06 4.0443827831653025e-34
6.939710303890459e-06 3.952879449591253e-34
7.101520602780329e-06 3.862350379060487e-34
7.267103764178904e-06 3.7745648689382514e-34
7.436547758330399e-06 3.6887213295074786e-34
7.609942606644117e-06 3.6046530277512207e-34
7.787380429520604e-06 3.522509818304566e-34
7.968955495292936e-06 3.44257843928845e-34
8.15476427030917e-06 3.3641851791021e-34
8.344905470182516e-06 3.287294143890942e-34
8.539480112236516e-06 3.2132850384961583e-34
8.738591569173047e-06 3.139294664354924e-34
8.942345623991688e-06 3.068641334009325e-34
9.150850526189614e-06 2.9980724628468007e-34
9.364217049271877e-06 2.930308316767985e-34
9.58255854960264e-06 2.8633236071192935e-34
9.805991026628606e-06 2.7982183670124356e-34
1.0034633184506672e-05 2.73488826472646e-34
1.0268606495168497e-05 2.6722996737628514e-34
1.0508035262855554e-05 2.61158334227811e-34
1.07530466901589e-05 2.5522563321783118e-34
1.1003770945598772e-05 2.4941929313919453e-34
1.1260341232779899e-05 2.4375306539868583e-34
1.1522893861159297e-05 2.382021009289019e-34
1.1791568318464117e-05 2.3278344946178238e-34
1.206650734479802e-05 2.274904844863979e-34
1.2347857008475478e-05 2.22328625040309e-34
1.263576678362426e-05 2.1729621555962307e-34
1.293038962959737e-05 2.123337379203816e-34
1.3231882072236462e-05 2.07501561548843e-34
1.3540404287030327e-05 2.027920198488961e-34
1.3856120184212054e-05 1.9819162200549724e-34
1.4179197495840522e-05 1.9369025039246416e-34
1.4509807864912299e-05 1.8928756495865469e-34
1.484812693655133e-05 1.8499140864369193e-34
1.5194334451324849e-05 1.8079076078715457e-34
1.5548614340735104e-05 1.766848926301542e-34
1.5911154824937624e-05 1.726768193036302e-34
1.6282148512737936e-05 1.6875910368033435e-34
1.6661792503919872e-05 1.6492986856222033e-34
1.7050288493959805e-05 1.6118877768791047e-34
1.7447842881182494e-05 1.5753530739570272e-34
1.785466687641539e-05 1.5396713530726025e-34
1.8270976615199758e-05 1.5047128439040483e-34
1.869699327261814e-05 1.470625387051089e-34
1.91329431807992e-05 1.4373098033932285e-34
1.957905794916243e-05 1.4047557427763052e-34
2.003557458746648e-05 1.3729409245774134e-34
2.0502735631726606e-05 1.3418657095201514e-34
2.0980789273068064e-05 1.3114979533725737e-34
2.1469989489583918e-05 1.2818260790193087e-34
2.1970596181267336e-05 1.2528444095685262e-34
2.2482875308090033e-05 1.2245184003291937e-34
2.3007099031300245e-05 1.1968428564082787e-34
2.354354585801526e-05 1.1698055905182484e-34
2.4092500789185385e-05 1.1433947686136163e-34
2.4654255471007912e-05 1.1175839669322306e-34
2.5229108349871537e-05 1.0923691812300673e-34
2.5817364830913554e-05 1.0677425045450327e-34
2.641933744027406e-05 1.0436740276630645e-34
2.7035345991133382e-05 1.020160708300799e-34
2.7665717753620915e-05 9.971922311912286e-35
2.8310787628685666e-05 9.74753843665009e-35
2.8970898326020842e-05 9.528264587049775e-35
2.964640054613707e-05 9.314129087423861e-35
3.033765316668089e-05 9.104887344912567e-35
3.104502343309761e-05 8.900461913312983e-35
3.176888715373972e-05 8.700837237556247e-35
3.25096288995246e-05 8.505826565375418e-35
3.326764220824756e-05 8.315368637847803e-35
3.4043329793658724e-05 8.129271665208841e-35
3.483710375941493e-05 7.94749136352712e-35
3.5649385818020195e-05 7.7699277699146e-35
3.648060751487119e-05 7.596526002416181e-35
3.73312104575266e-05 7.427119925042279e-35
3.820164655032238e-05 7.261674989424681e-35
3.90923782344573e-05 7.100089195747818e-35
4.0003878733676586e-05 6.942284527739652e-35
4.093663230568398e-05 6.788145377102919e-35
4.1891134499415887e-05 6.637634303981274e-35
4.2867892418314344e-05 6.490625380394169e-35
4.386742498973848e-05 6.347069593142132e-35
4.489026324065786e-05 6.206896583936265e-35
4.5936950579773975e-05 6.070010816310587e-35
4.700804308621986e-05 5.936348309313754e-35
4.8104109804991236e-05 5.805842596875701e-35
4.922573304926602e-05 5.678415547060715e-35
5.0373508709772956e-05 5.554012380404065e-35
5.154804657137365e-05 5.432553968155573e-35
5.27499706370262e-05 5.313970664240436e-35
5.397991945930254e-05 5.198218930096435e-35
5.5238546479635675e-05 5.085221763960966e-35
5.6526520375476976e-05 4.974925482933872e-35
5.784452541554797e-05 4.86727062870993e-35
5.9193261823375433e-05 4.762199433077344e-35
6.057344614930286e-05 4.659649407764116e-35
6.198581165117595e-05 4.5595795323156427e-35
6.34311086839044e-05 4.4619228170137146e-35
6.491010509810695e-05 4.366629519465077e-35
6.642358664805138e-05 4.273661765703698e-35
6.797235740910648e-05 4.182960764377244e-35
6.955724020492732e-05 4.094473523732582e-35
7.117907704460117e-05 4.0081569095752363e-35
7.283872956998614e-05 3.9239674083520224e-35
7.453707951348025e-05 3.841854074719599e-35
7.627502916646401e-05 3.7617778201569867e-35
7.805350185866558e-05 3.683694254448859e-35
7.987344244870308e-05 3.607556326295812e-35
8.173581782606456e-05 3.533336395515023e-35
8.364161742479263e-05 3.460983951988893e-35
8.559185374914618e-05 3.390461279193211e-35
8.758756291151902e-05 3.3217320718324133e-35
8.96298051829007e-05 3.2547586151093384e-35
9.17196655561724e-05 3.189505513123523e-35
9.385825432253677e-05 3.125936886026943e-35
9.604670766138824e-05 3.0640190383305353e-35
9.828618824393714e-05 3.0037176308583707e-35
0.00010057788585090809 2.9449998439241225e-35
0.00010292301800464121 2.8878344970494133e-35
0.00010532283061593165 2.832189833967689e-35
0.00010777859864595113 2.7780357366594257e-35
0.00011029162678360347 2.7253424677419605e-35
0.00011286325013867351 2.674081573937737e-35
0.00011549483495113791 2.6242244190039066e-35
0.00011818777931701482 2.575742184038624e-35
0.0001209435139311377 2.528611465446471e-35
0.00012376350284724815 2.482802237422219e-35
0.00012664924425581149 2.438292284914496e-35
0.00012960227127996844 2.395054436071827e-35
0.00013262415279004548 2.353065021994376e-35
0.00013571649423705693 2.3123006867280137e-35
0.0001388809385056415 2.2727380505970685e-35
0.00014211916678688624 2.2343544344689687e-35
0.00014543289947150178 2.1971282987700004e-35
0.0001488238970638237 2.1610378061913758e-35
0.00015229396111712465 2.1260620085319923e-35
0.00015584493519073535 2.0921809215371934e-35
0.00015947870582948208 2.0593739870392859e-35
0.00016319720356596128 2.0276223309398668e-35
0.00016700240394618395 1.9969069466618213e-35
0.00017089632857913436 1.9672088369023536e-35
0.000174881046210801 1.9385104798515372e-35
0.00017895867382325032 1.9107937791902015e-35
0.0001831313777593269 1.8840417395007834e-35
0.00018740137487357792 1.858237287730808e-35
0.00019177093371001327 1.8333646366999959e-35
0.000196242375707327 1.8094070653815944e-35
0.00020081807643222024 1.786349110393343e-35
0.00020550046684148122 1.7641754318364787e-35
0.0002102920345734925 1.7428710188760803e-35
0.0002151953252698519 1.7224211892791385e-35
0.00022021294392780895 1.7028115811979463e-35
0.00022534755628423554 1.6840281259876832e-35
0.0002306018902318662 1.6660570164593472e-35
0.00023597873726856003 1.6488847368025519e-35
0.0002414809539803547 1.6324980301661225e-35
0.0002471114635590999 1.6168838374522825e-35
0.00025287325735547713 1.602029384720006e-35
0.00025876939646823026 1.5879218080031023e-35
0.00026480301337045197 1.574549331598681e-35
0.000270977313573789 1.5618990581194405e-35
0.00027729557733145163 1.5499590951086795e-35
0.00028376116138093086 1.538717430049519e-35
0.0002903775007273506 1.5281622299197037e-35
0.00029714811046840066 1.5182815996038878e-35
0.00030407658766182135 1.5090638963204745e-35
0.00031116661323643183 1.500497490475439e-35
0.0003184219539477161 1.4925705026658574e-35
0.00032584646437900766 1.4852712896210197e-35
0.00033344408898933415 1.478588088319334e-35
0.0003412188642090111 1.472509035114812e-35
0.0003491749205840977 1.4670222426208163e-35
0.0003573164849708539 1.4621155489381086e-35
0.0003656478827813646 1.4577767087166652e-35
0.0003741735402815245 1.453993248803396e-35
0.0003828979869426037 1.4507524299095388e-35
0.000391825857847644 1.4480412467590126e-35
0.000400961896153964 1.4458463647292493e-35
0.0004103109556130814 1.4441540905553354e-35
0.0004198780031493915 1.4429503246954484e-35
0.00042966812149897106 1.4422205307861456e-35
0.000439686511909911 1.441949691333626e-35
0.0004499384969056106 1.4421222612997514e-35
0.00046042952311250296 1.442722122582525e-35
0.0004711651641537129 1.4437326126820743e-35
0.00048215112361018567 1.4451363414473108e-35
0.0004933932380508582 1.446915300216413e-35
0.0005048974801334842 1.4490507518527318e-35
0.0005166699617777604 1.451523220497723e-35
0.0005287169374124361 1.4543124489408693e-35
0.0005410448072981404 1.45739738254588e-35
0.0005536601209276797 1.4607561511855919e-35
0.0005665695805056229 1.4643660327297984e-35
0.0005797800445090163 1.468203459410027e-35
0.0005932985313311235 1.4722440046664568e-35
0.000607132223010125 1.4764623841315946e-35
0.0006212884690447563 1.480832454725056e-35
0.0006357747902989163 1.4853272662956198e-35
0.0006505988829973161 1.4899190122766417e-35
0.0006657686228142928 1.4945791369004071e-35
0.0006812920690579615 1.499278322536937e-35
0.0006971774689519261 1.5039866231954643e-35
0.0007134332620168255 1.508673374606891e-35
0.0007300680845540431 1.513307437010905e-35
0.0007470907742339592 1.5178571520333173e-35
0.0007645103747911887 1.5222905033083038e-35
0.0007823361408292924 1.526575216737759e-35
0.00080057754273752 1.530678806477815e-35
0.0008192442717221943 1.5345687826285923e-35
0.0008383462449554094 1.5382127369353472e-35
0.0008578936108437789 1.5415784897372326e-35
0.0008778967544200344 1.5446342402886916e-35
0.000898366302860337 1.5473487165978683e-35
0.0009193131311302326 1.549691334295485e-35
0.0009407483677622533 1.5516323525630244e-35
0.000962683400768232 1.553143046807091e-35
0.000985129883689471 1.554195857629449e-35
0.0010080997417879817 1.5547645665801551e-35
0.0010316051783820807 1.554824435268711e-35
0.0010556586813297128 1.5543523671576848e-35
0.0010802730296629402 1.553327070955188e-35
0.001105461300377127 1.5517291406825017e-35
0.0011312368753784248 1.5495412334655058e-35
0.0011576134485932472 1.546748153099339e-35
0.0011846050332435167 1.5433369544635736e-35
