results/limits/MAQRO_f_6.dat
# %ECSV 1.0
# ---
# datatype:
# - {name: mx, unit: MeV, datatype: float64}
# - {name: sigma_6, unit: cm2, datatype: float64}
# schema: astropy-2.0
mx sigma_6
3.162277660168379e-07 9.873416416086095e-33
3.2360111549336787e-07 9.505932934575317e-33
3.311463862505236e-07 9.138665017061348e-33
3.388675869043115e-07 8.778243779165539e-33
3.4676881953794695e-07 8.43017231269039e-33
3.548542818811901e-07 8.098759513692959e-33
3.6312826954049566e-07 7.787166963811418e-33
3.715951782811629e-07 7.497529698430844e-33
3.8025950636269697e-07 7.231115641280892e-33
3.89125856928623e-07 6.98849641749778e-33
3.9819894045202297e-07 6.769711047163545e-33
4.0748357723809307e-07 6.574411783026233e-33
4.169846999850535e-07 6.40198728819454e-33
4.2670735640476865e-07 6.251662372767943e-33
4.3665671190447213e-07 6.122575915452624e-33
4.4683805233101997e-07 6.013839803320459e-33
4.572567867791303e-07 5.924582128241306e-33
4.6791845046510194e-07 5.8539778020755865e-33
4.788287076675383e-07 5.8012694238991975e-33
4.899933547366384e-07 5.6796560407824937e-33
5.014183231736547e-07 5.544826774806756e-33
5.131096827821533e-07 5.416218573712299e-33
5.250736448927506e-07 5.2921120750753895e-33
5.373165656630395e-07 5.1711778017791335e-33
5.4984494945446e-07 5.0524728450664794e-33
5.626654522879044e-07 4.935425107791798e-33
5.757848853798981e-07 4.819803619673134e-33
5.892102187612295e-07 4.7056756312677905e-33
6.029485849799565e-07 4.5933532177932094e-33
6.17007282890752e-07 4.4833335935086646e-33
6.313937815326057e-07 4.3762380085374034e-33
6.461157240969403e-07 4.272753929265376e-33
6.611809319882495e-07 4.173584338267853e-33
6.765974089794179e-07 4.0794067021792514e-33
6.923733454639272e-07 3.990842751691531e-33
7.085171228072106e-07 3.90843895568973e-33
7.250373177994646e-07 3.832656616142431e-33
7.419427072122865e-07 3.763869923405862e-33
7.592422724615558e-07 3.70237007103112e-33
7.769452043790388e-07 3.629687053310314e-33
7.950609080952509e-07 3.530372349572247e-33
8.135990080361694e-07 3.435821732463304e-33
8.325693530364543e-07 3.345644885415692e-33
8.519820215718901e-07 3.2595190715002385e-33
8.718473271138315e-07 3.177194563072315e-33
8.921758236084957e-07 3.098495891470263e-33
9.12978311084014e-07 3.0233190297042215e-33
9.342658413882192e-07 2.9516250075486947e-33
9.560497240602198e-07 2.8834307556387608e-33
9.78341532338879e-07 2.818798155757323e-33
1.0011531093113902e-06 2.7578223272247984e-33
1.0244965742052174e-06 2.700620112181578e-33
1.048384328826741e-06 2.647319560776e-33
1.0728290641500308e-06 2.5980509968926944e-33
1.0978437670592484e-06 2.5529400048618106e-33
1.1234417272482566e-06 2.493123018253248e-33
1.149636544281106e-06 2.4276631041167025e-33
1.1764421348171486e-06 2.365104445715974e-33
1.2038727400046132e-06 2.3053449288545293e-33
1.2319429330465773e-06 2.248316130558444e-33
1.2606676269433496e-06 2.193980289043257e-33
1.2900620824153782e-06 2.1423267167495655e-33
1.3201419160108953e-06 2.093367690055851e-33
1.3509231084026028e-06 2.0471339674106512e-33
1.38242201287781e-06 2.0036701628334866e-33
1.4146553640265304e-06 1.9630302316855777e-33
1.447640286632156e-06 1.9252733146765835e-33
1.4813943047694329e-06 1.8871642611335466e-33
1.5159353511145682e-06 1.8383995534522037e-33
1.5512817764724183e-06 1.791857343718582e-33
1.587452359525819e-06 1.7474782971849797e-33
1.6244663168122348e-06 1.705226422602285e-33
1.6623433129330315e-06 1.6650858483895302e-33
1.7011034710007933e-06 1.6270575034332568e-33
1.740767383330235e-06 1.5911557673550508e-33
1.7813561223783898e-06 1.5574051902328674e-33
1.8228912519398869e-06 1.5258373979653637e-33
1.8653948386032614e-06 1.4954971420371154e-33
1.908889463474389e-06 1.4576155623485718e-33
1.9533982341732686e-06 1.4215164212120426e-33
1.9989447971105317e-06 1.387166575528073e-33
2.045553350050195e-06 1.354548867772459e-33
2.0932486549653353e-06 1.3236594691850362e-33
2.1420560511935146e-06 1.2945052510617993e-33
2.192001468898943e-06 1.2671012502299808e-33
2.2431114428485372e-06 1.2414683045050058e-33
2.2954131265091837e-06 1.2111767632058594e-33
2.3489343064737076e-06 1.1817052959829783e-33
2.403703417223201e-06 1.153710645372915e-33
2.4597495562335635e-06 1.1271840423813253e-33
2.5171024994342686e-06 1.1021262942471338e-33
2.575792717027583e-06 1.0785456765832142e-33
2.635851389676631e-06 1.0549315239429898e-33
2.6973104250709106e-06 1.02937608759357e-33
2.760202474878063e-06 1.0051148493058457e-33
2.8245609520908932e-06 9.821401601928753e-34
2.8904200487788716e-06 9.604523986735328e-34
2.9578147542535346e-06 9.39785341135823e-34
3.026780873657441e-06 9.172672876584941e-34
3.097355046986562e-06 8.9591228002968e-34
3.1695747685562034e-06 8.757156364609932e-34
3.2434784069208122e-06 8.566214942482806e-34
3.319105225258239e-06 8.363940287644108e-34
3.3964954022292982e-06 8.172381664039072e-34
3.4756900533236943e-06 7.990677170065572e-34
3.5567312527036693e-06 7.805227335450405e-34
3.6396620555569646e-06 7.628747714149725e-34
3.7245265209709786e-06 7.454488863603058e-34
3.811369735340273e-06 7.285274382276417e-34
3.900237836319859e-06 7.118112350522801e-34
3.991178037336996e-06 6.9576092083944775e-34
4.0842386526745176e-06 6.7967834957458045e-34
4.179469123139017e-06 6.64479783986723e-34
4.2769200423275275e-06 6.491256431365926e-34
4.376643183506652e-06 6.342590106239026e-34
4.478691527118417e-06 6.202227551179058e-34
4.583119288927478e-06 6.0575706301287885e-34
4.689981948824612e-06 5.9186532707495654e-34
4.799336280301815e-06 5.787475984403241e-34
4.911240380614659e-06 5.653556451762599e-34
5.0257537016479225e-06 5.5231468049747715e-34
5.142937081500915e-06 5.399928088308778e-34
5.262852776809252e-06 5.276748813663845e-34
5.385564495820272e-06 5.154374404892869e-34
5.511137432239651e-06 5.0386839707175785e-34
5.639638299867211e-06 4.924672519145339e-34
5.771135368040315e-06 4.810382825209542e-34
5.905698497903673e-06 4.7023276768876695e-34
6.043399179524854e-06 4.595284153039074e-34
6.184310569875183e-06 4.48944480145443e-34
6.32850753169624e-06 4.3894559429800804e-34
6.47606667327258e-06 4.2876466243231705e-34
6.627066389131828e-06 4.19076085688281e-34
6.781586901693754e-06 4.09486209912425e-34
6.939710303890459e-06 4.002216681347387e-34
7.101520602780329e-06 3.9105576867219445e-34
7.267103764178904e-06 3.8216764958148635e-34
7.436547758330399e-06 3.7347615139954037e-34
7.609942606644117e-06 3.64964392719517e-34
7.787380429520604e-06 3.5664754604358786e-34
7.968955495292936e-06 3.485546430714399e-34
8.15476427030917e-06 3.4061747176065124e-34
8.344905470182516e-06 3.328323979254249e-34
8.539480112236516e-06 3.2533911410637935e-34
8.738591569173047e-06 3.178477267918029e-34
8.942345623991688e-06 3.1069420893455716e-34
9.150850526189614e-06 3.035492424119956e-34
9.364217049271877e-06 2.966882490704977e-34
9.58255854960264e-06 2.8990617221310895e-34
9.805991026628606e-06 2.833143881397105e-34
1.0034633184506672e-05 2.769023334582408e-34
1.0268606495168497e-05 2.7056535541448884e-34
1.0508035262855554e-05 2.6441794014930598e-34
1.07530466901589e-05 2.5841119108185263e-34
1.1003770945598772e-05 2.5253238009946913e-34
1.1260341232779899e-05 2.467954302449213e-34
1.1522893861159297e-05 2.4117518230115134e-34
1.1791568318464117e-05 2.3568889880359726e-34
1.206650734479802e-05 2.303298705335948e-34
1.2347857008475478e-05 2.2510358416555395e-34
1.263576678362426e-05 2.2000836347192655e-34
1.293038962959737e-05 2.1498394746282223e-34
1.3231882072236462e-05 2.1009145905582464e-34
1.3540404287030327e-05 2.053231359654309e-34
1.3856120184212054e-05 2.0066531899315028e-34
1.4179197495840522e-05 1.9610776423126964e-34
1.4509807864912299e-05 1.9165012738435307e-34
1.484812693655133e-05 1.8730034928241832e-34
1.5194334451324849e-05 1.8304727171243612e-34
1.5548614340735104e-05 1.7889015681963087e-34
1.5911154824937624e-05 1.7483205736781562e-34
1.6282148512737936e-05 1.7086544340442973e-34
1.6661792503919872e-05 1.6698841430147996e-34
1.7050288493959805e-05 1.6320062960059626e-34
1.7447842881182494e-05 1.5950155910407685e-34
1.785466687641539e-05 1.558888514471916e-34
1.8270976615199758e-05 1.523493676270136e-34
1.869699327261814e-05 1.4889807622839202e-34
1.91329431807992e-05 1.4552493555044644e-34
1.957905794916243e-05 1.4222889765938157e-34
2.003557458746648e-05 1.3900770668370416e-34
2.0502735631726606e-05 1.358613991460055e-34
2.0980789273068064e-05 1.327867205027827e-34
2.1469989489583918e-05 1.2978249859270746e-34
2.1970596181267336e-05 1.2684815864107522e-34
2.2482875308090033e-05 1.2398020306237987e-34
2.3007099031300245e-05 1.211781058833955e-34
2.354354585801526e-05 1.184406331640012e-34
2.4092500789185385e-05 1.1576658672917394e-34
2.4654255471007912e-05 1.1315329122230304e-34
2.5229108349871537e-05 1.1060034122115304e-34
2.5817364830913554e-05 1.0810693616056648e-34
2.641933744027406e-05 1.0567004778843067e-34
2.7035345991133382e-05 1.0328936807923186e-34
2.7665717753620915e-05 1.009638526314341e-34
2.8310787628685666e-05 9.86920077647949e-35
2.8970898326020842e-05 9.647190095444337e-35
2.964640054613707e-05 9.430381897875823e-35
3.033765316668089e-05 9.218528538067572e-35
3.104502343309761e-05 9.011551603184294e-35
3.176888715373972e-05 8.809435344009027e-35
3.25096288995246e-05 8.611990677356321e-35
3.326764220824756e-05 8.419155579710047e-35
3.4043329793658724e-05 8.230735867512423e-35
3.483710375941493e-05 8.046686704109226e-35
3.5649385818020195e-05 7.866906878941652e-35
3.648060751487119e-05 7.691340825054261e-35
3.73312104575266e-05 7.519820332857729e-35
3.820164655032238e-05 7.352310422773913e-35
3.90923782344573e-05 7.188707821892882e-35
4.0003878733676586e-05 7.028933540194998e-35
4.093663230568398e-05 6.87287052643655e-35
4.1891134499415887e-05 6.72048087346162e-35
4.2867892418314344e-05 6.57163708153974e-35
4.386742498973848e-05 6.426289525721039e-35
4.489026324065786e-05 6.284366969550905e-35
4.5936950579773975e-05 6.145772684140259e-35
4.700804308621986e-05 6.010441889969757e-35
4.8104109804991236e-05 5.878307291383731e-35
4.922573304926602e-05 5.749289781255218e-35
5.0373508709772956e-05 5.623333896398379e-35
5.154804657137365e-05 5.500359520430211e-35
5.27499706370262e-05 5.38029613799958e-35
5.397991945930254e-05 5.263099667124683e-35
5.5238546479635675e-05 5.14869214495774e-35
5.6526520375476976e-05 5.037019218564083e-35
5.784452541554797e-05 4.928020687519166e-35
5.9193261823375433e-05 4.821638062586515e-35
6.057344614930286e-05 4.717808075556771e-35
6.198581165117595e-05 4.616489193985099e-35
6.34311086839044e-05 4.517613592031849e-35
6.491010509810695e-05 4.421130906452051e-35
6.642358664805138e-05 4.327002790561832e-35
6.797235740910648e-05 4.2351697192140116e-35
6.955724020492732e-05 4.145578039247377e-35
7.117907704460117e-05 4.0581840780949126e-35
7.283872956998614e-05 3.972943779095986e-35
7.453707951348025e-05 3.889805561041118e-35
7.627502916646401e-05 3.8087298475322113e-35
7.805350185866558e-05 3.729671694304576e-35
7.987344244870308e-05 3.6525834627955534e-35
8.173581782606456e-05 3.577437167835802e-35
8.364161742479263e-05 3.5041816688737823e-35
8.559185374914618e-05 3.4327787786325256e-35
8.758756291151902e-05 3.363191738677737e-35
8.96298051829007e-05 3.2953823634810553e-35
9.17196655561724e-05 3.2293148153537535e-35
9.385825432253677e-05 3.16495276661923e-35
9.604670766138824e-05 3.102262101223575e-35
9.828618824393714e-05 3.041208051391932e-35
0.00010057788585090809 2.9817573878043157e-35
0.00010292301800464121 2.923878540808203e-35
0.00010532283061593165 2.867539357776284e-35
0.00010777859864595113 2.8127093447757976e-35
0.00011029162678360347 2.7593583932617046e-35
0.00011286325013867351 2.7074576948214187e-35
0.00011549483495113791 2.6569782557934125e-35
0.00011818777931701482 2.607890897577334e-35
0.0001209435139311377 2.5601719244695384e-35
0.00012376350284724815 2.513790935902518e-35
0.00012664924425581149 2.468725439551291e-35
0.00012960227127996844 2.4249479244232747e-35
0.00013262415279004548 2.3824344261990485e-35
0.00013571649423705693 2.341161297410883e-35
0.0001388809385056415 2.3011048665734282e-35
0.00014211916678688624 2.2622421714881526e-35
0.00014543289947150178 2.224551403738604e-35
0.0001488238970638237 2.1880104534571196e-35
0.00015229396111712465 2.152598110980981e-35
0.00015584493519073535 2.1182941426252575e-35
0.00015947870582948208 2.08507773362878e-35
0.00016319720356596128 2.0529297743191073e-35
0.00016700240394618395 2.0218310208915775e-35
0.00017089632857913436 1.9917622389316008e-35
0.000174881046210801 1.96270568793359e-35
0.00017895867382325032 1.9346430457120617e-35
0.0001831313777593269 1.9075571047238728e-35
0.00018740137487357792 1.8814305788219766e-35
0.00019177093371001327 1.8562474837809315e-35
0.000196242375707327 1.8319908898731693e-35
0.00020081807643222024 1.8086451407126975e-35
0.00020550046684148122 1.7861947049382674e-35
0.0002102920345734925 1.7646243843596218e-35
0.0002151953252698519 1.7439193134898148e-35
0.00022021294392780895 1.7240649512260358e-35
0.00022534755628423554 1.7050470533279274e-35
0.0002306018902318662 1.6868516402742697e-35
0.00023597873726856003 1.669465027559255e-35
0.0002414809539803547 1.6528737928684403e-35
0.0002471114635590999 1.6370647141090142e-35
0.00025287325735547713 1.6220248579040513e-35
0.00025876939646823026 1.607741199727828e-35
0.00026480301337045197 1.594201816900904e-35
0.000270977313573789 1.5813936510593028e-35
0.00027729557733145163 1.5693046613125288e-35
0.00028376116138093086 1.5579226852113995e-35
0.0002903775007273506 1.5472357420416871e-35
0.00029714811046840066 1.5372317882210688e-35
0.00030407658766182135 1.527899035650432e-35
0.00031116661323643183 1.5192257095828386e-35
0.0003184219539477161 1.5111997823445e-35
0.00032584646437900766 1.5038094653410864e-35
0.00033344408898933415 1.4970428487327357e-35
0.0003412188642090111 1.490887920799264e-35
0.0003491749205840977 1.485332645783522e-35
0.0003573164849708539 1.4803647099894708e-35
0.0003656478827813646 1.475971715228712e-35
0.0003741735402815245 1.472141032666496e-35
0.0003828979869426037 1.4688597640106632e-35
0.000391825857847644 1.4661147416618677e-35
0.000400961896153964 1.4638924645635824e-35
0.0004103109556130814 1.4621790685406023e-35
0.0004198780031493915 1.4609602780699298e-35
0.00042966812149897106 1.460221375354833e-35
0.000439686511909911 1.459947155463065e-35
0.0004499384969056106 1.4601218793335828e-35
0.00046042952311250296 1.4607292276888827e-35
0.0004711651641537129 1.4617523300587702e-35
0.00048215112361018567 1.463173579239768e-35
0.0004933932380508582 1.4649747417978281e-35
0.0005048974801334842 1.4671368467317304e-35
0.0005166699617777604 1.469640175098125e-35
0.0005287169374124361 1.472464216849361e-35
0.0005410448072981404 1.4755876545590775e-35
0.0005536601209276797 1.4789883451316256e-35
0.0005665695805056229 1.4826432828341672e-35
0.0005797800445090163 1.4865286057409032e-35
0.0005932985313311235 1.4906195824158157e-35
0.000607132223010125 1.4948906129086306e-35
0.0006212884690447563 1.4993152278382933e-35
0.0006357747902989163 1.5038661406795848e-35
0.0006505988829973161 1.508515197802653e-35
0.0006657686228142928 1.5132334870255447e-35
0.0006812920690579615 1.517991324794974e-35
0.0006971774689519261 1.522758391354089e-35
0.0007134332620168255 1.527503639702625e-35
0.0007300680845540431 1.5321955414143435e-35
0.0007470907742339592 1.5368020429761244e-35
0.0007645103747911887 1.541290728415002e-35
0.0007823361408292924 1.5456289208088888e-35
0.00080057754273752 1.5497837288470528e-35
0.0008192442717221943 1.5537222571121348e-35
0.0008383462449554094 1.557411692850954e-35
0.0008578936108437789 1.560819454757376e-35
0.0008778967544200344 1.5639133451699333e-35
0.000898366302860337 1.5666617017804132e-35
0.0009193131311302326 1.5690335584856303e-35
0.0009407483677622533 1.5709988032618014e-35
0.000962683400768232 1.5725283529941206e-35
0.000985129883689471 1.5735943043061397e-35
0.0010080997417879817 1.57417011150653e-35
0.0010316051783820807 1.5742307274365317e-35
0.0010556586813297128 1.573752767282985e-35
0.0010802730296629402 1.5727146740101487e-35
0.001105461300377127 1.5710967994266885e-35
0.0011312368753784248 1.5688815841961787e-35
0.0011576134485932472 1.5660536424447612e-35
