results/limits/MAQRO_f_6_phase.dat
# %ECSV 1.0
# ---
# datatype:
# - {name: mx, unit: MeV, datatype: float64}
# - {name: sigma_6, unit: cm2, datatype: float64}
# schema: astropy-2.0
mx sigma_6
[from data line 356]
0.0011576134485932472 1.7476272133028302e-33
0.0011846050332435167 1.7957225270391347e-33
0.0012122259692915415 1.8443067859802342e-33
0.0012404909310584848 1.893328440704519e-33
0.0012694149350204683 1.94273414834788e-33
0.0012990133477864558 1.99246900706421e-33
0.0013293018942621524 2.0424768036655757e-33
0.001360296666004259 2.0927002720554612e-33
0.001392014129769518 2.143081359920505e-33
0.0014244711362630968 2.1935615010407208e-33
0.0014576849290909482 2.2440818905173944e-33
0.0014916731539209149 2.2945837602020722e-33
0.0015264538678574353 2.3450086516390384e-33
0.0015620455490348386 2.3952986839058174e-33
0.0015984671064343198 2.4453968138488777e-33
0.0016357378899298156 2.4952470863617527e-33
0.0016738777005681136 2.5447948725356347e-33
0.0017129068010886602 2.593987093723955e-33
0.0017528459266886532 2.6427724297969917e-33
0.00179371629603914 2.691101510114989e-33
0.0018355396225579732 2.738927086013225e-33
0.0018783381259456144 2.786204183864291e-33
0.0019221345439899109 2.8328902380564852e-33
0.001966952144646121 2.8789452034976062e-33
0.0020128147383986056 2.924331647515959e-33
0.002059746690910748 2.9690148212806787e-33
0.0021077729359698315 3.012962711098162e-33
0.0021569189887337423 3.0561460701568125e-33
0.002207210959286545 3.098538431486203e-33
0.0022586755665101248 3.140116103066851e-33
0.0023113401522792685 3.180858146171682e-33
0.0023652326959877285 3.220746338139156e-33
0.0024203818294129824 3.259765120870611e-33
0.0024768168519275916 3.2979015364109166e-33
0.002534567746065232 3.3351451510131375e-33
0.0025936651934496745 3.371487969105597e-33
0.0026541405910951734 3.406924338575591e-33
0.0027160260680869266 3.4414508487599196e-33
0.0027793545026504624 3.475066222491037e-33
0.002844159539619031 3.507771203491243e-33
0.0029104756083082714 3.539568440338689e-33
0.0029783379408076585 3.5704623681509736e-33
0.0030477825906984404 3.6004590890466266e-33
0.0031188464522080173 3.629566252355002e-33
0.0031915672798109355 3.657792935452633e-33
0.0032659837082868936 3.685149526010957e-33
0.003342135273246469 3.711647606348587e-33
0.0034200624321353945 3.737299840491668e-33
0.0034998065857286074 3.762119864460082e-33
0.0035814101001254554 3.786122180215748e-33
0.003664916329257761 3.8093220536329726e-33
0.0037503696379226933 3.831735416779635e-33
0.0038378154253526898 3.853378774732851e-33
0.003927300149334948 3.874269117093024e-33
0.004018871350893299 3.8944238343062197e-33
0.00411257767954558 3.9138606388563964e-33
0.004208468919149921 3.93259749134564e-33
0.004306596014353682 3.9506525314425485e-33
0.004407011097659079 3.96804401364519e-33
0.004509767517119906 3.98479024777615e-33
0.004614919864684026 4.0009095441020456e-33
0.004722524005196735 4.016420162948697e-33
0.004832637106080367 4.031340268665543e-33
0.004945317667705937 4.0456878877781894e-33
0.005060625554472947 4.0594808711566574e-33
0.005178622026613854 4.0727368600178465e-33
0.005299369772740128 4.085473255574483e-33
0.005422932943147155 4.097707192138498e-33
0.0055493771838957115 4.10945551348467e-33
0.00567876967168809 4.120734752279928e-33
0.005811179149557424 4.13156111238472e-33
0.0059466759633891655 4.1419504538356145e-33
0.006085332099294114 4.151918280321721e-33
0.006227221221852859 4.161479728972422e-33
0.006372418713251954 4.170649562279338e-33
0.006521001713332612 4.1794421619817395e-33
0.006673049160573193 4.187871524751335e-33
0.006828641834027273 4.1959512595196604e-33
0.006987862396239558 4.203694586298644e-33
0.00715079543716245 4.2111143363527796e-33
0.007317527519096606 4.2182229535889454e-33
0.007488147222679345 4.225032497037904e-33
0.007662745193945353 4.2315546443091526e-33
0.007841414192484688 4.237800695908497e-33
0.008024249140723652 4.243781580315232e-33
0.008211347174354735 4.249507859723107e-33
0.008402807693942412 4.2549897363562724e-33
0.008598732417732204 4.260237059278268e-33
0.008799225435691074 4.2652593316185894e-33
0.009004393264807849 4.270065718147576e-33
0.009214344905683071 4.274665053136295e-33
0.009429191900438323 4.279065848443678e-33
0.009649048391975805 4.283276301778397e-33
0.009874031184619632 4.2873043050879905e-33
0.010104259806171096 4.291157453032311e-33
0.01033985657141083 4.294843051502743e-33
0.010580946647081629 4.2983681261527116e-33
0.010827658118386449 4.301739430908577e-33
0.011080122057036918 4.304963456433763e-33
0.011338472590888495 4.308046438521868e-33
0.01160284697519928 4.310994366397644e-33
0.01187338566555036 4.313812990907413e-33
0.012150232392466372 4.316507832582919e-33
0.012433534237775993 4.31908418956489e-33
0.01272344171275288 4.321547145374715e-33
0.013020108838078586 4.32390157652447e-33
0.013323693225669961 4.326152159957244e-33
0.013634356162414448 4.328303380311231e-33
0.013952262695857842 4.3303595370025367e-33
0.014277581721889965 4.3323247511228016e-33
0.014610486074474885 4.334202972148887e-33
0.014951152617473332 4.335997984462934e-33
0.015299762338606094 4.3377134136819205e-33
0.015656500445608335 4.339352732796711e-33
0.016021556464625875 4.3409192681211763e-33
0.016395124340905766 4.342416205052726e-33
0.016777402541834602 4.3438465936460306e-33
0.017168594162379338 4.3452133540021825e-33
0.01756890703298664 4.34651928147601e-33
0.017978553829998065 4.347767051704549e-33
0.01839775218863974 4.348959225459982e-33
0.01882672481864659 4.3500982533306036e-33
0.01926569962258253 4.351186480233609e-33
0.019714909816919448 4.352226149763576e-33
0.020174594055939365 4.3532194083807516e-33
0.02064499655852557 4.3541683094432784e-33
0.021126367237910063 4.355074817087558e-33
0.021618961834446313 4.3559408099611095e-33
0.02212304205147776 4.356768084812106e-33
0.022638875694374342 4.3575583599400116e-33
0.0231667368128109 4.3583132785115385e-33
0.02370690584636297 4.359034411746217e-33
0.024259669773497434 4.359723261975798e-33
0.024825322264037063 4.360381265581703e-33
0.025404163835180054 4.3610097958146e-33
0.025996502011157406 4.361610165500169e-33
0.026602651486612925 4.362183629635066e-33
0.027222934293792744 4.362731387876969e-33
0.027857679973633073 4.3632545869324615e-33
0.02850722575083718 4.363754322846597e-33
0.02917191671303455 4.364231643197634e-33
0.029852105994117403 4.364687549200671e-33
0.030548154961852016 4.3651229977233526e-33
0.031260433409864494 4.365538903217265e-33
0.031989319754103004 4.365936139568094e-33
0.0327352012338808 4.366315541867818e-33
0.03349847411760691 4.366677908111766e-33
0.034279543913313774 4.367024000823811e-33
0.03507882558409363 4.367354548612306e-33
0.03589674376855814 4.367670247659632e-33
0.03673373300643846 4.367971763148002e-33
0.037590237969445384 4.368259730624049e-33
0.038466713697512506 4.368534757305005e-33
0.03936362584054766 4.368797423328085e-33
0.04028145090582124 4.369048282946412e-33
0.04122067651112274 4.369287865672946e-33
0.04218180164382002 4.3695166773748856e-33
0.043165336925959 4.369735201320502e-33
0.044171804885544536 4.369943899180477e-33
0.04520174023414663 4.370143211985573e-33
0.046255690150979495 4.3703335610424964e-33
0.047334214573604344 4.370515348809762e-33
0.048437886495410414 4.3706889597351975e-33
0.04956729227003216 4.370854761056727e-33
0.05072303192286451 4.3710131035679134e-33
0.051905719469841495 4.371164322350474e-33
0.05311598324364777 4.371308737473318e-33
0.05435446622753626 4.3714466546620526e-33
0.05562182639692926 4.371578365938341e-33
0.056918737068984544 4.371704150231196e-33
0.058245887260312136 4.37182427396121e-33
0.05960398205303182 4.3719389915990444e-33
0.06099374296936585 4.3720485461991264e-33
0.06241590835496589 4.372153169909748e-33
0.06387123377117784 4.372253084460541e-33
0.06536049239645289 4.372348501628351e-33
0.06688447543711816 4.372439623682401e-33
0.06844399254772507 4.372526643809711e-33
0.0700398722611988 4.372609746521597e-33
0.0716729624290174 4.372689108042067e-33
0.07334413067165428 4.372764896679003e-33
0.07505426483952363 4.372837273178714e-33
0.07680427348467332 4.372906391064805e-33
0.07859508634347626 4.3729723969618466e-33
0.08042765483057629 4.373035430904676e-33
0.08230295254435131 4.373095626633857e-33
0.08422197578416211 4.373153111877977e-33
0.08618574407966152 4.3732080086233394e-33
0.08819530073244539 4.373260433371572e-33
0.09025171337033296 4.373310497385786e-33
0.09235607451457113 4.3733583069256726e-33
0.09450950216026408 4.373403963472127e-33
0.09671314037033632 4.373447563941769e-33
0.09896815988334524 4.373489200891948e-33
0.10127575873546546 4.373528962716492e-33
0.10363716289697593 4.373566933832728e-33
0.10605362692358762 4.3736031948603783e-33
0.10852643462295801 4.373637822791196e-33
0.11105689973674641 4.373670891153444e-33
0.11364636663857243 4.3737024701665874e-33
0.11629621104824843 4.3737326268902374e-33
0.1190078407626656 4.373761425366199e-33
0.12178269640372161 4.373788926754134e-33
0.12462225218368743 4.373815189461121e-33
0.1275280166884199 4.3738402692654476e-33
0.13050153367883624 4.373864219434798e-33
0.1335443829110759 4.373887090839166e-33
0.13665818097578622 4.3739089320586904e-33
0.13984458215697693 4.3739297894866394e-33
0.14310527931090045 4.3739497074278e-33
0.14644200476542463 4.3739687281923954e-33
0.14985653124037576 4.373986892185847e-33
0.15335067278934078 4.374004237994452e-33
0.1569262857634292 4.374020802467243e-33
0.1605852697975066 4.374036620794146e-33
0.16432956881942368 4.374051726580645e-33
0.16816117208277714 4.3740661519190886e-33
0.172082115223751 4.374079927456762e-33
0.1760944813425998 4.374093082460962e-33
0.1802004021103484 4.374105644881061e-33
0.18440205890129596 4.3741176414078664e-33
0.18870168395192646 4.374129097530242e-33
0.1931015615468407 4.3741400375892226e-33
0.1976040292323402 4.374150484829676e-33
0.20221147905830805 4.3741604614496655e-33
0.20692635884904578 4.374169988647553e-33
0.21175117350374192 4.374179086667021e-33
0.2166884863272632 4.3741877748400445e-33
0.22174092039197504 4.374196071627936e-33
0.22691115993131514 4.374203994660562e-33
0.23220195176586036 4.3742115607737616e-33
0.2376161067626448 4.374218786045105e-33
0.24315650132850383 4.3742256858280214e-33
0.24882607893823822 4.374232274784445e-33
0.25462785169840935 4.374238566915913e-33
0.2605649019475973 4.374244575593317e-33
0.26664038389397104 4.374250313585306e-33
0.27285752529104135 4.3742557930854004e-33
0.2792196291524867 4.3742610257379e-33
0.2857300755069626 4.374266022662603e-33
0.2923923231938275 4.3742707944784464e-33
0.2992099117007387 4.374275351326045e-33
0.3061864630440946 4.3742797028892436e-33
0.31332568369332287 4.374283858415679e-33
0.32063136654003577 4.374287826736446e-33
0.3281073929131 4.374291616284819e-33
0.3357577346406907 4.3742952351142204e-33
0.343586456160426 4.374298690915282e-33
0.3515977166787018 4.374301991032222e-33
0.359795772380376 4.374305142478416e-33
0.368184978689974 4.3743081519513205e-33
0.3767697925856183 4.374311025846689e-33
0.38555477496691104 4.37431377027218e-33
0.394544593078027 4.374316391060311e-33
0.4037440229873054 4.3743188937808635e-33
0.4131579521246571 4.374321283752705e-33
0.42279138187813525 4.374323566055121e-33
0.43264943025104924 4.374325745538576e-33
0.4427373345810337 4.374327826835028e-33
0.4530604543225162 4.374329814367787e-33
0.4636242738940635 4.374331712361148e-33
0.47443440559211736 4.3743335248483435e-33
0.48549659257266914 4.374335255681669e-33
0.4968167119024568 4.37433690853964e-33
0.5084007776813051 4.374338486935055e-33
0.5202549442372687 4.3743399942224636e-33
0.5323855093962742 4.374341433605305e-33
0.5447989178279997 4.3743428081426906e-33
0.557501764469769 4.3743441207559296e-33
0.5705007980302781 4.374345374234732e-33
0.5838029245750183 4.3743465712431316e-33
0.5974152111952977 4.374347714325141e-33
0.6113448897628128 4.3743488059101854e-33
0.6255993607717623 4.374349848318208e-33
0.6401861972705483 4.37435084376469e-33
0.6551131488851486 4.374351794365263e-33
0.6703881459363026 4.374352702140266e-33
0.686019303652694 4.37435356901903e-33
0.7020149264823721 4.3743543968439417e-33
0.7183835125046995 4.3743551873744334e-33
0.7351337579451718 4.3743559422906304e-33
0.7522745617955077 4.374356663196995e-33
0.7698150305414633 4.374357351625691e-33
0.7877644830008832 4.374358009039871e-33
0.8061324552745581 4.374358636836772e-33
0.8249287058125218 4.3743592363506725e-33
0.8441632205984669 4.374359808855752e-33
0.8638462184550629 4.374360355568777e-33
0.8839881564729563 4.3743608776517184e-33
0.9045997355663667 4.374361376214191e-33
0.9256919061582187 4.3743618523157877e-33
0.9472758739978306 4.374362306968422e-33
0.9693631061142522 4.374362741138387e-33
0.9919653369084147 4.3743631557484335e-33
1.0150945743873274 4.374363551679779e-33
1.0387631065436362 4.3743639297739084e-33
1.0629835078839296 4.374364290834401e-33
1.0877686461092637 4.374364635628668e-33
1.1131316889514546 4.374364964889501e-33
1.1390861111687691 4.374365279316688e-33
1.16564570170473 4.3743655795785295e-33
1.1928245710138414 4.3743658663131724e-33
1.2206371585581264 4.3743661401300445e-33
1.2490982404784545 4.374366401611101e-33
1.2782229374447416 4.374366651312092e-33
1.3080267226891875 4.374366889763711e-33
1.3385254302268237 4.3743671174727676e-33
1.369735263267732 4.374367334923237e-33
1.4016728028254128 4.374367542577256e-33
1.4343550165258654 4.3743677408761746e-33
1.4677992676220706 4.3743679302414636e-33
1.5020233242186567 4.3743681110755936e-33
1.5370453687116559 4.374368283762894e-33
1.5728840074483612 4.3743684486704066e-33
1.6095582806124205 4.3743686061485846e-33
1.6470876723394143 4.3743687565321684e-33
1.6854921210682972 4.3743689001407725e-33
1.7247920301341966 4.374369037279599e-33
1.7650082786082029 4.3743691682401335e-33
1.8061622323899016 4.374369293300708e-33
1.848275755558551 4.374369412727149e-33
1.8913712219889245 4.37436952677325e-33
1.935471527238 4.374369635681433e-33
1.9806001007088037 4.374369739683131e-33
2.0267809180978715 4.374369838999403e-33
2.0740385141329463 4.3743699338413654e-33
2.1223979956076717 4.374370024410551e-33
2.171885054720213 4.374370110899449e-33
2.222525982722885 4.374370193491933e-33
2.274347683890048 4.374370272363492e-33
2.327377689811681 4.3743703476817625e-33
2.3816441740202396 4.37437041960686e-33
2.437175966958554 4.3743704882916385e-33
2.4940025712967335 4.374370553882053e-33
2.552154177606206 4.374370616517505e-33
2.611661680399223 4.374370676331179e-33
2.6725566945423505 4.374370733450156e-33
2.7348715720526675 4.3743707879958276e-33
2.7986394192855935 4.374370840084128e-33
2.863894114523477 4.3743708898257785e-33
2.9306703259742912 4.3743709373265744e-33
2.999003530189995 4.374370982687315e-33
3.068930030914351 4.37437102600449e-33
3.1404869783702067 4.3743710673702036e-33
3.21371238899649 4.374371106872322e-33
3.2886451656454048 4.374371144594823e-33
3.3653251182505572 4.37437118061785e-33
3.443792984976987 4.374371215017964e-33
3.5240904538643507 4.37437124786835e-33
3.6062601849747473 4.3743712792387305e-33
3.6903458330569543 4.3743713091958896e-33
3.77639207073912 4.3743713378034265e-33
3.8644446122622242 4.3743713651220945e-33
3.9545502377669295 4.374371391210074e-33
4.046756818146711 4.3743714161227455e-33
4.141113340480481 4.374371439913054e-33
4.237669934058216 4.374371462631552e-33
4.336477897013409 4.374371484326587e-33
4.437589723576497 4.3743715050442347e-33
4.541059131963759 4.374371524828495e-33
4.646941092916466 4.37437154372146e-33
4.755291858905486 4.374371561763249e-33
4.866168994016832 4.374371578992257e-33
4.979631404534034 4.3743715954450455e-33
5.0957393702336 4.3743716111566515e-33
5.214554576410165 4.374371626160439e-33
5.336140146648369 4.374371640488229e-33
5.4605606763588606 4.374371654170542e-33
5.587882267096237 4.3743716672364765e-33
5.718172561677172 4.374371679713741e-33
5.851500780117376 4.374371691628915e-33
5.987937756406471 4.3743717030072534e-33
6.127555976140354 4.3743717138730455e-33
6.270429615030991 4.374371724249267e-33
6.416634578314149 4.374371734158044e-33
6.566248541075969 4.374371743620405e-33
6.719350989519823 4.374371752656474e-33
6.87602326319537 4.374371761285442e-33
7.036348598212252 4.374371769525672e-33
