results/limits/MAQRO_f_6.dat
# %ECSV 1.0
# ---
# datatype:
# - {name: mx, unit: MeV, datatype: float64}
# - {name: sigma_6, unit: cm2, datatype: float64}
# schema: astropy-2.0
mx sigma_6
[from data line 358]
0.0012122259692915415 1.5585095091674963e-35
0.0012404909310584848 1.5537742369527168e-35
0.0012694149350204683 1.548388189546262e-35
0.0012990133477864558 1.5423479998701038e-35
0.0013293018942621524 1.5356528022712328e-35
0.001360296666004259 1.5283042189790737e-35
0.001392014129769518 1.5203063332087825e-35
0.0014244711362630968 1.5116656345652812e-35
0.0014576849290909482 1.5023909516716779e-35
0.0014916731539209149 1.4924933692785623e-35
0.0015264538678574353 1.4819861205828404e-35
0.0015620455490348386 1.4708844762725316e-35
0.0015984671064343198 1.4592056108673111e-35
0.0016357378899298156 1.44696846403088e-35
0.0016738777005681136 1.4341935894445943e-35
0.0017129068010886602 1.420902995686251e-35
0.0017528459266886532 1.4071199847047477e-35
0.00179371629603914 1.39286898103988e-35
0.0018355396225579732 1.3781753672327775e-35
0.0018783381259456144 1.363065311600979e-35
0.0019221345439899109 1.347565602795613e-35
0.001966952144646121 1.3317034862271422e-35
0.0020128147383986056 1.3155065056335694e-35
0.002059746690910748 1.2990023513122697e-35
0.0021077729359698315 1.282218715426134e-35
0.0021569189887337423 1.265183156569296e-35
0.002207210959286545 1.2479229721724166e-35
0.0022586755665101248 1.230465082766692e-35
0.0023113401522792685 1.2128359243246905e-35
0.0023652326959877285 1.1950613531451045e-35
0.0024203818294129824 1.1771665598386287e-35
0.0024768168519275916 1.159175995094083e-35
0.002534567746065232 1.141113304831548e-35
0.0025936651934496745 1.1230012764356789e-35
0.0026541405910951734 1.1048617942087576e-35
0.0027160260680869266 1.086715804322349e-35
0.0027793545026504624 1.068583288421343e-35
0.002844159539619031 1.0504832454458644e-35
0.0029104756083082714 1.0324336811629576e-35
0.0029783379408076585 1.0144516045717581e-35
0.0030477825906984404 9.965530302370785e-36
0.0031188464522080173 9.7875298668077e-36
0.0031915672798109355 9.610655293641478e-36
0.0032659837082868936 9.435037581907632e-36
0.003342135273246469 9.260798385329042e-36
0.0034200624321353945 9.088050255220227e-36
0.0034998065857286074 8.916896908980847e-36
0.0035814101001254554 8.747433519753866e-36
0.003664916329257761 8.579747022011506e-36
0.0037503696379226933 8.413916429145764e-36
0.0038378154253526898 8.250013164056961e-36
0.003927300149334948 8.088101390620986e-36
0.004018871350893299 7.928238350319235e-36
0.00411257767954558 7.770474698247501e-36
0.004208468919149921 7.614854840647429e-36
0.004306596014353682 7.461417263296025e-36
0.004407011097659079 7.310194859904285e-36
0.004509767517119906 7.161215251100413e-36
0.004614919864684026 7.014501096771212e-36
0.004722524005196735 6.870070399678305e-36
0.004832637106080367 6.727936799850975e-36
0.004945317667705937 6.588109858822942e-36
0.005060625554472947 6.450595333770638e-36
0.005178622026613854 6.315395440499237e-36
0.005299369772740128 6.182509105432182e-36
0.005422932943147155 6.051932206914428e-36
0.0055493771838957115 5.923657804776805e-36
0.00567876967168809 5.797676359222591e-36
0.005811179149557424 5.673975938868676e-36
0.0059466759633891655 5.552542418092785e-36
0.006085332099294114 5.433359664007815e-36
0.006227221221852859 5.3164097132962054e-36
0.006372418713251954 5.201672939073672e-36
0.006521001713332612 5.089128208165984e-36
0.006673049160573193 4.9787530290509817e-36
0.006828641834027273 4.870523690815206e-36
0.006987862396239558 4.7644153935040395e-36
0.00715079543716245 4.660402370202568e-36
0.007317527519096606 4.5584580013150124e-36
0.007488147222679345 4.4585549213194464e-36
0.007662745193945353 4.3606651183965226e-36
0.007841414192484688 4.264760027226322e-36
0.008024249140723652 4.1708106153018355e-36
0.008211347174354735 4.078787463100082e-36
0.008402807693942412 3.988660838412742e-36
0.008598732417732204 3.900400765200119e-36
0.008799225435691074 3.813977087278488e-36
0.009004393264807849 3.729359527140576e-36
0.009214344905683071 3.646517740164236e-36
0.009429191900438323 3.5654213644998724e-36
0.009649048391975805 3.486040066861559e-36
0.009874031184619632 3.4083435845071514e-36
0.010104259806171096 3.332301763648434e-36
0.01033985657141083 3.257884594519622e-36
0.010580946647081629 3.185062243311092e-36
0.010827658118386449 3.1138050811728546e-36
0.011080122057036918 3.044083710466723e-36
0.011338472590888495 2.975868988472842e-36
0.01160284697519928 2.9091320487206504e-36
0.01187338566555036 2.8438443201101575e-36
0.012150232392466372 2.779977543968824e-36
0.012433534237775993 2.7175037891894156e-36
0.01272344171275288 2.6563954655884112e-36
0.013020108838078586 2.5966253356205428e-36
0.013323693225669961 2.538166524565813e-36
0.013634356162414448 2.4809925292986174e-36
0.013952262695857842 2.425077225745785e-36
0.014277581721889965 2.370394875137823e-36
0.014610486074474885 2.316920129146572e-36
0.014951152617473332 2.2646280339924813e-36
0.015299762338606094 2.2134940336037257e-36
0.015656500445608335 2.163493971905751e-36
0.016021556464625875 2.114604094312787e-36
0.016395124340905766 2.0668010484850293e-36
0.016777402541834602 2.0200618844139662e-36
0.017168594162379338 1.9743640538957365e-36
0.01756890703298664 1.9296854094447822e-36
0.017978553829998065 1.886004202697038e-36
0.01839775218863974 1.843299082350366e-36
0.01882672481864659 1.801549091685912e-36
0.01926569962258253 1.7607336657088754e-36
0.019714909816919448 1.720832627947286e-36
0.020174594055939365 1.6818261869434586e-36
0.02064499655852557 1.6436949324693714e-36
0.021126367237910063 1.606419831496356e-36
0.021618961834446313 1.5699822239467356e-36
0.02212304205147776 1.5343638182522882e-36
0.022638875694374342 1.4995466867437601e-36
0.0231667368128109 1.4655132608928978e-36
0.02370690584636297 1.4322463264270532e-36
0.024259669773497434 1.399729018335199e-36
0.024825322264037063 1.3679448157821387e-36
0.025404163835180054 1.3368775369469244e-36
0.025996502011157406 1.3065113337998112e-36
0.026602651486612925 1.276830686831142e-36
0.027222934293792744 1.2478203997443872e-36
0.027857679973633073 1.2194655941245061e-36
0.02850722575083718 1.1917517040919778e-36
0.02917191671303455 1.1646644709517987e-36
0.029852105994117403 1.1381899378461142e-36
0.030548154961852016 1.1123144444182224e-36
0.031260433409864494 1.0870246214951208e-36
0.031989319754103004 1.0623073857950298e-36
0.0327352012338808 1.0381499346657454e-36
0.03349847411760691 1.0145397408591445e-36
0.034279543913313774 9.914645473465783e-37
0.03507882558409363 9.689123621794749e-37
0.03589674376855814 9.468714533989872e-37
0.03673373300643846 9.25330343998112e-37
0.037590237969445384 9.042778069393411e-37
0.038466713697512506 8.837028602305397e-37
0.03936362584054766 8.635947620614206e-37
0.04028145090582124 8.43943006002683e-37
0.04122067651112274 8.24737316269617e-37
0.04218180164382002 8.059676430517009e-37
0.043165336925959 7.876241579094957e-37
0.044171804885544536 7.696972492399206e-37
0.04520174023414663 7.521775178107974e-37
0.046255690150979495 7.350557723653461e-37
0.047334214573604344 7.1832302529719244e-37
0.048437886495410414 7.0197048839624185e-37
0.04956729227003216 6.8598956866566e-37
0.05072303192286451 6.703718642100774e-37
0.051905719469841495 6.551091601949981e-37
0.05311598324364777 6.401934248772928e-37
0.05435446622753626 6.256168057065679e-37
0.05562182639692926 6.113716254970974e-37
0.056918737068984544 5.974503786699369e-37
0.058245887260312136 5.838457275647524e-37
0.05960398205303182 5.705504988208554e-37
0.06099374296936585 5.575576798268397e-37
0.06241590835496589 5.448604152381993e-37
0.06387123377117784 5.324520035622302e-37
0.06536049239645289 5.203258938095044e-37
0.06688447543711816 5.084756822111343e-37
0.06844399254772507 4.968951090010421e-37
0.0700398722611988 4.855780552624083e-37
0.0716729624290174 4.7451853983743724e-37
0.07334413067165428 4.637107162995849e-37
0.07505426483952363 4.531488699873393e-37
0.07680427348467332 4.428274150986633e-37
0.07859508634347626 4.3274089184516864e-37
0.08042765483057629 4.228839636651044e-37
0.08230295254435131 4.1325141449421105e-37
0.08422197578416211 4.0383814609350904e-37
0.08618574407966152 3.9463917543306875e-37
0.08819530073244539 3.856496321308146e-37
0.09025171337033296 3.768647559454237e-37
0.09235607451457113 3.682798943223582e-37
0.09450950216026408 3.598904999920979e-37
0.09671314037033632 3.5169212861962728e-37
0.09896815988334524 3.436804365042444e-37
0.10127575873546546 3.3585117832875557e-37
0.10363716289697593 3.2820020495714048e-37
0.10605362692358762 3.2072346127976445e-37
0.10852643462295801 3.1341698410523436e-37
0.11105689973674641 3.0627690009800086e-37
0.11364636663857243 2.9929942376081063e-37
0.11629621104824843 2.924808554611391e-37
0.1190078407626656 2.8581757950072757e-37
0.12178269640372161 2.793060622273699e-37
0.12462225218368743 2.7294285018810277e-37
0.1275280166884199 2.667245683229624e-37
0.13050153367883624 2.6064791819848636e-37
0.1335443829110759 2.547096762801481e-37
0.13665818097578622 2.48906692242926e-37
0.13984458215697693 2.4323588731921896e-37
0.14310527931090045 2.3769425268333576e-37
0.14644200476542463 2.3227884787179433e-37
0.14985653124037576 2.2698679923868523e-37
0.15335067278934078 2.2181529844535724e-37
0.1569262857634292 2.1676160098370734e-37
0.1605852697975066 2.118230247323586e-37
0.16432956881942368 2.0699694854503075e-37
0.16816117208277714 2.0228081087041347e-37
0.172082115223751 1.9767210840287338e-37
0.1760944813425998 1.931683947633294e-37
0.1802004021103484 1.8876727920964842e-37
0.18440205890129596 1.844664253759264e-37
0.18870168395192646 1.8026355004002632e-37
0.1931015615468407 1.7615642191876524e-37
0.1976040292323402 1.7214286049014473e-37
0.20221147905830805 1.6822073484203967e-37
0.20692635884904578 1.6438796254676442e-37
0.21175117350374192 1.6064250856095356e-37
0.2166884863272632 1.5698238415020018e-37
0.22174092039197504 1.5340564583790868e-37
0.22691115993131514 1.4991039437783092e-37
0.23220195176586036 1.464947737497623e-37
0.2376161067626448 1.4315697017788737e-37
0.24315650132850383 1.3989521117127494e-37
0.24882607893823822 1.3670776458603226e-37
0.25462785169840935 1.3359293770863845e-37
0.2605649019475973 1.3054907635998682e-37
0.26664038389397104 1.275745640196767e-37
0.27285752529104135 1.2466782097010406e-37
0.2792196291524867 1.2182730345991088e-37
0.2857300755069626 1.190515028863601e-37
0.2923923231938275 1.1633894499621597e-37
0.2992099117007387 1.1368818910471473e-37
0.3061864630440946 1.1109782733222294e-37
0.31332568369332287 1.085664838581855e-37
0.32063136654003577 1.0609281419197953e-37
0.3281073929131 1.0367550446029082e-37
0.3357577346406907 1.0131327071064766e-37
0.343586456160426 9.900485823074365e-38
0.3515977166787018 9.674904088320009e-38
0.359795772380376 9.454462045541756e-38
0.368184978689974 9.239042602417858e-38
0.3767697925856183 9.028531333466982e-38
0.38555477496691104 8.822816419359837e-38
0.394544593078027 8.621788587608526e-38
0.4037440229873054 8.425341054602499e-38
0.4131579521246571 8.233369468960846e-38
0.42279138187813525 8.045771856171169e-38
0.43264943025104924 7.862448564485954e-38
0.4427373345810337 7.68330221204813e-38
0.4530604543225162 7.508237635218051e-38
0.4636242738940635 7.337161838074637e-38
0.47443440559211736 7.169983943064302e-38
0.48549659257266914 7.00661514277153e-38
0.4968167119024568 6.846968652785906e-38
0.5084007776813051 6.690959665640627e-38
0.5202549442372687 6.538505305798347e-38
0.5323855093962742 6.389524585660612e-38
0.5447989178279997 6.243938362577669e-38
0.557501764469769 6.101669296836025e-38
0.5705007980302781 5.962641810601587e-38
0.5838029245750183 5.826782047796708e-38
0.5974152111952977 5.694017834889979e-38
0.6113448897628128 5.564278642578097e-38
0.6255993607717623 5.437495548339472e-38
0.6401861972705483 5.313601199839938e-38
0.6551131488851486 5.192529779171122e-38
0.6703881459363026 5.074216967902619e-38
0.686019303652694 4.958599912929513e-38
0.7020149264823721 4.845617193097125e-38
0.7183835125046995 4.735208786585414e-38
0.7351337579451718 4.627316039035755e-38
0.7522745617955077 4.5218816324031603e-38
0.7698150305414633 4.4188495545176105e-38
0.7877644830008832 4.318165069338225e-38
0.8061324552745581 4.2197746878846555e-38
0.8249287058125218 4.1236261398302054e-38
0.8441632205984669 4.0296683457417586e-38
0.8638462184550629 3.937851389951649e-38
0.8839881564729563 3.8481264940473005e-38
0.9045997355663667 3.760445990964412e-38
0.9256919061582187 3.674763299670071e-38
0.9472758739978306 3.5910329004223617e-38
0.9693631061142522 3.5092103105933384e-38
0.9919653369084147 3.4292520610425477e-38
1.0150945743873274 3.3511156730285875e-38
1.0387631065436362 3.2747596356464916e-38
1.0629835078839296 3.20014338377891e-38
1.0877686461092637 3.1272272765494696e-38
1.1131316889514546 3.0559725762668283e-38
1.1390861111687691 2.986341427848286e-38
1.16564570170473 2.9182968387120694e-38
1.1928245710138414 2.8518026591275424e-38
1.2206371585581264 2.786823563013009e-38
1.2490982404784545 2.723325029170857e-38
1.2782229374447416 2.6612733229501457e-38
1.3080267226891875 2.6006354783268417e-38
1.3385254302268237 2.541379280392254e-38
1.369735263267732 2.483473248240348e-38
1.4016728028254128 2.426886618244861e-38
1.4343550165258654 2.3715893277173544e-38
1.4677992676220706 2.3175519989375102e-38
1.5020233242186567 2.2647459235472193e-38
1.5370453687116559 2.2131430473001662e-38
1.5728840074483612 2.1627159551588272e-38
1.6095582806124205 2.1134378567309402e-38
1.6470876723394143 2.065282572037766e-38
1.6854921210682972 2.0182245176065355e-38
1.7247920301341966 1.9722386928797426e-38
1.7650082786082029 1.9273006669340377e-38
1.8061622323899016 1.8833865655016756e-38
1.848275755558551 1.8404730582876516e-38
1.8913712219889245 1.7985373465757637e-38
1.935471527238 1.75755715111703e-38
1.9806001007088037 1.7175107002940387e-38
2.0267809180978715 1.6783767185549256e-38
2.0740385141329463 1.6401344151108722e-38
2.1223979956076717 1.6027634728910828e-38
2.171885054720213 1.5662440377494052e-38
2.222525982722885 1.530556707916859e-38
2.274347683890048 1.4956825236944394e-38
2.327377689811681 1.4616029573807886e-38
2.3816441740202396 1.4282999034293008e-38
2.437175966958554 1.3957556688295176e-38
2.4940025712967335 1.3639529637076404e-38
2.552154177606206 1.3328748921412042e-38
2.611661680399223 1.3025049431830247e-38
2.6725566945423505 1.2728269820896458e-38
2.7348715720526675 1.243825241749645e-38
2.7986394192855935 1.2154843143072187e-38
2.863894114523477 1.187789142976621e-38
2.9306703259742912 1.1607250140431031e-38
2.999003530189995 1.1342775490460983e-38
3.068930030914351 1.1084326971405062e-38
3.1404869783702067 1.0831767276320103e-38
3.21371238899649 1.0584962226824878e-38
3.2886451656454048 1.0343780701815998e-38
3.3653251182505572 1.0108094567808129e-38
3.443792984976987 9.877778610861233e-39
3.5240904538643507 9.652710470058855e-39
3.6062601849747473 9.432770572502091e-39
3.6903458330569543 9.21784206978457e-39
3.77639207073912 9.007810775914927e-39
3.8644446122622242 8.802565106653613e-39
3.9545502377669295 8.601996020231898e-39
4.046756818146711 8.405996959421561e-39
4.141113340480481 8.21446379492451e-39
4.237669934058216 8.027294770052228e-39
4.336477897013409 7.844390446665657e-39
4.437589723576497 7.665653652346915e-39
4.541059131963759 7.490989428774538e-39
4.646941092916466 7.320304981275113e-39
4.755291858905486 7.153509629524275e-39
4.866168994016832 6.990514759371043e-39
4.979631404534034 6.831233775759751e-39
5.0957393702336 6.675582056724699e-39
5.214554576410165 6.523476908433006e-39
5.336140146648369 6.374837521251804e-39
5.4605606763588606 6.22958492681643e-39
5.587882267096237 6.087641956076857e-39
5.718172561677172 5.948933198299955e-39
5.851500780117376 5.813384961005958e-39
5.987937756406471 5.680925230817734e-39
6.127555976140354 5.551483635202108e-39
6.270429615030991 5.4249914050829136e-39
6.416634578314149 5.301381338305921e-39
6.566248541075969 5.180587763936167e-39
6.719350989519823 5.062546507368856e-39
6.87602326319537 4.947194856235101e-39
7.036348598212252 4.834471527084604e-39
7.200412171461376 4.724316632827398e-39
