results/limits/MAQRO_l_phase.dat
# %ECSV 1.0
# ---
# datatype:
# - {name: mx, unit: MeV, datatype: float64}
# - {name: sigma_10, unit: cm2, datatype: float64}
# - {name: sigma_9, unit: cm2, datatype: float64}
# - {name: sigma_7, unit: cm2, datatype: float64}
# - {name: sigma_6, unit: cm2, datatype: float64}
# - {name: sigma_5, unit: cm2, datatype: float64}
# - {name: sigma_4, unit: cm2, datatype: float64}
# - {name: sigma_3, unit: cm2, datatype: float64}
# - {name: sigma_2, unit: cm2, datatype: float64}
# schema: astropy-2.0
mx sigma_10 sigma_9 sigma_7 sigma_6 sigma_5 sigma_4 sigma_3 sigma_2
[from data line 723]
5.4605606763588606 7.915055774460927e-44 1.1190636717590608e-43 5.859707416193271e-43 2.8797706105317883e-41 1.4231278525215303e-37 1.3626492096380027e-33 1.9345365066939977e-30 4.8250709955791846e-30
5.587882267096237 7.938315403303055e-44 1.1237184949528337e-43 5.968933659933079e-43 3.0828904151030057e-41 1.5598610959955969e-37 1.4942459889531926e-33 2.1213725567034163e-30 5.2910728886084426e-30
5.718172561677172 7.961712138081075e-44 1.1284121900151752e-43 6.081643006478829e-43 3.3023736269759346e-41 1.709766375094317e-37 1.6385519655700508e-33 2.326253094592987e-30 5.8020809121182265e-30
5.851500780117376 7.9852471943222e-44 1.1331452453008591e-43 6.197981416487024e-43 3.5396431387110594e-41 1.8741142516105317e-37 1.7967945693583116e-33 2.550920843958104e-30 6.362441726195049e-30
5.987937756406471 8.008921803254362e-44 1.1379181573685955e-43 6.318102190785591e-43 3.7962515559926963e-41 2.054297922504939e-37 1.9703197737681754e-33 2.797286839391807e-30 6.976921788271274e-30
6.127555976140354 8.032737208915172e-44 1.142731431116517e-43 6.442166394634896e-43 4.073893362806869e-41 2.2518450603871675e-37 2.1606035446510834e-33 3.0674466818411504e-30 7.650747896855224e-30
6.270429615030991 8.056694670805043e-44 1.1475855799975129e-43 6.5703433094387835e-43 4.3744182455985403e-41 2.4684307973743143e-37 2.36926439479772e-33 3.363698363894158e-30 8.389651650945501e-30
6.416634578314149 8.080795464602392e-44 1.1524811261780834e-43 6.702810913861222e-43 4.69984568767508e-41 2.705891962745863e-37 2.598077150982909e-33 3.688561816620572e-30 9.199918203304692e-30
6.566248541075969 8.105040880808097e-44 1.1574186007130102e-43 6.8397563964455935e-43 5.052380955837057e-41 2.966242695477041e-37 2.848988050619981e-33 4.0448003442323866e-30 1.0088439722289077e-29
6.719350989519823 8.129432223103704e-44 1.1623985437610347e-43 6.981376702002621e-43 5.434432612966716e-41 3.251691564426981e-37 3.1241312964375556e-33 4.435444128888736e-30 1.1062774016984163e-29
6.87602326319537 8.153970814019543e-44 1.167421504747134e-43 7.127879114204021e-43 5.848631703183847e-41 3.5646603417806967e-37 3.425847209993369e-33 4.863816005578276e-30 1.213120882431454e-29
7.036348598212252 8.178657990027557e-44 1.1724880426021813e-43 7.279481877012628e-43 6.297852770299796e-41 3.907804589405313e-37 3.756702138439477e-33 5.3335597263212e-30 1.3302832304956722e-29
7.200412171461376 8.203495107811126e-44 1.177598725912347e-43 7.436414857783235e-43 6.785236885782146e-41 4.284036233200635e-37 4.1195102838666544e-33 5.848670954107964e-30 1.4587610347697658e-29
7.368301145867304 8.228483533864565e-44 1.1827541332037791e-43 7.598920255092919e-43 7.314216879415049e-41 4.696548317432622e-37 4.5173576409091536e-33 6.413531250210526e-30 1.599647133979312e-29
7.540104716695753 8.25362465517231e-44 1.1879548530537992e-43 7.767253354602836e-43 7.888544984448263e-41 5.148842149580024e-37 4.9536282462239575e-33 7.032945343963969e-30 1.7541399124387284e-29
7.715914158940838 8.278919878054978e-44 1.1932014844495709e-43 7.941683336512548e-43 8.512323129428249e-41 5.644757066557054e-37 5.4320329631239944e-33 7.712182002037459e-30 1.9235534935694573e-29
7.8958228758172275 8.304370622274986e-44 1.1984946368411994e-43 8.122494138455355e-43 9.190036131268602e-41 6.188503075470066e-37 5.956641046207705e-33 8.457018844829733e-30 2.109328917900758e-29
8.07992644838296 8.329978326659687e-44 1.2038349305491347e-43 8.309985377993247e-43 9.926588068639656e-41 6.784696646517298e-37 6.53191475447616e-33 9.273791491201218e-30 2.3130464006341285e-29
8.2683226863193 8.355744447528776e-44 1.2092229968674103e-43 8.504473339198856e-43 1.0727342141634433e-40 7.438399962449119e-37 7.162747307357076e-33 1.0169447449568517e-29 2.5364387730343635e-29
8.461111679894604 8.381670457860521e-44 1.2146594783743492e-43 8.706292028184352e-43 1.1598164353143259e-40 8.155163958407757e-37 7.854504506491861e-33 1.1151605213762764e-29 2.7814062219806766e-29
8.658395853139817 8.407757853000756e-44 1.2201450291754015e-43 8.915794302826925e-43 1.2545471379679864e-40 8.941075518205654e-37 8.613070377323193e-33 1.222861906632534e-29 3.050032453053569e-29
8.860280018263818 8.43400814341357e-44 1.2256803151342825e-43 9.133353082366316e-43 1.357628303482069e-40 9.802809228450278e-37 9.444897218710055e-33 1.3409650140457765e-29 3.3446024146406033e-29
9.066871431337571 8.460422858657361e-44 1.2312660141906941e-43 9.359362643028827e-43 1.4698279767266265e-40 1.0747684130696428e-36 1.0357060486296694e-32 1.4704744345085638e-29 3.6676217338241075e-29
9.278279849276613 8.487003549390313e-44 1.2369028165464403e-43 9.594240006323146e-43 1.5919865678107856e-40 1.178372595431426e-36 1.1357318976474921e-32 1.6124917815870017e-29 4.021838029373151e-29
9.494617588152204 8.513751782371078e-44 1.242591425032605e-43 9.838426427219745e-43 1.7250237588573373e-40 1.291973535937939e-36 1.2454180822866833e-32 1.7682250619016367e-29 4.4102642831290365e-29
9.715999582862075 8.540669151812436e-44 1.2483325553456941e-43 1.0092388990008748e-42 1.869946074071346e-40 1.4165362770010737e-36 1.365697586669687e-32 1.9389989504930521e-29 4.8362044685825575e-29
9.942543448192506 8.567757262084053e-44 1.2541269363347441e-43 1.0356622320304892e-42 2.0278551769618933e-40 1.5531190434639917e-36 1.4975935016640354e-32 2.1262660585751678e-29 5.303281654641546e-29
10.17436954130415 8.595017744289294e-44 1.2599753103401409e-43 1.0631650422353063e-42 2.1999569647292603e-40 1.7028822411161096e-36 1.642227727318382e-32 2.331619289519891e-29 5.815468823639664e-29
10.411601025674827 8.622452247279067e-44 1.2658784334492799e-43 1.0918028651582793e-42 2.3875715365787698e-40 1.8670983242323865e-36 1.8008305157733622e-32 2.5568053881742463e-29 6.377122665727295e-29
10.654363936533231 8.650062445763132e-44 1.2718370758884879e-43 1.1216345833185607e-42 2.592144120120422e-40 2.0471626160642254e-36 1.9747509358194436e-32 2.803739798760776e-29 6.993020637100298e-29
10.902787247818345 8.677850031524027e-44 1.2778520222643712e-43 1.1527226538417361e-42 2.8152570481274947e-40 2.2446051743152812e-36 2.165468348113908e-32 3.0745229577434864e-29 7.668401597286426e-29
11.157002940700098 8.705816719011637e-44 1.2839240719768631e-43 1.1851333531313498e-42 3.0586428868232825e-40 2.461103802523743e-36 2.3746049886656757e-32 3.371458160247286e-29 8.409010371152162e-29
11.417146073697703 8.733964242739907e-44 1.2900540394830823e-43 1.2189370399608635e-42 3.3241988266205595e-40 2.6984983180192586e-36 2.6039397676235514e-32 3.6970711520033803e-29 9.221146614676184e-29
11.683354854432924 8.762294368563566e-44 1.2962427547660687e-43 1.2542084384821473e-42 3.614002456936493e-40 2.9588061978114087e-36 2.855423400741287e-32 4.054131613471173e-29 1.0111718400145446e-28
11.955770713056356 8.790808873497037e-44 1.302491063556866e-43 1.2910269427773467e-42 3.9303290584352145e-40 3.24423973548597e-36 3.1311950022278365e-32 4.4456767188808437e-29 1.1088300976569953e-28
12.234538377385784 8.819509564597743e-44 1.3087998278113816e-43 1.3294769447210374e-42 4.275670558916142e-40 3.5572248550393096e-36 3.433600280123347e-32 4.8750369705924235e-29 1.2159201205139055e-28
12.519805949796487 8.848398271097376e-44 1.315169926090797e-43 1.369648187073942e-42 4.6527563131698185e-40 3.900421741672386e-36 3.7652114889702675e-32 5.345864528517948e-29 1.3333528217805826e-28
12.811724985904382 8.877476845931775e-44 1.3216022538711728e-43 1.4116361438970467e-42 5.064575882595087e-40 4.276747465023395e-36 4.1288493094992455e-32 5.862164275579938e-29 1.4621270900029567e-28
13.110450575083778 8.906747167809926e-44 1.3280977240575148e-43 1.455542430558921e-42 5.5144040073327956e-40 4.689400787263064e-36 4.52760684143857e-32 6.42832788344942e-29 1.6033382856745627e-28
13.416141422862523 8.936211140670949e-44 1.3346572673470207e-43 1.5014752458076024e-42 6.005827982274644e-40 5.141889367062077e-36 4.964875913531451e-32 7.049171168328861e-29 1.7581875584288538e-28
13.72895993523834 8.965870688926655e-44 1.3412818326442414e-43 1.5495498485990922e-42 6.5427776687048575e-40 5.6380595908185716e-36 5.444375934555265e-32 7.729975054529963e-29 1.9279920640793123e-28
14.04907230496112 8.995727768107732e-44 1.3479723875611979e-43 1.5998890726105158e-42 7.129558395702931e-40 6.182129284881078e-36 5.970185530751212e-32 8.476530494285138e-29 2.1141961684141416e-28
14.37664859982702 9.025784356783637e-44 1.3547299187906592e-43 1.6526238816292058e-42 7.77088702996581e-40 6.77872358700717e-36 6.546777238773451e-32 9.295187725882212e-29 2.3183837330454244e-28
14.711862853031292 9.056042465141714e-44 1.361555432655172e-43 1.7078939692912707e-42 8.471931519609179e-40 7.432914282170815e-36 7.179055549258099e-32 1.0192910289115261e-28 2.5422915878170145e-28
15.054893155627816 9.086504120492986e-44 1.3684499555405727e-43 1.7658484069568174e-42 9.238354247004657e-40 8.150262937297314e-36 7.872398624611349e-32 1.1177334257508227e-28 2.7878243043676955e-28
15.405921751144481 9.11717138591625e-44 1.3754145343957174e-43 1.8266463438475147e-42 1.0076359558060874e-39 8.936868201821354e-36 8.632704045872367e-32 1.2256833191146514e-28 3.057070396515103e-28
15.765135132404664 9.148046351150254e-44 1.3824502372698063e-43 1.8904577639448146e-42 1.0992745870822783e-39 9.799417676392923e-36 9.466438977773607e-32 1.3440589362605434e-28 3.352320085260814e-28
16.132724140606275 9.179131128127925e-44 1.3895581538028463e-43 1.9574643045543187e-42 1.1994962805164991e-39 1.0745244790916457e-35 1.0380695178706529e-31 1.4738671861828968e-28 3.6760847795272135e-28
16.50888406671095 9.210427870451889e-44 1.3967393957943196e-43 2.027860141885603e-42 1.3091173818005942e-39 1.178239117571568e-35 1.138324932351002e-31 1.616212224432293e-28 4.031118438330267e-28
16.89381475519735 9.241938745793648e-44 1.4039950977368241e-43 2.101852949484525e-42 1.4290324875238989e-39 1.2919675056339138e-35 1.24826291521886e-31 1.7723048451188027e-28 4.42044099609532e-28
17.287720710233557 9.273665963880393e-44 1.4113264173973368e-43 2.179664935887383e-42 1.5602219742868463e-39 1.416676625376293e-35 1.368818600722759e-31 1.9434727799885906e-28 4.847364050374011e-28
17.690811204325115 9.305611757075576e-44 1.418734536415813e-43 2.2615339684478538e-42 1.7037602536070033e-39 1.5534268427925493e-35 1.5010174376507706e-31 2.1311719921777827e-28 5.3155190304619955e-28
18.103300389496336 9.33777839172183e-44 1.426220660906567e-43 2.3477147909266094e-42 1.8608248226568164e-39 1.70338092641462e-35 1.6459839118417045e-31 2.33699906070914e-28 5.828888086522023e-28
18.52540741106398 9.37016816520063e-44 1.4337860220731145e-43 2.438480343131374e-42 2.03270618763443e-39 1.8678139369540932e-35 1.804951111110319e-31 2.5627047610749137e-28 6.391837961957261e-28
18.957356524063755 9.402783409430039e-44 1.4414318768733395e-43 2.534123191657275e-42 2.2208187439829543e-39 2.0481240720626284e-35 1.9792712139456066e-31 2.810208957422111e-28 7.009157137152838e-28
19.399377212391464 9.43562648418345e-44 1.4491595086688882e-43 2.6349570816173896e-42 2.4267127058061654e-39 2.2458445584563065e-35 2.1704269912005803e-31 3.0816169330153082e-28 7.686096560535699e-28
19.85170431072216 9.468699782783421e-44 1.4569702279006693e-43 2.7413186201654902e-42 2.6520871857419623e-39 2.462656692555709e-35 2.380044418606454e-31 3.3792372978832897e-28 8.428414313409629e-28
20.314578129271972 9.502005737351644e-44 1.4648653728256785e-43 2.8535691036192046e-42 2.8988045363334104e-39 2.7004041405646266e-35 2.6099065073946653e-31 3.7056016259739834e-28 9.242424588489623e-28
20.788244581469023 9.535546811616315e-44 1.472846310218428e-43 2.9720965010880627e-42 3.1689060746557204e-39 2.9611086196214555e-35 2.8619684706699906e-31 4.063485988851317e-28 1.0135051398746876e-27
21.272955314601134 9.569325495218607e-44 1.4809144361150465e-43 3.09731760871613e-42 3.46462932371458e-39 3.2469870934064355e-35 3.138374354541554e-31 4.455934569101979e-28 1.1113887473417802e-27
21.76896784350983 9.603344330515767e-44 1.4890711766097624e-43 3.229680389965346e-42 3.788426917019498e-39 3.5604706284679536e-35 3.4414752754761008e-31 4.88628555430773e-28 1.2187258842146523e-27
22.27654568740161 9.637605884997003e-44 1.4973179886221403e-43 3.369666518811001e-42 4.142987326872335e-39 3.9042250716586875e-35 3.7738494190020132e-31 5.358199531839619e-28 1.3364295656619132e-27
22.79595850984919 9.672112761622475e-44 1.5056563607574221e-43 3.5177941443008466e-42 4.5312575924090556e-39 4.2811737245613896e-35 4.13832396987333e-31 5.875690626000641e-28 1.465500985209945e-27
23.327482262057103 9.706867602810464e-44 1.5140878140984075e-43 3.6746208966667307e-42 4.9564682404309956e-39 4.6945222077719583e-35 4.5379991602336365e-31 6.443160642372169e-28 1.607038030946254e-27
23.871399329467756 9.741873097749814e-44 1.5226139031297215e-43 3.8407471570704974e-42 5.422160610697607e-39 5.147785726533295e-35 4.976274640334491e-31 7.065436509797338e-28 1.7622446242117323e-27
24.427998681785848 9.77713196049933e-44 1.5312362166114602e-43 4.016819615154127e-42 5.932216817789554e-39 5.64481896963867e-35 5.4568783961181615e-31 7.747811338483586e-28 1.9324409602169583e-27
24.997576026500827 9.812646950665461e-44 1.539956378508184e-43 4.203535140838962e-42 6.490892604063917e-39 6.189848895924404e-35 5.983898459640673e-31 8.496089443468969e-28 2.1190747376902655e-27
25.580433965988984 9.848420872858918e-44 1.5487760489655644e-43 4.401644999321635e-42 7.102853362794558e-39 6.787510687230047e-35 6.5618176820638125e-31 9.316635716421568e-28 2.3237334730769456e-27
26.176882158278623 9.884456564084371e-44 1.5576969252740182e-43 4.6119594409530563e-42 7.773213637542792e-39 7.442887173642087e-35 7.195551864999044e-31 1.0216429765734075e-27 2.5481580040355213e-27
26.787237481563718 9.920756909265365e-44 1.5667207429084918e-43 4.835352700686217e-42 8.507580433348883e-39 8.161552066367905e-35 7.890491574547797e-31 1.1203125285428245e-27 2.7942572970915828e-27
27.411824202553472 9.95732483074658e-44 1.5758492765780208e-43 5.072768445072713e-42 9.31210070774424e-39 8.949617365979212e-35 8.652547993713018e-31 1.2285115157867685e-27 3.064124685404771e-27
28.050974148747212 9.994163299770387e-44 1.5850843413149725e-43 5.325225708391406e-42 1.0193513445113756e-38 9.813785349276038e-35 9.488203203203098e-31 1.3471602844043593e-27 3.36005567476753e-27
28.705026884726152 1.0031275325322726e-43 1.5944277935844747e-43 5.593825363444786e-42 1.1159206756905118e-38 1.0761405576970717e-34 1.040456531832044e-30 1.4772680668684399e-27 3.684567469294799e-27
29.374329892555654 1.0068663967072726e-43 1.6038815324706413e-43 5.879757176895014e-42 1.2217280492908225e-38 1.1800537407096186e-34 1.1409428950930495e-30 1.6199415666084683e-27 4.040420382890689e-27
30.05923875639388 1.0106332327110477e-43 1.6134475008431347e-43 6.184307503755018e-42 1.3376614895685278e-38 1.2940018545877521e-34 1.2511341510805456e-30 1.7763943716864877e-27 4.430641318619803e-27
30.760117351404876 1.0144283555117673e-43 1.6231276866259706e-43 6.50886768085741e-42 1.4646945881608374e-38 1.4189540219157653e-34 1.3719675910304115e-30 1.947957277639184e-27 4.858549515699426e-27
31.477338037076432 1.0182520847157208e-43 1.6329241240413315e-43 6.854943184831724e-42 1.6038947588303905e-38 1.5559729603782794e-34 1.5044710290816647e-30 2.136089607292583e-27 5.32778478311766e-27
32.21128185504559 1.0221047450044396e-43 1.6428388949672804e-43 7.224163626371935e-42 1.7564322890090251e-38 1.7062240220111907e-34 1.6497715449135503e-30 2.342391623836836e-27 5.842338460035418e-27
32.962338731536356 1.0259866655162344e-43 1.6528741302795824e-43 7.618293659427789e-42 1.9235902650730449e-38 1.8709851054517594e-34 1.8091050707396256e-30 2.568618142746056e-27 6.4065873663197814e-27
33.730907684518286 1.029898180692035e-43 1.6630320112521406e-43 8.039244891481973e-42 2.1067754557140885e-38 2.0516575255030406e-34 1.9838269042079308e-30 2.816693458329183e-27 7.0253310319995e-27
