results/limits/MAQRO_h.dat
# %ECSV 1.0
# ---
# datatype:
# - {name: mx, unit: MeV, datatype: float64}
# - {name: sigma, unit: cm2, datatype: float64}
# schema: astropy-2.0
mx sigma
[from data line 7851]
22.479423978961044 1.5197842168284569e-24
22.53124959161682 1.5301452344086e-24
22.583194686610252 1.5405761068886445e-24
22.635259539404238 1.5510772963926423e-24
22.68744442609658 1.5616492678816813e-24
22.73974962342173 1.572292489414782e-24
22.792175408752165 1.5830074320044475e-24
22.84472206009968 1.5937945696690668e-24
22.897389856117215 1.6046543794816055e-24
22.950179076099946 1.6155873415248093e-24
23.003089999987136 1.6265939389738655e-24
23.056122908363257 1.6376746580576634e-24
23.109278082459806 1.6488299881514566e-24
23.16255580415664 1.6600604216818706e-24
23.21595635598334 1.6713664543362404e-24
23.26948002112106 1.6827485848359087e-24
23.323127083403595 1.6942073151136744e-24
23.37689782731933 1.7057431503174977e-24
23.430792538012323 1.7173565988096805e-24
23.484811501284174 1.7290481721697365e-24
23.53895500359538 1.740818385249324e-24
23.59322333206673 1.7526677561080335e-24
23.64761677448115 1.764596806280439e-24
23.702135619284846 1.7766060603674164e-24
23.756780155589222 1.7886960464451896e-24
23.81155067317202 1.8008672957675484e-24
23.86644746247922 1.8131203445294796e-24
23.921470814626385 1.8254557277326288e-24
23.976621021400124 1.8378739889149855e-24
24.03189837525992 1.8503756742038933e-24
24.087303169339332 1.8629613302252588e-24
24.142835697447918 1.8756315096046534e-24
24.19849625407241 1.8883867676633885e-24
24.254285134378666 1.901227663348562e-24
24.310202634212843 1.9141547590966e-24
24.366249050103313 1.9271686209632438e-24
24.422424679262082 1.9402698185066847e-24
24.47872981958622 1.953458924921357e-24
24.53516476965979 1.9667365170139236e-24
24.591729828755035 1.9801031752326726e-24
24.64842529683435 1.9935594836353503e-24
24.705251474551492 2.0071060301019598e-24
24.76220866325352 2.0207434060275494e-24
24.819297164982228 2.0344722066666225e-24
24.876517282475618 2.0482930309267283e-24
24.93386931916984 2.0622064815769413e-24
24.991353579200403 2.0762131651179276e-24
25.048970367404205 2.0903136918723243e-24
25.106719989320716 2.1045086759960723e-24
25.164602751193986 2.1187987355150748e-24
25.22261895997409 2.1331844923023615e-24
25.280768923318618 2.1476665721753555e-24
25.339052949594663 2.1622456048304233e-24
25.39747134788004 2.1769222239488542e-24
25.456024427965335 2.1916970671598154e-24
25.51471250035515 2.206570776087337e-24
25.57353587627009 2.2215439963929517e-24
25.632494867648276 2.2366173776879332e-24
25.69158978714684 2.251791573808309e-24
25.750820948143932 2.267067242486084e-24
25.810188664739993 2.2824450457318686e-24
25.869693251759806 2.2979256496698697e-24
25.92933502475377 2.3135097244007012e-24
25.98911429999999 2.329197944337964e-24
26.04903139450552 2.3449909881550308e-24
26.109086626008434 2.360889538651023e-24
26.16928031297933 2.376894282933018e-24
26.22961277462288 2.393005912345124e-24
26.290084330879875 2.4092251225711404e-24
26.35069530242852 2.4255526136051745e-24
26.411446010686532 2.4419890897697673e-24
26.472336777812448 2.458535259782727e-24
26.533367926707676 2.475191836768355e-24
26.594539781018078 2.491959538238564e-24
26.6558526651355 2.5088390860281516e-24
26.71730690419989 2.525831207301549e-24
26.778902824100562 2.542936632603826e-24
26.840640751478393 2.5601560955870092e-24
26.90252101372709 2.5774903392981044e-24
26.964543938995327 2.5949401074945784e-24
27.026709856188308 2.6125061493390256e-24
27.089019094969363 2.6301892176039537e-24
27.15147198576206 2.6479900717373953e-24
27.21406885975154 2.665909474852106e-24
27.276810048886684 2.683948194519889e-24
27.33969588588147 2.7021070035812507e-24
27.402726704217084 2.720386679970126e-24
27.46590283814356 2.7387880036699758e-24
27.529224622681358 2.7573117643713204e-24
27.592692393623544 2.7759587532360046e-24
27.65630648753712 2.7947297667362577e-24
27.720067241765253 2.813625605479103e-24
27.783974994428625 2.832647077449593e-24
27.848030084427673 2.851794993280707e-24
27.91223285144392 2.8710701694932123e-24
27.976583635942198 2.890473427711569e-24
28.041082779172257 2.9100055943843485e-24
28.105730623170434 2.929667501002364e-24
28.170527510761826 2.9494599842375853e-24
28.235473785561695 2.969383885787838e-24
28.300569791977715 2.9894400525776336e-24
28.365815875211354 3.0096293367176135e-24
28.431212381260103 3.0299525953522743e-24
28.49675965691914 3.0504106910465453e-24
28.562458049782993 3.0710044915935325e-24
28.628307908247802 3.0917348699241112e-24
28.69430958151267 3.1126027044813015e-24
28.76046341958202 3.1336088789408964e-24
28.826769773266953 3.1547542823359096e-24
28.893228994187538 3.176039809236347e-24
28.95984143477449 3.1974663594587057e-24
29.026607448270862 3.2190348383864465e-24
29.093527388734344 3.240746157028591e-24
29.160601611038643 3.2626012316821533e-24
29.22783047087587 3.284600984616922e-24
29.29521432475792 3.3067463420639033e-24
29.362753530018807 3.329038238644445e-24
29.43044844481636 3.351477612603728e-24
29.498299428133947 3.374065408423792e-24
29.566306839782815 3.396802576193543e-24
29.63447104040349 3.419690071880698e-24
29.702792391468186 3.442728857081287e-24
29.77127125528225 3.465919899167615e-24
29.83990799498654 3.489264170770891e-24
29.90870297455889 3.512762654276184e-24
29.977656558816456 3.53641633155788e-24
30.04676911341746 3.560226192247767e-24
30.11604100486297 3.5841932357151754e-24
30.185472600499242 3.608318464878399e-24
30.2550642685192 3.632602888155406e-24
30.32481637796486 3.657047520450795e-24
30.39472929872882 3.681653382834847e-24
30.464803401556633 3.706421502407553e-24
30.535039058048596 3.731352912495917e-24
30.60543664066153 3.756448652505014e-24
30.67599652271119 3.781709768163343e-24
30.74671907837376 3.807137311366586e-24
30.81760468268832 3.832732340294921e-24
30.88865371155833 3.858495919510609e-24
30.959866541754092 3.8844291197510234e-24
31.03124355091452 3.910533018323332e-24
31.102785117548994 3.9368086984502444e-24
31.174491621039767 3.9632572511393735e-24
31.24636344164351 3.9898797720568894e-24
31.318400960493808 4.016677364506498e-24
31.390604559602686 4.043651138080533e-24
31.46297462186308 4.070802208944642e-24
31.53551153105067 4.098131699840741e-24
31.60821567182573 4.125640740209925e-24
31.681087429735538 4.153330466127875e-24
31.75412719121626 4.181202020380069e-24
31.82733534359483 4.209256552300605e-24
31.900712275091227 4.237495218760316e-24
31.974258374820323 4.2659191826433586e-24
32.04797403279448 4.294529613785334e-24
32.12185963992483 4.323327689064296e-24
32.19591558802372 4.3523145926118754e-24
32.27014226980724 4.381491514555589e-24
32.344540078896436 4.410859653232893e-24
32.419109409819995 4.440420212970058e-24
32.49385065801604 4.4701744066004715e-24
32.568764219834755 4.500123451756617e-24
32.643850492539705 4.530268574704783e-24
32.719109874310334 4.560611009295575e-24
32.794542764244476 4.591151995678075e-24
32.870149562359664 4.6218927824648594e-24
32.9459306695958 4.652834623019102e-24
33.021886487817014 4.683978779505171e-24
33.09801741981431 4.715326523299759e-24
33.17432386930692 4.746879130167559e-24
33.250806240944826 4.778637884254395e-24
33.32746494031134 4.810604079023293e-24
33.40430037392441 4.842779012043206e-24
33.48131294923935 4.8751639918991415e-24
33.55850307465071 4.9077603305819776e-24
33.635871159494975 4.940569356847203e-24
33.713417614051956 4.973592387760052e-24
33.791142849547334 5.006830774054715e-24
33.86904727815528 5.040285852066079e-24
33.9471313129998 5.073958985371976e-24
34.02539536815748 5.107851515810014e-24
34.10383985865942 5.141964830839337e-24
34.182465200493965 5.176300298292325e-24
34.26127181060811 5.21085930250246e-24
34.34026010691007 5.245643238161081e-24
34.419430508272 5.28065350302532e-24
34.49878343453131 5.315891508159979e-24
34.57831930649346 5.351358666715329e-24
34.65803854593394 5.387056405725259e-24
34.737941575601056 5.4229861569539706e-24
34.81802881921731 5.459149361197247e-24
34.89830070148209 5.4955474674893746e-24
34.97875764807434 5.532181932827804e-24
35.05940008565398 5.5690542233816276e-24
35.140228441864686 5.6061658120602605e-24
35.22124314533595 5.6435181829228135e-24
35.30244462568587 5.6811128244520425e-24
35.38383331352259 5.718951237850389e-24
35.46540964044713 5.757034929872221e-24
35.54717403905544 5.7953654155500224e-24
35.62912694294123 5.833944221775068e-24
35.71126878669739 5.872772880548733e-24
35.79360000591878 5.911852933388671e-24
35.87612103720494 5.951185933025034e-24
35.95883231816152 5.990773438179731e-24
36.04173428740322 6.030617016772983e-24
36.124827384555815 6.0707182442293265e-24
36.20811205025904 6.1110787087065814e-24
36.29158872616808 6.151700005092416e-24
36.37525785495635 6.1925837363212944e-24
36.459119880318276 6.233731515089099e-24
36.54317524697075 6.2751449633368825e-24
36.627424400656096 6.316825711802983e-24
36.711867788144154 6.358775401826572e-24
36.79650585723522 6.4009956786783726e-24
36.8813390567615 6.443488204348581e-24
36.96636783659 6.486254644978893e-24
37.051592647625334 6.529296677404812e-24
37.1370139418112 6.572615987657436e-24
37.22263217213337 6.616214271163187e-24
37.30844779262185 6.66009323243294e-24
37.394461258353815 6.704254586158473e-24
37.48067302545517 6.748700056955244e-24
37.56708355110341 6.793431374791074e-24
37.65369329353048 6.838450288602359e-24
37.740502712024316 6.883758546577646e-24
37.82751226693187 6.929357895447382e-24
37.914722419661274 6.975250134565403e-24
38.00213363268487 7.021437061430196e-24
38.089746369540755 7.067920386793062e-24
38.1775610948357 7.11470200659977e-24
38.265578274248085 7.161783660247847e-24
38.35379837452942 7.209167208711253e-24
38.44222186350745 7.256854471151622e-24
38.530849210088334 7.304847288661115e-24
38.61968088425975 7.353147510695944e-24
38.708717357092446 7.401757001569998e-24
38.7979591007432 7.45067762513907e-24
38.887406588457814 7.499911273685799e-24
38.97706029457268 7.549459823723265e-24
39.06692069451789 7.599325186443176e-24
39.15698826481948 7.649509284532137e-24
39.2472634831026 7.700014026803068e-24
39.33774682809303 7.750841315933897e-24
39.428438779620265 7.801993176679919e-24
39.519339818620516 7.853471471230622e-24
39.610450427138275 7.905278209039766e-24
39.70177108832955 7.95741536401e-24
39.79330228646408 8.009884916045906e-24
39.88504450692857 8.062688860019507e-24
39.97699823622827 8.115829202939585e-24
40.06916396199005 8.169307961327309e-24
40.1615421729655 8.223127163027601e-24
40.25413335903249 8.277288847281112e-24
40.346938011198475 8.331795060954601e-24
40.43995662160274 8.386647867562512e-24
40.53318968351968 8.441849336843196e-24
40.62663769136042 8.49740155029907e-24
40.7203011406761 8.553306601914028e-24
40.814180528160165 8.609566595729963e-24
40.908276351651686 8.666183646132433e-24
41.00258911013698 8.723159880782663e-24
41.09711930375275 8.780497435164465e-24
41.19186743378926 8.838198466844697e-24
41.286834002692 8.896265124278836e-24
41.38201951406495 8.954699584675335e-24
41.477424472673015 9.013504030293314e-24
41.573049384445305 9.072680654547863e-24
41.668894756476824 9.132231664587251e-24
41.76496109703167 9.192159276406503e-24
41.86124891554624 9.252465719514616e-24
41.95775872263092 9.313153234174114e-24
42.05449103007344 9.37422407193765e-24
42.15144635084129 9.435680496892907e-24
42.24862519908509 9.497524784146069e-24
42.34602809014031 9.559759220872712e-24
42.443655540530514 9.622386105780492e-24
42.541508067970604 9.685407749971478e-24
42.63958619136855 9.74882647579332e-24
42.73789043082881 9.812644618040795e-24
42.83642130765476 9.876864523069084e-24
42.935179344352136 9.941488549940768e-24
43.03416506463079 1.000651906795437e-23
43.13337899340796 1.0071958461205858e-23
43.23282165681159 1.0137809125223188e-23
43.33249358218206 1.0204073459960607e-23
43.43239529807571 1.0270753894256265e-23
43.532527334267265 1.0337852860836953e-23
43.632890221753364 1.0405372792111954e-23
43.73348449275431 1.0473316152645584e-23
43.83431068071741 1.0541685414496952e-23
43.93536932032036 1.0610483049778366e-23
44.03666094747302 1.0679711552559219e-23
44.138186099320926 1.0749373437231019e-23
44.23994531424783 1.0819471223509263e-23
44.34193913187922 1.0890007417595034e-23
44.44416809308417 1.0960984591476677e-23
44.54663273997868 1.1032405310843194e-23
44.64933361592916 1.1104272104363735e-23
44.752271265554135 1.1176587601428926e-23
44.85544623472797 1.1249354355847017e-23
44.958859070583316 1.1322574985088605e-23
45.062510321514765 1.1396252125827221e-23
45.16640053718068 1.1470388403394075e-23
45.27053026850663 1.1544986464066673e-23
45.374900067688905 1.1620048970709635e-23
45.479510488196276 1.1695578590699051e-23
45.58436208477374 1.1771578012726678e-23
45.68945541344502 1.1848049935980252e-23
45.79479103151631 1.1924997075016266e-23
45.90036949757812 1.2002422152520066e-23
46.00619137150872 1.2080327908305995e-23
46.11225721447778 1.215871709453653e-23
46.21856758894813 1.2237592477075854e-23
46.32512305867954 1.2316956834607708e-23
46.431924188731315 1.2396812959727643e-23
46.53897154546607 1.2477163658413766e-23
46.646265696551566 1.2558011750062303e-23
46.7538072109645 1.263936006467869e-23
46.86159665899314 1.2721211454127353e-23
46.969634612241116 1.2803568781206835e-23
47.07792164362927 1.288643491106437e-23
47.18645832739932 1.296981273699048e-23
47.295245239117456 1.3053705158264292e-23
47.40428295567624 1.3138115090853744e-23
47.513572055298404 1.3223045464422793e-23
47.62311311753962 1.3308499221471633e-23
47.73290672329223 1.3394479337550103e-23
47.842953454787256 1.348098875790941e-23
47.95325389559804 1.3568030406737727e-23
48.06380863064389 1.365560747121235e-23
48.17461824619207 1.3743722735176336e-23
48.28568332986164 1.383237939820316e-23
48.397004470626214 1.392158040225587e-23
48.50858225881785 1.4011328843824447e-23
48.62041728612902 1.4101627836190085e-23
48.7325101456163 1.4192480346019e-23
48.84486143170416 1.4283889577509255e-23
48.957471740186875 1.4375858606441504e-23
49.07034166823253 1.446839056021733e-23
49.18347181438575 1.4561488572563417e-23
49.29686277857168 1.465515580598817e-23
49.41051516209798 1.4749395429190093e-23
49.52442956765861 1.4844210636339156e-23
49.63860659933762 1.4939604604425927e-23
49.753046862611164 1.5035580574582088e-23
49.86775096435148 1.513214175887306e-23
49.98271951282974 1.5229291404471723e-23
50.097953117720095 1.532703276920145e-23
50.21345239010164 1.542536912628618e-23
50.32921794246231 1.55243037650928e-23
50.44525038870272 1.5623839980578076e-23
50.561550344138205 1.57239810968999e-23
50.678118425502895 1.582473044416284e-23
50.79495525095257 1.5926091366876207e-23
50.91206144006877 1.6028067229929782e-23
51.029437613860836 1.6130661407505e-23
51.14708439476984 1.6233877292122613e-23
51.26500240667249 1.6337718276114983e-23
51.38319227488318 1.6442187795721768e-23
51.50165462615818 1.654728937099942e-23
51.620390088698514 1.6653026248537773e-23
51.73939929215412 1.6759402067754002e-23
51.85868286762595 1.6866420278447937e-23
51.97824144766995 1.697408434344098e-23
52.09807566630103 1.7082397791306696e-23
52.218186158995145 1.7191364149936754e-23
52.338573562693576 1.7300986962731315e-23
52.45923851580581 1.7411269787865272e-23
52.5801816582138 1.752221620267326e-23
52.70140363127412 1.7633829793034676e-23
52.82290507782214 1.7746114128905795e-23
52.9446866421751 1.7859072898020304e-23
53.0667489701363 1.7972709778597858e-23
53.1890927089973 1.8087028236177196e-23
53.311718507541954 1.820203204441618e-23
53.43462701605051 1.831772491925499e-23
53.557818886301796 1.843411052439071e-23
53.681294771577484 1.855119257417112e-23
53.80505532666516 1.8668974797165302e-23
53.92910120786266 1.8787460937502458e-23
54.05343307298023 1.8906654755055384e-23
54.17805158134469 1.902656002540548e-23
54.30295739380355 1.91471805396868e-23
54.42815117272727 1.9268520104712504e-23
54.55363358201355 1.9390582543607105e-23
54.6794052870905 1.951337169174764e-23
54.80546695492101 1.9636891407483365e-23
54.93181925400497 1.976114556251855e-23
55.05846285438346 1.9886138036694824e-23
55.185398427643 2.0011872731931806e-23
