results/limits/MAQRO_l_N2only.dat
# %ECSV 1.0
# ---
# datatype:
# - {name: mx, unit: MeV, datatype: float64}
# - {name: sigma_10, unit: cm2, datatype: float64}
# - {name: sigma_9, unit: cm2, datatype: float64}
# - {name: sigma_7, unit: cm2, datatype: float64}
# - {name: sigma_6, unit: cm2, datatype: float64}
# - {name: sigma_5, unit: cm2, datatype: float64}
# - {name: sigma_4, unit: cm2, datatype: float64}
# - {name: sigma_3, unit: cm2, datatype: float64}
# - {name: sigma_2, unit: cm2, datatype: float64}
# schema: astropy-2.0
mx sigma_10 sigma_9 sigma_7 sigma_6 sigma_5 sigma_4 sigma_3 sigma_2
[from data line 80]
1.9989447971105317e-06 9.773560058375795e-34 9.775718120031012e-34 1.2138656473863114e-33 1.6409143272499045e-33 2.5302500491682647e-33 5.2888203988593636e-33 6.67275651876925e-33 1.4934643517603972e-33
2.045553350050195e-06 9.530878894653578e-34 9.533077882704896e-34 1.1862106472616655e-33 1.603525591284764e-33 2.4725975464671394e-33 5.168313072292487e-33 6.520715953533364e-33 1.4594354163176482e-33
2.0932486549653353e-06 9.294264347411683e-34 9.296505049916812e-34 1.1591855023923258e-33 1.5669887700115972e-33 2.4162586736642263e-33 5.05055154228339e-33 6.372139683594658e-33 1.42618184286394e-33
2.1420560511935146e-06 9.063563593287623e-34 9.065846813250643e-34 1.132775879357815e-33 1.531284452270538e-33 2.3612034994180084e-33 4.935473245622062e-33 6.226948774101739e-33 1.393685964594946e-33
2.192001468898943e-06 8.838627691129567e-34 8.840954246753126e-34 1.1069677706783165e-33 1.496393668699328e-33 2.3074027731370715e-33 4.8230170388939445e-33 6.0850660886409277e-33 1.3619305172665253e-33
2.2431114428485372e-06 8.61931149023262e-34 8.621682215177208e-34 1.081747488471889e-33 1.4622978839840503e-33 2.2548279151530453e-33 4.7131231921304634e-33 5.946416248602895e-33 1.3308986299758406e-33
2.2954131265091837e-06 8.405473515779898e-34 8.40788925941516e-34 1.0571016543404224e-33 1.4289789819969231e-33 2.2034509894347837e-33 4.605733301357641e-33 5.8109255926159676e-33 1.300573816270271e-33
2.3489343064737076e-06 8.196975897823145e-34 8.199437525494441e-34 1.0330171959080591e-33 1.396419262957117e-33 2.153244704972788e-33 4.500790333215577e-33 5.678522137863855e-33 1.2709399653093285e-33
2.403703417223201e-06 7.993684255868843e-34 7.996192649150754e-34 1.009481336142536e-33 1.3646014272687085e-33 2.1041823851878706e-33 4.398238518559217e-33 5.54913554160811e-33 1.241981333350997e-33
2.4597495562335635e-06 7.795467625809063e-34 7.798023682771216e-34 9.864815892384304e-34 1.3335085712590284e-33 2.0562379654739633e-33 4.298023379420913e-33 5.422697064179758e-33 1.2136825354244091e-33
2.5171024994342686e-06 7.602198365167967e-34 7.604803000636716e-34 9.640057528196343e-34 1.3031241760124643e-33 2.0093859741946377e-33 4.2000916739198736e-33 5.2991395313345566e-33 1.1860285370418411e-33
2.575792717027583e-06 7.4137520702584964e-34 7.416406216080856e-34 9.420419016794636e-34 1.2734320990088926e-33 1.96360152005237e-33 4.104391373404332e-33 5.1783973001946896e-33 1.1590046463295092e-33
2.635851389676631e-06 7.230007490000526e-34 7.232712095307023e-34 9.205783813348575e-34 1.2444165652613064e-33 1.918860278267944e-33 4.0108716348122564e-33 5.060406225265572e-33 1.1325965061551436e-33
2.6973104250709106e-06 7.0508464519204225e-34 7.053602483391351e-34 8.996038025932103e-34 1.2160621602968299e-33 1.8751384808550257e-33 3.9194827731684564e-33 4.945103618162675e-33 1.1067900865473738e-33
2.760202474878063e-06 6.876153773867133e-34 6.878962215993543e-34 8.791070341908238e-34 1.1883538192369165e-33 1.8324128975145505e-33 3.830176235815938e-33 4.832428222436238e-33 1.0815716771669978e-33
2.8245609520908932e-06 6.705817195419845e-34 6.708679050768328e-34 8.590771982025305e-34 1.1612768215969189e-33 1.7906608299227143e-33 3.7429045767083934e-33 4.722320176603683e-33 1.0569278801127056e-33
2.8904200487788716e-06 6.539727299110242e-34 6.542643588982128e-34 8.395036637190065e-34 1.1348167819214053e-33 1.7498600960756924e-33 3.657621430282654e-33 4.614720982800642e-33 1.0328456027141988e-33
2.9578147542535346e-06 6.377777441177584e-34 6.380749204280355e-34 8.203760415062516e-34 1.1089596427578767e-33 1.7099890198952912e-33 3.5742814878265565e-33 4.509573476277304e-33 1.0093120507165815e-33
3.026780873657441e-06 6.219863675139386e-34 6.22289197023037e-34 8.016841782557802e-34 1.0836916666992854e-33 1.6710264185529236e-33 3.492840472857764e-33 4.406821794764133e-33 9.863147212659459e-34
3.097355046986562e-06 6.065884686933836e-34 6.068970591485456e-34 7.834181513913699e-34 1.0589994293062502e-33 1.6329515919093723e-33 3.413255116122566e-33 4.306411348825943e-33 9.63841396464904e-34
3.1695747685562034e-06 5.915741729193436e-34 5.918886340047285e-34 7.655682642271487e-34 1.0348698126675787e-33 1.5957443128118053e-33 3.335483140747964e-33 4.2082887925984656e-33 9.418801367976537e-34
3.2434784069208122e-06 5.769338549386568e-34 5.772542983205547e-34 7.4812503999581655e-34 1.0112899968348177e-33 1.5593848129049273e-33 3.2594832236273496e-33 4.11240199671524e-33 9.204192747829093e-34
3.319105225258239e-06 5.626581333093277e-34 5.6298467257871825e-34 7.310792177071471e-34 9.882474545504611e-34 1.5238537756126996e-33 3.185214989372749e-33 4.018700018449583e-33 8.994474087764007e-34
3.3964954022292982e-06 5.48737863579154e-34 5.490706143990408e-34 7.144217468108154e-34 9.657299437420593e-34 1.4891323242239913e-33 3.112638981306371e-33 3.927133075988924e-33 8.789533970068509e-34
3.4756900533236943e-06 5.351641328028161e-34 5.355032128497564e-34 6.981437828035453e-34 9.43725501694139e-34 1.4552020117966296e-33 3.0417166402979254e-33 3.837652522558234e-33 8.589263514475265e-34
3.5567312527036693e-06 5.21928253159699e-34 5.222737821638189e-34 6.822366821231037e-34 9.222224378707922e-34 1.4220448127438553e-33 2.9724102904332055e-33 3.750210819030757e-33 8.393556322432742e-34
3.6396620555569646e-06 5.090217563626424e-34 5.093738561428362e-34 6.6669199777161885e-34 9.012093280253638e-34 1.389643110735614e-33 2.9046831076427842e-33 3.664761509891594e-33 8.202308419602018e-34
3.7245265209709786e-06 4.964363882134553e-34 4.967951826793618e-34 6.515014750903083e-34 8.806750085431533e-34 1.35797969178479e-33 2.8384991112247676e-33 3.581259197897208e-33 8.015418200680269e-34
3.811369735340273e-06 4.841641029435399e-34 4.845297181289524e-34 6.366570471162096e-34 8.606085699767529e-34 1.3270377338735677e-33 2.7738231392791672e-33 3.499659520704367e-33 7.832786375454346e-34
3.900237836319859e-06 4.721970580102402e-34 4.725696220894054e-34 6.221508304912727e-34 8.409993515485391e-34 1.296800798324656e-33 2.710620831151343e-33 3.419919126122789e-33 7.654315916197946e-34
3.991178037336996e-06 4.605276088555766e-34 4.609072521614577e-34 6.079751211999608e-34 8.218369352984673e-34 1.2672528208767404e-33 2.648858608811216e-33 3.3419956494476584e-33 7.479912005849789e-34
4.0842386526745176e-06 4.4914830397381905e-34 4.495351590154048e-34 5.941223906989491e-34 8.031111409074702e-34 1.2383781039113016e-33 2.5885036597358543e-33 3.265847693770583e-33 7.309481988211722e-34
4.179469123139017e-06 4.380518797764862e-34 4.38446081254279e-34 5.805852815558779e-34 7.84812019583931e-34 1.2101613064500549e-33 2.5295239187066036e-33 3.191434801683857e-33 7.1429353177313055e-34
4.2769200423275275e-06 4.272312560146748e-34 4.276329408351316e-34 5.673566039731872e-34 7.669298495282549e-34 1.182587437789135e-33 2.4718880512328133e-33 3.11871744009932e-33 6.980183512372936e-34
4.376643183506652e-06 4.166795310845365e-34 4.1708883837277e-34 5.5442933175697375e-34 7.4945513034471775e-34 1.1556418486341692e-33 2.4155654368770826e-33 3.047656976047372e-33 6.821140105884638e-34
4.478691527118417e-06 4.06389977372337e-34 4.068070484828574e-34 5.417965987523942e-34 7.3237857826801294e-34 1.1293102234404403e-33 2.3605261527468638e-33 2.978215656858085e-33 6.6657206031525735e-34
4.583119288927478e-06 3.9635603688895295e-34 3.967810154145778e-34 5.29451694985702e-34 7.1569112081664775e-34 1.1035785728794864e-33 2.3067409578760658e-33 2.910356590172364e-33 6.513842432856325e-34
4.689981948824612e-06 3.865713169187793e-34 3.870043486973153e-34 5.173880632370083e-34 6.993838921966355e-34 1.0784332258815476e-33 2.254181277508913e-33 2.844043724032715e-33 6.365424906178509e-34
4.799336280301815e-06 3.770295861113926e-34 3.7747081921857475e-34 5.0559929599656555e-34 6.834482293703132e-34 1.0538608247542174e-33 2.202819187972219e-33 2.7792418279863547e-33 6.220389172706213e-34
4.911240380614659e-06 3.677247697057353e-34 3.6817435450491906e-34 4.940791310133277e-34 6.678756655174427e-34 1.0298483133744811e-33 2.1526274018218464e-33 2.7159164745573814e-33 6.078658178268698e-34
5.0257537016479225e-06 3.586509462748392e-34 3.591090353509964e-34 4.828214490667787e-34 6.52657927524276e-34 1.0063829349791241e-33 2.1035792535362162e-33 2.6540340205719057e-33 5.9401566247958305e-34
5.142937081500915e-06 3.498023434412673e-34 3.5026909161806908e-34 4.71820270176332e-34 6.377869305837278e-34 9.834522229892805e-34 2.0556486849470257e-33 2.5935615892258052e-33 5.8048109296624525e-34
5.262852776809252e-06 3.4117333413521623e-34 3.41648898497717e-34 4.610697505320619e-34 6.232547740800468e-34 9.610439948600039e-34 2.0088102317014804e-33 2.534467052956937e-33 5.672549187555364e-34
5.385564495820272e-06 3.32758432979204e-34 3.3324297283603653e-34 4.50564179432536e-34 6.09053737453958e-34 9.391463456676409e-34 1.9630390097450946e-33 2.476719016722696e-33 5.543301130561194e-34
5.511137432239651e-06 3.245522926319936e-34 3.2504596950852305e-34 4.402979762130105e-34 5.951762760178923e-34 9.177476416767282e-34 1.9183107019231378e-33 2.4202868000125518e-33 5.416998092536184e-34
5.639638299867211e-06 3.1654970033255215e-34 3.170526779533012e-34 4.302656873633492e-34 5.8161501708651115e-34 8.968365144451485e-34 1.874601545148534e-33 2.365140421890319e-33 5.293572971866564e-34
5.771135368040315e-06 3.0874557438523006e-34 3.0925801865181365e-34 4.20461983451829e-34 5.683627558358194e-34 8.764018542604849e-34 1.8318883179689133e-33 2.3112505844445588e-33 5.17296019575252e-34
5.905698497903673e-06 3.011349610550729e-34 3.016570400203525e-34 4.108816567107495e-34 5.554124516808461e-34 8.564328047264446e-34 1.790148327779015e-33 2.258588657370122e-33 5.055095685628592e-34
6.043399179524854e-06 2.937130309935444e-34 2.942449148299215e-34 4.01519617658613e-34 5.427572244275794e-34 8.369187567872753e-34 1.749359399175733e-33 2.2071266626767157e-33 4.939916822978571e-34
6.184310569875183e-06 2.864750763691755e-34 2.8701693733266505e-34 3.923708929373224e-34 5.303903507035785e-34 8.178493430560056e-34 1.7094998617853686e-33 2.156837259867962e-33 4.8273624161869365e-34
6.32850753169624e-06 2.7941650766760697e-34 2.799685200560621e-34 3.8343062244930075e-34 5.183052602985082e-34 7.992144325778838e-34 1.670548539908412e-33 2.1076937313778705e-33 4.717372667793402e-34
6.47606667327258e-06 2.7253285068958634e-34 2.7309519079508146e-34 3.746940567678061e-34 5.0649553266225e-34 7.81004124941797e-34 1.6324847389951453e-33 2.0596699685607497e-33 4.6098891430078436e-34
6.627066389131828e-06 2.6581974366821486e-34 2.6639258972332123e-34 3.6615655469995125e-34 4.949548936079247e-34 7.6320874550817e-34 1.5952882368806488e-33 2.0127404575590536e-33 4.504854738465909e-34
6.781586901693754e-06 2.5927293436803166e-34 2.5985646648528655e-34 3.5781358071931914e-34 4.836772118492026e-34 7.458188400302525e-34 1.5589392720679344e-33 1.9668802658103783e-33 4.402213651989852e-34
6.939710303890459e-06 2.528882773785762e-34 2.5348267748320753e-34 3.49660702686469e-34 4.726564958512478e-34 7.2882516967000325e-34 1.523418533085568e-33 1.922065028533006e-33 4.3019113529122735e-34
7.101520602780329e-06 2.4666173135709262e-34 2.472671831120502e-34 3.416935893986354e-34 4.618868905921863e-34 7.122187061187524e-34 1.4887071487685499e-33 1.878270937831088e-33 4.203894553072066e-34
7.267103764178904e-06 2.4058935639208193e-34 2.41206045115157e-34 3.3390800828626274e-34 4.5136267444665076e-34 6.95990626797936e-34 1.4547866779007509e-33 1.835474725459324e-33 4.108111178620482e-34
7.436547758330399e-06 2.346673115182842e-34 2.3529542409126707e-34 3.262998233252307e-34 4.410782561234481e-34 6.801323100904452e-34 1.4216390992081874e-33 1.793653655755737e-33 4.014510342162199e-34
7.609942606644117e-06 2.2889185206087034e-34 2.2953157682904627e-34 3.188649925448216e-34 4.310281718029131e-34 6.646353308835644e-34 1.3892468022508253e-33 1.7527855098635717e-33 3.923042315912545e-34
7.787380429520604e-06 2.232593273467663e-34 2.2391085400987024e-34 3.1159956616677817e-34 4.212070821043019e-34 6.494914560059238e-34 1.3575925777937188e-33 1.7128485756837044e-33 3.833658505144162e-34
7.968955495292936e-06 2.1776617821332526e-34 2.184296977059709e-34 3.0449968429945593e-34 4.116097691919909e-34 6.346926399025282e-34 1.3266596087795228e-33 1.673821635572494e-33 3.7463114224993934e-34
8.15476427030917e-06 2.124089349046081e-34 2.1308463926759323e-34 2.9756157527158915e-34 4.0223113466545285e-34 6.2023102030406415e-34 1.2964314612014096e-33 1.6356839552796805e-33 3.6609546625363727e-34
8.344905470182516e-06 2.0718421443413393e-34 2.0787229667251457e-34 2.907815529142489e-34 3.930661954712613e-34 6.0609891412985574e-34 1.266892075587137e-33 1.5984152740340815e-33 3.5775428774152623e-34
8.539480112236516e-06 2.0208871879941517e-34 2.0278937273163145e-34 2.84156015397145e-34 3.841100826530324e-34 5.922888133593931e-34 1.2380257585740483e-33 1.561995791053237e-33 3.496031752455604e-34
8.738591569173047e-06 1.9711923253276233e-34 1.9783265262577887e-34 2.7768144271279776e-34 3.753580380391158e-34 5.787933810032475e-34 1.2098171740589605e-33 1.526406157651735e-33 3.416377982839497e-34
8.942345623991688e-06 1.9227262078642072e-34 1.929990019793461e-34 2.7135439516908546e-34 3.6680541186888396e-34 5.656054472348675e-34 1.182251335352103e-33 1.4916274666010058e-33 3.3385392504700262e-34
9.150850526189614e-06 1.8754582725813473e-34 1.882853647724384e-34 2.6517151144171446e-34 3.5844766038143835e-34 5.5271800572169535e-34 1.1553135978141738e-33 1.457641240155222e-33 3.2624742015554947e-34
9.364217049271877e-06 1.8293587214473202e-34 1.8368876128015817e-34 2.5912950670516794e-34 3.5028034320143924e-34 5.401242094267676e-34 1.128989649843398e-33 1.4244294224850519e-33 3.188142424611922e-34
9.58255854960264e-06 1.7843985034377378e-34 1.792062862609707e-34 2.5322517113442116e-34 3.422991214202458e-34 5.27817368018099e-34 1.1032655054194419e-33 1.3919743690180329e-33 3.1155044290131767e-34
9.805991026628606e-06 1.7405492942319719e-34 1.748351069102052e-34 2.474553679073628e-34 3.3449975475729487e-34 5.157909430453897e-34 1.0781275000890368e-33 1.3602588371246071e-33 3.0445216238768808e-34
1.0034633184506672e-05 1.697783478209208e-34 1.7057246104437727e-34 2.4181703161902606e-34 3.2687809945366706e-34 5.040385449078015e-34 1.0535622765896417e-33 1.329265977164664e-33 2.975156298090227e-34
1.0268606495168497e-05 1.656074131712939e-34 1.664156554125693e-34 2.3630716686194235e-34 3.194301064513101e-34 4.925539299809911e-34 1.0295567846485222e-33 1.2989793234031796e-33 2.907371599264512e-34
1.0508035262855554e-05 1.615395004327889e-34 1.623620638063593e-34 2.309228463980773e-34 3.121518188225524e-34 4.813309968195677e-34 1.0060982709096296e-33 1.2693827852334263e-33 2.841131515194726e-34
1.07530466901589e-05 1.5757205022585983e-34 1.5840912538080832e-34 2.256612096649178e-34 3.050393697082332e-34 4.703637829126629e-34 9.831742722650127e-34 1.2404606388493398e-33 2.7764008541283464e-34
1.1003770945598772e-05 1.5370256719771476e-34 1.5455434300174458e-34 2.205194612995798e-34 2.9808898048408843e-34 4.596464616726131e-34 9.607726098680251e-34 1.2121975185344129e-33 2.713145226271683e-34
1.1260341232779899e-05 1.4992861840010384e-34 1.5079528160533735e-34 2.154948696347711e-34 2.9129695857653506e-34 4.491733392436156e-34 9.388813822107768e-34 1.1845784088286412e-33 2.6513310254761743e-34
1.1522893861159297e-05 1.4624783170820888e-34 1.4712956659829268e-34 2.10584765235139e-34 2.8465969554830635e-34 4.389388515059082e-34 9.17488959008985e-34 1.1575886363830255e-33 2.590925411379718e-34
1.1791568318464117e-05 1.426578942883641e-34 1.4355488230659143e-34 2.0578653949763016e-34 2.781736651957687e-34 4.289375611539106e-34 8.965839750950209e-34 1.1312138621723781e-33 2.5318962919821776e-34
1.206650734479802e-05 1.3915655114970817e-34 1.4006897050840597e-34 2.010976432329914e-34 2.718354216395091e-34 4.191641547254454e-34 8.761553240798403e-34 1.1054400739714742e-33 2.4742123065582044e-34
