results/limits/MAQRO_l_N2only.dat
# %ECSV 1.0
# ---
# datatype:
# - {name: mx, unit: MeV, datatype: float64}
# - {name: sigma_10, unit: cm2, datatype: float64}
# - {name: sigma_9, unit: cm2, datatype: float64}
# - {name: sigma_7, unit: cm2, datatype: float64}
# - {name: sigma_6, unit: cm2, datatype: float64}
# - {name: sigma_5, unit: cm2, datatype: float64}
# - {name: sigma_4, unit: cm2, datatype: float64}
# - {name: sigma_3, unit: cm2, datatype: float64}
# - {name: sigma_2, unit: cm2, datatype: float64}
# schema: astropy-2.0
mx sigma_10 sigma_9 sigma_7 sigma_6 sigma_5 sigma_4 sigma_3 sigma_2
[from data line 559]
0.12462225218368743 1.4730329929197384e-38 1.8341060525944283e-38 3.597896459651509e-38 6.905941588709961e-38 3.536674293802736e-37 9.905416090051404e-35 1.0706729470009403e-31 2.6541546010126484e-31
0.1275280166884199 1.442310965253088e-38 1.796722745283262e-38 3.5329127154516894e-38 6.810520419919605e-38 3.5585606741545113e-37 1.051523580081597e-34 1.1469698682455167e-31 2.843965358106611e-31
0.13050153367883624 1.412235223307667e-38 1.7601120930514127e-38 3.469183751233619e-38 6.716946535100926e-38 3.5820843983291565e-37 1.1165846431614774e-34 1.2287183430824936e-31 3.0473592438086776e-31
0.1335443829110759 1.3827920770225553e-38 1.7242579610028116e-38 3.4066847384036816e-38 6.625187868593873e-38 3.6072993997842675e-37 1.1860068516063562e-34 1.3163083515119226e-31 3.2653085481637624e-31
0.13665818097578622 1.3539681280772809e-38 1.689144554054349e-38 3.345391351399218e-38 6.535213048423137e-38 3.634262769792473e-37 1.2600921299655951e-34 1.4101577847536109e-31 3.4988551682426467e-31
0.13984458215697693 1.3257502636372956e-38 1.6547564097212556e-38 3.2852797573438936e-38 6.446991384452159e-38 3.663034936239515e-37 1.339163687872651e-34 1.5107144432613796e-31 3.749115586784275e-31
0.14310527931090045 1.2981256502349024e-38 1.6210783910568887e-38 3.2263266059206383e-38 6.360492856860094e-38 3.69367985408333e-37 1.4235675348457287e-34 1.6184581777928665e-31 4.017286215834515e-31
0.14644200476542463 1.2710817277820346e-38 1.5880956797441013e-38 3.168509019457429e-38 6.275688104937956e-38 3.726265208268397e-37 1.5136741031976994e-34 1.7339031837443785e-31 4.304649115930146e-31
0.14985653124037576 1.2446062037125854e-38 1.5557937693345868e-38 3.1118045832214073e-38 6.192548416200499e-38 3.7608626299459747e-37 1.6098799867773906e-34 1.8576004597529011e-31 4.6125781316330304e-31
0.15335067278934078 1.218687047250972e-38 1.5241584586330162e-38 3.0561913359167396e-38 6.111045715810543e-38 3.7975479269112475e-37 1.7126098038187182e-34 1.9901404422942176e-31 4.9425454582493485e-31
0.1569262857634292 1.193312483804448e-38 1.4931758452229117e-38 3.001647760381764e-38 6.031152556312716e-38 3.836401329233154e-37 1.8223181927683063e-34 2.132155828906976e-31 5.296128685600426e-31
0.1605852697975066 1.168470989476461e-38 1.4628323191310741e-38 2.948152774481331e-38 5.952842107674002e-38 3.8775077511218496e-37 1.939491950598965e-34 2.2843246035259386e-31 5.675018342198105e-31
0.16432956881942368 1.1441512856981959e-38 1.4331145566275971e-38 2.8956857221898945e-38 5.87608814762847e-38 3.92095707015312e-37 2.0646523237986834e-34 2.4473732784043014e-31 6.081025981196383e-31
0.16816117208277714 1.120342333976017e-38 1.404009514158561e-38 2.844226364861425e-38 5.800865052324104e-38 3.966844425048454e-37 2.1983574629559594e-34 2.62208036811727e-31 6.516092839817383e-31
0.172082115223751 1.097033330752033e-38 1.375504422408381e-38 2.79375487268211e-38 5.727147787269733e-38 4.0152705332946385e-37 2.341205052645708e-34 2.8092801123037665e-31 6.982299135325911e-31
0.1760944813425998 1.0742137023754894e-38 1.3475867804891932e-38 2.7442518163018574e-38 5.654911898580424e-38 4.066342029977876e-37 2.49383512915921e-34 3.009866464881753e-31 7.48187400356139e-31
0.1802004021103484 1.0518731001823961e-38 1.320244350254347e-38 2.6956981586408053e-38 5.58413350451993e-38 4.120171829304841e-37 2.656933099521009e-34 3.22479736888412e-31 8.017206165957017e-31
0.18440205890129596 1.0300013956813172e-38 1.2934651507334953e-38 2.648075246867209e-38 5.51478928733919e-38 4.176879510387735e-37 2.831232976199086e-34 3.4550993373284627e-31 8.590855354867591e-31
0.18870168395192646 1.0085886758426344e-38 1.2672374526863902e-38 2.601364804542807e-38 5.446856485409916e-38 4.236591728981756e-37 3.017520842946904e-34 3.701872362022311e-31 9.205564551146036e-31
0.1931015615468407 9.876252384893867e-39 1.2415497732731672e-38 2.5555489239324055e-38 5.38031288565293e-38 4.299442656983209e-37 3.216638568321994e-34 3.966295173826952e-31 9.864273112791034e-31
0.1976040292323402 9.671015877872846e-39 1.2163908708382467e-38 2.510610058473903e-38 5.315136816260989e-38 4.36557445162409e-37 3.4294877846106246e-34 4.2496308794672585e-31 1.0570130821909507e-30
0.20221147905830805 9.470084298317129e-39 1.1917497398056318e-38 2.46653101540555e-38 5.251307139716203e-38 4.435137756435814e-37 3.657034151157721e-34 4.553233001937322e-31 1.1326512962437881e-30
0.20692635884904578 9.273366683298104e-39 1.1676156056831222e-38 2.423294948546993e-38 5.188803246102484e-38 4.508292236200788e-37 3.900311922461397e-34 4.8785519532974715e-31 1.2137036451707292e-30
0.21175117350374192 9.080774003753097e-39 1.1439779201730749e-38 2.380885351230885e-38 5.127605046713927e-38 4.5852071482668845e-37 4.160428842849042e-34 5.227141970918737e-31 1.3005577152930822e-30
0.2166884863272632 8.89221912314428e-39 1.1208263563874225e-38 2.3392860493818658e-38 5.067692967960114e-38 4.6660619527667875e-37 4.4385713911133136e-34 5.600668550258043e-31 1.3936288403168309e-30
0.22174092039197504 8.707616757004137e-39 1.0981508041647254e-38 2.2984811947398027e-38 5.009047945569886e-38 4.751046964462711e-37 4.7360104001598035e-34 6.000916409781471e-31 1.4933620880907249e-30
0.22691115993131514 8.526883433353187e-39 1.0759413654870542e-38 2.2584552582242464e-38 4.951651419095498e-38 4.840364049127527e-37 5.054107078510812e-34 6.429798026106587e-31 1.600234389442837e-30
0.23220195176586036 8.349937453966652e-39 1.0541883499945021e-38 2.2191930234370944e-38 4.89548532671938e-38 4.934227367577152e-37 5.394319462431064e-34 6.889362780185941e-31 1.7147568192316467e-30
0.2376161067626448 8.17669885647511e-39 1.0328822705953099e-38 2.1806795803006134e-38 4.840532100366104e-38 5.032864170686376e-37 5.758209329499293e-34 7.381806758285667e-31 1.8374770408960903e-30
0.24315650132850383 8.007089377278089e-39 1.0120138391694254e-38 2.1429003188278578e-38 4.786774661122749e-38 5.13651564895283e-37 6.147449606655882e-34 7.909483254633285e-31 1.9689819260076672e-30
0.24882607893823822 7.841032415256064e-39 9.915739623636613e-39 2.1058409230228466e-38 4.734196414971082e-38 5.245437840421495e-37 6.563832308120146e-34 8.474914025966513e-31 2.109900361212799e-30
0.25462785169840935 7.678452996260602e-39 9.715537374762845e-39 2.0694873649076736e-38 4.682781248835582e-38 5.359902601047199e-37 7.009277041103806e-34 9.080801351817244e-31 2.2609062561725904e-30
0.2605649019475973 7.519277738367962e-39 9.519444484292786e-39 2.0338258986738757e-38 4.6325135269517303e-38 5.480198641854997e-37 7.485840119961386e-34 9.730040958214469e-31 2.4227217668726954e-30
0.26664038389397104 7.363434817878304e-39 9.327375618262603e-39 1.998843054955555e-38 4.583378087559495e-38 5.606632637560047e-37 7.995724332326833e-34 1.0425735866617654e-30 2.5961207495065225e-30
0.27285752529104135 7.210853936045616e-39 9.139247230943717e-39 1.964525635221584e-38 4.5353602399275595e-38 5.739530411630656e-37 8.541289403902279e-34 1.1171211234340481e-30 2.7819324625549174e-30
0.2792196291524867 7.061466286521466e-39 8.954977527081307e-39 1.9308607062845168e-38 4.4884457617142017e-38 5.879238203121773e-37 9.12506321190502e-34 1.1970030257397588e-30 2.9810455321273898e-30
0.2857300755069626 6.915204523497323e-39 8.774486424937192e-39 1.8978355949236703e-38 4.442620896671471e-38 6.026124020972954e-37 9.749753800757685e-34 1.2826011211913901e-30 3.194412203462739e-30
0.2923923231938275 6.772002730531138e-39 8.597695520117551e-39 1.865437882620063e-38 4.397872352699907e-38 6.1805790918566545e-37 1.0418262257442117e-33 1.3743245715522378e-30 3.423052894573663e-30
0.2992099117007387 6.631796390042693e-39 8.424528050170752e-39 1.8336554004008358e-38 4.354187300261472e-38 6.3430194080802886e-37 1.1133696508047565e-33 1.4726118296166992e-30 3.668061077512916e-30
0.3061864630440946 6.494522353462835e-39 8.254908859936716e-39 1.8024762237909372e-38 4.311553371159375e-38 6.513887382492163e-37 1.1899386101448031e-33 1.5779327361858374e-30 3.930608507986492e-30
0.31332568369332287 6.360118812024141e-39 8.08876436763369e-39 1.771888667869731e-38 4.2699586576938595e-38 6.693653617817638e-37 1.271889805076365e-33 1.6907907671733026e-30 4.2119508308763106e-30
0.32063136654003577 6.22852526817717e-39 7.926022531665183e-39 1.7418812824304828e-38 4.229391712203926e-38 6.882818798361088e-37 1.3596053808318385e-33 1.8117254415809502e-30 4.513433584051792e-30
0.3281073929131 6.099682507620186e-39 7.766612818132017e-39 1.712442847240483e-38 4.1898415470056954e-38 7.081915712552959e-37 1.453494745522674e-33 1.9413149018777075e-30 4.836498637532618e-30
0.3357577346406907 5.973532571928558e-39 7.610466169034916e-39 1.6835623673997856e-38 4.151297634738985e-38 7.291511415402517e-37 1.5539965192549832e-33 2.08017867910105e-30 5.182691086611272e-30
0.343586456160426 5.8500187317710464e-39 7.45751497115219e-39 1.6552290687964813e-38 4.1137499091344505e-38 7.512209540538161e-37 1.66158062271851e-33 2.2289806559299222e-30 5.5536666445588e-30
0.3515977166787018 5.72908546070006e-39 7.307693025578169e-39 1.6274323936565466e-38 4.077188766214665e-38 7.744652772181889e-37 1.776750515232403e-33 2.3884322418846547e-30 5.951199560646288e-30
0.359795772380376 5.610678409504059e-39 7.160935517908899e-39 1.6001619961862764e-38 4.041605065943403e-38 7.989525488115706e-37 1.9000455929458438e-33 2.559295775850596e-30 6.377191106967561e-30
0.368184978689974 5.49474438110944e-39 7.017178989060129e-39 1.5734077383054305e-38 4.0069901343384654e-38 8.247556585458972e-37 2.032043758657565e-33 2.742388172198218e-30 6.833678673034961e-30
0.3767697925856183 5.381231306020029e-39 6.876361306705171e-39 1.547159685469205e-38 3.973335766064472e-38 8.519522501891147e-37 2.1733641755389436e-33 2.9385848279336286e-30 7.322845509162524e-30
0.38555477496691104 5.27008821828351e-39 6.73842163731849e-39 1.521408102577201e-38 3.940634227523134e-38 8.806250445828501e-37 2.3246702179249104e-33 3.14882380958075e-30 7.847031171592904e-30
0.394544593078027 5.161265231971955e-39 6.603300418812911e-39 1.496143449967611e-38 3.908878260459848e-38 9.108621849999916e-37 2.4866726332792317e-33 3.374110339803216e-30 8.408742709992571e-30
0.4037440229873054 5.054713518166675e-39 6.470939333756843e-39 1.4713563794948789e-38 3.878061086106676e-38 9.427576063872439e-37 2.6601329304508584e-33 3.615521605246948e-30 9.01066666173454e-30
0.4131579521246571 4.9503852824359714e-39 6.34128128315993e-39 1.4470377306891228e-38 3.848176409883116e-38 9.764114301456083e-37 2.845867010420029e-33 3.874211908578707e-30 9.655681899202307e-30
0.42279138187813525 4.848233742795061e-39 6.214270360814571e-39 1.423178526995656e-38 3.8192184266776594e-38 1.0119303862175943e-36 3.0447490568927212e-33 4.151418189383458e-30 1.0346873402100337e-29
0.43264943025104924 4.748213108138105e-39 6.089851828181496e-39 1.3997699720929453e-38 3.791181826734491e-38 1.04942826437448e-36 3.2577157053446984e-33 4.4484659403101326e-30 1.108754701148762e-29
0.4427373345810337 4.650278557131992e-39 5.967972089807713e-39 1.3768034462874334e-38 3.764061802171499e-38 1.0890263967307536e-36 3.485770510448095e-33 4.7667755467777444e-30 1.188124524339148e-29
0.4530604543225162 4.55438621756202e-39 5.8485786692657845e-39 1.3542705029837053e-38 3.7378540541574323e-38 1.130854173656814e-36 3.729988733240674e-33 5.107869080554608e-30 1.2731764232200692e-29
0.4636242738940635 4.460493146119689e-39 5.731620185602828e-39 1.3321628652283513e-38 3.712554800777861e-38 1.1750495954157743e-36 3.991522470926909e-33 5.473377579711524e-30 1.364317188800997e-29
0.47443440559211736 4.368557308623026e-39 5.617046330288716e-39 1.3104724223261672e-38 3.68816078562167e-38 1.2217598620168825e-36 4.271606153838988e-33 5.865048849767619e-30 1.4619827353678938e-29
0.48549659257266914 4.278537560660466e-39 5.504807844652764e-39 1.289191226527137e-38 3.664669287121815e-38 1.271142003957315e-36 4.5715624358417415e-33 6.2847558233454166e-30 1.5666401855982862e-29
0.4968167119024568 4.1903936286485015e-39 5.394856497798272e-39 1.268311489782825e-38 3.64207812868638e-38 1.3233635567171962e-36 4.892808506347202e-33 6.734505518316659e-30 1.6787901048476314e-29
0.5084007776813051 4.104086091295323e-39 5.28714506498514e-39 1.2478255805707635e-38 3.620385689658301e-38 1.3786032820804456e-36 5.236862854121182e-33 7.216448637288531e-30 1.7989688953874485e-29
0.5202549442372687 4.019576361460324e-39 5.1816273064700525e-39 1.2277260207854416e-38 3.5995909171447e-38 1.4370519395777635e-36 5.605352515224885e-33 7.732889854345764e-30 1.927751362049306e-29
0.5323855093962742 3.936826668401988e-39 5.078257946794873e-39 1.20800548269463e-38 3.5796933387594194e-38 1.4989131115888594e-36 6.0000208397502415e-33 8.286298838254382e-30 2.0657534616666785e-29
0.5447989178279997 3.855800040405696e-39 4.976992654513693e-39 1.1886567859596815e-38 3.560693076325296e-38 1.564404085900113e-36 6.422735814488936e-33 8.879322064848702e-30 2.213635249277248e-29
0.557501764469769 3.7764602877826086e-39 4.87778802234883e-39 1.169672894718535e-38 3.5425908605856633e-38 1.633756799792686e-36 6.875498981334041e-33 9.51479547510149e-30 2.3721040351474548e-29
0.5705007980302781 3.698771986232544e-39 4.7806015477669973e-39 1.1510469147302249e-38 3.525388046978026e-38 1.7072188500358257e-36 7.360454994062603e-33 1.0195758039430493e-29 2.541917768129387e-29
0.5838029245750183 3.622700460562231e-39 4.6853916139666224e-39 1.1327720905796383e-38 3.509086632526095e-38 1.7850545734825008e-36 7.879901859200588e-33 1.092546629310877e-29 2.723888660862328e-29
0.5974152111952977 3.548211768752133e-39 4.592117471267382e-39 1.1148418029413278e-38 3.493689273910322e-38 1.8675462033107567e-36 8.436301909943821e-33 1.1707409912315392e-29 2.918887074780896e-29
0.6113448897628128 3.4752726863634247e-39 4.500739218893461e-39 1.0972495659012683e-38 3.4791993067808963e-38 1.9549951063261062e-36 9.032293565614431e-33 1.254532840532262e-29 3.1278456831541916e-29
0.6255993607717623 3.403850691278514e-39 4.4112177871424015e-39 1.0799890243353568e-38 3.465620766381432e-38 2.0477231071394782e-36 9.670703932889504e-33 1.3443228998658369e-29 3.3517639322076356e-29
0.6401861972705483 3.333913948767873e-39 4.323514919930913e-39 1.0630539513436091e-38 3.4529584095561707e-38 2.1460739054633925e-36 1.0354562309064886e-32 1.440540580379095e-29 3.5917128213799523e-29
0.6551131488851486 3.265431296875537e-39 4.2375931577099404e-39 1.0464382457389348e-38 3.441217738218233e-38 2.2504145932281127e-36 1.1087114651931252e-32 1.5436460356033763e-29 3.848840026673665e-29
0.6703881459363026 3.198372232117377e-39 4.1534158207409834e-39 1.0301359295894498e-38 3.430405024361734e-38 2.3611372787113332e-36 1.187183908546281e-32 1.6541323623874044e-29 4.1243753896046223e-29
0.686019303652694 3.1327068954848325e-39 4.070946992726029e-39 1.0141411458132957e-38 3.420527336706014e-38 2.4786608254015733e-36 1.271246251547315e-32 1.772527959403455e-29 4.4196367999559405e-29
0.7020149264823721 3.068406058747437e-39 3.990151504783444e-39 9.984481558249594e-39 3.4115925690661484e-38 2.6034327138791043e-36 1.3612978434701665e-32 1.8993990545059348e-29 4.7360364993370086e-29
0.7183835125046995 3.005441111048254e-39 3.9109949197628386e-39 9.83051337232115e-39 3.4036094705502235e-38 2.7359310356011033e-36 1.4577666002482697e-32 2.035352413031914e-29 5.075087836166997e-29
0.7351337579451718 2.9437840457854704e-39 3.8334435168911715e-39 9.679451815820305e-39 3.396587677690591e-38 2.876666628122437e-36 1.561111049024573e-32 2.1810382399980006e-29 5.438412504434702e-29
0.7522745617955077 2.8834074477742e-39 3.7574642767433695e-39 9.531242921565941e-39 3.3905377486234626e-38 3.026185361972388e-36 1.671822519062742e-32 2.3371532900737338e-29 5.8277483001114e-29
0.7698150305414633 2.8242844806825187e-39 3.6830248665307083e-39 9.385833818150885e-39 3.385471199439018e-38 3.1850705901441755e-36 1.7904274894976783e-32 2.5044442002100082e-29 6.244957433877986e-29
