results/limits/MAQRO_l.dat
# %ECSV 1.0
# ---
# datatype:
# - {name: mx, unit: MeV, datatype: float64}
# - {name: sigma_10, unit: cm2, datatype: float64}
# - {name: sigma_9, unit: cm2, datatype: float64}
# - {name: sigma_7, unit: cm2, datatype: float64}
# - {name: sigma_6, unit: cm2, datatype: float64}
# - {name: sigma_5, unit: cm2, datatype: float64}
# - {name: sigma_4, unit: cm2, datatype: float64}
# - {name: sigma_3, unit: cm2, datatype: float64}
# - {name: sigma_2, unit: cm2, datatype: float64}
# schema: astropy-2.0
mx sigma_10 sigma_9 sigma_7 sigma_6 sigma_5 sigma_4 sigma_3 sigma_2
[from data line 478]
0.01926569962258253 8.220368104303183e-38 9.902142238591715e-38 1.6759774884372445e-37 2.563512506619505e-37 5.399800149998091e-37 4.190438791052427e-36 4.662225986129723e-34 1.0247108852404181e-33
0.019714909816919448 8.046587882102838e-38 9.696148497529502e-38 1.6434209608421345e-37 2.5182924226633673e-37 5.333813307000237e-37 4.253408334324525e-36 4.9659192588954925e-34 1.0961879707109093e-33
0.020174594055939365 7.876510586378203e-38 9.494489063038773e-38 1.6115187740495093e-37 2.4739450233747525e-37 5.2692096318109264e-37 4.319712304787544e-36 5.290455415317151e-34 1.1727241309447405e-33
0.02064499655852557 7.710056514475573e-38 9.297071513885206e-38 1.5802574003183363e-37 2.4304527825896995e-37 5.205966634260269e-37 4.3895032407803427e-36 5.637296401755415e-34 1.2546797527578776e-33
0.021126367237910063 7.547147711241571e-38 9.103805445518221e-38 1.549623603670815e-37 2.387798551815007e-37 5.144062443715117e-37 4.462942952360115e-36 6.008007898302561e-34 1.3424409476054248e-33
0.021618961834446313 7.387707929074246e-38 8.914602423788169e-38 1.5196044330545202e-37 2.3459655511275496e-37 5.083475797688677e-37 4.5402031056426905e-36 6.40426671804275e-34 1.436421452702074e-33
0.02212304205147776 7.231662588978503e-38 8.729375939846678e-38 1.4901872156923546e-37 2.3049373603415198e-37 5.024186031029892e-37 4.621465847233905e-36 6.827868732358956e-34 1.5370645435643924e-33
0.022638875694374342 7.078938742594672e-38 8.54804136619669e-38 1.4613595506139705e-37 2.2646979104339283e-37 4.9661730656806675e-37 4.706924471549069e-36 7.280737364863887e-34 1.644845175923224e-33
0.0231667368128109 6.929465035170899e-38 8.370515913856705e-38 1.433109302362401e-37 2.225231475218746e-37 4.90941740098859e-37 4.7967841340064054e-36 7.76493269254327e-34 1.7602722704610082e-33
0.02370690584636297 6.78317166945311e-38 8.196718590602697e-38 1.4054245948700164e-37 2.186522663260689e-37 4.85390010456452e-37 4.8912626132910715e-36 8.282661195872318e-34 1.883891087811197e-33
0.024259669773497434 6.6399903704644e-38 8.026570160259147e-38 1.3782938054980939e-37 2.1485564100199803e-37 4.7996028036757295e-37 4.990591126113352e-36 8.836286209031988e-34 2.0162858989205006e-33
0.024825322264037063 6.499854351148843e-38 7.859993103003322e-38 1.3517055592345465e-37 2.1113179702197687e-37 4.7465076771656705e-37 5.095015198116728e-36 9.428339114477757e-34 2.1580827122874387e-33
0.025404163835180054 6.362698278854814e-38 7.696911576656311e-38 1.3256487230446226e-37 2.074792910428272e-37 4.694597447893173e-37 5.204795594852542e-36 1.0061531340379628e-33 2.3099523028344894e-33
0.025996502011157406 6.228458242632955e-38 7.537251378929111e-38 1.3001124003694651e-37 2.038967101848039e-37 4.643855375684475e-37 5.32020931700499e-36 1.0738767215022037e-33 2.4726134009456063e-33
0.026602651486612925 6.097071721326964e-38 7.380939910597405e-38 1.2750859257678318e-37 2.0038267133050685e-37 4.594265250792749e-37 5.441550664342531e-36 1.1463157740487486e-33 2.6468361115279765e-33
0.027222934293792744 5.96847755243414e-38 7.227906139577085e-38 1.250558859696281e-37 1.9693582044307725e-37 4.545811387860822e-37 5.569132373181187e-36 1.223803535261081e-33 2.833445620196527e-33
0.027857679973633073 5.842615901714247e-38 7.078080565874192e-38 1.2265209834233721e-37 1.9355483190301774e-37 4.49847862038365e-37 5.7032868324742274e-36 1.3066969735023955e-33 3.0333260929445384e-33
0.02850722575083718 5.719428233525516e-38 6.93139518738565e-38 1.2029622940737225e-37 1.902384078629912e-37 4.452252295668518e-37 5.8443673839976034e-36 1.3953784766535542e-33 3.247424947228103e-33
0.02917191671303455 5.59885728186882e-38 6.787783466524661e-38 1.1798729997977193e-37 1.8698527761999234e-37 4.40711827029151e-37 5.9927497124740195e-36 1.4902576678508456e-33 3.476757324584387e-33
0.029852105994117403 5.48084702211962e-38 6.647180297649167e-38 1.157243515063031e-37 1.837941970043007e-37 4.3630629060503415e-37 6.14883333188335e-36 1.5917733513492887e-33 3.722410987789535e-33
0.030548154961852016 5.36534264342883e-38 6.509521975269184e-38 1.1350644560641419e-37 1.8066394778466153e-37 4.320073066414369e-37 6.313043174633092e-36 1.7003955973770717e-33 3.9855514714172396e-33
0.031260433409864494 5.252290521775792e-38 6.37474616301323e-38 1.1133266362462376e-37 1.775933370891458e-37 4.278136113473831e-37 6.48583129072296e-36 1.816627976336791e-33 4.267427687572801e-33
0.031989319754103004 5.141638193654504e-38 6.242791863331312e-38 1.0920210619400586e-37 1.7458119684118623e-37 4.237239905391517e-37 6.667678664525141e-36 1.941009952696618e-33 4.569377864948816e-33
0.0327352012338808 5.033334330376838e-38 6.113599387914438e-38 1.0711389281042396e-37 1.7162638321028548e-37 4.197372794361033e-37 6.85909715732534e-36 2.0741194502454114e-33 4.8928359515746956e-33
0.03349847411760691 4.927328712976052e-38 5.987110328812193e-38 1.0506716141720471e-37 1.6872777607693128e-37 4.15852362507718e-37 7.060631584327557e-36 2.2165756008642566e-33 5.239338470939139e-33
0.034279543913313774 4.823572207695337e-38 5.863267530228175e-38 1.0306106799993327e-37 1.6588427851125874e-37 4.120681733725074e-37 7.272861935423488e-36 2.369041689929401e-33 5.610531845114416e-33
0.03507882558409363 4.722016742045723e-38 5.742015060976029e-38 1.0109478619107737e-37 1.6309481626502586e-37 4.083836947495686e-37 7.496405749664693e-36 2.5322283125437243e-33 6.008180284772549e-33
0.03589674376855814 4.622615281418259e-38 5.623298187577757e-38 9.916750688414807e-38 1.6035833727648765e-37 4.047979584637095e-37 7.731920654060107e-36 2.7068967555049345e-33 6.434174195075221e-33
0.03673373300643846 4.525321806236833e-38 5.507063347987787e-38 9.727843785712775e-38 1.5767381118776415e-37 4.013100455051628e-37 7.980107078051855e-36 2.893862621338857e-33 6.890539217295249e-33
0.037590237969445384 4.4300912896366566e-38 5.393258125925974e-38 9.542680340489338e-38 1.550402288743194e-37 3.979190861450758e-37 8.241711155806433e-36 3.0939997116608016e-33 7.379445924889888e-33
0.038466713697512506 4.336879675656481e-38 5.28183122580382e-38 9.361184398038387e-38 1.524566019861843e-37 3.946242601080785e-37 8.517527829297347e-36 3.308244188314937e-33 7.903220160671178e-33
0.03936362584054766 4.245643857930216e-38 5.172732448228361e-38 9.183281584426145e-38 1.4992196250056384e-37 3.91424796803386e-37 8.808404166055164e-36 3.5375990324097065e-33 8.464354179714946e-33
0.04028145090582124 4.1563416588654286e-38 5.065912666068641e-38 9.008899072282916e-38 1.4743536228549287e-37 3.883199756160471e-37 9.115242906425805e-36 3.783138822366761e-33 9.065518555287475e-33
0.04122067651112274 4.0689318092973063e-38 4.961323801070756e-38 8.837965547397914e-38 1.4499587267421051e-37 3.853091262600935e-37 9.439006256215522e-36 4.0460148538668766e-33 9.709574923843108e-33
0.04218180164382002 3.983373928605571e-38 4.858918801006906e-38 8.670411176094403e-38 1.4260258404994075e-37 3.823916291955265e-37 9.780719941711772e-36 4.327460626266181e-33 1.0399589680257494e-32
0.043165336925959 3.8996285052826675e-38 4.758651617345477e-38 8.506167573364398e-38 1.40254605440774e-37 3.7956691611123625e-37 1.0141477545267368e-35 4.628797721588225e-33 1.1138848629734355e-32
0.044171804885544536 3.817656877942464e-38 4.6604771834284244e-38 8.345167771741913e-38 1.379510641243608e-37 3.768344704761385e-37 1.052244514091599e-35 4.9514421042394695e-33 1.1930872686479941e-32
0.04520174023414663 3.7374212167585447e-38 4.564351393143485e-38 8.187346190894977e-38 1.3569110524214031e-37 3.741938281609996e-37 1.0924866250874173e-35 5.296910871578797e-33 1.277943470167979e-32
0.046255690150979495 3.658884505321095e-38 4.470231080079311e-38 8.032638607917328e-38 1.3347389142282878e-37 3.7164457813362082e-37 1.1350067145267367e-35 5.666829487611127e-33 1.3688577501004171e-32
0.047334214573604344 3.5820105229031055e-38 4.3780739971501845e-38 7.880982128300961e-38 1.3129860241491428e-37 3.691863632302701e-37 1.1799462509019228e-35 6.062939534368283e-33 1.4662633208123034e-32
0.048437886495410414 3.506763827124707e-38 4.2878387966806085e-38 7.732315157571861e-38 1.2916443472790608e-37 3.6681888100646476e-37 1.22745615015645e-35 6.487107018044694e-33 1.5706243951511155e-32
0.04956729227003216 3.433109737006905e-38 4.1994850109367156e-38 7.586577373571197e-38 1.2707060128209939e-37 3.64541884670445e-37 1.2776974236898904e-35 6.941331269624055e-33 1.682438406387074e-32
0.05072303192286451 3.361014316405293e-38 4.112973033094673e-38 7.443709699365667e-38 1.2501633106662396e-37 3.6235518410293592e-37 1.3308418713474944e-35 7.427754482380771e-33 1.8022383803491746e-32
0.051905719469841495 3.2904443578138116e-38 4.028264098634881e-38 7.303654276770269e-38 1.230008688055542e-37 3.602586469670488e-37 1.3870728225600044e-35 7.948671932320802e-33 1.9305954934732548e-32
0.05311598324364777 3.221367366531117e-38 3.945320267151923e-38 7.166354440468191e-38 1.2102347463186437e-37 3.582521999124545e-37 1.4465859290305433e-35 8.506542929847302e-33 2.0681217995543635e-32
0.05435446622753626 3.153751545178946e-38 3.8641044045700674e-38 7.031754692712271e-38 1.1908342376902657e-37 3.563358298782686e-37 1.5095900126142045e-35 9.104002555277207e-33 2.2154731526902881e-32
0.05562182639692926 3.0875657785663585e-38 3.7845801657546956e-38 6.899800678593563e-38 1.171800062200457e-37 3.5450958549938257e-37 1.576307972303665e-35 9.743874234351937e-33 2.3733523417885858e-32
0.056918737068984544 3.0227796188899463e-38 3.706711977510091e-38 6.770439161862616e-38 1.1531252646374455e-37 3.5277357862133285e-37 1.646977754522104e-35 1.0429183213815851e-32 2.542512448807611e-32
0.058245887260312136 2.959363271262771e-38 3.6304650219543065e-38 6.643618001289448e-38 1.1348030315811005e-37 3.511279859291334e-37 1.7218533912340445e-35 1.1163171001689846e-32 2.723760456544914e-32
0.05960398205303182 2.8972875795645065e-38 3.555805220262523e-38 6.519286127549369e-38 1.1168266885052356e-37 3.495730506958959e-37 1.801206110717546e-35 1.1949310840989449e-32 2.917961107219184e-32
0.06099374296936585 2.8365240126045667e-38 3.4826992167697036e-38 6.397393520620928e-38 1.0991896969470095e-37 3.4810908465744573e-37 1.885325526198226e-35 1.2791324290784765e-32 3.1260410271926273e-32
0.06241590835496589 2.777044650591875e-38 3.411114363424271e-38 6.277891187683977e-38 1.0818856517417711e-37 3.4673647001958366e-37 1.9745209079290151e-35 1.3693198994387412e-32 3.3489931630179967e-32
0.06387123377117784 2.718822171903259e-38 3.3410187045848407e-38 6.160731141505347e-38 1.0649082783217258e-37 3.454556616050906e-37 2.0691225447108846e-35 1.4659207719135193e-32 3.5878815246194795e-32
0.06536049239645289 2.6618298401440563e-38 3.272380962151475e-38 6.045866379300243e-38 1.0482514300768832e-37 3.4426718914807206e-37 2.1694832012907227e-35 1.5693928759278288e-32 3.843846282167072e-32
0.06688447543711816 2.606041491493847e-38 3.20517052102401e-38 5.933250862058078e-38 1.0319090857767662e-37 3.431716597437389e-37 2.2759796785449624e-35 1.6802267799013294e-32 4.1181092125917103e-32
0.06844399254772507 2.551431522331078e-38 3.139357414879824e-38 5.822839494321254e-38 1.0158753470514525e-37 3.4216976046229553e-37 2.3890144838635508e-35 1.7989481340481394e-32 4.4119795392093804e-32
0.0700398722611988 2.4979748771300355e-38 3.074912312263641e-38 5.714588104406336e-38 1.0001444359305361e-37 3.4126226113618094e-37 2.509017619690304e-35 1.9261201808728443e-32 4.726860189998983e-32
0.0716729624290174 2.445647036623582e-38 3.0118065029817266e-38 5.608453425056753e-38 9.847106924386459e-38 3.4045001733055096e-37 2.6364484987549905e-35 2.062346445353905e-32 5.064254495281135e-32
0.07334413067165428 2.394424006226185e-38 2.950011884794461e-38 5.504393074517181e-38 9.695685722462487e-38 3.397339735075576e-37 2.7717979951518287e-35 2.208273617741114e-32 5.425773395780184e-32
0.07505426483952363 2.3442823047105944e-38 2.88950095039921e-38 5.402365538019211e-38 9.54712644374429e-38 3.391151663957033e-37 2.9155906410811453e-35 2.3645946426829536e-32 5.81314314560595e-32
0.07680427348467332 2.2951989531331736e-38 2.8302467746979947e-38 5.302330149669016e-38 9.401375889524633e-38 3.3859472857631704e-37 3.068386979778433e-35 2.532052029413823e-32 6.228213543878225e-32
0.07859508634347626 2.2471514640015478e-38 2.772223002342444e-38 5.20424707472727e-38 9.25838195026988e-38 3.381738923000237e-37 3.2307860859108525e-35 2.7114413990093047e-32 6.672966810451598e-32
0.08042765483057629 2.2001178306793483e-38 2.715403835550561e-38 5.108077292272421e-38 9.118093584216347e-38 3.378539935469569e-37 3.403428265528645e-35 2.9036152853728864e-32 7.149527007695307e-32
0.08230295254435131 2.154076517022621e-38 2.6597640221885607e-38 5.013782578238266e-38 8.980460796460152e-38 3.3763647634540268e-37 3.5869979485215137e-35 3.1094872086144976e-32 7.660170291583113e-32
0.08422197578416211 2.1090064472430747e-38 2.605278844112033e-38 4.921325488817231e-38 8.845434618530209e-38 3.3752289736457925e-37 3.7822267874512534e-35 3.3300360395361647e-32 8.207335653551065e-32
0.08618574407966152 2.0648869959920232e-38 2.5519241057604757e-38 4.830669344220889e-38 8.712967088433816e-38 3.3751493079831525e-37 3.989896977616691e-35 3.566310677154696e-32 8.793636756046665e-32
0.08819530073244539 2.021697978661627e-38 2.4996761229994543e-38 4.741778212789499e-38 8.583011231165046e-38 3.3761437355756585e-37 4.2108448142587114e-35 3.8194350604527627e-32 9.421874289694145e-32
0.09025171337033296 1.9794196418966175e-38 2.44851171220502e-38 4.654616895442677e-38 8.455521039666481e-38 3.3782315079092064e-37 4.4459645039381753e-35 4.0906135392711994e-32 1.009504943316855e-31
0.09235607451457113 1.9380326543135928e-38 2.3984081795845385e-38 4.569150910463248e-38 8.330451456234855e-38 3.3814332175358693e-37 4.696212248321883e-35 4.3811366294870565e-32 1.0816378168836416e-31
0.09450950216026408 1.8975180974221533e-38 2.3493433107291206e-38 4.485346478606858e-38 8.207758354361703e-38 3.385770860467422e-37 4.962610619898183e-35 4.692387180195803e-32 1.1589306657666957e-31
0.09671314037033632 1.8578574567436861e-38 2.301295360392001e-38 4.4031705085298447e-38 8.087398521000579e-38 3.3912679025067308e-37 5.246253250520559e-35 5.025846982551811e-32 1.2417527792713748e-31
0.09896815988334524 1.8190326131233183e-38 2.2542430424882284e-38 4.3225905825283293e-38 7.969329639252475e-38 3.3979493497672653e-37 5.548309855151028e-35 5.383103851276441e-32 1.3304998739118592e-31
0.10127575873546546 1.7810258342308217e-38 2.2081655203103394e-38 4.2435749425812957e-38 7.85351027146124e-38 3.4058418236485163e-37 5.8700316147534e-35 5.765859213535474e-32 1.4255959953691787e-31
0.10363716289697593 1.7438197662461785e-38 2.1630423969555642e-38 4.166092476691045e-38 7.739899842711651e-38 3.4149736405535595e-37 6.212756943977187e-35 6.175936240639368e-32 1.5274955364142794e-31
0.10605362692358762 1.707397425725814e-38 2.11885370595969e-38 4.090112705514274e-38 7.628458624722488e-38 3.425374896655174e-37 6.577917671084695e-35 6.615288562284624e-32 1.6366854207350497e-31
0.10852643462295801 1.6717421916453002e-38 2.075579902132853e-38 4.015605769277249e-38 7.519147720127482e-38 3.437077558038035e-37 6.967045659516e-35 7.086009604186607e-32 1.7536874237676048e-31
0.11105689973674641 1.6368377976148678e-38 2.033201852593131e-38 3.942542414968824e-38 7.411929047137408e-38 3.4501155565676323e-37 7.381779902569118e-35 7.590342594260521e-32 1.8790606648065157e-31
0.11364636663857243 1.6026683242635061e-38 1.9917008279932725e-38 3.8708939838050833e-38 7.306765324576618e-38 3.4645248918609768e-37 7.82387412490571e-35 8.130691285299764e-32 2.013404290514702e-31
0.11629621104824843 1.569218191788392e-38 1.9510584939363907e-38 3.800632398959588e-38 7.203620057287814e-38 3.48034373976054e-37 8.295204926988335e-35 8.709631444829246e-32 2.1573603294340164e-31
0.1190078407626656 1.5364721526657937e-38 1.9112569025764768e-38 3.731730153553425e-38 7.10245752189886e-38 3.497612567740989e-37 8.797780511124534e-35 9.329923167759993e-32 2.3116167673849543e-31
