results/limits/MAQRO_f_6_phase.dat
# %ECSV 1.0
# ---
# datatype:
# - {name: mx, unit: MeV, datatype: float64}
# - {name: sigma_6, unit: cm2, datatype: float64}
# schema: astropy-2.0
mx sigma_6
[from data line 358]
0.0012122259692915415 4.3950750073942635e-43
0.0012404909310584848 4.511896054270856e-43
0.0012694149350204683 4.629632318398168e-43
0.0012990133477864558 4.7481529659401395e-43
0.0013293018942621524 4.8673240380677635e-43
0.001360296666004259 4.9870090668184016e-43
0.001392014129769518 5.107069710635477e-43
0.0014244711362630968 5.227366403297309e-43
0.0014576849290909482 5.347759009798911e-43
0.0014916731539209149 5.468107482712998e-43
0.0015264538678574353 5.588272512625519e-43
0.0015620455490348386 5.70811616641292e-43
0.0015984671064343198 5.8275025073968085e-43
0.0016357378899298156 5.94629819176918e-43
0.0016738777005681136 6.064373036117162e-43
0.0017129068010886602 6.181600551380078e-43
0.0017528459266886532 6.297858439130555e-43
0.00179371629603914 6.4130290466729906e-43
0.0018355396225579732 6.526999778084064e-43
0.0018783381259456144 6.639663458967783e-43
0.0019221345439899109 6.750918653349616e-43
0.001966952144646121 6.860669931778654e-43
0.0020128147383986056 6.96882809033227e-43
0.002059746690910748 7.075310320814329e-43
0.0021077729359698315 7.180040332997134e-43
0.0021569189887337423 7.28294843027073e-43
0.002207210959286545 7.383971540525244e-43
0.0022586755665101248 7.483053204497232e-43
0.0023113401522792685 7.58014352415631e-43
0.0023652326959877285 7.675199073991643e-43
0.0024203818294129824 7.768182778278575e-43
0.0024768168519275916 7.859063757564086e-43
0.002534567746065232 7.947817147709125e-43
0.0025936651934496745 8.034423894867814e-43
0.0026541405910951734 8.118870529773829e-43
0.0027160260680869266 8.201148924646748e-43
0.0027793545026504624 8.281256035932643e-43
0.002844159539619031 8.35919363595883e-43
0.0029104756083082714 8.434968036419072e-43
0.0029783379408076585 8.508589806419687e-43
0.0030477825906984404 8.580073487613321e-43
0.0031188464522080173 8.649437308733131e-43
0.0031915672798109355 8.716702901619894e-43
0.0032659837082868936 8.78189502061245e-43
0.003342135273246469 8.845041266953428e-43
0.0034200624321353945 8.90617181964841e-43
0.0034998065857286074 8.96531917401252e-43
0.0035814101001254554 9.022517888943912e-43
0.003664916329257761 9.07780434378204e-43
0.0037503696379226933 9.131216505438865e-43
0.0038378154253526898 9.182793706335897e-43
0.003927300149334948 9.232576433537818e-43
0.004018871350893299 9.280606129344494e-43
0.00411257767954558 9.326925003488137e-43
0.004208468919149921 9.371575856978837e-43
0.004306596014353682 9.414601917551103e-43
0.004407011097659079 9.456046686583791e-43
0.004509767517119906 9.495953797296849e-43
0.004614919864684026 9.534366883968364e-43
0.004722524005196735 9.571329461865028e-43
0.004832637106080367 9.606884817537015e-43
0.004945317667705937 9.64107590909345e-43
0.005060625554472947 9.673945276047436e-43
0.005178622026613854 9.705534958298235e-43
0.005299369772740128 9.735886423803204e-43
0.005422932943147155 9.7650405044818e-43
0.0055493771838957115 9.793037339888962e-43
0.00567876967168809 9.81991632819411e-43
0.005811179149557424 9.84571608400444e-43
0.0059466759633891655 9.870474402577693e-43
0.006085332099294114 9.894228229977858e-43
0.006227221221852859 9.917013638738822e-43
0.006372418713251954 9.938865808614009e-43
0.006521001713332612 9.959819012005008e-43
0.006673049160573193 9.979906603678222e-43
0.006828641834027273 9.99916101439589e-43
0.006987862396239558 1.0017613748105435e-42
0.00715079543716245 1.0035295382349766e-42
0.007317527519096606 1.0052235571579291e-42
0.007488147222679345 1.0068463053065446e-42
0.007662745193945353 1.0084005655133775e-42
0.007841414192484688 1.0098890307452929e-42
0.008024249140723652 1.011314305313384e-42
0.008211347174354735 1.0126789062410725e-42
0.008402807693942412 1.0139852647692302e-42
0.008598732417732204 1.0152357279787951e-42
0.008799225435691074 1.016432560512898e-42
0.009004393264807849 1.0175779463819952e-42
0.009214344905683071 1.0186739908369208e-42
0.009429191900438323 1.0197227222960884e-42
0.009649048391975805 1.0207260943143391e-42
0.009874031184619632 1.0216859875821115e-42
0.010104259806171096 1.0226042119447073e-42
0.01033985657141083 1.023482508432462e-42
0.010580946647081629 1.0243225512936088e-42
0.010827658118386449 1.0251259500224673e-42
0.011080122057036918 1.025894251376486e-42
0.011338472590888495 1.0266289413763643e-42
0.01160284697519928 1.0273314472842162e-42
0.01187338566555036 1.0280031395553875e-42
0.012150232392466372 1.0286453337601116e-42
0.012433534237775993 1.029259292471735e-42
0.01272344171275288 1.0298462271187453e-42
0.013020108838078586 1.0304072997982787e-42
0.013323693225669961 1.0309436250491878e-42
0.013634356162414448 1.0314562715831092e-42
0.013952262695857842 1.0319462639723333e-42
0.014277581721889965 1.0324145842935407e-42
0.014610486074474885 1.0328621737267556e-42
0.014951152617473332 1.0332899341091063e-42
0.015299762338606094 1.0336987294431926e-42
0.015656500445608335 1.0340893873600495e-42
0.016021556464625875 1.0344627005368536e-42
0.016395124340905766 1.0348194280696866e-42
0.016777402541834602 1.0351602968017805e-42
0.017168594162379338 1.0354860026077824e-42
0.01756890703298664 1.0357972116346816e-42
0.017978553829998065 1.0360945615001222e-42
0.01839775218863974 1.03637866244888e-42
0.01882672481864659 1.0366500984683617e-42
0.01926569962258253 1.0369094283640238e-42
0.019714909816919448 1.0371571867956385e-42
0.020174594055939365 1.0373938852753824e-42
0.02064499655852557 1.0376200131287364e-42
0.021126367237910063 1.0378360384191965e-42
0.021618961834446313 1.0380424088378305e-42
0.02212304205147776 1.0382395525586855e-42
0.022638875694374342 1.0384278790610888e-42
0.0231667368128109 1.038607779919859e-42
0.02370690584636297 1.0387796295644424e-42
0.024259669773497434 1.0389437860079845e-42
0.024825322264037063 1.0391005915473379e-42
0.025404163835180054 1.0392503734349827e-42
0.025996502011157406 1.0393934445238219e-42
0.026602651486612925 1.0395301038858155e-42
0.027222934293792744 1.0396606374053678e-42
0.027857679973633073 1.039785318348374e-42
0.02850722575083718 1.0399044079078339e-42
0.02917191671303455 1.0400181557268687e-42
0.029852105994117403 1.0401268004000271e-42
0.030548154961852016 1.0402305699536391e-42
0.031260433409864494 1.0403296823060755e-42
0.031989319754103004 1.0404243457086521e-42
0.0327352012338808 1.0405147591679498e-42
0.03349847411760691 1.0406011128502332e-42
0.034279543913313774 1.0406835884687427e-42
0.03507882558409363 1.0407623596544808e-42
0.03589674376855814 1.0408375923111791e-42
0.03673373300643846 1.040909444955075e-42
0.037590237969445384 1.0409780690400991e-42
0.038466713697512506 1.0410436092691447e-42
0.03936362584054766 1.0411062038918022e-42
0.04028145090582124 1.0411659849893536e-42
0.04122067651112274 1.041223078747377e-42
0.04218180164382002 1.041277605716547e-42
0.043165336925959 1.041329681062102e-42
0.044171804885544536 1.0413794148024669e-42
0.04520174023414663 1.0414269120374708e-42
0.046255690150979495 1.0414722731666022e-42
0.047334214573604344 1.041515594097731e-42
0.048437886495410414 1.0415569664466913e-42
0.04956729227003216 1.0415964777281107e-42
0.05072303192286451 1.0416342115378442e-42
0.051905719469841495 1.0416702477275352e-42
0.05311598324364777 1.0417046625712004e-42
0.05435446622753626 1.0417375289247758e-42
0.05562182639692926 1.0417689163784797e-42
0.056918737068984544 1.0417988914024863e-42
0.058245887260312136 1.0418275174861504e-42
0.05960398205303182 1.0418548552710995e-42
0.06099374296936585 1.0418809626784153e-42
0.06241590835496589 1.0419058950301925e-42
0.06387123377117784 1.0419297051657081e-42
0.06536049239645289 1.0419524435524399e-42
0.06688447543711816 1.0419741583921522e-42
0.06844399254772507 1.0419948957222747e-42
0.0700398722611988 1.0420146995127738e-42
0.0716729624290174 1.0420336117587092e-42
0.07334413067165428 1.0420516725686879e-42
0.07505426483952363 1.042068920249357e-42
0.07680427348467332 1.0420853913861566e-42
0.07859508634347626 1.0421011209204529e-42
0.08042765483057629 1.0421161422232454e-42
0.08230295254435131 1.0421304871655776e-42
0.08422197578416211 1.042144186185808e-42
0.08618574407966152 1.0421572683538814e-42
0.08819530073244539 1.042169761432716e-42
0.09025171337033296 1.0421816919368662e-42
0.09235607451457113 1.0421930851885459e-42
0.09450950216026408 1.0422039653711582e-42
0.09671314037033632 1.0422143555804166e-42
0.09896815988334524 1.0422242778731994e-42
0.10127575873546546 1.0422337533141961e-42
0.10363716289697593 1.0422428020204764e-42
0.10605362692358762 1.042251443204122e-42
0.10852643462295801 1.0422596952126519e-42
0.11105689973674641 1.0422675755682174e-42
0.11364636663857243 1.0422751010044669e-42
0.11629621104824843 1.04228228750204e-42
0.1190078407626656 1.0422891503224188e-42
0.12178269640372161 1.0422957040402544e-42
0.12462225218368743 1.0423019625742459e-42
0.1275280166884199 1.0423079392166367e-42
0.13050153367883624 1.0423136466613814e-42
0.1335443829110759 1.0423190970310533e-42
0.13665818097578622 1.0423243019025418e-42
0.13984458215697693 1.0423292723315939e-42
0.14310527931090045 1.0423340188762607e-42
0.14644200476542463 1.04233855161928e-42
0.14985653124037576 1.0423428801894649e-42
0.15335067278934078 1.0423470137821221e-42
0.1569262857634292 1.04235096117856e-42
0.1605852697975066 1.0423547307647133e-42
0.16432956881942368 1.0423583305489367e-42
0.16816117208277714 1.0423617681789962e-42
0.172082115223751 1.0423650509582932e-42
0.1760944813425998 1.04236818586137e-42
0.1802004021103484 1.0423711795487017e-42
0.18440205890129596 1.0423740383808407e-42
0.18870168395192646 1.04237676843191e-42
0.1931015615468407 1.0423793755025e-42
0.1976040292323402 1.0423818651319783e-42
0.20221147905830805 1.042384242610254e-42
0.20692635884904578 1.0423865129890026e-42
0.21175117350374192 1.0423886810923944e-42
0.2166884863272632 1.0423907515273352e-42
0.22174092039197504 1.042392728693248e-42
0.22691115993131514 1.0423946167914183e-42
0.23220195176586036 1.0423964198339099e-42
0.2376161067626448 1.0423981416520879e-42
0.24315650132850383 1.0423997859047515e-42
0.24882607893823822 1.0424013560859124e-42
0.25462785169840935 1.0424028555322068e-42
0.2605649019475973 1.0424042874299846e-42
0.26664038389397104 1.042405654822079e-42
0.27285752529104135 1.0424069606142661e-42
0.2792196291524867 1.0424082075814409e-42
0.2857300755069626 1.0424093983735066e-42
0.2923923231938275 1.042410535521009e-42
0.2992099117007387 1.042411621440507e-42
0.3061864630440946 1.0424126584397092e-42
0.31332568369332287 1.0424136487223734e-42
0.32063136654003577 1.0424145943929939e-42
0.3281073929131 1.0424154974612617e-42
0.3357577346406907 1.0424163598463474e-42
0.343586456160426 1.0424171833809672e-42
0.3515977166787018 1.0424179698152848e-42
0.359795772380376 1.0424187208206223e-42
0.368184978689974 1.0424194379930172e-42
0.3767697925856183 1.0424201228566096e-42
0.38555477496691104 1.0424207768668846e-42
0.394544593078027 1.0424214014137605e-42
0.4037440229873054 1.042421997824544e-42
0.4131579521246571 1.0424225673667477e-42
0.42279138187813525 1.0424231112507902e-42
0.43264943025104924 1.042423630632562e-42
0.4427373345810337 1.0424241266158817e-42
0.4530604543225162 1.0424246002548457e-42
0.4636242738940635 1.0424250525561247e-42
0.47443440559211736 1.0424254844808586e-42
0.48549659257266914 1.042425896947068e-42
0.4968167119024568 1.0424262908313616e-42
0.5084007776813051 1.0424266669708573e-42
0.5202549442372687 1.0424270261649604e-42
0.5323855093962742 1.0424273691770665e-42
0.5447989178279997 1.0424276967361776e-42
0.557501764469769 1.0424280095384556e-42
0.5705007980302781 1.0424283082487026e-42
0.5838029245750183 1.0424285935017714e-42
0.5974152111952977 1.042428865903912e-42
0.6113448897628128 1.0424291260340696e-42
0.6255993607717623 1.0424293744450977e-42
0.6401861972705483 1.0424296116649565e-42
0.6551131488851486 1.0424298381978118e-42
0.6703881459363026 1.04243005452512e-42
0.686019303652694 1.0424302611066509e-42
0.7020149264823721 1.0424304583814538e-42
0.7183835125046995 1.0424306467688108e-42
0.7351337579451718 1.0424308266691037e-42
0.7522745617955077 1.042430998464684e-42
0.7698150305414633 1.042431162520674e-42
0.7877644830008832 1.0424313191857501e-42
0.8061324552745581 1.0424314687928812e-42
0.8249287058125218 1.0424316116600321e-42
0.8441632205984669 1.0424317480908464e-42
0.8638462184550629 1.0424318783752857e-42
0.8839881564729563 1.0424320027902531e-42
0.9045997355663667 1.0424321216001757e-42
0.9256919061582187 1.0424322350575595e-42
0.9472758739978306 1.0424323434035486e-42
0.9693631061142522 1.0424324468684154e-42
0.9919653369084147 1.0424325456720563e-42
1.0150945743873274 1.0424326400244696e-42
1.0387631065436362 1.0424327301261854e-42
1.0629835078839296 1.0424328161687006e-42
1.0877686461092637 1.0424328983348933e-42
1.1131316889514546 1.042432976799391e-42
1.1390861111687691 1.042433051728957e-42
1.16564570170473 1.0424331232828506e-42
1.1928245710138414 1.0424331916131454e-42
1.2206371585581264 1.0424332568650709e-42
1.2490982404784545 1.0424333191773101e-42
1.2782229374447416 1.042433378682301e-42
1.3080267226891875 1.0424334355065106e-42
1.3385254302268237 1.0424334897707137e-42
1.369735263267732 1.0424335415902448e-42
1.4016728028254128 1.0424335910752326e-42
1.4343550165258654 1.0424336383308533e-42
1.4677992676220706 1.0424336834575457e-42
1.5020233242186567 1.0424337265512202e-42
1.5370453687116559 1.0424337677034646e-42
1.5728840074483612 1.042433807001747e-42
1.6095582806124205 1.0424338445295819e-42
1.6470876723394143 1.0424338803667395e-42
1.6854921210682972 1.0424339145893857e-42
1.7247920301341966 1.0424339472702518e-42
1.7650082786082029 1.0424339784788e-42
1.8061622323899016 1.0424340082813583e-42
1.848275755558551 1.0424340367412746e-42
1.8913712219889245 1.0424340639190288e-42
1.935471527238 1.0424340898723918e-42
1.9806001007088037 1.042434114656515e-42
2.0267809180978715 1.0424341383240775e-42
2.0740385141329463 1.0424341609253898e-42
2.1223979956076717 1.0424341825084783e-42
2.171885054720213 1.0424342031192139e-42
2.222525982722885 1.0424342228014145e-42
2.274347683890048 1.0424342415969003e-42
2.327377689811681 1.0424342595456194e-42
2.3816441740202396 1.0424342766857289e-42
2.437175966958554 1.042434293053654e-42
2.4940025712967335 1.0424343086841766e-42
2.552154177606206 1.0424343236105172e-42
2.611661680399223 1.0424343378644137e-42
2.6725566945423505 1.0424343514761506e-42
2.7348715720526675 1.042434364474656e-42
2.7986394192855935 1.0424343768875576e-42
2.863894114523477 1.042434388741241e-42
2.9306703259742912 1.0424344000609174e-42
2.999003530189995 1.0424344108706082e-42
3.068930030914351 1.042434421193307e-42
3.1404869783702067 1.0424344310509625e-42
3.21371238899649 1.0424344404645144e-42
3.2886451656454048 1.0424344494539743e-42
3.3653251182505572 1.0424344580384413e-42
3.443792984976987 1.04243446623616e-42
3.5240904538643507 1.0424344740645706e-42
3.6062601849747473 1.0424344815402887e-42
3.6903458330569543 1.042434488679229e-42
3.77639207073912 1.0424344954965476e-42
3.8644446122622242 1.0424345020067225e-42
3.9545502377669295 1.042434508223618e-42
4.046756818146711 1.0424345141604318e-42
4.141113340480481 1.0424345198297809e-42
4.237669934058216 1.0424345252437123e-42
4.336477897013409 1.0424345304137473e-42
4.437589723576497 1.0424345353508658e-42
4.541059131963759 1.0424345400655538e-42
4.646941092916466 1.0424345445678412e-42
4.755291858905486 1.0424345488672897e-42
4.866168994016832 1.0424345529730481e-42
4.979631404534034 1.0424345568938297e-42
5.0957393702336 1.042434560637984e-42
5.214554576410165 1.0424345642134611e-42
5.336140146648369 1.042434567627845e-42
5.4605606763588606 1.0424345708884084e-42
5.587882267096237 1.0424345740020856e-42
5.718172561677172 1.0424345769754803e-42
5.851500780117376 1.0424345798149255e-42
5.987937756406471 1.0424345825264402e-42
6.127555976140354 1.0424345851158125e-42
6.270429615030991 1.0424345875885178e-42
6.416634578314149 1.0424345899498287e-42
6.566248541075969 1.0424345922047567e-42
6.719350989519823 1.0424345943580971e-42
