results/limits/MAQRO_l.dat
# %ECSV 1.0
# ---
# datatype:
# - {name: mx, unit: MeV, datatype: float64}
# - {name: sigma_10, unit: cm2, datatype: float64}
# - {name: sigma_9, unit: cm2, datatype: float64}
# - {name: sigma_7, unit: cm2, datatype: float64}
# - {name: sigma_6, unit: cm2, datatype: float64}
# - {name: sigma_5, unit: cm2, datatype: float64}
# - {name: sigma_4, unit: cm2, datatype: float64}
# - {name: sigma_3, unit: cm2, datatype: float64}
# - {name: sigma_2, unit: cm2, datatype: float64}
# schema: astropy-2.0
mx sigma_10 sigma_9 sigma_7 sigma_6 sigma_5 sigma_4 sigma_3 sigma_2
[from data line 319]
0.0004933932380508582 3.494530155751407e-36 4.0855582923059e-36 6.217736397282749e-36 8.413005059767012e-36 1.2998807372852978e-35 2.734005130450553e-35 3.5541527189383596e-35 8.342337861492454e-36
0.0005048974801334842 3.414508265459943e-36 3.992800437336457e-36 6.076833622213739e-36 8.22272237268379e-36 1.27059909133708e-35 2.673190626130711e-35 3.479945604221927e-35 8.186259541842046e-36
0.0005166699617777604 3.336372552117329e-36 3.902163182584679e-36 5.9391579225879245e-36 8.03680579058381e-36 1.2419919700742232e-35 2.613794864095539e-35 3.4075928140634144e-35 8.034635158316213e-36
0.0005287169374124361 3.2600759994508204e-36 3.8135983364654555e-36 5.804636060092975e-36 7.855156376046058e-36 1.2140441399071382e-35 2.555786187190743e-35 3.3370562987348297e-35 7.887391761410798e-36
0.0005410448072981404 3.185572865579799e-36 3.727058804653628e-36 5.6731964646645895e-36 7.677677445847151e-36 1.1867407155037114e-35 2.4991336698600545e-35 3.268299000890263e-35 7.744459285229601e-36
0.0005536601209276797 3.112818652006984e-36 3.6424985659055865e-36 5.544769197795414e-36 7.504274522993987e-36 1.1600671514004318e-35 2.4438070997449634e-35 3.2012848372611395e-35 7.605770551661349e-36
0.0005665695805056229 3.041770071986547e-36 3.559872647430274e-36 5.4192859159752714e-36 7.334855283002182e-36 1.1340092340893467e-35 2.3897769610223372e-35 3.135978682001989e-35 7.471261278311055e-36
0.0005797800445090163 2.9723850183252928e-36 3.4791370993098635e-36 5.2966798293329266e-36 7.169329504935383e-36 1.1085530743924998e-35 2.3370144186323463e-35 3.072346350039983e-35 7.340870092486241e-36
0.0005932985313311235 2.904622532598017e-36 3.4002489729521686e-36 5.176885670814594e-36 7.007609022738553e-36 1.0836850999070007e-35 2.285491302414107e-35 3.0103545809544423e-35 7.214538548804264e-36
0.000607132223010125 2.8384427749866583e-36 3.3231662970550826e-36 5.05983965853319e-36 6.849607677632194e-36 1.0593920476405329e-35 2.23518009200151e-35 2.949971024128265e-35 7.092211153869832e-36
0.0006212884690447563 2.773806992362507e-36 3.2478480552745904e-36 4.945479461852759e-36 6.695241271388064e-36 1.03566095675096e-35 2.18605389998259e-35 2.8911642238437205e-35 6.973835394602118e-36
0.0006357747902989163 2.7106774884482932e-36 3.1742541641420856e-36 4.833744167119117e-36 6.544427519514447e-36 1.0124791611820153e-35 2.1380864589158782e-35 2.83390360551539e-35 6.859361774604789e-36
0.0006505988829973161 2.6490175938648497e-36 3.102345451799694e-36 4.7245742462286075e-36 6.397086009772588e-36 9.898342834878139e-36 2.0912521069816842e-35 2.7781594623968833e-35 6.748743858380005e-36
0.0006657686228142928 2.58879163667173e-36 3.0320836371939446e-36 4.617911524099886e-36 6.25313815538988e-36 9.677142273037861e-36 2.0455257711111725e-35 2.7239029428099074e-35 6.641938311486777e-36
0.0006812920690579615 2.529964912206288e-36 2.9634313081765508e-36 4.513699144569136e-36 6.112507152380124e-36 9.461071707177533e-36 2.0008829550877455e-35 2.671106038366667e-35 6.538904965600972e-36
0.0006971774689519261 2.4725036559111807e-36 2.8963519035139734e-36 4.411881544451579e-36 5.9751179417046795e-36 9.250015607207226e-36 1.9572997277253167e-35 2.6197415725634157e-35 6.439606878732002e-36
0.0007134332620168255 2.4163750137012654e-36 2.830809691271019e-36 4.312404418923434e-36 5.840897162533021e-36 9.043861054458112e-36 1.9147527031749593e-35 2.569783190196338e-35 6.34401040246107e-36
0.0007300680845540431 2.361547015025271e-36 2.7667697505876934e-36 4.215214694422383e-36 5.709773116026969e-36 8.842497688515958e-36 1.8732190341343822e-35 2.5212053474508025e-35 6.252085266811387e-36
0.0007470907742339592 2.307988545499107e-36 2.7041979525104667e-36 4.1202604990398106e-36 5.581675724609541e-36 8.645817642477211e-36 1.8326763958390185e-35 2.473983302248228e-35 6.163804666314287e-36
0.0007645103747911887 2.2556693204781356e-36 2.643060941709258e-36 4.0274911344727335e-36 5.4565364943198495e-36 8.453715484864514e-36 1.7931029737255441e-35 2.4280931075807087e-35 6.079145359043895e-36
0.0007823361408292924 2.2045598590845375e-36 2.5833261183715776e-36 3.936857048453343e-36 5.33428847640037e-36 8.266088158973354e-36 1.7544774509749692e-35 2.3835115946727105e-35 5.998087774938439e-36
0.00080057754273752 2.154631459105009e-36 2.524961620806865e-36 3.848309807979067e-36 5.214866231922978e-36 8.082834928803147e-36 1.7167789977027592e-35 2.3402163967423892e-35 5.920616135541898e-36
0.0008192442717221943 2.105856171965688e-36 2.4679363076376314e-36 3.76180207166262e-36 5.0982057926921985e-36 7.903857315346712e-36 1.6799872552109756e-35 2.298185886270961e-35 5.846718584829561e-36
0.0008383462449554094 2.058206779171055e-36 2.412219741454572e-36 3.677287565018047e-36 4.984244628976128e-36 7.72905904859614e-36 1.6440823283672802e-35 2.2573992246395723e-35 5.77638733259748e-36
0.0008578936108437789 2.0116567689434486e-36 2.3577821721766258e-36 3.5947210547697436e-36 4.8729216134937085e-36 7.558346009886038e-36 1.6090447714828248e-35 2.2178363265385563e-35 5.7096188109019824e-36
0.0008778967544200344 1.9661803137383903e-36 2.3045945210240473e-36 3.514058324331414e-36 4.7641769884631664e-36 7.391626180935767e-36 1.5748555787567957e-35 2.1794778783279112e-35 5.646413844286139e-36
0.000898366302860337 1.9217522480589046e-36 2.2526283642999748e-36 3.435256148494609e-36 4.657952330455037e-36 7.228809587250085e-36 1.5414961704581807e-35 2.1423053013007637e-35 5.5867778349439635e-36
0.0009193131311302326 1.8783480477020724e-36 2.201855918525543e-36 3.358272271021856e-36 4.5541905203983474e-36 7.069808251623876e-36 1.5089483844265347e-35 2.1063007832554244e-35 5.53072096350467e-36
0.0009407483677622533 1.8359438089979454e-36 2.152250024946644e-36 3.283065380484657e-36 4.452835710104049e-36 6.914536142504296e-36 1.477194464299807e-35 2.071447260305345e-35 5.47825840639335e-36
0.000962683400768232 1.7945162290850887e-36 2.1037841348457117e-36 3.2095950877037375e-36 4.3538332919004494e-36 6.762909124659542e-36 1.4462170487472587e-35 2.0377284196467956e-35 5.429410570557693e-36
0.000985129883689471 1.754042587116629e-36 2.0564322955146152e-36 3.137821904547627e-36 4.2571298679950864e-36 6.6148449110185e-36 1.4159991614508232e-35 2.0051287004064895e-35 5.384203349553561e-36
0.0010080997417879817 1.7145007252455138e-36 2.0101691353127653e-36 3.067707219772766e-36 4.162673220461451e-36 6.470263016502938e-36 1.386524200761077e-35 1.9736332950474407e-35 5.3426683924520295e-36
0.0010316051783820807 1.675869031410851e-36 1.9649698505980853e-36 2.9992132805600966e-36 4.070412282963032e-36 6.329084711308682e-36 1.3577759295975618e-35 1.9432281519635408e-35 5.3048434041776864e-36
0.0010556586813297128 1.6381264220459692e-36 1.9208101919595482e-36 2.932303169799266e-36 3.9802971112587044e-36 6.191232976008744e-36 1.3297384657112564e-35 1.9138999792563843e-35 5.270772457738188e-36
0.0010802730296629402 1.601252325815272e-36 1.8776664512871395e-36 2.866940786705884e-36 3.892278855764381e-36 6.056632457101321e-36 1.3023962719069897e-35 1.885636249479525e-35 5.240506337206089e-36
0.001105461300377127 1.5652266674235786e-36 1.8355154483807415e-36 2.8030908268022793e-36 3.806309734900411e-36 5.9252094254750854e-36 1.2757341470620978e-35 1.8584252058015773e-35 5.214102901422576e-36
0.0011312368753784248 1.5300298528815684e-36 1.7943345190188205e-36 2.7407187622659238e-36 3.722343007569624e-36 5.7968917319444466e-36 1.2497372161896654e-35 1.8322558689654903e-35 5.191627475045552e-36
0.0011576134485932472 1.4956427546080486e-36 1.7541015022794483e-36 2.679790823381638e-36 3.6403329479792294e-36 5.671608767905887e-36 1.2243909217473176e-35 1.807118045070944e-35 5.1731532666694374e-36
0.0011846050332435167 1.4620466976002629e-36 1.714794728827826e-36 2.620273980174901e-36 3.560234820379565e-36 5.5492914252488166e-36 1.1996810151717315e-35 1.783002340793095e-35 5.158761815695239e-36
0.0012122259692915415 1.4292234457752449e-36 1.676393008959064e-36 2.562135923854114e-36 3.482004853916121e-36 5.4298720559596675e-36 1.1755935474032146e-35 1.7599001638274985e-35 5.1485434689842156e-36
0.0012404909310584848 1.397155189358491e-36 1.6388756216231036e-36 2.505345050242016e-36 3.405600219137977e-36 5.3132844354209e-36 1.1521148611468299e-35 1.7378037470226672e-35 5.1425978891320155e-36
0.0012694149350204683 1.3658245321881572e-36 1.6022223028980787e-36 2.4498704417038628e-36 3.330979004429126e-36 5.1994637244631145e-36 1.1292315824780727e-35 1.7167061569738754e-35 5.141034595850416e-36
0.0012990133477864558 1.3352144802621358e-36 1.566413235762151e-36 2.3956818518974586e-36 3.2581001941528684e-36 5.088346435765248e-36 1.1069306127822934e-35 1.6966013123330677e-35 5.143973541434438e-36
0.0013293018942621524 1.3053084299000388e-36 1.5314290389462084e-36 2.3427496881685138e-36 3.186923645054357e-36 4.979870395375396e-36 1.0851991213188687e-35 1.6774840001153797e-35 5.1515457223121504e-36
0.001360296666004259 1.2760901572405703e-36 1.4972507572583837e-36 2.2910449971830913e-36 3.117410066740032e-36 4.873974710983624e-36 1.0640245372010751e-35 1.6593498979198342e-35 5.1638938282348634e-36
0.001392014129769518 1.2475438074479653e-36 1.4638598511650052e-36 2.2405394486221145e-36 3.049520999018439e-36 4.770599740487354e-36 1.0433945428709574e-35 1.6421955945092687e-35 5.181172930864494e-36
0.0014244711362630968 1.2196538851256804e-36 1.4312381877125124e-36 2.191205321818442e-36 2.983218794390661e-36 4.66968705872851e-36 1.0232970666259333e-35 1.6260186147976393e-35 5.203551212455492e-36
0.0014576849290909482 1.1924052443942801e-36 1.3993680306878176e-36 2.14301549043871e-36 2.9184665967342623e-36 4.571179427860523e-36 1.0037202760781928e-35 1.6108174464751942e-35 5.231210739251747e-36
0.0014916731539209149 1.165783079901085e-36 1.368232031783564e-36 2.0959434092606696e-36 2.8552283236847862e-36 4.475020768986614e-36 9.846525721265529e-36 1.5965915689167976e-35 5.264348278869644e-36
0.0015264538678574353 1.1397729179580225e-36 1.3378132216816839e-36 2.0499631006457327e-36 2.793468648272867e-36 4.381156132940122e-36 9.66082582186048e-36 1.583341485607861e-35 5.303176165679812e-36
0.0015620455490348386 1.114360608196887e-36 1.308095001611397e-36 2.0050491419677373e-36 2.7331529821591935e-36 4.289531675026662e-36 9.479991550683277e-36 1.57106875866178e-35 5.347923216750587e-36
0.0015984671064343198 1.0895323154286355e-36 1.2790611349684752e-36 1.9611766530096234e-36 2.6742474586370824e-36 4.2000946286758606e-36 9.303913551311789e-36 1.5597760462844304e-35 5.398835701492286e-36
0.0016357378899298156 1.0652745120486748e-36 1.2506957394840611e-36 1.9183212842697125e-36 2.6167189171558944e-36 4.112793281863852e-36 9.132484572942448e-36 1.5494671446224556e-35 5.456178369563615e-36
0.0016738777005681136 1.041573970613789e-36 1.2229832794448835e-36 1.876459205523443e-36 2.56053488815502e-36 4.027576954056532e-36 8.96559942218361e-36 1.5401470329264874e-35 5.520235539414642e-36
0.0017129068010886602 1.0184177567470259e-36 1.1959085581954289e-36 1.835567094715199e-36 2.505663578351475e-36 3.9443959742656196e-36 8.803154917452434e-36 1.5318219202589312e-35 5.5913122558413494e-36
0.0017528459266886532 9.957932224174425e-37 1.1694567110016638e-36 1.7956221275761035e-36 2.452073857222265e-36 3.8632016611342277e-36 8.645049849848285e-36 1.5244993000390487e-35 5.669735519225287e-36
0.00179371629603914 9.736879993991748e-37 1.1436131980209193e-36 1.756601967336292e-36 2.3997352435122007e-36 3.783946302790334e-36 8.491184940741938e-36 1.5181880059951556e-35 5.755855597248651e-36
0.0018355396225579732 9.520899931301428e-37 1.118363797694042e-36 1.7184847552824406e-36 2.3486178931700847e-36 3.706583139903729e-36 8.341462813017502e-36 1.512898273898316e-35 5.850047423839025e-36
0.0018783381259456144 9.30987376693693e-37 1.093694600190932e-36 1.6812491012936676e-36 2.2986925871041023e-36 3.631066347884774e-36 8.195787955307563e-36 1.5086418080589488e-35 5.9527120961022124e-36
0.0019221345439899109 9.103685851242118e-37 1.0695920011970874e-36 1.6448740750407205e-36 2.249930720038504e-36 3.557351021444195e-36 8.054066695987833e-36 1.505431853095437e-35 6.064278481957796e-36
0.001966952144646121 8.90222309904932e-37 1.0460426958700846e-36 1.6093391974483905e-36 2.202304289731271e-36 3.485393159779947e-36 7.916207178136466e-36 1.5032832712909927e-35 6.185204943901089e-36
0.0020128147383986056 8.70537493694798e-37 1.0230336730257196e-36 1.5746244325681544e-36 2.155785886833507e-36 3.41514965279562e-36 7.782119337714962e-36 1.50221262595726e-35 6.315981197171091e-36
0.002059746690910748 8.51303325240731e-37 1.0005522095026814e-36 1.5407101797439414e-36 2.110348685177395e-36 3.346578268345795e-36 7.65171488514939e-36 1.5022382710570554e-35 6.457130313210105e-36
0.0021077729359698315 8.325092344484491e-37 9.785858646757781e-37 1.5075772660052594e-36 2.0659664323751787e-36 3.279637640240529e-36 7.52490728908934e-36 1.5033804475770783e-35 6.609210880036873e-36
0.0021569189887337423 8.141448877090737e-37 9.57122475259614e-37 1.4752069390331894e-36 2.022613441383385e-36 3.214287257270972e-36 7.401611763972168e-36 1.5056613873826609e-35 6.77281933442007e-36
0.002207210959286545 7.962001832790468e-37 9.361501501289261e-37 1.4435808600267833e-36 1.9802645817772922e-36 3.150487452566028e-36 7.281745257878707e-36 1.5091054236985653e-35 6.948592477554704e-36
0.0022586755665101248 7.786652468613894e-37 9.156572653663327e-37 1.4126810970550417e-36 1.93889527183897e-36 3.088199394154163e-36 7.165226445667904e-36 1.5137391108584207e-35 7.137210185298997e-36
0.0023113401522792685 7.615304273063808e-37 8.956324594288647e-37 1.382490118495793e-36 1.898481470716124e-36 3.027385075463157e-36 7.051975720700478e-36 1.519591351660629e-35 7.339398328556553e-36
0.0023652326959877285 7.4478629242617415e-37 8.760646284306793e-37 1.3529907867521733e-36 1.8589996710163914e-36 2.9680073068645835e-36 6.941915191463695e-36 1.5266935341183558e-35 7.55593189600399e-36
0.0024203818294129824 7.28423624916154e-37 8.569429215359469e-37 1.3241663520391398e-36 1.8204268914870702e-36 2.910029707166636e-36 6.834968677277648e-36 1.53507967766878e-35 7.787638352278918e-36
0.0024768168519275916 7.124334183858674e-37 8.382567364694302e-37 1.2960004463967757e-36 1.7827406698449066e-36 2.8534166957555942e-36 6.731061707209356e-36 1.5447865897971345e-35 8.035401211605494e-36
0.002534567746065232 6.968068734471612e-37 8.199957150755151e-37 1.2684770777399901e-36 1.7459190561042644e-36 2.7981334846542828e-36 6.63012151830931e-36 1.555854033258447e-35 8.300163845702899e-36
0.0025936651934496745 6.815353939098749e-37 8.021497389980088e-37 1.2415806240802288e-36 1.7099406053348613e-36 2.7441460710025457e-36 6.532077056249312e-36 1.56832490519965e-35 8.582933527020836e-36
0.0026541405910951734 6.666105829910923e-37 7.847089253533404e-37 1.2152958276583063e-36 1.6747843712036538e-36 2.6914212294465213e-36 6.436858975653503e-36 1.5822454283788245e-35 8.884785716428992e-36
0.0027160260680869266 6.52024239633741e-37 7.676636225315396e-37 1.1896077892977008e-36 1.640429899102358e-36 2.6399265045866038e-36 6.34439964116746e-36 1.5976653556680946e-35 9.206868600744842e-36
0.0027793545026504624 6.377683549014216e-37 7.5100440608130015e-37 1.1645019628792903e-36 1.6068572194123666e-36 2.58963020332291e-36 6.254633128512135e-36 1.6146381891339154e-35 9.55040790396137e-36
0.002844159539619031 6.238351082945234e-37 7.347220744656295e-37 1.1399641494273466e-36 1.57404684074713e-36 2.5405013870824978e-36 6.167495225591687e-36 1.633221413874755e-35 9.916711985623512e-36
0.0029104756083082714 6.1021686423286015e-37 7.1880764502978315e-37 1.1159804916285372e-36 1.541979743149112e-36 2.492509863911159e-36 6.082923433822852e-36 1.6534767483043813e-35 1.0307177284525269e-35
