results/limits/MAQRO_l.dat
# %ECSV 1.0
# ---
# datatype:
# - {name: mx, unit: MeV, datatype: float64}
# - {name: sigma_10, unit: cm2, datatype: float64}
# - {name: sigma_9, unit: cm2, datatype: float64}
# - {name: sigma_7, unit: cm2, datatype: float64}
# - {name: sigma_6, unit: cm2, datatype: float64}
# - {name: sigma_5, unit: cm2, datatype: float64}
# - {name: sigma_4, unit: cm2, datatype: float64}
# - {name: sigma_3, unit: cm2, datatype: float64}
# - {name: sigma_2, unit: cm2, datatype: float64}
# schema: astropy-2.0
mx sigma_10 sigma_9 sigma_7 sigma_6 sigma_5 sigma_4 sigma_3 sigma_2
[from data line 318]
0.00048215112361018567 2.8365563687415788e-36 3.315740740905128e-36 5.045955726014766e-36 6.827216687764336e-36 1.0547687587790598e-35 2.2178542850540083e-35 2.879325105052829e-35 6.744087607424629e-36
0.0004933932380508582 2.7715590290469636e-36 3.240449066690659e-36 4.931580097568421e-36 6.672751244066249e-36 1.0309967418813119e-35 2.1684684610320426e-35 2.818966208305551e-35 6.616701754116434e-36
0.0005048974801334842 2.708095780340942e-36 3.166878453337733e-36 4.81982345859664e-36 6.521829067365967e-36 1.0077720869817168e-35 2.1202336085143068e-35 2.760109044489332e-35 6.492908674966954e-36
0.0005166699617777604 2.6461283039350864e-36 3.0949897867442354e-36 4.710626365438804e-36 6.374369854551113e-36 9.850824293404512e-36 2.0731240270094283e-35 2.702722632985406e-35 6.372648222629722e-36
0.0005287169374124361 2.5856193173238347e-36 3.0247448438287663e-36 4.603930728984321e-36 6.230295133045683e-36 9.629156866276782e-36 2.027114608414935e-35 2.646776794772443e-35 6.255862537504355e-36
0.0005410448072981404 2.5265325488442537e-36 2.956106272067944e-36 4.49967978418567e-36 6.089528219825755e-36 9.412600525231202e-36 1.9821808240974605e-35 2.592242137665764e-35 6.142496040696381e-36
0.0005536601209276797 2.4688327129482603e-36 2.8890375701858802e-36 4.3978180598145576e-36 5.9519941805457525e-36 9.201039903863327e-36 1.938298710961563e-35 2.5390900428475655e-35 6.032495469043274e-36
0.0005665695805056229 2.412485484162004e-36 2.8235030673251923e-36 4.298291347936773e-36 5.817619787819681e-36 8.994362267027247e-36 1.8954448588516398e-35 2.48729264994039e-35 5.9258098181712856e-36
0.0005797800445090163 2.357457473281919e-36 2.759467905517605e-36 4.201046675920699e-36 5.6863334838217964e-36 8.79245745463115e-36 1.8535963972101262e-35 2.43682284520965e-35 5.8223904160815306e-36
0.0005932985313311235 2.303716201643946e-36 2.696898019709506e-36 4.106032276193981e-36 5.558065338447453e-36 8.595217816575433e-36 1.812730982939591e-35 2.3876542483695128e-35 5.722190909043747e-36
0.000607132223010125 2.2512300777007087e-36 2.6357601210950828e-36 4.013197561695385e-36 5.432747018031796e-36 8.402538157405239e-36 1.7728267879959225e-35 2.339761200517399e-35 5.625167280618202e-36
0.0006212884690447563 2.1999683711566307e-36 2.5760216772002543e-36 3.922493093815718e-36 5.310311737421608e-36 8.214315677436921e-36 1.7338624868154658e-35 2.293118752678326e-35 5.531277881163477e-36
0.0006357747902989163 2.1499011902395653e-36 2.5176508963107182e-36 3.83387056007208e-36 5.19069423598343e-36 8.03044992110369e-36 1.695817246880391e-35 2.247702654711112e-35 5.4404834528756404e-36
0.0006505988829973161 2.1009994569717325e-36 2.4606167091531898e-36 3.7472827451047814e-36 5.073830732863971e-36 7.85084271198531e-36 1.6586707125044266e-35 2.2034893447450444e-35 5.352747163591336e-36
0.0006657686228142928 2.053234884347784e-36 2.404888753135277e-36 3.662683507303813e-36 4.9596588977752703e-36 7.67539810951684e-36 1.6224029980790588e-35 2.1604559386452863e-35 5.268034645222665e-36
0.0006812920690579615 2.0065799525915444e-36 2.350437355216311e-36 3.5800277519634377e-36 4.848117813852681e-36 7.504022348536274e-36 1.5869946749795334e-35 2.118580223295264e-35 5.186314037486218e-36
0.0006971774689519261 1.9610078872632518e-36 2.2972335171624758e-36 3.4992714097698586e-36 4.739147949481417e-36 7.336623799634091e-36 1.552426760540917e-35 2.0778406418503947e-35 5.107556039755059e-36
0.0007134332620168255 1.9164926354123994e-36 2.245248897920123e-36 3.4203714077630065e-36 4.6326911164477644e-36 7.17311289634857e-36 1.518680707631795e-35 2.038216288011095e-35 5.031733964157825e-36
0.0007300680845540431 1.8730088451763786e-36 2.1944558004731455e-36 3.343285651812134e-36 4.528690448883533e-36 7.013402110776298e-36 1.4857383955096469e-35 1.9996869128962554e-35 4.958823801953538e-36
0.0007470907742339592 1.830531843095607e-36 2.144827155282752e-36 3.2679729991754586e-36 4.427090363773071e-36 6.857405886381152e-36 1.4535821160590862e-35 1.9622328812184862e-35 4.8888042926194226e-36
0.0007645103747911887 1.7890376140436007e-36 2.0963365069940685e-36 3.194393238938907e-36 4.327836535665853e-36 6.705040600711514e-36 1.4221945681536433e-35 1.925835202427902e-35 4.821657001729552e-36
0.0007823361408292924 1.7485027801144072e-36 2.0489579993562972e-36 3.122507069552382e-36 4.2308758658261894e-36 6.556224518390547e-36 1.3915588439580132e-35 1.890475505490036e-35 4.757366407439706e-36
0.00080057754273752 1.708904580283018e-36 2.0026663608186722e-36 3.052276075024345e-36 4.136156449009764e-36 6.41087773483664e-36 1.3616584216726893e-35 1.8561360369724448e-35 4.695919995067397e-36
0.0008192442717221943 1.670220851925392e-36 1.9574368922677187e-36 2.9836627078995375e-36 4.043627550485763e-36 6.268922145216559e-36 1.332477154845911e-35 1.82279965612372e-35 4.637308361082669e-36
0.0008383462449554094 1.6324300107782662e-36 1.9132454521887633e-36 2.916630265185875e-36 3.953239574830359e-36 6.130281392901475e-36 1.3039992633616892e-35 1.7904498304632336e-35 4.581525326681334e-36
0.0008578936108437789 1.595511033172847e-36 1.870068444497779e-36 2.8511428703813413e-36 3.864944039109252e-36 5.99488082786181e-36 1.2762093240942957e-35 1.7590706320332385e-35 4.5285680618962424e-36
0.0008778967544200344 1.559443437885589e-36 1.8278828053802642e-36 2.7871654529599638e-36 3.778693546119169e-36 5.862647465086175e-36 1.2490922620767456e-35 1.7286467338963933e-35 4.478437198432642e-36
0.000898366302860337 1.5242072688483564e-36 1.786665990833147e-36 2.7246637293344517e-36 3.694441758152722e-36 5.733509942740691e-36 1.2226333413725822e-35 1.6991634096202588e-35 4.431137088206577e-36
0.0009193131311302326 1.4897830784276656e-36 1.746395964503e-36 2.6636041839181477e-36 3.612143371065946e-36 5.6073984819394804e-36 1.196818156748283e-35 1.6706065276711102e-35 4.386675738668513e-36
0.0009407483677622533 1.4561519110594924e-36 1.707051185523508e-36 2.6039540506168478e-36 3.5317540889312056e-36 5.484244846271086e-36 1.1716326244355596e-35 1.6429625541925575e-35 4.345065209410793e-36
0.000962683400768232 1.4232952876653948e-36 1.668610596936371e-36 2.5456812951114998e-36 3.453230599944238e-36 5.3639823041596384e-36 1.1470629746966597e-35 1.6162185508020424e-35 4.306321686496471e-36
0.000985129883689471 1.3911951905915925e-36 1.6310536143426156e-36 2.488754597040708e-36 3.376530551949583e-36 5.2465455908548674e-36 1.1230957425034796e-35 1.5903621754028113e-35 4.270465706255877e-36
0.0010080997417879817 1.3598340487638906e-36 1.5943601143667156e-36 2.433143332586529e-36 3.301612528455125e-36 5.131870869103198e-36 1.099717760641983e-35 1.565381683428702e-35 4.237522372323229e-36
0.0010316051783820807 1.3291947240177302e-36 1.558510424259771e-36 2.378817557670784e-36 3.2284360259343594e-36 5.019895694228509e-36 1.0769161503583231e-35 1.5412659299154545e-35 4.20752158931586e-36
0.0010556586813297128 1.2992604970166524e-36 1.523485310469108e-36 2.3257479917097657e-36 3.156961431084017e-36 4.9105589778698655e-36 1.0546783143931137e-35 1.5180043724225174e-35 4.180498314229561e-36
0.0010802730296629402 1.2700150549814749e-36 1.4892659692417411e-36 2.273906002061623e-36 3.087150000357064e-36 4.8038009569086826e-36 1.032991931075715e-35 1.4955870748640656e-35 4.1564928260721417e-36
0.001105461300377127 1.2414424782591777e-36 1.4558340151574978e-36 2.2232635863573504e-36 3.018963834528283e-36 4.699563149919854e-36 1.0118449419074319e-35 1.4740047122711776e-35 4.135551015410471e-36
0.0011312368753784248 1.2135272288955181e-36 1.4231714721747742e-36 2.1737933592247202e-36 2.952365861531383e-36 4.597788333198272e-36 9.912255494552743e-36 1.4532485765464337e-35 4.117724694350083e-36
0.0011576134485932472 1.1862541389997384e-36 1.3912607634530847e-36 2.1254685362675232e-36 2.8873198140058176e-36 4.4984205035429343e-36 9.711222075504823e-36 1.4333105832570443e-35 4.1030719280797535e-36
0.0011846050332435167 1.159608399310795e-36 1.3600847020212899e-36 2.0782629197833134e-36 2.8237902098764444e-36 4.401404847949949e-36 9.515236147102337e-36 1.4141832795283984e-35 4.0916573893125843e-36
0.0012122259692915415 1.1335755488718626e-36 1.3296264812673292e-36 2.032150884394726e-36 2.761742332569146e-36 4.3066877119944024e-36 9.324187076097302e-36 1.395859853059624e-35 4.083552736420596e-36
0.0012404909310584848 1.1081414648887974e-36 1.2998696666424839e-36 1.987107362968414e-36 2.7011422118054908e-36 4.2142165691884035e-36 9.137966536642143e-36 1.3783341423798148e-35 4.078837016515109e-36
0.0012694149350204683 1.0832923523223739e-36 1.2707981857733396e-36 1.943107833795385e-36 2.6419566060265874e-36 4.123939993880733e-36 8.956468458296751e-36 1.361600648435974e-35 4.077597094847826e-36
0.0012990133477864558 1.0590147349836767e-36 1.2423963206548947e-36 1.900128306523745e-36 2.5841529830672937e-36 4.035807629479098e-36 8.779588946378337e-36 1.3456545474111678e-35 4.079928111278546e-36
0.0013293018942621524 1.0352954464437096e-36 1.2146486992236605e-36 1.8581453100883784e-36 2.527699503824066e-36 3.9497701636095004e-36 8.607226234116882e-36 1.330491705164403e-35 4.0859339652203414e-36
0.001360296666004259 1.0121216213516827e-36 1.187540287203452e-36 1.817135880085129e-36 2.472565004956618e-36 3.8657793001301686e-36 8.439280617389834e-36 1.3161086931009803e-35 4.095727830672902e-36
0.001392014129769518 9.894806870788616e-37 1.161056380126838e-36 1.777077546693558e-36 2.4187189824138992e-36 3.783787733709921e-36 8.27565439870885e-36 1.3025028057030114e-35 4.10943270211316e-36
0.0014244711362630968 9.673603558741801e-37 1.1351825958070341e-36 1.737948323114169e-36 2.3661315757616544e-36 3.703749124679577e-36 8.116251832454649e-36 1.2896720798809318e-35 4.1271819730711106e-36
0.0014576849290909482 9.457486172173023e-37 1.1099048668438835e-36 1.6997266942197977e-36 2.3147735527913967e-36 3.625618075137388e-36 7.960979070899075e-36 1.2776153160672744e-35 4.149120048759042e-36
0.0014916731539209149 9.246337305761436e-37 1.0852094334662564e-36 1.6623916057381537e-36 2.2646162947723256e-36 3.549350105867698e-36 7.809744114124128e-36 1.266332101430167e-35 4.1754029949264526e-36
0.0015264538678574353 9.040042184130076e-37 1.0610828365118343e-36 1.625922453603405e-36 2.2156317823625616e-36 3.474901634438137e-36 7.662456762505866e-36 1.2558228352674486e-35 4.20619922383395e-36
0.0015620455490348386 8.838488595334596e-37 1.0375119106895365e-36 1.5902990738836466e-36 2.16779258179743e-36 3.402229953942761e-36 7.519028570085232e-36 1.2460887563970978e-35 4.241690221231066e-36
0.0015984671064343198 8.641566826993341e-37 1.0144837780312334e-36 1.5555017329513568e-36 2.1210718318805282e-36 3.331293212769856e-36 7.379372801380096e-36 1.2371319733905835e-35 4.2820713149998556e-36
0.0016357378899298156 8.449169604994927e-37 9.919858415372413e-37 1.521511118083004e-36 2.0754432314427936e-36 3.2620503957267904e-36 7.243404390486312e-36 1.228955497278556e-35 4.327552490504154e-36
0.0016738777005681136 8.261192035300074e-37 9.700057791011807e-37 1.4883083283724772e-36 2.030881027287006e-36 3.194461305600968e-36 7.111039903754581e-36 1.2215632768132755e-35 4.378359254186591e-36
0.0017129068010886602 8.077531547330182e-37 9.48531537517811e-37 1.4558748659721323e-36 1.98736000261388e-36 3.1284865460586786e-36 6.982197503026788e-36 1.2149602371727595e-35 4.434733551341051e-36
0.0017528459266886532 7.898087840956488e-37 9.27551326863856e-37 1.4241926278778137e-36 1.9448554663376596e-36 3.0640875054335364e-36 6.856796913982775e-36 1.2091523215923404e-35 4.496934741588001e-36
0.00179371629603914 7.722762834701049e-37 9.070536149334354e-37 1.3932438978207073e-36 1.9033432424807846e-36 3.0012263414538455e-36 6.73475939538869e-36 1.204146536516153e-35 4.565240638633335e-36
0.0018355396225579732 7.551460616334426e-37 8.870271219013009e-37 1.3630113385482759e-36 1.8627996601771976e-36 2.939865966926399e-36 6.616007711892027e-36 1.1999510004168926e-35 4.639948620359867e-36
0.0018783381259456144 7.384087395924015e-37 8.674608152313987e-37 1.3334779845709048e-36 1.8232015444322804e-36 2.8799700362501214e-36 6.500466109213032e-36 1.1965749965337852e-35 4.721376816023471e-36
0.0019221345439899109 7.220551460296969e-37 8.483439046962118e-37 1.3046272350573845e-36 1.784526207053128e-36 2.8215029329334304e-36 6.388060291985036e-36 1.1940290298029397e-35 4.809865380365272e-36
0.001966952144646121 7.0607631294616044e-37 8.296658375900677e-37 1.2764428470793949e-36 1.7467514381263805e-36 2.7644297577886784e-36 6.278717404104011e-36 1.1923248882075312e-35 4.905777862441361e-36
0.0020128147383986056 6.904634714857465e-37 8.114162941262511e-37 1.2489089291846638e-36 1.7098554980113597e-36 2.7087163182346783e-36 6.172366011451287e-36 1.1914757088735941e-35 5.009502678908278e-36
0.002059746690910748 6.752080478941877e-37 7.935851829563457e-37 1.2220099351571274e-36 1.6738171095882308e-36 2.654329117981552e-36 6.068936087558287e-36 1.191496049199977e-35 5.121454700887997e-36
0.0021077729359698315 6.6030165963453965e-37 7.761626368504109e-37 1.1957306580596241e-36 1.6386154509441318e-36 2.6012353475831853e-36 5.9683590003949233e-36 1.1924019633421192e-35 5.242076975162852e-36
0.0021569189887337423 6.457361116361831e-37 7.591390085110952e-37 1.1700562244984331e-36 1.6042301483889006e-36 2.5494028756013003e-36 5.870567502190965e-36 1.1942110842775167e-35 5.371842559571398e-36
0.002207210959286545 6.315033926711626e-37 7.4250486651845015e-37 1.1449720891061627e-36 1.570641269798712e-36 2.4988002403947683e-36 5.775495720910774e-36 1.1969427119773181e-35 5.5112565321290184e-36
0.0022586755665101248 6.175956718477647e-37 7.2625099139583784e-37 1.1204640292242497e-36 1.5378293182569018e-36 2.4493966424760428e-36 5.683079153450376e-36 1.2006179078774776e-35 5.6608581361094095e-36
0.0023113401522792685 6.040052951950413e-37 7.103683717650666e-37 1.0965181397119614e-36 1.5057752258468126e-36 2.4011619370839794e-36 5.593254660311319e-36 1.2052595961849095e-35 5.821223091300973e-36
0.0023652326959877285 5.907247823409289e-37 6.948482005977222e-37 1.0731208279023846e-36 1.4744603477308354e-36 2.3540666273299566e-36 5.5059604618447973e-36 1.2108926721585165e-35 5.9929660797387784e-36
0.0024203818294129824 5.77746823302086e-37 6.796818715913024e-37 1.0502588087856054e-36 1.4438664563814936e-36 2.308081857594155e-36 5.4211361356384746e-36 1.217544118275663e-35 6.176743402350836e-36
0.0024768168519275916 5.65064275326354e-37 6.648609755911283e-37 1.0279191001488205e-36 1.4139757359768879e-36 2.2631794072195994e-36 5.33872261523249e-36 1.2252431282470747e-35 6.373255815405487e-36
0.002534567746065232 5.526701597464759e-37 6.503772970034844e-37 1.0060890179028877e-36 1.384770776827307e-36 2.219331684178204e-36 5.258662188982238e-36 1.234021239787645e-35 6.583251552330858e-36
0.0025936651934496745 5.4055765907080855e-37 6.36222810514538e-37 9.847561714951554e-37 1.356234570041326e-36 2.1765117192562238e-36 5.1808985003390374e-36 1.2439124767842317e-35 6.807529526934802e-36
0.0026541405910951734 5.28720113887762e-37 6.223896775311673e-37 9.63908459303833e-37 1.3283505020707779e-36 2.1346931598485802e-36 5.1053765482506505e-36 1.2549535004687572e-35 7.046942741075785e-36
0.0027160260680869266 5.171510200019533e-37 6.08870242924018e-37 9.435340641307954e-37 1.3011023493968886e-36 2.0938502640454312e-36 5.0320426878204e-36 1.2671837723382015e-35 7.302401872728361e-36
0.0027793545026504624 5.058440255144229e-37 5.956570316761246e-37 9.236214486756452e-37 1.274474273134506e-36 2.0539578944472182e-36 4.960844631310047e-36 1.2806457273395991e-35 7.57487910182834e-36
0.002844159539619031 4.947929279907183e-37 5.8274274563717574e-37 9.041593511233385e-37 1.2484508138081898e-36 2.0149915123750152e-36 4.891731449298924e-36 1.295384959642993e-35 7.865412153829978e-36
0.0029104756083082714 4.839916716025286e-37 5.701202602265196e-37 8.851367805602347e-37 1.2230168857595097e-36 1.9769271710816806e-36 4.8246535710264604e-36 1.3114504210211622e-35 8.175108603278827e-36
