results/limits/MAQRO_f_6_phase.dat
# %ECSV 1.0
# ---
# datatype:
# - {name: mx, unit: MeV, datatype: float64}
# - {name: sigma_6, unit: cm2, datatype: float64}
# schema: astropy-2.0
mx sigma_6
3.162277660168379e-07 1.4731161946233001e-34
3.2360111549336787e-07 1.4731162838044167e-34
3.311463862505236e-07 1.4731163771928127e-34
3.388675869043115e-07 1.473116474986973e-34
3.4676881953794695e-07 1.473116577394749e-34
3.548542818811901e-07 1.4731166846337957e-34
3.6312826954049566e-07 1.473116796932036e-34
3.715951782811629e-07 1.4731169145281468e-34
3.8025950636269697e-07 1.4731170376720664e-34
3.89125856928623e-07 1.4731171666255211e-34
3.9819894045202297e-07 1.4731173016625842e-34
4.0748357723809307e-07 1.473117443070262e-34
4.169846999850535e-07 1.4731175911490992e-34
4.2670735640476865e-07 1.4731177462138198e-34
4.3665671190447213e-07 1.4731179085939943e-34
4.4683805233101997e-07 1.4731180786347406e-34
4.572567867791303e-07 1.4731182566974653e-34
4.6791845046510194e-07 1.473118443160612e-34
4.788287076675383e-07 1.473118638420489e-34
4.899933547366384e-07 1.4731188428920966e-34
5.014183231736547e-07 1.4731190570100155e-34
5.131096827821533e-07 1.4731192812293239e-34
5.250736448927506e-07 1.4731195160265743e-34
5.373165656630395e-07 1.4731197619007987e-34
5.4984494945446e-07 1.473120019374571e-34
5.626654522879044e-07 1.473120288995119e-34
5.757848853798981e-07 1.4731205713354927e-34
5.892102187612295e-07 1.4731208669957638e-34
6.029485849799565e-07 1.4731211766043252e-34
6.17007282890752e-07 1.4731215008192126e-34
6.313937815326057e-07 1.4731218403294979e-34
6.461157240969403e-07 1.4731221958567704e-34
6.611809319882495e-07 1.4731225681566612e-34
6.765974089794179e-07 1.4731229580204363e-34
6.923733454639272e-07 1.473123366276709e-34
7.085171228072106e-07 1.4731237937931773e-34
7.250373177994646e-07 1.4731242414784605e-34
7.419427072122865e-07 1.473124710284067e-34
7.592422724615558e-07 1.4731252012063724e-34
7.769452043790388e-07 1.4731257152887718e-34
7.950609080952509e-07 1.4731262536238794e-34
8.135990080361694e-07 1.4731268173558548e-34
8.325693530364543e-07 1.4731274076828281e-34
8.519820215718901e-07 1.4731280258594671e-34
8.718473271138315e-07 1.4731286731996166e-34
8.921758236084957e-07 1.4731293510791166e-34
9.12978311084014e-07 1.473130060938695e-34
9.342658413882192e-07 1.4731308042870699e-34
9.560497240602198e-07 1.4731315827041199e-34
9.78341532338879e-07 1.4731323978442578e-34
1.0011531093113902e-06 1.4731332514399475e-34
1.0244965742052174e-06 1.4731341453053933e-34
1.048384328826741e-06 1.473135081340362e-34
1.0728290641500308e-06 1.4731360615342654e-34
1.0978437670592484e-06 1.4731370879703661e-34
1.1234417272482566e-06 1.4731381628301992e-34
1.149636544281106e-06 1.473139288398204e-34
1.1764421348171486e-06 1.47314046706662e-34
1.2038727400046132e-06 1.4731417013405127e-34
1.2319429330465773e-06 1.4731429938431399e-34
1.2606676269433496e-06 1.473144347321529e-34
1.2900620824153782e-06 1.473145764652256e-34
1.3201419160108953e-06 1.4731472488476481e-34
1.3509231084026028e-06 1.473148803062105e-34
1.38242201287781e-06 1.4731504305988578e-34
1.4146553640265304e-06 1.473152134916958e-34
1.447640286632156e-06 1.4731539196386485e-34
1.4813943047694329e-06 1.4731557885570384e-34
1.5159353511145682e-06 1.473157745644186e-34
1.5512817764724183e-06 1.4731597950595337e-34
1.587452359525819e-06 1.4731619411587286e-34
1.6244663168122348e-06 1.4731641885029193e-34
1.6623433129330315e-06 1.473166541868406e-34
1.7011034710007933e-06 1.4731690062568116e-34
1.740767383330235e-06 1.4731715869057217e-34
1.7813561223783898e-06 1.4731742892997805e-34
1.8228912519398869e-06 1.473177119182379e-34
1.8653948386032614e-06 1.4731800825678517e-34
1.908889463474389e-06 1.473183185754244e-34
1.9533982341732686e-06 1.4731864353367045e-34
1.9989447971105317e-06 1.4731898382215137e-34
2.045553350050195e-06 1.4731934016407279e-34
2.0932486549653353e-06 1.4731971331675633e-34
2.1420560511935146e-06 1.473201040732521e-34
2.192001468898943e-06 1.4732051326401616e-34
2.2431114428485372e-06 1.4732094175868372e-34
2.2954131265091837e-06 1.4732139046791035e-34
2.3489343064737076e-06 1.4732186034531124e-34
2.403703417223201e-06 1.4732235238948454e-34
2.4597495562335635e-06 1.4732286764613623e-34
2.5171024994342686e-06 1.4732340721029809e-34
2.575792717027583e-06 1.4732397222865816e-34
2.635851389676631e-06 1.4732456390199436e-34
2.6973104250709106e-06 1.4732518348772666e-34
2.760202474878063e-06 1.4732583230259032e-34
2.8245609520908932e-06 1.4732651172542978e-34
2.8904200487788716e-06 1.4732722320013117e-34
2.9578147542535346e-06 1.4732796823868944e-34
3.026780873657441e-06 1.4732874842441809e-34
3.097355046986562e-06 1.4732956541531667e-34
3.1695747685562034e-06 1.4733042094758906e-34
3.2434784069208122e-06 1.4733131683933534e-34
3.319105225258239e-06 1.473322549944118e-34
3.3964954022292982e-06 1.4733323740647502e-34
3.4756900533236943e-06 1.4733426616321787e-34
3.5567312527036693e-06 1.4733534345080406e-34
3.6396620555569646e-06 1.4733647155851021e-34
3.7245265209709786e-06 1.4733765288358954e-34
3.811369735340273e-06 1.4733888993636336e-34
3.900237836319859e-06 1.4734018534555308e-34
3.991178037336996e-06 1.4734154186386179e-34
4.0842386526745176e-06 1.473429623738209e-34
4.179469123139017e-06 1.473444498939121e-34
4.2769200423275275e-06 1.4734600758497651e-34
4.376643183506652e-06 1.4734763875692745e-34
4.478691527118417e-06 1.473493468757776e-34
4.583119288927478e-06 1.4735113557099957e-34
4.689981948824612e-06 1.473530086432312e-34
4.799336280301815e-06 1.4735497007234478e-34
4.911240380614659e-06 1.4735702402589657e-34
5.0257537016479225e-06 1.4735917486797383e-34
5.142937081500915e-06 1.473614271684583e-34
5.262852776809252e-06 1.4736378571272692e-34
5.385564495820272e-06 1.4736625551180852e-34
5.511137432239651e-06 1.4736884181301964e-34
5.639638299867211e-06 1.473715501110991e-34
5.771135368040315e-06 1.4737438615986984e-34
5.905698497903673e-06 1.4737735598444768e-34
6.043399179524854e-06 1.4738046589402398e-34
6.184310569875183e-06 1.473837224952524e-34
6.32850753169624e-06 1.473871327062645e-34
6.47606667327258e-06 1.4739070377134325e-34
6.627066389131828e-06 1.4739444327628974e-34
6.781586901693754e-06 1.4739835916451056e-34
6.939710303890459e-06 1.4740245975386355e-34
7.101520602780329e-06 1.47406753754293e-34
7.267103764178904e-06 1.4741125028629828e-34
7.436547758330399e-06 1.474159589002671e-34
7.609942606644117e-06 1.4742088959671947e-34
7.787380429520604e-06 1.4742605284750229e-34
7.968955495292936e-06 1.4743145961798108e-34
8.15476427030917e-06 1.4743712139027183e-34
8.344905470182516e-06 1.4744305018756787e-34
8.539480112236516e-06 1.4744925859960584e-34
8.738591569173047e-06 1.4745575980932924e-34
8.942345623991688e-06 1.4746256762080293e-34
9.150850526189614e-06 1.4746969648843821e-34
9.364217049271877e-06 1.474771615475889e-34
9.58255854960264e-06 1.4748497864658334e-34
9.805991026628606e-06 1.474931643802571e-34
1.0034633184506672e-05 1.475017361250597e-34
1.0268606495168497e-05 1.475107120758053e-34
1.0508035262855554e-05 1.4752011128414698e-34
1.07530466901589e-05 1.4752995369885147e-34
1.1003770945598772e-05 1.4754026020796199e-34
1.1260341232779899e-05 1.4755105268293192e-34
1.1522893861159297e-05 1.4756235402482701e-34
1.1791568318464117e-05 1.4757418821268575e-34
1.206650734479802e-05 1.4758658035414371e-34
1.2347857008475478e-05 1.475995567384207e-34
1.263576678362426e-05 1.4761314489178798e-34
1.293038962959737e-05 1.476273736356203e-34
1.3231882072236462e-05 1.4764227314716274e-34
1.3540404287030327e-05 1.4765787502312954e-34
1.3856120184212054e-05 1.4767421234626796e-34
1.4179197495840522e-05 1.4769131975502782e-34
1.4509807864912299e-05 1.4770923351647201e-34
1.484812693655133e-05 1.4772799160258397e-34
1.5194334451324849e-05 1.4774763377012495e-34
1.5548614340735104e-05 1.477682016442013e-34
1.5911154824937624e-05 1.4778973880572072e-34
1.6282148512737936e-05 1.4781229088290164e-34
1.6661792503919872e-05 1.4783590564703492e-34
1.7050288493959805e-05 1.4786063311268185e-34
1.7447842881182494e-05 1.4788652564251435e-34
1.785466687641539e-05 1.479136380570091e-34
1.8270976615199758e-05 1.4794202774921684e-34
1.869699327261814e-05 1.4797175480482995e-34
1.91329431807992e-05 1.480028821277981e-34
1.957905794916243e-05 1.4803547557173522e-34
2.003557458746648e-05 1.4806960407738248e-34
2.0502735631726606e-05 1.4810533981639817e-34
2.0980789273068064e-05 1.4814275834175687e-34
2.1469989489583918e-05 1.481819387450601e-34
2.1970596181267336e-05 1.482229638210604e-34
2.2482875308090033e-05 1.4826592023972434e-34
2.3007099031300245e-05 1.483108987261698e-34
2.354354585801526e-05 1.4835799424882544e-34
2.4092500789185385e-05 1.4840730621617944e-34
2.4654255471007912e-05 1.4845893868249164e-34
2.5229108349871537e-05 1.4851300056287184e-34
2.5817364830913554e-05 1.485696058581256e-34
2.641933744027406e-05 1.4862887388980568e-34
2.7035345991133382e-05 1.4869092954590695e-34
2.7665717753620915e-05 1.4875590353767195e-34
2.8310787628685666e-05 1.488239326679889e-34
2.8970898326020842e-05 1.4889516011188331e-34
2.964640054613707e-05 1.4896973570962442e-34
3.033765316668089e-05 1.490478162729897e-34
3.104502343309761e-05 1.4912956590525048e-34
3.176888715373972e-05 1.492151563354643e-34
3.25096288995246e-05 1.4930476726768338e-34
3.326764220824756e-05 1.4939858674571023e-34
3.4043329793658724e-05 1.4949681153405848e-34
3.483710375941493e-05 1.4959964751580042e-34
3.5649385818020195e-05 1.4970731010800878e-34
3.648060751487119e-05 1.498200246955292e-34
3.73312104575266e-05 1.4993802708384418e-34
3.820164655032238e-05 1.5006156397182298e-34
3.90923782344573e-05 1.5019089344517804e-34
4.0003878733676586e-05 1.5032628549148114e-34
4.093663230568398e-05 1.5046802253762249e-34
4.1891134499415887e-05 1.506164000106349e-34
4.2867892418314344e-05 1.5077172692283164e-34
4.386742498973848e-05 1.5093432648224987e-34
4.489026324065786e-05 1.5110453672942294e-34
4.5936950579773975e-05 1.5128271120154933e-34
4.700804308621986e-05 1.514692196251621e-34
4.8104109804991236e-05 1.5166444863844648e-34
4.922573304926602e-05 1.5186880254439978e-34
5.0373508709772956e-05 1.5208270409607024e-34
5.154804657137365e-05 1.5230659531516314e-34
5.27499706370262e-05 1.5254093834535454e-34
5.397991945930254e-05 1.5278621634170183e-34
5.5238546479635675e-05 1.53042934397605e-34
5.6526520375476976e-05 1.5331162051082718e-34
5.784452541554797e-05 1.535928265901477e-34
5.9193261823375433e-05 1.538871295042912e-34
6.057344614930286e-05 1.5419513217484866e-34
6.198581165117595e-05 1.54517464714977e-34
6.34311086839044e-05 1.5485478561575647e-34
6.491010509810695e-05 1.5520778298216267e-34
6.642358664805138e-05 1.555771758207102e-34
6.797235740910648e-05 1.5596371538092295e-34
6.955724020492732e-05 1.5636818655289353e-34
7.117907704460117e-05 1.5679140932330945e-34
7.283872956998614e-05 1.5723424029244973e-34
7.453707951348025e-05 1.5769757425478373e-34
7.627502916646401e-05 1.581823458459499e-34
7.805350185866558e-05 1.5868953125904045e-34
7.987344244870308e-05 1.5922015003328546e-34
8.173581782606456e-05 1.5977526691839853e-34
8.364161742479263e-05 1.6035599381803445e-34
8.559185374914618e-05 1.6096349181600811e-34
8.758756291151902e-05 1.615989732891317e-34
8.96298051829007e-05 1.62263704110752e-34
9.17196655561724e-05 1.6295900594930484e-34
9.385825432253677e-05 1.6368625866645672e-34
9.604670766138824e-05 1.6444690281966004e-34
9.828618824393714e-05 1.6524244227422813e-34
0.00010057788585090809 1.6607444693032446e-34
0.00010292301800464121 1.6694455557055435e-34
0.00010532283061593165 1.6785447883416155e-34
0.00010777859864595113 1.6880600232414988e-34
0.00011029162678360347 1.6980098985397088e-34
0.00011286325013867351 1.7084138684076049e-34
0.00011549483495113791 1.7192922385242708e-34
0.00011818777931701482 1.7306662031624193e-34
0.0001209435139311377 1.7425578839690243e-34
0.00012376350284724815 1.7549903705236718e-34
0.00012664924425581149 1.7679877627607247e-34
0.00012960227127996844 1.781575215344298e-34
0.00013262415279004548 1.79577898408782e-34
0.00013571649423705693 1.810626474512283e-34
0.0001388809385056415 1.826146292639424e-34
0.00014211916678688624 1.842368298117623e-34
0.00014543289947150178 1.8593236597794016e-34
0.0001488238970638237 1.8770449137298649e-34
0.00015229396111712465 1.8955660240651332e-34
0.00015584493519073535 1.9149224463186677e-34
0.00015947870582948208 1.9351511937313316e-34
0.00016319720356596128 1.9562909064377827e-34
0.00016700240394618395 1.9783819236573926e-34
0.00017089632857913436 2.0014663589719757e-34
0.000174881046210801 2.0255881787652366e-34
0.00017895867382325032 2.050793283889643e-34
0.0001831313777593269 2.0771295946152825e-34
0.00018740137487357792 2.104647138902024e-34
0.00019177093371001327 2.133398144020628e-34
0.000196242375707327 2.163437131530176e-34
0.00020081807643222024 2.194821015598065e-34
0.00020550046684148122 2.2276092046246008e-34
0.0002102920345734925 2.261863706106503e-34
0.0002151953252698519 2.2976492346423552e-34
0.00022021294392780895 2.335033322947632e-34
0.00022534755628423554 2.374086435707265e-34
0.0002306018902318662 2.414882086049446e-34
0.00023597873726856003 2.4574969543749655e-34
0.0002414809539803547 2.502011009221862e-34
0.0002471114635590999 2.548507629784772e-34
0.00025287325735547713 2.597073729642168e-34
0.00025876939646823026 2.647799881172005e-34
0.00026480301337045197 2.700780440057097e-34
0.000270977313573789 2.756113669195384e-34
0.00027729557733145163 2.8139018612370183e-34
0.00028376116138093086 2.874251458869553e-34
0.0002903775007273506 2.937273171864492e-34
0.00029714811046840066 3.0030820897829057e-34
0.00030407658766182135 3.0717977891148844e-34
0.00031116661323643183 3.143544433497328e-34
0.0003184219539477161 3.2184508655174356e-34
0.00032584646437900766 3.296650688465691e-34
0.00033344408898933415 3.3782823362527285e-34
0.0003412188642090111 3.463489129550274e-34
0.0003491749205840977 3.5524193160584087e-34
0.0003573164849708539 3.6452260926412315e-34
0.0003656478827813646 3.742067606912199e-34
0.0003741735402815245 3.8431069356913405e-34
0.0003828979869426037 3.948512037601381e-34
0.000391825857847644 4.05845567692156e-34
0.000400961896153964 4.173115315679855e-34
0.0004103109556130814 4.292672970840299e-34
0.0004198780031493915 4.417315033335842e-34
0.00042966812149897106 4.547232045614056e-34
0.000439686511909911 4.682618434307317e-34
0.0004499384969056106 4.8236721946169776e-34
0.00046042952311250296 4.97059452301788e-34
0.0004711651641537129 5.123589394951985e-34
0.00048215112361018567 5.282863084293871e-34
0.0004933932380508582 5.448623621543557e-34
0.0005048974801334842 5.621080187939365e-34
0.0005166699617777604 5.800442442992575e-34
0.0005287169374124361 5.98691978333191e-34
0.0005410448072981404 6.180720531215415e-34
0.0005536601209276797 6.382051051624282e-34
0.0005665695805056229 6.5911147975021244e-34
0.0005797800445090163 6.808111283445703e-34
0.0005932985313311235 7.0332349889900146e-34
0.000607132223010125 7.266674193561423e-34
0.0006212884690447563 7.508609746192265e-34
0.0006357747902989163 7.759213774194625e-34
0.0006505988829973161 8.018648336169264e-34
0.0006657686228142928 8.287064025967392e-34
0.0006812920690579615 8.564598535511845e-34
0.0006971774689519261 8.851375185702492e-34
0.0007134332620168255 9.147501435956158e-34
0.0007300680845540431 9.453067384239262e-34
0.0007470907742339592 9.768144270713646e-34
0.0007645103747911887 1.0092782999302541e-33
0.0007823361408292924 1.0427012692561337e-33
0.00080057754273752 1.0770839296173823e-33
0.0008192442717221943 1.1124244250153709e-33
0.0008383462449554094 1.1487183244380225e-33
0.0008578936108437789 1.1859585076403407e-33
0.0008778967544200344 1.224135062948912e-33
0.000898366302860337 1.2632351988610919e-33
0.0009193131311302326 1.303243171151513e-33
0.0009407483677622533 1.3441402271072327e-33
0.000962683400768232 1.3859045683876676e-33
0.000985129883689471 1.4285113338465477e-33
0.0010080997417879817 1.4719326034615045e-33
0.0010316051783820807 1.5161374242946392e-33
0.0010556586813297128 1.5610918591572766e-33
0.0010802730296629402 1.6067590583781093e-33
0.001105461300377127 1.653099354780611e-33
