results/limits/MAQRO_h.dat
# %ECSV 1.0
# ---
# datatype:
# - {name: mx, unit: MeV, datatype: float64}
# - {name: sigma, unit: cm2, datatype: float64}
# schema: astropy-2.0
mx sigma
[from data line 445]
8.811391633678267e-07 1.0834854444687073e-33
8.831706022970108e-07 1.0795522893283663e-33
8.852067246454506e-07 1.075686794493509e-33
8.872475412106196e-07 1.0718880656087237e-33
8.892930628148924e-07 1.0681552260287818e-33
8.913433003055865e-07 1.0644874164379318e-33
8.933982645550332e-07 1.060883794478793e-33
8.954579664606295e-07 1.0573435343906694e-33
8.975224169448905e-07 1.0538658266569745e-33
8.995916269555207e-07 1.0504498776614836e-33
9.016656074654559e-07 1.0470949093532416e-33
9.037443694729377e-07 1.0438001589197816e-33
9.058279240015564e-07 1.0405648784685267e-33
9.07916282100322e-07 1.0373883347160424e-33
9.10009454843718e-07 1.0342698086850098e-33
9.121074533317542e-07 1.0312085954086568e-33
9.142102886900383e-07 1.0282040036424306e-33
9.163179720698205e-07 1.0252553555827759e-33
9.184305146480674e-07 1.0223619865927286e-33
9.20547927627506e-07 1.0195232449342438e-33
9.226702222366965e-07 1.0167384915069743e-33
9.247974097300866e-07 1.0140070995934005e-33
9.269295013880647e-07 1.0113284546101124e-33
9.290665085170334e-07 1.0087019538650452e-33
9.312084424494545e-07 1.0061270063205832e-33
9.333553145439237e-07 1.0036030323622897e-33
9.355071361852164e-07 1.0011294635731871e-33
9.376639187843625e-07 9.987057425133797e-34
9.398256737786922e-07 9.963313225049294e-34
9.419924126319098e-07 9.940056674217948e-34
9.441641468341489e-07 9.917282514847407e-34
9.463408879020273e-07 9.894985590610854e-34
9.485226473787219e-07 9.873160844691064e-34
9.507094368340142e-07 9.851803317870746e-34
9.529012678643674e-07 9.830908146666996e-34
9.55098152092972e-07 9.810470561509521e-34
9.573001011698212e-07 9.790485884960899e-34
9.595071267717672e-07 9.770949529978242e-34
9.617192406025764e-07 9.751856998214997e-34
9.639364543930064e-07 9.733203878361702e-34
9.661587799008518e-07 9.71498584452513e-34
9.683862289110213e-07 9.69719865464437e-34
9.706188132355866e-07 9.679838148943352e-34
9.728565447138592e-07 9.662900248418463e-34
9.75099435212438e-07 9.646380953360786e-34
9.773474966252855e-07 9.630276341911751e-34
9.79600740873786e-07 9.614582568651626e-34
9.818591799068014e-07 9.59929586321987e-34
9.841228257007505e-07 9.584412528966524e-34
9.863916902596538e-07 9.569928941634174e-34
9.886657856152164e-07 9.555841548069235e-34
9.909451238268727e-07 9.542146864962344e-34
9.932297169818665e-07 9.528841477616774e-34
9.95519577195308e-07 9.515922038744404e-34
9.97814716610233e-07 9.503385267288464e-34
1.00011514739768e-06 9.491227947272446e-34
1.0024208817567396e-06 9.479446926674587e-34
1.0047319319146357e-06 9.468039116327169e-34
1.0070483101267724e-06 9.45700148884025e-34
1.0093700286768157e-06 9.446331077549001e-34
1.0116970998767502e-06 9.436024975484341e-34
1.0140295360669395e-06 9.426080334366102e-34
1.016367349616206e-06 9.416494363618254e-34
1.0187105529218798e-06 9.407264329405796e-34
1.0210591584098804e-06 9.398387553692518e-34
1.0234131785347672e-06 9.389861413319565e-34
1.025772625779819e-06 9.381683339103758e-34
1.028137512657095e-06 9.373850814955832e-34
1.0305078517074933e-06 9.366361377017619e-34
1.032883655500834e-06 9.359212612817952e-34
1.0352649366359078e-06 9.352402160446965e-34
1.0376517077405595e-06 9.3459277077481e-34
1.040043981471739e-06 9.339786991527634e-34
1.0424417705155833e-06 9.333977796781186e-34
1.0448450875874757e-06 9.328497955936942e-34
1.0472539454321086e-06 9.323345348115144e-34
1.0496683568235658e-06 9.31851789840338e-34
1.0520883345653723e-06 9.314013577147571e-34
1.0545138914905798e-06 9.309830399258029e-34
1.0569450404618181e-06 9.305966423530432e-34
1.0593817943713771e-06 9.302419751981265e-34
1.0618241661412704e-06 9.299188529197522e-34
1.0642721687232954e-06 9.296270941700231e-34
1.066725815099119e-06 9.293665217321574e-34
1.0691851182803275e-06 9.29136962459526e-34
1.0716500913085145e-06 9.289382472159892e-34
1.074120747255331e-06 9.287702108175042e-34
1.076597099222572e-06 9.286326919749692e-34
1.0790791603422369e-06 9.285255332382859e-34
1.0815669437765947e-06 9.28448580941611e-34
1.0840604627182688e-06 9.284016851497623e-34
1.086559730390288e-06 9.283846996057751e-34
1.0890647600461757e-06 9.283974816795572e-34
1.0915755649700024e-06 9.284398923176403e-34
1.0940921584764725e-06 9.285117959939983e-34
1.0966145539109795e-06 9.286130606619021e-34
1.099142764649692e-06 9.287435577068008e-34
1.1016768040996082e-06 9.289031619001974e-34
1.1042166856986434e-06 9.290917513545067e-34
1.1067624229156924e-06 9.293092074788659e-34
1.1093140292506958e-06 9.295554149358862e-34
1.1118715182347274e-06 9.298302615993197e-34
1.1144349034300466e-06 9.30133638512626e-34
1.1170041984301897e-06 9.304654398484184e-34
1.1195794168600236e-06 9.30825562868773e-34
1.1221605723758331e-06 9.31213907886378e-34
1.1247476786653877e-06 9.316303782265148e-34
1.1273407494480066e-06 9.32074880189844e-34
1.1299397984746475e-06 9.325473230159901e-34
1.1325448395279614e-06 9.330476188478958e-34
1.135155886422384e-06 9.33575682696947e-34
1.1377729530041905e-06 9.34131432408834e-34
1.1403960531515853e-06 9.347147886301517e-34
1.1430252007747684e-06 9.353256747757153e-34
1.1456604098160025e-06 9.35964016996569e-34
1.148301694249703e-06 9.366297441487e-34
1.1509490680824936e-06 9.37322787762407e-34
1.153602545353299e-06 9.38043082012348e-34
1.156262140133401e-06 9.387905636882247e-34
1.1589278665265293e-06 9.395651721661087e-34
1.1615997386689298e-06 9.403668493803896e-34
1.1642777707294307e-06 9.41195539796326e-34
1.166961976909537e-06 9.420511903832173e-34
1.1696523714434843e-06 9.429337505881362e-34
1.1723489685983347e-06 9.438431723102605e-34
1.1750517826740328e-06 9.44779409875755e-34
1.1777608280034988e-06 9.457424200132188e-34
1.1804761189526969e-06 9.46732161829672e-34
1.183197669920704e-06 9.477485967870732e-34
1.1859254953398036e-06 9.487916886793713e-34
1.1886596096755427e-06 9.498614036100603e-34
1.191400027426828e-06 9.509577099702484e-34
1.1941467631259829e-06 9.520805784172125e-34
1.1968998313388422e-06 9.532299818534508e-34
1.1996592466648214e-06 9.544058954062017e-34
1.2024250237369879e-06 9.55608296407437e-34
1.205197177222154e-06 9.568371643743202e-34
1.2079757218209372e-06 9.580924809900996e-34
1.2107606722678555e-06 9.593742300854667e-34
1.2135520433313878e-06 9.606823976203346e-34
1.2163498498140685e-06 9.620169716660509e-34
1.2191541065525586e-06 9.633779423880318e-34
1.2219648284177173e-06 9.647653020288003e-34
1.2247820303146977e-06 9.661790448914479e-34
1.227605727183007e-06 9.676191673234711e-34
1.2304359339966045e-06 9.690856677010253e-34
1.2332726657639612e-06 9.705785464135381e-34
1.2361159375281579e-06 9.720978058487252e-34
1.238965764366956e-06 9.736434503779584e-34
1.2418221613928714e-06 9.752154863420096e-34
1.244685143753271e-06 9.768139220371524e-34
1.2475547266304333e-06 9.784387677016145e-34
1.2504309252416498e-06 9.800900355023838e-34
1.2533137548392841e-06 9.817677395223423e-34
1.2562032307108745e-06 9.834718957477579e-34
1.2590993681791936e-06 9.852025220560802e-34
1.2620021826023506e-06 9.869596382040882e-34
1.264911689373852e-06 9.88743265816333e-34
1.2678279039227012e-06 9.905534283739153e-34
1.2707508417134728e-06 9.923901512035632e-34
1.2736805182463869e-06 9.94253461467005e-34
1.2766169490574089e-06 9.961433881506694e-34
1.2795601497183116e-06 9.980599620556479e-34
1.2825101358367786e-06 1.0000032157879747e-33
1.285466923056466e-06 1.0019731837491723e-33
1.2884305270571037e-06 1.0039699021270959e-33
1.2914009635545707e-06 1.0059934088870455e-33
1.2943782483009706e-06 1.008043743763142e-33
1.2973623970847335e-06 1.0101209482500017e-33
1.300353425730679e-06 1.0122250655946381e-33
1.3033513501001204e-06 1.0143561407886593e-33
1.3063561860909283e-06 1.0165142205606948e-33
1.3093679496376335e-06 1.0186993533690961e-33
1.3123866567115034e-06 1.0209115893948762e-33
1.3154123233206183e-06 1.023150980534893e-33
1.3184449655099758e-06 1.0254175803952923e-33
1.3214845993615536e-06 1.027711444285162e-33
1.3245312409944167e-06 1.030032629210454e-33
1.3275849065647818e-06 1.032381193868109e-33
1.3306456122661207e-06 1.0347571986404361e-33
1.3337133743292392e-06 1.0371607055897028e-33
1.3367882090223544e-06 1.0395917784529454e-33
1.3398701326512004e-06 1.0420504826370234e-33
1.342959161559092e-06 1.0445368852138512e-33
1.3460553121270348e-06 1.0470510549158952e-33
1.349158600773789e-06 1.049593062131827e-33
1.3522690439559762e-06 1.0521629789024377e-33
1.3553866581681575e-06 1.0547608789167191e-33
1.3585114599429145e-06 1.0573868375081631e-33
1.361643465850954e-06 1.0600409316512749e-33
1.3647826925011764e-06 1.0627232399582562e-33
1.367929156540783e-06 1.065433842675918e-33
1.371082874655345e-06 1.0681728216827514e-33
1.3742438635689087e-06 1.0709402604862258e-33
1.377412140044078e-06 1.0737362442202501e-33
1.380587720882094e-06 1.0765608596428232e-33
1.3837706229229436e-06 1.079414195133894e-33
1.3869608630454264e-06 1.0822963406933627e-33
1.3901584581672671e-06 1.0852073879393099e-33
1.3933634252451822e-06 1.088147430106356e-33
1.39657578127499e-06 1.0911165620442426e-33
1.3997955432916918e-06 1.0941148802165568e-33
1.4030227283695548e-06 1.0971424826996329e-33
1.4062573536222206e-06 1.1001994691816486e-33
1.4094994362027755e-06 1.1032859409618521e-33
1.4127489933038627e-06 1.1064020009499985e-33
1.416006042157751e-06 1.1095477536659098e-33
1.419270600036446e-06 1.1127233052392376e-33
1.4225426842517737e-06 1.1159287634093657e-33
1.4258223121554636e-06 1.1191642375254661e-33
1.4291095011392603e-06 1.12242983854675e-33
1.4324042686349927e-06 1.125725679042828e-33
1.4357066321146904e-06 1.1290518731942773e-33
1.439016609090652e-06 1.1324085367933146e-33
1.4423342171155623e-06 1.1357957872446694e-33
1.4456594737825613e-06 1.1392137435665651e-33
1.4489923967253613e-06 1.142662526391894e-33
1.452333003618317e-06 1.1461422579694977e-33
1.455681312176539e-06 1.1496530621656389e-33
1.4590373401559801e-06 1.1531950644655928e-33
1.46240110535352e-06 1.15676839197538e-33
1.4657726256070803e-06 1.1603731734236782e-33
1.469151918795695e-06 1.1640095391638305e-33
1.4725390028396304e-06 1.1676776211760446e-33
1.475933895700455e-06 1.171377553069687e-33
1.479336615381156e-06 1.1751094700857577e-33
1.4827471799262267e-06 1.1788735090994822e-33
1.4861656074217512e-06 1.1826698086230326e-33
1.4895919159955234e-06 1.1864985088084263e-33
1.4930261238171182e-06 1.1903597514505052e-33
1.4964682490980116e-06 1.1942536799901099e-33
1.4999183100916536e-06 1.1981804395173297e-33
1.5033763250935862e-06 1.2021401767749411e-33
1.506842312441531e-06 1.2061330401619427e-33
1.5103162905154775e-06 1.2101591797372245e-33
1.5137982777378026e-06 1.2142187472234023e-33
1.5172882925733417e-06 1.2183118960107279e-33
1.5207863535295142e-06 1.2224387811611934e-33
1.5242924791563946e-06 1.2265995594126978e-33
1.5278066880468332e-06 1.2307943891834035e-33
1.5313289988365458e-06 1.2350234305761819e-33
1.5348594302042032e-06 1.2392868453831883e-33
1.5383980008715513e-06 1.2435847970905946e-33
1.5419447296034857e-06 1.2479174508834026e-33
1.5454996352081773e-06 1.2522849736504324e-33
1.5490627365371456e-06 1.2566875339893803e-33
1.5526340524853806e-06 1.2611253022120607e-33
1.5562136019914348e-06 1.2655984503497294e-33
1.5598014040375137e-06 1.2701071521585313e-33
1.5633974776495976e-06 1.274651583125113e-33
1.567001841897518e-06 1.2792319204722934e-33
1.5706145158950848e-06 1.2838483431649289e-33
1.5742355188001605e-06 1.288501031915826e-33
1.5778648698147857e-06 1.2931901691918434e-33
1.5815025881852703e-06 1.2979159392200716e-33
1.5851486932022867e-06 1.3026785279941326e-33
1.5888032042009938e-06 1.3074781232806438e-33
1.5924661405611144e-06 1.3123149146257363e-33
1.5961375217070638e-06 1.317189093361764e-33
1.5998173671080265e-06 1.3221008526140575e-33
1.6035056962780823e-06 1.32705038730787e-33
1.6072025287763e-06 1.3320378941753943e-33
1.610907884206832e-06 1.3370635717628969e-33
1.6146217822190397e-06 1.3421276204380191e-33
1.6183442425075733e-06 1.3472302423971245e-33
1.622075284812501e-06 1.3523716416728415e-33
1.6258149289193875e-06 1.3575520241416473e-33
1.6295631946594233e-06 1.3627715975316423e-33
1.6333201019095188e-06 1.3680305714303886e-33
1.6370856705924e-06 1.3733291572928778e-33
1.6408599206767373e-06 1.3786675684496478e-33
1.6446428721772247e-06 1.384046020114962e-33
1.6484345451547136e-06 1.3894647293951694e-33
1.652234959716291e-06 1.3949239152971122e-33
1.6560441360154138e-06 1.4004237987367216e-33
1.6598620942519884e-06 1.4059646025476626e-33
1.6636888546725057e-06 1.4115465514901644e-33
1.6675244375701194e-06 1.417169872259891e-33
1.6713688632847801e-06 1.4228347934970086e-33
1.6752221522033302e-06 1.428541545795313e-33
1.6790843247596044e-06 1.4342903617114815e-33
1.6829554014345592e-06 1.4400814757744824e-33
1.6868354027563568e-06 1.4459151244950357e-33
1.6907243493004996e-06 1.4517915463752658e-33
1.6946222616899128e-06 1.4577109819183941e-33
1.6985291605950769e-06 1.4636736736386191e-33
1.7024450667341277e-06 1.4696798660710714e-33
1.7063700008729563e-06 1.4757298057818814e-33
1.7103039838253418e-06 1.481823741378413e-33
1.7142470364530356e-06 1.4879619235195446e-33
1.718199179665899e-06 1.4941446049261464e-33
1.7221604344219861e-06 1.5003720403915955e-33
1.7261308217276803e-06 1.5066444867924814e-33
1.7301103626377934e-06 1.5129622030993886e-33
1.7340990782556694e-06 1.5193254503877838e-33
1.7380969897333178e-06 1.5257344918490882e-33
1.742104118271501e-06 1.5321895928017802e-33
1.7461204851198719e-06 1.5386910207027082e-33
1.7501461115770603e-06 1.5452390451584304e-33
1.7541810189908096e-06 1.551833937936765e-33
1.7582252287580805e-06 1.5584759729783986e-33
1.762278762325152e-06 1.5651654264086142e-33
1.766341641187762e-06 1.5719025765492026e-33
1.7704138868911909e-06 1.5786877039304036e-33
1.7744955210304066e-06 1.5855210913030626e-33
1.7785865652501484e-06 1.5924030236508152e-33
1.7826870412450676e-06 1.5993337882024803e-33
1.7867969707598324e-06 1.6063136744445228e-33
1.790916375589231e-06 1.6133429741336243e-33
1.7950452775783143e-06 1.6204219813094586e-33
1.7991836986224807e-06 1.6275509923074764e-33
1.8033316606676231e-06 1.634730305771925e-33
1.8074891857102154e-06 1.641960222668896e-33
1.811656295797454e-06 1.6492410462995734e-33
1.8158330130273647e-06 1.6565730823135702e-33
1.8200193595489093e-06 1.6639566387223632e-33
1.8242153575621268e-06 1.6713920259129316e-33
1.828421029318224e-06 1.6788795566614294e-33
1.8326363971197216e-06 1.6864195461470744e-33
1.836861483320543e-06 1.6940123119660706e-33
1.8410963103261594e-06 1.7016581741457515e-33
1.8453409005936967e-06 1.7093574551587838e-33
1.8495952766320442e-06 1.7171104799375087e-33
1.8538594610019998e-06 1.7249175758884663e-33
1.858133476316359e-06 1.732779072906954e-33
1.862417345240066e-06 1.7406953033918304e-33
1.8667110904903027e-06 1.7486666022603248e-33
1.8710147348366371e-06 1.756693306963096e-33
1.8753283011011308e-06 1.764775757499342e-33
1.8796518121584497e-06 1.7729142964320498e-33
1.883985290936012e-06 1.7811092689034424e-33
1.888328760414079e-06 1.789361022650455e-33
1.8926822436259075e-06 1.7976699080204587e-33
1.8970457636578417e-06 1.8060362779870046e-33
1.9014193436494656e-06 1.814460488165819e-33
1.9058030067936956e-06 1.822942896830809e-33
1.910196776336934e-06 1.8314838649303375e-33
1.914600675579162e-06 1.8400837561035013e-33
1.919014727874089e-06 1.8487429366966676e-33
1.923438956629266e-06 1.8574617757800664e-33
1.927873385306198e-06 1.8662406451645323e-33
1.9323180374204945e-06 1.875079919418447e-33
1.936772936541965e-06 1.8839799758847188e-33
1.9412381062947735e-06 1.892941194698022e-33
1.945713570357533e-06 1.9019639588020496e-33
1.9501993524634593e-06 1.9110486539670317e-33
1.9546954764004833e-06 1.920195668807316e-33
1.959201966011367e-06 1.9294053947990847e-33
1.9637188451938575e-06 1.938678226298307e-33
1.96824613790078e-06 1.9480145605587035e-33
1.9727838681402004e-06 1.957414797750002e-33
1.977332059975516e-06 1.9668793409761863e-33
1.981890737525615e-06 1.976408596294041e-33
1.986459924964991e-06 1.9860029727317335e-33
1.9910396465238586e-06 1.9956628823075737e-33
