results/limits/MAQRO_h_phase.dat
# %ECSV 1.0
# ---
# datatype:
# - {name: mx, unit: MeV, datatype: float64}
# - {name: sigma, unit: cm2 MeV4, datatype: float64}
# schema: astropy-2.0
mx sigma
[from data line 358]
0.0012122259692915415 8.199594239278121e-44
0.0012404909310584848 8.479982270964004e-44
0.0012694149350204683 8.779348328142626e-44
0.0012990133477864558 9.099143497862093e-44
0.0013293018942621524 9.440940663039673e-44
0.001360296666004259 9.806445366278897e-44
0.001392014129769518 1.0197507689695726e-43
0.0014244711362630968 1.0616135251148515e-43
0.0014576849290909482 1.106450742753798e-43
0.0014916731539209149 1.1544990927028373e-43
0.0015264538678574353 1.2060156844165669e-43
0.0015620455490348386 1.2612799344954085e-43
0.0015984671064343198 1.3205956143011518e-43
0.0016357378899298156 1.3842930942972162e-43
0.0016738777005681136 1.4527318043356096e-43
0.0017129068010886602 1.526302930821032e-43
0.0017528459266886532 1.6054323734991118e-43
0.00179371629603914 1.6905839865483503e-43
0.0018355396225579732 1.7822631307160644e-43
0.0018783381259456144 1.881020565444806e-43
0.0019221345439899109 1.9874567123109697e-43
0.001966952144646121 2.1022263236719847e-43
0.0020128147383986056 2.226043593230314e-43
0.002059746690910748 2.359687748316123e-43
0.0021077729359698315 2.5040091671175802e-43
0.0021569189887337423 2.6599360679052414e-43
0.002207210959286545 2.8284818215668525e-43
0.0022586755665101248 3.010752943556061e-43
0.0023113401522792685 3.207957826730201e-43
0.0023652326959877285 3.4214162825765376e-43
0.0024203818294129824 3.652569965071846e-43
0.0024768168519275916 3.902993758955616e-43
0.002534567746065232 4.174408222591896e-43
0.0025936651934496745 4.468693184919265e-43
0.0026541405910951734 4.787902606314631e-43
0.0027160260680869266 5.134280824599517e-43
0.0027793545026504624 5.510280319974983e-43
0.002844159539619031 5.918581146465582e-43
0.0029104756083082714 6.362112192569367e-43
0.0029783379408076585 6.8440744503418954e-43
0.0030477825906984404 7.367966490184088e-43
0.0031188464522080173 7.937612358263489e-43
0.0031915672798109355 8.557192134892528e-43
0.0032659837082868936 9.231275415449309e-43
0.003342135273246469 9.964858000711853e-43
0.0034200624321353945 1.0763402110964617e-42
0.0034998065857286074 1.1632880468147029e-42
0.0035814101001254554 1.2579824622898489e-42
0.003664916329257761 1.361137793891654e-42
0.0037503696379226933 1.4735353685929805e-42
0.0038378154253526898 1.5960298735190804e-42
0.003927300149334948 1.729556339815582e-42
0.004018871350893299 1.875137800041983e-42
0.00411257767954558 2.0338936839530507e-42
0.004208468919149921 2.207049023755618e-42
0.004306596014353682 2.3959445467792257e-42
0.004407011097659079 2.6020477410335884e-42
0.004509767517119906 2.826964987403468e-42
0.004614919864684026 3.0724548613138144e-42
0.004722524005196735 3.340442716650343e-42
0.004832637106080367 3.6330366756134346e-42
0.004945317667705937 3.952545160095414e-42
0.005060625554472947 4.301496113192105e-42
0.005178622026613854 4.6826580736932106e-42
0.005299369772740128 5.0990632819625764e-42
0.005422932943147155 5.554033012658346e-42
0.0055493771838957115 6.051205348413867e-42
0.00567876967168809 6.594565629082657e-42
0.005811179149557424 7.188479833644149e-42
0.0059466759633891655 7.837731176588448e-42
0.006085332099294114 8.54756022778073e-42
0.006227221221852859 9.323708894696998e-42
0.006372418713251954 1.0172468638783406e-41
0.006521001713332612 1.1100733333796481e-41
0.006673049160573193 1.21160572136241e-41
0.006828641834027273 1.3226718400579391e-41
0.006987862396239558 1.4441788552842927e-41
0.00715079543716245 1.577120922197669e-41
0.007317527519096606 1.7225875568662925e-41
0.007488147222679345 1.8817728147496875e-41
0.007662745193945353 2.0559853540306497e-41
0.007841414192484688 2.2466594692666176e-41
0.008024249140723652 2.4553671890663483e-41
0.008211347174354735 2.683831540528503e-41
0.008402807693942412 2.933941093079821e-41
0.008598732417732204 3.2077659052082365e-41
0.008799225435691074 3.5075750094950425e-41
0.009004393264807849 3.8358555844123286e-41
0.009214344905683071 4.195333975679651e-41
0.009429191900438323 4.58899874568887e-41
0.009649048391975805 5.020125946741866e-41
0.009874031184619632 5.492306832748014e-41
0.010104259806171096 6.0094782447572e-41
0.01033985657141083 6.575955928434801e-41
0.010580946647081629 7.196471066510637e-41
0.010827658118386449 7.876210336565746e-41
0.011080122057036918 8.620859834491404e-41
0.011338472590888495 9.43665323681858e-41
0.01160284697519928 1.0330424611153587e-40
0.01187338566555036 1.1309666323472128e-40
0.012150232392466372 1.2382592534357221e-40
0.012433534237775993 1.355820882378356e-40
0.01272344171275288 1.4846388536157438e-40
0.013020108838078586 1.625795649445944e-40
0.013323693225669961 1.780478079499346e-40
0.013634356162414448 1.9499873462952388e-40
0.013952262695857842 2.135750082435382e-40
0.014277581721889965 2.3393304532516726e-40
0.014610486074474885 2.5624434277847356e-40
0.014951152617473332 2.8069693309049608e-40
0.015299762338606094 3.0749698002814092e-40
0.015656500445608335 3.3687052838502282e-40
0.016021556464625875 3.6906542265340915e-40
0.016395124340905766 4.043534109328505e-40
0.016777402541834602 4.4303245196235556e-40
0.017168594162379338 4.854292448902235e-40
0.01756890703298664 5.319020032897949e-40
0.017978553829998065 5.828434970075502e-40
0.01839775218863974 6.386843877008216e-40
0.01882672481864659 6.9989688643751e-40
0.01926569962258253 7.669987644429161e-40
0.019714909816919448 8.405577511233238e-40
0.020174594055939365 9.211963566662798e-40
0.02064499655852557 1.009597160427464e-39
0.021126367237910063 1.1065086099296743e-39
0.021618961834446313 1.2127513794172266e-39
0.02212304205147776 1.3292253434370305e-39
0.022638875694374342 1.4569172218521919e-39
0.0231667368128109 1.5969089662783314e-39
0.02370690584636297 1.750386951158908e-39
0.024259669773497434 1.918652060509194e-39
0.024825322264037063 2.103130736042272e-39
0.025404163835180054 2.3053871113516187e-39
0.025996502011157406 2.5271362938851508e-39
0.026602651486612925 2.7702589426535157e-39
0.027222934293792744 3.036817275792354e-39
0.027857679973633073 3.3290725663294956e-39
0.02850722575083718 3.6495043841817666e-39
0.02917191671303455 4.000831646757377e-39
0.029852105994117403 4.3860358148204056e-39
0.030548154961852016 4.808386122260322e-39
0.031260433409864494 5.27146744101404e-39
0.031989319754103004 5.779210676667316e-39
0.0327352012338808 6.33592642853442e-39
0.03349847411760691 6.946341298293119e-39
0.034279543913313774 7.615638289680504e-39
0.03507882558409363 8.349500825253487e-39
0.03589674376855814 9.154161069364503e-39
0.03673373300643846 1.0036452917803178e-38
0.037590237969445384 1.1003869814979315e-38
0.038466713697512506 1.206462957275627e-38
0.03936362584054766 1.322774267074968e-38
0.04028145090582124 1.4503089876852382e-38
0.04122067651112274 1.5901506027060873e-38
0.04218180164382002 1.7434872158866268e-38
0.043165336925959 1.9116216542354712e-38
0.044171804885544536 2.0959825468329397e-38
0.04520174023414663 2.298136473575636e-38
0.046255690150979495 2.519801287184313e-38
0.047334214573604344 2.762860721785353e-38
0.048437886495410414 3.0293804123196185e-38
0.04956729227003216 3.32162546103254e-38
0.05072303192286451 3.642079464035623e-38
0.051905719469841495 3.993466546032849e-38
0.05311598324364777 4.3787732037730435e-38
0.05435446622753626 4.801274557185828e-38
0.05562182639692926 5.26456199686573e-38
0.056918737068984544 5.772573727470099e-38
0.058245887260312136 6.329628260891605e-38
0.05960398205303182 6.94046114408841e-38
0.06099374296936585 7.61026523396882e-38
0.06241590835496589 8.344734861898103e-38
0.06387123377117784 9.150114263479822e-38
0.06536049239645289 1.003325068554406e-37
0.06688447543711816 1.100165262205895e-37
0.06844399254772507 1.2063553674307924e-37
0.0700398722611988 1.3227982578514867e-37
0.0716729624290174 1.4504839996559082e-37
0.07334413067165428 1.590498272294849e-37
0.07505426483952363 1.7440316024301694e-37
0.07680427348467332 1.9123894896764255e-37
0.07859508634347626 2.0970035102639865e-37
0.08042765483057629 2.2994434930698967e-37
0.08230295254435131 2.521430871584217e-37
0.08422197578416211 2.7648533253820923e-37
0.08618574407966152 3.0317808356402124e-37
0.08819530073244539 3.32448329126424e-37
0.09025171337033296 3.645449795383181e-37
0.09235607451457113 3.997409836429943e-37
0.09450950216026408 4.383356503887547e-37
0.09671314037033632 4.806571946172227e-37
0.09896815988334524 5.270655287196378e-37
0.10127575873546546 5.779553239067685e-37
0.10363716289697593 6.337593671314195e-37
0.10605362692358762 6.949523276326746e-37
0.10852643462295801 7.620544607874794e-37
0.11105689973674641 8.356365213870394e-37
0.11364636663857243 9.163243008999814e-37
0.11629621104824843 1.0048040276245351e-36
0.1190078407626656 1.1018282035560603e-36
0.12178269640372161 1.2082220049713915e-36
0.12462225218368743 1.324890301173194e-36
0.1275280166884199 1.4528253510956137e-36
0.13050153367883624 1.593115243238386e-36
0.1335443829110759 1.7469531507193265e-36
0.13665818097578622 1.915647480168586e-36
0.13984458215697693 2.1006330007909957e-36
0.14310527931090045 2.3034830482602696e-36
0.14644200476542463 2.5259229072512828e-36
0.14985653124037576 2.769844486442222e-36
0.15335067278934078 3.037322410812152e-36
0.1569262857634292 3.330631668115123e-36
0.1605852697975066 3.652266959631792e-36
0.16432956881942368 4.004963919796156e-36
0.16816117208277714 4.391722385191738e-36
0.172082115223751 4.815831910843504e-36
0.1760944813425998 5.280899750847441e-36
0.1802004021103484 5.7908815413413665e-36
0.18440205890129596 6.350114946806782e-36
0.18870168395192646 6.963356555897895e-36
0.1931015615468407 7.635822340634212e-36
0.1976040292323402 8.37323202310359e-36
0.20221147905830805 9.181857727059796e-36
0.20692635884904578 1.0068577328246114e-35
0.21175117350374192 1.1040932957244214e-35
0.2166884863272632 1.2107195152474982e-35
0.22174092039197504 1.327643320903833e-35
0.22691115993131514 1.455859232178131e-35
0.23220195176586036 1.5964578178775484e-35
0.2376161067626448 1.7506349724758382e-35
0.24315650132850383 1.919702088358742e-35
0.24882607893823822 2.1050972104961085e-35
0.25462785169840935 2.3083972684226925e-35
0.2605649019475973 2.5313314895733103e-35
0.26664038389397104 2.775796108066609e-35
0.27285752529104135 3.0438704940508856e-35
0.2792196291524867 3.337834840808762e-35
0.2857300755069626 3.6601895600678173e-35
0.2923923231938275 4.013676550494465e-35
0.2992099117007387 4.4013025202816457e-35
0.3061864630440946 4.826364562213161e-35
0.31332568369332287 5.292478198747158e-35
0.32063136654003577 5.803608135671295e-35
0.3281073929131 6.364101985921461e-35
0.3357577346406907 6.978727250420178e-35
0.343586456160426 7.652711870495214e-35
0.3515977166787018 8.391788696818952e-35
0.359795772380376 9.202244253123169e-35
0.368184978689974 1.009097220947542e-34
0.3767697925856183 1.106553201996307e-34
0.38555477496691104 1.2134213223559468e-34
0.394544593078027 1.3306105955118404e-34
0.4037440229873054 1.4591178266266267e-34
0.4131579521246571 1.6000360913887082e-34
0.42279138187813525 1.7545640337414569e-34
0.43264943025104924 1.9240160615800789e-34
0.4427373345810337 2.1098335271411528e-34
0.4530604543225162 2.3135969871857354e-34
0.4636242738940635 2.537039991097265e-34
0.47443440559211736 2.7820624815435213e-34
0.48549659257266914 3.0507489273342447e-34
0.4968167119024568 3.3453847697529067e-34
0.5084007776813051 3.6684761760638054e-34
0.5202549442372687 4.022771357055852e-34
0.5323855093962742 4.411283943418894e-34
0.5447989178279997 4.837318619793134e-34
0.557501764469769 5.304499234536146e-34
0.5705007980302781 5.816799624310404e-34
0.5838029245750183 6.3785774156868265e-34
0.5974152111952977 6.994611091282279e-34
0.6113448897628128 7.670140635717493e-34
0.6255993607717623 8.410912107131757e-34
0.6401861972705483 9.223226513381964e-34
0.6551131488851486 1.0113993408669131e-33
0.6703881459363026 1.1090789666488118e-33
0.686019303652694 1.2161923928825942e-33
0.7020149264823721 1.333650727981669e-33
0.7183835125046995 1.4624530745006851e-33
0.7351337579451718 1.6036950275443117e-33
0.7522745617955077 1.758577993946202e-33
0.7698150305414633 1.928419411487485e-33
0.7877644830008832 2.1146639550800055e-33
0.8061324552745581 2.3188958252346132e-33
0.8249287058125218 2.5428522233408732e-33
0.8441632205984669 2.7884381283794564e-33
0.8638462184550629 3.0577425007589592e-33
0.8839881564729563 3.353056051107403e-33
0.9045997355663667 3.67689072516091e-33
0.9256919061582187 4.032001070488884e-33
0.9472758739978306 4.421407666802172e-33
0.9693631061142522 4.848422819143477e-33
0.9919653369084147 5.316678732507738e-33
1.0150945743873274 5.830158407547049e-33
1.0387631065436362 6.39322952016062e-33
1.0629835078839296 7.010681573151217e-33
1.0877686461092637 7.687766635962026e-33
1.1131316889514546 8.430244019027992e-33
1.1390861111687691 9.244429262744201e-33
1.16564570170473 1.0137247857753565e-32
1.1928245710138414 1.1116294153501641e-32
1.2206371585581264 1.2189895956137441e-32
1.2490982404784545 1.3367185365233404e-32
1.2782229374447416 1.4658176451865034e-32
1.3080267226891875 1.607385043878418e-32
1.3385254302268237 1.7626249107232557e-32
1.369735263267732 1.9328577224918492e-32
1.4016728028254128 2.119531486641486e-32
1.4343550165258654 2.3242340581380692e-32
1.4677992676220706 2.548706645828197e-32
1.5020233242186567 2.7948586232470107e-32
1.5370453687116559 3.064783769843335e-32
1.5728840074483612 3.360778080770728e-32
1.6095582806124205 3.68535929673551e-32
1.6470876723394143 4.0412883200235903e-32
1.6854921210682972 4.43159269887189e-32
1.7247920301341966 4.859592379943645e-32
1.7650082786082029 5.328927947959528e-32
1.8061622323899016 5.843591592692074e-32
1.848275755558551 6.40796106673062e-32
1.8913712219889245 7.026836922862762e-32
1.935471527238 7.705483347815918e-32
1.9806001007088037 8.449672939692325e-32
2.0267809180978715 9.265735809977163e-32
2.0740385141329463 1.016061342778342e-31
2.1223979956076717 1.114191766433589e-31
2.171885054720213 1.2217995539929303e-31
2.222525982722885 1.339800022410181e-31
2.274347683890048 1.469196889295466e-31
2.327377689811681 1.61109081058765e-31
2.3816441740202396 1.7666887427891197e-31
2.437175966958554 1.9373142093985241e-31
2.4940025712967335 2.1244185588683304e-31
2.552154177606206 2.3295933098478834e-31
2.611661680399223 2.554583688721342e-31
2.6725566945423505 2.8013034745913226e-31
2.7348715720526675 3.0718512779806185e-31
2.7986394192855935 3.36852839171927e-31
2.863894114523477 3.6938583658577786e-31
2.9306703259742912 4.050608473111424e-31
2.999003530189995 4.441813247421904e-31
3.068930030914351 4.870800295856828e-31
3.1404869783702067 5.3412186034038e-31
3.21371238899649 5.857069571421661e-31
3.2886451656454048 6.422741053763227e-31
3.3653251182505572 7.043044680082677e-31
3.443792984976987 7.723256783801359e-31
3.5240904538643507 8.469163282867723e-31
3.6062601849747473 9.28710889506891e-31
3.6903458330569543 1.0184051106522508e-30
3.77639207073912 1.1167619352406783e-30
3.8644446122622242 1.2246179913323717e-30
3.9545502377669295 1.3428907079307372e-30
4.046756818146711 1.4725861186800851e-30
4.141113340480481 1.6148074192389654e-30
4.237669934058216 1.7707643511185695e-30
4.336477897013409 1.9417834918055126e-30
4.437589723576497 2.1293195386974676e-30
4.541059131963759 2.3349676828332366e-30
4.646941092916466 2.5604771776689286e-30
4.755291858905486 2.8077662183169056e-30
4.866168994016832 3.0789382578110826e-30
4.979631404534034 3.376299899185529e-30
5.0957393702336 3.702380515557388e-30
5.214554576410165 4.059953765103478e-30
5.336140146648369 4.4520611839379905e-30
5.4605606763588606 4.8820380575738146e-30
5.587882267096237 5.353541791030888e-30
5.718172561677172 5.870583018909891e-30
5.851500780117376 6.437559720054556e-30
5.987937756406471 7.059294626983871e-30
6.127555976140354 7.741076248300973e-30
6.270429615030991 8.488703853016742e-30
6.416634578314149 9.308536799428082e-30
6.566248541075969 1.0207548628143765e-29
6.719350989519823 1.119338637937651e-29
6.87602326319537 1.227443563905744e-29
7.036348598212252 1.3459891867057554e-29
7.200412171461376 1.4759838614238764e-29
