results/limits/MAQRO_h.dat
# %ECSV 1.0
# ---
# datatype:
# - {name: mx, unit: MeV, datatype: float64}
# - {name: sigma, unit: cm2, datatype: float64}
# schema: astropy-2.0
mx sigma
[from data line 380]
0.0020128147383986056 6.103607622224806e-36
0.002059746690910748 6.246980391642539e-36
0.0021077729359698315 6.401269112271554e-36
0.0021569189887337423 6.567046714025149e-36
0.002207210959286545 6.744983806292258e-36
0.0022586755665101248 6.935743418814506e-36
0.0023113401522792685 7.140064133490074e-36
0.0023652326959877285 7.358729968755888e-36
0.0024203818294129824 7.59255267085504e-36
0.0024768168519275916 7.842460499684313e-36
0.002534567746065232 8.109341559879596e-36
0.0025936651934496745 8.394270461591092e-36
0.0026541405910951734 8.698296756566446e-36
0.0027160260680869266 9.022578635676864e-36
0.0027793545026504624 9.368361347722432e-36
0.002844159539619031 9.736958260162174e-36
0.0029104756083082714 1.0129776332167736e-35
0.0029783379408076585 1.0548319427290859e-35
0.0030477825906984404 1.0994189974448548e-35
0.0031188464522080173 1.146910058871789e-35
0.0031915672798109355 1.1974878039472719e-35
0.0032659837082868936 1.2513471746048644e-35
0.003342135273246469 1.3086964146132603e-35
0.0034200624321353945 1.369757659219389e-35
0.0034998065857286074 1.434768275347599e-35
0.0035814101001254554 1.50398205653899e-35
0.003664916329257761 1.5776701214848398e-35
0.0037503696379226933 1.656122401503834e-35
0.0038378154253526898 1.7396487194075514e-35
0.003927300149334948 1.8285812047452784e-35
0.004018871350893299 1.9232745182849258e-35
0.00411257767954558 2.0241091691134121e-35
0.004208468919149921 2.1314921754864402e-35
0.004306596014353682 2.2458581670141053e-35
0.004407011097659079 2.3676741365478122e-35
0.004509767517119906 2.497438441496562e-35
0.004614919864684026 2.635684680471596e-35
0.004722524005196735 2.7829838993475073e-35
0.004832637106080367 2.93994616380452e-35
0.004945317667705937 3.107225777622362e-35
0.005060625554472947 3.2855199253633117e-35
0.005178622026613854 3.4755791069803353e-35
0.005299369772740128 3.678202745906588e-35
0.005422932943147155 3.894249601962152e-35
0.0055493771838957115 4.124638718352066e-35
0.00567876967168809 4.370353808217233e-35
0.005811179149557424 4.6324481376497666e-35
0.0059466759633891655 4.912048942329625e-35
0.006085332099294114 5.210362386493644e-35
0.006227221221852859 5.528679132723678e-35
0.006372418713251954 5.868380981410222e-35
0.006521001713332612 6.230947589150981e-35
0.006673049160573193 6.61796303581341e-35
0.006828641834027273 7.031123649560079e-35
0.006987862396239558 7.472247399331456e-35
0.00715079543716245 7.943279635723507e-35
0.007317527519096606 8.446303162332757e-35
0.007488147222679345 8.983547516072788e-35
0.007662745193945353 9.55739920820133e-35
0.007841414192484688 1.0170414059361309e-34
0.008024249140723652 1.082532962467321e-34
0.008211347174354735 1.1525078065786253e-34
0.008402807693942412 1.2272800315835755e-34
0.008598732417732204 1.307185933246677e-34
0.008799225435691074 1.392585540944806e-34
0.009004393264807849 1.4838643435003017e-34
0.009214344905683071 1.5814352530318287e-34
0.009429191900438323 1.6857406296712108e-34
0.009649048391975805 1.7972543324760508e-34
0.009874031184619632 1.9164838787025225e-34
0.010104259806171096 2.0439727211586394e-34
0.01033985657141083 2.1803027991316874e-34
0.010580946647081629 2.3260975557106103e-34
0.010827658118386449 2.482024910850903e-34
0.011080122057036918 2.6488003838145696e-34
0.011338472590888495 2.827190297019365e-34
0.01160284697519928 3.0180153217244296e-34
0.01187338566555036 3.2221545922869724e-34
0.012150232392466372 3.4405500739051307e-34
0.012433534237775993 3.674210934319682e-34
0.01272344171275288 3.924218028625724e-34
0.013020108838078586 4.191729048660131e-34
0.013323693225669961 4.477984355025482e-34
0.013634356162414448 4.784312961429793e-34
0.013952262695857842 5.1121385298038275e-34
0.014277581721889965 5.462985950646246e-34
0.014610486074474885 5.838488941841026e-34
0.014951152617473332 6.240398134849042e-34
0.015299762338606094 6.670588876265706e-34
0.015656500445608335 7.131069999484749e-34
0.016021556464625875 7.623993922187586e-34
0.016395124340905766 8.151666979134263e-34
0.016777402541834602 8.716559745521553e-34
0.017168594162379338 9.321319052209143e-34
0.01756890703298664 9.96878116062302e-34
0.017978553829998065 1.0661984679718871e-33
0.01839775218863974 1.1404184857751904e-33
0.01882672481864659 1.2198869893888903e-33
0.01926569962258253 1.304977710612099e-33
0.019714909816919448 1.3960910343892874e-33
0.020174594055939365 1.4936559985828251e-33
0.02064499655852557 1.598132280638111e-33
0.021126367237910063 1.7100123676401318e-33
0.021618961834446313 1.829823997467629e-33
0.02212304205147776 1.9581325793920204e-33
0.022638875694374342 2.0955439338866063e-33
0.0231667368128109 2.242707219428645e-33
0.02370690584636297 2.400317934263856e-33
0.024259669773497434 2.569121355124754e-33
0.024825322264037063 2.749915988697023e-33
0.025404163835180054 2.943557454363025e-33
0.025996502011157406 3.1509625439088067e-33
0.026602651486612925 3.373113580636748e-33
0.027222934293792744 3.611063159232583e-33
0.027857679973633073 3.865939101179072e-33
0.02850722575083718 4.138949927183991e-33
0.02917191671303455 4.431390537336654e-33
0.029852105994117403 4.744648482505808e-33
0.030548154961852016 5.0802105136707456e-33
0.031260433409864494 5.4396697491702066e-33
0.031989319754103004 5.824733240342353e-33
0.0327352012338808 6.237230142879984e-33
0.03349847411760691 6.679120472362162e-33
0.034279543913313774 7.152504417576711e-33
0.03507882558409363 7.65963244921337e-33
0.03589674376855814 8.202916001153457e-33
0.03673373300643846 8.784939031992679e-33
0.037590237969445384 9.408470381126626e-33
0.038466713697512506 1.007647695801338e-32
0.03936362584054766 1.0792137958639176e-32
0.04028145090582124 1.1558860055605326e-32
0.04122067651112274 1.2380293653741313e-32
0.04218180164382002 1.3260350354945404e-32
0.043165336925959 1.4203221660156707e-32
0.044171804885544536 1.5213398992769132e-32
0.04520174023414663 1.6295695161337527e-32
0.046255690150979495 1.7455267368509864e-32
0.047334214573604344 1.8697641870549053e-32
0.048437886495410414 2.0028740387189335e-32
0.04956729227003216 2.1454908405574478e-32
0.05072303192286451 2.2982945515893862e-32
0.051905719469841495 2.4620137915437548e-32
0.05311598324364777 2.637429323998087e-32
0.05435446622753626 2.825377789093125e-32
0.05562182639692926 3.026755702841435e-32
0.056918737068984544 3.242523743430075e-32
0.058245887260312136 3.4737113438118455e-32
0.05960398205303182 3.7214216132324304e-32
0.06099374296936585 3.9868366113203707e-32
0.06241590835496589 4.2712229991551063e-32
0.06387123377117784 4.5759380955957637e-32
0.06536049239645289 4.902436366265024e-32
0.06688447543711816 5.252276377795259e-32
0.06844399254772507 5.627128249260474e-32
0.0700398722611988 6.028781637893144e-32
0.0716729624290174 6.459154295923876e-32
0.07334413067165428 6.920301239041892e-32
0.07505426483952363 7.414424572120714e-32
0.07680427348467332 7.943884019313526e-32
0.07859508634347626 8.51120820578639e-32
0.08042765483057629 9.119106747169383e-32
0.08230295254435131 9.770483207703086e-32
0.08422197578416211 1.0468448980081602e-31
0.08618574407966152 1.1216338165371373e-31
0.08819530073244539 1.2017723511589696e-31
0.09025171337033296 1.287643349933177e-31
0.09235607451457113 1.3796570644730936e-31
0.09450950216026408 1.4782531116711591e-31
0.09671314037033632 1.583902575597962e-31
0.09896815988334524 1.6971102599241334e-31
0.10127575873546546 1.8184171015548712e-31
0.10363716289697593 1.9484027570718612e-31
0.10605362692358762 2.0876883741427707e-31
0.10852643462295801 2.2369395614111145e-31
0.11105689973674641 2.3968695710015273e-31
0.11364636663857243 2.568242708560048e-31
0.11629621104824843 2.7518779875731274e-31
0.1190078407626656 2.948653045424027e-31
0.12178269640372161 3.159508338597073e-31
0.12462225218368743 3.385451640107637e-31
0.1275280166884199 3.6275628569058346e-31
0.13050153367883624 3.886999192524849e-31
0.1335443829110759 4.165000680369206e-31
0.13665818097578622 4.462896110812308e-31
0.13984458215697693 4.782109384713852e-31
0.14310527931090045 5.124166319242512e-31
0.14644200476542463 5.490701943476642e-31
0.14985653124037576 5.883468313010568e-31
0.15335067278934078 6.304342886818608e-31
0.1569262857634292 6.755337500432631e-31
0.1605852697975066 7.2386079810144865e-31
0.16432956881942368 7.75646445908631e-31
0.16816117208277714 8.311382402774367e-31
0.172082115223751 8.906014451994977e-31
0.1760944813425998 9.54320309691715e-31
0.1802004021103484 1.022599426736512e-30
0.18440205890129596 1.0957651883455218e-30
0.18870168395192646 1.1741673458276401e-30
0.1931015615468407 1.2581806809918845e-30
0.1976040292323402 1.348206797492801e-30
0.20221147905830805 1.4446760392569261e-30
0.20692635884904578 1.5480495476857235e-30
0.21175117350374192 1.6588214642438417e-30
0.2166884863272632 1.7775212914820193e-30
0.22174092039197504 1.9047164234747392e-30
0.22691115993131514 2.041014856277396e-30
0.23220195176586036 2.1870680914389583e-30
0.2376161067626448 2.343574249410625e-30
0.24315650132850383 2.5112814044215645e-30
0.24882607893823822 2.6909911555977546e-30
0.25462785169840935 2.8835624569009477e-30
0.2605649019475973 3.0899157200407685e-30
0.26664038389397104 3.311037207161325e-30
0.27285752529104135 3.547983743264999e-30
0.2792196291524867 3.801887759229453e-30
0.2857300755069626 4.073962699866589e-30
0.2923923231938275 4.3655088171163334e-30
0.2992099117007387 4.677919376310996e-30
0.3061864630440946 5.01268730301503e-30
0.31332568369332287 5.371412313997764e-30
0.32063136654003577 5.75580854539429e-30
0.3281073929131 6.167712734670287e-30
0.3357577346406907 6.60909298078599e-30
0.343586456160426 7.082058137419655e-30
0.3515977166787018 7.588867863458362e-30
0.359795772380376 8.131943408898746e-30
0.368184978689974 8.71387915495822e-30
0.3767697925856183 9.337454981217836e-30
0.38555477496691104 1.0005649523136516e-29
0.394544593078027 1.0721654364689914e-29
0.4037440229873054 1.1488889248546572e-29
0.4131579521246571 1.2311018371424021e-29
0.42279138187813525 1.319196783554933e-29
0.43264943025104924 1.41359443520355e-29
0.4427373345810337 1.5147455271347396e-29
0.4530604543225162 1.6231330038747733e-29
0.4636242738940635 1.7392743187488228e-29
0.47443440559211736 1.8637238962159642e-29
0.48549659257266914 1.9970757689904652e-29
0.4968167119024568 2.139966403360009e-29
0.5084007776813051 2.2930777276453382e-29
0.5202549442372687 2.4571403714736524e-29
0.5323855093962742 2.6329371379711165e-29
0.5447989178279997 2.8213067254640985e-29
0.557501764469769 3.023147710299764e-29
0.5705007980302781 3.2394228039698706e-29
0.5838029245750183 3.4711634437559265e-29
0.5974152111952977 3.7194746677394147e-29
0.6113448897628128 3.985540353609572e-29
0.6255993607717623 4.2706288435030655e-29
0.6401861972705483 4.576098952737817e-29
0.6551131488851486 4.903406406100255e-29
0.6703881459363026 5.25411070046151e-29
0.686019303652694 5.629882546041988e-29
0.7020149264823721 6.032511713275148e-29
0.7183835125046995 6.463915514556951e-29
0.7351337579451718 6.926147863735859e-29
0.7522745617955077 7.421408971540751e-29
0.7698150305414633 7.952055729445911e-29
0.7877644830008832 8.520612826066844e-29
0.8061324552745581 9.129784632520552e-29
0.8249287058125218 9.782467979956965e-29
0.8441632205984669 1.0481765736373494e-28
0.8638462184550629 1.1231001396883427e-28
0.8839881564729563 1.2033734786300278e-28
0.9045997355663667 1.2893778711918933e-28
0.9256919061582187 1.3815216783725589e-28
0.9472758739978306 1.4802422647080336e-28
0.9693631061142522 1.5860080452888636e-28
0.9919653369084147 1.6993206725838992e-28
1.0150945743873274 1.8207173781637041e-28
1.0387631065436362 1.9507734862913017e-28
1.0629835078839296 2.090105092215109e-28
1.0877686461092637 2.23937192975855e-28
1.1131316889514546 2.3992804378128237e-28
1.1390861111687691 2.5705870684965165e-28
1.16564570170473 2.754101697896841e-28
1.1928245710138414 2.9506915095083665e-28
1.2206371585581264 3.1612849519129567e-28
1.2490982404784545 3.3868759654409458e-28
1.2782229374447416 3.62852862472416e-28
1.3080267226891875 3.887382019912678e-28
1.3385254302268237 4.164655481967599e-28
1.369735263267732 4.461654166524397e-28
1.4016728028254128 4.779775027022124e-28
1.4343550165258654 5.120513182827116e-28
1.4677992676220706 5.485468731271913e-28
1.5020233242186567 5.876354007587412e-28
1.5370453687116559 6.295001349606736e-28
1.5728840074483612 6.743371371874003e-28
1.6095582806124205 7.223561798235683e-28
1.6470876723394143 7.737816901560568e-28
1.6854921210682972 8.288537540855766e-28
1.7247920301341966 8.87829188814244e-28
1.7650082786082029 9.509826867975716e-28
1.8061622323899016 1.0186080336182886e-27
1.848275755558551 1.0910194052578445e-27
1.8913712219889245 1.1685527545684407e-27
1.935471527238 1.251567282139724e-27
1.9806001007088037 1.340447004318023e-27
2.0267809180978715 1.4356024251654615e-27
2.0740385141329463 1.5374723122817927e-27
2.1223979956076717 1.6465255862646333e-27
2.171885054720213 1.7632633306719247e-27
2.222525982722885 1.8882209270365654e-27
2.274347683890048 2.0219703269900396e-27
2.327377689811681 2.165122459760826e-27
2.3816441740202396 2.318329787921671e-27
2.437175966958554 2.4822890327692387e-27
2.4940025712967335 2.6577440594799605e-27
2.552154177606206 2.8454888057191793e-27
2.611661680399223 3.046370946724778e-27
2.6725566945423505 3.261294458601321e-27
2.7348715720526675 3.49122437720985e-27
2.7986394192855935 3.737189611721773e-27
2.863894114523477 4.000287600167106e-27
2.9306703259742912 4.2816883666333334e-27
2.999003530189995 4.582639076678543e-27
3.068930030914351 4.9044688022388935e-27
3.1404869783702067 5.248593523740946e-27
3.21371238899649 5.616521431408272e-27
3.2886451656454048 6.009858456659991e-27
3.3653251182505572 6.430314137618408e-27
3.443792984976987 6.879707723737297e-27
3.5240904538643507 7.359974608891058e-27
3.6062601849747473 7.873173074583157e-27
3.6903458330569543 8.42149132567855e-27
3.77639207073912 9.007254723732494e-27
3.8644446122622242 9.632934288351538e-27
3.9545502377669295 1.0301152367224683e-26
4.046756818146711 1.1014694464769963e-26
4.141113340480481 1.1776515295544712e-26
4.237669934058216 1.2589747538633447e-26
4.336477897013409 1.3457713569546172e-26
4.437589723576497 1.4383933059298668e-26
4.541059131963759 1.5372132255562462e-26
4.646941092916466 1.6426256920611014e-26
4.755291858905486 1.7550479038975396e-26
4.866168994016832 1.8749211601044043e-26
4.979631404534034 2.0027115931706076e-26
5.0957393702336 2.1389114547087315e-26
5.214554576410165 2.2840401940988351e-26
5.336140146648369 2.4386455949522886e-26
5.4605606763588606 2.603304912141651e-26
5.587882267096237 2.77862599704302e-26
5.718172561677172 2.9652484576111993e-26
5.851500780117376 3.163844764514967e-26
5.987937756406471 3.3751213427532317e-26
6.127555976140354 3.599819672898877e-26
6.270429615030991 3.83871732174785e-26
6.416634578314149 4.092628947591951e-26
6.566248541075969 4.362407218693845e-26
6.719350989519823 4.6489437990473643e-26
6.87602326319537 4.9531699606247e-26
7.036348598212252 5.276057502336554e-26
7.200412171461376 5.618619269090665e-26
7.368301145867304 5.981909683022541e-26
7.540104716695753 6.36702515998249e-26
7.715914158940838 6.775104306665491e-26
7.8958228758172275 7.207328080442708e-26
8.07992644838296 7.664919687225574e-26
8.2683226863193 8.149144440204173e-26
8.461111679894604 8.661309150116586e-26
8.658395853139817 9.202761769905269e-26
8.860280018263818 9.774890320353889e-26
9.066871431337571 1.0379122005673502e-25
9.278279849276613 1.1016921923653488e-25
9.494617588152204 1.168979150980976e-25
9.715999582862075 1.2399266833736666e-25
9.942543448192506 1.3146916669618992e-25
10.17436954130415 1.3934340184562957e-25
10.411601025674827 1.4763164586787332e-25
10.654363936533231 1.5635042403772226e-25
10.902787247818345 1.655164860051077e-25
11.157002940700098 1.7514677452764305e-25
11.417146073697703 1.8525839303734595e-25
11.683354854432924 1.958685701302376e-25
11.955770713056356 2.069946239612408e-25
12.234538377385784 2.186539244417109e-25
