results/limits/MAQRO_h.dat
# %ECSV 1.0
# ---
# datatype:
# - {name: mx, unit: MeV, datatype: float64}
# - {name: sigma, unit: cm2, datatype: float64}
# schema: astropy-2.0
mx sigma
[from data line 6674]
1.495090447723258 4.636899669548989e-28
1.4985373322386966 4.668967613917971e-28
1.5019921634391509 4.7012571817691975e-28
1.5054549596454592 4.733769904046449e-28
1.5089257392206976 4.766507322241937e-28
1.512404520570269 4.799470988515705e-28
1.515891322142021 4.8326624657507545e-28
1.5193861624263203 4.8660833276210855e-28
1.5228890599561746 4.899735158674725e-28
1.5264000333073071 4.933619554420971e-28
1.5299191010982784 4.967738121364755e-28
1.5334462819905617 5.00209247714756e-28
1.5369815946886625 5.036684250525835e-28
1.5405250579402094 5.071515081754805e-28
1.544076690536044 5.106586621779079e-28
1.5476365113103407 5.141900533734865e-28
1.551204539140685 5.177458491879935e-28
1.5547807929481947 5.213262182062182e-28
1.5583652916975985 5.249313301832638e-28
1.5619580543973566 5.28561356014686e-28
1.5655591000997522 5.322164678334033e-28
1.5691684479009842 5.3589683892564955e-28
1.5727861169412896 5.396026437606346e-28
1.5764121264050195 5.433340580696258e-28
1.5800464955207674 5.470912587520628e-28
1.5836892435614442 5.5087442393937635e-28
1.587340389844404 5.546837329652156e-28
1.5909999537315367 5.585193664695103e-28
1.5946679546293598 5.623815063036887e-28
1.598344411989146 5.662703355646825e-28
1.6020293453069983 5.701860386310781e-28
1.605722774123981 5.741288011385128e-28
1.6094247180261967 5.7809881002306475e-28
1.6131351966449126 5.820962535171934e-28
1.6168542296566555 5.861213211439488e-28
1.6205818367833056 5.901742037356274e-28
1.624318037792225 5.942550934171301e-28
1.628062852496335 5.983641836982173e-28
1.6318163007542488 6.025016693830694e-28
1.6355784024703492 6.066677466497973e-28
1.6393491775949216 6.10862613002467e-28
1.6431286461242327 6.150864673118174e-28
1.6469168281006603 6.193395098590506e-28
1.6507137436127886 6.236219422914189e-28
1.6545194127955059 6.279339676271747e-28
1.6583338558301342 6.322757903155298e-28
1.6621570929445093 6.366476162037558e-28
1.6659891444131152 6.410496525691942e-28
1.6698300305571647 6.45482108119592e-28
1.6736797717447307 6.499451930051991e-28
1.677538388390844 6.544391188288806e-28
1.6814059009575908 6.589640986560214e-28
1.6852823299542465 6.635203470246612e-28
1.6891676959373563 6.6810807995565335e-28
1.6930620195108712 6.727275149631437e-28
1.6969653213262301 6.773788710646818e-28
1.7008776220824937 6.820623687917264e-28
1.704798942526444 6.86778230200106e-28
1.7087293034526834 6.915266788805523e-28
1.7126687257037694 6.96307939969107e-28
1.7166172301702975 7.011222401582821e-28
1.7205748377910401 7.0596980770783515e-28
1.7245415695530288 7.108508724551693e-28
1.728517446491691 7.157656658259149e-28
1.7325024896909507 7.2071442084636325e-28
1.7364967202833292 7.256973721535379e-28
1.7405001594500826 7.307147560056578e-28
1.7445128284212859 7.357668102949967e-28
1.748534748475973 7.408537745585598e-28
1.7525659409422218 7.459758899877673e-28
1.756606427197296 7.511333994435637e-28
1.7606562286677296 7.563265474641181e-28
1.7647153668294653 7.615555802791068e-28
1.7687838632079578 7.668207458199403e-28
1.7728617393782777 7.721222937326192e-28
1.7769490169652506 7.774604753881423e-28
1.7810457176435426 7.828355438964602e-28
1.785151863137805 7.882477541170119e-28
1.78926747522276 7.936973626703723e-28
1.7933925757233413 7.991846279523531e-28
1.7975271865147997 8.047098101460727e-28
1.801671329522808 8.102731712315176e-28
1.8058250267236018 8.158749750002808e-28
1.8099883001440682 8.215154870702095e-28
1.814161171861891 8.27194974891476e-28
1.818343664005639 8.329137077680402e-28
1.8225357987549082 8.386719568625505e-28
1.8267375983404297 8.444699952140453e-28
1.8309490850441752 8.503080977491602e-28
1.8351702811995019 8.561865412942687e-28
1.8394012091912408 8.621056045932267e-28
1.8436418914558457 8.680655683116946e-28
1.8478923504814815 8.740667150608761e-28
1.8521526088081706 8.801093294133532e-28
1.8564226890279003 8.861936978775836e-28
1.860702613784732 8.923201089855379e-28
1.8649924057749472 8.984888532616181e-28
1.8692920877471382 9.047002231695774e-28
1.8736016825023578 9.109545132996858e-28
1.8779212128942118 9.172520202065004e-28
1.8822507018290089 9.235930425117228e-28
1.8865901722658522 9.299778809389528e-28
1.890939647216788 9.364068382022672e-28
1.8952991497469165 9.428802192231177e-28
1.8996687029745014 9.493983309471257e-28
1.9040483300711213 9.559614824795815e-28
1.9084380542617594 9.625699850485083e-28
1.9128378988249601 9.692241520405829e-28
1.9172478870929195 9.759242990290755e-28
1.9216680424516375 9.82670743706456e-28
1.9260983883410292 9.894638060449947e-28
1.9305389482550384 9.963038081784877e-28
1.9349897457417888 1.003191074479578e-27
1.9394508044036782 1.0101259315640076e-27
1.9439221478975341 1.0171087083064943e-27
1.9484037999347095 1.0241397358826626e-27
1.9528957842812336 1.0312193476743637e-27
1.9573981247579282 1.0383478794914141e-27
1.9619108452405216 1.0455256693654924e-27
1.9664339696598025 1.052753057725181e-27
1.9709675220017149 1.0600303873209652e-27
1.9755115263075183 1.0673580032782456e-27
1.980066006673882 1.0747362531338248e-27
1.984630987253042 1.0821654867939748e-27
1.9892064922529162 1.0896460566287588e-27
1.9937925459372212 1.0971783173847104e-27
1.9983891726256287 1.1047626263156152e-27
2.0029963966938626 1.1123993431250772e-27
2.0076142425738603 1.120088830005478e-27
2.012242734753871 1.1278314516552952e-27
2.0168818977786156 1.1356275752964343e-27
2.021531756249387 1.1434775706902553e-27
2.026192334824207 1.1513818101558621e-27
2.0308636582179465 1.1593406685878108e-27
2.0355457512024424 1.1673545234740925e-27
2.04023863860666 1.1754237549139671e-27
2.044942345316789 1.1835487456361777e-27
2.0496568962764123 1.1917298810155724e-27
2.0543823164866004 1.1999675490949338e-27
2.059118631006077 1.2082621406004112e-27
2.063865864951337 1.2166140489595652e-27
2.0686240434967686 1.2250236703235317e-27
2.0733931918748154 1.2334914035843703e-27
2.078173335376077 1.2420176503898741e-27
2.0829644993494765 1.2506028151727745e-27
2.08776670920236 1.259247305158684e-27
2.0925799904006652 1.2679515303878528e-27
2.097404368469037 1.2767159037478678e-27
2.1022398689909565 1.2855408409683639e-27
2.1070865176089026 1.2944267606661191e-27
2.1119443400244555 1.3033740843489614e-27
2.1168133619984664 1.3123832364448333e-27
2.1216936093511602 1.3214546443153418e-27
2.126585107962303 1.3305887382763014e-27
2.131487883771325 1.3397859516243173e-27
2.1364019627774464 1.3490467206459367e-27
2.1413273710398455 1.3583714846609382e-27
2.1462641346777613 1.3677606860176484e-27
2.151212279870667 1.3772147701309646e-27
2.156171832858376 1.3867341854866577e-27
2.1611428199412126 1.3963193836848582e-27
2.166125267480118 1.4059708194428558e-27
2.171119201896822 1.4156889506316473e-27
2.1761246496739686 1.4254742382847681e-27
2.181141637355243 1.435327146624296e-27
2.186170191545544 1.4452481430877488e-27
2.1912103389110897 1.4552376983409168e-27
2.196262106179594 1.4652962863206198e-27
2.2013255201403723 1.475424384224376e-27
2.206400607644516 1.4856224725630028e-27
2.2114873956050203 1.4958910351704017e-27
2.216585910996915 1.5062305592257177e-27
2.221696180857437 1.5166415352906371e-27
2.226818232286139 1.5271244572814296e-27
2.231952092445069 1.5376798225837692e-27
2.237097788558878 1.5483081320235609e-27
2.2422553479149965 1.5590098898245785e-27
2.2474247978637654 1.56978560376514e-27
2.252606165818566 1.5806357851393788e-27
2.2577994792560006 1.5915609487206545e-27
2.2630047657159986 1.6025616129062088e-27
2.2682220528019994 1.613638299673218e-27
2.2734513681810644 1.6247915345498076e-27
2.2786927395840535 1.636021846765891e-27
2.2839461948057598 1.6473297692056294e-27
2.289211761705041 1.658715838406249e-27
2.2944894682050037 1.6701805946330452e-27
2.2997793422931094 1.6817245819308513e-27
2.3050814120213636 1.693348348041212e-27
2.310395705506426 1.7050524445462903e-27
2.3157222509297966 1.7168374268073396e-27
2.321061076537929 1.7287038540802002e-27
2.3264122106424123 1.740652289424209e-27
2.3317756816201056 1.752683299849066e-27
2.3371515179132776 1.764797456281507e-27
2.3425397480297874 1.7769953335620367e-27
2.3479404005432003 1.7892775105526835e-27
2.3533535040929747 1.8016445700882106e-27
2.358779087384579 1.8140970990790618e-27
2.3642171791896733 1.826635688447203e-27
2.369667808346252 1.8392609332181606e-27
2.3751310037587787 1.8519734325612914e-27
2.3806067943983757 1.864773789772419e-27
2.3860952093029377 1.8776626123462114e-27
2.391596277577324 1.890640511898067e-27
2.397110028393475 1.903708104399837e-27
2.4026364909906026 1.9168660100029356e-27
2.4081756946753257 1.9301148531696418e-27
2.413727668821816 1.9434552626937724e-27
2.419292442871986 1.9568878717086063e-27
2.4248700463356054 1.9704133177397394e-27
2.430460508790498 1.9840322427082436e-27
2.4360638598826574 1.997745292999144e-27
2.4416801293264414 2.011553119470153e-27
2.4473093469047127 2.0254563774385465e-27
2.4529515424689823 2.0394557268245594e-27
2.4586067459396035 2.05355183208276e-27
2.46427498730589 2.0677453622642135e-27
2.469956296626314 2.082036990946764e-27
2.4756507040286273 2.0964273970974022e-27
2.481358239710061 2.1109172622386508e-27
2.4870789339374433 2.12550727557887e-27
2.4928128170473975 2.14019812996226e-27
2.498559919446488 2.15499052205611e-27
2.504320271611364 2.1698851518970146e-27
2.5100939040889583 2.1848827292355665e-27
2.5158808474966086 2.19998396601149e-27
2.5216811325222603 2.2151895790931308e-27
2.5274947899245888 2.2305002903114562e-27
2.533321850533197 2.2459168220921766e-27
2.5391623452487657 2.2614399099932813e-27
2.5450163050432 2.2770702914381886e-27
2.550883760959831 2.292808708448576e-27
2.5567647441135377 2.3086559081829846e-27
2.562659285690955 2.32461264297249e-27
2.568567416950596 2.3406796685157425e-27
2.5744891692230567 2.3568577449411167e-27
2.5804245739111624 2.37314764455094e-27
2.5863736624901232 2.3895501407191005e-27
2.5923364665077337 2.4060660121735893e-27
2.5983130175845006 2.4226960430334565e-27
2.6043033474138513 2.4394410228463193e-27
2.6103074877622614 2.4563017466258497e-27
2.616325470469458 2.473279009124307e-27
2.622357327448573 2.4903736201670097e-27
2.6284030906863 2.507586393078768e-27
2.6344627922430943 2.5249181451093306e-27
2.6405364642533073 2.542369699166287e-27
2.6466241389253953 2.5599418838543992e-27
2.652725848542049 2.577635533514984e-27
2.6588416254604064 2.5954514882657453e-27
2.6649715021121843 2.6133905885140348e-27
2.671115511003884 2.6314536881922646e-27
2.677273684716951 2.649641648010975e-27
2.6834460559079294 2.6679553315849248e-27
2.6896326573086733 2.6863956085079367e-27
2.695833521726478 2.704963354394191e-27
2.7020486820442966 2.723659450920064e-27
2.7082781712208703 2.742484785866043e-27
2.714522022290944 2.76144025060259e-27
2.72078026836542 2.7805267406673654e-27
2.727052942631524 2.799745169147551e-27
2.7333400783530126 2.8190964486537945e-27
2.739641708870311 2.8385814981149585e-27
2.745957867600731 2.8582012428220294e-27
2.7522885880386045 2.8779566144720604e-27
2.7586339037555008 2.8978485512126893e-27
2.7649938484003873 2.9178779971405102e-27
2.7713684556997915 2.938045894434543e-27
2.7777577594580176 2.9583532100008156e-27
2.7841617935572835 2.978800908226127e-27
2.7905805919579434 2.9993899601741062e-27
2.7970141886986237 3.0201213436314306e-27
2.8034626178964426 3.0409960431544145e-27
2.809925913747174 3.062015050115962e-27
2.8164041105254127 3.0831793591444767e-27
2.8228972425847942 3.1044899723990953e-27
2.829405344358134 3.1259479081678693e-27
2.835928450357653 3.1475541855524042e-27
2.8424665951751162 3.1693098307098993e-27
2.8490198134820623 3.1912158769021826e-27
2.855588140029941 3.213273364544751e-27
2.862171609650337 3.2354833367647844e-27
2.868770257255139 3.257846847726365e-27
2.875384117836706 3.280364964410008e-27
2.882013226468095 3.30303875633309e-27
2.8886576183031982 3.3258693004176135e-27
2.895317328576978 3.3488576810417115e-27
2.901992392605607 3.372004984927891e-27
2.9086828457866947 3.395312313291153e-27
2.915388723599459 3.41878077623465e-27
2.9221100616048976 3.442411488469815e-27
2.9288468954460147 3.466205572216405e-27
2.9355992608479657 3.4901641516004105e-27
2.942367193618293 3.514288370665e-27
2.949150729647068 3.538579375306075e-27
2.955949904907124 3.5630383156450735e-27
2.9627647554542276 3.5876663562024925e-27
2.969595317427254 3.6124646657291976e-27
2.976441627048418 3.637434422231278e-27
2.9833037206234216 3.6625768117453794e-27
2.9901816345416905 3.687893028480958e-27
2.9970754052765227 3.713384274915852e-27
3.0039850693853203 3.739051761857138e-27
3.01091066350977 3.764896708514079e-27
3.017852224376014 3.79092034253244e-27
3.024809788794892 3.81712389999717e-27
3.0317833936620837 3.843508625609559e-27
3.0387730759583564 3.870075772641197e-27
3.0457788727497097 3.896826603109245e-27
3.052800821187624 3.9237623876918946e-27
3.059838958509205 3.950884405880648e-27
3.066893322037427 3.978193946038304e-27
3.07396394918131 4.005692305421419e-27
3.0810508774361023 4.033380790296176e-27
3.08815414438352 4.061260715926742e-27
3.0952737876918985 4.08933340678623e-27
3.102409845116441 4.1176001961989705e-27
3.109562354499369 4.146062427211817e-27
3.1167313537701666 4.174721451846317e-27
3.1239168809457643 4.203578631522326e-27
3.1311189741307195 4.232635337124245e-27
3.1383376715174642 4.2618929487327844e-27
3.1455730113864564 4.291352856636894e-27
3.152825032106434 4.321016460090821e-27
3.1600937721345668 4.350885168426653e-27
3.1673792700167063 4.380960400557438e-27
3.1746815643875697 4.41124358531457e-27
3.182000693970927 4.441736161241325e-27
3.189336697579849 4.472439577034213e-27
3.1966896141168646 4.503355291389804e-27
3.2040594825742157 4.5344847728919446e-27
3.2114463420340145 4.5658295005899744e-27
3.218850231668495 4.597390963583916e-27
3.226271190740201 4.629170661228131e-27
3.2337092586021776 4.6611701034764205e-27
3.24116447469822 4.693390810516133e-27
3.248636878563036 4.725834313142943e-27
3.256126509822505 4.758502152805076e-27
3.263633408193836 4.7913958813880195e-27
3.2711576134858316 4.8245170618582e-27
3.278699165599045 4.857867267713523e-27
3.286258104526041 4.8914480834598236e-27
3.293834470351583 4.925261104641606e-27
3.301428303252831 4.959307937580047e-27
3.309039643499598 4.993590200041868e-27
3.3166685314545106 5.0281095207684965e-27
3.3243150075732775 5.062867539866117e-27
3.3319791124048503 5.097865908743404e-27
3.3396608865916844 5.133106290271883e-27
3.3473603708699353 5.168590358781206e-27
3.3550776060696545 5.204319800200925e-27
3.3628126331150527 5.2402963122434306e-27
3.3705654930246634 5.2765216041553875e-27
3.378336226911613 5.312997397217115e-27
3.3861248759837874 5.3497254243842174e-27
3.393931481544095 5.386707430943749e-27
3.401756084990668 5.423945173881259e-27
3.409598727817059 5.461440422661808e-27
3.4174594516125114 5.499194958670581e-27
3.425338298062122 5.537210576016848e-27
3.4332353089471215 5.575489080831162e-27
3.4411505261450355 5.614032292026482e-27
3.4490839916299594 5.6528420408663134e-27
3.457035747472758 5.6919201715592015e-27
3.465005835841269 5.731268540815161e-27
3.4729942990005735 5.770889018284387e-27
3.481001179313166 5.8107834868062726e-27
3.489026519239235 5.8509538415934696e-27
3.497070361336831 5.89140199156663e-27
3.5051327482621484 5.9321298588645774e-27
3.5132137227696965 5.97313937866593e-27
3.5213133277125754 6.0144324993630026e-27
3.529431606042681 6.056011183212457e-27
3.5375686008109124 6.097877405952815e-27
3.54572435516745 6.140033156875278e-27
3.5538989123619267 6.182480439172232e-27
3.562092315743714 6.2252212697695026e-27
3.570304608762097 6.268257679628753e-27
3.578535834966552 6.3115917137326426e-27
3.5867860380069576 6.3552254311843425e-27
3.5950552616338047 6.3991609054173294e-27
3.6033435496984776 6.443400224062514e-27
3.6116509461534303 6.487945489353606e-27
3.6199774950524772 6.532798818022853e-27
3.6283232405509667 6.577962341358425e-27
3.6366882269060694 6.623438205471646e-27
3.6450724984769893 6.669228571366724e-27
3.653476099725177 6.715335614842723e-27
3.661899075214616 6.761761526853713e-27
