results/limits/MAQRO_l_phase.dat
# %ECSV 1.0
# ---
# datatype:
# - {name: mx, unit: MeV, datatype: float64}
# - {name: sigma_10, unit: cm2, datatype: float64}
# - {name: sigma_9, unit: cm2, datatype: float64}
# - {name: sigma_7, unit: cm2, datatype: float64}
# - {name: sigma_6, unit: cm2, datatype: float64}
# - {name: sigma_5, unit: cm2, datatype: float64}
# - {name: sigma_4, unit: cm2, datatype: float64}
# - {name: sigma_3, unit: cm2, datatype: float64}
# - {name: sigma_2, unit: cm2, datatype: float64}
# schema: astropy-2.0
mx sigma_10 sigma_9 sigma_7 sigma_6 sigma_5 sigma_4 sigma_3 sigma_2
[from data line 965]
1444.3074773913293 2.7058641957766835e-43 1.6634704883358354e-42 6.907129381019596e-36 6.897109736343226e-32 6.894690056778357e-28 6.668515011085802e-24 9.468171111380722e-21 2.3615291858679563e-20
1477.9837858208825 2.732651785768148e-43 1.7192652101123608e-42 7.573716678924308e-36 7.563222709394484e-32 7.560574286010597e-28 7.31255546417656e-24 1.038260036690559e-20 2.5896040009453767e-20
1512.445310533807 2.759952177810064e-43 1.7777752822217556e-42 8.304658968042718e-36 8.293668165532776e-32 8.290769139817514e-28 8.018796887757469e-24 1.1385344551851287e-20 2.839706120021007e-20
1547.71036008708 2.787779371258252e-43 1.839161958390184e-42 9.10617049565979e-36 9.094659279251279e-32 9.091485692623908e-28 8.793246607467345e-24 1.248493305950079e-20 3.113962924501332e-20
1583.797669930582 2.8161478468496715e-43 1.9035974857164235e-42 9.985065624136542e-36 9.97300928850806e-32 9.96953488001584e-28 9.642492132198094e-24 1.3690719045896057e-20 3.41470725678152e-20
1620.7264123607779 2.8450725861012157e-43 1.971265936209979e-42 1.0948816787154773e-35 1.0936189448436713e-31 1.0932385432937382e-27 1.0573757187812257e-23 1.501295898830429e-20 3.7444972635327795e-20
1658.5162067064848 2.874569092060743e-43 2.0423641064324176e-42 1.2005618043089215e-35 1.1992392582055137e-31 1.198822740700218e-27 1.1594963162432694e-23 1.6462899927207468e-20 4.1061381553961874e-20
1697.1871297521373 2.9046534104385874e-43 2.1171024912741076e-42 1.316445476644448e-35 1.3150602768902795e-31 1.3146041847667954e-27 1.2714796486313713e-23 1.8052875134400942e-20 4.5027060682970146e-20
1736.7597264040865 2.9353421522418415e-43 2.1957063382386054e-42 1.4435180069572275e-35 1.44206717638143e-31 1.441567718328285e-27 1.394278251888228e-23 1.9796409020180045e-20 4.937574229150872e-20
1777.255020605602 2.9666525173411412e-43 2.2784167894354432e-42 1.5828598605444686e-35 1.581340279659683e-31 1.5807932996551924e-27 1.528936657215706e-23 2.1708332172984784e-20 5.41444164878394e-20
1818.6945265063737 2.998602318992435e-43 2.3654921188484016e-42 1.7356558463430128e-35 1.7340642464551275e-31 1.7334651886124477e-27 1.676600275889893e-23 2.380490750884864e-20 5.937364585834675e-20
1861.1002598924472 3.0312100096336358e-43 2.4572090734589116e-42 1.903205194047791e-35 1.901538150023145e-31 1.9008820200433065e-27 1.838525142196733e-23 2.610396860471818e-20 6.510791049528179e-20
1904.4947498826687 3.064494707858601e-43 2.553864327389876e-42 2.0869326044495583e-35 2.0851865271218955e-31 2.0844678500273803e-27 2.0160885973274976e-23 2.8625071391821716e-20 7.139598634682907e-20
1948.9010508978479 3.09847622727274e-43 2.6557760590784604e-42 2.2884003669814587e-35 2.28657149517968e-31 2.2857842689694982e-27 2.210801005108681e-23 3.138966049935356e-20 7.829136010764948e-20
1994.3427549090043 3.133175105498088e-43 2.76328566252611e-42 2.509321647548484e-35 2.5074060397253633e-31 2.506543684557858e-27 2.4243185992246873e-23 3.4421251663455034e-20 8.585268417911218e-20
2040.8440039711966 3.168612635796052e-43 2.8767596046907085e-42 2.7515750597129776e-35 2.749568585153739e-31 2.7486238876254028e-27 2.658457571259233e-23 3.774563175373716e-20 9.414427557078863e-20
2088.4295030496014 3.204810899698447e-43 2.996591442029894e-42 3.0172206430407134e-35 3.0151189726292627e-31 3.0140840246761136e-27 2.915209519257327e-23 4.139107811690985e-20 1.0323666298222345e-19
2137.124533144652 3.241792801321343e-43 3.123204010711024e-42 3.3085173847371895e-35 3.306315981256362e-31 3.3051821131587e-27 3.196758388426187e-23 4.538859910627749e-20 1.132071867260005e-19
2186.9549647232075 3.27958210347216e-43 3.2570518060478497e-42 3.62794243335624e-35 3.6256365412973736e-31 3.624394248218677e-27 3.5054990478271216e-23 4.977219783955852e-20 1.2414065658635253e-19
2237.947271462894 3.3182034653221093e-43 3.398623568462253e-42 3.978212168243923e-35 3.975796803099155e-31 3.97443566453479e-27 3.8440576612974086e-23 5.457916143175618e-20 1.3613007321705156e-19
2290.1285443169163 3.357682482222976e-43 3.548445094645672e-42 4.3623053037495094e-35 4.359775240759103e-31 4.358283832210378e-27 4.215314025701769e-23 5.985037816080541e-20 1.4927741920857733e-19
2343.5265059068115 3.3980457274177286e-43 3.707082294613697e-42 4.7834882248587043e-35 4.7808379871836615e-31 4.779203783306522e-27 4.622426066651416e-23 6.563068526563498e-20 1.6369452655794382e-19
2398.169525250793 3.4393207960753807e-43 3.8751445169895747e-42 5.245342769676708e-35 5.242566615965507e-31 5.24077588437077e-27 5.0688566999800445e-23 7.196925033400398e-20 1.7950402791735748e-19
2454.086632835509 3.4815363510074016e-43 4.0532881671953783e-42 5.75179669508944e-35 5.748888606405632e-31 5.746926291208155e-27 5.558403287473522e-23 7.891998952438304e-20 1.96840399713493e-19
2511.3075360392254 3.5247221714167124e-43 4.2422206454884795e-42 6.307157084741224e-35 6.30411075081664e-31 6.301960344943629e-27 6.095229937404648e-23 8.654202617928909e-20 2.1585110601019006e-19
2569.8626349146184 3.5689092038607733e-43 4.442704634378437e-42 6.916146983599914e-35 6.912955788376148e-31 6.910599193549224e-27 6.683902924724127e-23 9.490019373249721e-20 2.366978528479091e-19
2629.783038339575 3.614129615625913e-43 4.655562767455634e-42 7.583945570485304e-35 7.580602576903807e-31 7.578019950104747e-27 7.329429531965752e-23 1.0406558718464891e-19 2.5955796372134747e-19
2691.100580544569 3.6604168512241075e-43 4.881682715195694e-42 8.316232210407476e-35 8.312730144406248e-31 8.309899729521234e-27 8.037300641384897e-23 1.141161678400711e-19 2.8462588789992965e-19
2753.8478380254037 3.7078056919267595e-43 5.122022726451133e-42 9.11923476169377e-35 9.115565995365538e-31 9.11246393857675e-27 8.813537440883212e-23 1.251374264524498e-19 3.121148544302992e-19
2818.0581468502987 3.756332317977462e-43 5.37761766758419e-42 9.999782548063047e-35 9.99593908192791e-31 9.992539229283287e-27 9.664742640288145e-23 1.372231104099647e-19 3.4225868586454564e-19
2883.7656203705187 3.806034374632142e-43 5.649585606186654e-42 1.0965364447238766e-34 1.0961337891580211e-30 1.0957611567020227e-26 1.0598156634613665e-22 1.504760211592476e-19 3.7531378717646826e-19
2951.0051673439552 3.856951041162653e-43 5.939134989562565e-42 1.2024192589061401e-34 1.2019974144272206e-30 1.2015889906227003e-26 1.162171909092931e-22 1.6500888863546738e-19 4.1156132674472676e-19
3019.812510481288 3.909123104355676e-43 6.247572474161902e-42 1.3185272206087582e-34 1.318085264196811e-30 1.3176376016455252e-26 1.2744136483831633e-22 1.80945330152578e-19 4.513096279945645e-19
3090.2242054245785 3.962593035061628e-43 6.57631146653695e-42 1.4458478229860751e-34 1.4453847863808697e-30 1.4448941051762632e-26 1.3974956153048316e-22 1.984209018968926e-19 4.948967920085895e-19
3162.2776601683795 4.017405069573751e-43 6.926881442524118e-42 1.5854639284836254e-34 1.584978795886281e-30 1.5844409515207873e-26 1.5324647513553554e-22 2.175842519743044e-19 5.42693573430298e-19
