results/limits/MAQRO_h.dat
# %ECSV 1.0
# ---
# datatype:
# - {name: mx, unit: MeV, datatype: float64}
# - {name: sigma, unit: cm2, datatype: float64}
# schema: astropy-2.0
mx sigma
[from data line 380]
0.0020128147383986056 4.841059176811797e-36
0.002059746690910748 4.954774884644543e-36
0.0021077729359698315 5.0771485484036466e-36
0.0021569189887337423 5.2086345858345e-36
0.002207210959286545 5.349764888883192e-36
0.0022586755665101248 5.501065337719921e-36
0.0023113401522792685 5.663121736494841e-36
0.0023652326959877285 5.8365559272207075e-36
0.0024203818294129824 6.022011744141557e-36
0.0024768168519275916 6.220225433977352e-36
0.002534567746065232 6.431901394416091e-36
0.0025936651934496745 6.657891949468605e-36
0.0026541405910951734 6.899029548144394e-36
0.0027160260680869266 7.156232806267502e-36
0.0027793545026504624 7.430489389412817e-36
0.002844159539619031 7.722840991277498e-36
0.0029104756083082714 8.034403537561704e-36
0.0029783379408076585 8.366369813401441e-36
0.0030477825906984404 8.720010780774283e-36
0.0031188464522080173 9.096684795500003e-36
0.0031915672798109355 9.497840754556992e-36
0.0032659837082868936 9.925024834395017e-36
0.003342135273246469 1.0379888714594165e-35
0.0034200624321353945 1.0864194254602486e-35
0.0034998065857286074 1.1379824123488033e-35
0.0035814101001254554 1.1928791277566481e-35
0.003664916329257761 1.251324608709367e-35
0.0037503696379226933 1.3135488134149315e-35
0.0038378154253526898 1.379797476962819e-35
0.003927300149334948 1.4503340269686257e-35
0.004018871350893299 1.5254397616204757e-35
0.00411257767954558 1.6054164806278362e-35
0.004208468919149921 1.6905870093726542e-35
0.004306596014353682 1.7812960731047643e-35
0.004407011097659079 1.8779140658876003e-35
0.004509767517119906 1.9808362584950222e-35
0.004614919864684026 2.090485873161087e-35
0.004722524005196735 2.207315833311198e-35
0.004832637106080367 2.3318100108195824e-35
0.004945317667705937 2.46448736488436e-35
0.005060625554472947 2.6059008654754326e-35
0.005178622026613854 2.756645769514506e-35
0.005299369772740128 2.917356137443659e-35
0.005422932943147155 3.08871309219297e-35
0.0055493771838957115 3.271445570289327e-35
0.00567876967168809 3.466333801036918e-35
0.005811179149557424 3.674213179467082e-35
0.0059466759633891655 3.895977769381203e-35
0.006085332099294114 4.1325842365430216e-35
0.006227221221852859 4.385056266340389e-35
0.006372418713251954 4.654489829857122e-35
0.006521001713332612 4.942058512551889e-35
0.006673049160573193 5.249018722905343e-35
0.006828641834027273 5.576715898816929e-35
0.006987862396239558 5.926591957226128e-35
0.00715079543716245 6.300189847473329e-35
0.007317527519096606 6.699161539358777e-35
0.007488147222679345 7.125275383799432e-35
0.007662745193945353 7.580424235470738e-35
0.007841414192484688 8.06663523630965e-35
0.008024249140723652 8.586079670441607e-35
0.008211347174354735 9.141083173611634e-35
0.008402807693942412 9.734136968080333e-35
0.008598732417732204 1.0367908374222226e-34
0.008799225435691074 1.104525295488919e-34
0.009004393264807849 1.1769228203806985e-34
0.009214344905683071 1.2543109121802987e-34
0.009429191900438323 1.3370404275790676e-34
0.009649048391975805 1.425487206552526e-34
0.009874031184619632 1.5200537849814938e-34
0.010104259806171096 1.621171200928414e-34
0.01033985657141083 1.7293010178982545e-34
0.010580946647081629 1.844937718019251e-34
0.010827658118386449 1.9686110601209433e-34
0.011080122057036918 2.100888556288627e-34
0.011338472590888495 2.2423780129873436e-34
0.01160284697519928 2.3937303433124474e-34
0.01187338566555036 2.555642830200692e-34
0.012150232392466372 2.7288625906931657e-34
0.012433534237775993 2.9141900433381783e-34
0.01272344171275288 3.1124824653069995e-34
0.013020108838078586 3.3246580766160046e-34
0.013323693225669961 3.5517006657800056e-34
0.013634356162414448 3.7946643362744426e-34
0.013952262695857842 4.05467826154577e-34
0.014277581721889965 4.332951904193662e-34
0.014610486074474885 4.630781042951628e-34
0.014951152617473332 4.949554186227059e-34
0.015299762338606094 5.2907587598846785e-34
0.015656500445608335 5.655988064466938e-34
0.016021556464625875 6.046949283989242e-34
0.016395124340905766 6.4654716813639466e-34
0.016777402541834602 6.9135147863427335e-34
0.017168594162379338 7.393177925359383e-34
0.01756890703298664 7.906710671167248e-34
0.017978553829998065 8.456523087892353e-34
0.01839775218863974 9.045197066510344e-34
0.01882672481864659 9.675499262355583e-34
0.01926569962258253 1.0350393918655585e-33
0.019714909816919448 1.107305667730881e-33
0.020174594055939365 1.1846890440024173e-33
0.02064499655852557 1.267554112549953e-33
0.021126367237910063 1.356291488116407e-33
0.021618961834446313 1.4513197445123784e-33
0.02212304205147776 1.553087334507354e-33
0.022638875694374342 1.662074762901658e-33
0.0231667368128109 1.7787969079112642e-33
0.02370690584636297 1.9038054020088496e-33
0.024259669773497434 2.0376913593335445e-33
0.024825322264037063 2.181088113211758e-33
0.025404163835180054 2.334674295744243e-33
0.025996502011157406 2.4991770577512627e-33
0.026602651486612925 2.6753755261904985e-33
0.027222934293792744 2.8641045635692117e-33
0.027857679973633073 3.06625869831663e-33
0.02850722575083718 3.282796465224773e-33
0.02917191671303455 3.5147449106485884e-33
0.029852105994117403 3.763204566647504e-33
0.030548154961852016 4.0293546455689435e-33
0.031260433409864494 4.314458724731574e-33
0.031989319754103004 4.619870747091332e-33
0.0327352012338808 4.947041502328764e-33
0.03349847411760691 5.297525571274259e-33
0.034279543913313774 5.672988712743522e-33
0.03507882558409363 6.075215881219053e-33
0.03589674376855814 6.506119698684925e-33
0.03673373300643846 6.967749624616008e-33
0.037590237969445384 7.462301756172338e-33
0.038466713697512506 7.992129289225566e-33
0.03936362584054766 8.559753794108626e-33
0.04028145090582124 9.167877263590337e-33
0.04122067651112274 9.819395005969106e-33
0.04218180164382002 1.0517409497262017e-32
0.043165336925959 1.1265245214621238e-32
0.044171804885544536 1.2066464517848349e-32
0.04520174023414663 1.2924884672479202e-32
0.046255690150979495 1.3844596099253614e-32
0.047334214573604344 1.4829981932745563e-32
0.048437886495410414 1.588573896826633e-32
0.04956729227003216 1.701690011105327e-32
0.05072303192286451 1.8228858436894052e-32
0.051905719469841495 1.9527392972626302e-32
0.05311598324364777 2.091869632255205e-32
0.05435446622753626 2.240940427435904e-32
0.05562182639692926 2.4006627519524195e-32
0.056918737068984544 2.5717985650002435e-32
0.058245887260312136 2.755164358423464e-32
0.05960398205303182 2.9516350602101453e-32
0.06099374296936585 3.162148217621918e-32
0.06241590835496589 3.3877084793226657e-32
0.06387123377117784 3.629392398938625e-32
0.06536049239645289 3.8883535817776464e-32
0.06688447543711816 4.165828200569912e-32
0.06844399254772507 4.463140905550166e-32
0.0700398722611988 4.7817111583065155e-32
0.0716729624290174 5.123060018613681e-32
0.07334413067165428 5.488817416371573e-32
0.07505426483952363 5.880729944851923e-32
0.07680427348467332 6.300669212613729e-32
0.07859508634347626 6.750640791578145e-32
0.08042765483057629 7.232793805742569e-32
0.08230295254435131 7.749431208897992e-32
0.08422197578416211 8.303020793387357e-32
0.08618574407966152 8.896206992071214e-32
0.08819530073244539 9.531823519966332e-32
0.09025171337033296 1.0212906925662623e-31
0.09235607451457113 1.0942711108264447e-31
0.09450950216026408 1.1724722876759457e-31
0.09671314037033632 1.256267862117159e-31
0.09896815988334524 1.3460582177581823e-31
0.10127575873546546 1.4422723971802338e-31
0.10363716289697593 1.5453701533667706e-31
0.10605362692358762 1.6558441478391147e-31
0.10852643462295801 1.7742223062162258e-31
0.11105689973674641 1.901070342409787e-31
0.11364636663857243 2.0369944632880394e-31
0.11629621104824843 2.182644267088602e-31
0.1190078407626656 2.3387158494275633e-31
0.12178269640372161 2.505955130713905e-31
0.12462225218368743 2.6851614232734147e-31
0.1275280166884199 2.877191252258843e-31
0.13050153367883624 3.0829624503898683e-31
0.1335443829110759 3.3034585466650895e-31
0.13665818097578622 3.539733467422727e-31
0.13984458215697693 3.792916575615046e-31
0.14310527931090045 4.064218068827431e-31
0.14644200476542463 4.354934765763511e-31
0.14985653124037576 4.66645630437811e-31
0.15335067278934078 5.000271785963325e-31
0.1569262857634292 5.357976892199009e-31
0.1605852697975066 5.741281511320358e-31
0.16432956881942368 6.152017916837728e-31
0.16816117208277714 6.592149519316033e-31
0.172082115223751 7.063780252625942e-31
0.1760944813425998 7.569164629830775e-31
0.1802004021103484 8.110718521582808e-31
0.18440205890129596 8.69103069691988e-31
0.18870168395192646 9.312875198487468e-31
0.1931015615468407 9.979224597637051e-31
0.1976040292323402 1.0693264202431682e-30
0.20221147905830805 1.1458407273591397e-30
0.20692635884904578 1.2278311341140301e-30
0.21175117350374192 1.315689567417323e-30
0.2166884863272632 1.4098360007242363e-30
0.22174092039197504 1.5107204610452122e-30
0.22691115993131514 1.6188251787373788e-30
0.23220195176586036 1.7346668904174303e-30
0.2376161067626448 1.8587993083529273e-30
0.24315650132850383 1.9918157655095837e-30
0.24882607893823822 2.134352047974108e-30
0.25462785169840935 2.2870894326594953e-30
0.2605649019475973 2.4507579415181886e-30
0.26664038389397104 2.6261398255890805e-30
0.27285752529104135 2.814073302643155e-30
0.2792196291524867 3.015456557038209e-30
0.2857300755069626 3.231252029105567e-30
0.2923923231938275 3.4624910100054015e-30
0.2992099117007387 3.710278564207804e-30
0.3061864630440946 3.9757988014150066e-30
0.31332568369332287 4.260320532472298e-30
0.32063136654003577 4.5652033196223215e-30
0.3281073929131 4.891903966007408e-30
0.3357577346406907 5.2419834637689335e-30
0.343586456160426 5.617114444256017e-30
0.3515977166787018 6.019089149543976e-30
0.359795772380376 6.449827987241071e-30
0.368184978689974 6.91138868349519e-30
0.3767697925856183 7.405976091958344e-30
0.38555477496691104 7.935952708946688e-30
0.394544593078027 8.503849930292037e-30
0.4037440229873054 9.112380115250183e-30
0.4131579521246571 9.764449511116651e-30
0.42279138187813525 1.0463172094803434e-29
0.43264943025104924 1.121188440736924e-29
0.4427373345810337 1.2014161441127068e-29
0.4530604543225162 1.2873833656970713e-29
0.4636242738940635 1.3795005221359483e-29
0.47443440559211736 1.478207353625888e-29
0.48549659257266914 1.583975015539372e-29
0.4968167119024568 1.6973083193179977e-29
0.5084007776813051 1.818748134486706e-29
0.5202549442372687 1.948873957874344e-29
0.5323855093962742 2.0883066675733628e-29
0.5447989178279997 2.2377114747966613e-29
0.557501764469769 2.397801082840512e-29
0.5705007980302781 2.5693390636102954e-29
0.5838029245750183 2.7531434986777636e-29
0.5974152111952977 2.950090845881656e-29
0.6113448897628128 3.161120094473319e-29
0.6255993607717623 3.387237226442436e-29
0.6401861972705483 3.629519982327318e-29
0.6551131488851486 3.8891229661379914e-29
0.6703881459363026 4.1672830884208865e-29
0.686019303652694 4.465325468276849e-29
0.7020149264823721 4.784669657079029e-29
0.7183835125046995 5.126836365748534e-29
0.7351337579451718 5.493454650263385e-29
0.7522745617955077 5.88626960155983e-29
0.7698150305414633 6.307150581465583e-29
0.7877644830008832 6.758100039637825e-29
0.8061324552745581 7.241262940403192e-29
0.8249287058125218 7.758936897220809e-29
0.8441632205984669 8.313582941094475e-29
0.8638462184550629 8.907837092802896e-29
0.8839881564729563 9.544522817360201e-29
0.9045997355663667 1.0226664232122343e-28
0.9256919061582187 1.0957500240836387e-28
0.9472758739978306 1.174049978798845e-28
0.9693631061142522 1.2579378094662523e-28
0.9919653369084147 1.3478114003271495e-28
1.0150945743873274 1.4440968550870377e-28
1.0387631065436362 1.5472504905630409e-28
1.0629835078839296 1.6577609609643982e-28
1.0877686461092637 1.7761515323130779e-28
1.1131316889514546 1.9029825146238725e-28
1.1390861111687691 2.038853885761867e-28
1.16564570170473 2.1844079966622375e-28
1.1928245710138414 2.34033265146873e-28
1.2206371585581264 2.5073642465563435e-28
1.2490982404784545 2.686291122895729e-28
1.2782229374447416 2.8779572482810235e-28
1.3080267226891875 3.0832660888531653e-28
1.3385254302268237 3.3031847535261213e-28
1.369735263267732 3.538748422812358e-28
1.4016728028254128 3.7910650863934338e-28
1.4343550165258654 4.061320593979358e-28
1.4677992676220706 4.350784058258058e-28
1.5020233242186567 4.66081361309009e-28
1.5370453687116559 4.992862572061634e-28
1.5728840074483612 5.3484859910705155e-28
1.6095582806124205 5.729347673871161e-28
1.6470876723394143 6.137227659161856e-28
1.6854921210682972 6.574030181495013e-28
1.7247920301341966 7.041792179268408e-28
1.7650082786082029 7.542692367948154e-28
1.8061622323899016 8.079060899600554e-28
1.848275755558551 8.653389652164478e-28
1.8913712219889245 9.268343226215166e-28
1.935471527238 9.926770611101958e-28
1.9806001007088037 1.0631717621648647e-27
2.0267809180978715 1.1386440159250056e-27
2.0740385141329463 1.2194418296752837e-27
2.1223979956076717 1.3059371264656048e-27
2.171885054720213 1.3985273393071756e-27
2.222525982722885 1.497637104553338e-27
2.274347683890048 1.6037200640280204e-27
2.327377689811681 1.7172607745263127e-27
2.3816441740202396 1.8387767348982092e-27
2.437175966958554 1.9688205476757953e-27
2.4940025712967335 2.107982207426474e-27
2.552154177606206 2.2568914235710527e-27
2.611661680399223 2.416220527334489e-27
2.6725566945423505 2.5866865048154108e-27
2.7348715720526675 2.7690547714861436e-27
2.7986394192855935 2.964141403755041e-27
2.863894114523477 3.1728168315014495e-27
2.9306703259742912 3.3960090560315454e-27
2.999003530189995 3.6347072631914174e-27
3.068930030914351 3.88996560263999e-27
3.1404869783702067 4.16290715526032e-27
3.21371238899649 4.4547281378759785e-27
3.2886451656454048 4.766702290464216e-27
3.3653251182505572 5.100185528366796e-27
3.443792984976987 5.456620784158716e-27
3.5240904538643507 5.837543110034729e-27
3.6062601849747473 6.244585026166107e-27
3.6903458330569543 6.679482101071977e-27
3.77639207073912 7.144078688713675e-27
3.8644446122622242 7.640334671325246e-27
3.9545502377669295 8.170329956582663e-27
4.046756818146711 8.736273859461531e-27
4.141113340480481 9.340509903482358e-27
4.237669934058216 9.985522764228629e-27
4.336477897013409 1.0673947574468863e-26
4.437589723576497 1.1408575951345727e-26
4.541059131963759 1.2192363357693958e-26
4.646941092916466 1.3028439363735914e-26
4.755291858905486 1.3920112967239754e-26
4.866168994016832 1.48708843190899e-26
4.979631404534034 1.5884450535979836e-26
5.0957393702336 1.6964715897696015e-26
5.214554576410165 1.8115800402350812e-26
5.336140146648369 1.934204878021338e-26
5.4605606763588606 2.0648039512030064e-26
5.587882267096237 2.2038593753852378e-26
5.718172561677172 2.351878453814049e-26
5.851500780117376 2.50939455470439e-26
5.987937756406471 2.676967977052422e-26
6.127555976140354 2.8551868240839684e-26
6.270429615030991 3.0446678207109314e-26
6.416634578314149 3.246057110860572e-26
6.566248541075969 3.460030985961376e-26
6.719350989519823 3.687296666796058e-26
6.87602326319537 3.9285927891036955e-26
7.036348598212252 4.1846901324503845e-26
7.200412171461376 4.456392031919042e-26
7.368301145867304 4.744534799453564e-26
7.540104716695753 5.049988054194347e-26
7.715914158940838 5.373654878831277e-26
7.8958228758172275 5.716471946373657e-26
8.07992644838296 6.079409439141381e-26
8.2683226863193 6.463470936723693e-26
8.461111679894604 6.869692932373027e-26
8.658395853139817 7.299144551165216e-26
8.860280018263818 7.752926697871388e-26
9.066871431337571 8.232171355487623e-26
9.278279849276613 8.738040562194814e-26
9.494617588152204 9.271725177339197e-26
9.715999582862075 9.834443530188677e-26
9.942543448192506 1.0427439889564849e-25
10.17436954130415 1.1051982630349257e-25
10.411601025674827 1.1709362368152802e-25
10.654363936533231 1.240088980048713e-25
10.902787247818345 1.3127893421114083e-25
11.157002940700098 1.3891717040076851e-25
11.417146073697703 1.4693717211263714e-25
11.683354854432924 1.5535260415910586e-25
11.955770713056356 1.6417720238592425e-25
12.234538377385784 1.734247436893103e-25
12.519805949796487 1.8310901566079425e-25
