results/limits/MAQRO_False_l.dat
# %ECSV 1.0
# ---
# datatype:
# - {name: mx, unit: MeV, datatype: float64}
# - {name: sigma_10, unit: cm2, datatype: float64}
# - {name: sigma_7, unit: cm2, datatype: float64}
# - {name: sigma_5, unit: cm2, datatype: float64}
# - {name: sigma_4, unit: cm2, datatype: float64}
# - {name: sigma_3, unit: cm2, datatype: float64}
# - {name: sigma_2, unit: cm2, datatype: float64}
# schema: astropy-2.0
mx sigma_10 sigma_7 sigma_5 sigma_4 sigma_3 sigma_2
1e-10 9.345646915817747e-26 9.345647670607217e-26 9.349680526806498e-26 9.746497025855249e-26 4.699065185256673e-25 4.210763277915222e-22
1.3848863713938747e-10 5.261299736934071e-26 5.261300271756142e-26 5.265054102658623e-26 5.630051073362569e-26 3.3842873494969655e-25 3.0455087879816265e-22
1.9179102616724848e-10 3.10328281074957e-26 3.103283257414692e-26 3.106967973999789e-26 3.4556651228486374e-26 2.4483366796783706e-25 2.2002065968075423e-22
2.656087782946684e-10 1.8913852780788282e-26 1.8913856957375905e-26 1.8951531844446998e-26 2.2327045505696717e-26 1.769856342213132e-25 1.5890022405242996e-22
3.6783797718286343e-10 1.1807829245041113e-26 1.1807833454008075e-26 1.1847626967332227e-26 1.507668023887879e-26 1.2784952768923592e-25 1.147465813535804e-22
5.094138014816385e-10 7.507248338727376e-27 7.507252788335054e-27 7.550392833978073e-27 1.0534438965100052e-26 9.233046585522684e-26 8.285821161078691e-23
7.054802310718631e-10 4.841551466449093e-27 4.841556330875986e-27 4.88927589425508e-27 7.517176463648117e-27 6.667324952495164e-26 5.983035781849618e-23
9.770099572992246e-10 3.158280879264154e-27 3.15828635207513e-27 3.211800926133091e-27 5.414437256907441e-27 4.814408434644325e-26 4.320208735846857e-23
1.3530477745798075e-09 2.0795830745996834e-27 2.079589376377941e-27 2.1399334392774308e-27 3.9100351569407596e-27 3.47639040934906e-26 3.119526033246181e-23
1.873817422860387e-09 1.3800061999005119e-27 1.3800135837035959e-27 1.4476473499421461e-27 2.824259821023361e-27 2.5102268070484005e-26 2.252545622387618e-23
2.595024211399732e-09 9.218095277838074e-28 9.218182953002508e-28 9.959725414483254e-28 2.039655851091289e-27 1.8125824041477379e-26 1.6265189031104588e-23
3.5938136638046257e-09 6.192203179319184e-28 6.192308411262353e-28 6.97273680281669e-28 1.472874700559901e-27 1.3088295325559767e-26 1.1744779795165217e-23
4.977023564332114e-09 4.179883074858542e-28 4.1800105434935175e-28 4.955719830492597e-28 1.0635519053045581e-27 9.450803670772658e-27 8.480680043323911e-24
6.892612104349681e-09 2.833551507934512e-28 2.833707165009136e-28 3.5572905111261157e-28 7.6797346635401406e-28 6.824243550637743e-27 6.123735667191139e-24
9.545484566618328e-09 1.9280872156294892e-28 1.9282786672424152e-28 2.5652510977305525e-28 5.545389072631915e-28 4.9276551233729566e-27 4.421832056221464e-24
1.3219411484660288e-08 1.3163404399150442e-28 1.316577427348119e-28 1.852345685899273e-28 4.004215631524216e-28 3.558165157477541e-27 3.1929204664579823e-24
1.8307382802953696e-08 9.01368172329026e-29 9.016631782184416e-29 1.337745796466566e-28 2.8913653971453956e-28 2.5692829525098667e-27 2.3055468907486164e-24
2.5353644939701113e-08 6.188684392852361e-29 6.192374341235964e-29 9.66033624168155e-29 2.0877988822732845e-28 1.855230136050297e-27 1.6647913726713746e-24
3.5111917342151277e-08 4.259366497184432e-29 4.26399958058455e-29 6.975729066835806e-29 1.50755943576132e-28 1.3396262579707747e-27 1.202114055810064e-24
4.8626015800653535e-08 2.9379608924588834e-29 2.943792560888917e-29 5.037081562659387e-29 1.0885797953063324e-28 9.67318541394607e-28 8.680235994743109e-25
6.734150657750828e-08 2.0305689706881915e-29 2.0379118853761818e-29 3.637187533604464e-29 7.860426495280744e-29 6.984822459143144e-28 6.267832622562947e-25
9.3260334688322e-08 1.406005915922085e-29 1.4152220644167457e-29 2.6263436351064504e-29 5.675863715942184e-29 5.043606898510889e-28 4.525882237110938e-25
1.2915496650148827e-07 9.751916611979617e-30 9.86651863915854e-30 1.8964317301487014e-29 4.098432736942564e-29 3.6418922172137666e-28 3.26805313278286e-25
1.7886495290574352e-07 6.774378532701053e-30 6.914161598652329e-30 1.3693766355357356e-29 2.9593999935740757e-29 2.6297408189579965e-28 2.3597987605423006e-25
2.4770763559917087e-07 4.7127582489430046e-30 4.87753937005698e-30 9.888005276160799e-30 2.1369262164294738e-29 1.8988856290873656e-28 1.703965638242329e-25
3.430469286314912e-07 3.2829335628046464e-30 3.4673269267212e-30 7.139939234490925e-30 1.543033612943644e-29 1.3711490612164803e-28 1.2304010723992017e-25
4.7508101621027934e-07 2.2897599143435965e-30 2.4826826848392172e-30 5.1556136537855e-30 1.1141951081383684e-29 9.900805704639354e-29 8.884491525385757e-26
6.579332246575682e-07 1.5989043252338027e-30 1.7867163424369107e-30 3.7227701572636886e-30 8.04539016342362e-30 7.149182975567395e-29 6.4153221401084e-26
9.111627561154887e-07 1.1177044297123339e-30 1.2890875758067834e-30 2.688141256593262e-30 5.809422694006777e-30 5.162288845593668e-29 4.6323822762848443e-26
1.261856883066021e-06 7.821207831622349e-31 9.307960533183686e-31 1.9410554995999746e-30 4.194873341310242e-30 3.7275906776669e-29 3.3449557239900013e-26
1.747528400007683e-06 5.47817848953916e-31 6.72160603631241e-31 1.4015991553755867e-30 3.029038146978463e-30 2.691622723251682e-29 2.4153299582262093e-26
2.4201282647943835e-06 3.8405163657668e-31 4.853743642115088e-31 1.0120680505393794e-30 2.1872109033421585e-30 1.9435703119469705e-29 1.7440654531742276e-26
3.3516026509388406e-06 2.6947096756856903e-31 3.504848050238876e-31 7.307951046977707e-31 1.5793436452909158e-30 1.4034163169849226e-29 1.2593588746126118e-26
4.641588833612773e-06 1.8922704250292664e-31 2.5307958847034062e-31 5.276933184360233e-31 1.1404144701378602e-30 1.0133819389881609e-29 9.093624807489082e-27
6.4280731172843194e-06 1.3297969232710175e-31 1.8274419697838986e-31 3.8103744769309244e-31 8.234723210552055e-31 7.317462638430624e-30 6.566381121541948e-27
8.902150854450375e-06 9.351961202828543e-32 1.3195616181498949e-31 2.7514011384817556e-31 5.946147606489414e-31 5.283834911949e-30 4.74152531719245e-27
1.2328467394420658e-05 6.581464173122062e-32 9.52830848446982e-32 1.9867376780333693e-31 4.293615198117603e-31 3.81540459889236e-30 3.42385754840767e-27
1.7073526474706886e-05 4.634853719821692e-32 6.880219403406761e-32 1.4345901294977688e-31 3.1003590995320433e-31 2.7550977120873582e-30 2.4724304892462774e-27
2.3644894126454072e-05 3.2661852881426766e-32 4.968089859300875e-32 1.035896775030629e-31 2.238739959382303e-31 1.9894961164323796e-30 1.7854725874538867e-27
3.274549162877725e-05 2.303271952908231e-32 3.5873838510568025e-32 7.480104733967255e-32 1.6165927272327948e-31 1.4367054989596987e-30 1.289501845451079e-27
4.534878508128582e-05 1.6254603936481478e-32 2.5904106357781165e-32 5.401368109973232e-32 1.1673680072926847e-31 1.037595360502736e-30 9.314656680085935e-28
6.280291441834246e-05 1.1481391512118981e-32 1.870526641074809e-32 3.900401072651713e-32 8.43013450377681e-32 7.494739933007964e-31 6.73066014635169e-28
8.697490026177834e-05 8.119253339123694e-33 1.3507277428794518e-32 2.816649213562922e-32 6.088337179706604e-32 5.415218814025638e-31 4.866628796060008e-28
0.00012045035402587811 5.7510400463575896e-33 9.754124445206389e-33 2.0341864068805075e-32 4.397792004086814e-32 3.9149506355087094e-31 3.5231802661492545e-28
0.0001668100537200059 4.0832737927216244e-33 7.044341859976218e-33 1.4693143541854179e-32 3.1776648488127315e-32 2.8334586960904554e-31 2.5566307683706406e-28
0.0002310129700083158 2.9088639705001685e-33 5.0880688325130204e-33 1.061609213256956e-32 2.2974390754141996e-32 2.0550664291387946e-31 1.863647643158574e-28
0.00031992671377973844 2.0809777319849365e-33 3.676040848445524e-33 7.67457196180094e-33 1.6629515231756282e-32 1.4965316664938432e-31 1.3702549585961626e-28
0.00044306214575838776 1.495273709443272e-33 2.657198068875604e-33 5.553866732084649e-33 1.2063123507963056e-32 1.0981631608326468e-31 1.024078274332516e-28
0.0006135907273413163 1.0783579889522706e-33 1.9225089852892037e-33 4.0269511746754596e-33 8.786233817130014e-33 8.174896311885625e-32 7.89168765644599e-29
0.0008497534359086438 7.797311791257482e-34 1.3932658262431599e-33 2.9300500932762772e-33 6.44700058295282e-33 6.248558520473805e-32 6.433229628763419e-29
0.0011768119524349966 5.65031209154793e-34 1.0125793206941347e-33 2.1447889173113944e-33 4.79203415599431e-33 5.006010428258752e-32 5.789162621835335e-29
0.0016297508346206436 4.104927422285137e-34 7.391576663930372e-34 1.5849801407391352e-33 3.637412914097699e-33 4.338199719743827e-32 6.107811096085733e-29
0.002257019719633917 2.9919071661565986e-34 5.427914252466007e-34 1.1869115662504513e-33 2.846916126649528e-33 4.233402858659375e-32 7.996678722294483e-29
0.0031257158496882354 2.1885139602350707e-34 4.012838548003257e-34 9.029476591079283e-34 2.317900176031494e-33 4.8317910448343824e-32 1.3104197843774638e-28
0.004328761281083053 1.6060888709267476e-34 2.9855284205367062e-34 6.981577141507224e-34 1.9756329872836316e-33 6.587825750779814e-32 2.560488880866365e-28
0.005994842503189409 1.1816672057263032e-34 2.2328572638991246e-34 5.482000426693018e-34 1.7720740893487415e-33 1.0698899693890223e-31 5.614988432741953e-28
0.008302175681319735 8.709929299122624e-35 1.6768139931062985e-34 4.368449024296756e-34 1.6842416977415606e-33 2.020550509341504e-31 1.3245876132433475e-27
0.011497569953977356 6.428375598716025e-35 1.2634278502622808e-34 3.533822694352984e-34 1.713672221021079e-33 4.282828188882328e-31 3.27215202830858e-27
0.01592282793341094 4.7491458135495286e-35 9.547062665482519e-35 2.9063592307280566e-34 1.8928690919448557e-33 9.840992674534883e-31 8.318810694128742e-27
0.022051307399030412 3.511403942059801e-35 7.233909060083794e-35 2.4370498183261473e-34 2.3080661412535042e-33 2.3861268819482387e-30 2.152542566134039e-26
0.030538555088334123 2.598123983070888e-35 5.496312015381271e-35 2.0923442687001578e-34 3.1597315026956946e-33 5.990887111783121e-30 5.629748870141063e-26
0.04229242874389499 1.9237058310252086e-35 4.188242361686126e-35 1.850215019193664e-34 4.917149091785278e-33 1.5377518405267784e-29 1.4818707196500777e-25
0.058570208180566734 1.4253333470756592e-35 3.201575049532247e-35 1.698538654504355e-34 8.714770140650955e-33 4.0016451182362983e-29 3.9154476774847794e-25
0.08111308307896856 1.0568183680189958e-35 2.455915667479182e-35 1.635665604063975e-34 1.737249247226222e-32 1.0500839632830877e-28 1.036859646030567e-24
0.11233240329780265 7.841558123798044e-36 1.8913204540352727e-35 1.6741462416442036e-34 3.80388817144465e-32 2.769442394935873e-28 2.749273724283353e-24
0.15556761439304723 5.822879155650405e-36 1.463003288966338e-35 1.8506136618876395e-34 8.912680131457007e-32 7.325796557844898e-28 7.295113094147877e-24
0.21544346900318778 4.327374054530935e-36 1.137449743084309e-35 2.2496417453897445e-34 2.1866532683275176e-31 1.9412176359449346e-27 1.9364887628601775e-23
0.2983647240283334 3.218714434412004e-36 8.895474852580785e-36 3.061838021052171e-34 5.529247679718383e-31 5.1490568695209386e-27 5.141317754898626e-23
0.41320124001153347 2.3962609563613618e-36 7.004599123983491e-36 4.729187819931661e-34 1.4253328939962778e-30 1.366534613038493e-26 1.3650350830444332e-22
0.572236765935022 1.7856816331128252e-36 5.5604752560098325e-36 8.315923036953177e-34 3.7185644045783286e-30 3.627708071288934e-26 3.623767286748403e-22
0.7924828983539153 1.3320462850652835e-36 4.4569528588404964e-36 1.646217987216938e-33 9.772722238247081e-30 9.631201047026707e-26 9.617221698156453e-22
1.0974987654930546 9.947406429354006e-37 3.614425886480966e-36 3.585251532606468e-33 2.5796896693849556e-29 2.556796842178438e-25 2.551079877721589e-21
1.5199110829529332 7.437187377742435e-37 2.973407545062196e-36 8.368713134778683e-33 6.82733895130535e-29 6.785910737394168e-25 6.762582077235821e-21
2.104904144512022 5.567401490320941e-37 2.4898452907321404e-36 2.0479988214260082e-32 1.8096522969919589e-28 1.800276631688706e-24 1.7915553314707136e-20
2.91505306282517 4.173323783590638e-37 2.131818467656138e-36 5.170132313376263e-32 4.800798429023764e-28 4.773400945815751e-24 4.7448446027199734e-20
4.03701725859655 3.1328735234485263e-37 1.877431263234731e-36 1.3313771499273901e-31 1.2741852042114662e-27 1.2649435989856164e-23 1.256823859554724e-19
5.5908101825122225 2.3555153232433476e-37 1.7139239928067102e-36 3.471217304835524e-31 3.382526160638228e-27 3.3508409541185037e-23 3.330047188047458e-19
7.742636826811277 1.7740620027975078e-37 1.6383730543274362e-36 9.119128377682923e-31 8.979647281957585e-27 8.87585051207614e-23 8.822948313541416e-19
10.72267222010321 1.3386175984716582e-37 1.661062400290874e-36 2.4066032171519428e-30 2.3835138947535627e-26 2.351360694288855e-22 2.3358019632291884e-18
14.849682622544636 1.0120994954337507e-37 1.8142685583568407e-36 6.368383115356046e-30 6.324820448360093e-26 6.228886492017027e-22 6.17094688533768e-18
20.565123083486515 7.669262455649359e-38 2.1733517666387255e-36 1.6878682406119596e-29 1.677598997331186e-25 1.648972016860112e-21 1.6232317818439145e-17
28.48035868435793 5.825662769787488e-38 2.9078514113042497e-36 4.4775210336079236e-29 4.447355074075863e-25 4.357169922244952e-21 4.2341776452013166e-17
39.44206059437648 4.4372270256164886e-38 4.4088002653219755e-36 1.18835656134566e-28 1.1784434661483396e-24 1.1467154805047247e-20 1.0874100142144075e-16
54.62277217684337 3.389883678133508e-38 7.612923342087887e-36 3.1546528598983456e-28 3.121684864628832e-24 2.9943817004168443e-20 2.716039935820924e-16
75.64633275546291 2.5984870789876573e-38 1.4835704193030747e-35 8.374727421541366e-28 8.268619350195414e-24 7.705534681658565e-20 6.473897739058225e-16
104.76157527896619 1.9994200152871193e-38 3.1924818190452204e-35 2.2229752346391232e-27 2.1900054425526815e-23 1.9314430083558347e-19 1.4368129516325855e-15
145.08287784959373 1.54510223827425e-38 7.389469628363183e-35 5.8989578015316324e-27 5.797647398735317e-23 4.630395367329404e-19 2.901467104327583e-15
200.92330025650458 1.1999112534594004e-38 1.7982059428433258e-34 1.5646934365599982e-26 1.5325836487040652e-22 1.0363068001500783e-18 5.279242840475113e-15
278.2559402207126 9.371502918737737e-39 4.522993347894578e-34 4.1481840842010013e-26 4.0379035593284063e-22 2.1143232026854015e-18 8.741625122987164e-15
385.352859371052 7.367934295076004e-39 1.1620488772909644e-33 1.0991993892346999e-25 1.0568093244277255e-21 3.88724399291279e-18 1.3481330938435673e-14
533.6699231206302 5.83808119353173e-39 3.0254284857730942e-33 2.9117943819233426e-25 2.731223857215091e-21 6.492230051934272e-18 1.984630428594124e-14
739.0722033525775 4.669074921286293e-39 7.941150576303454e-33 7.712616405007577e-25 6.898494088794832e-21 1.0072762744423957e-17 2.841752177495319e-14
1023.5310218990269 3.7762353766713845e-39 2.0946458024750052e-32 2.0427308271571303e-24 1.6748649776853882e-20 1.488334307600859e-17 4.006929340208657e-14
1417.474162926802 3.0962138306379554e-39 5.54119474208796e-32 5.407866954646467e-24 3.819352998759914e-20 2.1357169481963125e-17 5.603412342411355e-14
1963.0406500402685 2.5819724548002386e-39 1.468373512259666e-31 1.4296542033557203e-23 7.97989454558726e-20 3.014523838431347e-17 7.79239882784148e-14
2718.58824273294 2.1992081401491525e-39 3.894870406862028e-31 3.767374929009745e-23 1.5040278717368167e-19 4.2170008714154445e-17 1.0816362552008849e-13
3764.935806792456 1.923996034781348e-39 1.0336660572654359e-30 9.863520812916241e-23 2.565805295498667e-19 5.871057922311194e-17 1.4997382226556132e-13
5214.0082879996735 1.7416239267060446e-39 2.7439542835526126e-30 2.5508145965451544e-22 4.0419458164121205e-19 8.153438610486619e-17 2.0811733806358208e-13
7220.8090183854565 1.6468937031305446e-39 7.28447553991132e-30 6.450413540532178e-22 6.029935335117071e-19 1.1307720669769386e-16 2.8830222183286555e-13
10000.0 1.6467688460366297e-39 1.93363396338976e-29 1.5691665810154578e-21 8.701171648758273e-19 1.5672881656998952e-16 3.991154847564014e-13
