results/limits/MAQRO_l.dat
# %ECSV 1.0
# ---
# datatype:
# - {name: mx, unit: MeV, datatype: float64}
# - {name: sigma_10, unit: cm2, datatype: float64}
# - {name: sigma_9, unit: cm2, datatype: float64}
# - {name: sigma_7, unit: cm2, datatype: float64}
# - {name: sigma_6, unit: cm2, datatype: float64}
# - {name: sigma_5, unit: cm2, datatype: float64}
# - {name: sigma_4, unit: cm2, datatype: float64}
# - {name: sigma_3, unit: cm2, datatype: float64}
# - {name: sigma_2, unit: cm2, datatype: float64}
# schema: astropy-2.0
mx sigma_10 sigma_9 sigma_7 sigma_6 sigma_5 sigma_4 sigma_3 sigma_2
[from data line 239]
7.805350185866558e-05 1.8816020876256315e-35 2.0449110888569674e-35 3.109035837815501e-35 4.20276745059779e-35 6.480897754100619e-35 1.3548742966649928e-34 1.7107001380000447e-34 3.8334236394825416e-35
7.987344244870308e-05 1.8360489814978383e-35 1.9982588474308092e-35 3.0382055449463014e-35 4.1070244501146844e-35 6.333272102745752e-35 1.3240220320445186e-34 1.671804918243939e-34 3.74647830847411e-35
8.173581782606456e-05 1.791611828021505e-35 1.9526791558891729e-35 2.9689893755915607e-35 4.0134634102199994e-35 6.189011162546446e-35 1.2938731886509502e-34 1.6337978889153948e-34 3.661523420996967e-35
8.364161742479263e-05 1.7482633059580246e-35 1.908146485332506e-35 2.901350556728998e-35 3.9220346239207343e-35 6.048038290637898e-35 1.2644117468527536e-34 1.5966588579462054e-34 3.5785138449603034e-35
8.559185374914618e-05 1.7059767663914688e-35 1.8646359882673748e-35 2.83525315296716e-35 3.832689516344325e-35 5.910278588574753e-35 1.2356220552141689e-34 1.5603680944224825e-34 3.497405481954317e-35
8.758756291151902e-05 1.6647262163680636e-35 1.8221234769010534e-35 2.7706620485627085e-35 3.7453806209806623e-35 5.775658869492758e-35 1.207488818484167e-34 1.5249063181038298e-34 3.4181552437591025e-35
8.96298051829007e-05 1.6244863021697619e-35 1.7805854012258075e-35 2.707542927878296e-35 3.6600615528018216e-35 5.644107613142556e-35 1.17999709013375e-34 1.4902546891106147e-34 3.3407210265669503e-35
9.17196655561724e-05 1.5852322933589444e-35 1.7399988282588374e-35 2.6458622569939173e-35 3.576686983374216e-35 5.515554928374507e-35 1.153132263989239e-34 1.4563947982598013e-34 3.2650617034107234e-35
9.385825432253677e-05 1.5469400675405546e-35 1.7003414223928313e-35 2.5855872670253025e-35 3.4952126189453437e-35 5.389932520954248e-35 1.1268800686191388e-34 1.4233086566007868e-34 3.1911370727430753e-35
9.604670766138824e-05 1.5095860945378823e-35 1.661591425293241e-35 2.5266859348696893e-35 3.415595172956718e-35 5.267173647866561e-35 1.1012265556079803e-34 1.3909786865449767e-34 3.118907866687925e-35
9.828618824393714e-05 1.473147422098678e-35 1.6237276378952852e-35 2.4691269676515054e-35 3.33779234688831e-35 5.147213091018706e-35 1.0761580962286513e-34 1.359387712181212e-34 3.0483357153996516e-35
0.00010057788585090809 1.4376016612256515e-35 1.586729402208287e-35 2.412879785697324e-35 3.261762805879869e-35 5.02998711800894e-35 1.0516613720658625e-34 1.328518950224502e-34 2.9793831296493733e-35
0.00010292301800464121 1.402926972207658e-35 1.5505765842239343e-35 2.357914506329038e-35 3.187466157430892e-35 4.915433449915706e-35 1.0277233688524498e-34 1.2983560011010273e-34 2.912013480937016e-35
0.00010532283061593165 1.3691020505892767e-35 1.5152495569994537e-35 2.3042019275946737e-35 3.1148629291046e-35 4.803491226255752e-35 1.0043313685638907e-34 1.26888284019362e-34 2.846190982042809e-35
0.00010777859864595113 1.3361061140044828e-35 1.4807291850386667e-35 2.2517135134950167e-35 3.043914548911637e-35 4.6941009751248944e-35 9.81472943625654e-35 1.2400838095234174e-34 2.7818806680367377e-35
0.00011029162678360347 1.3039188889400041e-35 1.4469968089769268e-35 2.200421377942153e-35 2.9745833232073095e-35 4.587204579581609e-35 9.591359498348804e-35 1.2119436090532644e-34 2.7190483777370925e-35
0.00011286325013867351 1.2725205981989873e-35 1.4140342304372894e-35 2.1502982706627635e-35 2.9068324179793957e-35 4.482745248030168e-35 9.37308520017422e-35 1.1844472889211416e-34 2.6576607355735234e-35
0.00011549483495113791 1.2418919477095207e-35 1.381823698579134e-35 2.101317562430011e-35 2.840625838747805e-35 4.380667483324952e-35 9.159790577097241e-35 1.1575802413940092e-34 2.5976851338882486e-35
0.00011818777931701482 1.2120141153209816e-35 1.3503478962518007e-35 2.053453230946214e-35 2.7759284114965373e-35 4.2809170541799993e-35 8.951362309895034e-35 1.1313281929658511e-34 2.539089715641583e-35
0.0001209435139311377 1.1828687382947116e-35 1.3195899270152717e-35 2.0066798469459463e-35 2.7127057637433174e-35 4.1834409648041693e-35 8.747689664784935e-35 1.1056771970089532e-34 2.481843357526481e-35
0.00012376350284724815 1.1544379015558355e-35 1.289533302356577e-35 1.960972559681645e-35 2.650924305003501e-35 4.088187428440937e-35 8.548664434708726e-35 1.0806136261081134e-34 2.425915653442832e-35
0.00012664924425581149 1.1267041281641327e-35 1.2601619319901617e-35 1.9163070889093987e-35 2.5905512173044836e-35 3.995105838442237e-35 8.35418088060906e-35 1.0561241651920509e-34 2.371276898423363e-35
0.00012960227127996844 1.0996503648239721e-35 1.231460108113675e-35 1.872659701966578e-35 2.531554420554945e-35 3.904146743117279e-35 8.164135677757811e-35 1.0321958039491767e-34 2.3178980727493205e-35
0.00013262415279004548 1.0732599744444075e-35 1.203412498590639e-35 1.830007210719732e-35 2.4739025727790714e-35 3.815261816999843e-35 7.978427857775809e-35 1.008815830387184e-34 2.2657508270166753e-35
0.00013571649423705693 1.0475167242626091e-35 1.176004134717275e-35 1.7883269552443698e-35 2.417565044398535e-35 3.7284038371127497e-35 7.796958756054263e-35 9.859718238310054e-35 2.2148074663454282e-35
0.0001388809385056415 1.0224047754651706e-35 1.1492204009495057e-35 1.7475967913358812e-35 2.362511904870697e-35 3.643526658261531e-35 7.619631964872794e-35 9.63651648409772e-35 2.165040936425223e-35
0.00014211916678688624 9.979086735384844e-36 1.1230470257461405e-35 1.7077950799335066e-35 2.3087139052256842e-35 3.560585185954969e-35 7.446353269846442e-35 9.418434465815551e-35 2.1164248088335212e-35
0.00014543289947150178 9.74013338749205e-36 1.0974700720740648e-35 1.6689006752195616e-35 2.2561424636549752e-35 3.479535354931173e-35 7.277030611092784e-35 9.205356328503236e-35 2.0689332671892101e-35
0.0001488238970638237 9.507040560098309e-36 1.0724759285544703e-35 1.6308929133697638e-35 2.2047696499249105e-35 3.4003341047004866e-35 7.111574029602897e-35 8.997168876168307e-35 2.0225410936688538e-35
0.00015229396111712465 9.27966466174726e-36 1.0480513006943627e-35 1.593751601435418e-35 2.154568170283186e-35 3.322939356064833e-35 6.94989562125079e-35 8.793761511504673e-35 1.9772236549208235e-35
0.00015584493519073535 9.057865570723085e-36 1.0241832031194511e-35 1.5574570075153817e-35 2.10551135460299e-35 3.24730999297351e-35 6.791909487218587e-35 8.595026177352744e-35 1.932956889863085e-35
0.00015947870582948208 8.841506540070167e-36 1.0008589506275347e-35 1.5219898480792178e-35 2.0575731382048114e-35 3.1734058306912554e-35 6.637531684895758e-35 8.400857299349016e-35 1.8897172970174526e-35
0.00016319720356596128 8.630454122602154e-36 9.780661518829044e-36 1.4873312808398516e-35 2.010728053706403e-35 3.101187608276823e-35 6.486680213854601e-35 8.211151729674528e-35 1.8474819211398195e-35
0.00016700240394618395 8.424578079072337e-36 9.557927009509655e-36 1.4534628922510242e-35 1.9649512129382532e-35 3.0306169568281235e-35 6.339274908377479e-35 8.025808692480903e-35 1.8062283421398783e-35
0.00017089632857913436 8.223751297584889e-36 9.340267702463794e-36 1.4203666879027326e-35 1.920218294354571e-35 2.961656380605165e-35 6.19523745913755e-35 7.84472973035046e-35 1.7659346627770317e-35
0.000174881046210801 8.027849721656949e-36 9.127568045370869e-36 1.3880250850168843e-35 1.8765055323292487e-35 2.894269242418212e-35 6.054491339562482e-35 7.667818652012447e-35 1.7265794971471777e-35
0.00017895867382325032 7.836752263415558e-36 8.919715131772058e-36 1.3564209005314163e-35 1.8337897029039e-35 2.8284197401386375e-35 5.9169617716179e-35 7.494981481321247e-35 1.6881419595278484e-35
0.0001831313777593269 7.650340736902391e-36 8.716598644179004e-36 1.3255373436991103e-35 1.7920481115274508e-35 2.7640728881771666e-35 5.782575685098023e-35 7.326126407363371e-35 1.6506016533271844e-35
0.00018740137487357792 7.468499779522287e-36 8.51811078746851e-36 1.2953580064859104e-35 1.7512585813288164e-35 2.7011944993568377e-35 5.651261680624148e-35 7.161163735807378e-35 1.613938660352651e-35
0.00019177093371001327 7.291116788120083e-36 8.32414623592384e-36 1.2658668549986695e-35 1.711399441126448e-35 2.639751166473086e-35 5.522949989929792e-35 7.000005841217604e-35 1.578133530386544e-35
0.000196242375707327 7.11808183903002e-36 8.13460206054056e-36 1.237048220821085e-35 1.67244951397392e-35 2.579710244515604e-35 5.397572439825111e-35 6.842567120619562e-35 1.543167271027506e-35
0.00020081807643222024 6.949287632336076e-36 7.949377686713548e-36 1.2088867929016465e-35 1.6343881059667453e-35 2.5210398336695664e-35 5.275062415551254e-35 6.688763948163631e-35 1.5090213376134958e-35
0.00020550046684148122 6.78462942136147e-36 7.768374831746725e-36 1.1813676092813219e-35 1.597194995199297e-35 2.4637087620046963e-35 5.155354825723482e-35 6.538514630652042e-35 1.4756776236583167e-35
0.0002102920345734925 6.624004950663636e-36 7.591497452720255e-36 1.1544760491631976e-35 1.5608504209372866e-35 2.4076865689877557e-35 5.038386066943804e-35 6.391739364092143e-35 1.4431184513802382e-35
0.0002151953252698519 6.467314395111556e-36 7.41865169450405e-36 1.128197825156938e-35 1.5253350732211737e-35 2.3529434892747344e-35 4.924093990958839e-35 6.248360192564423e-35 1.4113265623649054e-35
0.00022021294392780895 6.314460300324685e-36 7.249745838752821e-36 1.1025189757012558e-35 1.4906300826240884e-35 2.299450437139603e-35 4.812417871053941e-35 6.108300964454548e-35 1.3802851087656444e-35
0.00022534755628423554 6.165347526739734e-36 7.084690256524566e-36 1.077425857619608e-35 1.4567170100949233e-35 2.2471789906164935e-35 4.7032983696749744e-35 5.971487294590614e-35 1.3499776444161418e-35
0.0002306018902318662 6.019883190704727e-36 6.923397355902001e-36 1.052905138839276e-35 1.4235778372634659e-35 2.1961013766609015e-35 4.596677507252995e-35 5.837846523562323e-35 1.320388116392674e-35
0.00023597873726856003 5.8779766144249636e-36 6.765781540178066e-36 1.0289437913806084e-35 1.391194956813121e-35 2.1461904562661953e-35 4.492498631009843e-35 5.707307679530677e-35 1.291500856688132e-35
0.0002414809539803547 5.7395392716263555e-36 6.611759159333612e-36 1.0055290844047613e-35 1.3595511631856897e-35 2.0974197102182375e-35 4.3907063856634905e-35 5.579801440726362e-35 1.2633005741564335e-35
0.0002471114635590999 5.604484737871748e-36 6.4612484661737e-36 9.826485773659739e-36 1.3286296432757892e-35 2.0497632244621926e-35 4.291246682093152e-35 5.455260098507721e-35 1.2357723466355365e-35
0.00025287325735547713 5.4727286418681176e-36 6.314169573548867e-36 9.602901135776824e-36 1.2984139678048285e-35 2.0031956773737547e-35 4.1940666707466686e-35 5.333617521845e-35 1.2089016133607465e-35
0.00025876939646823026 5.344188616835428e-36 6.170444409336776e-36 9.384418131192158e-36 1.268888081397842e-35 1.9576923248767925e-35 4.099114712226467e-35 5.214809122196015e-35 1.1826741674654891e-35
0.00026480301337045197 5.218784261774112e-36 6.029996684402637e-36 9.170920686789473e-36 1.2400362980833198e-35 1.9132289884440123e-35 4.0063403502436726e-35 5.098771819364692e-35 1.1570761488359875e-35
0.000270977313573789 5.096437084885281e-36 5.892751835331328e-36 8.962295353843291e-36 1.2118432855360917e-35 1.8697820417558088e-35 3.9156942844449134e-35 4.985444007439869e-35 1.1320940370760559e-35
0.00027729557733145163 4.977070472381383e-36 5.7586370000079044e-36 8.758431287015515e-36 1.1842940641920769e-35 1.8273283982291185e-35 3.8271283447675683e-35 4.874765526157607e-35 1.1077146447161256e-35
0.00028376116138093086 4.8606096465141534e-36 5.627580977850312e-36 8.55922016516454e-36 1.1573739955327146e-35 1.785845498412149e-35 3.740595464472213e-35 4.766677621313386e-35 1.0839251106190824e-35
0.0002903775007273506 4.7469816175543796e-36 5.4995141809360875e-36 8.364556139694454e-36 1.1310687754054199e-35 1.7453112988944968e-35 3.656049658250784e-35 4.6611229216912603e-35 1.0607128937946462e-35
0.00029714811046840066 4.636115154303387e-36 5.3743686090225624e-36 8.174335773938205e-36 1.105364425619717e-35 1.7057042586829013e-35 3.5734459902245464e-35 4.558045404617688e-35 1.0380657661285421e-35
0.00030407658766182135 4.52794074422711e-36 5.252077809828754e-36 7.988457994900448e-36 1.080247287745881e-35 1.6670033306773872e-35 3.492740566115363e-35 4.4573903678180223e-35 1.0159718087437817e-35
0.00031116661323643183 4.422390557309666e-36 5.1325768434954545e-36 7.806824035247403e-36 1.0557040150707435e-35 1.6291879486164194e-35 3.4138904851905037e-35 4.3591043991610784e-35 9.944194035817642e-36
0.0003184219539477161 4.319398409872796e-36 5.015802246262794e-36 7.629337376000383e-36 1.0317215646235226e-35 1.5922380140240276e-35 3.3368538403262073e-35 4.263135353248244e-35 9.733972294165027e-36
0.00032584646437900766 4.2188997341518106e-36 4.9016920012443476e-36 7.455903705054003e-36 1.0082871920385055e-35 1.5561338899298882e-35 3.261589683846671e-35 4.1694323153300065e-35 9.528942559975263e-36
0.00033344408898933415 4.120831543869035e-36 4.790185503236897e-36 7.286430861316659e-36 9.853884437300867e-36 1.5208563876709917e-35 3.18805800873803e-35 4.0779455831920034e-35 9.32899738889998e-36
0.0003412188642090111 4.02513240256395e-36 4.6812235267396107e-36 7.120828785714014e-36 9.630131502853568e-36 1.4863867570114045e-35 3.116219725874668e-35 3.988626636867833e-35 9.134032145260928e-36
0.0003491749205840977 3.93174239106924e-36 4.574748192394218e-36 6.959009467992178e-36 9.411494205020067e-36 1.4527066771811325e-35 3.046036648072409e-35 3.9014281140368247e-35 8.943944954104006e-36
0.0003573164849708539 3.840603089000215e-36 4.470702952063831e-36 6.800886936115327e-36 9.197856341272943e-36 1.4197982450015385e-35 2.9774714600263954e-35 3.8163037853495306e-35 8.758636655091093e-36
0.0003656478827813646 3.751657518142594e-36 4.369032522061944e-36 6.646377125163095e-36 8.98910436595984e-36 1.387643967511767e-35 2.910487707836693e-35 3.7332085303324255e-35 8.578010760849261e-36
0.0003741735402815245 3.664850150930052e-36 4.2696829043665625e-36 6.495397949318785e-36 8.785127325355845e-36 1.3562267515861346e-35 2.845049775767281e-35 3.6520983137976875e-35 8.401973411251751e-36
0.0003828979869426037 3.580126846299586e-36 4.172601309339844e-36 6.347869145477996e-36 8.585816798323523e-36 1.3255298947645676e-35 2.7811228659509467e-35 3.5729301631010725e-35 8.230433337991647e-36
0.000391825857847644 3.497434847246794e-36 4.077736162070927e-36 6.203712309629404e-36 8.391066839612009e-36 1.2955370767681827e-35 2.718672982058876e-35 3.4956621457618567e-35 8.06330182520861e-36
0.000400961896153964 3.416722742520357e-36 3.9850370601465287e-36 6.062850820962778e-36 8.200773924681082e-36 1.2662323502545953e-35 2.6576669098083106e-35 3.42025334781951e-35 7.900492674879132e-36
0.0004103109556130814 3.3379404396817116e-36 3.8944547469469424e-36 5.925209800781049e-36 8.014836881342484e-36 1.2376001308557356e-35 2.59807219959091e-35 3.3466638527159414e-35 7.741922173410625e-36
0.0004198780031493915 3.261039146819412e-36 3.8059410969137745e-36 5.790716098810721e-36 7.833156883800529e-36 1.2096251986134366e-35 2.5398571488544413e-35 3.274854720774516e-35 7.587509061452516e-36
0.00042966812149897106 3.185971330616364e-36 3.719449068868289e-36 5.6592982055164783e-36 7.65563731064146e-36 1.1822926693970004e-35 2.482990785203732e-35 3.2047879691593454e-35 7.437174505189465e-36
0.000439686511909911 3.112690705333962e-36 3.634932701690505e-36 5.5308862615772593e-36 7.48218378078784e-36 1.1555880076530819e-35 2.427442849932645e-35 3.136426552823972e-35 7.290842070524363e-36
0.0004499384969056106 3.041152199260412e-36 3.5523470796946736e-36 5.4054119969048675e-36 7.312704059114813e-36 1.1294970081357797e-35 2.373183781247494e-35 3.0697343449296434e-35 7.148437699440277e-36
0.00046042952311250296 2.9713119301081992e-36 3.471648310420422e-36 5.2828086984229323e-36 7.147108015477952e-36 1.1040057902989594e-35 2.3201846980664637e-35 3.0046761192007265e-35 7.00988968913679e-36
0.0004711651641537129 2.9031271800800144e-36 3.392793502516989e-36 5.163011176458992e-36 6.985307580103353e-36 1.0791007916592444e-35 2.2684173881643954e-35 2.941217532106235e-35 6.875128673405228e-36
