results/limits/MAQRO_h.dat
# %ECSV 1.0
# ---
# datatype:
# - {name: mx, unit: MeV, datatype: float64}
# - {name: sigma, unit: cm2, datatype: float64}
# schema: astropy-2.0
mx sigma
3.162277660168379e-07 inf
3.2360111549336787e-07 inf
3.311463862505236e-07 inf
3.388675869043115e-07 inf
3.4676881953794695e-07 inf
3.548542818811901e-07 inf
3.6312826954049566e-07 inf
3.715951782811629e-07 inf
3.8025950636269697e-07 inf
3.89125856928623e-07 inf
3.9819894045202297e-07 inf
4.0748357723809307e-07 inf
4.169846999850535e-07 inf
4.2670735640476865e-07 inf
4.3665671190447213e-07 inf
4.4683805233101997e-07 inf
4.572567867791303e-07 inf
4.6791845046510194e-07 inf
4.788287076675383e-07 inf
4.899933547366384e-07 inf
5.014183231736547e-07 inf
5.131096827821533e-07 inf
5.250736448927506e-07 inf
5.373165656630395e-07 inf
5.4984494945446e-07 inf
5.626654522879044e-07 inf
5.757848853798981e-07 inf
5.892102187612295e-07 inf
6.029485849799565e-07 inf
6.17007282890752e-07 inf
6.313937815326057e-07 inf
6.461157240969403e-07 inf
6.611809319882495e-07 inf
6.765974089794179e-07 inf
6.923733454639272e-07 inf
7.085171228072106e-07 inf
7.250373177994646e-07 inf
7.419427072122865e-07 inf
7.592422724615558e-07 inf
7.769452043790388e-07 inf
7.950609080952509e-07 inf
8.135990080361694e-07 inf
8.325693530364543e-07 inf
8.519820215718901e-07 inf
8.718473271138315e-07 inf
8.921758236084957e-07 inf
9.12978311084014e-07 inf
9.342658413882192e-07 inf
9.560497240602198e-07 inf
9.78341532338879e-07 inf
1.0011531093113902e-06 inf
1.0244965742052174e-06 1.3453821344218566e-31
1.048384328826741e-06 2.760838441070554e-32
1.0728290641500308e-06 1.4520138414427133e-32
1.0978437670592484e-06 9.459880787458071e-33
1.1234417272482566e-06 6.802729832238565e-33
1.149636544281106e-06 5.183607153441111e-33
1.1764421348171486e-06 4.106161716577622e-33
1.2038727400046132e-06 3.346329641931615e-33
1.2319429330465773e-06 2.788048243599141e-33
1.2606676269433496e-06 2.3651610828669515e-33
1.2900620824153782e-06 2.037209296789498e-33
1.3201419160108953e-06 1.7780835757658925e-33
1.3509231084026028e-06 1.5702086088701096e-33
1.38242201287781e-06 1.4013462453073764e-33
1.4146553640265304e-06 1.2627357097747827e-33
1.447640286632156e-06 1.1479599258230004e-33
1.4813943047694329e-06 1.0522269220921465e-33
1.5159353511145682e-06 9.718990329166669e-34
1.5512817764724183e-06 9.041756104301173e-34
1.587452359525819e-06 8.468739290174842e-34
1.6244663168122348e-06 7.982746683401456e-34
1.6623433129330315e-06 7.570109138576333e-34
1.7011034710007933e-06 7.2198711699083226e-34
1.740767383330235e-06 6.923190754569911e-34
1.7813561223783898e-06 6.672889123808726e-34
1.8228912519398869e-06 6.463109202895382e-34
1.8653948386032614e-06 6.289053830229796e-34
1.908889463474389e-06 6.146783281654655e-34
1.9533982341732686e-06 6.0330573771836074e-34
1.9989447971105317e-06 5.945211449003425e-34
2.045553350050195e-06 5.88105827384256e-34
2.0932486549653353e-06 5.83881009210462e-34
2.1420560511935146e-06 5.817016297236073e-34
2.192001468898943e-06 5.814513447587934e-34
2.2431114428485372e-06 5.830385042801378e-34
2.2954131265091837e-06 5.863929095830959e-34
2.3489343064737076e-06 5.914631974963214e-34
2.403703417223201e-06 5.9821473264349985e-34
2.4597495562335635e-06 6.0662791453054206e-34
2.5171024994342686e-06 6.166968260180851e-34
2.575792717027583e-06 6.284281650891931e-34
2.635851389676631e-06 6.418404138058176e-34
2.6973104250709106e-06 6.569632077648362e-34
2.760202474878063e-06 6.738368768129618e-34
2.8245609520908932e-06 6.925121337094864e-34
2.8904200487788716e-06 7.130498921774963e-34
2.9578147542535346e-06 7.3552119961799135e-34
3.026780873657441e-06 7.600072728767135e-34
3.097355046986562e-06 7.865996280045977e-34
3.1695747685562034e-06 8.154002970591198e-34
3.2434784069208122e-06 8.465221267489845e-34
3.319105225258239e-06 8.800891552018405e-34
3.3964954022292982e-06 9.162370643920621e-34
3.4756900533236943e-06 9.551137068491233e-34
3.5567312527036693e-06 9.968797062135123e-34
3.6396620555569646e-06 1.0417091320461038e-33
3.7245265209709786e-06 1.0897902500524171e-33
3.811369735340273e-06 1.1413263495748016e-33
3.900237836319859e-06 1.1965366508493959e-33
3.991178037336996e-06 1.2556572951341257e-33
4.0842386526745176e-06 1.3189424214002106e-33
4.179469123139017e-06 1.3866653338522394e-33
4.2769200423275275e-06 1.45911976510899e-33
4.376643183506652e-06 1.5366212404460697e-33
4.478691527118417e-06 1.6195085490783955e-33
4.583119288927478e-06 1.7081453290513945e-33
4.689981948824612e-06 1.802921772919702e-33
4.799336280301815e-06 1.9042564620262057e-33
4.911240380614659e-06 2.0125983378570152e-33
5.0257537016479225e-06 2.1284288196440506e-33
5.142937081500915e-06 2.2522640781208843e-33
5.262852776809252e-06 2.3846574761135638e-33
5.385564495820272e-06 2.526202187471132e-33
5.511137432239651e-06 2.677534006714829e-33
5.639638299867211e-06 2.8393343627154052e-33
5.771135368040315e-06 3.0123335506993976e-33
5.905698497903673e-06 3.1973141979428425e-33
6.043399179524854e-06 3.395114979640005e-33
6.184310569875183e-06 2.9192888149647405e-33
6.32850753169624e-06 2.4305296214885866e-33
6.47606667327258e-06 2.0310359264394647e-33
6.627066389131828e-06 1.7062148418046203e-33
6.781586901693754e-06 1.4426272382994686e-33
6.939710303890459e-06 1.2286275961827825e-33
7.101520602780329e-06 1.0544992938267589e-33
7.267103764178904e-06 9.123260292971585e-34
7.436547758330399e-06 7.957526523910892e-34
7.609942606644117e-06 6.997211026714047e-34
7.787380429520604e-06 6.202233832851019e-34
7.968955495292936e-06 5.540882414540042e-34
8.15476427030917e-06 4.988050304475501e-34
8.344905470182516e-06 4.52382106803998e-34
8.539480112236516e-06 4.132348190395211e-34
8.738591569173047e-06 3.800977480908538e-34
8.942345623991688e-06 3.5195630660523445e-34
9.150850526189614e-06 3.279935470463516e-34
9.364217049271877e-06 3.0754880559181907e-34
9.58255854960264e-06 2.900855087471935e-34
9.805991026628606e-06 2.7516605657765006e-34
1.0034633184506672e-05 2.6243216945481793e-34
1.0268606495168497e-05 2.515894574071828e-34
1.0508035262855554e-05 2.423952598059773e-34
1.07530466901589e-05 2.346490250140624e-34
1.1003770945598772e-05 2.281846693604342e-34
1.1260341232779899e-05 2.228644843283989e-34
1.1522893861159297e-05 2.1857425962936517e-34
1.1791568318464117e-05 2.152193652268623e-34
1.206650734479802e-05 2.1272159301104224e-34
1.2347857008475478e-05 2.1101660298811013e-34
1.263576678362426e-05 2.1005185278704394e-34
1.293038962959737e-05 2.097849154494286e-34
1.3231882072236462e-05 2.1018211070869322e-34
1.3540404287030327e-05 2.112173906811969e-34
1.3856120184212054e-05 2.1287143314172514e-34
1.4179197495840522e-05 2.151309051422689e-34
1.4509807864912299e-05 2.1798786726518433e-34
1.484812693655133e-05 2.214392947446618e-34
1.5194334451324849e-05 2.2548669639914743e-34
1.5548614340735104e-05 2.3013581606446056e-34
1.5911154824937624e-05 2.353964042126036e-34
1.6282148512737936e-05 2.378125150442599e-34
1.6661792503919872e-05 2.3635623902078323e-34
1.7050288493959805e-05 2.341830555586504e-34
1.7447842881182494e-05 2.3120804103657636e-34
1.785466687641539e-05 2.2739243612322006e-34
1.8270976615199758e-05 2.2274779930242813e-34
1.869699327261814e-05 2.1733492115332826e-34
1.91329431807992e-05 2.1125742236098997e-34
1.957905794916243e-05 2.0465107275360897e-34
2.003557458746648e-05 1.9767068628845428e-34
2.0502735631726606e-05 1.9047673317143213e-34
2.0980789273068064e-05 1.8322354611284583e-34
2.1469989489583918e-05 1.7605035733707338e-34
2.1970596181267336e-05 1.6907564564811838e-34
2.2482875308090033e-05 1.623946238350727e-34
2.3007099031300245e-05 1.5607927834680263e-34
2.354354585801526e-05 1.501802007393191e-34
2.4092500789185385e-05 1.4472946911546055e-34
2.4654255471007912e-05 1.3974396840372916e-34
2.5229108349871537e-05 1.3522871000784071e-34
2.5817364830913554e-05 1.3117987614283248e-34
2.641933744027406e-05 1.2758744766972174e-34
2.7035345991133382e-05 1.2443736956682271e-34
2.7665717753620915e-05 1.2171326861287372e-34
2.8310787628685666e-05 1.1939777098888856e-34
2.8970898326020842e-05 1.1747348155210228e-34
2.964640054613707e-05 1.1592368854518059e-34
3.033765316668089e-05 1.1473285276861298e-34
3.104502343309761e-05 1.1313654016008956e-34
3.176888715373972e-05 1.104157481044044e-34
3.25096288995246e-05 1.0783479072476823e-34
3.326764220824756e-05 1.0535646165136276e-34
3.4043329793658724e-05 1.0295119447456422e-34
3.483710375941493e-05 1.005970867174875e-34
3.5649385818020195e-05 9.827970457803062e-35
3.648060751487119e-05 9.599162120490147e-35
3.73312104575266e-05 9.373168326658784e-35
3.820164655032238e-05 9.150404289261868e-35
3.90923782344573e-05 8.931702658940889e-35
4.0003878733676586e-05 8.71819332280395e-35
4.093663230568398e-05 8.511185701446547e-35
4.1891134499415887e-05 8.312061982812472e-35
4.2867892418314344e-05 8.122187492670312e-35
4.386742498973848e-05 7.942841670137631e-35
4.489026324065786e-05 7.775170458272383e-35
4.5936950579773975e-05 7.620158746474e-35
4.700804308621986e-05 7.478620022311278e-35
4.8104109804991236e-05 7.351199628013196e-35
4.922573304926602e-05 7.23838786366767e-35
5.0373508709772956e-05 7.045824133247823e-35
5.154804657137365e-05 6.855774032296726e-35
5.27499706370262e-05 6.674655214479254e-35
5.397991945930254e-05 6.501772977022674e-35
5.5238546479635675e-05 6.336572155155546e-35
5.6526520375476976e-05 6.178643341276593e-35
5.784452541554797e-05 6.027720904019217e-35
5.9193261823375433e-05 5.883673466477862e-35
6.057344614930286e-05 5.746488172763615e-35
6.198581165117595e-05 5.616250533961675e-35
6.34311086839044e-05 5.493121860939014e-35
6.491010509810695e-05 5.377316261004897e-35
6.642358664805138e-05 5.269078933592111e-35
6.797235740910648e-05 5.168667109915152e-35
6.955724020492732e-05 5.076334518598176e-35
7.117907704460117e-05 4.979101832786079e-35
7.283872956998614e-05 4.847872618896903e-35
7.453707951348025e-05 4.7224571038130223e-35
7.627502916646401e-05 4.602624722597276e-35
7.805350185866558e-05 4.4882132251346103e-35
7.987344244870308e-05 4.379123224968848e-35
8.173581782606456e-05 4.2753117172269005e-35
8.364161742479263e-05 4.1767845027139686e-35
8.559185374914618e-05 4.083587719258101e-35
8.758756291151902e-05 3.9957988683327626e-35
8.96298051829007e-05 3.913517823868472e-35
9.17196655561724e-05 3.836858323788432e-35
9.385825432253677e-05 3.7659403875251454e-35
9.604670766138824e-05 3.675923795301005e-35
9.828618824393714e-05 3.5827142839031533e-35
0.00010057788585090809 3.49379767169434e-35
0.00010292301800464121 3.4090847991790096e-35
0.00010532283061593165 3.3285287301894353e-35
0.00010777859864595113 3.2521183882504237e-35
0.00011029162678360347 3.179872056694108e-35
0.00011286325013867351 3.111830910356625e-35
0.00011549483495113791 3.048052795666679e-35
0.00011818777931701482 2.9886064879714083e-35
0.0001209435139311377 2.919889995115113e-35
0.00012376350284724815 2.8477010740953485e-35
0.00012664924425581149 2.778966778879592e-35
0.00012960227127996844 2.7136414774240343e-35
0.00013262415279004548 2.651707925551279e-35
0.00013571649423705693 2.5931721590997903e-35
0.0001388809385056415 2.5380584952776846e-35
0.00014211916678688624 2.486404784866787e-35
0.00014543289947150178 2.4318427600725214e-35
0.0001488238970638237 2.3730266617277888e-35
0.00015229396111712465 2.3171166683078672e-35
0.00015584493519073535 2.2640874536746455e-35
0.00015947870582948208 2.213934314512003e-35
0.00016319720356596128 2.1666690492550373e-35
0.00016700240394618395 2.122316032996644e-35
0.00017089632857913436 2.0725862639568525e-35
0.000174881046210801 2.0242625560606847e-35
0.00017895867382325032 1.9784595118725137e-35
0.0001831313777593269 1.935173137969367e-35
0.00018740137487357792 1.8944132425090252e-35
0.00019177093371001327 1.851989799025276e-35
0.000196242375707327 1.8095642861037975e-35
0.00020081807643222024 1.7694036037770413e-35
0.00020550046684148122 1.7315081532659036e-35
0.0002102920345734925 1.693255782317162e-35
0.0002151953252698519 1.6552868518264486e-35
0.00022021294392780895 1.6194059641675137e-35
0.00022534755628423554 1.583822969837092e-35
0.0002306018902318662 1.5491324477577336e-35
0.00023597873726856003 1.5152964245949451e-35
0.0002414809539803547 1.482261688410361e-35
0.0002471114635590999 1.4499432344147526e-35
0.00025287325735547713 1.4187233589785495e-35
0.00025876939646823026 1.3876729863950965e-35
0.00026480301337045197 1.357797091390193e-35
0.000270977313573789 1.3288348727852227e-35
0.00027729557733145163 1.2997323938089384e-35
0.00028376116138093086 1.2722411328787762e-35
0.0002903775007273506 1.2452149739720007e-35
0.00029714811046840066 1.2181520158164706e-35
0.00030407658766182135 1.1925877717044454e-35
0.00031116661323643183 1.1677432485270836e-35
0.0003184219539477161 1.1424881259238141e-35
0.00032584646437900766 1.1186220531952642e-35
0.00033344408898933415 1.0958935336687236e-35
0.0003412188642090111 1.0723574959278561e-35
0.0003491749205840977 1.0501090666747071e-35
0.0003573164849708539 1.0291508809564741e-35
0.0003656478827813646 1.0073551030012302e-35
0.0003741735402815245 9.867404342961808e-36
0.0003828979869426037 9.671720153296048e-36
0.000391825857847644 9.471409889962479e-36
0.000400961896153964 9.282308000914481e-36
0.0004103109556130814 9.097326383745672e-36
0.0004198780031493915 8.915598599778303e-36
0.00042966812149897106 8.741587481263432e-36
0.000439686511909911 8.569220042633161e-36
0.0004499384969056106 8.403364248599594e-36
0.00046042952311250296 8.242141774427386e-36
0.0004711651641537129 8.084275336687526e-36
0.00048215112361018567 7.931285959905738e-36
0.0004933932380508582 7.782746262373984e-36
0.0005048974801334842 7.638190641846185e-36
0.0005166699617777604 7.497220446592298e-36
0.0005287169374124361 7.361709084001249e-36
0.0005410448072981404 7.229042673988141e-36
0.0005536601209276797 7.100843919757725e-36
0.0005665695805056229 6.976872387729072e-36
0.0005797800445090163 6.855927220588466e-36
0.0005932985313311235 6.740143613915569e-36
0.000607132223010125 6.626360817809676e-36
0.0006212884690447563 6.518261848366691e-36
0.0006357747902989163 6.411826199267465e-36
0.0006505988829973161 6.310104268195254e-36
0.0006657686228142928 6.21228922310607e-36
0.0006812920690579615 6.117171422867116e-36
0.0006971774689519261 6.02592631415427e-36
0.0007134332620168255 5.938118945252062e-36
0.0007300680845540431 5.85388886704149e-36
0.0007470907742339592 5.773038256634915e-36
0.0007645103747911887 5.6957126807353515e-36
0.0007823361408292924 5.6215187687436876e-36
0.00080057754273752 5.5506713691042955e-36
0.0008192442717221943 5.483381610254443e-36
0.0008383462449554094 5.419655137680627e-36
0.0008578936108437789 5.3592848027439174e-36
0.0008778967544200344 5.30197189455158e-36
0.000898366302860337 5.248200238862947e-36
0.0009193131311302326 5.197906582974869e-36
0.0009407483677622533 5.150991609239515e-36
0.000962683400768232 5.1075346793095265e-36
0.000985129883689471 5.067606966424277e-36
0.0010080997417879817 5.03110059402515e-36
0.0010316051783820807 4.9981898111640794e-36
0.0010556586813297128 4.968898261125473e-36
0.0010802730296629402 4.9432703362360637e-36
0.001105461300377127 4.921359054097205e-36
0.0011312368753784248 4.903236052597605e-36
0.0011576134485932472 4.889005626907655e-36
0.0011846050332435167 4.878703286005486e-36
0.0012122259692915415 4.8724403271748844e-36
0.0012404909310584848 4.870362709915214e-36
0.0012694149350204683 4.8724925375704525e-36
0.0012990133477864558 4.8790350476644864e-36
0.0013293018942621524 4.8901143039820275e-36
0.001360296666004259 4.9058658339636476e-36
0.001392014129769518 4.9264227319184244e-36
0.0014244711362630968 4.951997184744164e-36
0.0014576849290909482 4.9827574468369014e-36
0.0014916731539209149 5.018914526901395e-36
0.0015264538678574353 5.0606671019379974e-36
0.0015620455490348386 5.108250474462318e-36
0.0015984671064343198 5.1619296700714446e-36
0.0016357378899298156 5.2219748640706327e-36
0.0016738777005681136 5.288669180355975e-36
0.0017129068010886602 5.362316150944268e-36
0.0017528459266886532 5.443252266386995e-36
0.00179371629603914 5.531833145167798e-36
0.0018355396225579732 5.6284366417012925e-36
0.0018783381259456144 5.7334680078178806e-36
0.0019221345439899109 5.8473602322630716e-36
