results/limits/MAQRO_f_6_phase.dat
# %ECSV 1.0
# ---
# datatype:
# - {name: mx, unit: MeV, datatype: float64}
# - {name: sigma_6, unit: cm2, datatype: float64}
# schema: astropy-2.0
mx sigma_6
3.162277660168379e-07 2.622315973362841e-37
3.2360111549336787e-07 2.6223161321154683e-37
3.311463862505236e-07 2.6223162983575365e-37
3.388675869043115e-07 2.622316472442371e-37
3.4676881953794695e-07 2.622316654739971e-37
3.548542818811901e-07 2.6223168456377873e-37
3.6312826954049566e-07 2.6223170455415496e-37
3.715951782811629e-07 2.6223172548761296e-37
3.8025950636269697e-07 2.6223174740864458e-37
3.89125856928623e-07 2.6223177036384023e-37
3.9819894045202297e-07 2.6223179440198794e-37
4.0748357723809307e-07 2.6223181957417827e-37
4.169846999850535e-07 2.622318459339116e-37
4.2670735640476865e-07 2.6223187353721237e-37
4.3665671190447213e-07 2.6223190244274793e-37
4.4683805233101997e-07 2.622319327119532e-37
4.572567867791303e-07 2.6223196440916275e-37
4.6791845046510194e-07 2.6223199760174387e-37
4.788287076675383e-07 2.62232032360244e-37
4.899933547366384e-07 2.62232068758538e-37
5.014183231736547e-07 2.622321068739861e-37
5.131096827821533e-07 2.6223214678759753e-37
5.250736448927506e-07 2.622321885842041e-37
5.373165656630395e-07 2.6223223235263923e-37
5.4984494945446e-07 2.6223227818592708e-37
5.626654522879044e-07 2.6223232618148045e-37
5.757848853798981e-07 2.6223237644130887e-37
5.892102187612295e-07 2.6223242907223198e-37
6.029485849799565e-07 2.6223248418611095e-37
6.17007282890752e-07 2.6223254190008357e-37
6.313937815326057e-07 2.622326023368127e-37
6.461157240969403e-07 2.622326656247495e-37
6.611809319882495e-07 2.622327318984049e-37
6.765974089794179e-07 2.622328012986334e-37
6.923733454639272e-07 2.622328739729376e-37
7.085171228072106e-07 2.622329500757778e-37
7.250373177994646e-07 2.6223302976889864e-37
7.419427072122865e-07 2.6223311322167958e-37
7.592422724615558e-07 2.622332006114868e-37
7.769452043790388e-07 2.6223329212405673e-37
7.950609080952509e-07 2.622333879538872e-37
8.135990080361694e-07 2.6223348830465172e-37
8.325693530364543e-07 2.622335933896313e-37
8.519820215718901e-07 2.6223370343217106e-37
8.718473271138315e-07 2.622338186661506e-37
8.921758236084957e-07 2.6223393933648516e-37
9.12978311084014e-07 2.6223406569964093e-37
9.342658413882192e-07 2.6223419802418693e-37
9.560497240602198e-07 2.6223433659135984e-37
9.78341532338879e-07 2.6223448169566404e-37
1.0011531093113902e-06 2.62234633645498e-37
1.0244965742052174e-06 2.6223479276381098e-37
1.048384328826741e-06 2.6223495938878317e-37
1.0728290641500308e-06 2.6223513387455282e-37
1.0978437670592484e-06 2.6223531659196453e-37
1.1234417272482566e-06 2.6223550792935665e-37
1.149636544281106e-06 2.6223570829338553e-37
1.1764421348171486e-06 2.622359181098974e-37
1.2038727400046132e-06 2.622361378248225e-37
1.2319429330465773e-06 2.62236367905131e-37
1.2606676269433496e-06 2.622366088398253e-37
1.2900620824153782e-06 2.622368611409688e-37
1.3201419160108953e-06 2.622371253447905e-37
1.3509231084026028e-06 2.622374020128097e-37
1.38242201287781e-06 2.622376917330395e-37
1.4146553640265304e-06 2.6223799512123074e-37
1.447640286632156e-06 2.622383128221843e-37
1.4813943047694329e-06 2.622386455111171e-37
1.5159353511145682e-06 2.6223899389510114e-37
1.5512817764724183e-06 2.6223935871456493e-37
1.587452359525819e-06 2.6223974074486366e-37
1.6244663168122348e-06 2.622401407979342e-37
1.6623433129330315e-06 2.6224055972401273e-37
1.7011034710007933e-06 2.622409984134457e-37
1.740767383330235e-06 2.6224145779858334e-37
1.7813561223783898e-06 2.622419388557554e-37
1.8228912519398869e-06 2.6224244260735134e-37
1.8653948386032614e-06 2.622429701239918e-37
1.908889463474389e-06 2.6224352252680126e-37
1.9533982341732686e-06 2.6224410098979175e-37
1.9989447971105317e-06 2.6224470674236057e-37
2.045553350050195e-06 2.6224534107189677e-37
2.0932486549653353e-06 2.622460053265198e-37
2.1420560511935146e-06 2.6224670091794993e-37
2.192001468898943e-06 2.622474293244943e-37
2.2431114428485372e-06 2.6224819209420337e-37
2.2954131265091837e-06 2.622489908481487e-37
2.3489343064737076e-06 2.622498272838748e-37
2.403703417223201e-06 2.6225070317900104e-37
2.4597495562335635e-06 2.6225162039500414e-37
2.5171024994342686e-06 2.6225258088116634e-37
2.575792717027583e-06 2.6225358667872412e-37
2.635851389676631e-06 2.6225463992519998e-37
2.6973104250709106e-06 2.622557428589459e-37
2.760202474878063e-06 2.6225689782390173e-37
2.8245609520908932e-06 2.6225810727456905e-37
2.8904200487788716e-06 2.6225937378123086e-37
2.9578147542535346e-06 2.622607000354118e-37
3.026780873657441e-06 2.6226208885559166e-37
3.097355046986562e-06 2.6226354319320014e-37
3.1695747685562034e-06 2.6226506613887937e-37
3.2434784069208122e-06 2.622666609290563e-37
3.319105225258239e-06 2.6226833095281372e-37
3.3964954022292982e-06 2.6227007975908933e-37
3.4756900533236943e-06 2.6227191106421605e-37
3.5567312527036693e-06 2.6227382875981637e-37
3.6396620555569646e-06 2.622758369210655e-37
3.7245265209709786e-06 2.622779398153494e-37
3.811369735340273e-06 2.622801419113284e-37
3.900237836319859e-06 2.6228244788842824e-37
3.991178037336996e-06 2.6228486264677657e-37
4.0842386526745176e-06 2.622873913176104e-37
4.179469123139017e-06 2.6229003927417353e-37
4.2769200423275275e-06 2.6229281214312622e-37
4.376643183506652e-06 2.6229571581649417e-37
4.478691527118417e-06 2.6229875646417797e-37
4.583119288927478e-06 2.6230194054705564e-37
4.689981948824612e-06 2.6230527483069883e-37
4.799336280301815e-06 2.623087663997372e-37
4.911240380614659e-06 2.6231242267289957e-37
5.0257537016479225e-06 2.623162514187622e-37
5.142937081500915e-06 2.623202607722394e-37
5.262852776809252e-06 2.623244592518516e-37
5.385564495820272e-06 2.623288557778054e-37
5.511137432239651e-06 2.623334596909269e-37
5.639638299867211e-06 2.6233828077248196e-37
5.771135368040315e-06 2.6234332926493624e-37
5.905698497903673e-06 2.6234861589368754e-37
6.043399179524854e-06 2.6235415188982106e-37
6.184310569875183e-06 2.6235994901393884e-37
6.32850753169624e-06 2.6236601958110945e-37
6.47606667327258e-06 2.6237237648698838e-37
6.627066389131828e-06 2.6237903323517256e-37
6.781586901693754e-06 2.6238600396583784e-37
6.939710303890459e-06 2.623933034857262e-37
7.101520602780329e-06 2.624009472995386e-37
7.267103764178904e-06 2.6240895164281123e-37
7.436547758330399e-06 2.624173335163307e-37
7.609942606644117e-06 2.6242611072217096e-37
7.787380429520604e-06 2.624353019014219e-37
7.968955495292936e-06 2.6244492657369326e-37
8.15476427030917e-06 2.624550051784698e-37
8.344905470182516e-06 2.6246555911841634e-37
8.539480112236516e-06 2.624766108047095e-37
8.738591569173047e-06 2.624881837045025e-37
8.942345623991688e-06 2.6250030239061585e-37
9.150850526189614e-06 2.625129925935613e-37
9.364217049271877e-06 2.625262812560065e-37
9.58255854960264e-06 2.6254019658979576e-37
9.805991026628606e-06 2.6255476813564167e-37
1.0034633184506672e-05 2.625700268256198e-37
1.0268606495168497e-05 2.6258600504858836e-37
1.0508035262855554e-05 2.6260273671867744e-37
1.07530466901589e-05 2.6262025734698244e-37
1.1003770945598772e-05 2.6263860411661864e-37
1.1260341232779899e-05 2.6265781596128446e-37
1.1522893861159297e-05 2.626779336475064e-37
1.1791568318464117e-05 2.626989998607264e-37
1.206650734479802e-05 2.627210592954186e-37
1.2347857008475478e-05 2.62744158749413e-37
1.263576678362426e-05 2.6276834722263296e-37
1.293038962959737e-05 2.627936760204349e-37
1.3231882072236462e-05 2.628201988617801e-37
1.3540404287030327e-05 2.628479719924479e-37
1.3856120184212054e-05 2.6287705430352714e-37
1.4179197495840522e-05 2.629075074554357e-37
1.4509807864912299e-05 2.6293939600770983e-37
1.484812693655133e-05 2.629727875548401e-37
1.5194334451324849e-05 2.6300775286842647e-37
1.5548614340735104e-05 2.630443660459378e-37
1.5911154824937624e-05 2.630827046663938e-37
1.6282148512737936e-05 2.6312284995326246e-37
1.6661792503919872e-05 2.6316488694492674e-37
1.7050288493959805e-05 2.632089046730485e-37
1.7447842881182494e-05 2.6325499634919624e-37
1.785466687641539e-05 2.63303259560113e-37
1.8270976615199758e-05 2.6335379647201914e-37
1.869699327261814e-05 2.6340671404434635e-37
1.91329431807992e-05 2.6346212425334773e-37
1.957905794916243e-05 2.635201443260176e-37
2.003557458746648e-05 2.635808969847912e-37
2.0502735631726606e-05 2.6364451070350724e-37
2.0980789273068064e-05 2.637111199751356e-37
2.1469989489583918e-05 2.637808655918085e-37
2.1970596181267336e-05 2.638538949376922e-37
2.2482875308090033e-05 2.639303622952788e-37
2.3007099031300245e-05 2.640104291656955e-37
2.354354585801526e-05 2.640942646036498e-37
2.4092500789185385e-05 2.641820455676649e-37
2.4654255471007912e-05 2.642739572862712e-37
2.5229108349871537e-05 2.6437019364087e-37
2.5817364830913554e-05 2.6447095756598508e-37
2.641933744027406e-05 2.645764614676812e-37
2.7035345991133382e-05 2.646869276609291e-37
2.7665717753620915e-05 2.648025888267491e-37
2.8310787628685666e-05 2.6492368848999043e-37
2.8970898326020842e-05 2.6505048151863797e-37
2.964640054613707e-05 2.651832346455762e-37
3.033765316668089e-05 2.653222270137745e-37
3.104502343309761e-05 2.654677507458986e-37
3.176888715373972e-05 2.656201115393892e-37
3.25096288995246e-05 2.657796292880934e-37
3.326764220824756e-05 2.6594663873157132e-37
3.4043329793658724e-05 2.6612149013325027e-37
3.483710375941493e-05 2.6630454998863883e-37
3.5649385818020195e-05 2.664962017648613e-37
3.648060751487119e-05 2.6669684667282216e-37
3.73312104575266e-05 2.66906904473356e-37
3.820164655032238e-05 2.671268143187767e-37
3.90923782344573e-05 2.6735703563128646e-37
4.0003878733676586e-05 2.675980490197637e-37
4.093663230568398e-05 2.6785035723650205e-37
4.1891134499415887e-05 2.681144861755415e-37
4.2867892418314344e-05 2.683909859142812e-37
4.386742498973848e-05 2.68680431800139e-37
4.489026324065786e-05 2.6898342558407887e-37
4.5936950579773975e-05 2.693005966029081e-37
4.700804308621986e-05 2.696326030123085e-37
4.8104109804991236e-05 2.699801330726446e-37
4.922573304926602e-05 2.7034390648967463e-37
5.0373508709772956e-05 2.707246758123661e-37
5.154804657137365e-05 2.7112322789010844e-37
5.27499706370262e-05 2.715403853917095e-37
5.397991945930254e-05 2.719770083886486e-37
5.5238546479635675e-05 2.7243399600517376e-37
5.6526520375476976e-05 2.7291228813792947e-37
5.784452541554797e-05 2.734128672479144e-37
5.9193261823375433e-05 2.73936760227696e-37
6.057344614930286e-05 2.7448504034693517e-37
6.198581165117595e-05 2.750588292794025e-37
6.34311086839044e-05 2.756592992148303e-37
6.491010509810695e-05 2.762876750590852e-37
6.642358664805138e-05 2.7694523672632132e-37
6.797235740910648e-05 2.7763332152695156e-37
6.955724020492732e-05 2.7835332665546383e-37
7.117907704460117e-05 2.7910671178231486e-37
7.283872956998614e-05 2.7989500175435825e-37
7.453707951348025e-05 2.807197894084921e-37
7.627502916646401e-05 2.815827385034701e-37
7.805350185866558e-05 2.8248558677508526e-37
7.987344244870308e-05 2.8343014912023327e-37
8.173581782606456e-05 2.844183209156616e-37
8.364161742479263e-05 2.854520814775473e-37
8.559185374914618e-05 2.8653349766839957e-37
8.758756291151902e-05 2.8766472765815217e-37
8.96298051829007e-05 2.8884802484671325e-37
9.17196655561724e-05 2.900857419556558e-37
9.385825432253677e-05 2.9138033529718553e-37
9.604670766138824e-05 2.9273436922897607e-37
9.828618824393714e-05 2.9415052080396283e-37
0.00010057788585090809 2.9563158462469667e-37
0.00010292301800464121 2.971804779123842e-37
0.00010532283061593165 2.988002458012993e-37
0.00010777859864595113 3.0049406686981615e-37
0.00011029162678360347 3.0226525891988635e-37
0.00011286325013867351 3.0411728501738955e-37
0.00011549483495113791 3.0605375980635764e-37
0.00011818777931701482 3.0807845611069146e-37
0.0001209435139311377 3.1019531183755873e-37
0.00012376350284724815 3.124084371972462e-37
0.00012664924425581149 3.1472212225479193e-37
0.00012960227127996844 3.171408448292407e-37
0.00013262415279004548 3.196692787568586e-37
0.00013571649423705693 3.2231230253505943e-37
0.0001388809385056415 3.2507500836417398e-37
0.00014211916678688624 3.279627116044699e-37
0.00014543289947150178 3.3098096066602443e-37
0.0001488238970638237 3.3413554734913414e-37
0.00015229396111712465 3.374325176528928e-37
0.00015584493519073535 3.408781830693659e-37
0.00015947870582948208 3.444791323804225e-37
0.00016319720356596128 3.4824224397370746e-37
0.00016700240394618395 3.5217469869345417e-37
0.00017089632857913436 3.5628399324078426e-37
0.000174881046210801 3.605779541368305e-37
0.00017895867382325032 3.650647522603772e-37
0.0001831313777593269 3.6975291796973257e-37
0.00018740137487357792 3.7465135681618724e-37
0.00019177093371001327 3.797693658536232e-37
0.000196242375707327 3.851166505455872e-37
0.00020081807643222024 3.907033422673789e-37
0.00020550046684148122 3.96540016396395e-37
0.0002102920345734925 4.026377109790373e-37
0.0002151953252698519 4.0900794595692344e-37
0.00022021294392780895 4.1566274292883524e-37
0.00022534755628423554 4.2261464541778405e-37
0.0002306018902318662 4.298767396046845e-37
0.00023597873726856003 4.3746267548134085e-37
0.0002414809539803547 4.453866883657431e-37
0.0002471114635590999 4.5366362071191755e-37
0.00025287325735547713 4.6230894413479596e-37
0.00025876939646823026 4.713387815576295e-37
0.00026480301337045197 4.8076992937537475e-37
0.000270977313573789 4.906198795121446e-37
0.00027729557733145163 5.009068412342162e-37
0.00028376116138093086 5.1164976256217605e-37
0.0002903775007273506 5.228683511065492e-37
0.00029714811046840066 5.345830941306941e-37
0.00030407658766182135 5.46815277622854e-37
0.00031116661323643183 5.595870041360756e-37
0.0003184219539477161 5.729212091302835e-37
0.00032584646437900766 5.868416755252507e-37
0.00033344408898933415 6.013730461466034e-37
0.0003412188642090111 6.1654083371955285e-37
0.0003491749205840977 6.323714280369313e-37
0.0003573164849708539 6.488920998995936e-37
0.0003656478827813646 6.661310013986259e-37
0.0003741735402815245 6.841171620804828e-37
0.0003828979869426037 7.028804805085527e-37
0.000391825857847644 7.224517107082637e-37
0.000400961896153964 7.428624429582596e-37
0.0004103109556130814 7.641450783681034e-37
0.0004198780031493915 7.863327966640475e-37
0.00042966812149897106 8.09459516589617e-37
0.000439686511909911 8.335598483178302e-37
0.0004499384969056106 8.586690372679593e-37
0.00046042952311250296 8.84822898722715e-37
0.0004711651641537129 9.120577426528642e-37
0.00048215112361018567 9.404102881765702e-37
0.0004933932380508582 9.699175671114958e-37
0.0005048974801334842 1.000616816119934e-36
0.0005166699617777604 1.0325453570022564e-36
0.0005287169374124361 1.0657404647627208e-36
0.0005410448072981404 1.1002392231552683e-36
0.0005536601209276797 1.1360783675160857e-36
0.0005665695805056229 1.1732941148052346e-36
0.0005797800445090163 1.2119219809118159e-36
0.0005932985313311235 1.2519965854261219e-36
0.000607132223010125 1.2935514442479174e-36
0.0006212884690447563 1.3366187505815131e-36
0.0006357747902989163 1.3812291450648691e-36
0.0006505988829973161 1.427411475989719e-36
0.0006657686228142928 1.4751925507907346e-36
0.0006812920690579615 1.5245968802111947e-36
0.0006971774689519261 1.5756464167872778e-36
0.0007134332620168255 1.6283602895290543e-36
0.0007300680845540431 1.682754536909075e-36
0.0007470907742339592 1.7388418404941455e-36
0.0007645103747911887 1.7966312617670925e-36
0.0007823361408292924 1.856127984877168e-36
0.00080057754273752 1.917333068224356e-36
0.0008192442717221943 1.9802432079179867e-36
0.0008383462449554094 2.0448505162477828e-36
0.0008578936108437789 2.1111423183600865e-36
0.0008778967544200344 2.179100970338138e-36
0.000898366302860337 2.2487037018384776e-36
0.0009193131311302326 2.3199224863321596e-36
0.0009407483677622533 2.392723941836911e-36
0.000962683400768232 2.467069264803554e-36
0.000985129883689471 2.542914199537108e-36
0.0010080997417879817 2.620209045191909e-36
0.0010316051783820807 2.6988987019844027e-36
0.0010556586813297128 2.7789227578219925e-36
0.0010802730296629402 2.86021561605858e-36
0.001105461300377127 2.9427066645652613e-36
0.0011312368753784248 3.026320485757938e-36
0.0011576134485932472 3.110977106662998e-36
