results/limits/MAQRO_l.dat
# %ECSV 1.0
# ---
# datatype:
# - {name: mx, unit: MeV, datatype: float64}
# - {name: sigma_10, unit: cm2, datatype: float64}
# - {name: sigma_9, unit: cm2, datatype: float64}
# - {name: sigma_7, unit: cm2, datatype: float64}
# - {name: sigma_6, unit: cm2, datatype: float64}
# - {name: sigma_5, unit: cm2, datatype: float64}
# - {name: sigma_4, unit: cm2, datatype: float64}
# - {name: sigma_3, unit: cm2, datatype: float64}
# - {name: sigma_2, unit: cm2, datatype: float64}
# schema: astropy-2.0
mx sigma_10 sigma_9 sigma_7 sigma_6 sigma_5 sigma_4 sigma_3 sigma_2
[from data line 721]
5.214554576410165 6.519835566781128e-40 9.172241589431913e-40 4.535792873956785e-39 1.8200099355757517e-37 7.356354046280753e-34 6.911506267072925e-30 9.614267563133625e-27 2.2649266439589518e-26
5.336140146648369 6.389775653355634e-40 8.999897768870155e-40 4.5108200855136676e-39 1.898475632943502e-37 7.874356506801904e-34 7.406043228712302e-30 1.0292842755098009e-26 2.418590726260941e-26
5.4605606763588606 6.262362998567484e-40 8.83093978440541e-40 4.486978646645416e-39 1.9815477000502232e-37 8.429171624807457e-34 7.93596621839444e-30 1.1018830768071365e-26 2.5822814746429927e-26
5.587882267096237 6.13754299121627e-40 8.665299666809998e-40 4.464269558805934e-39 2.0695205775984968e-37 9.02342655696867e-34 8.503806679278709e-30 1.1795487351701949e-26 2.7566271397858605e-26
5.718172561677172 6.015262158287926e-40 8.502910834542531e-40 4.442694613015195e-39 2.1627085885563026e-37 9.659936302953184e-34 9.112277061570968e-30 1.262628390354359e-26 2.942241447669497e-26
5.851500780117376 5.895468141040743e-40 8.343708065088136e-40 4.422256411308016e-39 2.2614473102762995e-37 1.0341717146932745e-33 9.764283754249547e-30 1.351492363979254e-26 3.139841407860707e-26
5.987937756406471 5.778109671596852e-40 8.187627466896208e-40 4.402958389676168e-39 2.366095042682501e-37 1.1072001061218947e-33 1.0462940938771662e-29 1.446535254641923e-26 3.3500891231714004e-26
6.127555976140354 5.663136550029031e-40 8.03460645190374e-40 4.384804842584998e-39 2.477034379403128e-37 1.1854251140902248e-33 1.1211585431520984e-29 1.5481778611176588e-26 3.573783639076838e-26
6.270429615030991 5.5504996219318715e-40 7.884583708631504e-40 4.3678009491512535e-39 2.594673889235226e-37 1.2692178143298608e-33 1.2013792583966446e-29 1.6568683585005514e-26 3.8116620891902255e-26
6.416634578314149 5.440150756467202e-40 7.737499175841233e-40 4.351952801074434e-39 2.7194499158706928e-37 1.358975821129281e-33 1.2873393317183538e-29 1.773084390766514e-26 4.064593901751037e-26
6.566248541075969 5.332042824873675e-40 7.593294016742028e-40 4.3372674324201155e-39 2.851828504396074e-37 1.4551251865327191e-33 1.3794492369952067e-29 1.8973344388733288e-26 4.333390741982563e-26
6.719350989519823 5.226129679430635e-40 7.451910593734329e-40 4.323752851360381e-39 2.99230746370336e-37 1.5581224354853133e-33 1.4781487848101005e-29 2.0301601127240224e-26 4.619006813100508e-26
6.87602326319537 5.122366132866445e-40 7.313292443680279e-40 4.311418073983242e-39 3.141418574617427e-37 1.6684567466561454e-33 1.5839092166055003e-29 2.172137664520626e-26 4.922335732379868e-26
7.036348598212252 5.020707938202111e-40 7.1773842536895445e-40 4.300273160290759e-39 3.299729954261721e-37 1.7866522893676054e-33 1.6972354480961996e-29 2.323880459635359e-26 5.244397801666496e-26
7.200412171461376 4.921111769020753e-40 7.044131837409296e-40 4.2903292525131536e-39 3.4678485879491006e-37 1.913270727805757e-33 1.8186684723980632e-29 2.4860408473203824e-26 5.586216444989867e-26
7.368301145867304 4.823535200154085e-40 6.913482111808493e-40 4.281598615875178e-39 3.6464230407033677e-37 2.048913904486518e-33 1.9487879342992005e-29 2.6593124866132566e-26 5.948847589958605e-26
7.540104716695753 4.727936688776527e-40 6.785383074445416e-40 4.274094681959756e-39 3.8361463613917215e-37 2.194226715809397e-33 2.0882148877804162e-29 2.8444327820357176e-26 6.333414965876811e-26
7.715914158940838 4.6342755558991545e-40 6.659783781208732e-40 4.267832094824042e-39 4.037759193383352e-37 2.3499001934491697e-33 2.2376147497619124e-29 3.042185261975713e-26 6.741073665772238e-26
7.8958228758172275 4.5425119682540525e-40 6.536634324522098e-40 4.2628267600331834e-39 4.252053106647863e-37 2.5166748063200202e-33 2.397700464009169e-29 3.2534022172073445e-26 7.173039394660034e-26
8.07992644838296 4.452606920561392e-40 6.415885812002255e-40 4.259095896788521e-39 4.479874167274203e-37 2.695343998901331e-33 2.5692358900571544e-29 3.478967311540245e-26 7.630560715865319e-26
8.2683226863193 4.364522218171033e-40 6.297490345561718e-40 4.256658093338805e-39 4.72212676153042e-37 2.886757982844546e-33 2.7530394330961265e-29 3.7198183199549336e-26 8.114902381109337e-26
8.461111679894604 4.278220460070386e-40 6.1814010009461104e-40 4.255533365875884e-39 4.979777692802045e-37 3.091827799991361e-33 2.9499879318868185e-29 3.976950211004835e-26 8.627422558215839e-26
8.658395853139817 4.1936650222511624e-40 6.067571807697447e-40 4.255743221129915e-39 5.253860571047879e-37 3.3115296762314596e-33 3.1610208229098234e-29 4.2514181197713813e-26 9.16956805604956e-26
8.860280018263818 4.110820041426978e-40 5.955957729534217e-40 4.2573107228941137e-39 5.545480515802146e-37 3.546909687018165e-33 3.387144600231158e-29 4.544339749451998e-26 9.742588408424924e-26
9.066871431337571 4.029650399094842e-40 5.846514645139735e-40 4.260260562724493e-39 5.855819195238633e-37 3.7990887568510144e-33 3.6294375922413065e-29 4.8569002205847224e-26 1.0348202834086978e-25
9.278279849276613 3.9501217059326376e-40 5.7391993293499626e-40 4.264619135077093e-39 6.186140225401386e-37 4.0692680166303093e-33 3.889055077043219e-29 5.190352876011011e-26 1.0987611238168635e-25
9.494617588152204 3.872200286526183e-40 5.633969434732625e-40 4.27041461716317e-39 6.537794955407493e-37 4.358734544500263e-33 4.1672347612683634e-29 5.546025786864532e-26 1.1662720991475946e-25
9.715999582862075 3.795853164418116e-40 5.530783473549366e-40 4.277677053822174e-39 6.912228666246638e-37 4.6688675176303296e-33 4.4653026467952324e-29 5.925321570622025e-26 1.2374722538184113e-25
9.942543448192506 3.7210480474723786e-40 5.429600800092912e-40 4.286438447733039e-39 7.310987212750719e-37 5.00114480434926e-33 4.7846793140186896e-29 6.3297248514067e-26 1.312561774493519e-25
10.17436954130415 3.647753313547322e-40 5.330381593391372e-40 4.296732855306527e-39 7.735724140393023e-37 5.357150028151267e-33 5.126886649574417e-29 6.760802211696381e-26 1.3916777595497017e-25
10.411601025674827 3.575937996470828e-40 5.233086840272062e-40 4.308596488625151e-39 8.188208310812013e-37 5.738580137349982e-33 5.493555051078885e-29 7.22020858900905e-26 1.4750049732940983e-25
10.654363936533231 3.5055717723113048e-40 5.137678318777257e-40 4.322067823822584e-39 8.670332072350339e-37 6.1472535165726235e-33 5.886431141421993e-29 7.709689729601923e-26 1.5627177088564296e-25
10.902787247818345 3.4366249459380093e-40 5.044118581924546e-40 4.337187716322007e-39 9.184120014468076e-37 6.585118678877538e-33 6.307386028806516e-29 8.231085224862629e-26 1.6549673521661338e-25
11.157002940700098 3.3690684378646633e-40 4.952370941804557e-40 4.3539995233817896e-39 9.731738347642769e-37 7.054263580053599e-33 6.758424151114349e-29 8.786335303652712e-26 1.7519775773930938e-25
11.417146073697703 3.3028737713704853e-40 4.862399454009055e-40 4.372549234428577e-39 1.0315504953322457e-36 7.556925599633983e-33 7.241692744334087e-29 9.377478916744473e-26 1.8538557378939666e-25
11.683354854432924 3.2380130598924597e-40 4.774168902382369e-40 4.392885609691279e-39 1.093790015166543e-36 8.095502236344568e-33 7.759491980906536e-29 1.0006665596446848e-25 1.9608675689632496e-25
11.955770713056356 3.1744589946834487e-40 4.687644784089622e-40 4.415060327685542e-39 1.160157823819852e-36 8.672562569120932e-33 8.314285821731821e-29 1.0676149445676724e-25 2.0731073366895404e-25
12.234538377385784 3.112184832730144e-40 4.6027932949948545e-40 4.4391281421369816e-39 1.230937984417137e-36 9.290859538489064e-33 8.908713635367692e-29 1.1388302831783252e-25 2.190840603331885e-25
12.519805949796487 3.0511643849256974e-40 4.519581315342771e-40 4.4651470489727337e-39 1.3064345179293845e-36 9.953343107024033e-33 9.545602634017864e-29 1.2145610327524568e-25 2.314178598961099e-25
12.811724985904382 2.9913720044913593e-40 4.4379763957377745e-40 4.493178464055422e-39 1.3869728219739559e-36 1.0663174361804683e-32 1.022798118699285e-28 1.2950680842382541e-25 2.4433729441190976e-25
13.110450575083778 2.932782575642035e-40 4.357946743413861e-40 4.52328741238099e-39 1.4729011908796664e-36 1.142374062628292e-32 1.0959093069109894e-28 1.3806242420640725e-25 2.578534982273511e-25
13.416141422862523 2.875371502490453e-40 4.279461208789618e-40 4.555542729513092e-39 1.564592444237462e-36 1.2238671653811783e-32 1.174241271250157e-28 1.471515440759145e-25 2.719929798733335e-25
13.72895993523834 2.819114698184968e-40 4.202489272302048e-40 4.590017276081153e-39 1.6624456716749592e-36 1.311185698024536e-32 1.2581661527600282e-28 1.5680399576312919e-25 2.867643060765155e-25
14.04907230496112 2.7639885742760742e-40 4.12700103151369e-40 4.626788166227894e-39 1.7668881021482043e-36 1.4047464518563164e-32 1.3480825371725195e-28 1.6705098444391552e-25 3.0219341423704955e-25
14.37664859982702 2.7099700303066793e-40 4.052967188487118e-40 4.665937010954925e-39 1.8783771066390683e-36 1.5049960484406858e-32 1.4444173240060529e-28 1.7792502226447837e-25 3.182962190220682e-25
14.711862853031292 2.657036443621503e-40 3.980359037421315e-40 4.707550177382077e-39 1.9974023437845224e-36 1.61241307477778e-32 1.5476277266922676e-28 1.8945997624519882e-25 3.3508689109497045e-25
15.054893155627816 2.6051656593908944e-40 3.909148452544553e-40 4.751719065008433e-39 2.124488058648054e-36 1.7275103712957802e-32 1.658203412630079e-28 2.01691112612298e-25 3.5258592080384887e-25
15.405921751144481 2.554335980844587e-40 3.8393078762582425e-40 4.798540400140121e-39 2.260195545576303e-36 1.8508374836019086e-32 1.7766687927160535e-28 2.146550687291752e-25 3.7080918633484084e-25
15.765135132404664 2.5045261597108685e-40 3.770810307526677e-40 4.8481165497325734e-39 2.4051257868696652e-36 1.982983289711264e-32 1.9035854707535665e-28 2.2838988228654256e-25 3.897738688467507e-25
16.132724140606275 2.455715386856865e-40 3.703629290507475e-40 4.900555855983825e-39 2.5599222798373765e-36 2.1245788153109518e-32 2.0395548635903694e-28 2.4293498550130777e-25 4.0949679838690993e-25
16.50888406671095 2.4078832831257314e-40 3.6377389034177005e-40 4.955972993109923e-39 2.725274065709781e-36 2.2763002505151624e-32 2.185221003676337e-28 2.583311848448484e-25 4.299921591026344e-25
16.89381475519735 2.361009890366449e-40 3.573113747630836e-40 5.014489347835579e-39 2.9019189748470438e-36 2.4388721825296748e-32 2.3412735365622985e-28 2.7462069591820273e-25 4.512770493224299e-25
17.287720710233557 2.3150756626522934e-40 3.50972893699964e-40 5.0762334252416435e-39 3.090647103719258e-36 2.613071059675363e-32 2.5084509264600687e-28 2.918471114599204e-25 4.73365456161985e-25
17.690811204325115 2.2700614576838616e-40 3.4475600874003624e-40 5.1413412817277386e-39 3.292304540242703e-36 2.799728903325754e-32 2.687543883931109e-28 3.100552611742888e-25 4.9627018902264265e-25
18.103300389496336 2.2259485283728654e-40 3.3865833064935985e-40 5.209956986972938e-39 3.5077973552458203e-36 2.9997372854976527e-32 2.8793990313809505e-28 3.29291497047202e-25 5.200082454958598e-25
18.52540741106398 2.182718514602778e-40 3.3267751836973e-40 5.282233116910779e-39 3.738095879112313e-36 3.214051591102624e-32 3.084922820869599e-28 3.496031428149859e-25 5.44594588247161e-25
18.957356524063755 2.140353435162626e-40 3.268112780367552e-40 5.3583312798778746e-39 3.984239284013658e-36 3.443695585226912e-32 3.3050857237135845e-28 3.710391257325994e-25 5.700430810819279e-25
19.399377212391464 2.0988356798502956e-40 3.2105736201827695e-40 5.4384226782480224e-39 4.247340493605331e-36 3.689766307263504e-32 3.5409267068045957e-28 3.9364915832665383e-25 5.9635735289526695e-25
19.85170431072216 2.0581480017416638e-40 3.1541356797271244e-40 5.522688708026938e-39 4.528591443627795e-36 3.953439315281554e-32 3.793558018599252e-28 4.174844361847546e-25 6.235573295321352e-25
20.314578129271972 2.0182735096222373e-40 3.0987773792689758e-40 5.611321599057885e-39 4.8292687185317156e-36 4.235974305689872e-32 4.06417030163116e-28 4.425969309713803e-25 6.516560771966146e-25
20.788244581469023 1.9791956605776245e-40 3.04447757373039e-40 5.70452509867478e-39 5.150739591045247e-36 4.5387211350437744e-32 4.354038056425778e-28 4.690397192442816e-25 6.806639671850515e-25
21.272955314601134 1.9408982527396872e-40 2.9912155438436405e-40 5.802515201839473e-39 5.494468493528089e-36 4.8631262727637583e-32 4.664525478063677e-28 4.9686683371621705e-25 7.105907549418466e-25
21.76896784350983 1.9033654181849827e-40 2.9389709874908985e-40 5.905520931013093e-39 5.862023952021684e-36 5.210739715591918e-32 4.9970926901057545e-28 5.26132808233774e-25 7.414461571528091e-25
22.27654568740161 1.8665816159822778e-40 2.8877240112233092e-40 6.013785169239384e-39 6.255086016116808e-36 5.583222396815784e-32 5.353302404174946e-28 5.568934398941456e-25 7.732407051483741e-25
22.79595850984919 1.8305316253860031e-40 2.8374551219556733e-40 6.12756555016195e-39 6.675454220130645e-36 5.98235412565029e-32 5.734827027876635e-28 5.89204285855353e-25 8.059869434498388e-25
23.327482262057103 1.795200539172586e-40 2.788145218833143e-40 6.247135408957037e-39 7.125056113624685e-36 6.410042094699671e-32 6.143456258398111e-28 6.231224007817111e-25 8.396947023843434e-25
23.871399329467756 1.7605737571165917e-40 2.7397755852663954e-40 6.372784798441957e-39 7.60595640201693e-36 6.868329996129838e-32 6.58110518247552e-28 6.5870424577232965e-25 8.743719789626629e-25
24.427998681785848 1.7266369796037607e-40 2.6923278811316884e-40 6.504821574915805e-39 8.120366740957761e-36 7.359407790088493e-32 7.049822926989618e-28 6.960073410419292e-25 9.100287410189406e-25
24.997576026500827 1.693376201378045e-40 2.645784135132495e-40 6.643572558606088e-39 8.670656231264334e-36 7.885622172019312e-32 7.55180188439362e-28 7.350886708432619e-25 9.466762496554484e-25
25.580433965988984 1.660777705419792e-40 2.6001267373193655e-40 6.789384773933162e-39 9.259362664556396e-36 8.44948778885246e-32 8.089387559097734e-28 7.760057780854947e-25 9.843246855375117e-25
26.176882158278623 1.6288280569523166e-40 2.5553384317646328e-40 6.942626775165586e-39 9.889204573325657e-36 9.053699257623371e-32 8.665089065725228e-28 8.1881552389075435e-25 1.0229820345471588e-24
26.787237481563718 1.5975140975741702e-40 2.511402309388895e-40 7.103690063424968e-39 1.0563094143015463e-35 9.701144043900301e-32 9.281590328120744e-28 8.63575169748055e-25 1.0626537623856068e-24
27.411824202553472 1.5668229395144338e-40 2.4683018009360773e-40 7.272990601410119e-39 1.1284151047808661e-35 1.0394916261498345e-31 9.941762013736619e-28 9.10340675965138e-25 1.1033534978773906e-24
28.050974148747212 1.5367419600084275e-40 2.426020670094008e-40 7.450970432649858e-39 1.205571727623715e-35 1.1138331459352706e-31 1.0648674260431602e-27 9.591685144604586e-25 1.1450910031170781e-24
28.705026884726152 1.507258795791327e-40 2.384543006757499e-40 7.638099412562111e-39 1.2881373017458382e-35 1.1934942466125915e-31 1.1405610230876496e-27 1.0101138335445544e-24 1.1878769698513309e-24
29.374329892555654 1.4783613377071747e-40 2.343853220431032e-40 7.834877059097484e-39 1.3764953684114952e-35 1.2788556368167722e-31 1.221608055644871e-27 1.0632310258424116e-24 1.2317237316272144e-24
30.05923875639388 1.45003772543083e-40 2.303936033768122e-40 8.04183453127964e-39 1.4710568153127413e-35 1.3703252701845105e-31 1.3083838719202772e-27 1.1185739907159742e-24 1.2766404891892153e-24
30.760117351404876 1.4222763423005626e-40 2.2647764762445962e-40 8.259536744524954e-39 1.5722618311593116e-35 1.4683402947045285e-31 1.4012897426228327e-27 1.1761953598591881e-24 1.3226365532579144e-24
31.477338037076432 1.3950658102588411e-40 2.2263598779629775e-40 8.488584632233049e-39 1.680582000120395e-35 1.5733691414853148e-31 1.5007546039438344e-27 1.2361467277941237e-24 1.3697251146016729e-24
32.21128185504559 1.3683949848991024e-40 2.1886718635853144e-40 8.729617563790288e-39 1.796522546128285e-35 1.6859137629043962e-31 1.607236911984521e-27 1.2984786001989916e-24 1.4179203336122698e-24
