results/limits/MAQRO_l_phase.dat
# %ECSV 1.0
# ---
# datatype:
# - {name: mx, unit: MeV, datatype: float64}
# - {name: sigma_10, unit: cm2, datatype: float64}
# - {name: sigma_9, unit: cm2, datatype: float64}
# - {name: sigma_7, unit: cm2, datatype: float64}
# - {name: sigma_6, unit: cm2, datatype: float64}
# - {name: sigma_5, unit: cm2, datatype: float64}
# - {name: sigma_4, unit: cm2, datatype: float64}
# - {name: sigma_3, unit: cm2, datatype: float64}
# - {name: sigma_2, unit: cm2, datatype: float64}
# schema: astropy-2.0
mx sigma_10 sigma_9 sigma_7 sigma_6 sigma_5 sigma_4 sigma_3 sigma_2
[from data line 237]
7.453707951348025e-05 1.635151717365297e-34 1.9104571976576625e-34 2.8803779923319504e-34 3.860280404149029e-34 5.848395341187429e-34 1.159499116290302e-33 1.1440347957991213e-33 1.6539084330215858e-34
7.627502916646401e-05 1.6351564604231536e-34 1.9104636738192494e-34 2.880392713516143e-34 3.8603068453029815e-34 5.848456020755218e-34 1.1595231315185085e-33 1.1441144713563016e-33 1.654186614969321e-34
7.805350185866558e-05 1.6351614269998845e-34 1.9104704549754543e-34 2.8804081280485714e-34 3.860334531898738e-34 5.848519558932417e-34 1.159548278588721e-33 1.1441979073526336e-33 1.6544779532270785e-34
7.987344244870308e-05 1.6351666275870716e-34 1.9104775554640785e-34 2.880424268528299e-34 3.86036352250253e-34 5.848586090187617e-34 1.159574610789607e-33 1.1442852813481099e-33 1.6547830716141735e-34
8.173581782606456e-05 1.6351720731711039e-34 1.9104849902940722e-34 2.880441169081585e-34 3.860393878425298e-34 5.848655755295538e-34 1.1596021839134125e-33 1.1443767792943416e-33 1.655102623683733e-34
8.364161742479263e-05 1.6351777752554618e-34 1.9104927751772028e-34 2.8804588654329516e-34 3.860425663850371e-34 5.848728701630782e-34 1.159631056373064e-33 1.1444725959318892e-33 1.655437294154822e-34
8.559185374914618e-05 1.6351837458819133e-34 1.9105009265604752e-34 2.88047739497948e-34 3.860458945967118e-34 5.848805083475381e-34 1.1596612893247134e-33 1.1445729352064711e-33 1.6557878004149723e-34
8.758756291151902e-05 1.6351899976532764e-34 1.9105094616607214e-34 2.880496796868406e-34 3.860493795110559e-34 5.848885062340107e-34 1.1596929467959409e-33 1.144678010704963e-33 1.6561548940967095e-34
8.96298051829007e-05 1.6351965437658339e-34 1.9105183984991934e-34 2.880517112078392e-34 3.860530284907511e-34 5.848968807300841e-34 1.159726095819906e-33 1.1447880461121328e-33 1.656539362731873e-34
9.17196655561724e-05 1.635203398031638e-34 1.9105277559399221e-34 2.880538383504452e-34 3.860568492429372e-34 5.8490564953502915e-34 1.1597608065756884e-33 1.1449032756891034e-33 1.656942031487719e-34
9.385825432253677e-05 1.635210574910691e-34 1.9105375537284502e-34 2.8805606560466983e-34 3.860608498351783e-34 5.849148311765595e-34 1.159797152535126e-33 1.1450239447745932e-33 1.6573637649890574e-34
9.604670766138824e-05 1.6352180895357006e-34 1.9105478125319005e-34 2.880583976703152e-34 3.860650387121617e-34 5.849244450492918e-34 1.1598352106164034e-33 1.1451503103100133e-33 1.6578054692308272e-34
9.828618824393714e-05 1.6352259577492229e-34 1.9105585539835673e-34 2.8806083946668055e-34 3.860694247131633e-34 5.849345114549625e-34 1.1598750613447463e-33 1.1452826413895901e-33 1.6582680935858707e-34
0.00010057788585090809 1.635234196134357e-34 1.910569800724258e-34 2.8806339614269894e-34 3.860740170902863e-34 5.849450516444506e-34 1.159916789020497e-33 1.145421219836693e-33 1.658752632912833e-34
0.00010292301800464121 1.635242822040301e-34 1.9105815764518933e-34 2.880660730875395e-34 3.860788255275457e-34 5.849560878617443e-34 1.159960481894925e-33 1.1455663408076535e-33 1.6592601297694557e-34
0.00010532283061593165 1.635251853634238e-34 1.910593905968652e-34 2.880688759416836e-34 3.8608386016079765e-34 5.849676433898708e-34 1.160006232354108e-33 1.1457183134243728e-33 1.6597916767368033e-34
0.00010777859864595113 1.6352613099289669e-34 1.9106068152314247e-34 2.8807181060849533e-34 3.860891315985775e-34 5.849797425989304e-34 1.1600541371112538e-33 1.1458774614371324e-33 1.6603484188602986e-34
0.00011029162678360347 1.635271210812357e-34 1.910620331405947e-34 2.8807488326632267e-34 3.860946509438749e-34 5.849924109962902e-34 1.1601042974078277e-33 1.1460441239190525e-33 1.6609315562137436e-34
0.00011286325013867351 1.6352815771080665e-34 1.9106344829213437e-34 2.8807810038112777e-34 3.861004298168745e-34 5.850056752790364e-34 1.1601568192238781e-33 1.1462186559937284e-33 1.661542346592936e-34
0.00011549483495113791 1.635292430608067e-34 1.9106492995293586e-34 2.880814687196849e-34 3.861064803787287e-34 5.850195633888007e-34 1.1602118134979756e-33 1.1464014295976524e-33 1.6621821083457596e-34
0.00011818777931701482 1.6353037941126247e-34 1.9106648123631296e-34 2.8808499536336883e-34 3.861128153563861e-34 5.850341045690424e-34 1.1602693963571747e-33 1.1465928342791102e-33 1.6628522233461715e-34
0.0001209435139311377 1.6353156914780398e-34 1.910681054001022e-34 2.880886877225525e-34 3.8611944806851665e-34 5.850493294248863e-34 1.1603296893574456e-33 1.1467932780353105e-33 1.663554140119822e-34
0.00012376350284724815 1.6353281476736533e-34 1.9106980585337918e-34 2.8809255355164043e-34 3.861263924526018e-34 5.850652699856514e-34 1.160392819735041e-33 1.1470031881896134e-33 1.6642893771295924e-34
0.00012664924425581149 1.6353411888230587e-34 1.9107158616312976e-34 2.8809660096476777e-34 3.861336630932151e-34 5.850819597701532e-34 1.1604589206692579e-33 1.1472230123108097e-33 1.6650595262297894e-34
0.00012960227127996844 1.6353548422593552e-34 1.9107345006157263e-34 2.881008384521831e-34 3.861412752515444e-34 5.850994338549034e-34 1.1605281315571028e-33 1.1474532191764833e-33 1.665866256298265e-34
0.00013262415279004548 1.6353691365810828e-34 1.9107540145367023e-34 2.8810527489736353e-34 3.861492448962298e-34 5.851177289453518e-34 1.1606005983003664e-33 1.1476942997826215e-33 1.6667113170563413e-34
0.00013571649423705693 1.6353841017111832e-34 1.9107744442489537e-34 2.881099195948523e-34 3.861575887355291e-34 5.851368834502421e-34 1.1606764736056505e-33 1.1479467684017281e-33 1.6675965430869418e-34
0.0001388809385056415 1.6353997689454144e-34 1.9107958324937579e-34 2.881147822688945e-34 3.861663242509074e-34 5.8515693755927135e-34 1.1607559172978848e-33 1.1482111636918035e-33 1.6685238580620774e-34
0.00014211916678688624 1.635416171033938e-34 1.910818223984749e-34 2.881198730928707e-34 3.861754697320755e-34 5.851779333241353e-34 1.1608390966479304e-33 1.148488049858688e-33 1.6694952791914458e-34
0.00014543289947150178 1.6354333422311942e-34 1.9108416654968351e-34 2.88125202709558e-34 3.861850443135413e-34 5.851999147431133e-34 1.160926186714846e-33 1.148778017874389e-33 1.6705129219046847e-34
0.0001488238970638237 1.6354513183687979e-34 1.9108662059573578e-34 2.881307822522764e-34 3.861950680127502e-34 5.85222927849356e-34 1.1610173707034503e-33 1.1490816867541408e-33 1.6715790047806165e-34
0.00015229396111712465 1.635470136924515e-34 1.910891896545015e-34 2.881366233669288e-34 3.862055617698532e-34 5.852470208029801e-34 1.1611128403378129e-33 1.1493997048950832e-33 1.6726958547376716e-34
0.00015584493519073535 1.6354898370975035e-34 1.9109187907882312e-34 2.88142738234971e-34 3.862165474891625e-34 5.852722439871381e-34 1.1612127962513309e-33 1.1497327514796034e-33 1.673865912500554e-34
0.00015947870582948208 1.6355104598854504e-34 1.9109469446710543e-34 2.881491395973679e-34 3.862280480823918e-34 5.85298650108234e-34 1.1613174483940983e-33 1.150081537946539e-33 1.675091738359277e-34
0.00016319720356596128 1.635532048165316e-34 1.910976416742049e-34 2.8815584077953163e-34 3.862400875136949e-34 5.8532629430040125e-34 1.1614270164582506e-33 1.1504468095335885e-33 1.6763760182376637e-34
0.00016700240394618395 1.6355546467683027e-34 1.9110072682286555e-34 2.8816285571732784e-34 3.8625269084662175e-34 5.853552342344492e-34 1.1615417303220405e-33 1.1508293468944799e-33 1.6777215700895943e-34
0.00017089632857913436 1.635578302581435e-34 1.9110395631541821e-34 2.881701989841294e-34 3.862658842930087e-34 5.853855302313959e-34 1.1616618305133812e-33 1.1512299677945976e-33 1.67913135064249e-34
0.000174881046210801 1.635603064620471e-34 1.911073368462633e-34 2.8817788581901583e-34 3.862796952639279e-34 5.854172453808106e-34 1.1617875686936624e-33 1.1516495288889904e-33 1.6806084625088186e-34
0.00017895867382325032 1.635628984140623e-34 1.9111087541459792e-34 2.8818593215609096e-34 3.862941524226912e-34 5.854504456640633e-34 1.161919208162619e-33 1.1520889275868618e-33 1.682156161687838e-34
0.0001831313777593269 1.6356561147167268e-34 1.911145793377854e-34 2.881943546550175e-34 3.86309285740063e-34 5.854852000827386e-34 1.162057024385093e-33 1.152549104006881e-33 1.6837778654812945e-34
0.00018740137487357792 1.6356845123613498e-34 1.9111845626514465e-34 2.8820317073276513e-34 3.8632512655169524e-34 5.8552158079233746e-34 1.1622013055405515e-33 1.15303104302787e-33 1.685477160848445e-34
0.00019177093371001327 1.6357142356153359e-34 1.9112251419253546e-34 2.882123985966273e-34 3.8634170761786925e-34 5.855596632414529e-34 1.1623523530962167e-33 1.1535357764396624e-33 1.6872578132275301e-34
0.000196242375707327 1.635745345670749e-34 1.9112676147722902e-34 2.882220572785406e-34 3.863590631856277e-34 5.855995263166203e-34 1.162510482404725e-33 1.1540643851991898e-33 1.6891237758527267e-34
0.00020081807643222024 1.6357779064755972e-34 1.9113120685341328e-34 2.8823216667075114e-34 3.8637722905336645e-34 5.856412524930179e-34 1.1626760233272317e-33 1.1546180017971172e-33 1.691079199597658e-34
0.00020550046684148122 1.6358119848567654e-34 1.9113585944848669e-34 2.882427475628511e-34 3.863962426379417e-34 5.8568492799118955e-34 1.162849320882903e-33 1.1551978127406334e-33 1.6931284433787837e-34
0.0002102920345734925 1.6358476506352545e-34 1.9114072879971501e-34 2.8825382168024752e-34 3.864161430443969e-34 5.857306429400033e-34 1.1630307359257746e-33 1.1558050611583052e-33 1.695276085154346e-34
0.0002151953252698519 1.635884976761357e-34 1.9114582487168442e-34 2.8826541172406903e-34 3.864369711383378e-34 5.857784915459982e-34 1.1632206458499503e-33 1.1564410495332321e-33 1.6975269335571804e-34
0.00022021294392780895 1.6359240394426367e-34 1.9115115807430235e-34 2.882775414125791e-34 3.864587696210726e-34 5.8582857226934575e-34 1.1634194453241592e-33 1.1571071425710537e-33 1.6998860402024638e-34
0.00022534755628423554 1.6359649182815774e-34 1.911567392814958e-34 2.882902355240962e-34 3.864815831075362e-34 5.858809880065519e-34 1.1636275470566832e-33 1.1578047702097461e-33 1.7023587127145405e-34
0.0002306018902318662 1.6360076964190401e-34 1.9116257985050787e-34 2.883035199414893e-34 3.86505458207111e-34 5.859358462801455e-34 1.1638453825917153e-33 1.158535430778509e-33 1.7049505285202077e-34
0.00023597873726856003 1.6360524606721366e-34 1.9116869164209808e-34 2.8831742169825478e-34 3.8653044360737445e-34 5.8599325943548336e-34 1.1640734031381793e-33 1.1593006943134462e-33 1.7076673494594303e-34
0.0002414809539803547 1.6360993016923238e-34 1.9117508704103694e-34 2.883319690262096e-34 3.865565901608492e-34 5.860533448448651e-34 1.1643120804321066e-33 1.1601022060381892e-33 1.7105153372682853e-34
0.0002471114635590999 1.6361483141268376e-34 1.9118177897771283e-34 2.8834719140483283e-34 3.865839509747961e-34 5.861162251191056e-34 1.1645619076336115e-33 1.1609416900180255e-33 1.713500969993099e-34
0.00025287325735547713 1.6361995967665643e-34 1.91188780950124e-34 2.8836311961227626e-34 3.8661258150412844e-34 5.861820283267542e-34 1.164823400259585e-33 1.161820952996625e-33 1.7166310593993077e-34
0.00025876939646823026 1.636253252721736e-34 1.9119610704682655e-34 2.8837978577806823e-34 3.866425396474689e-34 5.862508882210854e-34 1.1650970971531695e-33 1.1627418884249369e-33 1.7199127694434336e-34
0.00026480301337045197 1.6363093895939903e-34 1.912037719704864e-34 2.8839722343751334e-34 3.866738858464007e-34 5.863229444750092e-34 1.1653835614911013e-33 1.163706480692366e-33 1.723353635881921e-34
0.000270977313573789 1.6363681196521817e-34 1.9121179106208484e-34 2.8841546758782136e-34 3.867066831879311e-34 5.863983429240126e-34 1.165683381830013e-33 1.1647168095709468e-33 1.7269615870963821e-34
0.00027729557733145163 1.6364295600126565e-34 1.9122018032605135e-34 2.8843455474595102e-34 3.8674099751021765e-34 5.864772358172787e-34 1.1659971731927575e-33 1.1657750548838093e-33 1.730744966221053e-34
0.00028376116138093086 1.6364938328246802e-34 1.9122895645587669e-34 2.8845452300818018e-34 3.867768975115391e-34 5.865597820770284e-34 1.1663255781958062e-33 1.1668835014099077e-33 1.7347125546651302e-34
0.0002903775007273506 1.636561065473682e-34 1.9123813686062897e-34 2.884754121114076e-34 3.868144548625497e-34 5.8664614756621374e-34 1.1666692682187678e-33 1.1680445440376689e-33 1.7388735971300665e-34
0.00029714811046840066 1.6366313907678768e-34 1.9124773969214527e-34 2.8849726349613818e-34 3.8685374432176746e-34 5.867365053645528e-34 1.1670289446170275e-33 1.1692606931809487e-33 1.743237828229999e-34
0.00030407658766182135 1.6367049471462967e-34 1.9125778387272123e-34 2.88520120371172e-34 3.868948438543129e-34 5.868310360529917e-34 1.1674053399784782e-33 1.1705345804714762e-33 1.7478155008322572e-34
0.00031116661323643183 1.636781878880845e-34 1.9126828912380072e-34 2.8854402777994977e-34 3.869378347538444e-34 5.869299280065624e-34 1.1677992194252858e-33 1.1718689647428064e-33 1.7526174162445174e-34
0.0003184219539477161 1.6368623362948175e-34 1.9127927599496285e-34 2.8856903266849427e-34 3.86982801767631e-34 5.870333776955914e-34 1.1682113819615576e-33 1.173266738321686e-33 1.7576549563855218e-34
0.00032584646437900766 1.6369464759873935e-34 1.9129076589398862e-34 2.885951839549376e-34 3.870298332246993e-34 5.871415899952214e-34 1.1686426618677415e-33 1.174730933643682e-33 1.762940118087699e-34
0.00033344408898933415 1.6370344610238086e-34 1.9130278111684274e-34 2.8862253260053697e-34 3.87079021166969e-34 5.872547785031202e-34 1.169093930142516e-33 1.1762647302109687e-33 1.7684855496923482e-34
0.0003412188642090111 1.6371264611991635e-34 1.9131534487907011e-34 2.886511316821228e-34 3.8713046148325065e-34 5.8737316586521946e-34 1.169566095992822e-33 1.1778714619111897e-33 1.774304590111555e-34
0.0003491749205840977 1.6372226532404432e-34 1.9132848134691373e-34 2.886810364658709e-34 3.8718425404596475e-34 5.874969841092984e-34 1.1700601083726398e-33 1.1795546247175329e-33 1.7804113105456787e-34
0.0003573164849708539 1.637323221045915e-34 1.9134221566925505e-34 2.887123044823102e-34 3.872405028504287e-34 5.876264749861418e-34 1.1705769575709705e-33 1.1813178847913418e-33 1.7868205590613082e-34
0.0003656478827813646 1.6374283559183365e-34 1.9135657401012e-34 2.887449956024313e-34 3.872993161565147e-34 5.877618903179893e-34 1.1711176768493847e-33 1.1831650870099273e-33 1.7935480082520312e-34
0.0003741735402815245 1.6375382568032853e-34 1.9137158358103516e-34 2.887791721147638e-34 3.8736080663245816e-34 5.879034923538708e-34 1.1716833441293606e-33 1.185100263943618e-33 1.8006102062234607e-34
0.0003828979869426037 1.637653130527114e-34 1.913872726740746e-34 2.8881489880322633e-34 3.874250915005117e-34 5.880515541314059e-34 1.1722750837294936e-33 1.1871276453076479e-33 1.8080246311647757e-34
0.000391825857847644 1.6377731920355583e-34 1.9140367069481114e-34 2.8885224302563727e-34 3.874922926842478e-34 5.882063598445502e-34 1.1728940681524833e-33 1.1892516679160279e-33 1.8158097497917333e-34
0.000400961896153964 1.637898664623881e-34 1.914208081953512e-34 2.888912747925818e-34 3.875625369570439e-34 5.883682052166834e-34 1.1735415199216383e-33 1.1914769861662988e-33 1.8239850799709352e-34
0.0004103109556130814 1.6380297801880893e-34 1.9143871690747452e-34 2.8893206684650157e-34 3.876359560914967e-34 5.88537397878369e-34 1.1742187134664212e-33 1.1938084830859008e-33 1.8325712578622245e-34
0.0004198780031493915 1.6381667794585548e-34 1.9145742977539936e-34 2.8897469474066987e-34 3.877126870092438e-34 5.887142577489861e-34 1.1749269770563646e-33 1.1962512819728626e-33 1.8415901099456543e-34
0.00042966812149897106 1.6383099122313994e-34 1.914769809882649e-34 2.890192369178149e-34 3.877928719307812e-34 5.88899117421391e-34 1.1756676947824234e-33 1.1988107586656266e-33 1.8510647303317993e-34
0.000439686511909911 1.6384594375931476e-34 1.9149740601242514e-34 2.890657747880576e-34 3.8787665852473e-34 5.8909232254859664e-34 1.1764423085845896e-33 1.201492554479081e-33 1.8610195637894884e-34
