results/limits/MAQRO_l_phase.dat
# %ECSV 1.0
# ---
# datatype:
# - {name: mx, unit: MeV, datatype: float64}
# - {name: sigma_10, unit: cm2, datatype: float64}
# - {name: sigma_9, unit: cm2, datatype: float64}
# - {name: sigma_7, unit: cm2, datatype: float64}
# - {name: sigma_6, unit: cm2, datatype: float64}
# - {name: sigma_5, unit: cm2, datatype: float64}
# - {name: sigma_4, unit: cm2, datatype: float64}
# - {name: sigma_3, unit: cm2, datatype: float64}
# - {name: sigma_2, unit: cm2, datatype: float64}
# schema: astropy-2.0
mx sigma_10 sigma_9 sigma_7 sigma_6 sigma_5 sigma_4 sigma_3 sigma_2
[from data line 717]
4.755291858905486 3.2640151927550734e-34 4.582047181901861e-34 2.2115150364487157e-33 8.13553645895173e-32 3.445629233829981e-28 3.288704975938186e-24 4.6687834260996224e-21 1.1644755281109791e-20
4.866168994016832 3.2734408210821663e-34 4.60064272017013e-34 2.249713602198713e-33 8.676192344624343e-32 3.7761416097618265e-28 3.606303766455901e-24 5.119690855337664e-21 1.276939735299413e-20
4.979631404534034 3.282921044692313e-34 4.619389764293616e-34 2.2890622706313302e-33 9.25877355487341e-32 4.138467834475888e-28 3.954574984443394e-24 5.61414658729278e-21 1.4002656552499065e-20
5.0957393702336 3.292456338682438e-34 4.6382901716009975e-34 2.329606993251834e-33 9.886833972479795e-32 4.535675426643249e-28 4.336480902203947e-24 6.156356485364625e-21 1.5355023044517794e-20
5.214554576410165 3.3020471842188072e-34 4.65734582968207e-34 2.3713959364079017e-33 1.0564246227353998e-31 4.971127925829323e-28 4.7552698838887895e-24 6.750932612220848e-21 1.6838000126619553e-20
5.336140146648369 3.3116940690534774e-34 4.676558657345161e-34 2.414479604425036e-33 1.1295231308471988e-31 5.448513470741762e-28 5.2145040159358726e-24 7.402932460232594e-21 1.8464202076684416e-20
5.4605606763588606 3.3213974850693166e-34 4.695930604817655e-34 2.4589109704298677e-33 1.2084390983394805e-31 5.971876137012905e-28 5.7180894060319314e-24 8.117901970757915e-21 2.0247461450594253e-20
5.587882267096237 3.331157930850275e-34 4.7154636548551865e-34 2.504745615389861e-33 1.2936743294350577e-31 6.545650301004823e-28 6.270309408321037e-24 8.901922708196438e-21 2.220294674265703e-20
5.718172561677172 3.3409759104406767e-34 4.735159823043977e-34 2.552041875937861e-33 1.385776142574748e-31 7.17469832186214e-28 6.875861057475055e-24 9.761663590081307e-21 2.4347291409593206e-20
5.851500780117376 3.3508519339126108e-34 4.755021158668784e-34 2.6008610015926636e-33 1.4853416266365805e-31 7.864351862258426e-28 7.539895021534627e-24 1.070443761322626e-20 2.669873535556609e-20
5.987937756406471 3.3607865179266617e-34 4.775049745440577e-34 2.6512673220316375e-33 1.5930223020598475e-31 8.62045719922965e-28 8.268059413360988e-24 1.1738264058443706e-20 2.92772800817362e-20
6.127555976140354 3.3707801845187458e-34 4.795247702065064e-34 2.70332842512352e-33 1.709529225722735e-31 9.449424910424264e-28 9.066547833360615e-24 1.2871936702950638e-20 3.2104858820050635e-20
6.270429615030991 3.380833462213442e-34 4.815617183146315e-34 2.757115346480061e-33 1.835638582162855e-31 1.0358284358311905e-27 9.942152052134758e-24 1.4115098620679522e-20 3.5205523098431127e-20
6.416634578314149 3.390946886324106e-34 4.836160379853347e-34 2.812702771347172e-33 1.9721978078316197e-31 1.135474343570206e-27 1.0902319781175682e-23 1.5478324206751082e-20 3.860564732429845e-20
6.566248541075969 3.4011209983840526e-34 4.856879520653103e-34 2.870169249715521e-33 2.1201322995694344e-31 1.2447254080669677e-27 1.1955218023007552e-23 1.6973209123811488e-20 4.2334153126626066e-20
6.719350989519823 3.4113563454576e-34 4.877776872215511e-34 2.9295974256014803e-33 2.280452763419018e-31 1.3645084118057585e-27 1.3109802539631613e-23 1.8612468935323245e-20 4.6422755364791156e-20
6.87602326319537 3.421653482518592e-34 4.8988547400944245e-34 2.991074281521104e-33 2.4542632652987414e-31 1.4958396038533521e-27 1.4375894030176592e-23 2.0410047264789744e-20 5.090623189678735e-20
7.036348598212252 3.43201297039119e-34 4.920115469733325e-34 3.0546913992610432e-33 2.642770050983464e-31 1.639833338518509e-27 1.5764261665723642e-23 2.23812344009201e-20 5.582271940145794e-20
7.200412171461376 3.442435378380899e-34 4.941561447092247e-34 3.12054523813578e-33 2.84729120933701e-31 1.7977115482342136e-27 1.7286714691856814e-23 2.454279735759721e-20 6.121403777103236e-20
7.368301145867304 3.452921279910175e-34 4.963195099842389e-34 3.18873743201471e-33 3.0692672598625425e-31 1.970814131226854e-27 1.8956202878113386e-23 2.691312249494483e-20 6.712604583326285e-20
7.540104716695753 3.463471256999762e-34 4.985018897832725e-34 3.259375106504657e-33 3.310272753445647e-31 2.1606103423172312e-27 2.0786926668760925e-23 2.9512371914636016e-20 7.360903142895299e-20
7.715914158940838 3.4740858997844475e-34 5.007035354595077e-34 3.3325712177822244e-33 3.5720289837254828e-31 2.368711283730475e-27 2.2794457971849237e-23 3.236265495975066e-20 8.071813916289998e-20
7.8958228758172275 3.4847658040396046e-34 5.029247027566947e-34 3.408444914690835e-33 3.856417915913951e-31 2.596883602147613e-27 2.4995872613970342e-23 3.54882162779648e-20 8.851383946671337e-20
8.07992644838296 3.495511573540836e-34 5.0516565198011e-34 3.4871219258475994e-33 4.165497450173269e-31 2.84706450849198e-27 2.740989558739681e-23 3.8915642047753235e-20 9.7062442963398e-20
8.2683226863193 3.5063238194040574e-34 5.0742664803987894e-34 3.568734973643028e-33 4.501518147940841e-31 3.1213782481932656e-27 3.005706032507145e-23 4.267408612176848e-20 1.0643666450889382e-19
8.461111679894604 3.51720315973563e-34 5.097079605813566e-34 3.6534242171729714e-33 4.866941561958996e-31 3.4221541620097625e-27 3.295988335825063e-23 4.679551801098738e-20 1.1671624170834902e-19
8.658395853139817 3.5281502220280226e-34 5.120098640870304e-34 3.741337726305699e-33 5.264460324325663e-31 3.751946491018327e-27 3.6143055842449784e-23 5.13149948189964e-20 1.2798861316827176e-19
8.860280018263818 3.539165640117783e-34 5.143326379735125e-34 3.8326319892657205e-33 5.697020161744839e-31 4.113556094214976e-27 3.963365358080939e-23 5.627095943948799e-20 1.403496622537692e-19
9.066871431337571 3.55025005585401e-34 5.166765667248652e-34 3.9274724563169086e-33 6.167844023457188e-31 4.510054263439417e-27 4.346136733135844e-23 6.170556755346533e-20 1.539045326773496e-19
9.278279849276613 3.5614041199399135e-34 5.190419399707009e-34 4.026034122333543e-33 6.6804585251965995e-31 4.944808838174132e-27 4.7658755357175344e-23 6.766504620760526e-20 1.687685228567119e-19
9.494617588152204 3.572628489834945e-34 5.214290526402611e-34 4.128502151285527e-33 7.238722932111342e-31 5.421512842331025e-27 5.2261520367647837e-23 7.420008702386315e-20 1.8506806664897252e-19
9.715999582862075 3.5839238345191465e-34 5.238382050615084e-34 4.235072545908753e-33 7.84686092506814e-31 5.94421588658985e-27 5.730881320650542e-23 8.136627738498081e-20 2.02941808803504e-19
9.942543448192506 3.5952908272346903e-34 5.2626970308160606e-34 4.345952866114311e-33 8.509495418311335e-31 6.517358603376319e-27 6.284356586981581e-23 8.922457326359269e-20 2.2254178428126615e-19
10.17436954130415 3.606730152442027e-34 5.287238582090968e-34 4.46136299997763e-33 9.231686722270063e-31 7.145810407360439e-27 6.891285668659706e-23 9.784181771682006e-20 2.4403471147193324e-19
10.411601025674827 3.6182425020490098e-34 5.312009877211859e-34 4.581535991482164e-33 1.0018974373626735e-30 7.8349109026444e-27 7.556831076830316e-23 1.0729130945671626e-19 2.6760341030904175e-19
10.654363936533231 3.6298285788146506e-34 5.337014148282028e-34 4.706718929538721e-33 1.0877422985804163e-30 8.590515288824515e-27 8.286653913341289e-23 1.176534263328346e-19 2.934483573456753e-19
10.902787247818345 3.64148909266222e-34 5.362254687748786e-34 4.837173903190961e-33 1.181367250707746e-30 9.419044152126755e-27 9.086962024234125e-23 1.290163090303036e-19 3.2178939101826343e-19
11.157002940700098 3.6532247630268924e-34 5.3877348501367256e-34 4.9731790283313344e-33 1.2834993310847319e-30 1.0327538065113476e-26 9.964562803863117e-23 1.4147661079897926e-19 3.5286758160355706e-19
11.417146073697703 3.66503631776333e-34 5.413458053154963e-34 5.115029551714743e-33 1.3949346583547846e-30 1.1323717459358447e-26 1.0926921098796332e-22 1.551403195909011e-19 3.8694728177470254e-19
11.683354854432924 3.6769244978777404e-34 5.439427779664085e-34 5.263039038548013e-33 1.5165450520554816e-30 1.2416048280340657e-26 1.198222270403271e-22 1.7012365959921278e-19 4.243183751986059e-19
11.955770713056356 3.688890049059277e-34 5.465647578608085e-34 5.417540650481902e-33 1.6492852889680618e-30 1.36138139829851e-26 1.3139443991634751e-22 1.8655407986704879e-19 4.652987423011701e-19
12.234538377385784 3.700933729604046e-34 5.492121067015399e-34 5.57888852142016e-33 1.7942010575831427e-30 1.4927194480218546e-26 1.4408428264045204e-22 2.04571338375603e-19 5.10236964174489e-19
12.519805949796487 3.713056307113152e-34 5.5188519315952335e-34 5.747459239207844e-33 1.9524376779585353e-30 1.6367352716039005e-26 1.579996948154714e-22 2.2432869083261116e-19 5.595152876253706e-19
12.811724985904382 3.7252585591346723e-34 5.5458439300367554e-34 5.9236534419643704e-33 2.1252496607375635e-30 1.7946529599461975e-26 1.7325904076062635e-22 2.4599419427321783e-19 6.135528765862353e-19
13.110450575083778 3.737541274031887e-34 5.573100893166277e-34 6.1078975385985605e-33 2.3140111862138355e-30 1.96781481068132e-26 1.8999211632258676e-22 2.6975213656167266e-19 6.728093775449313e-19
13.416141422862523 3.7499052507554032e-34 5.600626726471543e-34 6.30064556387639e-33 2.5202275921349298e-30 2.1576927437827555e-26 2.0834125292360126e-22 2.9580460395329057e-19 7.377888293212399e-19
13.72895993523834 3.7623512968467826e-34 5.628425411843872e-34 6.502381179337961e-33 2.7455479674975654e-30 2.3659008196528135e-26 2.2846252823777676e-22 3.2437320005042834e-19 8.090439504468131e-19
14.04907230496112 3.774880232906024e-34 5.656501009676799e-34 6.713619832350822e-33 2.9917789589741747e-30 2.5942089661635987e-26 2.5052709379358947e-22 3.557009307740254e-19 8.871808406172608e-19
14.37664859982702 3.787492889200882e-34 5.684857660432477e-34 6.93491108669099e-33 3.260899906904362e-30 2.8445580314091337e-26 2.747226307952632e-22 3.9005427138434805e-19 9.728641362071187e-19
14.711862853031292 3.8001901092669412e-34 5.71349958694555e-34 7.166841139227913e-33 3.555079439073391e-30 3.1190762902032584e-26 3.0125494654631857e-22 4.277254331331463e-19 1.0668226637008426e-18
15.054893155627816 3.8129727438254025e-34 5.742431096242317e-34 7.410035538605418e-33 3.876693662877657e-30 3.420097544722794e-26 3.3034972505450227e-22 4.690348488274224e-19 1.1698556391280325e-18
15.405921751144481 3.825841658606705e-34 5.7716565816377354e-34 7.6651621232313e-33 4.2283461100527065e-30 3.750180973256422e-26 3.6225444670891485e-22 5.143338984472617e-19 1.282839466235914e-18
15.765135132404664 3.838797730528611e-34 5.8011805249902185e-34 7.932934197451842e-33 4.612889603022076e-30 4.112132895886992e-26 3.972404933581027e-22 5.640078980018329e-19 1.4067351912243316e-18
16.132724140606275 3.85184184582224e-34 5.83100749875975e-34 8.214113966496182e-33 5.033450228249497e-30 4.509030642241991e-26 4.356054566950789e-22 6.184793770470124e-19 1.5425966774538294e-18
16.50888406671095 3.8649749082045775e-34 5.861142168394188e-34 8.509516252637867e-33 5.493453619874641e-30 4.94424872432615e-26 4.776756695844966e-22 6.782116727433588e-19 1.6915795696613109e-18
16.89381475519735 3.878197827296336e-34 5.891589294568595e-34 8.820012517067552e-33 5.996653776538364e-30 5.421487537056437e-26 5.238089818635091e-22 7.437128710255814e-19 1.854951123933092e-18
17.287720710233557 3.8915115303660715e-34 5.922353735624381e-34 9.146535214204571e-33 6.54716465582718e-30 5.944804830622036e-26 5.743978042275369e-22 8.15540128407477e-19 2.0341009870500807e-18
17.690811204325115 3.904916954181199e-34 5.953440450081218e-34 9.490082507615676e-33 7.149494814362864e-30 6.518650222366177e-26 6.298724460922357e-22 8.94304411183618e-19 2.2305530168941983e-18
18.103300389496336 3.918415049767833e-34 5.984854499160612e-34 9.851723379390366e-33 7.808585387443366e-30 7.147903041742939e-26 6.907047758237688e-22 9.806756923398082e-19 2.445978244461354e-18
18.52540741106398 3.932006781176924e-34 6.016601049365969e-34 1.0232603167750864e-32 8.529851730516717e-30 7.837913830252984e-26 7.574122344715501e-22 1.0753886503775747e-18 2.6822090877367186e-18
18.957356524063755 3.945693126952025e-34 6.048685375273832e-34 1.0633949570872605e-32 9.319229075881345e-30 8.594549849347722e-26 8.305622371441923e-22 1.1792489185268232e-18 2.9412549383353296e-18
19.399377212391464 3.959475077325629e-34 6.081112862258945e-34 1.1057079158416263e-32 1.0183222592132776e-29 9.424244983390269e-26 9.107769994674128e-22 1.2931399375033726e-18 3.225319253490273e-18
19.85170431072216 3.973353636608474e-34 6.113889009328845e-34 1.1503404436099875e-32 1.1128962271280126e-29 1.0334054462136695e-25 9.987388301775504e-22 1.4180304701006633e-18 3.5368182987722456e-18
20.314578129271972 3.987329825392597e-34 6.147019432215815e-34 1.1974441512861803e-32 1.2164263109489061e-29 1.1331714868203856e-25 1.0951959348700782e-21 1.5549828415356082e-18 3.878401700968201e-18
20.788244581469023 4.001404677533077e-34 6.180509866320277e-34 1.247181842476572e-32 1.3297691092386237e-29 1.2425709939937103e-25 1.2009687802697962e-21 1.7051619756409594e-18 4.252974985941824e-18
21.272955314601134 4.0155792377588725e-34 6.214366169833283e-34 1.299728417485612e-32 1.453863554519642e-29 1.3625342729394045e-25 1.3169570731578588e-21 1.869845303767033e-18 4.663724293185364e-18
21.76896784350983 4.029854572920192e-34 6.2485943270787785e-34 1.355271855369706e-32 1.5897388462066463e-29 1.4940814729209286e-25 1.4441474133183926e-21 2.0504336306779144e-18 5.1141434772847964e-18
22.27654568740161 4.04423176041339e-34 6.283200451733178e-34 1.4140142811391816e-32 1.738523148825129e-29 1.6383312641388422e-25 1.5836216856013038e-21 2.2484630498683883e-18 5.608063826825755e-18
22.79595850984919 4.058711892519502e-34 6.3181907904356035e-34 1.4761731258511448e-32 1.9014531293871127e-29 1.7965103526076274e-25 1.7365662624842923e-21 2.4656180096534583e-18 6.149686653529579e-18
23.327482262057103 4.07329607807739e-34 6.353571726110859e-34 1.5419823880651048e-32 2.079884414927846e-29 1.9699639139630588e-25 1.904282095411861e-21 2.7037456411717872e-18 6.743619028825723e-18
23.871399329467756 4.087985445552261e-34 6.389349781847949e-34 1.6116940059275326e-32 2.275303059027489e-29 2.1601670349491945e-25 2.0881957807486427e-21 2.9648714701776196e-18 7.394912971837144e-18
24.427998681785848 4.102781133845515e-34 6.425531624566143e-34 1.685579350027808e-32 2.4893381147176735e-29 2.368737259905134e-25 2.2898716944742564e-21 3.2512166462660004e-18 8.109108422112485e-18
24.997576026500827 4.1176843009717255e-34 6.4621240689133175e-34 1.7639308481226177e-32 2.7237754205780196e-29 2.5974483489718325e-25 2.5110252988386675e-21 3.565216836084896e-18 8.892280362635601e-18
25.580433965988984 4.132696123830611e-34 6.499134081364277e-34 1.8470637538760926e-32 2.980572717138494e-29 2.8482453650447263e-25 2.753537734164375e-21 3.909542941239794e-18 9.751090493940563e-18
26.176882158278623 4.147817792915388e-34 6.536568784264436e-34 1.9353180729122596e-32 3.261876222013455e-29 3.123261217801855e-25 3.019471819914928e-21 4.287123817119572e-18 1.0692843898877969e-17
26.787237481563718 4.163050518827481e-34 6.574435460193078e-34 2.0290606607349796e-32 3.570038804591328e-29 3.4248348055291163e-25 3.311089601134546e-21 4.701171185889604e-18 1.1725551180021908e-17
27.411824202553472 4.1783955278713625e-34 6.61274155636763e-34 2.128687508452909e-32 3.9076399147038445e-29 3.7555309090572155e-25 3.630871589510815e-21 5.155206955564764e-18 1.2857996598265515e-17
28.050974148747212 4.193854066870453e-34 6.651494689214445e-34 2.2346262337591443e-32 4.277507434608012e-29 4.118162007026677e-25 3.981537862725139e-21 5.653093177538738e-18 1.4099812792192705e-17
28.705026884726152 4.209427398486522e-34 6.69070264902431e-34 2.3473387962736526e-32 4.682741639965919e-29 4.515812198041212e-25 4.366071201563621e-21 6.1990648973906085e-18 1.5461562713794693e-17
29.374329892555654 4.225116806649545e-34 6.7303734049302e-34 2.467324458176273e-32 5.126741473436724e-29 4.951863433190015e-25 4.787742461593203e-21 6.797766178398564e-18 1.6954829477478763e-17
30.05923875639388 4.240923593090616e-34 6.770515109802542e-34 2.59512301304858e-32 5.613233354157981e-29 5.430024282072766e-25 5.250138395216571e-21 7.454289604179632e-18 1.8592314886632118e-17
