results/limits/MAQRO_l_phase.dat
# %ECSV 1.0
# ---
# datatype:
# - {name: mx, unit: MeV, datatype: float64}
# - {name: sigma_10, unit: cm2, datatype: float64}
# - {name: sigma_9, unit: cm2, datatype: float64}
# - {name: sigma_7, unit: cm2, datatype: float64}
# - {name: sigma_6, unit: cm2, datatype: float64}
# - {name: sigma_5, unit: cm2, datatype: float64}
# - {name: sigma_4, unit: cm2, datatype: float64}
# - {name: sigma_3, unit: cm2, datatype: float64}
# - {name: sigma_2, unit: cm2, datatype: float64}
# schema: astropy-2.0
mx sigma_10 sigma_9 sigma_7 sigma_6 sigma_5 sigma_4 sigma_3 sigma_2
[from data line 317]
0.0004711651641537129 2.9175175938970198e-37 3.4100644709608524e-37 5.1484164530710895e-37 6.909536864306723e-37 1.0497794085818155e-36 2.0987284202063735e-36 2.154530901227004e-36 3.371594386325012e-37
0.00048215112361018567 2.917834241297211e-37 3.410497066559313e-37 5.149402578843887e-37 6.9113131354217524e-37 1.0501894014787482e-36 2.1003765357971098e-36 2.1602865259345858e-36 3.393223518383252e-37
0.0004933932380508582 2.9181648361450454e-37 3.410948733724739e-37 5.150432315435428e-37 6.913168209472555e-37 1.0506176995635703e-36 2.102099500779287e-36 2.166318090585969e-36 3.4159671201946145e-37
0.0005048974801334842 2.918509946899364e-37 3.4114202513286406e-37 5.151507456575714e-37 6.915105350852694e-37 1.0510650720140799e-36 2.1039005798518438e-36 2.1726390323067885e-36 3.4398869220149656e-37
0.0005166699617777604 2.9188701610444067e-37 3.4119124244637975e-37 5.152629857592638e-37 6.917127938267818e-37 1.0515323159843311e-36 2.1057831679740562e-36 2.1792634617364388e-36 3.4650484590557376e-37
0.0005287169374124361 2.919246085351176e-37 3.4124260848225615e-37 5.15380143642689e-37 6.919239466853188e-37 1.0520202572324626e-36 2.1077507944911934e-36 2.186206198510125e-36 3.491521338259712e-37
0.0005410448072981404 2.919638346106721e-37 3.412962091028092e-37 5.1550241745563945e-37 6.921443550148706e-37 1.0525297507260553e-36 2.109807127297005e-36 2.1934828087587017e-36 3.5193795262022344e-37
0.0005536601209276797 2.920047589323298e-37 3.413521328917358e-37 5.156300117817785e-37 6.923743921911042e-37 1.0530616812207862e-36 2.111955977024396e-36 2.2011096447531032e-36 3.5487016599477268e-37
0.0005665695805056229 2.9204744808616583e-37 3.414104711767578e-37 5.157631377111713e-37 6.926144437739548e-37 1.0536169638078663e-36 2.114201301254823e-36 2.2091038868290894e-36 3.579571382858103e-37
0.0005797800445090163 2.9209197065363485e-37 3.414713180457693e-37 5.159020128978939e-37 6.9286490764937625e-37 1.054196544425505e-36 2.1165472087361507e-36 2.2174835877376688e-36 3.612077707531872e-37
0.0005932985313311235 2.9213839721843032e-37 3.4153477035670313e-37 5.160468616032317e-37 6.931261941476872e-37 1.054801400329281e-36 2.1189979635977946e-36 2.2262677195767817e-36 3.646315408251393e-37
0.000607132223010125 2.9218680036325594e-37 3.41600927738887e-37 5.161979147230629e-37 6.933987261360672e-37 1.0554325405161684e-36 2.1215579895512887e-36 2.2354762234711988e-36 3.6823854455333532e-37
0.0006212884690447563 2.9223725466582053e-37 3.4166989258747616e-37 5.163554097977951e-37 6.9368293908236314e-37 1.0560910060965434e-36 2.1242318740634404e-36 2.2451300621794668e-36 3.7203954256143102e-37
0.0006357747902989163 2.9228983668242206e-37 3.417417700473261e-37 5.165195910033428e-37 6.939792810875936e-37 1.0567778706084072e-36 2.1270243724886204e-36 2.2552512758199388e-36 3.7604600979624944e-37
0.0006505988829973161 2.9234462492957756e-37 3.418166679885875e-37 5.166907091214503e-37 6.942882128841698e-37 1.057494240267751e-36 2.129940412145861e-36 2.2658630409219762e-36 3.802701894189341e-37
0.0006657686228142928 2.924016998547898e-37 3.418946969711111e-37 5.168690214877302e-37 6.946102077969689e-37 1.0582412541488407e-36 2.1329850963258768e-36 2.276989733023725e-36 3.847251512043019e-37
0.0006812920690579615 2.9246114379821748e-37 3.419759701975858e-37 5.1705479191571435e-37 6.949457516642574e-37 1.0590200842880368e-36 2.1361637082124335e-36 2.2886569930544643e-36 3.8942485485024635e-37
0.0006971774689519261 2.92523040949701e-37 3.4206060345524013e-37 5.172482905952251e-37 6.952953427154778e-37 1.059831935704658e-36 2.1394817147020426e-36 2.3008917977574763e-36 3.943842186357783e-37
0.0007134332620168255 2.9258747729151054e-37 3.4214871504445582e-37 5.17449793963359e-37 6.956594914028482e-37 1.0606780463323321e-36 2.1429447701055626e-36 2.3137225344289283e-36 3.99619193906322e-37
0.0007300680845540431 2.926545405344999e-37 3.422404256940652e-37 5.176595845465127e-37 6.96038720183928e-37 1.0615596868542806e-36 2.1465587197150847e-36 2.32717908026947e-36 4.0514684590856455e-37
0.0007470907742339592 2.9272432004113967e-37 3.4233585846253688e-37 5.1787795077165895e-37 6.964335632520003e-37 1.0624781604360475e-36 2.1503296032193367e-36 2.341292886668263e-36 4.109854415447711e-37
0.0007645103747911887 2.9279690674126186e-37 3.4243513862465825e-37 5.181051867455741e-37 6.968445662117725e-37 1.063434802349298e-36 2.1542636579510982e-36 2.3560970687643418e-36 4.171545446684139e-37
0.0007823361408292924 2.9287239303172575e-37 3.425383935422638e-37 5.1834159200031785e-37 6.972722856974227e-37 1.0644309794805732e-36 2.1583673219503443e-36 2.3716265006574415e-36 4.236751195995715e-37
0.00080057754273752 2.9295087266937662e-37 3.4264575251970152e-37 5.1858747120380356e-37 6.9771728893066336e-37 1.0654680897191469e-36 2.1626472368275563e-36 2.3879179166703146e-36 4.305696436003106e-37
0.0008192442717221943 2.9303244064730683e-37 3.427573466423364e-37 5.1884313383426915e-37 6.9818015321667335e-37 1.0665475612185947e-36 2.167110250412495e-36 2.4050100190970465e-36 4.378622291175926e-37
0.0008383462449554094 2.9311719306142956e-37 3.428733085986206e-37 5.191088938174409e-37 6.986614653755324e-37 1.067670851527143e-36 2.1717634191749405e-36 2.4229435929073844e-36 4.45578756674713e-37
0.0008578936108437789 2.9320522696442746e-37 3.4299377248485557e-37 5.193850691259388e-37 6.991618211080961e-37 1.0688394465825515e-36 2.176614010405503e-36 2.4417616279159087e-36 4.5374701937244896e-37
0.0008778967544200344 2.9329664020651092e-37 3.431188735928881e-37 5.196719813400675e-37 6.9968182429462476e-37 1.07005485956801e-36 2.1816695041465177e-36 2.461509448967332e-36 4.623968800486263e-37
0.000898366302860337 2.933915312606131e-37 3.4324874818018054e-37 5.199699551698156e-37 7.002220862255289e-37 1.0713186296263808e-36 2.1869375948653864e-36 2.4822348547356392e-36 4.715604422404463e-37
0.0009193131311302326 2.9348999904267524e-37 3.4338353322296965e-37 5.2027931793820635e-37 7.007832247641588e-37 1.0726323204311869e-36 2.1924261928654908e-36 2.5039882657855853e-36 4.812722361984766e-37
0.0009407483677622533 2.935921427089587e-37 3.4352336615235215e-37 5.206003990261556e-37 7.013658634416148e-37 1.073997518613825e-36 2.1981434254329888e-36 2.5268228826008753e-36 4.9156942131564685e-37
0.000962683400768232 2.9369806145195944e-37 3.4366838457382663e-37 5.209335292798136e-37 7.019706304848521e-37 1.0754158320477412e-36 2.2040976377214632e-36 2.5507948543442603e-36 5.024920064599543e-37
0.000985129883689471 2.9380785427609118e-37 3.4381872597115248e-37 5.212790403813952e-37 7.025981577795308e-37 1.0768888879917577e-36 2.210297393380492e-36 2.5759634591817633e-36 5.1408308983709956e-37
0.0010080997417879817 2.939216197672291e-37 3.439745273947188e-37 5.216372641850593e-37 7.032490797698966e-37 1.078418331096135e-36 2.2167514749387454e-36 2.6023912970765816e-36 5.2638912016032384e-37
0.0010316051783820807 2.9403945585124165e-37 3.4413592513646056e-37 5.22008532020088e-37 7.039240322991735e-37 1.0800058212766714e-36 2.2234688839572378e-36 2.6301444960385993e-36 5.3946018107085655e-37
0.0010556586813297128 2.9416145954294556e-37 3.44303054391396e-37 5.2239317396359046e-37 7.046236513939921e-37 1.0816530314637273e-36 2.230458840973715e-36 2.659292932903596e-36 5.5335030093540346e-37
0.0010802730296629402 2.942877266857324e-37 3.4447604890844607e-37 5.227915180859081e-37 7.053485719979532e-37 1.0833616452349124e-36 2.237730785264952e-36 2.689910469812899e-36 5.681177903490502e-37
0.001105461300377127 2.9441835168814306e-37 3.446550406311877e-37 5.232038896721751e-37 7.060994266598541e-37 1.0851333543419368e-36 2.2452943744598335e-36 2.7220752076699816e-36 5.838256098950765e-37
0.0011312368753784248 2.945534272475711e-37 3.44840159330752e-37 5.236306104239292e-37 7.0687684418304465e-37 1.0869698561439718e-36 2.2531594840424198e-36 2.7558697579665427e-36 6.0054177096008256e-37
0.0011576134485932472 2.946930440819786e-37 3.450315322338936e-37 5.240719976451854e-37 7.076814482431793e-37 1.088872850961679e-36 2.261336206790715e-36 2.7913815344973815e-36 6.183397726763653e-37
0.0011846050332435167 2.948372906462152e-37 3.4522928364668876e-37 5.245283634180493e-37 7.085138559827403e-37 1.090844039367899e-36 2.2698348522035152e-36 2.8287030666222354e-36 6.372990783668607e-37
0.0012122259692915415 2.949862528575035e-37 3.4543353457822633e-37 5.250000137728741e-37 7.093746765908213e-37 1.092885119432577e-36 2.278665945974238e-36 2.867932335884344e-36 6.575056352046359e-37
0.0012404909310584848 2.951400138194712e-37 3.4564440236578864e-37 5.254872478588327e-37 7.102645098779954e-37 1.0949977839411919e-36 2.2878402295771217e-36 2.9091731379611275e-36 6.790524411727095e-37
0.0012694149350204683 2.9529865354874312e-37 3.4586200030423677e-37 5.2599035712077645e-37 7.111839448562486e-37 1.0971837176072886e-36 2.2973686600373908e-36 2.9525354721030785e-36 7.020401638249102e-37
0.0012990133477864558 2.9546224870949763e-37 3.460864372838568e-37 5.2650962448864535e-37 7.121335583346624e-37 1.0994445943009622e-36 2.3072624099627265e-36 2.998135960413777e-36 7.265778158088321e-37
0.0013293018942621524 2.9563087235398437e-37 3.463178174372534e-37 5.270453235858041e-37 7.13113913541731e-37 1.101782074316059e-36 2.3175328679186693e-36 3.046098299538413e-36 7.527834926221128e-37
0.001360296666004259 2.958045936774607e-37 3.4655623980101324e-37 5.275977179628256e-37 7.141255587856148e-37 1.1041978016995986e-36 2.3281916392351894e-36 3.096553747561356e-36 7.807851786377397e-37
0.001392014129769518 2.9598347777976205e-37 3.4680179799217254e-37 5.2816706036314655e-37 7.1516902616339335e-37 1.1066934016672167e-36 2.339250547335444e-36 3.149641649166843e-36 8.107216280572727e-37
0.0014244711362630968 2.9616758544457344e-37 3.4705457990515766e-37 5.2875359202691155e-37 7.16244830330446e-37 1.1092704781284971e-36 2.350721635680642e-36 3.205510002391976e-36 8.427433281370206e-37
0.0014576849290909482 2.96356972935789e-37 3.473146674295231e-37 5.293575420394345e-37 7.173534673410504e-37 1.1119306113456976e-36 2.3626171704268594e-36 3.264316070600017e-36 8.770135527853128e-37
0.0014916731539209149 2.965516918119435e-37 3.4758213619338552e-37 5.299791267297428e-37 7.184954135700872e-37 1.1146753557486334e-36 2.3749496438904486e-36 3.3262270436259e-36 9.137095154526354e-37
0.0015264538678574353 2.9675178875904534e-37 3.4785705533234097e-37 5.306185491249951e-37 7.196711247259999e-37 1.1175062379274168e-36 2.3877317789184156e-36 3.391420752397004e-36 9.530236311336108e-37
0.0015620455490348386 2.969573054464843e-37 3.481394872884284e-37 5.3127599846549454e-37 7.208810349636042e-37 1.1204247548232604e-36 2.4009765342587235e-36 3.460086441713195e-36 9.95164898273276e-37
0.0015984671064343198 2.9716827840777477e-37 3.484294876398454e-37 5.319516497847035e-37 7.221255561047825e-37 1.1234323721357203e-36 2.4146971110229518e-36 3.5324256062827975e-36 1.0403604124219026e-36
0.0016357378899298156 2.973847389413124e-37 3.4872710496267485e-37 5.326456635580039e-37 7.23405076973933e-37 1.1265305229626609e-36 2.4289069603302434e-36 3.6086528955590264e-36 1.0888570246146092e-36
0.0016738777005681136 2.9760671304159814e-37 3.49032380726694e-37 5.333581854229115e-37 7.247199628534719e-37 1.1297206066867523e-36 2.4436197922169278e-36 3.6889970934072834e-36 1.1409231586659559e-36
0.0017129068010886602 2.9783422134965974e-37 3.4934534922497802e-37 5.3408934597314395e-37 7.260705550640308e-37 1.1330039881197408e-36 2.4588495858910536e-36 3.773702179161494e-36 1.196850802867802e-36
0.0017528459266886532 2.98067279135496e-37 3.4966603753926255e-37 5.348392606275948e-37 7.274571706717938e-37 1.13638199691288e-36 2.4746106014051166e-36 3.863028477201538e-36 1.2569576929638827e-36
0.00179371629603914 2.983058963041474e-37 3.499944655391862e-37 5.356080295749075e-37 7.288801023246641e-37 1.1398559272390299e-36 2.4909173928140857e-36 3.9572539028084586e-36 1.32158970475154e-36
0.0018355396225579732 2.9855007742335416e-37 3.503306459167152e-37 5.363957377929764e-37 7.30339618217046e-37 1.1434270377490224e-36 2.5077848228793536e-36 4.0566753127350445e-36 1.39112347623664e-36
0.0018783381259456144 2.98799821782846e-37 3.506745842542127e-37 5.3720245514268235e-37 7.318359621821378e-37 1.1470965518019617e-36 2.5252280793728898e-36 4.161609969672686e-36 1.465969280952103e-36
0.0019221345439899109 2.9905512347595255e-37 3.5102627912514726e-37 5.3802823653330276e-37 7.333693539085846e-37 1.1508656579663676e-36 2.543262693029777e-36 4.272397130607661e-36 1.5465741758576077e-36
0.001966952144646121 2.9931597149920162e-37 3.513857222262831e-37 5.388731221574743e-37 7.349399892779147e-37 1.1547355107864455e-36 2.561904557191829e-36 4.389399769949304e-36 1.6334254491866967e-36
0.0020128147383986056 2.9958234988052008e-37 3.5175289853958525e-37 5.397371377920566e-37 7.365480408173947e-37 1.1587072318053444e-36 2.5811699491800752e-36 4.51300644928671e-36 1.7270543957214472e-36
0.002059746690910748 2.9985423782477165e-37 3.5212778652166275e-37 5.406202951611358e-37 7.381936582622426e-37 1.1627819108351199e-36 2.60107555343003e-36 4.643633346699304e-36 1.8280404492835695e-36
0.0021077729359698315 3.0013160987732855e-37 3.525103583190903e-37 5.415225923569416e-37 7.398769692204482e-37 1.1669606074612966e-36 2.6216384864208646e-36 4.7817264597199796e-36 1.9370157047690177e-36
0.0021569189887337423 3.004144361071367e-37 3.529005800066937e-37 5.424440143135806e-37 7.41598079932094e-37 1.1712443527682948e-36 2.642876323427723e-36 4.927763997337961e-36 2.05466986486093e-36
0.002207210959286545 3.0070268230147946e-37 3.53298411847327e-37 5.43384533328928e-37 7.43357076115493e-37 1.1756341512708592e-36 2.6648071271261035e-36 5.0822589778449485e-36 2.181755649677637e-36
0.0022586755665101248 3.0099631017795787e-37 3.5370380856907385e-37 5.44344109629262e-37 7.451540238911755e-37 1.1801309830355986e-36 2.6874494780777485e-36 5.245762050884131e-36 2.319094711096719e-36
0.0023113401522792685 3.0129527760606063e-37 3.5411671965908273e-37 5.453226919711545e-37 7.4698897077495045e-37 1.1847358059761965e-36 2.710822507129569e-36 5.418864563772358e-36 2.4675840973940826e-36
0.0023652326959877285 3.015995388359014e-37 3.5453708967022865e-37 5.463202182753398e-37 7.488619467310994e-37 1.1894495583054467e-36 2.734945929759981e-36 5.602201894044815e-36 2.6282033182016414e-36
0.0024203818294129824 3.0190904473892603e-37 3.5496485853828663e-37 5.473366162871164e-37 7.5077296527671455e-37 1.1942731611272022e-36 2.759840082411348e-36 5.796457072236305e-36 2.8020220646728788e-36
0.0024768168519275916 3.022237430511159e-37 3.553999619078682e-37 5.483718042580547e-37 7.52722024628331e-37 1.1992075211513784e-36 2.7855259608521203e-36 6.002364721179702e-36 2.990208645207334e-36
0.002534567746065232 3.025435786212588e-37 3.558423314630087e-37 5.494256916434914e-37 7.547091088819752e-37 1.2042535335155233e-36 2.812025260618381e-36 6.220715340590347e-36 3.194039203178296e-36
0.0025936651934496745 3.028684936621746e-37 3.562918952627483e-37 5.504981798112303e-37 7.567341892184918e-37 1.2094120846968047e-36 2.8393604195911264e-36 6.452359968434525e-36 3.414907789889073e-36
0.0026541405910951734 3.031984279995792e-37 3.5674857807627952e-37 5.515891627564924e-37 7.587972251258424e-37 1.2146840554989512e-36 2.8675546627732184e-36 6.69821525357367e-36 3.654337373509028e-36
0.0027160260680869266 3.0353331932439154e-37 3.5721230171818156e-37 5.526985278183757e-37 7.608981656306893e-37 1.2200703240992344e-36 2.8966320493378593e-36 6.959268977457244e-36 3.91399187307017e-36
0.0027793545026504624 3.038731034367764e-37 3.5768298538070104e-37 5.538261563939489e-37 7.630369505321596e-37 1.2255717691414381e-36 2.9266175220293455e-36 7.236586066233539e-36 4.1956893157990136e-36
0.002844159539619031 3.04217714493058e-37 3.5816054596111313e-37 5.549719246454502e-37 7.652135116304752e-37 1.2311892728615008e-36 2.957536959006023e-36 7.53131513858798e-36 4.5014162261807376e-36
