results/limits/MAQRO_h_phase.dat
# %ECSV 1.0
# ---
# datatype:
# - {name: mx, unit: MeV, datatype: float64}
# - {name: sigma, unit: cm2 MeV4, datatype: float64}
# schema: astropy-2.0
mx sigma
[from data line 358]
0.0012122259692915415 6.125016332202513e-37
0.0012404909310584848 6.3344634369389205e-37
0.0012694149350204683 6.558086940251142e-37
0.0012990133477864558 6.796970789906565e-37
0.0013293018942621524 7.052289913990137e-37
0.001360296666004259 7.325318336068996e-37
0.001392014129769518 7.617438049305925e-37
0.0014244711362630968 7.930148724515402e-37
0.0014576849290909482 8.265078334828947e-37
0.0014916731539209149 8.623994787991329e-37
0.0015264538678574353 9.00881866636629e-37
0.0015620455490348386 9.421637184505083e-37
0.0015984671064343198 9.864719484633447e-37
0.0016357378899298156 1.0340533401652807e-36
0.0016738777005681136 1.0851763841242127e-36
0.0017129068010886602 1.1401332927408768e-36
0.0017528459266886532 1.1992422089406103e-36
0.00179371629603914 1.2628496272371864e-36
0.0018355396225579732 1.331333047143464e-36
0.0018783381259456144 1.405103880551582e-36
0.0019221345439899109 1.4846106364797056e-36
0.001966952144646121 1.5703424085056123e-36
0.0020128147383986056 1.6628326923077806e-36
0.002059746690910748 1.7626635630456016e-36
0.0021077729359698315 1.8704702448703056e-36
0.0021569189887337423 1.986946107709854e-36
0.002207210959286545 2.112848129660589e-36
0.0022586755665101248 2.2490028668943945e-36
0.0023113401522792685 2.3963129770027197e-36
0.0023652326959877285 2.5557643461988367e-36
0.0024203818294129824 2.728433875838528e-36
0.0024768168519275916 2.915497989348271e-36
0.002534567746065232 3.118241926920784e-36
0.0025936651934496745 3.33806990230306e-36
0.0026541405910951734 3.5765162037156047e-36
0.0027160260680869266 3.8352573294595126e-36
0.0027793545026504624 4.1161252581483035e-36
0.002844159539619031 4.421121963805635e-36
0.0029104756083082714 4.7524352973619664e-36
0.0029783379408076585 5.112456368431673e-36
0.0030477825906984404 5.5037985747292877e-36
0.0031188464522080173 5.9293184411690675e-36
0.0031915672798109355 6.392138446673314e-36
0.0032659837082868936 6.895672034091231e-36
0.003342135273246469 7.443651017518111e-36
0.0034200624321353945 8.040155621837782e-36
0.0034998065857286074 8.689647411654434e-36
0.0035814101001254554 9.397005391120407e-36
0.003664916329257761 1.016756558273115e-35
0.0037503696379226933 1.1007164422205209e-35
0.0038378154253526898 1.1922186338391529e-35
0.003927300149334948 1.2919615922077128e-35
0.004018871350893299 1.4007095125964103e-35
0.00411257767954558 1.5192985980331784e-35
0.004208468919149921 1.6486439355400515e-35
0.004306596014353682 1.789747035258976e-35
0.004407011097659079 1.9437040963145063e-35
0.004509767517119906 2.1117150694441771e-35
0.004614919864684026 2.295093593211666e-35
0.004722524005196735 2.4952778880521715e-35
0.004832637106080367 2.7138427005361724e-35
0.004945317667705937 2.952512399135996e-35
0.005060625554472947 3.213175332506094e-35
0.005178622026613854 3.497899571920293e-35
0.005299369772740128 3.808950171137317e-35
0.005422932943147155 4.148808089693851e-35
0.0055493771838957115 4.5201909395712763e-35
0.00567876967168809 4.926075730482496e-35
0.005811179149557424 5.369723805827525e-35
0.0059466759633891655 5.854708179833332e-35
0.006085332099294114 6.384943506698356e-35
0.006227221221852859 6.964718934890461e-35
0.006372418713251954 7.598734124293608e-35
0.006521001713332612 8.292138730868653e-35
0.006673049160573193 9.050575693106241e-35
0.006828641834027273 9.880228687038173e-35
0.006987862396239558 1.0787874152192396e-34
0.00715079543716245 1.1780938329905684e-34
0.007317527519096606 1.2867559798158044e-34
0.007488147222679345 1.4056658033911037e-34
0.007662745193945353 1.5358008585208851e-34
0.007841414192484688 1.678232549146995e-34
0.008024249140723652 1.834135165194317e-34
0.008211347174354735 2.0047957909760703e-34
0.008402807693942412 2.1916251692980214e-34
0.008598732417732204 2.3961696135114416e-34
0.008799225435691074 2.6201240686603377e-34
0.009004393264807849 2.865346432625763e-34
0.009214344905683071 3.1338732588727044e-34
0.009429191900438323 3.4279369741439747e-34
0.009649048391975805 3.7499847573204542e-34
0.009874031184619632 4.102699239786832e-34
0.010104259806171096 4.489021203126218e-34
0.01033985657141083 4.9121744669465915e-34
0.010580946647081629 5.375693178261222e-34
0.010827658118386449 5.883451734261811e-34
0.011080122057036918 6.4396975927108e-34
0.011338472590888495 7.049087248728281e-34
0.01160284697519928 7.716725683668504e-34
0.01187338566555036 8.448209621299603e-34
0.012150232392466372 9.249674958869448e-34
0.012433534237775993 1.0127848776135425e-33
0.01272344171275288 1.109010636435919e-33
0.013020108838078586 1.2144533759948689e-33
0.013323693225669961 1.329999631423379e-33
0.013634356162414448 1.456621388218484e-33
0.013952262695857842 1.5953843269164198e-33
0.014277581721889965 1.7474568636515153e-33
0.014610486074474885 1.9141200634468113e-33
0.014951152617473332 2.0967785105054866e-33
0.015299762338606094 2.2969722279098543e-33
0.015656500445608335 2.5163897480583436e-33
0.016021556464625875 2.7568824449564038e-33
0.016395124340905766 3.020480250207259e-33
0.016777402541834602 3.309408886315577e-33
0.017168594162379338 3.626108763819555e-33
0.01756890703298664 3.973255702916023e-33
0.017978553829998065 4.353783655766861e-33
0.01839775218863974 4.7709096226379766e-33
0.01882672481864659 5.228160973809816e-33
0.01926569962258253 5.729405409462112e-33
0.019714909816919448 6.278883812477939e-33
0.020174594055939365 6.881246272793927e-33
0.02064499655852557 7.541591591130618e-33
0.021126367237910063 8.265510596945076e-33
0.021618961834446313 9.059133646207439e-33
0.02212304205147776 9.929182713366525e-33
0.022638875694374342 1.0883028498849966e-32
0.0231667368128109 1.1928753074920019e-32
0.02370690584636297 1.3075218542102302e-32
0.024259669773497434 1.4332142376173492e-32
0.024825322264037063 1.5710179956575066e-32
0.025404163835180054 1.7221015207567716e-32
0.025996502011157406 1.8877459813269536e-32
0.026602651486612925 2.0693562111704777e-32
0.027222934293792744 2.2684726669726163e-32
0.027857679973633073 2.4867844974669267e-32
0.02850722575083718 2.7261439170182676e-32
0.02917191671303455 2.9885819302153673e-32
0.029852105994117403 3.2763256589554234e-32
0.030548154961852016 3.5918171888316047e-32
0.031260433409864494 3.937734383957554e-32
0.031989319754103004 4.3170135921813646e-32
0.0327352012338808 4.7328747888390835e-32
0.03349847411760691 5.188848698941625e-32
0.034279543913313774 5.688806975354814e-32
0.03507882558409363 6.236995078885976e-32
0.03589674376855814 6.838068375072e-32
0.03673373300643846 7.497131716921002e-32
0.037590237969445384 8.219782633774604e-32
0.038466713697512506 9.012159750359846e-32
0.03936362584054766 9.880993806412288e-32
0.04028145090582124 1.0833665638463913e-31
0.04122067651112274 1.1878268762545882e-31
0.04218180164382002 1.302367819692632e-31
0.043165336925959 1.4279625931349648e-31
0.044171804885544536 1.565678368467516e-31
0.04520174023414663 1.7166853654805376e-31
0.046255690150979495 1.8822668032775788e-31
0.047334214573604344 2.063829812742323e-31
0.048437886495410414 2.2629174028795867e-31
0.04956729227003216 2.481221582810827e-31
0.05072303192286451 2.7205975744245426e-31
0.051905719469841495 2.9830802721161683e-31
0.05311598324364777 3.27090055960952e-31
0.05435446622753626 3.58650491931216e-31
0.05562182639692926 3.9325760847107856e-31
0.056918737068984544 4.312055855989392e-31
0.058245887260312136 4.728170119100025e-31
0.05960398205303182 5.184456281091047e-31
0.06099374296936585 5.68479335505026e-31
0.06241590835496589 6.233434950557545e-31
0.06387123377117784 6.835045450255672e-31
0.06536049239645289 7.494739680248707e-31
0.06688447543711816 8.218126411755706e-31
0.06844399254772507 9.011356064035682e-31
0.0700398722611988 9.88117301433551e-31
0.0716729624290174 1.0834972959799508e-30
0.07334413067165428 1.1880865819251043e-30
0.07505426483952363 1.3027744709878324e-30
0.07680427348467332 1.4285361585529464e-30
0.07859508634347626 1.5664410179984975e-30
0.08042765483057629 1.7176616960711927e-30
0.08230295254435131 1.8834840866740626e-30
0.08422197578416211 2.0653182679022344e-30
0.08618574407966152 2.2647104953559748e-30
0.08819530073244539 2.483356353744887e-30
0.09025171337033296 2.7231151786495083e-30
0.09235607451457113 2.986025871110472e-30
0.09450950216026408 3.2743242395628176e-30
0.09671314037033632 3.5904620166245285e-30
0.09896815988334524 3.937127712494757e-30
0.10127575873546546 4.3172694823392904e-30
0.10363716289697593 4.734120202171842e-30
0.10605362692358762 5.191225604584241e-30
0.10852643462295801 5.6924719460962325e-30
0.11105689973674641 6.2421227089316735e-30
0.11364636663857243 6.8448524938737e-30
0.11629621104824843 7.505787358884335e-30
0.1190078407626656 8.230548419931402e-30
0.12178269640372161 9.025299662724673e-30
0.12462225218368743 9.896800372046608e-30
0.1275280166884199 1.0852462624640299e-29
0.13050153367883624 1.1900414334688001e-29
0.1335443829110759 1.3049568388143885e-29
0.13665818097578622 1.4309698453976909e-29
0.13984458215697693 1.5691522117173088e-29
0.14310527931090045 1.7206792040626052e-29
0.14644200476542463 1.8868395931338262e-29
0.14985653124037576 2.069046616124519e-29
0.15335067278934078 2.2688499975096943e-29
0.1569262857634292 2.4879491307886044e-29
0.1605852697975066 2.7282075333060654e-29
0.16432956881942368 2.9916686971051354e-29
0.16816117208277714 3.280573470638638e-29
0.172082115223751 3.597379119188507e-29
0.1760944813425998 3.944780226121157e-29
0.1802004021103484 4.3257316127652006e-29
0.18440205890129596 4.7434734718683465e-29
0.18870168395192646 5.201558928419142e-29
0.1931015615468407 5.703884262266319e-29
0.1976040292323402 6.254722049610043e-29
0.20221147905830805 6.858757505267254e-29
0.20692635884904578 7.521128334839213e-29
0.21175117350374192 8.247468435764778e-29
0.2166884863272632 9.043955818981688e-29
0.22174092039197504 9.917365158818686e-29
0.22691115993131514 1.0875125418109416e-28
0.23220195176586036 1.1925383038688857e-28
0.2376161067626448 1.3077071234772616e-28
0.24315650132850383 1.433998597863056e-28
0.24882607893823822 1.5724869324891502e-28
0.25462785169840935 1.7243500782237907e-28
0.2605649019475973 1.8908797509701586e-28
0.26664038389397104 2.073492418983324e-28
0.27285752529104135 2.2737413513330897e-28
0.2792196291524867 2.4933298299974e-28
0.2857300755069626 2.7341256379688133e-28
0.2923923231938275 2.998176946610453e-28
0.2992099117007387 3.287729737399854e-28
0.3061864630440946 3.6052469062507394e-28
0.31332568369332287 3.9534292129148114e-28
0.32063136654003577 4.335238253660001e-28
0.3281073929131 4.753921652631689e-28
0.3357577346406907 5.213040686175633e-28
0.343586456160426 5.716500575096232e-28
0.3515977166787018 6.26858370251729e-28
0.359795772380376 6.873986039897834e-28
0.368184978689974 7.5378570910441635e-28
0.3767697925856183 8.265843693883668e-28
0.38555477496691104 9.064138052580092e-28
0.394544593078027 9.939530408553547e-28
0.4037440229873054 1.0899466798427279e-27
0.4131579521246571 1.1952112390192833e-27
0.42279138187813525 1.3106420936333743e-27
0.43264943025104924 1.4372210934679257e-27
0.4427373345810337 1.5760249144815702e-27
0.4530604543225162 1.728234217044964e-27
0.4636242738940635 1.8951439455207766e-27
0.47443440559211736 2.0781733384017834e-27
0.48549659257266914 2.2788794734135703e-27
0.4968167119024568 2.4989695527391556e-27
0.5084007776813051 2.7403156587004817e-27
0.5202549442372687 3.0049706777541656e-27
0.5323855093962742 3.295185762414919e-27
0.5447989178279997 3.6134294796386095e-27
0.557501764469769 3.9624088085420155e-27
0.5705007980302781 4.345092166066848e-27
0.5838029245750183 4.7647346564454726e-27
0.5974152111952977 5.224905759241436e-27
0.6113448897628128 5.729519691480659e-27
0.6255993607717623 6.2828687021349675e-27
0.6401861972705483 6.889659582162546e-27
0.6551131488851486 7.555053700661341e-27
0.6703881459363026 8.284710907685008e-27
0.686019303652694 9.084837677160812e-27
0.7020149264823721 9.962239899415441e-27
0.7183835125046995 1.0924380772364739e-26
0.7351337579451718 1.1979444283792253e-26
0.7522745617955077 1.313640482470046e-26
0.7698150305414633 1.44051035258688e-26
0.7877644830008832 1.57963319669414e-26
0.8061324552745581 1.7321923970077778e-26
0.8249287058125218 1.8994856258968262e-26
0.8441632205984669 2.082935883942369e-26
0.8638462184550629 2.2841036040444265e-26
0.8839881564729563 2.5046999245346234e-26
0.9045997355663667 2.746601244196578e-26
0.9256919061582187 3.011865182999669e-26
0.9472758739978306 3.302748084309022e-26
0.9693631061142522 3.621724207446295e-26
0.9919653369084147 3.971506773854269e-26
1.0150945743873274 4.3550710458848563e-26
1.0387631065436362 4.775679634519925e-26
1.0629835078839296 5.236910251293604e-26
1.0877686461092637 5.742686140475442e-26
1.1131316889514546 6.297309450371916e-26
1.1390861111687691 6.905497827604451e-26
1.16564570170473 7.572424545636499e-26
1.1928245710138414 8.303762508885176e-26
1.2206371585581264 9.105732506718467e-26
1.2490982404784545 9.985156127789013e-26
1.2782229374447416 1.0949513784796387e-25
1.3080267226891875 1.2007008343239596e-25
1.3385254302268237 1.3166634895388987e-25
1.369735263267732 1.4438257272978488e-25
1.4016728028254128 1.5832691949439235e-25
1.4343550165258654 1.7361800045350937e-25
1.4677992676220706 1.9038588219714204e-25
1.5020233242186567 2.087731930522996e-25
1.5370453687116559 2.2893633628655433e-25
1.5728840074483612 2.5104682048193387e-25
1.6095582806124205 2.7529271839537995e-25
1.6470876723394143 3.0188026671490966e-25
1.6854921210682972 3.310356203190862e-25
1.7247920301341966 3.6300677596162085e-25
1.7650082786082029 3.980656817440704e-25
1.8061622323899016 4.365105503198946e-25
1.848275755558551 4.78668395506131e-25
1.8913712219889245 5.248978138792027e-25
1.935471527238 5.755920350152911e-25
1.9806001007088037 6.311822663207342e-25
2.0267809180978715 6.921413609037874e-25
2.0740385141329463 7.589878396868113e-25
2.1223979956076717 8.322903019712103e-25
2.171885054720213 9.126722619715885e-25
2.222525982722885 1.0008174524589469e-24
2.274347683890048 1.097475640625964e-24
2.327377689811681 1.2034690056444143e-24
2.3816441740202396 1.3196991321625604e-24
2.437175966958554 1.447154679229538e-24
2.4940025712967335 1.5869197898790329e-24
2.552154177606206 1.7401833129045482e-24
2.611661680399223 1.908248915267229e-24
2.6725566945423505 2.092546171152785e-24
2.7348715720526675 2.294642722001725e-24
2.7986394192855935 2.516257610946605e-24
2.863894114523477 2.7592759050798655e-24
2.9306703259742912 3.0257647299298236e-24
2.999003530189995 3.317990852534943e-24
3.068930030914351 3.638439962679131e-24
3.1404869783702067 3.989837816294822e-24
3.21371238899649 4.3751734208810706e-24
3.2886451656454048 4.797724460152825e-24
3.3653251182505572 5.261085174184813e-24
3.443792984976987 5.769196932199866e-24
3.5240904538643507 6.32638175805561e-24
3.6062601849747473 6.937379093598655e-24
3.6903458330569543 7.607386112597661e-24
3.77639207073912 8.342101928167346e-24
3.8644446122622242 9.147776069714017e-24
3.9545502377669295 1.0031261641750611e-23
4.046756818146711 1.1000073616751717e-23
4.141113340480481 1.2062452757891585e-23
4.237669934058216 1.3227435715394981e-23
4.336477897013409 1.4504931892743273e-23
4.437589723576497 1.5905807736564976e-23
4.541059131963759 1.744197916718353e-23
4.646941092916466 1.912651293604217e-23
4.755291858905486 2.0973737772156883e-23
4.866168994016832 2.2999366263015054e-23
4.979631404534034 2.5220628506644567e-23
5.0957393702336 2.7656418671705487e-23
5.214554576410165 3.032745571225129e-23
5.336140146648369 3.325645960420711e-23
5.4605606763588606 3.6468344602643867e-23
5.587882267096237 3.9990431163700054e-23
5.718172561677172 4.385267833377558e-23
5.851500780117376 4.8087938582707203e-23
5.987937756406471 5.273223724855144e-23
6.127555976140354 5.782507897094831e-23
6.270429615030991 6.340978371959854e-23
6.416634578314149 6.953385527613772e-23
6.566248541075969 7.624938530372407e-23
6.719350989519823 8.361349644138239e-23
6.87602326319537 9.168882819208758e-23
7.036348598212252 1.0054406973757089e-22
