results/limits/MAQRO_f_6.dat
# %ECSV 1.0
# ---
# datatype:
# - {name: mx, unit: MeV, datatype: float64}
# - {name: sigma_6, unit: cm2, datatype: float64}
# schema: astropy-2.0
mx sigma_6
[from data line 358]
0.0012122259692915415 1.9649688574410885e-35
0.0012404909310584848 1.9589986260252287e-35
0.0012694149350204683 1.9522078972191927e-35
0.0012990133477864558 1.9445924258108546e-35
0.0013293018942621524 1.9361511203848625e-35
0.001360296666004259 1.926886026248146e-35
0.001392014129769518 1.9168022915185527e-35
0.0014244711362630968 1.905908098290253e-35
0.0014576849290909482 1.894214577691648e-35
0.0014916731539209149 1.8817357053767667e-35
0.0015264538678574353 1.868488165760848e-35
0.0015620455490348386 1.8544912121280164e-35
0.0015984671064343198 1.8397664981134306e-35
0.0016357378899298156 1.8243379028459142e-35
0.0016738777005681136 1.8082313404078218e-35
0.0017129068010886602 1.7914745592150037e-35
0.0017528459266886532 1.774096938365652e-35
0.00179371629603914 1.75612927232061e-35
0.0018355396225579732 1.737603563388846e-35
0.0018783381259456144 1.7185528045862604e-35
0.0019221345439899109 1.6990107710453692e-35
0.001966952144646121 1.6790118137808768e-35
0.0020128147383986056 1.6585906599388646e-35
0.002059746690910748 1.6377822214474763e-35
0.0021077729359698315 1.616621412586898e-35
0.0021569189887337423 1.5951429792338204e-35
0.002207210959286545 1.5733813379900172e-35
0.0022586755665101248 1.5513704302624003e-35
0.0023113401522792685 1.5291435865263415e-35
0.0023652326959877285 1.5067334064043654e-35
0.0024203818294129824 1.484171650219539e-35
0.0024768168519275916 1.4614891454013985e-35
0.002534567746065232 1.4387157047270167e-35
0.0025936651934496745 1.4158800585319657e-35
0.0026541405910951734 1.3930097985455214e-35
0.0027160260680869266 1.3701313337017104e-35
0.0027793545026504624 1.347269856859285e-35
0.002844159539619031 1.3244493218827875e-35
0.0029104756083082714 1.3016924304440962e-35
0.0029783379408076585 1.2790206274900664e-35
0.0030477825906984404 1.2564541041847152e-35
0.0031188464522080173 1.234011808489051e-35
0.0031915672798109355 1.2117114615293163e-35
0.0032659837082868936 1.1895695796644821e-35
0.003342135273246469 1.1676015009964624e-35
0.0034200624321353945 1.1458214159954845e-35
0.0034998065857286074 1.1242424013517523e-35
0.0035814101001254554 1.1028764564955474e-35
0.003664916329257761 1.0817345421255087e-35
0.0037503696379226933 1.0608266202504453e-35
0.0038378154253526898 1.0401616958699424e-35
0.003927300149334948 1.0197478587657535e-35
0.004018871350893299 9.995923259441035e-36
0.00411257767954558 9.797014839996921e-36
0.004208468919149921 9.600809316716604e-36
0.004306596014353682 9.40735521246942e-36
0.004407011097659079 9.216693999647633e-36
0.004509767517119906 9.028860502340493e-36
0.004614919864684026 8.843883290134274e-36
0.004722524005196735 8.661785060911621e-36
0.004832637106080367 8.482583012022047e-36
0.004945317667705937 8.30628919864769e-36
0.005060625554472947 8.132910879436843e-36
0.005178622026613854 7.962450848076772e-36
0.005299369772740128 7.794907751002103e-36
0.005422932943147155 7.630276391629975e-36
0.0055493771838957115 7.468548019794796e-36
0.00567876967168809 7.30971060772044e-36
0.005811179149557424 7.153749112318558e-36
0.0059466759633891655 7.00064572400397e-36
0.006085332099294114 6.850380102431906e-36
0.006227221221852859 6.7029295994508e-36
0.006372418713251954 6.558269469484087e-36
0.006521001713332612 6.416373067824772e-36
0.006673049160573193 6.277212037160728e-36
0.006828641834027273 6.140756482771228e-36
0.006987862396239558 6.006975136872405e-36
0.00715079543716245 5.8758355125368055e-36
0.007317527519096606 5.747304047776904e-36
0.007488147222679345 5.6213462401414576e-36
0.007662745193945353 5.4979267723274067e-36
0.007841414192484688 5.377009629178144e-36
0.008024249140723652 5.258558206507562e-36
0.008211347174354735 5.142535412179796e-36
0.008402807693942412 5.028903759825296e-36
0.008598732417732204 4.9176254556518983e-36
0.008799225435691074 4.8086624787418404e-36
0.009004393264807849 4.7019766552126255e-36
0.009214344905683071 4.597529726563323e-36
0.009429191900438323 4.495283412572632e-36
0.009649048391975805 4.395199469032327e-36
0.009874031184619632 4.2972397406757874e-36
0.010104259806171096 4.20136620960551e-36
0.01033985657141083 4.107541039507477e-36
0.010580946647081629 4.0157266159132094e-36
0.010827658118386449 3.925885582767341e-36
0.011080122057036918 3.837980875526361e-36
0.011338472590888495 3.7519757510477955e-36
0.01160284697519928 3.667833814484298e-36
0.01187338566555036 3.585519043391749e-36
0.012150232392466372 3.5049958092345715e-36
0.012433534237775993 3.4262288964715414e-36
0.01272344171275288 3.3491835193980666e-36
0.013020108838078586 3.27382533691588e-36
0.013323693225669961 3.200120465376831e-36
0.013634356162414448 3.128035489638996e-36
0.013952262695857842 3.057537472469777e-36
0.014277581721889965 2.98859396242747e-36
0.014610486074474885 2.9211730003388214e-36
0.014951152617473332 2.855243124477479e-36
0.015299762338606094 2.7907733745470107e-36
0.015656500445608335 2.7277332945675602e-36
0.016021556464625875 2.6660929347563474e-36
0.016395124340905766 2.605822852482324e-36
0.016777402541834602 2.5468941123737524e-36
0.017168594162379338 2.489278285654217e-36
0.01756890703298664 2.4329474487729563e-36
0.017978553829998065 2.3778741813916032e-36
0.01839775218863974 2.3240315637874872e-36
0.01882672481864659 2.2713931737285586e-36
0.01926569962258253 2.2199330828684715e-36
0.019714909816919448 2.1696258527104822e-36
0.020174594055939365 2.120446530183874e-36
0.02064499655852557 2.0723706428723067e-36
0.021126367237910063 2.025374193932401e-36
0.021618961834446313 1.9794336567374056e-36
0.02212304205147776 1.934525969277303e-36
0.022638875694374342 1.8906285283459138e-36
0.0231667368128109 1.847719183542046e-36
0.02370690584636297 1.8057762311099905e-36
0.024259669773497434 1.7647784076431057e-36
0.024825322264037063 1.7247048836716515e-36
0.025404163835180054 1.685535257155068e-36
0.025996502011157406 1.6472495468967583e-36
0.026602651486612925 1.6098281858982673e-36
0.027222934293792744 1.573252014668264e-36
0.027857679973633073 1.5375022745004136e-36
0.02850722575083718 1.502560600733178e-36
0.02917191671303455 1.468409016003272e-36
0.029852105994117403 1.4350299235037008e-36
0.030548154961852016 1.4024061002561362e-36
0.031260433409864494 1.370520690406671e-36
0.031989319754103004 1.3393571985530644e-36
0.0327352012338808 1.3088994831108564e-36
0.03349847411760691 1.2791317497250647e-36
0.034279543913313774 1.2500385447334314e-36
0.03507882558409363 1.2216047486866725e-36
0.03589674376855814 1.1938155699305591e-36
0.03673373300643846 1.1666565382541587e-36
0.037590237969445384 1.1401134986080893e-36
0.038466713697512506 1.1141726048961858e-36
0.03936362584054766 1.0888203138435678e-36
0.04028145090582124 1.0640433789437126e-36
0.04122067651112274 1.0398288444868073e-36
0.04218180164382002 1.0161640396713061e-36
0.043165336925959 9.930365728003338e-37
0.044171804885544536 9.704343255643052e-37
0.04520174023414663 9.483454474108775e-37
0.046255690150979495 9.267583500031004e-37
0.047334214573604344 9.056617017664634e-37
0.048437886495410414 8.85044422525294e-37
0.04956729227003216 8.648956782288072e-37
0.05072303192286451 8.452048757669528e-37
0.051905719469841495 8.259616578760386e-37
0.05311598324364777 8.071558981339751e-37
0.05435446622753626 7.887776960448822e-37
0.05562182639692926 7.708173722126602e-37
0.056918737068984544 7.532654636030471e-37
0.058245887260312136 7.361127188935723e-37
0.05960398205303182 7.193500939107653e-37
0.06099374296936585 7.029687471538582e-37
0.06241590835496589 6.869600354041974e-37
0.06387123377117784 6.713155094194879e-37
0.06536049239645289 6.560269097119721e-37
0.06688447543711816 6.410861624095557e-37
0.06844399254772507 6.264853751988938e-37
0.0700398722611988 6.122168333493921e-37
0.0716729624290174 5.982729958170401e-37
0.07334413067165428 5.846464914269945e-37
0.07505426483952363 5.713301151337709e-37
0.07680427348467332 5.58316824357916e-37
0.07859508634347626 5.455997353979909e-37
0.08042765483057629 5.331721199167059e-37
0.08230295254435131 5.2102740150001445e-37
0.08422197578416211 5.0915915228798745e-37
0.08618574407966152 4.975610896762714e-37
0.08819530073244539 4.862270730869321e-37
0.09025171337033296 4.751511008075009e-37
0.09235607451457113 4.643273068970129e-37
0.09450950216026408 4.537499581578576e-37
0.09671314037033632 4.434134511722529e-37
0.09896815988334524 4.3331230940216315e-37
0.10127575873546546 4.234411803514849e-37
0.10363716289697593 4.1379483278934185e-37
0.10605362692358762 4.043681540333288e-37
0.10852643462295801 3.951561472915639e-37
0.11105689973674641 3.8615392906241665e-37
0.11364636663857243 3.773567265907842e-37
0.11629621104824843 3.6875987537981757e-37
0.1190078407626656 3.6035881675699377e-37
0.12178269640372161 3.5214909549345645e-37
0.12462225218368743 3.441263574755581e-37
0.1275280166884199 3.3628634742754857e-37
0.13050153367883624 3.28624906684374e-37
0.1335443829110759 3.21137971013562e-37
0.13665818097578622 3.1382156848518722e-37
0.13984458215697693 3.0667181738892336e-37
0.14310527931090045 2.996849241972071e-37
0.14644200476542463 2.9285718157355147e-37
0.14985653124037576 2.8618496642506797e-37
0.15335067278934078 2.7966473799826193e-37
0.1569262857634292 2.7329303601719692e-37
0.1605852697975066 2.6706647886312347e-37
0.16432956881942368 2.6098176179469647e-37
0.16816117208277714 2.550356552079117e-37
0.172082115223751 2.4922500293491684e-37
0.1760944813425998 2.4354672058085936e-37
0.1802004021103484 2.3799779389795305e-37
0.18440205890129596 2.3257527719596377e-37
0.18870168395192646 2.272762917883211e-37
0.1931015615468407 2.2209802447309022e-37
0.1976040292323402 2.1703772604804e-37
0.20221147905830805 2.1209270985906975e-37
0.20692635884904578 2.072603503812621e-37
0.21175117350374192 2.0253808183185285e-37
0.2166884863272632 1.9792339681441456e-37
0.22174092039197504 1.9341384499357044e-37
0.22691115993131514 1.8900703179956755e-37
0.23220195176586036 1.8470061716205065e-37
0.2376161067626448 1.804923142723921e-37
0.24315650132850383 1.7637988837394828e-37
0.24882607893823822 1.7236115557962323e-37
0.25462785169840935 1.6843398171613574e-37
0.2605649019475973 1.645962811943956e-37
0.26664038389397104 1.6084601590541082e-37
0.27285752529104135 1.57181194141157e-37
0.2792196291524867 1.5359986953985433e-37
0.2857300755069626 1.5010014005510585e-37
0.2923923231938275 1.4668014694836726e-37
0.2992099117007387 1.4333807380422541e-37
0.3061864630440946 1.4007214556797667e-37
0.31332568369332287 1.3688062760500496e-37
0.32063136654003577 1.3376182478147402e-37
0.3281073929131 1.307140805658517e-37
0.3357577346406907 1.2773577615080547e-37
0.343586456160426 1.2482532959500444e-37
0.3515977166787018 1.2198119498438777e-37
0.359795772380376 1.1920186161245765e-37
0.368184978689974 1.1648585317917018e-37
0.3767697925856183 1.138317270080066e-37
0.38555477496691104 1.112380732808142e-37
0.394544593078027 1.087035142900177e-37
0.4037440229873054 1.062267037078085e-37
0.4131579521246571 1.0380632587193035e-37
0.42279138187813525 1.0144109508768628e-37
0.43264943025104924 9.912975494579997e-38
0.4427373345810337 9.68710776557748e-38
0.4530604543225162 9.466386339440042e-38
0.4636242738940635 9.250693966906312e-38
0.47443440559211736 9.039916069552746e-38
0.48549659257266914 8.833940678985968e-38
0.4968167119024568 8.63265837741753e-38
0.5084007776813051 8.435962239589567e-38
0.5202549442372687 8.243747776020964e-38
0.5323855093962742 8.055912877544042e-38
0.5447989178279997 7.872357761102523e-38
0.557501764469769 7.692984916782248e-38
0.5705007980302781 7.517699056046681e-38
0.5838029245750183 7.346407061149888e-38
0.5974152111952977 7.17901793570031e-38
0.6113448897628128 7.015442756349248e-38
0.6255993607717623 6.855594625578464e-38
0.6401861972705483 6.69938862556209e-38
0.6551131488851486 6.546741773078365e-38
0.6703881459363026 6.397572975447417e-38
0.686019303652694 6.251802987471816e-38
0.7020149264823721 6.109354369357048e-38
0.7183835125046995 5.970151445589779e-38
0.7351337579451718 5.834120264752081e-38
0.7522745617955077 5.701188560250327e-38
0.7698150305414633 5.571285711938099e-38
0.7877644830008832 5.444342708612657e-38
0.8061324552745581 5.320292111365236e-38
0.8249287058125218 5.199068017765645e-38
0.8441632205984669 5.080606026862375e-38
0.8638462184550629 4.964843204979445e-38
0.8839881564729563 4.85171805229214e-38
0.9045997355663667 4.741170470163704e-38
0.9256919061582187 4.633141729225798e-38
0.9472758739978306 4.5275744381858206e-38
0.9693631061142522 4.4244125133445085e-38
0.9919653369084147 4.323601148807675e-38
1.0150945743873274 4.2250867873762976e-38
1.0387631065436362 4.1288170920995777e-38
1.0629835078839296 4.0347409184757815e-38
1.0877686461092637 3.942808287286242e-38
1.1131316889514546 3.8529703580480183e-38
1.1390861111687691 3.765179403071182e-38
1.16564570170473 3.6793887821070147e-38
1.1928245710138414 3.5955529175735444e-38
1.2206371585581264 3.513627270345423e-38
1.2490982404784545 3.433568316095187e-38
1.2782229374447416 3.355333522173454e-38
1.3080267226891875 3.2788813250156766e-38
1.3385254302268237 3.204171108063567e-38
1.369735263267732 3.131163180189416e-38
1.4016728028254128 3.059818754611887e-38
1.4343550165258654 2.9900999282920757e-38
1.4677992676220706 2.92196966179892e-38
1.5020233242186567 2.8553917596332576e-38
1.5370453687116559 2.7903308510001054e-38
1.5728840074483612 2.7267523710189514e-38
1.6095582806124205 2.664622542362059e-38
1.6470876723394143 2.603908357311086e-38
1.6854921210682972 2.5445775602224436e-38
1.7247920301341966 2.486598630392134e-38
1.7650082786082029 2.4299407653109274e-38
1.8061622323899016 2.374573864301004e-38
1.848275755558551 2.3204685125254009e-38
1.8913712219889245 2.2675959653617301e-38
1.935471527238 2.2159281331319007e-38
1.9806001007088037 2.165437566179725e-38
2.0267809180978715 2.1160974402884806e-38
2.0740385141329463 2.0678815424307146e-38
2.1223979956076717 2.020764256842678e-38
2.171885054720213 1.9747205514160308e-38
2.222525982722885 1.9297259643995937e-38
2.274347683890048 1.8857565914040303e-38
2.327377689811681 1.8427890727026574e-38
2.3816441740202396 1.8008005808215205e-38
2.437175966958554 1.7597688084122587e-38
2.4940025712967335 1.7196719564012296e-38
2.552154177606206 1.6804887224086485e-38
2.611661680399223 1.6421982894315824e-38
2.6725566945423505 1.604780314784775e-38
2.7348715720526675 1.568214919293454e-38
2.7986394192855935 1.5324826767323465e-38
2.863894114523477 1.497564603505325e-38
2.9306703259742912 1.4634421485601897e-38
2.999003530189995 1.430097183533228e-38
3.068930030914351 1.3975119931183212e-38
3.1404869783702067 1.3656692656554742e-38
3.21371238899649 1.3345520839337935e-38
3.2886451656454048 1.3041439162039897e-38
3.3653251182505572 1.2744286073956697e-38
3.443792984976987 1.2453903705347258e-38
3.5240904538643507 1.2170137783562748e-38
3.6062601849747473 1.1892837551086991e-38
3.6903458330569543 1.1621855685444115e-38
3.77639207073912 1.1357048220931204e-38
3.8644446122622242 1.1098274472134146e-38
3.9545502377669295 1.0845396959186149e-38
4.046756818146711 1.0598281334729204e-38
4.141113340480481 1.035679631253971e-38
4.237669934058216 1.0120813597780334e-38
4.336477897013409 9.89020781884099e-39
4.437589723576497 9.664856460732955e-39
4.541059131963759 9.444639800000369e-39
4.646941092916466 9.229440841114926e-39
4.755291858905486 9.019145254319694e-39
4.866168994016832 8.813641314889232e-39
4.979631404534034 8.612819843773564e-39
5.0957393702336 8.416574149594628e-39
5.214554576410165 8.224799971964306e-39
5.336140146648369 8.037395426093934e-39
5.4605606763588606 7.854260948665888e-39
5.587882267096237 7.675299244938511e-39
5.718172561677172 7.50041523705617e-39
5.851500780117376 7.329516013537147e-39
5.987937756406471 7.1625107799124e-39
6.127555976140354 6.999310810489015e-39
6.270429615030991 6.839829401212753e-39
6.416634578314149 6.683981823604615e-39
6.566248541075969 6.531685279746921e-39
6.719350989519823 6.382858858295133e-39
6.87602326319537 6.237423491491812e-39
7.036348598212252 6.095301913160137e-39
