results/limits/MAQRO_h_phase.dat
# %ECSV 1.0
# ---
# datatype:
# - {name: mx, unit: MeV, datatype: float64}
# - {name: sigma, unit: cm2 MeV4, datatype: float64}
# schema: astropy-2.0
mx sigma
3.162277660168379e-07 2.622312786705626e-37
3.2360111549336787e-07 2.622312795121937e-37
3.311463862505236e-07 2.622312803935305e-37
3.388675869043115e-07 2.6223128131644568e-37
3.4676881953794695e-07 2.622312822829011e-37
3.548542818811901e-07 2.622312832949508e-37
3.6312826954049566e-07 2.622312843547458e-37
3.715951782811629e-07 2.622312854645385e-37
3.8025950636269697e-07 2.622312866266879e-37
3.89125856928623e-07 2.6223128784366405e-37
3.9819894045202297e-07 2.6223128911805305e-37
4.0748357723809307e-07 2.622312904525636e-37
4.169846999850535e-07 2.6223129185003203e-37
4.2670735640476865e-07 2.6223129331342867e-37
4.3665671190447213e-07 2.6223129484586366e-37
4.4683805233101997e-07 2.6223129645059385e-37
4.572567867791303e-07 2.6223129813103056e-37
4.6791845046510194e-07 2.6223129989074464e-37
4.788287076675383e-07 2.6223130173347642e-37
4.899933547366384e-07 2.622313036631425e-37
5.014183231736547e-07 2.622313056838443e-37
5.131096827821533e-07 2.6223130779987617e-37
5.250736448927506e-07 2.6223131001573593e-37
5.373165656630395e-07 2.62231312336133e-37
5.4984494945446e-07 2.622313147659986e-37
5.626654522879044e-07 2.622313173104974e-37
5.757848853798981e-07 2.6223131997503827e-37
5.892102187612295e-07 2.62231322765283e-37
6.029485849799565e-07 2.6223132568716293e-37
6.17007282890752e-07 2.6223132874688818e-37
6.313937815326057e-07 2.6223133195096117e-37
6.461157240969403e-07 2.6223133530619213e-37
6.611809319882495e-07 2.622313388197129e-37
6.765974089794179e-07 2.6223134249898948e-37
6.923733454639272e-07 2.622313463518429e-37
7.085171228072106e-07 2.622313503864627e-37
7.250373177994646e-07 2.6223135461142162e-37
7.419427072122865e-07 2.622313590357019e-37
7.592422724615558e-07 2.6223136366870493e-37
7.769452043790388e-07 2.6223136852027844e-37
7.950609080952509e-07 2.622313736007342e-37
8.135990080361694e-07 2.6223137892087e-37
8.325693530364543e-07 2.6223138449199215e-37
8.519820215718901e-07 2.622313903259426e-37
8.718473271138315e-07 2.6223139643512023e-37
8.921758236084957e-07 2.622314028325101e-37
9.12978311084014e-07 2.6223140953170786e-37
9.342658413882192e-07 2.6223141654695307e-37
9.560497240602198e-07 2.622314238931557e-37
9.78341532338879e-07 2.622314315859284e-37
1.0011531093113902e-06 2.622314396416214e-37
1.0244965742052174e-06 2.622314480773579e-37
1.048384328826741e-06 2.6223145691106455e-37
1.0728290641500308e-06 2.622314661615175e-37
1.0978437670592484e-06 2.6223147584837842e-37
1.1234417272482566e-06 2.6223148599223563e-37
1.149636544281106e-06 2.622314966146464e-37
1.1764421348171486e-06 2.622315077381902e-37
1.2038727400046132e-06 2.622315193865068e-37
1.2319429330465773e-06 2.622315315843539e-37
1.2606676269433496e-06 2.622315443576592e-37
1.2900620824153782e-06 2.622315577335666e-37
1.3201419160108953e-06 2.62231571740509e-37
1.3509231084026028e-06 2.622315864082537e-37
1.38242201287781e-06 2.6223160176797673e-37
1.4146553640265304e-06 2.622316178523229e-37
1.447640286632156e-06 2.6223163469547898e-37
1.4813943047694329e-06 2.6223165233324173e-37
1.5159353511145682e-06 2.6223167080309903e-37
1.5512817764724183e-06 2.6223169014430715e-37
1.587452359525819e-06 2.622317103979716e-37
1.6244663168122348e-06 2.6223173160714176e-37
1.6623433129330315e-06 2.6223175381689406e-37
1.7011034710007933e-06 2.6223177707443265e-37
1.740767383330235e-06 2.622318014291904e-37
1.7813561223783898e-06 2.6223182693292896e-37
1.8228912519398869e-06 2.622318536398541e-37
1.8653948386032614e-06 2.6223188160672945e-37
1.908889463474389e-06 2.622319108929951e-37
1.9533982341732686e-06 2.622319415608953e-37
1.9989447971105317e-06 2.6223197367561328e-37
2.045553350050195e-06 2.622320073054039e-37
2.0932486549653353e-06 2.6223204252174267e-37
2.1420560511935146e-06 2.622320793994818e-37
2.192001468898943e-06 2.622321180169974e-37
2.2431114428485372e-06 2.622321584563694e-37
2.2954131265091837e-06 2.622322008035461e-37
2.3489343064737076e-06 2.6223224514853302e-37
2.403703417223201e-06 2.622322915855801e-37
2.4597495562335635e-06 2.6223234021338613e-37
2.5171024994342686e-06 2.6223239113530298e-37
2.575792717027583e-06 2.622324444595613e-37
2.635851389676631e-06 2.622325002994961e-37
2.6973104250709106e-06 2.62232558773789e-37
2.760202474878063e-06 2.6223262000672315e-37
2.8245609520908932e-06 2.6223268412844186e-37
2.8904200487788716e-06 2.622327512752302e-37
2.9578147542535346e-06 2.6223282158980343e-37
3.026780873657441e-06 2.6223289522160687e-37
3.097355046986562e-06 2.6223297232713987e-37
3.1695747685562034e-06 2.6223305307028168e-37
3.2434784069208122e-06 2.622331376226455e-37
3.319105225258239e-06 2.6223322616394074e-37
3.3964954022292982e-06 2.622333188823533e-37
3.4756900533236943e-06 2.622334159749483e-37
3.5567312527036693e-06 2.622335176480893e-37
3.6396620555569646e-06 2.6223362411787302e-37
3.7245265209709786e-06 2.622337356105924e-37
3.811369735340273e-06 2.6223385236321636e-37
3.900237836319859e-06 2.6223397462389495e-37
3.991178037336996e-06 2.6223410265248348e-37
4.0842386526745176e-06 2.622342367210972e-37
4.179469123139017e-06 2.6223437711469014e-37
4.2769200423275275e-06 2.622345241316584e-37
4.376643183506652e-06 2.6223467808447814e-37
4.478691527118417e-06 2.622348393003649e-37
4.583119288927478e-06 2.622350081219743e-37
4.689981948824612e-06 2.6223518490812625e-37
4.799336280301815e-06 2.6223537003457004e-37
4.911240380614659e-06 2.6223556389478218e-37
5.0257537016479225e-06 2.6223576690080334e-37
5.142937081500915e-06 2.6223597948411294e-37
5.262852776809252e-06 2.6223620209654764e-37
5.385564495820272e-06 2.622364352112612e-37
5.511137432239651e-06 2.622366793237312e-37
5.639638299867211e-06 2.622369349528099e-37
5.771135368040315e-06 2.6223720264183e-37
5.905698497903673e-06 2.6223748295975896e-37
6.043399179524854e-06 2.6223777650240616e-37
6.184310569875183e-06 2.622380838936916e-37
6.32850753169624e-06 2.6223840578697326e-37
6.47606667327258e-06 2.6223874286643275e-37
6.627066389131828e-06 2.6223909584853268e-37
6.781586901693754e-06 2.622394654835383e-37
6.939710303890459e-06 2.6223985255711357e-37
7.101520602780329e-06 2.6224025789198904e-37
7.267103764178904e-06 2.6224068234971372e-37
7.436547758330399e-06 2.6224112683248533e-37
7.609942606644117e-06 2.622415922850685e-37
7.787380429520604e-06 2.622420796968028e-37
7.968955495292936e-06 2.62242590103708e-37
8.15476427030917e-06 2.622431245906834e-37
8.344905470182516e-06 2.6224368429381787e-37
8.539480112236516e-06 2.622442704028032e-37
8.738591569173047e-06 2.622448841634645e-37
8.942345623991688e-06 2.6224552688040844e-37
9.150850526189614e-06 2.6224619991979743e-37
9.364217049271877e-06 2.6224690471225452e-37
9.58255854960264e-06 2.622476427559058e-37
9.805991026628606e-06 2.6224841561956487e-37
1.0034633184506672e-05 2.622492249460696e-37
1.0268606495168497e-05 2.6225007245577502e-37
1.0508035262855554e-05 2.6225095995021225e-37
1.07530466901589e-05 2.6225188931591894e-37
1.1003770945598772e-05 2.622528625284523e-37
1.1260341232779899e-05 2.6225388165658843e-37
1.1522893861159297e-05 2.6225494886672426e-37
1.1791568318464117e-05 2.6225606642748342e-37
1.206650734479802e-05 2.622572367145427e-37
1.2347857008475478e-05 2.622584622156826e-37
1.263576678362426e-05 2.622597455360824e-37
1.293038962959737e-05 2.6226108940385747e-37
1.3231882072236462e-05 2.622624966758658e-37
1.3540404287030327e-05 2.6226397034378396e-37
1.3856120184212054e-05 2.6226551354047015e-37
1.4179197495840522e-05 2.6226712954663167e-37
1.4509807864912299e-05 2.6226882179780233e-37
1.484812693655133e-05 2.622705938916529e-37
1.5194334451324849e-05 2.62272449595647e-37
1.5548614340735104e-05 2.62274392855054e-37
1.5911154824937624e-05 2.6227642780135e-37
1.6282148512737936e-05 2.6227855876100445e-37
1.6661792503919872e-05 2.6228079026469148e-37
1.7050288493959805e-05 2.6228312705693073e-37
1.7447842881182494e-05 2.6228557410618622e-37
1.785466687641539e-05 2.6228813661544098e-37
1.8270976615199758e-05 2.6229082003327745e-37
1.869699327261814e-05 2.622936300654724e-37
1.91329431807992e-05 2.622965726871459e-37
1.957905794916243e-05 2.622996541554856e-37
2.003557458746648e-05 2.6230288102306984e-37
2.0502735631726606e-05 2.6230626015182392e-37
2.0980789273068064e-05 2.6230979872763126e-37
2.1469989489583918e-05 2.623135042756433e-37
2.1970596181267336e-05 2.6231738467630844e-37
2.2482875308090033e-05 2.6232144818216173e-37
2.3007099031300245e-05 2.6232570343540917e-37
2.354354585801526e-05 2.623301594863424e-37
2.4092500789185385e-05 2.6233482581263044e-37
2.4654255471007912e-05 2.62339712339518e-37
2.5229108349871537e-05 2.623448294609876e-37
2.5817364830913554e-05 2.6235018806191835e-37
2.641933744027406e-05 2.6235579954129854e-37
2.7035345991133382e-05 2.6236167583653765e-37
2.7665717753620915e-05 2.623678294489284e-37
2.8310787628685666e-05 2.623742734703206e-37
2.8970898326020842e-05 2.623810216110553e-37
2.964640054613707e-05 2.6238808822922813e-37
3.033765316668089e-05 2.623954883613378e-37
3.104502343309761e-05 2.6240323775439263e-37
3.176888715373972e-05 2.6241135289953766e-37
3.25096288995246e-05 2.624198510672837e-37
3.326764220824756e-05 2.624287503444039e-37
3.4043329793658724e-05 2.6243806967258873e-37
3.483710375941493e-05 2.624478288889373e-37
3.5649385818020195e-05 2.6245804876837117e-37
3.648060751487119e-05 2.6246875106807195e-37
3.73312104575266e-05 2.624799585740267e-37
3.820164655032238e-05 2.624916951497952e-37
3.90923782344573e-05 2.6250398578759615e-37
4.0003878733676586e-05 2.625168566618311e-37
4.093663230568398e-05 2.625303351851557e-37
4.1891134499415887e-05 2.625444500672306e-37
4.2867892418314344e-05 2.6255923137627132e-37
4.386742498973848e-05 2.6257471060354118e-37
4.489026324065786e-05 2.625909207309207e-37
4.5936950579773975e-05 2.62607896301711e-37
4.700804308621986e-05 2.626256734948221e-37
4.8104109804991236e-05 2.6264429020251133e-37
4.922573304926602e-05 2.62663786111846e-37
5.0373508709772956e-05 2.626842027900696e-37
5.154804657137365e-05 2.6270558377406277e-37
5.27499706370262e-05 2.6272797466409828e-37
5.397991945930254e-05 2.6275142322209764e-37
5.5238546479635675e-05 2.6277597947461473e-37
5.6526520375476976e-05 2.6280169582077225e-37
5.784452541554797e-05 2.628286271453981e-37
5.9193261823375433e-05 2.628568309376117e-37
6.057344614930286e-05 2.6288636741514092e-37
6.198581165117595e-05 2.6291729965463305e-37
6.34311086839044e-05 2.6294969372827597e-37
6.491010509810695e-05 2.629836188470293e-37
6.642358664805138e-05 2.6301914751079674e-37
6.797235740910648e-05 2.630563556658884e-37
6.955724020492732e-05 2.630953228701312e-37
7.117907704460117e-05 2.631361324660133e-37
7.283872956998614e-05 2.6317887176226516e-37
7.453707951348025e-05 2.6322363222429826e-37
7.627502916646401e-05 2.632705096739516e-37
7.805350185866558e-05 2.63319604499011e-37
7.987344244870308e-05 2.633710218730028e-37
8.173581782606456e-05 2.634248719857791e-37
8.364161742479263e-05 2.6348127028544512e-37
8.559185374914618e-05 2.635403377322117e-37
8.758756291151902e-05 2.636022010647825e-37
8.96298051829007e-05 2.6366699307992097e-37
9.17196655561724e-05 2.6373485292587925e-37
9.385825432253677e-05 2.6380592641041e-37
9.604670766138824e-05 2.6388036632411443e-37
9.828618824393714e-05 2.639583327799359e-37
0.00010057788585090809 2.640399935696409e-37
0.00010292301800464121 2.6412552453818702e-37
0.00010532283061593165 2.6421510997692006e-37
0.00010777859864595113 2.643089430366106e-37
0.00011029162678360347 2.6440722616137668e-37
0.00011286325013867351 2.645101715446326e-37
0.00011549483495113791 2.6461800160823277e-37
0.00011818777931701482 2.6473094950608533e-37
0.0001209435139311377 2.648492596535606e-37
0.00012376350284724815 2.6497318828411056e-37
0.00012664924425581149 2.6510300403460456e-37
0.00012960227127996844 2.6523898856096386e-37
0.00013262415279004548 2.653814371857974e-37
0.00013571649423705693 2.6553065957982323e-37
0.0001388809385056415 2.656869804789913e-37
0.00014211916678688624 2.6585074043933205e-37
0.00014543289947150178 2.6602229663168903e-37
0.0001488238970638237 2.662020236786339e-37
0.00015229396111712465 2.663903145360059e-37
0.00015584493519073535 2.6658758142167947e-37
0.00015947870582948208 2.667942567943401e-37
0.00016319720356596128 2.670107943852219e-37
0.00016700240394618395 2.672376702859714e-37
0.00017089632857913436 2.674753840960027e-37
0.000174881046210801 2.6772446013294873e-37
0.00017895867382325032 2.679854487100545e-37
0.0001831313777593269 2.682589274846263e-37
0.00018740137487357792 2.6854550288193813e-37
0.00019177093371001327 2.68845811599308e-37
0.000196242375707327 2.6916052219538862e-37
0.00020081807643222024 2.6949033677007855e-37
0.00020550046684148122 2.6983599274085337e-37
0.0002102920345734925 2.7019826472173574e-37
0.0002151953252698519 2.705779665115802e-37
0.00022021294392780895 2.7097595319884248e-37
0.00022534755628423554 2.713931233905403e-37
0.0002306018902318662 2.718304215736893e-37
0.00023597873726856003 2.7228884061812745e-37
0.0002414809539803547 2.7276942443032228e-37
0.0002471114635590999 2.732732707684935e-37
0.00025287325735547713 2.738015342301858e-37
0.00025876939646823026 2.74355429424299e-37
0.00026480301337045197 2.749362343405218e-37
0.000270977313573789 2.755452939301523e-37
0.00027729557733145163 2.761840239133994e-37
0.00028376116138093086 2.7685391482947224e-37
0.0002903775007273506 2.7755653634709344e-37
0.00029714811046840066 2.7829354185450316e-37
0.00030407658766182135 2.7906667334958977e-37
0.00031116661323643183 2.7987776665249044e-37
0.0003184219539477161 2.807287569648562e-37
0.00032584646437900766 2.8162168480200942e-37
0.00033344408898933415 2.8255870232642095e-37
0.0003412188642090111 2.8354208011334584e-37
0.0003491749205840977 2.84574214382079e-37
0.0003573164849708539 2.8565763472916e-37
0.0003656478827813646 2.8679501240297594e-37
0.0003741735402815245 2.8798916916262766e-37
0.0003828979869426037 2.892430867676514e-37
0.000391825857847644 2.905599171492484e-37
0.000400961896153964 2.9194299331812513e-37
0.0004103109556130814 2.9339584106889495e-37
0.0004198780031493915 2.9492219154629958e-37
0.00042966812149897106 2.9652599474429466e-37
0.000439686511909911 2.982114340153834e-37
0.0004499384969056106 2.999829416744954e-37
0.00046042952311250296 3.018452157892728e-37
0.0004711651641537129 3.0380323825688974e-37
0.00048215112361018567 3.05862294276567e-37
0.0004933932380508582 3.0802799333681788e-37
0.0005048974801334842 3.103062918472494e-37
0.0005166699617777604 3.127035175565458e-37
0.0005287169374124361 3.152263959111442e-37
0.0005410448072981404 3.1788207852320137e-37
0.0005536601209276797 3.2067817393183777e-37
0.0005665695805056229 3.236227808584608e-37
0.0005797800445090163 3.267245241753297e-37
0.0005932985313311235 3.2999259382657738e-37
0.000607132223010125 3.3343678696281182e-37
0.0006212884690447563 3.3706755357430615e-37
0.0006357747902989163 3.4089604593389576e-37
0.0006505988829973161 3.4493417218914975e-37
0.0006657686228142928 3.4919465447445833e-37
0.0006812920690579615 3.536910919475354e-37
0.0006971774689519261 3.5843802919179285e-37
0.0007134332620168255 3.6345103046630275e-37
0.0007300680845540431 3.6874676032899054e-37
0.0007470907742339592 3.7434307120655085e-37
0.0007645103747911887 3.802590985367733e-37
0.0007823361408292924 3.865153641658254e-37
0.00080057754273752 3.9313388874507575e-37
0.0008192442717221943 4.001383139396572e-37
0.0008383462449554094 4.075540353347658e-37
0.0008578936108437789 4.154083470062229e-37
0.0008778967544200344 4.237305988098036e-37
0.000898366302860337 4.325523675399859e-37
0.0009193131311302326 4.419076432140115e-37
0.0009407483677622533 4.518330318524087e-37
0.000962683400768232 4.6236797625357696e-37
0.000985129883689471 4.735549963989274e-37
0.0010080997417879817 4.85439951277903e-37
0.0010316051783820807 4.980723240906218e-37
0.0010556586813297128 5.1150553297180315e-37
0.0010802730296629402 5.257972695852221e-37
0.001105461300377127 5.410098681656058e-37
0.0011312368753784248 5.572107078373493e-37
0.0011576134485932472 5.744726513197441e-37
