results/limits/MAQRO_l_phase.dat
# %ECSV 1.0
# ---
# datatype:
# - {name: mx, unit: MeV, datatype: float64}
# - {name: sigma_10, unit: cm2, datatype: float64}
# - {name: sigma_9, unit: cm2, datatype: float64}
# - {name: sigma_7, unit: cm2, datatype: float64}
# - {name: sigma_6, unit: cm2, datatype: float64}
# - {name: sigma_5, unit: cm2, datatype: float64}
# - {name: sigma_4, unit: cm2, datatype: float64}
# - {name: sigma_3, unit: cm2, datatype: float64}
# - {name: sigma_2, unit: cm2, datatype: float64}
# schema: astropy-2.0
mx sigma_10 sigma_9 sigma_7 sigma_6 sigma_5 sigma_4 sigma_3 sigma_2
3.162277660168379e-07 4.257305001334137e-44 4.560447085010668e-44 6.863340136946101e-44 9.197904001086348e-44 1.3933950446978624e-43 2.7619305443794925e-43 2.7222681929657914e-43 3.9273116787374364e-44
3.2360111549336787e-07 4.250945352741575e-44 4.559864973429191e-44 6.863340137553444e-44 9.197904002222205e-44 1.3933950449584905e-43 2.761930545410556e-43 2.722268196381941e-43 3.9273116906412786e-44
3.311463862505236e-07 4.2446199963668936e-44 4.559320861498285e-44 6.863340138192846e-44 9.19790400341164e-44 1.393395045231413e-43 2.761930546490262e-43 2.7222681999592534e-43 3.927311703106705e-44
3.388675869043115e-07 4.238329372229902e-44 4.558812682142412e-44 6.863340138865519e-44 9.197904004657192e-44 1.3933950455172107e-43 2.761930547620905e-43 2.722268203705331e-43 3.9273117161602084e-44
3.4676881953794695e-07 4.232073940302847e-44 4.558338440159693e-44 6.863340139572711e-44 9.197904005961506e-44 1.393395045816492e-43 2.761930548804887e-43 2.7222682076281394e-43 3.9273117298295374e-44
3.548542818811901e-07 4.225854180998638e-44 4.557896213667556e-44 6.863340140315854e-44 9.197904007327354e-44 1.3933950461298923e-43 2.761930550044727e-43 2.722268211736011e-43 3.927311744143742e-44
3.6312826954049566e-07 4.2196705956248015e-44 4.55748415508247e-44 6.863340141096421e-44 9.197904008757642e-44 1.3933950464580784e-43 2.761930551343059e-43 2.7222682160376804e-43 3.927311759133242e-44
3.715951782811629e-07 4.2135237068381645e-44 4.557100491671545e-44 6.863340141915937e-44 9.1979040102554e-44 1.3933950468017464e-43 2.7619305527026395e-43 2.722268220542286e-43 3.9273117748298993e-44
3.8025950636269697e-07 4.2074140590777773e-44 4.556743525697068e-44 6.863340142776078e-44 9.19790401182383e-44 1.393395047161628e-43 2.761930554126365e-43 2.722268225259409e-43 3.92731179126708e-44
3.89125856928623e-07 4.2013422189883296e-44 4.556411634190013e-44 6.8633401436785415e-44 9.197904013466242e-44 1.3933950475384875e-43 2.761930555617254e-43 2.7222682301990683e-43 3.927311808479714e-44
3.9819894045202297e-07 4.195308775820902e-44 4.556103268383147e-44 6.863340144625248e-44 9.197904015186138e-44 1.3933950479331264e-43 2.7619305571784794e-43 2.722268235371766e-43 3.927311826504383e-44
4.0748357723809307e-07 4.189314341798113e-44 4.55581695283173e-44 6.863340145618079e-44 9.197904016987182e-44 1.3933950483463828e-43 2.7619305588133593e-43 2.7222682407884944e-43 3.927311845379398e-44
4.169846999850535e-07 4.1833595524731447e-44 4.555551284258888e-44 6.86334014665911e-44 9.197904018873188e-44 1.3933950487791353e-43 2.761930560525366e-43 2.722268246460767e-43 3.9273118651448765e-44
4.2670735640476865e-07 4.1774450670290594e-44 4.555304930155642e-44 6.863340147750467e-44 9.19790402084817e-44 1.3933950492323036e-43 2.7619305623181408e-43 2.7222682524006394e-43 3.9273118858428284e-44
4.3665671190447213e-07 4.1715715685568255e-44 4.555076627165916e-44 6.863340148894442e-44 9.197904022916328e-44 1.3933950497068512e-43 2.7619305641954925e-43 2.722268258620735e-43 3.9273119075172427e-44
4.4683805233101997e-07 4.1657397642935896e-44 4.554865179285688e-44 6.8633401500934e-44 9.19790402508205e-44 1.3933950502037858e-43 2.76193056616141e-43 2.722268265134276e-43 3.927311930214185e-44
4.572567867791303e-07 4.1599503858070235e-44 4.554669455912734e-44 6.863340151349862e-44 9.197904027349948e-44 1.3933950507241647e-43 2.761930568220075e-43 2.722268271955106e-43 3.9273119539819015e-44
4.6791845046510194e-07 4.15420418912646e-44 4.554488389758276e-44 6.863340152666431e-44 9.197904029724842e-44 1.3933950512690931e-43 2.7619305703758627e-43 2.7222682790977202e-43 3.9273119788709014e-44
4.788287076675383e-07 4.1485019548193627e-44 4.554320974667473e-44 6.863340154045927e-44 9.197904032211774e-44 1.3933950518397305e-43 2.7619305726333524e-43 2.7222682865773e-43 3.9273120049340847e-44
4.899933547366384e-07 4.1428444880012514e-44 4.554166263348334e-44 6.863340155491194e-44 9.19790403481603e-44 1.3933950524372881e-43 2.7619305749973434e-43 2.722268294409743e-43 3.927312032226847e-44
5.014183231736547e-07 4.1372326182815293e-44 4.554023365057435e-44 6.863340157005284e-44 9.197904037543148e-44 1.3933950530630375e-43 2.761930577472861e-43 2.722268302611696e-43 3.9273120608071954e-44
5.131096827821533e-07 4.1316671996209915e-44 4.553891443239283e-44 6.863340158591403e-44 9.19790404039892e-44 1.3933950537183063e-43 2.761930580065163e-43 2.722268311200591e-43 3.9273120907358743e-44
5.250736448927506e-07 4.1261491101050516e-44 4.553769713153186e-44 6.863340160252873e-44 9.197904043389419e-44 1.393395054404489e-43 2.7619305827797623e-43 2.7222683201946816e-43 3.9273121220764927e-44
5.373165656630395e-07 4.1206792516542803e-44 4.553657439496951e-44 6.863340161993218e-44 9.197904046521007e-44 1.3933950551230441e-43 2.7619305856224297e-43 2.722268329613087e-43 3.9273121548956646e-44
5.4984494945446e-07 4.115258549587144e-44 4.553553934045746e-44 6.863340163816109e-44 9.197904049800317e-44 1.3933950558754979e-43 2.7619305885992028e-43 2.7222683394758204e-43 3.927312189263135e-44
5.626654522879044e-07 4.1098879521147984e-44 4.553458553312346e-44 6.863340165725418e-44 9.197904053234352e-44 1.39339505666345e-43 2.761930591716412e-43 2.722268349803848e-43 3.927312225251955e-44
5.757848853798981e-07 4.1045684297039374e-44 4.553370696251356e-44 6.863340167725175e-44 9.197904056830389e-44 1.393395057488576e-43 2.7619305949806813e-43 2.7222683606191176e-43 3.927312262938615e-44
5.892102187612295e-07 4.099300974350187e-44 4.553289802013949e-44 6.863340169819607e-44 9.197904060596074e-44 1.393395058352628e-43 2.7619305983989484e-43 2.722268371944619e-43 3.92731230240321e-44
6.029485849799565e-07 4.094086598650112e-44 4.553215347739753e-44 6.863340172013154e-44 9.19790406453941e-44 1.3933950592574428e-43 2.761930601978477e-43 2.7222683838044197e-43 3.92731234372962e-44
6.17007282890752e-07 4.08892633481678e-44 4.553146846436146e-44 6.863340174310445e-44 9.197904068668776e-44 1.3933950602049442e-43 2.761930605726876e-43 2.722268396223729e-43 3.927312387005681e-44
6.313937815326057e-07 4.083821233510333e-44 4.553083844910581e-44 6.863340176716426e-44 9.19790407299297e-44 1.3933950611971463e-43 2.7619306096521167e-43 2.7222684092289423e-43 3.927312432323366e-44
6.461157240969403e-07 4.0787723625047075e-44 4.553025921774829e-44 6.863340179236107e-44 9.197904077521142e-44 1.3933950622361563e-43 2.761930613762533e-43 2.722268422847698e-43 3.9273124797789963e-44
6.611809319882495e-07 4.0737808052230365e-44 4.552972685532927e-44 6.863340181874885e-44 9.19790408226296e-44 1.3933950633241853e-43 2.761930618066868e-43 2.7222684371089465e-43 3.9273125294734384e-44
6.765974089794179e-07 4.0688476590823003e-44 4.552923772742794e-44 6.863340184638342e-44 9.197904087228466e-44 1.3933950644635423e-43 2.761930622574267e-43 2.7222684520429923e-43 3.9273125815122975e-44
6.923733454639272e-07 4.0639740336947003e-44 4.552878846256697e-44 6.863340187532341e-44 9.197904092428237e-44 1.3933950656566513e-43 2.761930627294312e-43 2.7222684676815802e-43 3.9273126360061873e-44
7.085171228072106e-07 4.059161048849162e-44 4.552837593543348e-44 6.863340190563052e-44 9.197904097873315e-44 1.3933950669060472e-43 2.7619306322370322e-43 2.722268484057948e-43 3.927312693070937e-44
7.250373177994646e-07 4.0544098323313026e-44 4.552799725088975e-44 6.863340193736875e-44 9.197904103575276e-44 1.3933950682143858e-43 2.7619306374129353e-43 2.722268501206899e-43 3.927312752827803e-44
7.419427072122865e-07 4.049721517573127e-44 4.552764972883754e-44 6.863340197060564e-44 9.19790410954624e-44 1.393395069584447e-43 2.7619306428330195e-43 2.7222685191648843e-43 3.9273128154038214e-44
7.592422724615558e-07 4.045097241066972e-44 4.552733088978185e-44 6.863340200541179e-44 9.197904115798887e-44 1.393395071019144e-43 2.761930648508807e-43 2.7222685379700694e-43 3.927312880931973e-44
7.769452043790388e-07 4.040538139623414e-44 4.552703844123015e-44 6.863340204186094e-44 9.197904122346513e-44 1.393395072521525e-43 2.761930654452359e-43 2.7222685576624223e-43 3.927312949551531e-44
7.950609080952509e-07 4.036045347425446e-44 4.552677026484939e-44 6.863340208003105e-44 9.197904129203047e-44 1.3933950740947842e-43 2.7619306606763112e-43 2.722268578283801e-43 3.9273130214083505e-44
8.135990080361694e-07 4.031619992867096e-44 4.55265244043016e-44 6.863340212000274e-44 9.197904136383044e-44 1.3933950757422639e-43 2.7619306671938892e-43 2.7222685998780297e-43 3.927313096655148e-44
8.325693530364543e-07 4.027263195237024e-44 4.55262990538666e-44 6.863340216186059e-44 9.197904143901767e-44 1.3933950774674665e-43 2.7619306740189423e-43 2.7222686224910036e-43 3.9273131754518417e-44
8.519820215718901e-07 4.0229760611971703e-44 4.552609254767536e-44 6.863340220569432e-44 9.197904151775204e-44 1.3933950792740594e-43 2.7619306811659843e-43 2.7222686461707867e-43 3.927313257965921e-44
8.718473271138315e-07 4.0187596810745704e-44 4.552590334969798e-44 6.863340225159673e-44 9.197904160020084e-44 1.3933950811658812e-43 2.7619306886501987e-43 2.722268670967707e-43 3.927313344372747e-44
8.921758236084957e-07 4.014615124990548e-44 4.552573004420545e-44 6.863340229966514e-44 9.197904168653919e-44 1.3933950831469525e-43 2.7619306964874916e-43 2.7222686969344676e-43 3.927313434855984e-44
9.12978311084014e-07 4.0105434388563403e-44 4.552557132707186e-44 6.863340235000192e-44 9.19790417769509e-44 1.393395085221485e-43 2.761930704694527e-43 2.7222687241262557e-43 3.927313529607924e-44
9.342658413882192e-07 4.006545640149823e-44 4.552542599738426e-44 6.863340240271385e-44 9.19790418716279e-44 1.3933950873938878e-43 2.7619307132887447e-43 2.7222687526008675e-43 3.927313628829966e-44
9.560497240602198e-07 4.0026227136502527e-44 4.552529294980439e-44 6.863340245791327e-44 9.197904197077144e-44 1.3933950896687778e-43 2.7619307222884097e-43 2.7222687824188218e-43 3.927313732732996e-44
9.78341532338879e-07 3.9987756069876397e-44 4.55251711673505e-44 6.863340251571697e-44 9.197904207459222e-44 1.3933950920509895e-43 2.7619307317126484e-43 2.7222688136434925e-43 3.9273138415378344e-44
1.0011531093113902e-06 3.9950052261475727e-44 4.552505971472035e-44 6.863340257624832e-44 9.197904218331093e-44 1.3933950945455852e-43 2.761930741581493e-43 2.72226884634124e-43 3.9273139554757345e-44
1.0244965742052174e-06 3.9913124308849827e-44 4.55249577320088e-44 6.863340263963567e-44 9.197904229715865e-44 1.393395097157869e-43 2.761930751915919e-43 2.722268880581569e-43 3.9273140747888865e-44
1.048384328826741e-06 3.987698030107229e-44 4.55248644289498e-44 6.863340270601374e-44 9.197904241637735e-44 1.393395099893392e-43 2.7619307627378883e-43 2.722268916437243e-43 3.9273141997308336e-44
1.0728290641500308e-06 3.9841627772292024e-44 4.552477907950581e-44 6.863340277552354e-44 9.197904254122037e-44 1.3933951027579673e-43 2.761930774070405e-43 2.722268953984473e-43 3.927314330567151e-44
1.0978437670592484e-06 3.9807073655659936e-44 4.552470101686309e-44 6.863340284831303e-44 9.197904267195316e-44 1.3933951057576855e-43 2.761930785937555e-43 2.7222689933030647e-43 3.927314467575919e-44
1.1234417272482566e-06 3.977332423772742e-44 4.552462962879386e-44 6.863340292453675e-44 9.197904280885348e-44 1.3933951088989204e-43 2.7619307983645596e-43 2.7222690344765917e-43 3.927314611048341e-44
1.149636544281106e-06 3.9740385113595074e-44 4.552456435336811e-44 6.863340300435661e-44 9.197904295221232e-44 1.3933951121883487e-43 2.7619308113778284e-43 2.7222690775925394e-43 3.927314761289315e-44
1.1764421348171486e-06 3.9708261143412896e-44 4.552450467495023e-44 6.863340308794236e-44 9.19790431023344e-44 1.3933951156329623e-43 2.7619308250050243e-43 2.7222691227425743e-43 3.9273149186182073e-44
1.2038727400046132e-06 3.9676956410688156e-44 4.552445012053415e-44 6.863340317547157e-44 9.197904325953869e-44 1.3933951192400803e-43 2.7619308392751045e-43 2.7222691700226356e-43 3.9273150833693625e-44
1.2319429330465773e-06 3.9646474182062415e-44 4.552440025631322e-44 6.863340326713028e-44 9.197904342415935e-44 1.3933951230173705e-43 2.7619308542184e-43 2.7222692195332124e-43 3.9273152558929524e-44
1.2606676269433496e-06 3.9616816870241804e-44 4.552435468456588e-44 6.863340336311345e-44 9.19790435965465e-44 1.3933951269728636e-43 2.761930869866682e-43 2.7222692713795642e-43 3.927315436555692e-44
1.2900620824153782e-06 3.958798599903397e-44 4.552431304069472e-44 6.863340346362475e-44 9.197904377706612e-44 1.3933951311149627e-43 2.7619308862531905e-43 2.7222693256718442e-43 3.927315625741502e-44
1.3201419160108953e-06 3.955998217236392e-44 4.552427499059057e-44 6.863340356887815e-44 9.197904396610211e-44 1.393395135452472e-43 2.7619309034127654e-43 2.722269382525469e-43 3.9273158238525225e-44
1.3509231084026028e-06 3.9532805046089493e-44 4.55242402281227e-44 6.863340367909708e-44 9.197904416405619e-44 1.3933951399946108e-43 2.761930921381872e-43 2.7222694420612578e-43 3.9273160313097827e-44
1.38242201287781e-06 3.950645330449712e-44 4.552420847286515e-44 6.863340379451603e-44 9.197904437134917e-44 1.3933951447510347e-43 2.7619309401987065e-43 2.722269504405765e-43 3.92731624855423e-44
1.4146553640265304e-06 3.9480924640602993e-44 4.55241794680087e-44 6.863340391537999e-44 9.197904458842152e-44 1.3933951497318507e-43 2.7619309599032577e-43 2.7222695696914853e-43 3.9273164760475816e-44
1.447640286632156e-06 3.9456215741153386e-44 4.552415297839208e-44 6.863340404194609e-44 9.197904481573473e-44 1.3933951549476465e-43 2.761930980537409e-43 2.722269638057184e-43 3.927316714273368e-44
1.4813943047694329e-06 3.9432322276986607e-44 4.552412878871968e-44 6.863340417448341e-44 9.197904505377173e-44 1.3933951604095054e-43 2.761931002145008e-43 2.7222697096481475e-43 3.9273169637378895e-44
1.5159353511145682e-06 3.940923889802656e-44 4.552410670195402e-44 6.8633404313273265e-44 9.197904530303856e-44 1.3933951661290375e-43 2.7619310247719877e-43 2.7222697846165525e-43 3.927317224971366e-44
1.5512817764724183e-06 3.9386959233429194e-44 4.55240865377405e-44 6.863340445861121e-44 9.197904556406514e-44 1.3933951721184006e-43 2.7619310484664404e-43 2.7222698631217366e-43 3.927317498529033e-44
1.587452359525819e-06 3.9365475898263376e-44 4.552406813110937e-44 6.863340461080544e-44 9.197904583740598e-44 1.3933951783903208e-43 2.761931073278716e-43 2.722269945330536e-43 3.9273177849922725e-44
1.6244663168122348e-06 3.934478050446104e-44 4.552405133108754e-44 6.863340477017979e-44 9.197904612364226e-44 1.3933951849581311e-43 2.7619310992615574e-43 2.7222700314176883e-43 3.9273180849699674e-44
1.6623433129330315e-06 3.9324863678187804e-44 4.552403599961569e-44 6.863340493707314e-44 9.19790464233822e-44 1.3933951918357891e-43 2.7619311264701853e-43 2.722270121566164e-43 3.9273183990996713e-44
1.7011034710007933e-06 3.9305715082263297e-44 4.552402201040513e-44 6.863340511183983e-44 9.19790467372629e-44 1.3933951990379129e-43 2.7619311549624298e-43 2.722270215967552e-43 3.92731872804902e-44
1.740767383330235e-06 3.9287323444833305e-44 4.552400924801904e-44 6.863340529485168e-44 9.19790470659515e-44 1.3933952065798095e-43 2.761931184798848e-43 2.7222703148225103e-43 3.9273190725171944e-44
1.7813561223783898e-06 3.9269676592272313e-44 4.552399760688042e-44 6.863340548649755e-44 9.197904741014658e-44 1.3933952144775093e-43 2.7619312160428513e-43 2.722270418341119e-43 3.9273194332362843e-44
1.8228912519398869e-06 3.925276148802526e-44 4.552398699049977e-44 6.863340568718434e-44 9.197904777057962e-44 1.3933952227477969e-43 2.7619312487608462e-43 2.7222705267434084e-43 3.927319810972973e-44
1.8653948386032614e-06 3.923656427568926e-44 4.55239773106912e-44 6.863340589733914e-44 9.197904814801669e-44 1.3933952314082495e-43 2.7619312830223723e-43 2.722270640259782e-43 3.927320206530114e-44
1.908889463474389e-06 3.922107032715315e-44 4.552396848684151e-44 6.863340611740833e-44 9.197904854326016e-44 1.3933952404772751e-43 2.7619313189002463e-43 2.7222707591314943e-43 3.927320620748407e-44
