results/limits/MAQRO_h_phase.dat
# %ECSV 1.0
# ---
# datatype:
# - {name: mx, unit: MeV, datatype: float64}
# - {name: sigma, unit: cm2 MeV4, datatype: float64}
# schema: astropy-2.0
mx sigma
3.162277660168379e-07 1.4731144044819146e-34
3.2360111549336787e-07 1.4731144092098742e-34
3.311463862505236e-07 1.4731144141608852e-34
3.388675869043115e-07 1.4731144193454673e-34
3.4676881953794695e-07 1.473114424774642e-34
3.548542818811901e-07 1.473114430459948e-34
3.6312826954049566e-07 1.4731144364134682e-34
3.715951782811629e-07 1.4731144426478565e-34
3.8025950636269697e-07 1.4731144491763647e-34
3.89125856928623e-07 1.4731144560128683e-34
3.9819894045202297e-07 1.473114463171895e-34
4.0748357723809307e-07 1.4731144706686618e-34
4.169846999850535e-07 1.4731144785191016e-34
4.2670735640476865e-07 1.4731144867399009e-34
4.3665671190447213e-07 1.473114495348531e-34
4.4683805233101997e-07 1.4731145043632875e-34
4.572567867791303e-07 1.4731145138033343e-34
4.6791845046510194e-07 1.4731145236887307e-34
4.788287076675383e-07 1.4731145340404887e-34
4.899933547366384e-07 1.4731145448806102e-34
5.014183231736547e-07 1.4731145562321353e-34
5.131096827821533e-07 1.473114568119188e-34
5.250736448927506e-07 1.4731145805670353e-34
5.373165656630395e-07 1.4731145936021328e-34
5.4984494945446e-07 1.4731146072521827e-34
5.626654522879044e-07 1.4731146215461979e-34
5.757848853798981e-07 1.4731146365145629e-34
5.892102187612295e-07 1.4731146521890841e-34
6.029485849799565e-07 1.4731146686030809e-34
6.17007282890752e-07 1.4731146857914398e-34
6.313937815326057e-07 1.473114703790689e-34
6.461157240969403e-07 1.4731147226390852e-34
6.611809319882495e-07 1.4731147423766926e-34
6.765974089794179e-07 1.4731147630454526e-34
6.923733454639272e-07 1.4731147846893004e-34
7.085171228072106e-07 1.4731148073542417e-34
7.250373177994646e-07 1.4731148310884349e-34
7.419427072122865e-07 1.4731148559423388e-34
7.592422724615558e-07 1.4731148819687668e-34
7.769452043790388e-07 1.4731149092230397e-34
7.950609080952509e-07 1.473114937763085e-34
8.135990080361694e-07 1.4731149676495603e-34
8.325693530364543e-07 1.4731149989459807e-34
8.519820215718901e-07 1.4731150317188691e-34
8.718473271138315e-07 1.4731150660378779e-34
8.921758236084957e-07 1.4731151019759523e-34
9.12978311084014e-07 1.473115139609467e-34
9.342658413882192e-07 1.4731151790184148e-34
9.560497240602198e-07 1.473115220286554e-34
9.78341532338879e-07 1.4731152635015905e-34
1.0011531093113902e-06 1.4731153087553734e-34
1.0244965742052174e-06 1.4731153561440947e-34
1.048384328826741e-06 1.473115405768459e-34
1.0728290641500308e-06 1.4731154577339437e-34
1.0978437670592484e-06 1.4731155121510004e-34
1.1234417272482566e-06 1.4731155691352864e-34
1.149636544281106e-06 1.473115628807902e-34
1.1764421348171486e-06 1.4731156912956903e-34
1.2038727400046132e-06 1.47311575673145e-34
1.2319429330465773e-06 1.4731158252542607e-34
1.2606676269433496e-06 1.473115897009774e-34
1.2900620824153782e-06 1.4731159721504744e-34
1.3201419160108953e-06 1.473116050836086e-34
1.3509231084026028e-06 1.473116133233831e-34
1.38242201287781e-06 1.4731162195188438e-34
1.4146553640265304e-06 1.4731163098745106e-34
1.447640286632156e-06 1.4731164044928792e-34
1.4813943047694329e-06 1.4731165035750426e-34
1.5159353511145682e-06 1.4731166073315931e-34
1.5512817764724183e-06 1.4731167159830567e-34
1.587452359525819e-06 1.4731168297603488e-34
1.6244663168122348e-06 1.4731169489053047e-34
1.6623433129330315e-06 1.4731170736711457e-34
1.7011034710007933e-06 1.473117204323047e-34
1.740767383330235e-06 1.473117341138703e-34
1.7813561223783898e-06 1.4731174844088912e-34
1.8228912519398869e-06 1.4731176344381186e-34
1.8653948386032614e-06 1.4731177915452613e-34
1.908889463474389e-06 1.4731179560642311e-34
1.9533982341732686e-06 1.473118128344692e-34
1.9989447971105317e-06 1.4731183087528182e-34
2.045553350050195e-06 1.4731184976720395e-34
2.0932486549653353e-06 1.4731186955038778e-34
2.1420560511935146e-06 1.4731189026688238e-34
2.192001468898943e-06 1.4731191196071649e-34
2.2431114428485372e-06 1.4731193467799937e-34
2.2954131265091837e-06 1.4731195846701351e-34
2.3489343064737076e-06 1.4731198337832056e-34
2.403703417223201e-06 1.4731200946486647e-34
2.4597495562335635e-06 1.473120367820965e-34
2.5171024994342686e-06 1.4731206538806964e-34
2.575792717027583e-06 1.473120953435858e-34
2.635851389676631e-06 1.473121267123122e-34
2.6973104250709106e-06 1.4731215956091958e-34
2.760202474878063e-06 1.4731219395922544e-34
2.8245609520908932e-06 1.4731222998033932e-34
2.8904200487788716e-06 1.4731226770082086e-34
2.9578147542535346e-06 1.4731230720084208e-34
3.026780873657441e-06 1.4731234856435554e-34
3.097355046986562e-06 1.473123918792766e-34
3.1695747685562034e-06 1.4731243723766627e-34
3.2434784069208122e-06 1.4731248473593028e-34
3.319105225258239e-06 1.4731253447502246e-34
3.3964954022292982e-06 1.473125865606584e-34
3.4756900533236943e-06 1.4731264110354169e-34
3.5567312527036693e-06 1.4731269821959943e-34
3.6396620555569646e-06 1.4731275803022646e-34
3.7245265209709786e-06 1.4731282066254543e-34
3.811369735340273e-06 1.4731288624967639e-34
3.900237836319859e-06 1.4731295493102044e-34
3.991178037336996e-06 1.4731302685255432e-34
4.0842386526745176e-06 1.473131021671419e-34
4.179469123139017e-06 1.4731318103485941e-34
4.2769200423275275e-06 1.4731326362333427e-34
4.376643183506652e-06 1.4731335010810357e-34
4.478691527118417e-06 1.4731344067298438e-34
4.583119288927478e-06 1.4731353551046747e-34
4.689981948824612e-06 1.4731363482212408e-34
4.799336280301815e-06 1.4731373881903565e-34
4.911240380614659e-06 1.4731384772224216e-34
5.0257537016479225e-06 1.4731396176321222e-34
5.142937081500915e-06 1.4731408118433433e-34
5.262852776809252e-06 1.4731420623943297e-34
5.385564495820272e-06 1.4731433719430768e-34
5.511137432239651e-06 1.4731447432729872e-34
5.639638299867211e-06 1.4731461792987728e-34
5.771135368040315e-06 1.4731476830726686e-34
5.905698497903673e-06 1.4731492577909136e-34
6.043399179524854e-06 1.4731509068005365e-34
6.184310569875183e-06 1.4731526336064791e-34
6.32850753169624e-06 1.4731544418790556e-34
6.47606667327258e-06 1.473156335461735e-34
6.627066389131828e-06 1.4731583183793278e-34
6.781586901693754e-06 1.4731603948465365e-34
6.939710303890459e-06 1.4731625692769178e-34
7.101520602780329e-06 1.4731648462922562e-34
7.267103764178904e-06 1.4731672307324017e-34
7.436547758330399e-06 1.4731697276655544e-34
7.609942606644117e-06 1.4731723423990385e-34
7.787380429520604e-06 1.4731750804905824e-34
7.968955495292936e-06 1.4731779477601471e-34
8.15476427030917e-06 1.4731809503022788e-34
8.344905470182516e-06 1.4731840944990877e-34
8.539480112236516e-06 1.4731873870338046e-34
8.738591569173047e-06 1.4731908349049956e-34
8.942345623991688e-06 1.4731944454414386e-34
9.150850526189614e-06 1.4731982263177081e-34
9.364217049271877e-06 1.4732021855704946e-34
9.58255854960264e-06 1.473206331615693e-34
9.805991026628606e-06 1.473210673266295e-34
1.0034633184506672e-05 1.473215219751131e-34
1.0268606495168497e-05 1.4732199807344939e-34
1.0508035262855554e-05 1.4732249663366922e-34
1.07530466901589e-05 1.473230187155568e-34
1.1003770945598772e-05 1.473235654289042e-34
1.1260341232779899e-05 1.4732413793587016e-34
1.1522893861159297e-05 1.4732473745345316e-34
1.1791568318464117e-05 1.4732536525607858e-34
1.206650734479802e-05 1.4732602267831029e-34
1.2347857008475478e-05 1.4732671111768754e-34
1.263576678362426e-05 1.4732743203769987e-34
1.293038962959737e-05 1.4732818697089748e-34
1.3231882072236462e-05 1.4732897752215324e-34
1.3540404287030327e-05 1.4732980537207588e-34
1.3856120184212054e-05 1.4733067228058462e-34
1.4179197495840522e-05 1.4733158009065455e-34
1.4509807864912299e-05 1.4733253073223633e-34
1.484812693655133e-05 1.4733352622636297e-34
1.5194334451324849e-05 1.4733456868945052e-34
1.5548614340735104e-05 1.473356603377995e-34
1.5911154824937624e-05 1.4733680349231417e-34
1.6282148512737936e-05 1.4733800058343857e-34
1.6661792503919872e-05 1.4733925415633103e-34
1.7050288493959805e-05 1.4734056687628015e-34
1.7447842881182494e-05 1.4734194153437777e-34
1.785466687641539e-05 1.4734338105345951e-34
1.8270976615199758e-05 1.4734488849432937e-34
1.869699327261814e-05 1.4734646706227304e-34
1.91329431807992e-05 1.4734812011388311e-34
1.957905794916243e-05 1.4734985116420678e-34
2.003557458746648e-05 1.4735166389423036e-34
2.0502735631726606e-05 1.4735356215871944e-34
2.0980789273068064e-05 1.4735554999442674e-34
2.1469989489583918e-05 1.4735763162869277e-34
2.1970596181267336e-05 1.4735981148845013e-34
2.2482875308090033e-05 1.4736209420965546e-34
2.3007099031300245e-05 1.4736448464716745e-34
2.354354585801526e-05 1.4736698788509165e-34
2.4092500789185385e-05 1.4736960924761782e-34
2.4654255471007912e-05 1.4737235431036642e-34
2.5229108349871537e-05 1.4737522891227681e-34
2.5817364830913554e-05 1.4737823916805523e-34
2.641933744027406e-05 1.4738139148121454e-34
2.7035345991133382e-05 1.4738469255773207e-34
2.7665717753620915e-05 1.4738814942035288e-34
2.8310787628685666e-05 1.4739176942357434e-34
2.8970898326020842e-05 1.4739556026933852e-34
2.964640054613707e-05 1.4739953002347086e-34
3.033765316668089e-05 1.4740368713289776e-34
3.104502343309761e-05 1.4740804044368238e-34
3.176888715373972e-05 1.474125992199154e-34
3.25096288995246e-05 1.4741737316350512e-34
3.326764220824756e-05 1.474223724349047e-34
3.4043329793658724e-05 1.474276076748268e-34
3.483710375941493e-05 1.4743309002699027e-34
3.5649385818020195e-05 1.4743883116194655e-34
3.648060751487119e-05 1.4744484330204297e-34
3.73312104575266e-05 1.4745113924757014e-34
3.820164655032238e-05 1.4745773240415756e-34
3.90923782344573e-05 1.474646368114718e-34
4.0003878733676586e-05 1.4747186717328443e-34
4.093663230568398e-05 1.4747943888897041e-34
4.1891134499415887e-05 1.4748736808651217e-34
4.2867892418314344e-05 1.4749567165707606e-34
4.386742498973848e-05 1.4750436729124185e-34
4.489026324065786e-05 1.4751347351696076e-34
4.5936950579773975e-05 1.475230097393299e-34
4.700804308621986e-05 1.4753299628226861e-34
4.8104109804991236e-05 1.4754345443218883e-34
4.922573304926602e-05 1.4755440648375757e-34
5.0373508709772956e-05 1.4756587578785254e-34
5.154804657137365e-05 1.4757788680181777e-34
5.27499706370262e-05 1.475904651421316e-34
5.397991945930254e-05 1.476036376396034e-34
5.5238546479635675e-05 1.4761743239722592e-34
5.6526520375476976e-05 1.476318788508097e-34
5.784452541554797e-05 1.4764700783253884e-34
5.9193261823375433e-05 1.4766285163758813e-34
6.057344614930286e-05 1.4767944409395969e-34
6.198581165117595e-05 1.476968206356864e-34
6.34311086839044e-05 1.4771501837958073e-34
6.491010509810695e-05 1.4773407620569613e-34
6.642358664805138e-05 1.4775403484168844e-34
6.797235740910648e-05 1.4777493695127185e-34
6.955724020492732e-05 1.477968272269718e-34
7.117907704460117e-05 1.4781975248739068e-34
7.283872956998614e-05 1.4784376177921323e-34
7.453707951348025e-05 1.4786890648418762e-34
7.627502916646401e-05 1.4789524043133526e-34
7.805350185866558e-05 1.4792282001465086e-34
7.987344244870308e-05 1.4795170431657394e-34
8.173581782606456e-05 1.4798195523752277e-34
8.364161742479263e-05 1.4801363763179988e-34
8.559185374914618e-05 1.4804681945019659e-34
8.758756291151902e-05 1.4808157188963912e-34
8.96298051829007e-05 1.4811796955023847e-34
9.17196655561724e-05 1.4815609060012765e-34
9.385825432253677e-05 1.4819601694849073e-34
9.604670766138824e-05 1.4823783442720734e-34
9.828618824393714e-05 1.4828163298156717e-34
0.00010057788585090809 1.4832750687052722e-34
0.00010292301800464121 1.4837555487701726e-34
0.00010532283061593165 1.48425880528823e-34
0.00010777859864595113 1.4847859233061395e-34
0.00011029162678360347 1.4853380400770468e-34
0.00011286325013867351 1.4859163476218905e-34
0.00011549483495113791 1.4865220954210503e-34
0.00011818777931701482 1.487156593243454e-34
0.0001209435139311377 1.4878212141205888e-34
0.00012376350284724815 1.488517397473377e-34
0.00012664924425581149 1.4892466524003668e-34
0.00012960227127996844 1.490010561136129e-34
0.00013262415279004548 1.4908107826894266e-34
0.00013571649423705693 1.491649056671177e-34
0.0001388809385056415 1.4925272073229738e-34
0.00014211916678688624 1.4934471477575336e-34
0.00014543289947150178 1.4944108844231988e-34
0.0001488238970638237 1.495420521805405e-34
0.00015229396111712465 1.4964782673788285e-34
0.00015584493519073535 1.4975864368248467e-34
0.00015947870582948208 1.4987474595299242e-34
0.00016319720356596128 1.4999638843815167e-34
0.00016700240394618395 1.501238385879272e-34
0.00017089632857913436 1.5025737705804287e-34
0.000174881046210801 1.503972983899666e-34
0.00017895867382325032 1.5054391172850078e-34
0.0001831313777593269 1.5069754157928902e-34
0.00018740137487357792 1.5085852860871223e-34
0.00019177093371001327 1.5102723048882045e-34
0.000196242375707327 1.5120402279013543e-34
0.00020081807643222024 1.5138929992536009e-34
0.00020550046684148122 1.5158347614725287e-34
0.0002102920345734925 1.517869866041608e-34
0.0002151953252698519 1.5200028845696157e-34
0.00022021294392780895 1.522238620614417e-34
0.00022534755628423554 1.5245821222044108e-34
0.0002306018902318662 1.527038695104167e-34
0.00023597873726856003 1.5296139168743322e-34
0.0002414809539803547 1.5323136517796957e-34
0.0002471114635590999 1.5351440666034664e-34
0.00025287325735547713 1.5381116474303062e-34
0.00025876939646823026 1.5412232174655743e-34
0.00026480301337045197 1.5444859559635117e-34
0.000270977313573789 1.5479074183429086e-34
0.00027729557733145163 1.551495557575063e-34
0.00028376116138093086 1.5552587469356203e-34
0.0002903775007273506 1.559205804219382e-34
0.00029714811046840066 1.563346017525178e-34
0.00030407658766182135 1.5676891727267416e-34
0.00031116661323643183 1.5722455827550924e-34
0.0003184219539477161 1.577026118828348e-34
0.00032584646437900766 1.5820422437763019e-34
0.00033344408898933415 1.5873060476194609e-34
0.0003412188642090111 1.5928302855757824e-34
0.0003491749205840977 1.5986284186830854e-34
0.0003573164849708539 1.6047146572412205e-34
0.0003656478827813646 1.6111040072956024e-34
0.0003741735402815245 1.6178123204029124e-34
0.0003828979869426037 1.6248563469407018e-34
0.000391825857847644 1.632253793245446e-34
0.000400961896153964 1.640023382888593e-34
0.0004103109556130814 1.6481849224273867e-34
0.0004198780031493915 1.6567593719970636e-34
0.00042966812149897106 1.6657689211435205e-34
0.000439686511909911 1.6752370703311675e-34
0.0004499384969056106 1.685188718599513e-34
0.00046042952311250296 1.6956502578845303e-34
0.0004711651641537129 1.7066496745672722e-34
0.00048215112361018567 1.7182166588629648e-34
0.0004933932380508582 1.7303827227192772e-34
0.0005048974801334842 1.7431813269530715e-34
0.0005166699617777604 1.7566480184212366e-34
0.0005287169374124361 1.7708205780935842e-34
0.0005410448072981404 1.7857391809749295e-34
0.0005536601209276797 1.8014465689099234e-34
0.0005665695805056229 1.8179882373986589e-34
0.0005797800445090163 1.8354126376542262e-34
0.0005932985313311235 1.8537713952460356e-34
0.000607132223010125 1.873119546795793e-34
0.0006212884690447563 1.8935157963271985e-34
0.0006357747902989163 1.915022793017115e-34
0.0006505988829973161 1.9377074322557636e-34
0.0006657686228142928 1.961641182098065e-34
0.0006812920690579615 1.9869004373784526e-34
0.0006971774689519261 2.0135669039690848e-34
0.0007134332620168255 2.0417280158875606e-34
0.0007300680845540431 2.071477388206989e-34
0.0007470907742339592 2.1029153089900767e-34
0.0007645103747911887 2.1361492737620973e-34
0.0007823361408292924 2.171294566357036e-34
0.00080057754273752 2.2084748903196853e-34
0.0008192442717221943 2.247823055426323e-34
0.0008383462449554094 2.2894817243011486e-34
0.0008578936108437789 2.333604224558067e-34
0.0008778967544200344 2.380355432391599e-34
0.000898366302860337 2.429912734080867e-34
0.0009193131311302326 2.4824670724617575e-34
0.0009407483677622533 2.538224086069858e-34
0.000962683400768232 2.597405349367108e-34
0.000985129883689471 2.6602497232453604e-34
0.0010080997417879817 2.7270148258585826e-34
0.0010316051783820807 2.797978634781544e-34
0.0010556586813297128 2.873441232537256e-34
0.0010802730296629402 2.9537267086903052e-34
