results/limits/MAQRO_h.dat
# %ECSV 1.0
# ---
# datatype:
# - {name: mx, unit: MeV, datatype: float64}
# - {name: sigma, unit: cm2, datatype: float64}
# schema: astropy-2.0
mx sigma
3.162277660168379e-07 inf
3.2360111549336787e-07 inf
3.311463862505236e-07 inf
3.388675869043115e-07 inf
3.4676881953794695e-07 inf
3.548542818811901e-07 inf
3.6312826954049566e-07 inf
3.715951782811629e-07 inf
3.8025950636269697e-07 inf
3.89125856928623e-07 inf
3.9819894045202297e-07 inf
4.0748357723809307e-07 inf
4.169846999850535e-07 inf
4.2670735640476865e-07 inf
4.3665671190447213e-07 inf
4.4683805233101997e-07 inf
4.572567867791303e-07 inf
4.6791845046510194e-07 inf
4.788287076675383e-07 inf
4.899933547366384e-07 inf
5.014183231736547e-07 inf
5.131096827821533e-07 inf
5.250736448927506e-07 inf
5.373165656630395e-07 inf
5.4984494945446e-07 inf
5.626654522879044e-07 inf
5.757848853798981e-07 inf
5.892102187612295e-07 inf
6.029485849799565e-07 inf
6.17007282890752e-07 inf
6.313937815326057e-07 inf
6.461157240969403e-07 inf
6.611809319882495e-07 inf
6.765974089794179e-07 inf
6.923733454639272e-07 inf
7.085171228072106e-07 inf
7.250373177994646e-07 inf
7.419427072122865e-07 inf
7.592422724615558e-07 inf
7.769452043790388e-07 inf
7.950609080952509e-07 inf
8.135990080361694e-07 inf
8.325693530364543e-07 inf
8.519820215718901e-07 inf
8.718473271138315e-07 inf
8.921758236084957e-07 inf
9.12978311084014e-07 inf
9.342658413882192e-07 inf
9.560497240602198e-07 inf
9.78341532338879e-07 inf
1.0011531093113902e-06 inf
1.0244965742052174e-06 1.067086046692417e-31
1.048384328826741e-06 2.1897512255166245e-32
1.0728290641500308e-06 1.1516606844743035e-32
1.0978437670592484e-06 7.503077775005564e-33
1.1234417272482566e-06 5.395565986551048e-33
1.149636544281106e-06 4.1113633988821806e-33
1.1764421348171486e-06 3.2567905884267254e-33
1.2038727400046132e-06 2.654131920722231e-33
1.2319429330465773e-06 2.2113326036757662e-33
1.2606676269433496e-06 1.8759208444460297e-33
1.2900620824153782e-06 1.615806809959099e-33
1.3201419160108953e-06 1.4102819749186635e-33
1.3509231084026028e-06 1.2454065310162814e-33
1.38242201287781e-06 1.111473823453811e-33
1.4146553640265304e-06 1.0015352680002303e-33
1.447640286632156e-06 9.105011785623168e-34
1.4813943047694329e-06 8.34570816566655e-34
1.5159353511145682e-06 7.708589777467918e-34
1.5512817764724183e-06 7.17144336143715e-34
1.587452359525819e-06 6.716956690899407e-34
1.6244663168122348e-06 6.331493025064119e-34
1.6623433129330315e-06 6.004210719792894e-34
1.7011034710007933e-06 5.72642046241882e-34
1.740767383330235e-06 5.491109227465804e-34
1.7813561223783898e-06 5.292583194738015e-34
1.8228912519398869e-06 5.126196841927508e-34
1.8653948386032614e-06 4.988145313836488e-34
1.908889463474389e-06 4.875303829357398e-34
1.9533982341732686e-06 4.7851024488695565e-34
1.9989447971105317e-06 4.715427698609773e-34
2.045553350050195e-06 4.664544788606965e-34
2.0932486549653353e-06 4.6310357623777335e-34
2.1420560511935146e-06 4.613750075424044e-34
2.192001468898943e-06 4.611764947282257e-34
2.2431114428485372e-06 4.624353458276788e-34
2.2954131265091837e-06 4.6509588293617545e-34
2.3489343064737076e-06 4.691173674991774e-34
2.403703417223201e-06 4.744723285656133e-34
2.4597495562335635e-06 4.811452200588589e-34
2.5171024994342686e-06 4.891313488165113e-34
2.575792717027583e-06 4.984360273249534e-34
2.635851389676631e-06 5.090739145795128e-34
2.6973104250709106e-06 5.210685159702974e-34
2.760202474878063e-06 5.344518190015198e-34
2.8245609520908932e-06 5.4926404635523095e-34
2.8904200487788716e-06 5.655535115791541e-34
2.9578147542535346e-06 5.833765657190785e-34
3.026780873657441e-06 6.027976256872183e-34
3.097355046986562e-06 6.238892771813485e-34
3.1695747685562034e-06 6.467324466401827e-34
3.2434784069208122e-06 6.714166381125657e-34
3.319105225258239e-06 6.980402320897238e-34
3.3964954022292982e-06 7.267108443470851e-34
3.4756900533236943e-06 7.575457437015402e-34
3.5567312527036693e-06 7.906723283406738e-34
3.6396620555569646e-06 8.262286610459149e-34
3.7245265209709786e-06 8.643640642307923e-34
3.811369735340273e-06 9.052397762640284e-34
3.900237836319859e-06 9.49029671057838e-34
3.991178037336996e-06 9.95921043385159e-34
4.0842386526745176e-06 1.0461154628544842e-33
4.179469123139017e-06 1.099829699925119e-33
4.2769200423275275e-06 1.157296727795485e-33
4.376643183506652e-06 1.218766804448326e-33
4.478691527118417e-06 1.2845086395942572e-33
4.583119288927478e-06 1.3548106517237536e-33
4.689981948824612e-06 1.4299823209613996e-33
4.799336280301815e-06 1.5103556439191415e-33
4.911240380614659e-06 1.5962866972709238e-33
5.0257537016479225e-06 1.688157317323211e-33
5.142937081500915e-06 1.7863769034380238e-33
5.262852776809252e-06 1.891384353780668e-33
5.385564495820272e-06 2.0036501425170948e-33
5.511137432239651e-06 2.1236785482792402e-33
5.639638299867211e-06 2.2520100444546928e-33
5.771135368040315e-06 2.3892238626433563e-33
5.905698497903673e-06 2.5359407414626487e-33
6.043399179524854e-06 2.6928258737783056e-33
6.184310569875183e-06 2.3154256928294678e-33
6.32850753169624e-06 1.9277677165511033e-33
6.47606667327258e-06 1.610910418671418e-33
6.627066389131828e-06 1.3532794912068676e-33
6.781586901693754e-06 1.1442157266562038e-33
6.939710303890459e-06 9.744825138705169e-34
7.101520602780329e-06 8.363731418011471e-34
7.267103764178904e-06 7.236088178884913e-34
7.436547758330399e-06 6.311489726670906e-34
7.609942606644117e-06 5.5498181976212064e-34
7.787380429520604e-06 4.919284277699289e-34
7.968955495292936e-06 4.394735264906617e-34
8.15476427030917e-06 3.95625803548592e-34
8.344905470182516e-06 3.588055925473591e-34
8.539480112236516e-06 3.277560316303954e-34
8.738591569173047e-06 3.0147345723544505e-34
8.942345623991688e-06 2.7915315226423334e-34
9.150850526189614e-06 2.6014715708166954e-34
9.364217049271877e-06 2.4393146803973003e-34
9.58255854960264e-06 2.3008050338413387e-34
9.805991026628606e-06 2.1824718196036153e-34
1.0034633184506672e-05 2.0814733529131864e-34
1.0268606495168497e-05 1.995474688011135e-34
1.0508035262855554e-05 1.9225511689620633e-34
1.07530466901589e-05 1.8611121261104368e-34
1.1003770945598772e-05 1.8098402715023174e-34
1.1260341232779899e-05 1.7676433739201572e-34
1.1522893861159297e-05 1.7336155776800844e-34
1.1791568318464117e-05 1.7070063273158697e-34
1.206650734479802e-05 1.6871953174092833e-34
1.2347857008475478e-05 1.6736722371135688e-34
1.263576678362426e-05 1.6660203480943659e-34
1.293038962959737e-05 1.6639031421272081e-34
1.3231882072236462e-05 1.6670534851273833e-34
1.3540404287030327e-05 1.6752647790401979e-34
1.3856120184212054e-05 1.6883837701811417e-34
1.4179197495840522e-05 1.7063047086489962e-34
1.4509807864912299e-05 1.7289646231765653e-34
1.484812693655133e-05 1.7563395229191122e-34
1.5194334451324849e-05 1.7884413750276013e-34
1.5548614340735104e-05 1.8253157365738907e-34
1.5911154824937624e-05 1.8670399431517576e-34
1.6282148512737936e-05 1.8862032580922428e-34
1.6661792503919872e-05 1.8746528458708673e-34
1.7050288493959805e-05 1.857416302512566e-34
1.7447842881182494e-05 1.8338200587094866e-34
1.785466687641539e-05 1.8035566959178945e-34
1.8270976615199758e-05 1.7667178899265343e-34
1.869699327261814e-05 1.7237857994998032e-34
1.91329431807992e-05 1.6755822891798072e-34
1.957905794916243e-05 1.6231842135309317e-34
2.003557458746648e-05 1.5678194750903693e-34
2.0502735631726606e-05 1.510760838771904e-34
2.0980789273068064e-05 1.453232390115988e-34
2.1469989489583918e-05 1.3963384455847062e-34
2.1970596181267336e-05 1.3410187164715748e-34
2.2482875308090033e-05 1.288028380328808e-34
2.3007099031300245e-05 1.237938395645974e-34
2.354354585801526e-05 1.1911500279231754e-34
2.4092500789185385e-05 1.147917703728652e-34
2.4654255471007912e-05 1.1083753453967586e-34
2.5229108349871537e-05 1.0725627007347732e-34
2.5817364830913554e-05 1.0404494890889043e-34
2.641933744027406e-05 1.0119562439407935e-34
2.7035345991133382e-05 9.869714882822137e-35
2.7665717753620915e-05 9.653653583703606e-35
2.8310787628685666e-05 9.470000542497898e-35
2.8970898326020842e-05 9.317376068361066e-35
2.964640054613707e-05 9.19445467297192e-35
3.033765316668089e-05 9.100003869102469e-35
3.104502343309761e-05 8.973392784628206e-35
3.176888715373972e-05 8.757593929842546e-35
3.25096288995246e-05 8.552886022962166e-35
3.326764220824756e-05 8.356318051255036e-35
3.4043329793658724e-05 8.165544963277922e-35
3.483710375941493e-05 7.978829570251953e-35
3.5649385818020195e-05 7.795027059232933e-35
3.648060751487119e-05 7.613548371604585e-35
3.73312104575266e-05 7.434302031203195e-35
3.820164655032238e-05 7.25761736301168e-35
3.90923782344573e-05 7.084154781538733e-35
4.0003878733676586e-05 6.914810453558493e-35
4.093663230568398e-05 6.750622942324449e-35
4.1891134499415887e-05 6.592688526307221e-35
4.2867892418314344e-05 6.442090109790709e-35
4.386742498973848e-05 6.299842476303709e-35
4.489026324065786e-05 6.166854527351718e-35
4.5936950579773975e-05 6.04390742518506e-35
4.700804308621986e-05 5.931646385175345e-35
4.8104109804991236e-05 5.830583258691985e-35
4.922573304926602e-05 5.741106925867337e-35
5.0373508709772956e-05 5.588375546006731e-35
5.154804657137365e-05 5.437637844272235e-35
5.27499706370262e-05 5.293983964573957e-35
5.397991945930254e-05 5.156862905366376e-35
5.5238546479635675e-05 5.025834339276278e-35
5.6526520375476976e-05 4.90057354581901e-35
5.784452541554797e-05 4.780869840225086e-35
5.9193261823375433e-05 4.6666190212722756e-35
6.057344614930286e-05 4.557810892348533e-35
6.198581165117595e-05 4.4545132763299893e-35
6.34311086839044e-05 4.356854116475979e-35
6.491010509810695e-05 4.2650032313951807e-35
6.642358664805138e-05 4.1791551003263855e-35
6.797235740910648e-05 4.099513745482124e-35
6.955724020492732e-05 4.0262804110052706e-35
7.117907704460117e-05 3.949160580395135e-35
7.283872956998614e-05 3.845076499391837e-35
7.453707951348025e-05 3.7456035372045835e-35
7.627502916646401e-05 3.6505588219035296e-35
7.805350185866558e-05 3.559813665267375e-35
7.987344244870308e-05 3.473289239208617e-35
8.173581782606456e-05 3.390951434533414e-35
8.364161742479263e-05 3.312804852134057e-35
8.559185374914618e-05 3.23888608609878e-35
8.758756291151902e-05 3.169256606502751e-35
8.96298051829007e-05 3.103995628072371e-35
9.17196655561724e-05 3.043193361720752e-35
9.385825432253677e-05 2.986945000522397e-35
9.604670766138824e-05 2.9155485941962054e-35
9.828618824393714e-05 2.841619733029629e-35
0.00010057788585090809 2.771095772751267e-35
0.00010292301800464121 2.7039059967585987e-35
0.00010532283061593165 2.640013177762525e-35
0.00010777859864595113 2.579408530487977e-35
0.00011029162678360347 2.5221065563082864e-35
0.00011286325013867351 2.468139912928645e-35
0.00011549483495113791 2.4175544810808857e-35
0.00011818777931701482 2.3704048097376825e-35
0.0001209435139311377 2.3159025171707446e-35
0.00012376350284724815 2.2586460779962533e-35
0.00012664924425581149 2.204129665538101e-35
0.00012960227127996844 2.152317086869397e-35
0.00013262415279004548 2.1031946648194585e-35
0.00013571649423705693 2.0567671866965445e-35
0.0001388809385056415 2.0130539396257126e-35
0.00014211916678688624 1.9720849448478493e-35
0.00014543289947150178 1.928809228716636e-35
0.0001488238970638237 1.8821594061429748e-35
0.00015229396111712465 1.8378145524968389e-35
0.00015584493519073535 1.7957545804231906e-35
0.00015947870582948208 1.7559757595001104e-35
0.00016319720356596128 1.71848744762313e-35
0.00016700240394618395 1.6833089778284562e-35
0.00017089632857913436 1.643865951724648e-35
0.000174881046210801 1.6055381390526e-35
0.00017895867382325032 1.5692095836936899e-35
0.0001831313777593269 1.5348771182757454e-35
0.00018740137487357792 1.5025485221114572e-35
0.00019177093371001327 1.4689004875226775e-35
0.000196242375707327 1.435250811565197e-35
0.00020081807643222024 1.403397479608367e-35
0.00020550046684148122 1.373340809879409e-35
0.0002102920345734925 1.3430010497116814e-35
0.0002151953252698519 1.3128860995440956e-35
0.00022021294392780895 1.2844272746614233e-35
0.00022534755628423554 1.2562047230323687e-35
0.0002306018902318662 1.228690033252973e-35
0.00023597873726856003 1.2018530868800465e-35
0.0002414809539803547 1.1756516790147019e-35
0.0002471114635590999 1.1500183883480289e-35
0.00025287325735547713 1.1252564321683717e-35
0.00025876939646823026 1.10062891669847e-35
0.00026480301337045197 1.0769329348086259e-35
0.000270977313573789 1.0539616327793329e-35
0.00027729557733145163 1.0308790836319879e-35
0.00028376116138093086 1.0090744675351922e-35
0.0002903775007273506 9.87638745796918e-36
0.00029714811046840066 9.661738368382475e-36
0.00030407658766182135 9.458976286976484e-36
0.00031116661323643183 9.261922651871679e-36
0.0003184219539477161 9.061612358996889e-36
0.00032584646437900766 8.872319276040009e-36
0.00033344408898933415 8.692048664232236e-36
0.0003412188642090111 8.50537324447502e-36
0.0003491749205840977 8.328910455134795e-36
0.0003573164849708539 8.162681196014114e-36
0.0003656478827813646 7.98980859768099e-36
0.0003741735402815245 7.826303934065117e-36
0.0003828979869426037 7.671097570751562e-36
0.000391825857847644 7.512222050151322e-36
0.000400961896153964 7.362236420014343e-36
0.0004103109556130814 7.215518771901483e-36
0.0004198780031493915 7.071381892418357e-36
0.00042966812149897106 6.933365464382205e-36
0.000439686511909911 6.796652716412265e-36
0.0004499384969056106 6.665104660995011e-36
0.00046042952311250296 6.537231510162426e-36
0.0004711651641537129 6.412020190164014e-36
0.00048215112361018567 6.290677097313915e-36
0.0004933932380508582 6.172863255015377e-36
0.0005048974801334842 6.05820937215966e-36
0.0005166699617777604 5.946399259251056e-36
0.0005287169374124361 5.8389188040781275e-36
0.0005410448072981404 5.733694815021222e-36
0.0005536601209276797 5.632014334552069e-36
0.0005665695805056229 5.533686663453846e-36
0.0005797800445090163 5.4377593451339234e-36
0.0005932985313311235 5.345925903946254e-36
0.000607132223010125 5.255679400018637e-36
0.0006212884690447563 5.1699410071834985e-36
0.0006357747902989163 5.08552187218938e-36
0.0006505988829973161 5.0048414093583414e-36
0.0006657686228142928 4.927259682129513e-36
0.0006812920690579615 4.8518172670489224e-36
0.0006971774689519261 4.779446466333442e-36
0.0007134332620168255 4.709802299256269e-36
0.0007300680845540431 4.6429954502052104e-36
0.0007470907742339592 4.578869016514684e-36
0.0007645103747911887 4.517538454004771e-36
0.0007823361408292924 4.4586917618938706e-36
0.00080057754273752 4.402499346619883e-36
0.0008192442717221943 4.349128664107564e-36
0.0008383462449554094 4.298584192058611e-36
0.0008578936108437789 4.2507016311141004e-36
0.0008778967544200344 4.205244059571657e-36
0.000898366302860337 4.162595222468178e-36
0.0009193131311302326 4.1227049511004965e-36
0.0009407483677622533 4.085494471956257e-36
0.000962683400768232 4.051026730506495e-36
0.000985129883689471 4.019358177605353e-36
0.0010080997417879817 3.990403251264514e-36
0.0010316051783820807 3.964300156628235e-36
0.0010556586813297128 3.941067646300884e-36
0.0010802730296629402 3.9207409299312465e-36
0.001105461300377127 3.903362058280358e-36
0.0011312368753784248 3.888987850737666e-36
0.0011576134485932472 3.877701028723514e-36
0.0011846050332435167 3.869529756083791e-36
0.0012122259692915415 3.864562307945337e-36
0.0012404909310584848 3.862914451673547e-36
0.0012694149350204683 3.864603718473377e-36
0.0012990133477864558 3.8697928919082455e-36
0.0013293018942621524 3.878580372819204e-36
0.001360296666004259 3.8910736544136313e-36
0.001392014129769518 3.9073783000675216e-36
0.0014244711362630968 3.92766260522062e-36
0.0014576849290909482 3.95206002037276e-36
0.0014916731539209149 3.9807379064831934e-36
0.0015264538678574353 4.013853843654592e-36
0.0015620455490348386 4.05159446141379e-36
0.0015984671064343198 4.094169964065895e-36
0.0016357378899298156 4.141794640392526e-36
0.0016738777005681136 4.1946930493136184e-36
0.0017129068010886602 4.253105936392504e-36
0.0017528459266886532 4.317300188161377e-36
0.00179371629603914 4.387557862417893e-36
0.0018355396225579732 4.4641786533256666e-36
0.0018783381259456144 4.547483985231398e-36
0.0019221345439899109 4.637817281937802e-36
