results/limits/MAQRO_l_N2only.dat
# %ECSV 1.0
# ---
# datatype:
# - {name: mx, unit: MeV, datatype: float64}
# - {name: sigma_10, unit: cm2, datatype: float64}
# - {name: sigma_9, unit: cm2, datatype: float64}
# - {name: sigma_7, unit: cm2, datatype: float64}
# - {name: sigma_6, unit: cm2, datatype: float64}
# - {name: sigma_5, unit: cm2, datatype: float64}
# - {name: sigma_4, unit: cm2, datatype: float64}
# - {name: sigma_3, unit: cm2, datatype: float64}
# - {name: sigma_2, unit: cm2, datatype: float64}
# schema: astropy-2.0
mx sigma_10 sigma_9 sigma_7 sigma_6 sigma_5 sigma_4 sigma_3 sigma_2
3.162277660168379e-07 7.42359681779459e-33 7.423646167678036e-33 7.795545875216175e-33 1.0372483306902048e-32 1.5994262433978797e-32 3.343178271207546e-32 4.2179923160834227e-32 9.440500777474563e-33
3.2360111549336787e-07 7.23621222486367e-33 7.2362624725421e-33 7.610676909769545e-33 1.0136151945776437e-32 1.562982826610878e-32 3.267002942460224e-32 4.121884086218542e-32 9.225396122370293e-33
3.311463862505236e-07 7.053602117680977e-33 7.05365328116835e-33 7.430475014336681e-33 9.905204592100328e-33 1.527369784610396e-32 3.192563291327668e-32 4.02796571171197e-32 9.01519269238563e-33
3.388675869043115e-07 6.875643516745707e-33 6.875695611112209e-33 7.25481314537891e-33 9.679518652336599e-33 1.4925681971859257e-32 3.119819770692261e-32 3.936187295820568e-32 8.809778810647555e-33
3.4676881953794695e-07 6.702216642748525e-33 6.70226968676806e-33 7.08356762203266e-33 9.458974316926609e-33 1.458559574765426e-32 3.0487337329324953e-32 3.846500079061848e-32 8.60904534886246e-33
3.548542818811901e-07 6.533204846281652e-33 6.533258857849951e-33 6.916618060777423e-33 9.243454501922379e-33 1.4253258496618335e-32 2.97926741216287e-32 3.758856412797143e-32 8.412885659238716e-33
3.6312826954049566e-07 6.36849451615001e-33 6.368549513559205e-33 6.753847307136764e-33 9.032844783634424e-33 1.392849365540332e-32 2.911383902498046e-32 3.6732097338477396e-32 8.22119552801707e-33
3.715951782811629e-07 6.207975001446059e-33 6.208031003343183e-33 6.595141371347358e-33 8.827033338956816e-33 1.3611128681932388e-32 2.8450471392234616e-32 3.589514541127099e-32 8.0338731149364e-33
3.8025950636269697e-07 6.05153853320665e-33 6.051595558600667e-33 6.440389366475655e-33 8.625910889024397e-33 1.330099496848299e-32 2.780221879125724e-32 3.50772636825276e-32 7.850818900263543e-33
3.89125856928623e-07 5.89908014926936e-33 5.8991382175381826e-33 6.289483445312663e-33 8.429370639947384e-33 1.2997927748893268e-32 2.716873682352384e-32 3.4278017643169334e-32 7.671935631770129e-33
3.9819894045202297e-07 5.750497617798333e-33 5.750556748696027e-33 6.1423187388654124e-33 8.237308225952239e-33 1.270176600894376e-32 2.6549688933776836e-32 3.349698266441733e-32 7.497128273275032e-33
4.0748357723809307e-07 5.605691367909307e-33 5.6057515815737314e-33 5.9987932975854496e-33 8.049621657282426e-33 1.2412352407712959e-32 2.5944746236354536e-32 3.273374380676418e-32 7.326303953879317e-33
4.169846999850535e-07 5.464564417068055e-33 5.4646257340280984e-33 5.8588080294788026e-33 7.866211262590401e-33 1.2129533184779798e-32 2.535358734418119e-32 3.198789557877807e-32 7.159371918817846e-33
4.2670735640476865e-07 5.32702230385452e-33 5.327084745037907e-33 5.7222666418839176e-33 7.686979638253002e-33 1.1853158082954192e-32 2.4775898184921124e-32 3.1259041729461313e-32 6.996243481268096e-33
4.3665671190447213e-07 5.192973023153065e-33 5.1930366098941804e-33 5.5890755846450356e-33 7.511831600761471e-33 1.158308027772507e-32 2.421137184944247e-32 3.0546795036914976e-32 6.836831975173313e-33
4.4683805233101997e-07 5.062326956839648e-33 5.0623917108875834e-33 5.4591439864076234e-33 7.340674127411364e-33 1.1319156276060219e-32 2.3659708416267303e-32 2.985077710226764e-32 6.681052709031217e-33
4.572567867791303e-07 4.9349968170980394e-33 4.9350627605208405e-33 5.332383600970841e-33 7.17341631600796e-33 1.1061245864342399e-32 2.3120614803507186e-32 2.9170618148268683e-32 6.52882292121482e-33
4.6791845046510194e-07 4.810897578672521e-33 4.810964734234754e-33 5.2087087464967055e-33 7.009969332618539e-33 1.0809212020610848e-32 2.25938046013197e-32 2.8505956823022276e-32 6.380061735782908e-33
4.788287076675383e-07 4.6899464242531205e-33 4.690014815094385e-33 5.088036247405255e-33 6.850246365443058e-33 1.0562920845297628e-32 2.2078997929319847e-32 2.785644000892287e-32 6.23469011828913e-33
4.899933547366384e-07 4.572062684161038e-33 4.5721323335079645e-33 4.970285375588764e-33 6.694162578240417e-33 1.0322241488146495e-32 2.1575921283364924e-32 2.7221722633308583e-32 6.092630840324778e-33
5.014183231736547e-07 4.457167781037244e-33 4.45723871294651e-33 4.8553777939915844e-33 6.541635069202719e-33 1.0087046087389482e-32 2.1084307391560034e-32 2.6601467486993246e-32 5.953808425345495e-33
5.131096827821533e-07 4.3451851722267284e-33 4.3452574111119026e-33 4.7432374934387644e-33 6.392582819183158e-33 9.857209683968326e-33 2.060389507152004e-32 2.599534504344423e-32 5.8181491217625174e-33
5.250736448927506e-07 4.236040299777801e-33 4.236113870527692e-33 4.633790738822984e-33 6.246926657367626e-33 9.632610173509651e-33 2.0134429091699886e-32 2.5403033284537885e-32 5.685580857124298e-33
5.373165656630395e-07 4.129660536124562e-33 4.1297354641123105e-33 4.526966007601682e-33 6.10458921429754e-33 9.413128231395135e-33 1.9675660037029806e-32 2.482421752953796e-32 5.556033201192941e-33
5.4984494945446e-07 4.025975133398678e-33 4.026051444491373e-33 4.422693931366269e-33 5.96549488257371e-33 9.198647252158193e-33 1.9227344173397263e-32 2.4258590268649689e-32 5.429437328427145e-33
5.626654522879044e-07 3.9249151771038845e-33 3.924992897672338e-33 4.320907240431052e-33 5.829569776221983e-33 8.989053286718526e-33 1.8789243324490522e-32 2.3705850997297165e-32 5.30572598171703e-33
5.757848853798981e-07 3.8264135326056515e-33 3.826492689534132e-33 4.221540699257523e-33 5.6967416930670824e-33 8.784234985045096e-33 1.8361124735886392e-32 2.3165706059581745e-32 5.184833436171662e-33
5.892102187612295e-07 3.730404803227849e-33 3.730485423924242e-33 4.1245310538445464e-33 5.566940073970392e-33 8.584083531074954e-33 1.7942760959295736e-32 2.2637868489123428e-32 5.066695464654476e-33
6.029485849799565e-07 3.6368252815602005e-33 3.6369073939662653e-33 4.029816969991622e-33 5.4400959648159295e-33 8.388492584182468e-33 1.7533929710152463e-32 2.212205785896743e-32 4.9512493032433375e-33
6.17007282890752e-07 3.545612910094274e-33 3.5456965426962014e-33 3.937338981813972e-33 5.31614198983654e-33 8.197358244570397e-33 1.713441384104067e-32 2.161800013184936e-32 4.8384336178068654e-33
6.313937815326057e-07 3.456707230035428e-33 3.456792411874266e-33 3.847039424793924e-33 5.195012297083021e-33 8.01057895492279e-33 1.674400104466696e-32 2.112542751450711e-32 4.7281884737062074e-33
6.461157240969403e-07 3.3700493466741945e-33 3.3701361073570246e-33 3.758862388321197e-33 5.0766425414093745e-33 7.828055488223388e-33 1.636248392225151e-32 2.0644078314844076e-32 4.620455298840134e-33
6.611809319882495e-07 3.2855818848281594e-33 3.285670254538976e-33 3.6727536560694315e-33 4.960969841728852e-33 7.649690874691442e-33 1.598965978337554e-32 2.0173696800535985e-32 4.515176857746406e-33
6.765974089794179e-07 3.2032489518399195e-33 3.2033389613511044e-33 3.5886606507704334e-33 4.847932748756615e-33 7.475390352857575e-33 1.5625330556381693e-32 1.971403308052554e-32 4.412297218647505e-33
6.923733454639272e-07 3.122996093693862e-33 3.123087774377446e-33 3.506532380845622e-33 4.737471212312545e-33 7.305061318974074e-33 1.5269302669785013e-32 1.9264842935541404e-32 4.311761724121249e-33
7.085171228072106e-07 3.044770264569115e-33 3.0448636484087936e-33 3.426319388965498e-33 4.629526554150956e-33 7.138613288888578e-33 1.4921387009410186e-32 1.882588772595087e-32 4.2135169619924236e-33
7.250373177994646e-07 2.968519782989286e-33 2.968614902592241e-33 3.3479736944472644e-33 4.524041426264883e-33 6.975957825181146e-33 1.458139870188898e-32 1.839693424481761e-32 4.117510737529259e-33
7.419427072122865e-07 2.894194301289175e-33 2.8942911898981928e-33 3.271448748076042e-33 4.42095979141531e-33 6.817008515563995e-33 1.4249157130700437e-32 1.7977754600021376e-32 4.0236920447754685e-33
7.592422724615558e-07 2.821744768695154e-33 2.8218434602012247e-33 3.19669937919502e-33 4.320226887957885e-33 6.661680914598216e-33 1.3924485786188715e-32 1.7568126094079332e-32 3.932011040221224e-33
7.769452043790388e-07 2.7511233974537603e-33 2.7512239264086055e-33 3.1236817472285935e-33 4.2217892011798004e-33 6.509892500169711e-33 1.3607212176485641e-32 1.716783110011458e-32 3.842419016009889e-33
7.950609080952509e-07 2.6822836305249705e-33 2.6823860321540024e-33 3.052353294964586e-33 4.1255944361542824e-33 6.361562630713872e-33 1.329716774229947e-32 1.6776656949626294e-32 3.754868374150399e-33
8.135990080361694e-07 2.615180108960138e-33 2.6152844191755498e-33 2.982672701812024e-33 4.0315914887489494e-33 6.216612502283138e-33 1.2994187765133513e-32 1.639439582249523e-32 3.669312601124317e-33
8.325693530364543e-07 2.5497686409682342e-33 2.5498748963823346e-33 2.914599839488672e-33 3.9397304196606786e-33 6.074965107145187e-33 1.269811127894163e-32 1.602084463318784e-32 3.585706243253362e-33
8.519820215718901e-07 2.4860061719222024e-33 2.4861144098612224e-33 2.848095729279536e-33 3.849962426517734e-33 5.9365451906657296e-33 1.2408780985603038e-32 1.565580492287949e-32 3.504004882555005e-33
8.718473271138315e-07 2.4238507533601994e-33 2.4239610118780536e-33 2.783122498358321e-33 3.7622398193613394e-33 5.801279213849544e-33 1.2126043170146348e-32 1.5299082754984708e-32 3.424165113106625e-33
8.921758236084957e-07 2.3632615158778956e-33 2.363373833770265e-33 2.7196433416128983e-33 3.676515994648826e-33 5.669095313858032e-33 1.184974762382982e-32 1.4950488611989735e-32 3.346144518036117e-33
9.12978311084014e-07 2.30419863917139e-33 2.3043130559901645e-33 2.657622481261573e-33 3.592745410240921e-33 5.539923264004488e-33 1.157974755475659e-32 1.4609837292840948e-32 3.269901646900634e-33
9.342658413882192e-07 2.2466233289181443e-33 2.2467398849863582e-33 2.5970251298298298e-33 3.5108835615849696e-33 5.4136944378547944e-33 1.1315899516250005e-32 1.427694782229997e-32 3.195395993756665e-33
9.560497240602198e-07 2.1904977829376717e-33 2.1906165193640112e-33 2.5378174547480307e-33 3.4308869592310853e-33 5.290341775428024e-33 1.1058063342647594e-32 1.3951643339890524e-32 3.1225879753481634e-33
9.78341532338879e-07 2.1357851721582334e-33 2.135906130852464e-33 2.4799665420767235e-33 3.3527131026599695e-33 5.169799740214668e-33 1.0806102041542598e-32 1.36337510214531e-32 3.0514389112716327e-33
1.0011531093113902e-06 2.0824496118182318e-33 2.082572835506714e-33 2.4234403650306435e-33 3.276320460808188e-33 5.0520042917194064e-33 1.0559881755180807e-32 1.3323101977797154e-32 2.98191100106812e-33
1.0244965742052174e-06 2.0304561381906483e-33 2.0305816704320093e-33 2.3682077515696153e-33 3.20166844884643e-33 4.93689284865979e-33 1.0319271673598589e-32 1.3019531168928158e-32 2.913967306614533e-33
1.048384328826741e-06 1.97977068408985e-33 1.9798985692910954e-33 2.314238353743471e-33 3.1287174061784135e-33 4.8244042546494326e-33 1.0084143965696944e-32 1.2722877315971816e-32 2.8475717309820124e-33
1.0728290641500308e-06 1.9303600559772125e-33 1.9304903394100174e-33 2.2615026191083358e-33 3.0574285761704932e-33 4.714478747705893e-33 9.85437371539129e-33 1.2432982813702308e-32 2.7826889998885305e-33
1.0978437670592484e-06 1.882191910728912e-33 1.882324638546162e-33 2.2099717626102887e-33 2.9877640850897e-33 4.607057926777628e-33 9.629838849896983e-33 1.2149693647691184e-32 2.7192846427355163e-33
1.1234417272482566e-06 1.835234735238505e-33 1.8353699544914675e-33 2.1596177400991113e-33 2.919686922023063e-33 4.502084721961604e-33 9.410420079961736e-33 1.1872859313862832e-32 2.657324974035699e-33
1.149636544281106e-06 1.7894578220310486e-33 1.7895955806862884e-33 2.110413223611408e-33 2.8531609194463504e-33 4.399503363600776e-33 9.19600083380312e-33 1.1602332737114232e-32 2.596777077092261e-33
1.1764421348171486e-06 1.744831250910554e-33 1.744971597867548e-33 2.0623315762263193e-33 2.788150733873953e-33 4.299259352665418e-33 8.98646719572347e-33 1.1337970193098621e-32 2.537608783312028e-33
1.2038727400046132e-06 1.701325867288624e-33 1.7014688526992296e-33 2.0153468300655868e-33 2.7246218270894357e-33 4.2012994321619824e-33 8.781707845917252e-33 1.107963123260867e-32 2.4797886585247292e-33
1.2319429330465773e-06 1.658913263931132e-33 1.659058938011024e-33 1.96943366388819e-33 2.6625404477485553e-33 4.105571558240306e-33 8.58161400045638e-33 1.082717860594543e-32 2.4232859841454444e-33
1.2606676269433496e-06 1.617565758525346e-33 1.6177141733824053e-33 1.9245673823451578e-33 2.6018736135550243e-33 4.01202487302523e-33 8.386079354234576e-33 1.0580478192755209e-32 2.3680707417449088e-33
1.2900620824153782e-06 1.5772563783173825e-33 1.577407586735466e-33 1.8807238963762296e-33 2.5425890938188514e-33 3.920609677733641e-33 8.195000025703249e-33 1.0339398926340932e-32 2.314113596862917e-33
1.3201419160108953e-06 1.5379588392927557e-33 1.5381128951655467e-33 1.8378797033198426e-33 2.48465539198844e-33 3.8312774054423096e-33 8.008274497841979e-33 1.0103812726420985e-32 2.2613858833973474e-33
1.3509231084026028e-06 1.4996475306403064e-33 1.4998044888209727e-33 1.7960118712024795e-33 2.4280417293125412e-33 3.743980596227309e-33 7.825803568472971e-33 9.87359443343041e-33 2.2098595883721812e-33
1.38242201287781e-06 1.4622974942914857e-33 1.4624574107252484e-33 1.7550980178788102e-33 2.372718028284803e-33 3.658672871417545e-33 7.647490295156661e-33 9.648621735508687e-33 2.1595073371832776e-33
1.4146553640265304e-06 1.4258844116013386e-33 1.426047343317482e-33 1.7151162980003272e-33 2.3186548967378767e-33 3.575308909206926e-33 7.473239944825794e-33 9.428775114986255e-33 2.1103023789315405e-33
1.447640286632156e-06 1.390384583543456e-33 1.3905505886752522e-33 1.6760453858476124e-33 2.2658236121511924e-33 3.493844420304702e-33 7.302959942192621e-33 9.213937768477572e-33 2.062218572186313e-33
1.4813943047694329e-06 1.355774917147023e-33 1.3559440549525605e-33 1.6378644605791624e-33 2.2141961064294484e-33 3.41423612453345e-33 7.13655982133919e-33 9.003995559425745e-33 2.0152303712382697e-33
1.5159353511145682e-06 1.3220329085514332e-33 1.3222052394343645e-33 1.6005531921085134e-33 2.1637449511244016e-33 3.3364417281405506e-33 6.973951178638146e-33 8.798836950819103e-33 1.9693128124292526e-33
1.5512817764724183e-06 1.289136628303662e-33 1.289312213834492e-33 1.5640917273959037e-33 2.1144433426861122e-33 3.2604199011028645e-33 6.815047625137232e-33 8.598352946941788e-33 1.9244415008770296e-33
1.587452359525819e-06 1.2570647063695158e-33 1.257243609307088e-33 1.5284606774546927e-33 2.0662650883195585e-33 3.1861302544044624e-33 6.659764737272086e-33 8.402437035491436e-33 1.8805925975633306e-33
1.6244663168122348e-06 1.2257963176183216e-33 1.2259786019315953e-33 1.493641104774128e-33 2.0191845918797855e-33 3.113533320108724e-33 6.508020018043161e-33 8.210985131479654e-33 1.8377428066523647e-33
1.6623433129330315e-06 1.1953111680478243e-33 1.1954968989380561e-33 1.459614511429439e-33 1.973176840502185e-33 3.0425905289490465e-33 6.359732848264621e-33 8.023895521183592e-33 1.7958693631035677e-33
1.7011034710007933e-06 1.1655894809876684e-33 1.1657787249108631e-33 1.4263628278133383e-33 1.9282173915213656e-33 2.973264191320592e-33 6.214824448967551e-33 7.841068807666273e-33 1.754950020600448e-33
1.740767383330235e-06 1.1366119835911713e-33 1.136804808272381e-33 1.3938684011312188e-33 1.8842823587844493e-33 2.9055174753896552e-33 6.07321783181285e-33 7.66240786155678e-33 1.714963039696877e-33
1.7813561223783898e-06 1.1083598939798871e-33 1.1085563684697458e-33 1.3621139850824006e-33 1.84134840043357e-33 2.8393143886479972e-33 5.934837763119733e-33 7.487817762939062e-33 1.6758871762938703e-33
1.8228912519398869e-06 1.0808149088920589e-33 1.0810151035399668e-33 1.3310827300811796e-33 1.7993927072176377e-33 2.774619760468655e-33 5.799610731430974e-33 7.317205756916771e-33 1.6377016703773146e-33
1.8653948386032614e-06 1.0539591908784246e-33 1.0541631773895254e-33 1.3007581722312671e-33 1.7583929883732954e-33 2.7113992187405207e-33 5.667464887583838e-33 7.150481201635039e-33 1.6003862348996025e-33
1.908889463474389e-06 1.0277753565365917e-33 1.0279832079873237e-33 1.2711242252535686e-33 1.7183274618865195e-33 2.649619176449458e-33 5.538330027689827e-33 6.987555518980976e-33 1.5639210451051876e-33
