results/limits/MAQRO_h.dat
# %ECSV 1.0
# ---
# datatype:
# - {name: mx, unit: MeV, datatype: float64}
# - {name: sigma, unit: cm2, datatype: float64}
# schema: astropy-2.0
mx sigma
[from data line 7461]
9.156851573490966 1.0495783697672042e-25
9.177962409926915 1.05682951811864e-25
9.199121916739497 1.0641306868135468e-25
9.220330206136788 1.071482219946461e-25
9.241587390585483 1.0788844638009889e-25
9.26289358281162 1.0863377672181933e-25
9.284248895801124 1.0938424813208098e-25
9.305653442800349 1.1013989596471436e-25
9.327107337316813 1.109007558185883e-25
9.348610693119639 1.1166686352991636e-25
9.370163624240327 1.1243825518975044e-25
9.391766244973189 1.1321496712479934e-25
9.4134186698761 1.1399703591669664e-25
9.435121013771044 1.1478449839821985e-25
9.456873391744665 1.1557739165246827e-25
9.478675919149014 1.1637575300585608e-25
9.500528711602005 1.1717962006112576e-25
9.522431884988183 1.1798903066204699e-25
9.544385555459181 1.188040229154084e-25
9.56638983943448 1.1962463519048353e-25
9.588444853601956 1.204509061186452e-25
9.610550714918451 1.212828745810377e-25
9.632707540610525 1.2212057975290037e-25
9.654915448174922 1.2296406105426944e-25
9.677174555379345 1.238133581824501e-25
9.699484980262936 1.2466851110483732e-25
9.721846841137024 1.2552956006291703e-25
9.744260256585708 1.2639654557206146e-25
9.766725345466416 1.2726950842789744e-25
9.789242226910675 1.281484896958546e-25
9.81181102032459 1.2903353073166196e-25
9.834431845389634 1.299246731685816e-25
9.85710482206312 1.308219589252085e-25
9.879830070578995 1.3172543020652578e-25
9.90260771144833 1.3263512950507937e-25
9.925437865460083 1.3355109960474044e-25
9.94832065368169 1.344733835802372e-25
9.971256197459649 1.3540202480142657e-25
9.994244618420288 1.363370669335991e-25
10.01728603847027 1.3727855394023634e-25
10.040380579797386 1.382265300849078e-25
10.063528364871049 1.3918103993342181e-25
10.086729516443077 1.4014212835577308e-25
10.109984157548295 1.411098405280347e-25
10.133292411505117 1.4208422193454028e-25
10.156654401916343 1.4306531837036055e-25
10.180070252669658 1.4405317594217458e-25
10.203540087938446 1.4504784107182937e-25
10.227064032182286 1.4604936049800466e-25
10.250642210147758 1.4705778127788256e-25
10.274274746869041 1.4807315079043036e-25
10.297961767668513 1.4909551673505107e-25
10.321703398157563 1.5012492714001208e-25
10.34549976423709 1.5116143035949596e-25
10.369350992098338 1.5220507507661448e-25
10.393257208223394 1.5325591030785386e-25
10.417218539386011 1.5431398540282557e-25
10.441235112652217 1.5537935004795905e-25
10.465307055380917 1.5645205426952572e-25
10.48943449522473 1.5753214843249565e-25
10.513617560130484 1.5861968324620798e-25
10.537856378340074 1.597147097664701e-25
10.56215107839096 1.608172793955369e-25
10.586501789117035 1.6192744388681802e-25
10.610908639649125 1.630452553460961e-25
10.635371759415829 1.64170766234274e-25
10.659891278144135 1.653040293688393e-25
10.684467325860053 1.6644509792946286e-25
10.709100032889449 1.675940254544394e-25
10.733789529858564 1.6875086584986126e-25
10.758535947694881 1.6991567338618277e-25
10.783339417627644 1.7108850270813216e-25
10.80820007118871 1.722694088244875e-25
10.833118040213174 1.7345844712584438e-25
10.858093456840013 1.7465567338530588e-25
10.883126453512931 1.7586114372727547e-25
10.908217162980886 1.7707491469479293e-25
10.933365718298978 1.7829704319807112e-25
10.95857225282897 1.7952758653767022e-25
10.983836900240155 1.8076660240175555e-25
11.00915979450999 1.8201414885637666e-25
11.034541069924758 1.8327028439388583e-25
11.059980861080414 1.845350678882252e-25
11.085479302883131 1.8580855861604872e-25
11.1110365305502 1.870908162491485e-25
11.136652679610552 1.8838190087495689e-25
11.162327885905656 1.8968187297828761e-25
11.188062285590147 1.9099079347294448e-25
11.2138560151325 1.9230872367803194e-25
11.239709211315901 1.936357253236166e-25
11.265622011238793 1.9497186056503086e-25
11.291594552315795 1.963171919807795e-25
11.317626972278227 1.9767178257253598e-25
11.343719409175044 1.9903569577215385e-25
11.369872001373379 2.0040899544152601e-25
11.396084887559427 2.0179174587693746e-25
11.422358206739124 2.031840118091851e-25
11.448692098238814 2.0458585841355706e-25
11.47508670170614 2.0599735130452786e-25
11.50154215711061 2.0741855654200266e-25
11.528058604744515 2.0884954063726806e-25
11.554636185223501 2.1029037055185565e-25
11.58127503948746 2.117411137008895e-25
11.607975308801223 2.132018379582433e-25
11.634737134755227 2.146726116583471e-25
11.661560659266438 2.161535036017207e-25
11.688446024578917 2.1764458305787223e-25
11.715393373264753 2.1914591975491356e-25
11.742402848224636 2.206575839050395e-25
11.769474592688782 2.2217964619621164e-25
11.796608750217622 2.2371217779060423e-25
11.823805464702485 2.2525525033862767e-25
11.851064880366536 2.2680893597331864e-25
11.878387141765344 2.2837330731871835e-25
11.905772393787846 2.2994843749064173e-25
11.933220781656914 2.315344001017403e-25
11.960732450930303 2.331312692651878e-25
11.988307547501346 2.34739119592293e-25
12.015946217599659 2.363580262026094e-25
12.043648607792077 2.3798806472645747e-25
12.071414864983247 2.3962931130459785e-25
12.099245136416595 2.412818426020871e-25
12.127139569674917 2.4294573577759882e-25
12.155098312681355 2.446210685481016e-25
12.183121513699982 2.463079191366125e-25
12.211209321336764 2.480063662996507e-25
12.239361884540275 2.497164893272497e-25
12.267579352602409 2.514383680450745e-25
12.295861875159348 2.531720828232122e-25
12.324209602192157 2.5491771457517097e-25
12.352622684027779 2.566753447585461e-25
12.381101271339624 2.5844505538714604e-25
12.409645515148556 2.602269290274337e-25
12.438255566823614 2.6202104880593444e-25
12.466931578082733 2.6382749841040667e-25
12.495673700993732 2.656463620970576e-25
12.52448208797492 2.6747772469077634e-25
12.5533568917961 2.6932167159088013e-25
12.582298265579176 2.711782887741796e-25
12.611306362799153 2.730476627973049e-25
12.640381337284865 2.7492988080930223e-25
12.669523343219714 2.7682503053975215e-25
12.698732535142671 2.787332003244158e-25
12.728009067948895 2.806544790713915e-25
12.757353096890744 2.8258895635275503e-25
12.78676477757841 2.8453672218291077e-25
12.816244265980913 2.8649786741558214e-25
12.845791718426856 2.884724833612567e-25
12.875407291605175 2.9046066200379414e-25
12.905091142566153 2.9246249592769526e-25
12.93484342872204 2.9447807834617638e-25
12.9646643078481 2.9650750311537106e-25
12.994553938083241 2.9855086470785475e-25
13.02451247793106 3.006082582456783e-25
13.05454008626047 3.026797794909728e-25
13.084636922306734 3.0476552485095354e-25
13.114803145672226 3.0686559139448156e-25
13.1450389163272 3.0898007679996197e-25
13.175344394610821 3.1110907948683637e-25
13.205719741231803 3.1325269846771684e-25
13.23616511726948 3.1541103345364046e-25
13.266680684174437 3.1758418482250242e-25
13.297266603769566 3.1977225363061274e-25
13.32792303825083 3.21975341615377e-25
13.358650150188051 3.24193551199624e-25
13.389448102525959 3.2642698549242017e-25
13.42031705858484 3.2867574831923295e-25
13.451257182061621 3.309399441753847e-25
13.482268637030511 3.332196782782267e-25
13.513351587944076 3.3551505655136954e-25
13.54450619963402 3.378261856326192e-25
13.575732637311976 3.4015317287607482e-25
13.607031066570581 3.424961263620773e-25
13.63840165338413 3.4485515489709503e-25
13.66984456410968 3.4723036802038733e-25
13.701359965487697 3.4962187601010313e-25
13.732948024643157 3.5202978988764205e-25
13.764608909086336 3.5445422141791546e-25
13.796342786713609 3.568952831238989e-25
13.828149825808548 3.5935308828290515e-25
13.860030195042587 3.618277509329601e-25
13.891984063476134 3.6431938588237366e-25
13.924011600559252 3.6682810871298843e-25
13.956112976132777 3.6935403578054485e-25
13.988288360428994 3.718972842242652e-25
14.020537924072741 3.744579719757983e-25
14.052861838082224 3.7703621775062253e-25
14.085260273869839 3.7963214107533956e-25
14.117733403243287 3.822458622639622e-25
14.150281398406248 3.848775024576687e-25
14.182904431959528 3.8752718358895965e-25
14.215602676901744 3.901950285521324e-25
14.248376306630442 3.928811604906258e-25
14.281225494942932 3.955857044388631e-25
14.31415041603712 3.983087854713247e-25
14.347151244512633 4.010505293773263e-25
14.380228155371524 4.0381106311390197e-25
14.413381324019417 4.0659051493102983e-25
14.446610926266214 4.0938901318258246e-25
14.47991713832723 4.1220668738494158e-25
14.513300136824034 4.150436679753907e-25
14.546760098785308 4.179000862046795e-25
14.580297201647987 4.20776074210633e-25
14.613911623257955 4.236717650134155e-25
14.647603541871243 4.26587292553297e-25
14.681373136154718 4.295227916446447e-25
14.715220585187252 4.324783980272891e-25
14.749146068460577 4.354542483001336e-25
14.783149765880149 4.384504800247437e-25
14.817231857766307 4.414672316741824e-25
14.851392524854994 4.445046426469326e-25
14.885631948298958 4.475628532691198e-25
14.919950309668465 4.50642004827328e-25
14.954347790952506 4.537422395352244e-25
14.988824574559521 4.568637005589235e-25
15.02338084331858 4.600065320297709e-25
15.05801678048026 4.631708790438074e-25
15.092732569717523 4.663568876559921e-25
15.127528395126905 4.695647049393206e-25
15.162404441229251 4.727944788873059e-25
15.197360892970934 4.760463585365275e-25
15.232397935724592 4.793204938925004e-25
15.267515755290328 4.826170359796086e-25
15.302714537896598 4.85936136815206e-25
15.337994470201116 4.892779494525815e-25
15.373355739292043 4.926426279540853e-25
15.40879853268875 4.96030327416103e-25
15.444323038343052 4.994412039679865e-25
15.479929444639952 5.02875414794876e-25
15.515617940398863 5.063331181133018e-25
15.551388714874523 5.098144732183619e-25
15.587241957757888 5.133196407377836e-25
15.623177859177368 5.168487815842336e-25
15.659196609699583 5.204020584694966e-25
15.695298400330628 5.239796339879848e-25
15.731483422516826 5.275816745637344e-25
15.76775186814597 5.31208347207267e-25
15.804103929548244 5.348598128552015e-25
15.840539799497147 5.385362457358313e-25
15.877059671210743 5.422378133021546e-25
15.913663738352419 5.459646827526341e-25
15.950352195032181 5.4971702973698845e-25
15.987125235807422 5.534950254464147e-25
16.023983055684205 5.572988410062788e-25
16.060925850118043 5.611286540215781e-25
16.09795381501517 5.649846394419744e-25
16.135067146733476 5.688669747962503e-25
16.17226604208344 5.727758382054153e-25
16.20955069832942 5.76711409231989e-25
16.246921313190427 5.806738685768558e-25
16.284378084841443 5.846633981616891e-25
16.321921211914198 5.886801811075495e-25
16.35955089349846 5.927244017640884e-25
16.39726732914301 5.967962457142529e-25
16.43507071885655 6.008958997418924e-25
16.472961263109063 6.050235519241095e-25
16.51093916283255 6.09179391542292e-25
16.549004619422405 6.1336360913001325e-25
16.58715783473819 6.175763966414197e-25
16.62539901110495 6.218179469715154e-25
16.663728351314184 6.260884545719829e-25
16.702146058624827 6.303881151760974e-25
16.740652336764544 6.347171257138455e-25
16.77924738993056 6.390756844617209e-25
16.817931422791006 6.43463991013207e-25
16.856704640485727 6.478822462798109e-25
16.89556724862762 6.523306525005477e-25
16.93451945330362 6.568094133045638e-25
16.973561461075672 6.613187335934229e-25
17.012693478982094 6.658588196779742e-25
17.051915714538378 6.704298792458091e-25
17.09122837573858 6.75032121283907e-25
17.130631671056143 6.796657562678012e-25
17.17012580944527 6.843309960333692e-25
17.209711000341766 6.8902805374643545e-25
17.249387453664394 6.937571440808206e-25
17.28915537981587 6.985184830902602e-25
17.329014989683884 7.0331228825768215e-25
17.368966494642468 7.081387785096278e-25
17.409010106552817 7.129981742121299e-25
17.449146037764717 7.178906972096488e-25
17.489374501117375 7.228165707914777e-25
17.529695709940796 7.2777601971829645e-25
17.570109878056815 7.327692702984203e-25
17.61061721978012 7.377965502371339e-25
17.651217949919634 7.428580888276167e-25
17.69191228377937 7.479541167896256e-25
17.73270043715987 7.530848664628133e-25
17.773582626359044 7.582505717462785e-25
17.814559068173587 7.6345146717984065e-25
17.855629979900005 7.6868779204680425e-25
17.89679557933567 7.739597820841612e-25
17.938056084780218 7.792676775861023e-25
17.979411715036434 7.846117232446195e-25
18.020862689411683 7.899921597751804e-25
18.062409227718785 7.954092288751568e-25
18.104051550277457 8.008631939172758e-25
18.145789877915348 8.063542683014547e-25
18.187624431969105 8.118827371966626e-25
18.229555434285807 8.174488381736892e-25
18.271583107223854 8.230528128285902e-25
18.31370767365443 8.286949416930446e-25
18.355929356962395 8.343754569922644e-25
18.398248381047758 8.400946236003206e-25
18.44066497032658 8.458527191961723e-25
18.483179349732417 8.516499707084112e-25
18.525791744717406 8.574866685187747e-25
18.568502381253335 8.633630770528632e-25
18.611311485833124 8.692794395563514e-25
18.654219285471704 8.752360563396738e-25
18.69722600770754 8.812331672667215e-25
18.740331880603527 8.872710690422353e-25
18.783537132748467 8.933500166596933e-25
18.826841993258164 8.994702999801822e-25
18.870246691776526 9.056321869818196e-25
18.913751458477055 9.118359598457607e-25
18.957356524063755 9.180818998965884e-25
19.001062119772662 9.243702895674758e-25
19.04486847737277 9.307014134641705e-25
19.088775829167524 9.370755581042848e-25
19.132784407995935 9.43493011967927e-25
19.176894447233703 9.499540652766178e-25
19.221106180794727 9.56459010237373e-25
19.26541984313202 9.630081409210528e-25
19.309835669239288 9.69601753426224e-25
19.354353894651844 9.76240145657748e-25
19.398974755448144 9.829236174901252e-25
19.443698488250906 9.896524708380564e-25
19.488525330228263 9.964270096382021e-25
19.53345551909529 1.0032475395205285e-24
19.57848929311495 1.0101143683534894e-24
19.62362689109966 1.017027806200018e-24
19.66886855241227 1.0239881646621727e-24
19.714214516967623 1.0309957577452002e-24
19.75966502523352 1.0380509013888641e-24
19.805220318232273 1.0451539135823497e-24
19.850880637541863 1.0523051144349394e-24
19.896646225297104 1.0595048260152691e-24
19.9425173241912 1.0667533727387562e-24
19.988494177476724 1.074051080814027e-24
20.034577028967213 1.0813982789071036e-24
20.080766123038146 1.0887952975681606e-24
20.127061704628534 1.0962424696633098e-24
20.17346401924208 1.1037401300403767e-24
20.219973312948362 1.1112886159561158e-24
20.266589832384437 1.1188882666425192e-24
20.313313824755806 1.1265394237588584e-24
20.36014553783806 1.134242430746008e-24
20.407085219977866 1.1419976340747876e-24
20.454133120094564 1.1498053826131162e-24
20.501289487681376 1.157666024254094e-24
20.5485545728066 1.1655799146933607e-24
20.59592862611522 1.1735474078442254e-24
20.64341189882991 1.1815688607341003e-24
20.691004642752695 1.1896446336614522e-24
20.73870711026596 1.1977750888865193e-24
20.786519554334063 1.2059605889590087e-24
20.83444222850458 1.2142015029789288e-24
20.882475386909498 1.222498199001842e-24
20.93061928426686 1.230851048380579e-24
20.9788741758818 1.239260425104687e-24
21.027240317648204 1.2477267057938669e-24
21.07571796604975 1.2562502688319832e-24
21.124307378161607 1.264831495682721e-24
21.173008811651446 1.273470770039824e-24
21.221822524781107 1.2821684776352306e-24
21.270748776407853 1.2909250074827745e-24
21.3197878259856 1.2997407516205062e-24
21.368939933566605 1.3086161019747805e-24
21.418205359802485 1.3175514557081173e-24
21.467584365945964 1.3265472115833995e-24
21.517077213851902 1.3356037709261038e-24
21.566684165978977 1.3447215376586094e-24
21.616405485390967 1.3539009183328286e-24
21.666241435758007 1.363142322118313e-24
21.71619228135828 1.3724461608151537e-24
21.766258287079083 1.3818128489297309e-24
21.816439718418582 1.3912428035309452e-24
21.866736841486865 1.400736444455118e-24
21.917149923007653 1.4102941942138542e-24
21.967679230319597 1.4199164780392468e-24
22.01832503137755 1.4296037238941407e-24
22.069087594754315 1.4393563624926636e-24
22.119967189641695 1.4491748273000241e-24
22.17096408585228 1.4590595546684252e-24
22.22207855382054 1.4690109835151744e-24
22.273310864604543 1.4790295558340984e-24
22.324661289887285 1.4891157163160363e-24
22.376130101977978 1.4992699125332808e-24
