results/limits/MAQRO_l.dat
# %ECSV 1.0
# ---
# datatype:
# - {name: mx, unit: MeV, datatype: float64}
# - {name: sigma_10, unit: cm2, datatype: float64}
# - {name: sigma_9, unit: cm2, datatype: float64}
# - {name: sigma_7, unit: cm2, datatype: float64}
# - {name: sigma_6, unit: cm2, datatype: float64}
# - {name: sigma_5, unit: cm2, datatype: float64}
# - {name: sigma_4, unit: cm2, datatype: float64}
# - {name: sigma_3, unit: cm2, datatype: float64}
# - {name: sigma_2, unit: cm2, datatype: float64}
# schema: astropy-2.0
mx sigma_10 sigma_9 sigma_7 sigma_6 sigma_5 sigma_4 sigma_3 sigma_2
[from data line 559]
0.12462225218368743 1.8572000496863373e-38 2.3124409758188905e-38 4.5362279803522333e-38 8.707011382770463e-38 4.459039032564837e-37 1.2488745908349205e-34 1.349888607112114e-31 3.346204325849796e-31
0.1275280166884199 1.8184657161132274e-38 2.2653081006382052e-38 4.454296473396282e-38 8.586704369820194e-38 4.486633380444833e-37 1.3257606298835808e-34 1.4460818380261422e-31 3.5854989605161136e-31
0.13050153367883624 1.7805462196004324e-38 2.219149389008927e-38 4.3739469930853546e-38 8.468726412564557e-38 4.5162920914112015e-37 1.4077895847197473e-34 1.5491481529402478e-31 3.8419169162684037e-31
0.1335443829110759 1.7434242997186544e-38 2.1739444980535163e-38 4.295148235527752e-38 8.353037082618183e-38 4.548083164765309e-37 1.4953170678280702e-34 1.6595792099948542e-31 4.116683766853923e-31
0.13665818097578622 1.707083063864968e-38 2.1296735133306318e-38 4.217869531053209e-38 8.239596826193469e-38 4.582078581181541e-37 1.588723745240616e-34 1.7779018543451918e-31 4.4111128335140295e-31
0.13984458215697693 1.671505979377108e-38 2.0863169397389243e-38 4.1420808311704137e-38 8.128366949165123e-38 4.618354528135902e-37 1.6884171191718335e-34 1.9046806367530018e-31 4.726611418594158e-31
0.14310527931090045 1.6366768658185376e-38 2.0438556926155283e-38 4.067752695798759e-38 8.019309602541946e-38 4.656991640036838e-37 1.7948334378730942e-34 2.040520512631527e-31 5.064687567099907e-31
0.14644200476542463 1.6025798874297858e-38 2.0022710890256582e-38 3.994856280768573e-38 7.912387768340993e-38 4.6980752540595925e-37 1.9084397417906393e-34 2.186069734157404e-31 5.4269572522836945e-31
0.14985653124037576 1.56919954574306e-38 1.9615448392387745e-38 3.923363325583862e-38 7.807565245859803e-38 4.741695682756675e-37 2.029736055762902e-34 2.342022949539324e-31 5.8151521324059205e-31
0.15335067278934078 1.536520672356078e-38 1.9216590383873003e-38 3.8532461414420635e-38 7.704806638342635e-38 4.7879485045930104e-37 2.159257737692065e-34 2.509124523921408e-31 6.231127767593668e-31
0.1569262857634292 1.5045284218618873e-38 1.8825961583040484e-38 3.7844775995050106e-38 7.604077340036765e-38 4.836934873635959e-37 2.2975779948738934e-34 2.688172098371985e-31 6.676872603791605e-31
0.1605852697975066 1.473208264931301e-38 1.8443390395343238e-38 3.717031119415949e-38 7.505343523635582e-38 4.88876184971782e-37 2.4453105799725014e-34 2.880020402990843e-31 7.154517281152874e-31
0.16432956881942368 1.44254598154436e-38 1.8068708835189875e-38 3.6508806580571393e-38 7.408572128105235e-38 4.943542750481931e-37 2.603112679487235e-34 3.085585343919331e-31 7.666345107095381e-31
0.16816117208277714 1.4125276543678944e-38 1.770175244944793e-38 3.586000698542964e-38 7.313730846892165e-38 5.001397526823735e-37 2.7716880084802035e-34 3.3058483816509974e-31 8.214802619783011e-31
0.172082115223751 1.3831396622757242e-38 1.7342360242582007e-38 3.522366239443467e-38 7.220788116508972e-38 5.062453163345556e-37 2.9517901263212947e-34 3.5418612240795254e-31 8.802511635822955e-31
0.1760944813425998 1.3543686740086062e-38 1.6990374603393456e-38 3.459952784233359e-38 7.129713105496634e-38 5.12684410555859e-37 3.1442259892650228e-34 3.7947508542791674e-31 9.432281496939377e-31
0.1802004021103484 1.3262016419706135e-38 1.6645641233324955e-38 3.398736330961688e-38 7.040475703761204e-38 5.194712715688613e-37 3.3498597568079557e-34 4.065724918940335e-31 1.010712265390293e-30
0.18440205890129596 1.2986257961593846e-38 1.6308009076298102e-38 3.338693362137525e-38 6.953046512283806e-38 5.266209759073741e-37 3.5696168699899365e-34 4.356077502274913e-31 1.0830261050577467e-30
0.18870168395192646 1.2716286382268178e-38 1.5977330250047717e-38 3.2798008348268766e-38 6.867396833202626e-38 5.341494923282956e-37 3.804488421103729e-34 4.667195312806958e-31 1.1605153388354235e-30
0.1931015615468407 1.2451979356678594e-38 1.5653459978924689e-38 3.222036170956562e-38 6.783498660266628e-38 5.420737372235263e-37 4.055535835672479e-34 5.000564313966992e-31 1.2435503947583762e-30
0.1976040292323402 1.2193217161343016e-38 1.533625652813148e-38 3.165377247820482e-38 6.701324669660408e-38 5.5041163377601855e-37 4.323895889047745e-34 5.3577768277669876e-31 1.3325281862607905e-30
0.20221147905830805 1.1939882618708698e-38 1.5025581139361998e-38 3.1098023887840107e-38 6.620848211200607e-38 5.591821751212727e-37 4.610786081582234e-34 5.740539148822691e-31 1.4278740602263188e-30
0.20692635884904578 1.1691861042712024e-38 1.472129796781479e-38 3.055290354182363e-38 6.542043299904258e-38 5.684054917940239e-37 4.917510398045538e-34 6.150679701215034e-31 1.5300437755407509e-30
0.21175117350374192 1.1449040185507613e-38 1.4423274020549397e-38 3.0018203324087657e-38 6.464884607930182e-38 5.78102923759562e-37 5.245465478789422e-34 6.590157781246592e-31 1.6395257298433842e-30
0.2166884863272632 1.1211310185345467e-38 1.4131379096157417e-38 2.949371931188434e-38 6.389347456894817e-38 5.88297097350179e-37 5.596147232137388e-34 7.061072924244644e-31 1.7568432603819734e-30
0.22174092039197504 1.0978563515565882e-38 1.384548572571981e-38 2.8979251690344394e-38 6.315407810564367e-38 5.990120074497354e-37 5.97115791958323e-34 7.565674942569415e-31 1.882557147532218e-30
0.22691115993131514 1.075069493469421e-38 1.3565469115023037e-38 2.847460466881602e-38 6.243042267925589e-38 6.102731052933853e-37 6.37221374764339e-34 8.106374682389497e-31 2.0172683205521197e-30
0.23220195176586036 1.052760143760568e-38 1.3291207088005933e-38 2.7979586398946604e-38 6.172228056638184e-38 6.2210739227516295e-37 6.801153002630152e-34 8.6857555492004e-31 2.161620694516037e-30
0.2376161067626448 1.0309182207742121e-38 1.302258003141222e-38 2.7494008894470735e-38 6.10294302687196e-38 6.3454352018356686e-37 7.25994476720775e-34 9.306585859193716e-31 2.316304263841382e-30
0.24315650132850383 1.0095338570353274e-38 1.2759470840620997e-38 2.701768795266793e-38 6.03516564553283e-38 6.476118983145645e-37 7.750698260374813e-34 9.971832074237361e-31 2.4820583989809996e-30
0.24882607893823822 9.885973946744891e-39 1.2501764866632054e-38 2.6550443077455854e-38 5.968874990881951e-38 6.613448079426995e-37 8.275672845496262e-34 1.0684672983870812e-30 2.659675370103066e-30
0.25462785169840935 9.68099380950797e-39 1.224934986417878e-38 2.609209740408409e-38 5.904050747553053e-38 6.757765246643733e-37 8.837288754201259e-34 1.1448514902570464e-30 2.850004140638038e-30
0.2605649019475973 9.480305638710461e-39 1.2002115940946437e-38 2.564247762539467e-38 5.840673201973579e-38 6.9094344916300495e-37 9.438138577385598e-34 1.2267007954474753e-30 3.0539544264694934e-30
0.26664038389397104 9.283818879029027e-39 1.175995550787041e-38 2.520141391961763e-38 5.778723238195883e-38 7.0688424698379885e-37 1.0080999578223913e-33 1.3144063522285856e-30 3.272500980576723e-30
0.27285752529104135 9.091444897802186e-39 1.1522763230493133e-38 2.476873987966786e-38 5.718182334145291e-38 7.236399979464675e-37 1.0768846886026697e-33 1.4083872948633173e-30 3.506688386175565e-30
0.2792196291524867 8.903096943983439e-39 1.1290435981354439e-38 2.43442924439135e-38 5.65903255829277e-38 7.412543558675682e-37 1.1504867633987055e-33 1.509092756951257e-30 3.7576358687948474e-30
0.2857300755069626 8.718690107974937e-39 1.1062872793395965e-38 2.3927911828383735e-38 5.601256566760316e-38 7.597737193103575e-37 1.2292476108375952e-33 1.6170040188089683e-30 4.026542798597164e-30
0.2923923231938275 8.538141282324224e-39 1.0839974814355213e-38 2.351944146038682e-38 5.544837600868356e-38 7.792474141294633e-37 1.3135329981578275e-33 1.7326368078689448e-30 4.314694273533892e-30
0.2992099117007387 8.361369123263864e-39 1.0621645262130436e-38 2.3118727913508715e-38 5.489759485134769e-38 7.997278886303422e-37 1.4037347706545754e-33 1.856543764380405e-30 4.623467432473592e-30
0.3061864630440946 8.18829401307562e-39 1.0407789381093137e-38 2.2725620843963726e-38 5.43600662573649e-38 8.212709222197657e-37 1.5002727155792913e-33 1.989317082556799e-30 4.95433774459135e-30
0.31332568369332287 8.018838023263327e-39 1.019831439933029e-38 2.2339972928268376e-38 5.383564009445119e-38 8.439358484836815e-37 1.6035965594016486e-33 2.1315913422531865e-30 5.30888652476147e-30
0.32063136654003577 7.852924878514507e-39 9.993129486794455e-39 2.1961639802212152e-38 5.332417203049146e-38 8.677857936929347e-37 1.7141881079788795e-33 2.2840465408050874e-30 5.688807724473372e-30
0.3281073929131 7.69047992143541e-39 9.792145714343059e-39 2.1590480001097086e-38 5.282552353276217e-38 8.92887931805942e-37 1.8325635398618287e-33 2.4474113452797426e-30 6.0959170524558565e-30
0.3357577346406907 7.53143007804221e-39 9.59527601364818e-39 2.1226354901220786e-38 5.233956187230103e-38 9.193137571106633e-37 1.959275863697965e-33 2.622466573262582e-30 6.532159512318771e-30
0.343586456160426 7.375703823992041e-39 9.402435137957508e-39 2.0869128662576494e-38 5.186616013357905e-38 9.471393757265684e-37 2.0949175514777074e-33 2.8100489266023425e-30 6.999619645976942e-30
0.3515977166787018 7.223231151537834e-39 9.213539623688397e-39 2.0518668172745626e-38 5.140519722964404e-38 9.764458172710963e-37 2.2401233602099172e-33 3.0110549893649735e-30 7.500530840057364e-30
0.359795772380376 7.073943537191729e-39 9.02850775283807e-39 2.0174842991957497e-38 5.095655792291448e-38 1.0073193680847617e-36 2.395573355514377e-33 3.2264455131790985e-30 8.0372861868173e-30
0.368184978689974 6.927773910081443e-39 8.847259516190855e-39 1.9837525299292877e-38 5.052013285181805e-38 1.0398519275050593e-36 2.561996151584256e-33 3.457250009553034e-30 8.612450173473909e-30
0.3767697925856183 6.784656620984332e-39 8.669716577307028e-39 1.9506589840007386e-38 5.009581856348155e-38 1.0741413887821163e-36 2.7401723830059367e-33 3.7045716683746076e-30 9.228770132223874e-30
0.38555477496691104 6.644527412025932e-39 8.49580223727548e-39 1.9181913873951744e-38 4.968351755269334e-38 1.110292046339238e-36 2.9309384250333354e-33 3.969592632427656e-30 9.889190597936195e-30
0.394544593078027 6.507323387026508e-39 8.325441400214563e-39 1.8863377125066538e-38 4.928313830737487e-38 1.1484150311996031e-36 3.1351903801002245e-33 4.253579643300991e-30 1.0596865671406963e-29
0.4037440229873054 6.372982982483661e-39 8.158560539504454e-39 1.8550861731929305e-38 4.889459536081553e-38 1.1886287765271213e-36 3.353888349629611e-33 4.5578900983408866e-30 1.1355176023224364e-29
0.4131579521246571 6.241445939176188e-39 7.995087664736101e-39 1.8244252199332574e-38 4.851780935094006e-38 1.2310595153654866e-36 3.5880610115608144e-33 4.8839785327956166e-30 1.2167742916485875e-29
0.42279138187813525 6.112653274376028e-39 7.834952289360979e-39 1.7943435350871656e-38 4.815270708689835e-38 1.2758418128055342e-36 3.8388105254797374e-33 5.233403573574573e-30 1.3038447424568065e-29
0.43264943025104924 5.986547254655295e-39 7.678085399026826e-39 1.7648300282521585e-38 4.779922162328485e-38 1.3231191349680024e-36 4.107317788801778e-33 5.6078353833524176e-30 1.397144741849618e-29
0.4427373345810337 5.8630713692756214e-39 7.524419420584619e-39 1.735873831718296e-38 4.745729234231775e-38 1.373044457357504e-36 4.3948480691378774e-33 6.009063641460793e-30 1.4971198001992326e-29
0.4530604543225162 5.742170304147145e-39 7.373888191752776e-39 1.70746429601778e-38 4.712686504432861e-38 1.4257809153249829e-36 4.7027570397718706e-33 6.439006094549902e-30 1.6042473059265624e-29
0.4636242738940635 5.6237899163449794e-39 7.22642693142409e-39 1.679590985567462e-38 4.68078920469363e-38 1.4815024995711009e-36 5.032497247105311e-33 6.899717716755394e-30 1.719038721262785e-29
0.47443440559211736 5.507877209171003e-39 7.081972210601975e-39 1.6522436744025423e-38 4.650033229330548e-38 1.5403947998330992e-36 5.385625040992335e-33 7.393400527134928e-30 1.8420420634420163e-29
0.48549659257266914 5.3943803077496533e-39 6.940461923952701e-39 1.6254123419995208e-38 4.620415146991494e-38 1.602655800123681e-36 5.763808001100072e-33 7.922414108154362e-30 1.97384451739642e-29
0.4968167119024568 5.283248435145398e-39 6.801835261959995e-39 1.5990871691866548e-38 4.591932213428994e-38 1.6684967291339253e-36 6.16883289480256e-33 8.489286875516796e-30 2.1150752001574764e-29
0.5084007776813051 5.174431888992144e-39 6.666032683669863e-39 1.573258534140147e-38 4.5645823853182397e-38 1.7381429696741467e-36 6.602614204658264e-33 9.09672815477309e-30 2.2664081842619169e-29
0.5202549442372687 5.067882018621627e-39 6.5329958900123e-39 1.5479170084643112e-38 4.5383643351715047e-38 1.8118350313087107e-36 7.06720326624481e-33 9.747641120640417e-30 2.428565708898605e-29
0.5323855093962742 4.963551202681607e-39 6.402667797688078e-39 1.5230533533540895e-38 4.513277467403948e-38 1.8898295906443523e-36 7.564798060043585e-33 1.0445136658223928e-29 2.602321458401067e-29
0.5447989178279997 4.86139282723297e-39 6.274992513608622e-39 1.4986585158382654e-38 4.489321935609421e-38 1.9724006040582563e-36 8.097753704195722e-33 1.1192548225349461e-29 2.7885046374710844e-29
0.557501764469769 4.761361264314754e-39 6.14991530987669e-39 1.4747236251017026e-38 4.4664986611087423e-38 2.059840498003634e-36 8.668593698299487e-33 1.1993447758013032e-29 2.988003329762209e-29
0.5705007980302781 4.66341185096802e-39 6.027382599296817e-39 1.4512399888851512e-38 4.4448093528371474e-38 2.152461442408513e-36 9.280021972016688e-33 1.2851662736668924e-29 3.201769353072305e-29
0.5838029245750183 4.5675008687078586e-39 5.907341911404097e-39 1.428199089960995e-38 4.424256528641755e-38 2.2505967130898367e-36 9.934935796096436e-33 1.3771294444972604e-29 3.43082209748603e-29
0.5974152111952977 4.4735855234348357e-39 5.7897418690001434e-39 1.405592582683482e-38 4.4048435380648987e-38 2.3546021495416098e-36 1.0636439617558393e-32 1.4756737564650792e-29 3.676254214724777e-29
0.6113448897628128 4.3816239257753035e-39 5.6745321651853805e-39 1.3834122896119765e-38 4.386574586693965e-38 2.4648577149246657e-36 1.1387859885185723e-32 1.5812701127626365e-29 3.9392355710184786e-29
0.6255993607717623 4.291575071842237e-39 5.561663540877582e-39 1.3616501982057884e-38 4.3694547621637227e-38 2.5817691655890302e-36 1.2192760936228485e-32 1.6944231026165163e-29 4.221020631599519e-29
0.6401861972705483 4.203398824407519e-39 5.451087762805554e-39 1.3402984575891945e-38 4.353490061903e-38 2.705769837999603e-36 1.3054962020272815e-32 1.815673404331192e-29 4.522951785427684e-29
0.6551131488851486 4.117055894475964e-39 5.342757601968551e-39 1.3193493753852985e-38 4.338687422723479e-38 2.837322561514716e-36 1.397855554169673e-32 1.9456003713263725e-29 4.846468989821509e-29
0.6703881459363026 4.0325078232537e-39 5.236626812550954e-39 1.298795414617368e-38 4.325054752354943e-38 2.976921706087173e-36 1.4967926607926281e-32 2.084824790384869e-29 5.19311331562409e-29
0.686019303652694 3.9497169645016625e-39 5.132650111282957e-39 1.2786291906763936e-38 4.312600963038339e-38 3.125095374621374e-36 1.6027773976986577e-32 2.2340118475203636e-29 5.564536731611367e-29
0.7020149264823721 3.868646467265854e-39 5.0307831572373554e-39 1.2588434683535538e-38 4.301336007295298e-38 3.282407750430721e-36 1.716313250450256e-32 2.3938742989720355e-29 5.962508651124101e-29
0.7183835125046995 3.789260258976818e-39 4.930982532053713e-39 1.2394311589364095e-38 4.2912709160008844e-38 3.449461610999658e-36 1.837939719749292e-32 2.56517586983974e-29 6.388924124060219e-29
0.7351337579451718 3.711523028910005e-39 4.83320572058019e-39 1.2203853173675585e-38 4.2824178388946597e-38 3.626901020067419e-36 1.9682348989982013e-32 2.748734899897509e-29 6.845814570470556e-29
0.7522745617955077 3.635400211999332e-39 4.737411091924485e-39 1.2016991394646153e-38 4.2747900876743107e-38 3.815414210919399e-36 2.107818236367119e-32 2.945428238709461e-29 7.335353945206044e-29
0.7698150305414633 3.5608579729965555e-39 4.643557880905425e-39 1.183365959200376e-38 4.2684021818258894e-38 4.0157366747002935e-36 2.2573534945769419e-32 3.1561954356422203e-29 7.859874033992897e-29
