results/limits/MAQRO_l.dat
# %ECSV 1.0
# ---
# datatype:
# - {name: mx, unit: MeV, datatype: float64}
# - {name: sigma_10, unit: cm2, datatype: float64}
# - {name: sigma_9, unit: cm2, datatype: float64}
# - {name: sigma_7, unit: cm2, datatype: float64}
# - {name: sigma_6, unit: cm2, datatype: float64}
# - {name: sigma_5, unit: cm2, datatype: float64}
# - {name: sigma_4, unit: cm2, datatype: float64}
# - {name: sigma_3, unit: cm2, datatype: float64}
# - {name: sigma_2, unit: cm2, datatype: float64}
# schema: astropy-2.0
mx sigma_10 sigma_9 sigma_7 sigma_6 sigma_5 sigma_4 sigma_3 sigma_2
[from data line 80]
1.9989447971105317e-06 9.771922647557664e-34 9.774085215901336e-34 1.2138627599369925e-33 1.6409143750657432e-33 2.5302500392919617e-33 5.288820363284763e-33 6.672756478402087e-33 1.4934643425986647e-33
2.045553350050195e-06 9.529285484573827e-34 9.531489059321594e-34 1.1862080902121e-33 1.6035256326802744e-33 2.4725975369524063e-33 5.168313037221163e-33 6.520715913997134e-33 1.4594354073598486e-33
2.0932486549653353e-06 9.292713742611337e-34 9.29495911354529e-34 1.1591832403809631e-33 1.5669888055603836e-33 2.4162586646533362e-33 5.050551508314686e-33 6.372139644928581e-33 1.4261818341128434e-33
2.1420560511935146e-06 9.062054629419873e-34 9.06434260129419e-34 1.1327738801225053e-33 1.5312844824426936e-33 2.3612034908689065e-33 4.9354732126581474e-33 6.226948736275997e-33 1.3936859560499683e-33
2.192001468898943e-06 8.837159240701776e-34 8.839490633499109e-34 1.1069660053381616e-33 1.4963936943849374e-33 2.3074027661239378e-33 4.8230170120223174e-33 6.0850660517022814e-33 1.3619305089164843e-33
2.2431114428485372e-06 8.617882449382872e-34 8.620258098567237e-34 1.0817459301776684e-33 1.4622979046371476e-33 2.2548279073515744e-33 4.713123161213798e-33 5.946416212435377e-33 1.330898621815105e-33
2.2954131265091837e-06 8.40408281823872e-34 8.4065035748815e-34 1.057100279900654e-33 1.4289789989674525e-33 2.2034509831118633e-33 4.6057332763471885e-33 5.810925557246762e-33 1.3005738082876453e-33
2.3489343064737076e-06 8.195622499953558e-34 8.198089231529171e-34 1.0330159835089819e-33 1.3964192756862605e-33 2.1532446979167465e-33 4.5007903038135785e-33 5.678522103300796e-33 1.2709399575217913e-33
2.403703417223201e-06 7.992367146924638e-34 7.994880737409168e-34 1.009480266913422e-33 1.3646014365113815e-33 2.104182378369746e-33 4.398238489980479e-33 5.549135507894963e-33 1.2419813257535972e-33
2.4597495562335635e-06 7.794185823252117e-34 7.796747171350323e-34 9.864806461230912e-34 1.3335085773397142e-33 2.0562379589464427e-33 4.2980233516697515e-33 5.4226970311486594e-33 1.2136825279901029e-33
2.5171024994342686e-06 7.600950911285298e-34 7.603560934417723e-34 9.640049206160795e-34 1.3031241792446606e-33 2.009385967884793e-33 4.2000916468267496e-33 5.2991394994061894e-33 1.1860285297798364e-33
2.575792717027583e-06 7.412538035244688e-34 7.415197667090925e-34 9.420411668735244e-34 1.2734320996729873e-33 1.963601514008668e-33 4.104391347295688e-33 5.1783972695979144e-33 1.1590046391965225e-33
2.635851389676631e-06 7.228825968981196e-34 7.231536160983855e-34 9.205777320762402e-34 1.2444165638481149e-33 1.9188602730956524e-33 4.010871609330371e-33 5.060406194347978e-33 1.1325964992299843e-33
2.6973104250709106e-06 7.049696562915632e-34 7.052458283647996e-34 8.996032280486053e-34 1.2160621565412562e-33 1.875138475222749e-33 3.9194827484158225e-33 4.945103587995034e-33 1.106790079757995e-33
2.760202474878063e-06 6.875034661853814e-34 6.877848897883038e-34 8.791065250982638e-34 1.1883538135747016e-33 1.8324128919725515e-33 3.8301762118448065e-33 4.832428193020773e-33 1.0815716705518264e-33
2.8245609520908932e-06 6.7047280277101075e-34 6.707595783710287e-34 8.590767464236203e-34 1.161276814290487e-33 1.7906608246092167e-33 3.742904553339198e-33 4.722320147790247e-33 1.0569278736470823e-33
2.8904200487788716e-06 6.538667266389398e-34 6.541589565404464e-34 8.395032621040442e-34 1.1348167731889139e-33 1.749860091061098e-33 3.657621407572405e-33 4.61472095462009e-33 1.0328455964194711e-33
2.9578147542535346e-06 6.376745754685055e-34 6.379723638389802e-34 8.203756837442186e-34 1.1089596326990529e-33 1.7099890149301886e-33 3.574281465716544e-33 4.5095734487421775e-33 1.0093120445477282e-33
3.026780873657441e-06 6.218859568859383e-34 6.2218940978187685e-34 8.016838588694968e-34 1.0836916554341073e-33 1.6710264135919887e-33 3.492840450862743e-33 4.406821767851705e-33 9.86314715238955e-34
3.097355046986562e-06 6.06490741587531e-34 6.067999669800633e-34 7.834178656368315e-34 1.0589994169666936e-33 1.6329515875161695e-33 3.4132550968055255e-33 4.3064113225817604e-33 9.6384139078019e-34
3.1695747685562034e-06 5.914790569212082e-34 5.917941647217898e-34 7.65568008137029e-34 1.0348697996298343e-33 1.5957443081775922e-33 3.335483120378689e-33 4.208288767196416e-33 9.41880131043872e-34
3.2434784069208122e-06 5.768412795265089e-34 5.77162381611412e-34 7.481248099503439e-34 1.0112899830747384e-33 1.5593848083506806e-33 3.2594832037863906e-33 4.112401971573744e-33 9.204192691605848e-34
3.319105225258239e-06 5.625680298493721e-34 5.62895240084668e-34 7.3107901066443465e-34 9.88247440190959e-34 1.5238537711361887e-33 3.185214970004978e-33 4.018699993895566e-33 8.994474033013697e-34
3.3964954022292982e-06 5.486501654609994e-34 5.4898359972660244e-34 7.144215602328373e-34 9.657299290325982e-34 1.4891323198513436e-33 3.112638962534508e-33 3.927133052110368e-33 8.789533916404987e-34
3.4756900533236943e-06 5.350787750238967e-34 5.354185512369849e-34 6.981436142517619e-34 9.437254863751453e-34 1.4552020072496446e-33 3.041716620935986e-33 3.8376524991216145e-33 8.589263462039405e-34
3.5567312527036693e-06 5.21845172716055e-34 5.221914108543681e-34 6.822365298568318e-34 9.222224223598332e-34 1.422044808498247e-33 2.9724102726064352e-33 3.750210796030048e-33 8.393556271187945e-34
3.6396620555569646e-06 5.0894089184459675e-34 5.092937139681007e-34 6.6669186010510715e-34 9.012093123254072e-34 1.3896431065470439e-33 2.9046830902929634e-33 3.664761487507939e-33 8.202308369533237e-34
3.7245265209709786e-06 4.963576799017052e-34 4.967172101743383e-34 6.515013506056728e-34 8.806749927054391e-34 1.35797968764472e-33 2.8384990943236363e-33 3.581259176160161e-33 8.015418151789632e-34
3.811369735340273e-06 4.840874927639022e-34 4.844538574739458e-34 6.366569346282192e-34 8.606085541019367e-34 1.3270377297988956e-33 2.773823122820588e-33 3.499659499358992e-33 7.832786327667306e-34
3.900237836319859e-06 4.721224894619533e-34 4.724958170418325e-34 6.2215072896787235e-34 8.409993357128119e-34 1.2968007943458192e-33 2.710620815100371e-33 3.419919105227755e-33 7.654315869474006e-34
3.991178037336996e-06 4.604550269984053e-34 4.608354480416303e-34 6.0797502979050036e-34 8.218369196009501e-34 1.2672528170821918e-33 2.6488585932327337e-33 3.34199562965132e-33 7.479911960326788e-34
4.0842386526745176e-06 4.490776552933554e-34 4.494653025835343e-34 5.941223085567521e-34 8.031111252721337e-34 1.2383780999817875e-33 2.588503644501012e-33 3.265847673813761e-33 7.309481943596308e-34
4.179469123139017e-06 4.379831123049902e-34 4.38378120790957e-34 5.805852080482458e-34 7.848120041268135e-34 1.2101613025521957e-33 2.5295239038310076e-33 3.191434782185724e-33 7.142935274178878e-34
4.2769200423275275e-06 4.271643191700861e-34 4.275668260392511e-34 5.673565385163732e-34 7.669298343022669e-34 1.1825874339333808e-33 2.471888036749496e-33 3.118717421044155e-33 6.980183469780827e-34
4.376643183506652e-06 4.1661437559886605e-34 4.170245202505804e-34 5.5442927379736985e-34 7.494551154442727e-34 1.155641844809124e-33 2.415565422716774e-33 3.0476569574318844e-33 6.821140064548725e-34
4.478691527118417e-06 4.063265554195502e-34 4.0674447948590226e-34 5.41796547876851e-34 7.323785636104957e-34 1.1293102196548401e-33 2.36052613895514e-33 2.9782156388889038e-33 6.665720570124408e-34
4.583119288927478e-06 3.962943018731013e-34 3.96720149227441e-34 5.294516507333419e-34 7.1569110648397856e-34 1.1035785691083397e-33 2.3067409443500354e-33 2.91035657238787e-33 6.513842393215491e-34
4.689981948824612e-06 3.865112235945891e-34 3.869451403584371e-34 5.173880253165709e-34 6.993838784050528e-34 1.0784332226211333e-33 2.2541812643437798e-33 2.8440437066520988e-33 6.365424867496263e-34
4.799336280301815e-06 3.7697109027646926e-34 3.7741322482392988e-34 5.0559926384248405e-34 6.834482157835423e-34 1.0538608210593557e-33 2.2028191751295043e-33 2.779241811013114e-33 6.2203891347865285e-34
4.911240380614659e-06 3.676678285629264e-34 3.6811833152250632e-34 4.9407910437426885e-34 6.678756523329129e-34 1.0298483097178265e-33 2.1526273893186928e-33 2.7159164580616746e-33 6.0786581412256395e-34
5.0257537016479225e-06 3.5859551809590285e-34 3.590545423497448e-34 4.828214276096006e-34 6.526579147579514e-34 1.0063829313557758e-33 2.1035792413005477e-33 2.6540340043716338e-33 5.940156588599805e-34
5.142937081500915e-06 3.497483876204574e-34 3.502160883006253e-34 4.718202535662952e-34 6.377869182231509e-34 9.834522193521278e-34 2.055648672925123e-33 2.5935615733689246e-33 5.804810894454781e-34
5.262852776809252e-06 3.4112081120958176e-34 3.4159734569120423e-34 4.610697384766459e-34 6.232547621693321e-34 9.61043991274111e-34 2.0088102199754446e-33 2.534467037476153e-33 5.672549152986888e-34
5.385564495820272e-06 3.327073045312677e-34 3.33192832422203e-34 4.505641716179429e-34 6.090537259812118e-34 9.391463421092954e-34 1.9630389982606333e-33 2.476719001621979e-33 5.543301096779726e-34
5.511137432239651e-06 3.245025212872411e-34 3.24997204414188e-34 4.402979723346095e-34 5.951762650241427e-34 9.17747638212532e-34 1.9183106907370983e-33 2.4202867852405163e-33 5.416998059493577e-34
5.639638299867211e-06 3.165012497449406e-34 3.1700525213569533e-34 4.302656871511514e-34 5.816150065097718e-34 8.968365109353397e-34 1.8746015342094118e-33 2.365140406918573e-33 5.293572939598139e-34
5.771135368040315e-06 3.0869840920893926e-34 3.0921189707014365e-34 4.204619866698091e-34 5.683627457145477e-34 8.764018507985478e-34 1.8318883072838e-33 2.3112505703547973e-33 5.172960164141494e-34
5.905698497903673e-06 3.010890468206446e-34 3.0161218851140865e-34 4.1088166297711026e-34 5.554124420034304e-34 8.564328012915963e-34 1.7901483173187114e-33 2.25858864360348e-33 5.055095654810312e-34
6.043399179524854e-06 2.9366833423528363e-34 2.942013002357068e-34 4.0151962674828104e-34 5.427572152090505e-34 8.369187533752524e-34 1.7493593889453e-33 2.207126649216307e-33 4.939916792891844e-34
6.184310569875183e-06 2.8643156449304333e-34 2.869745273676928e-34 3.923709045151251e-34 5.303903418188216e-34 8.178493394868719e-34 1.7094998519334395e-33 2.1568372466257667e-33 4.827362386757909e-34
6.32850753169624e-06 2.793741490288404e-34 2.79927283385069e-34 3.8343063636551494e-34 5.183052519232868e-34 7.992144292371423e-34 1.670548530130874e-33 2.1076937185601014e-33 4.7173726390280406e-34
6.47606667327258e-06 2.724916144162109e-34 2.73055096855614e-34 3.746940727073553e-34 5.0649552469678385e-34 7.810041216248003e-34 1.6324847293989945e-33 2.059669956030657e-33 4.609889114898082e-34
6.627066389131828e-06 2.6577959976628605e-34 2.663536088311836e-34 3.6615657243827687e-34 4.949548860328465e-34 7.632087421949918e-34 1.595288227394566e-33 2.012740445215946e-33 4.504854710991319e-34
6.781586901693754e-06 2.592338536555549e-34 2.5981856976791246e-34 3.5781360004171094e-34 4.836772046878451e-34 7.458188367674435e-34 1.558939262861775e-33 1.9668802538229306e-33 4.40221362514501e-34
6.939710303890459e-06 2.5285023141202993e-34 2.5344583680555217e-34 3.496607233669284e-34 4.72656489087895e-34 7.28825166457823e-34 1.5234185241553745e-33 1.9220650172078104e-33 4.301911324168459e-34
7.101520602780329e-06 2.466246925623918e-34 2.4723137120788342e-34 3.4169361119459973e-34 4.618868841888069e-34 7.122187029264682e-34 1.4887071399773656e-33 1.8782709263827305e-33 4.203894527444777e-34
7.267103764178904e-06 2.405532978748752e-34 2.4117123539610175e-34 3.339080310577457e-34 4.513626683961479e-34 6.959906236438472e-34 1.4547866693171472e-33 1.835474714453886e-33 4.108111153561022e-34
7.436547758330399e-06 2.346322070695816e-34 2.352615906520418e-34 3.262998468017933e-34 4.410782504184961e-34 6.801323069741168e-34 1.4216390908108281e-33 1.79365364491157e-33 4.0145103176758505e-34
7.609942606644117e-06 2.2885767624396917e-34 2.2949869453446947e-34 3.1886501658428318e-34 4.3102816642958396e-34 6.646353277847584e-34 1.3892467939661555e-33 1.7527854986172647e-33 3.923042291975057e-34
7.787380429520604e-06 2.2322605539541865e-34 2.238788983920439e-34 3.1159959061388754e-34 4.212070770510688e-34 6.49491452949133e-34 1.3575925697166528e-33 1.7128485652390442e-33 3.8336584817437023e-34
7.968955495292936e-06 2.177337859891492e-34 2.18398644998587e-34 3.0449970907418527e-34 4.116097645857394e-34 6.346926368879305e-34 1.3266596008977258e-33 1.6738216253674412e-33 3.7463113996394524e-34
8.15476427030917e-06 2.123773990296468e-34 2.1305446622832924e-34 2.975616000783842e-34 4.022311302119655e-34 6.202310173404559e-34 1.2964314535119602e-33 1.63568394558524e-33 3.660954640210443e-34
8.344905470182516e-06 2.0715351206663688e-34 2.0784298082263816e-34 2.9078157773999437e-34 3.930661912973821e-34 6.060989112161127e-34 1.2668920681454139e-33 1.5984152642867e-33 3.5775428555342357e-34
8.539480112236516e-06 2.020588277043914e-34 2.0276089211589796e-34 2.8415604004560756e-34 3.841100787332816e-34 5.922888104688156e-34 1.2380257512399529e-33 1.5619957815434517e-33 3.4960317311124408e-34
8.738591569173047e-06 1.970901311125247e-34 1.9780498592018957e-34 2.776814671132241e-34 3.7535803435983848e-34 5.787933781447599e-34 1.2098171668542597e-33 1.526406148581483e-33 3.4163779619794893e-34
8.942345623991688e-06 1.9224428802899715e-34 1.9297212843860893e-34 2.7135441924029117e-34 3.668054084367964e-34 5.656054444463055e-34 1.1822513284421705e-33 1.491627457503842e-33 3.3385392298838536e-34
9.150850526189614e-06 1.875182426849726e-34 1.882592641765681e-34 2.6517153505846554e-34 3.5844765710903485e-34 5.527180028245765e-34 1.1553135909586514e-33 1.4576412312398724e-33 3.2624741816465014e-34
9.364217049271877e-06 1.8290901585375751e-34 1.8366341397714666e-34 2.5912952980766335e-34 3.50280340100371e-34 5.401242064850195e-34 1.128989641270578e-33 1.4244294138083599e-33 3.1881424051579607e-34
9.58255854960264e-06 1.784137030105482e-34 1.7918167316723392e-34 2.5322519375383078e-34 3.4229911866069033e-34 5.278173654639149e-34 1.1032654994750387e-33 1.3919743605107593e-33 3.1155044099984725e-34
9.805991026628606e-06 1.7402947214313002e-34 1.7481120935063693e-34 2.474553898827101e-34 3.3449975211232024e-34 5.157909403732744e-34 1.078127493585427e-33 1.3602588288132957e-33 3.0445216053936197e-34
1.0034633184506672e-05 1.6975356227100127e-34 1.7054926092359977e-34 2.4181705295890127e-34 3.2687809702016953e-34 5.04038542279993e-34 1.0535622702477434e-33 1.3292659690648261e-33 2.97515627992516e-34
1.0268606495168497e-05 1.6558328150577444e-34 1.663931350729009e-34 2.363071875085705e-34 3.1943010418068562e-34 4.925539274119733e-34 1.029556778505767e-33 1.2989793154788023e-33 2.9073715815291256e-34
1.0508035262855554e-05 1.6151600524538544e-34 1.623402060425983e-34 2.309228662571431e-34 3.1215181657198123e-34 4.8133099425689776e-34 1.006098264841744e-33 1.2693827775222056e-33 2.841131497854245e-34
1.07530466901589e-05 1.5754917466300796e-34 1.5838791351772662e-34 2.2566122881750036e-34 3.0503936768558176e-34 4.703637804152642e-34 9.831742663390789e-34 1.2404606312809689e-33 2.7764008369714823e-34
1.1003770945598772e-05 1.536802947865514e-34 1.5453376072830143e-34 2.2051947968553825e-34 2.9808897858560104e-34 4.596464592103543e-34 9.607726040349882e-34 1.2121975111471735e-33 2.7131452097102837e-34
1.1260341232779899e-05 1.4990693313576294e-34 1.5077531306181577e-34 2.154948872474707e-34 2.912969568002402e-34 4.491733368229103e-34 9.388813765119005e-34 1.1845784016087077e-33 2.651331009286001e-34
1.1522893861159297e-05 1.462267180138388e-34 1.4711019633481616e-34 2.1058478206840084e-34 2.8465969388398863e-34 4.389388491306824e-34 9.174889534886634e-34 1.1575886293197e-33 2.5909253955521418e-34
1.1791568318464117e-05 1.4263733701662436e-34 1.4353609528353246e-34 2.0578655554710153e-34 2.781736636332612e-34 4.289375588147508e-34 8.965839696408826e-34 1.1312138552815296e-33 2.5318962765322518e-34
1.206650734479802e-05 1.391365355268612e-34 1.4005075203862564e-34 2.010976585063512e-34 2.718354201690072e-34 4.1916415241591e-34 8.761553186846146e-34 1.1054400672267975e-33 2.474212291454765e-34
