results/limits/MAQRO_f_6.dat
# %ECSV 1.0
# ---
# datatype:
# - {name: mx, unit: MeV, datatype: float64}
# - {name: sigma_6, unit: cm2, datatype: float64}
# schema: astropy-2.0
mx sigma_6
3.162277660168379e-07 1.2745962022857068e-32
3.2360111549336787e-07 1.2299240833258879e-32
3.311463862505236e-07 1.183989545019248e-32
3.388675869043115e-07 1.1377811683667575e-32
3.4676881953794695e-07 1.0921824211428393e-32
3.548542818811901e-07 1.0479376436494671e-32
3.6312826954049566e-07 1.0056383568051157e-32
3.715951782811629e-07 9.657257193485749e-33
3.8025950636269697e-07 9.285040215088128e-33
3.89125856928623e-07 8.94160377965568e-33
3.9819894045202297e-07 8.627867321101997e-33
4.0748357723809307e-07 8.34401445672144e-33
4.169846999850535e-07 8.089688244912284e-33
4.2670735640476865e-07 7.864157808520642e-33
4.3665671190447213e-07 7.666454246140325e-33
4.4683805233101997e-07 7.495477398801645e-33
4.572567867791303e-07 7.350076952026564e-33
4.6791845046510194e-07 7.229112083770576e-33
4.788287076675383e-07 7.131493873658744e-33
4.899933547366384e-07 7.056214302133115e-33
5.014183231736547e-07 7.002365111700976e-33
5.131096827821533e-07 6.845015729268678e-33
5.250736448927506e-07 6.686397811836839e-33
5.373165656630395e-07 6.534242434603677e-33
5.4984494945446e-07 6.386517394603892e-33
5.626654522879044e-07 6.241683204646532e-33
5.757848853798981e-07 6.09868807762679e-33
5.892102187612295e-07 5.956945919535616e-33
6.029485849799565e-07 5.816295714391547e-33
6.17007282890752e-07 5.67694367751478e-33
6.313937815326057e-07 5.5393922205522996e-33
6.461157240969403e-07 5.4043616037676344e-33
6.611809319882495e-07 5.2727108555888936e-33
6.765974089794179e-07 5.145364107974895e-33
6.923733454639272e-07 5.0232471752729846e-33
7.085171228072106e-07 4.907237390783073e-33
7.250373177994646e-07 4.798127827142876e-33
7.419427072122865e-07 4.696605397241605e-33
7.592422724615558e-07 4.603241156006606e-33
7.769452043790388e-07 4.518490453697553e-33
7.950609080952509e-07 4.4427003751701466e-33
8.135990080361694e-07 4.3761220246084804e-33
8.325693530364543e-07 4.2626458838514726e-33
8.519820215718901e-07 4.1473007798777204e-33
8.718473271138315e-07 4.037376042368748e-33
8.921758236084957e-07 3.932377217668165e-33
9.12978311084014e-07 3.8319102781980276e-33
9.342658413882192e-07 3.735685301794526e-33
9.560497240602198e-07 3.643514533554992e-33
9.78341532338879e-07 3.5553052774192494e-33
1.0011531093113902e-06 3.4710485199030344e-33
1.0244965742052174e-06 3.3908045136972275e-33
1.048384328826741e-06 3.314686709748456e-33
1.0728290641500308e-06 3.242845415232797e-33
1.0978437670592484e-06 3.175452392164532e-33
1.1234417272482566e-06 3.1126873400366405e-33
1.149636544281106e-06 3.054726879674026e-33
1.1764421348171486e-06 3.00173632711637e-33
1.2038727400046132e-06 2.9408607292148826e-33
1.2319429330465773e-06 2.8625684321420625e-33
1.2606676269433496e-06 2.7877291091077333e-33
1.2900620824153782e-06 2.7161839483918497e-33
1.3201419160108953e-06 2.6478176344469742e-33
1.3509231084026028e-06 2.5825560026807084e-33
1.38242201287781e-06 2.5203626480045644e-33
1.4146553640265304e-06 2.4612344764790396e-33
1.447640286632156e-06 2.4051963803116404e-33
1.4813943047694329e-06 2.3522953501811203e-33
1.5159353511145682e-06 2.302594407908476e-33
1.5512817764724183e-06 2.2561667491683688e-33
1.587452359525819e-06 2.2130904408476088e-33
1.6244663168122348e-06 2.1734439368544553e-33
1.6623433129330315e-06 2.1181012171955444e-33
1.7011034710007933e-06 2.0635244596875222e-33
1.740767383330235e-06 2.011415381017425e-33
1.7813561223783898e-06 1.961713323045673e-33
1.8228912519398869e-06 1.91438404285801e-33
1.8653948386032614e-06 1.8694161199961336e-33
1.908889463474389e-06 1.826817154721249e-33
1.9533982341732686e-06 1.7866098587854145e-33
1.9989447971105317e-06 1.7488281849983204e-33
2.045553350050195e-06 1.7135136593936517e-33
2.0932486549653353e-06 1.6807120719089598e-33
2.1420560511935146e-06 1.6414387268607217e-33
2.192001468898943e-06 1.599771431037491e-33
2.2431114428485372e-06 1.5600431422521884e-33
2.2954131265091837e-06 1.5222183956008306e-33
2.3489343064737076e-06 1.4862798426126983e-33
2.403703417223201e-06 1.4522252976189047e-33
2.4597495562335635e-06 1.4200647703072468e-33
2.5171024994342686e-06 1.389817567720951e-33
2.575792717027583e-06 1.3615095626650345e-33
2.635851389676631e-06 1.3338084394528366e-33
2.6973104250709106e-06 1.300145249301649e-33
2.760202474878063e-06 1.2680731032118912e-33
2.8245609520908932e-06 1.2375649032099017e-33
2.8904200487788716e-06 1.2086074649542478e-33
2.9578147542535346e-06 1.1811991332109492e-33
3.026780873657441e-06 1.15534743263887e-33
3.097355046986562e-06 1.1310668157509911e-33
3.1695747685562034e-06 1.1082815440886016e-33
3.2434784069208122e-06 1.0806291262310518e-33
3.319105225258239e-06 1.054310047778806e-33
3.3964954022292982e-06 1.0293061707531037e-33
3.4756900533236943e-06 1.0056099394469063e-33
3.5567312527036693e-06 9.832224155486841e-34
3.6396620555569646e-06 9.621513797735764e-34
3.7245265209709786e-06 9.423100380404705e-34
3.811369735340273e-06 9.19104264176885e-34
3.900237836319859e-06 8.970420223550772e-34
3.991178037336996e-06 8.761118547082142e-34
4.0842386526745176e-06 8.56310450519697e-34
4.179469123139017e-06 8.376410023346403e-34
4.2769200423275275e-06 8.201116469564364e-34
4.376643183506652e-06 8.001412753686002e-34
4.478691527118417e-06 7.81173626507737e-34
4.583119288927478e-06 7.632016382763884e-34
4.689981948824612e-06 7.462244102238148e-34
4.799336280301815e-06 7.302461422966608e-34
4.911240380614659e-06 7.130270640438242e-34
5.0257537016479225e-06 6.9624090852445e-34
5.142937081500915e-06 6.803471763886297e-34
5.262852776809252e-06 6.653457579364427e-34
5.385564495820272e-06 6.504107528594627e-34
5.511137432239651e-06 6.350736787789413e-34
5.639638299867211e-06 6.205501311913707e-34
5.771135368040315e-06 6.068393953391532e-34
5.905698497903673e-06 5.928981379755759e-34
6.043399179524854e-06 5.7916146765701675e-34
6.184310569875183e-06 5.661761846838978e-34
6.32850753169624e-06 5.532949794205835e-34
6.47606667327258e-06 5.405509572513012e-34
6.627066389131828e-06 5.285112822213887e-34
6.781586901693754e-06 5.162538956349023e-34
6.939710303890459e-06 5.046508705681722e-34
7.101520602780329e-06 4.930427894008486e-34
7.267103764178904e-06 4.818350129594001e-34
7.436547758330399e-06 4.708787479673853e-34
7.609942606644117e-06 4.601461808078586e-34
7.787380429520604e-06 4.496618032795517e-34
7.968955495292936e-06 4.394853387832279e-34
8.15476427030917e-06 4.294226394427316e-34
8.344905470182516e-06 4.196609998950404e-34
8.539480112236516e-06 4.101081179689621e-34
8.738591569173047e-06 4.007741059607209e-34
8.942345623991688e-06 3.916378265126595e-34
9.150850526189614e-06 3.827727055434887e-34
9.364217049271877e-06 3.7399121440043816e-34
9.58255854960264e-06 3.6561693951226847e-34
9.805991026628606e-06 3.5715653657470564e-34
1.0034633184506672e-05 3.4915936347640067e-34
1.0268606495168497e-05 3.411058918669641e-34
1.0508035262855554e-05 3.3339332493807048e-34
1.07530466901589e-05 3.257954105707976e-34
1.1003770945598772e-05 3.1836968643518725e-34
1.1260341232779899e-05 3.1117454425138368e-34
1.1522893861159297e-05 3.040466424757642e-34
1.1791568318464117e-05 2.971959831581435e-34
1.206650734479802e-05 2.9038232929039863e-34
1.2347857008475478e-05 2.8382514605905963e-34
1.263576678362426e-05 2.773449070282346e-34
1.293038962959737e-05 2.7104608325554834e-34
1.3231882072236462e-05 2.649199568205927e-34
1.3540404287030327e-05 2.5886478221034145e-34
1.3856120184212054e-05 2.529879077012134e-34
1.4179197495840522e-05 2.4724732942482543e-34
1.4509807864912299e-05 2.4163165607067842e-34
1.484812693655133e-05 2.3614827127110907e-34
1.5194334451324849e-05 2.307860551470823e-34
1.5548614340735104e-05 2.2554704679104087e-34
1.5911154824937624e-05 2.204313407877521e-34
1.6282148512737936e-05 2.1542584984273466e-34
1.6661792503919872e-05 2.1053783848614318e-34
1.7050288493959805e-05 2.057682919118371e-34
1.7447842881182494e-05 2.01095725293551e-34
1.785466687641539e-05 1.965386284089285e-34
1.8270976615199758e-05 1.920831532325348e-34
1.869699327261814e-05 1.8773068270345696e-34
1.91329431807992e-05 1.834767686025391e-34
1.957905794916243e-05 1.7932068385919077e-34
2.003557458746648e-05 1.752597424313161e-34
2.0502735631726606e-05 1.7129584050675784e-34
2.0980789273068064e-05 1.6741831080623089e-34
2.1469989489583918e-05 1.6363010039954914e-34
2.1970596181267336e-05 1.5992973343045384e-34
2.2482875308090033e-05 1.5631432088236265e-34
2.3007099031300245e-05 1.5278117364316717e-34
2.354354585801526e-05 1.4932952050373143e-34
2.4092500789185385e-05 1.4595753936990008e-34
2.4654255471007912e-05 1.426633200570917e-34
2.5229108349871537e-05 1.394462299842167e-34
2.5817364830913554e-05 1.363011360832281e-34
2.641933744027406e-05 1.3322857493289056e-34
2.7035345991133382e-05 1.3022693687393478e-34
2.7665717753620915e-05 1.2729591953974294e-34
2.8310787628685666e-05 1.2442991109226784e-34
2.8970898326020842e-05 1.216328856311764e-34
2.964640054613707e-05 1.1889830630350483e-34
3.033765316668089e-05 1.16227539849289e-34
3.104502343309761e-05 1.1361863636571564e-34
3.176888715373972e-05 1.1106947389655248e-34
3.25096288995246e-05 1.085803167999839e-34
3.326764220824756e-05 1.0614856103189762e-34
3.4043329793658724e-05 1.0377301530670796e-34
3.483710375941493e-05 1.0145267903922414e-34
3.5649385818020195e-05 9.91860533756754e-35
3.648060751487119e-05 9.697215490182883e-35
3.73312104575266e-05 9.480989124241578e-35
3.820164655032238e-05 9.269781202069606e-35
3.90923782344573e-05 9.063572105831172e-35
4.0003878733676586e-05 8.862048099157131e-35
4.093663230568398e-05 8.665315465797658e-35
4.1891134499415887e-05 8.473151897881642e-35
4.2867892418314344e-05 8.285521496015179e-35
4.386742498973848e-05 8.102293157341009e-35
4.489026324065786e-05 7.92332849012376e-35
4.5936950579773975e-05 7.748595463495886e-35
4.700804308621986e-05 7.57796473518957e-35
4.8104109804991236e-05 7.411371136884272e-35
4.922573304926602e-05 7.248721897616009e-35
5.0373508709772956e-05 7.089886758704473e-35
5.154804657137365e-05 6.934853259133287e-35
5.27499706370262e-05 6.783482598597938e-35
5.397991945930254e-05 6.635716290922322e-35
5.5238546479635675e-05 6.491471186546417e-35
5.6526520375476976e-05 6.350670477185083e-35
5.784452541554797e-05 6.213240568526035e-35
5.9193261823375433e-05 6.079119213889326e-35
6.057344614930286e-05 5.948214024805311e-35
6.198581165117595e-05 5.820467844215893e-35
6.34311086839044e-05 5.695808886499854e-35
6.491010509810695e-05 5.574170809430218e-35
6.642358664805138e-05 5.455489073918293e-35
6.797235740910648e-05 5.339699373685894e-35
6.955724020492732e-05 5.226741738749605e-35
7.117907704460117e-05 5.116559397374202e-35
7.283872956998614e-05 5.009085933080585e-35
7.453707951348025e-05 4.904267180345495e-35
7.627502916646401e-05 4.80204655439841e-35
7.805350185866558e-05 4.702369894734803e-35
7.987344244870308e-05 4.605180081972195e-35
8.173581782606456e-05 4.510433443975466e-35
8.364161742479263e-05 4.418069639296459e-35
8.559185374914618e-05 4.3280476294697115e-35
8.758756291151902e-05 4.240310539403941e-35
8.96298051829007e-05 4.154818770837566e-35
9.17196655561724e-05 4.071520797852515e-35
9.385825432253677e-05 3.9903729556981254e-35
9.604670766138824e-05 3.911331758043906e-35
9.828618824393714e-05 3.8343547820740185e-35
0.00010057788585090809 3.759399991469547e-35
0.00010292301800464121 3.686426193884739e-35
0.00010532283061593165 3.615394022632625e-35
0.00010777859864595113 3.546264221196273e-35
0.00011029162678360347 3.478999365710936e-35
0.00011286325013867351 3.4135619961116276e-35
0.00011549483495113791 3.349917986730487e-35
0.00011818777931701482 3.288029535868881e-35
0.0001209435139311377 3.2278648099663227e-35
0.00012376350284724815 3.169388212887835e-35
0.00012664924425581149 3.1125691404988247e-35
0.00012960227127996844 3.057374144209335e-35
0.00013262415279004548 3.003773526866797e-35
0.00013571649423705693 2.9517358735507614e-35
0.0001388809385056415 2.9012328360611496e-35
0.00014211916678688624 2.8522350801709304e-35
0.00014543289947150178 2.8047144855954844e-35
0.0001488238970638237 2.7586436891396613e-35
0.00015229396111712465 2.7139959105747596e-35
0.00015584493519073535 2.6707452468412895e-35
0.00015947870582948208 2.6288663372145667e-35
0.00016319720356596128 2.5883341790389464e-35
0.00016700240394618395 2.5491245742606054e-35
0.00017089632857913436 2.5112140209947736e-35
0.000174881046210801 2.4745793528972635e-35
0.00017895867382325032 2.4391980696248773e-35
0.0001831313777593269 2.4050479861496827e-35
0.00018740137487357792 2.372107998478439e-35
0.00019177093371001327 2.340356900329411e-35
0.000196242375707327 2.3097741888854767e-35
0.00020081807643222024 2.280339860133982e-35
0.00020550046684148122 2.2520343446724138e-35
0.0002102920345734925 2.2248384941254997e-35
0.0002151953252698519 2.19873349392179e-35
0.00022021294392780895 2.173701151956485e-35
0.00022534755628423554 2.149723314257137e-35
0.0002306018902318662 2.1267826121428102e-35
0.00023597873726856003 2.1048615225903448e-35
0.0002414809539803547 2.083943325758803e-35
0.0002471114635590999 2.0640112735169633e-35
0.00025287325735547713 2.0450490098980686e-35
0.00025876939646823026 2.0270404445148737e-35
0.00026480301337045197 2.0099697005587445e-35
0.000270977313573789 1.9938211896379422e-35
0.00027729557733145163 1.9785793820497343e-35
0.00028376116138093086 1.964229006738817e-35
0.0002903775007273506 1.9507548913734423e-35
0.00029714811046840066 1.9381419784110634e-35
0.00030407658766182135 1.9263752522001659e-35
0.00031116661323643183 1.9154398435711845e-35
0.0003184219539477161 1.9053207301045188e-35
0.00032584646437900766 1.896003039370667e-35
0.00033344408898933415 1.8874716881570209e-35
0.0003412188642090111 1.8797115806172187e-35
0.0003491749205840977 1.8727074645732122e-35
0.0003573164849708539 1.866443894048753e-35
0.0003656478827813646 1.8609052090836194e-35
0.0003741735402815245 1.856075477823719e-35
0.0003828979869426037 1.8519384555736554e-35
0.000391825857847644 1.8484775237175527e-35
0.000400961896153964 1.8456756839368336e-35
0.0004103109556130814 1.8435154327551816e-35
0.0004198780031493915 1.841978783037026e-35
0.00042966812149897106 1.8410471767901324e-35
0.000439686511909911 1.840701438332203e-35
0.0004499384969056106 1.8409217277765227e-35
0.00046042952311250296 1.8416874893354185e-35
0.0004711651641537129 1.842977401664363e-35
0.00048215112361018567 1.8447693129733807e-35
0.0004933932380508582 1.847040214626045e-35
0.0005048974801334842 1.849766194003112e-35
0.0005166699617777604 1.8529223973705173e-35
0.0005287169374124361 1.8564829506126767e-35
0.0005410448072981404 1.8604209828805774e-35
0.0005536601209276797 1.8647085710433983e-35
0.0005665695805056229 1.869316714925472e-35
0.0005797800445090163 1.8742153282997408e-35
0.0005932985313311235 1.879373230055127e-35
0.000607132223010125 1.8847581506244624e-35
0.0006212884690447563 1.890336715798492e-35
0.0006357747902989163 1.8960744921977925e-35
0.0006505988829973161 1.9019360249560262e-35
0.0006657686228142928 1.9078848475107485e-35
0.0006812920690579615 1.913883538284432e-35
0.0006971774689519261 1.919893846816872e-35
0.0007134332620168255 1.9258766590377045e-35
0.0007300680845540431 1.9317922057201116e-35
0.0007470907742339592 1.9376000863526022e-35
0.0007645103747911887 1.9432594292509334e-35
0.0007823361408292924 1.9487290046872575e-35
0.00080057754273752 1.9539673922218073e-35
0.0008192442717221943 1.9589330898395137e-35
0.0008383462449554094 1.9635847296314132e-35
0.0008578936108437789 1.9678812335794213e-35
0.0008778967544200344 1.9717820147175534e-35
0.000898366302860337 1.9752471434137096e-35
0.0009193131311302326 1.9782375787888618e-35
0.0009407483677622533 1.9807153602663062e-35
0.000962683400768232 1.9826438162806032e-35
0.000985129883689471 1.9839877690362878e-35
0.0010080997417879817 1.9847137450770076e-35
0.0010316051783820807 1.9847901706585011e-35
0.0010556586813297128 1.9841875671293252e-35
0.0010802730296629402 1.9828787308496613e-35
0.001105461300377127 1.9808389140871022e-35
0.0011312368753784248 1.97804597018753e-35
0.0011576134485932472 1.974480500729855e-35
