results/limits/MAQRO_h.dat
# %ECSV 1.0
# ---
# datatype:
# - {name: mx, unit: MeV, datatype: float64}
# - {name: sigma, unit: cm2, datatype: float64}
# schema: astropy-2.0
mx sigma
[from data line 8204]
35.14832151950405 1.2484387769908665e-24
35.21394417990948 1.2517372264002105e-24
35.27968935921119 1.2550415236132279e-24
35.345557286154474 1.2583516751241373e-24
35.41154818991194 1.261667686260214e-24
35.477662300083814 1.264989566576839e-24
35.54389984669902 1.268317321969909e-24
35.610261060216146 1.2716509614369494e-24
35.676746171523845 1.2749904812234587e-24
35.743355411941856 1.2783358977840068e-24
35.81008901322198 1.2816872173239347e-24
35.876947207548525 1.2850444452538977e-24
35.94393022753926 1.2884075905072709e-24
36.0110383062465 1.2917766529436709e-24
36.07827167715744 1.2951516460750573e-24
36.145630574195195 1.2985325749129169e-24
36.213115231719854 1.3019194468040749e-24
36.28072588452884 1.3053122706271906e-24
36.34846276785794 1.308711045273926e-24
36.41632611738235 1.3121157867755158e-24
36.48431616921706 1.3155264989210864e-24
36.5524331599179 1.318943188957708e-24
36.620677326482564 1.3223658639403795e-24
36.68904890635101 1.3257945318717704e-24
36.757548137406566 1.3292291973879717e-24
36.82617525797664 1.3326698702388092e-24
36.894930506833795 1.3361165567912826e-24
36.963814123196194 1.3395692643378535e-24
37.03282634672861 1.343028000111926e-24
37.1019674175435 1.3464927714864916e-24
37.17123757620139 1.3499635857717181e-24
37.24063706371195 1.3534404503522611e-24
37.310166121535026 1.3569233730421032e-24
37.37982499158107 1.360412358669537e-24
37.449613916212165 1.3639074271843362e-24
37.519533138243126 1.3674085705091358e-24
37.58958290094189 1.3709157879685414e-24
37.65976344803057 1.3744291117172361e-24
37.73007502368654 1.377948530407665e-24
37.80051787254283 1.3814740688898081e-24
37.871092239689204 1.3850057352189726e-24
37.94179837067326 1.3885435051773442e-24
38.01263651150079 1.392087417912325e-24
38.08360690863689 1.3956374716774446e-24
38.15470980900703 1.3991936742302508e-24
38.2259454599975 1.4027560328987875e-24
38.29731410945642 1.4063245568604549e-24
38.36881600569492 1.4098992525558498e-24
38.440451397487465 1.4134801284660227e-24
38.51222053407309 1.4170671921776296e-24
38.58412366515607 1.4206604520584728e-24
38.65616104090713 1.4242599156997128e-24
38.728332911963825 1.4278655912378946e-24
38.80063952943166 1.4314774865280517e-24
38.873081144885205 1.435095610069928e-24
38.94565801036846 1.438719969520936e-24
39.018370378396035 1.4423505735929408e-24
39.09121850195419 1.445987428985851e-24
39.16420263450131 1.4496305453443772e-24
39.23732302996896 1.4532799303799772e-24
39.31057994276307 1.4569355923309521e-24
39.3839736277643 1.4605975396537103e-24
39.457504340329166 1.4642657800050766e-24
39.531172336291206 1.467940322451217e-24
39.60497787196133 1.4716211752551007e-24
39.67892120412902 1.4753083466462977e-24
39.7530025900634 1.4790018447984954e-24
39.82722228751371 1.482701678034912e-24
39.90158055471039 1.4864078550978826e-24
39.97607765036626 1.4901203850915133e-24
40.050713833676895 1.4938392759171664e-24
40.12548936432191 1.4975645360892982e-24
40.20040450246563 1.5012961745808226e-24
40.27545950875838 1.5050342002986517e-24
40.350654644336885 1.5087786207945455e-24
40.425990170825386 1.5125294464044045e-24
40.50146635033686 1.5162866847929302e-24
40.577083445473406 1.520050343679343e-24
40.65284171932738 1.5238204335750762e-24
40.728741435482604 1.5275969630560121e-24
40.804782858014775 1.5313799408875604e-24
40.88096625149261 1.5351693756259556e-24
40.957291880979035 1.538965276408725e-24
41.03376001203161 1.5427676518905686e-24
41.110370910703686 1.5465765117018735e-24
41.18712484354561 1.550391864976761e-24
41.26402207760511 1.5542137187160912e-24
41.34106288042852 1.5580420843222902e-24
41.41824752006192 1.5618769715623704e-24
41.4955762650516 1.5657183859722335e-24
41.57304938444522 1.5695663400332686e-24
41.65066714779302 1.5734208430188164e-24
41.728429825148254 1.577281901163892e-24
41.80633768706834 1.581149526353181e-24
41.88439100461612 1.5850237273906577e-24
41.96259004936023 1.5889045134033838e-24
42.04093509337644 1.5927918938610839e-24
42.11942640924838 1.5966858783221952e-24
42.198064270068905 1.6005864756419375e-24
42.27684894944042 1.604493695923524e-24
42.355780721476194 1.6084075483787713e-24
42.434859860801524 1.6123280427623297e-24
42.51408664255416 1.616255188566383e-24
42.59346134238556 1.6201889954225857e-24
42.67298423646208 1.6241294729571452e-24
42.752655601465435 1.6280766308082318e-24
42.83247571459388 1.6320304787446789e-24
42.912444853563514 1.6359910261663144e-24
42.99256329660864 1.6399582838308554e-24
43.07283132248303 1.6439322606021599e-24
43.15324921046119 1.6479129668850009e-24
43.23381724033873 1.6519004150763048e-24
43.31453569243368 1.6558946125641942e-24
43.39540484758768 1.659895551767145e-24
43.47642498716643 1.6639032884674237e-24
43.55759639306098 1.667917783180741e-24
43.63891934768891 1.6719390736346844e-24
43.72039413399483 1.6759671632884155e-24
43.80202103545169 1.6800020621956692e-24
43.88380033606161 1.6840437805993675e-24
43.96573232035722 1.688092328633819e-24
44.047817273402096 1.6921477165224886e-24
44.130055480792045 1.6962099545148705e-24
44.21244722865635 1.7002790529815807e-24
44.294992803658246 1.704355016102074e-24
44.37769249299617 1.70843786316812e-24
44.46054658440501 1.712527586737354e-24
44.543555366156625 1.716624251815387e-24
44.626719127061065 1.7207278539311655e-24
44.710038156467874 1.724838299516221e-24
44.793512744266536 1.7289556905014396e-24
44.87714318088778 1.7330800600140187e-24
44.96092975730484 1.7372113729357385e-24
45.044872765033915 1.741349649204169e-24
45.128972496135496 1.745494901389189e-24
45.21322924321562 1.7496471401955612e-24
45.297643299426355 1.7538063745783818e-24
45.38221495846708 1.7579726195317153e-24
45.4669445145858 1.7621458835375408e-24
45.55183226257961 1.7663261768565467e-24
45.636878497796 1.7705135093061398e-24
45.72208351613415 1.7747078948926613e-24
45.80744761404542 1.7789093438450175e-24
45.89297108853474 1.783117865253075e-24
45.97865423716148 1.787333471147065e-24
46.06449735804079 1.7915561727824768e-24
46.15050074984418 1.795785981075894e-24
46.236664711800756 1.800022907200524e-24
46.32298954369859 1.804266962333697e-24
46.409475545885165 1.808518157799767e-24
46.49612301926873 1.812776504424676e-24
46.58293226531962 1.817042013813288e-24
46.66990358607074 1.8213146952324812e-24
46.75703728411888 1.8255945594541637e-24
46.844333662626084 1.8298816352026382e-24
46.931793025320125 1.834175905832945e-24
47.01941567649583 1.8384774026499156e-24
47.10720192101645 1.842786122488569e-24
47.19515206431411 1.8471020901684544e-24
47.283266412391214 1.8514253113013623e-24
47.37154527182175 1.8557557963592837e-24
47.45998894975181 1.86009356219721e-24
47.548597753900914 1.8644386157039442e-24
47.63737199256341 1.8687909697090155e-24
47.72631197460893 1.8731506512921592e-24
47.81541800948389 1.877517602615459e-24
47.90469040721234 1.881891967419634e-24
47.99412947839744 1.886273662464193e-24
48.08373553422196 1.8906626427362013e-24
48.17350888644967 1.8950590560298872e-24
48.263449847426685 1.8994628491300515e-24
48.35355873008199 1.9038740439707058e-24
48.443835847928824 1.9082926369884053e-24
48.53428151506604 1.9127186497116124e-24
48.624896046178634 1.9171520938502743e-24
48.71567975653913 1.9215929827366058e-24
48.806632962008955 1.9260413273289765e-24
48.89775597903897 1.930497140289307e-24
48.989049124670856 1.9349604337125264e-24
49.080512716538514 1.939431220093954e-24
49.17214707286857 1.9439095115020667e-24
49.263952512481794 1.9483953204607385e-24
49.3559293547945 1.952888659382788e-24
49.448077919819056 1.9573895420204284e-24
49.54039852816529 1.961897968944723e-24
49.63289150104195 1.9664139821874357e-24
49.72555716025714 1.970937562923793e-24
49.81839582821991 1.9754687385006625e-24
49.911407827941176 1.9800075190263912e-24
50.00459348303518 1.9845539172006123e-24
50.097953117720095 1.9891079457342453e-24
50.19148705681938 1.9936696173014732e-24
50.28519562576329 1.9982389446995423e-24
50.37907915058933 2.0028159407187626e-24
50.473137957943734 2.0074006188652413e-24
50.5673723750829 2.0119929884594325e-24
50.661782729873906 2.0165930689131196e-24
50.75636935079598 2.0212008681327855e-24
50.85113256694192 2.0258164005142622e-24
50.94607270801864 2.0304396794768003e-24
51.041190104348644 2.0350707170705967e-24
51.13648508687143 2.0397095266010278e-24
51.23195798714409 2.044356149613645e-24
51.32760913734272 2.04901049766384e-24
51.423438870263915 2.0536727768055934e-24
51.51944751932529 2.0583427329278547e-24
51.615635418566974 2.0630206000475557e-24
51.71200290265305 2.0677063564090254e-24
51.808550306872114 2.0723999336046294e-24
51.905277967138765 2.0771013939680316e-24
52.00218621999507 2.0818107495422593e-24
52.09927540261111 2.0865280109754882e-24
52.196545852786585 2.0912531912320116e-24
52.29399790895175 2.095986303821954e-24
52.39163191016905 2.1007273623521153e-24
52.489448196133644 2.1054763804343018e-24
52.587447107174896 2.110233371707827e-24
52.685628984257924 2.1149983498876424e-24
52.78399416898407 2.1197713281100873e-24
52.8825430035925 2.1245523224189802e-24
52.98127583096164 2.129341343307544e-24
53.08019299460976 2.134138406761019e-24
53.179294838696485 2.1389435261511436e-24
53.278581708024326 2.143756715405491e-24
53.378053948039216 2.1485779866578904e-24
53.477711904832034 2.1534073593641206e-24
53.57755592514017 2.1582448421100355e-24
53.67758635634802 2.1630904507164127e-24
53.777803546488585 2.16794419949666e-24
53.878207844244955 2.172806102401104e-24
53.97879959895091 2.177676173685223e-24
54.079579160592424 2.1825544275729893e-24
54.18054687980925 2.1874408783416735e-24
54.28170310789545 2.192335540276914e-24
54.38304819680108 2.1972384277494268e-24
54.48458249913317 2.2021495551050687e-24
54.58630636815741 2.2070689354864052e-24
54.68822015779873 2.2119965884013444e-24
54.79032422264282 2.2169325210056813e-24
54.89261891793775 2.2218767525718898e-24
54.995104599594484 2.2268292965052566e-24
55.09778162418849 2.231790167447024e-24
55.20065034896132 2.2367593800352914e-24
55.30371113182113 2.241736948964378e-24
55.40696433134434 2.2467228889524405e-24
55.51041030677716 2.251717214775116e-24
55.61404941803618 2.2567199412236955e-24
55.717882025709955 2.2617310832039497e-24
55.821908491060626 2.2667506554983586e-24
55.92612917602446 2.2717786736338187e-24
56.03054444321347 2.2768151509700086e-24
56.13515465591702 2.281860104086028e-24
56.23996017810241 2.2869135474916447e-24
56.34496137441644 2.291975496266583e-24
56.4501586101871 2.2970459655329205e-24
56.55555225142409 2.302124970431076e-24
56.661142664820446 2.3072125261739893e-24
56.7669302177542 2.3123086479951044e-24
56.872915278288914 2.3174133511604996e-24
56.97909821517547 2.322526650995118e-24
57.08547939785308 2.327648562863663e-24
57.192059196451076 2.332779102100816e-24
57.29883798178947 2.337918284187091e-24
57.40581612538059 2.343066124592271e-24
57.51299399943076 2.3482226388148907e-24
57.62037197684085 2.3533878424323794e-24
57.727950431207965 2.3585617509378675e-24
57.83572973682705 2.3637443800699292e-24
57.94371026869153 2.3689357454579194e-24
58.05189240249495 2.3741358627829574e-24
58.160276514632635 2.379344747833699e-24
58.26886298220229 2.3845624163585632e-24
58.37765218300568 2.3897888842266366e-24
58.48664449555027 2.3950241610595655e-24
58.59584029904987 2.400268273605871e-24
58.70523997342627 2.40552123815932e-24
58.81484389931097 2.4107830658620994e-24
58.924652458045735 2.416053769993064e-24
59.0346660316843 2.4213333662610707e-24
59.14488500299408 2.426621877906269e-24
59.25530975545674 2.4319193148127755e-24
59.365940673270075 2.4372256947630736e-24
59.47677814134902 2.442541035513954e-24
59.58782254532754 2.4478653516503604e-24
59.69907427155922 2.4531986603737886e-24
59.81053370711897 2.4585409776556425e-24
59.92220123980476 2.4638923200144844e-24
60.03407725813819 2.469252703860753e-24
60.14616215136626 2.4746221477593443e-24
60.25845630946308 2.4800006619003117e-24
60.37096012313045 2.485388269222112e-24
60.48367398379965 2.490784984105372e-24
60.59659828363311 2.4961908232131752e-24
60.70973341552509 2.5016058044873044e-24
60.82307977310339 2.507029940763149e-24
60.93663775073108 2.5124632531773053e-24
61.050407743507144 2.5179057557792015e-24
61.16439014726823 2.5233574692299253e-24
61.2785853585904 2.5288184026738598e-24
61.392993774789744 2.534288580278108e-24
61.50761579392416 2.539768020301335e-24
61.62245181479509 2.5452567285567515e-24
61.7375022369482 2.5507547332056603e-24
61.85276746067509 2.556262047715583e-24
61.96824788701509 2.5617786891761733e-24
62.08394391775591 2.5673046745343127e-24
62.199855955435545 2.572840026597682e-24
62.31598440334338 2.5783847406977462e-24
62.432329665522154 2.5839388627962397e-24
62.54889214676857 2.589502401287455e-24
62.665672252635105 2.5950753657401274e-24
62.78267038943178 2.6006577780418167e-24
62.89988696422683 2.6062496556346456e-24
63.017322384848505 2.611851015993657e-24
63.13497705988684 2.6174618766276727e-24
63.252851398694354 2.623082255087914e-24
63.37094581138782 2.6287121689287933e-24
63.489260708850104 2.6343516360036164e-24
63.60779650273081 2.6400006738290538e-24
63.72655360544808 2.645659300154768e-24
63.84553243019048 2.6513275327445645e-24
63.96473339091759 2.657005389511413e-24
64.08415690236185 2.6626928881311898e-24
64.20380338003045 2.6683900463398905e-24
64.32367324020589 2.674096883011818e-24
64.44376689994793 2.6798134150447867e-24
64.56408477709536 2.6855396608935107e-24
64.68462729026668 2.691275638859961e-24
64.8053948588621 2.6970213662853254e-24
64.92638790306475 2.702776861865194e-24
65.0476068438426 2.708542143770729e-24
65.16905210294922 2.7143172306804667e-24
65.29072410292561 2.7201021395567393e-24
65.412623267102 2.725896890369918e-24
65.53475001959865 2.7317015001543865e-24
65.65710478532763 2.737515987850884e-24
65.77968798999476 2.7433403718418973e-24
65.90250006010021 2.7491746705558526e-24
66.02554142294049 2.7550189025699325e-24
66.14881250661024 2.7608730864108983e-24
66.27231374000299 2.766737241076846e-24
66.39604555281299 2.7726113841221408e-24
66.5200083755372 2.77849553575842e-24
66.64420263947585 2.784389713037328e-24
66.76862877673447 2.790293936064799e-24
66.89328722022574 2.79620822261681e-24
67.01817840367015 2.8021326005734255e-24
67.14330276159801 2.8080670628882236e-24
67.26866072935125 2.814011655139999e-24
67.39425274308428 2.8199663823503493e-24
67.52007923976572 2.8259312896697303e-24
67.6461406571805 2.831906351598863e-24
67.77243743393043 2.8378916180049672e-24
67.89897000943641 2.8438871006180672e-24
68.02573882393955 2.849892818601941e-24
68.15274431850334 2.8559087912264465e-24
68.27998693501432 2.8619350377763252e-24
68.40746711618405 2.8679715775678357e-24
68.53518530555107 2.8740184299940836e-24
68.66314194748156 2.8800756144489066e-24
68.79133748717139 2.8861431504148415e-24
68.919772370648 2.8922210573757343e-24
69.04844704477117 2.898309354881333e-24
69.17736195723496 2.9044080625067537e-24
69.30651755656973 2.910517199886684e-24
69.43591429214284 2.9166367867139657e-24
69.56555261416058 2.9227668427050657e-24
69.69543297367026 2.9289073876010575e-24
69.82555582256086 2.935058441213522e-24
69.95592161356502 2.941220023390737e-24
70.08653080026113 2.9473921535691555e-24
70.21738383707394 2.9535748530633852e-24
70.34848117927663 2.959768140464806e-24
70.47982328299284 2.9659720362569464e-24
70.61141060519735 2.972186560777755e-24
70.74324360371824 2.978411733326682e-24
70.87532273723829 2.984647574853325e-24
71.00764846529702 2.9908941053272937e-24
71.14022124829152 2.9971513449143414e-24
71.27304154747844 3.0034193138417005e-24
71.40610982497604 3.0096980312456444e-24
71.53942654376493 3.0159875209733167e-24
71.67299216769011 3.0222878051774557e-24
71.80680716146303 3.0285988990705223e-24
71.94087199066234 3.0349208135748373e-24
72.07518712173592 3.0412535878696733e-24
72.20975302200296 3.0475972353217904e-24
72.3445701596547 3.053951774999041e-24
72.47963900375652 3.0603172267331472e-24
72.61496002424998 3.066693618750583e-24
72.75053369195359 3.0730809622000477e-24
