results/limits/MAQRO_h_phase.dat
# %ECSV 1.0
# ---
# datatype:
# - {name: mx, unit: MeV, datatype: float64}
# - {name: sigma, unit: cm2 MeV4, datatype: float64}
# schema: astropy-2.0
mx sigma
3.162277660168379e-07 3.510505058804427e-44
3.2360111549336787e-07 3.510505070071391e-44
3.311463862505236e-07 3.5105050818698967e-44
3.388675869043115e-07 3.5105050942250145e-44
3.4676881953794695e-07 3.5105051071630083e-44
3.548542818811901e-07 3.510505120711376e-44
3.6312826954049566e-07 3.510505134898911e-44
3.715951782811629e-07 3.510505149755769e-44
3.8025950636269697e-07 3.51050516531353e-44
3.89125856928623e-07 3.510505181605259e-44
3.9819894045202297e-07 3.510505198665576e-44
4.0748357723809307e-07 3.5105052165307454e-44
4.169846999850535e-07 3.510505235238735e-44
4.2670735640476865e-07 3.5105052548293087e-44
4.3665671190447213e-07 3.510505275344104e-44
4.4683805233101997e-07 3.5105052968267183e-44
4.572567867791303e-07 3.51050531932282e-44
4.6791845046510194e-07 3.5105053428802125e-44
4.788287076675383e-07 3.510505367548968e-44
4.899933547366384e-07 3.5105053933815174e-44
5.014183231736547e-07 3.5105054204327676e-44
5.131096827821533e-07 3.5105054487602065e-44
5.250736448927506e-07 3.5105054784240473e-44
5.373165656630395e-07 3.510505509487335e-44
5.4984494945446e-07 3.510505542016084e-44
5.626654522879044e-07 3.5105055760794345e-44
5.757848853798981e-07 3.510505611749795e-44
5.892102187612295e-07 3.51050564910296e-44
6.029485849799565e-07 3.510505688218333e-44
6.17007282890752e-07 3.510505729179049e-44
6.313937815326057e-07 3.5105057720721566e-44
6.461157240969403e-07 3.510505816988825e-44
6.611809319882495e-07 3.510505864024527e-44
6.765974089794179e-07 3.510505913279212e-44
6.923733454639272e-07 3.5105059648575805e-44
7.085171228072106e-07 3.5105060188692653e-44
7.250373177994646e-07 3.510506075429031e-44
7.419427072122865e-07 3.510506134657123e-44
7.592422724615558e-07 3.5105061966793987e-44
7.769452043790388e-07 3.5105062616276894e-44
7.950609080952509e-07 3.51050632964004e-44
8.135990080361694e-07 3.510506400861e-44
8.325693530364543e-07 3.51050647544193e-44
8.519820215718901e-07 3.5105065535413567e-44
8.718473271138315e-07 3.510506635325266e-44
8.921758236084957e-07 3.5105067209674885e-44
9.12978311084014e-07 3.51050681065003e-44
9.342658413882192e-07 3.510506904563517e-44
9.560497240602198e-07 3.51050700290755e-44
9.78341532338879e-07 3.510507105891136e-44
1.0011531093113902e-06 3.5105072137331567e-44
1.0244965742052174e-06 3.5105073266628417e-44
1.048384328826741e-06 3.5105074449201756e-44
1.0728290641500308e-06 3.510507568756516e-44
1.0978437670592484e-06 3.510507698435075e-44
1.1234417272482566e-06 3.5105078342314687e-44
1.149636544281106e-06 3.5105079764342863e-44
1.1764421348171486e-06 3.5105081253458007e-44
1.2038727400046132e-06 3.5105082812824784e-44
1.2319429330465773e-06 3.510508444575752e-44
1.2606676269433496e-06 3.510508615572717e-44
1.2900620824153782e-06 3.510508794636752e-44
1.3201419160108953e-06 3.510508982148487e-44
1.3509231084026028e-06 3.51050917850642e-44
1.38242201287781e-06 3.510509384127907e-44
1.4146553640265304e-06 3.510509599449965e-44
1.447640286632156e-06 3.510509824930254e-44
1.4813943047694329e-06 3.5105100610479885e-44
1.5159353511145682e-06 3.5105103083050204e-44
1.5512817764724183e-06 3.5105105672268743e-44
1.587452359525819e-06 3.510510838363833e-44
1.6244663168122348e-06 3.5105111222922024e-44
1.6623433129330315e-06 3.510511419615421e-44
1.7011034710007933e-06 3.510511730965414e-44
1.740767383330235e-06 3.510512057003943e-44
1.7813561223783898e-06 3.5105123984239434e-44
1.8228912519398869e-06 3.510512755951071e-44
1.8653948386032614e-06 3.5105131303452235e-44
1.908889463474389e-06 3.51051352240213e-44
1.9533982341732686e-06 3.510513932955056e-44
1.9989447971105317e-06 3.5105143628766136e-44
2.045553350050195e-06 3.5105148130805354e-44
2.0932486549653353e-06 3.510515284523668e-44
2.1420560511935146e-06 3.5105157782080615e-44
2.192001468898943e-06 3.510516295182942e-44
2.2431114428485372e-06 3.5105168365471175e-44
2.2954131265091837e-06 3.5105174034511825e-44
2.3489343064737076e-06 3.5105179971000477e-44
2.403703417223201e-06 3.510518618755441e-44
2.4597495562335635e-06 3.5105192697386494e-44
2.5171024994342686e-06 3.5105199514332493e-44
2.575792717027583e-06 3.510520665288132e-44
2.635851389676631e-06 3.5105214128205184e-44
2.6973104250709106e-06 3.5105221956192074e-44
2.760202474878063e-06 3.5105230153479833e-44
2.8245609520908932e-06 3.510523873749083e-44
2.8904200487788716e-06 3.5105247726469615e-44
2.9578147542535346e-06 3.510525713952157e-44
3.026780873657441e-06 3.510526699665302e-44
3.097355046986562e-06 3.5105277318814625e-44
3.1695747685562034e-06 3.510528812794499e-44
3.2434784069208122e-06 3.510529944701808e-44
3.319105225258239e-06 3.5105311300091693e-44
3.3964954022292982e-06 3.5105323712358373e-44
3.4756900533236943e-06 3.510533671019935e-44
3.5567312527036693e-06 3.5105350321240626e-44
3.6396620555569646e-06 3.5105364574411196e-44
3.7245265209709786e-06 3.510537950000502e-44
3.811369735340273e-06 3.5105395129745274e-44
3.900237836319859e-06 3.5105411496851925e-44
3.991178037336996e-06 3.5105428636111974e-44
4.0842386526745176e-06 3.510544658395363e-44
4.179469123139017e-06 3.5105465378523854e-44
4.2769200423275275e-06 3.5105485059769105e-44
4.376643183506652e-06 3.5105505669520744e-44
4.478691527118417e-06 3.51055272515833e-44
4.583119288927478e-06 3.510554985182827e-44
4.689981948824612e-06 3.5105573518291097e-44
4.799336280301815e-06 3.510559830127354e-44
4.911240380614659e-06 3.510562425345052e-44
5.0257537016479225e-06 3.510565142998216e-44
5.142937081500915e-06 3.5105679888630864e-44
5.262852776809252e-06 3.510570968988425e-44
5.385564495820272e-06 3.510574089708369e-44
5.511137432239651e-06 3.5105773576559044e-44
5.639638299867211e-06 3.5105807797769354e-44
5.771135368040315e-06 3.5105843633450904e-44
5.905698497903673e-06 3.510588115977166e-44
6.043399179524854e-06 3.5105920456492987e-44
6.184310569875183e-06 3.510596160713939e-44
6.32850753169624e-06 3.510600469917629e-44
6.47606667327258e-06 3.5106049824195464e-44
6.627066389131828e-06 3.5106097078110164e-44
6.781586901693754e-06 3.510614656135884e-44
6.939710303890459e-06 3.5106198379118753e-44
7.101520602780329e-06 3.510625264152933e-44
7.267103764178904e-06 3.5106309463926612e-44
7.436547758330399e-06 3.510636896708833e-44
7.609942606644117e-06 3.510643127749067e-44
7.787380429520604e-06 3.5106496527577064e-44
7.968955495292936e-06 3.5106564856040086e-44
8.15476427030917e-06 3.510663640811582e-44
8.344905470182516e-06 3.5106711335893116e-44
8.539480112236516e-06 3.510678979863671e-44
8.738591569173047e-06 3.510687196312591e-44
8.942345623991688e-06 3.5106958004009155e-44
9.150850526189614e-06 3.5107048104175377e-44
9.364217049271877e-06 3.5107142455142914e-44
9.58255854960264e-06 3.510724125746675e-44
9.805991026628606e-06 3.510734472116485e-44
1.0034633184506672e-05 3.510745306616486e-44
1.0268606495168497e-05 3.510756652277169e-44
1.0508035262855554e-05 3.5107685332157333e-44
1.07530466901589e-05 3.5107809746873663e-44
1.1003770945598772e-05 3.5107940031389646e-44
1.1260341232779899e-05 3.510807646265351e-44
1.1522893861159297e-05 3.510821933068206e-44
1.1791568318464117e-05 3.5108368939177213e-44
1.206650734479802e-05 3.5108525606172197e-44
1.2347857008475478e-05 3.510868966470758e-44
1.263576678362426e-05 3.5108861463540215e-44
1.293038962959737e-05 3.5109041367884456e-44
1.3231882072236462e-05 3.5109229760189497e-44
1.3540404287030327e-05 3.5109427040952795e-44
1.3856120184212054e-05 3.5109633629571856e-44
1.4179197495840522e-05 3.5109849965236844e-44
1.4509807864912299e-05 3.5110076507864613e-44
1.484812693655133e-05 3.5110313739077404e-44
1.5194334451324849e-05 3.5110562163227715e-44
1.5548614340735104e-05 3.5110822308471013e-44
1.5911154824937624e-05 3.511109472789034e-44
1.6282148512737936e-05 3.511138000067263e-44
1.6661792503919872e-05 3.511167873334181e-44
1.7050288493959805e-05 3.5111991561049436e-44
1.7447842881182494e-05 3.5112319148926597e-44
1.785466687641539e-05 3.5112662193499603e-44
1.8270976615199758e-05 3.511302142417329e-44
1.869699327261814e-05 3.5113397604783237e-44
1.91329431807992e-05 3.5113791535222174e-44
1.957905794916243e-05 3.5114204053143377e-44
2.003557458746648e-05 3.511463603574423e-44
2.0502735631726606e-05 3.5115088401634584e-44
2.0980789273068064e-05 3.511556211279275e-44
2.1469989489583918e-05 3.5116058176615035e-44
2.1970596181267336e-05 3.5116577648061545e-44
2.2482875308090033e-05 3.5117121631903856e-44
2.3007099031300245e-05 3.5117691285079e-44
2.354354585801526e-05 3.5118287819154666e-44
2.4092500789185385e-05 3.511891250291182e-44
2.4654255471007912e-05 3.511956666504861e-44
2.5229108349871537e-05 3.5120251697013387e-44
2.5817364830913554e-05 3.5120969055971133e-44
2.641933744027406e-05 3.512172026791089e-44
2.7035345991133382e-05 3.512250693090047e-44
2.7665717753620915e-05 3.512333071849504e-44
2.8310787628685666e-05 3.512419338330798e-44
2.8970898326020842e-05 3.512509676075048e-44
2.964640054613707e-05 3.512604277294895e-44
3.033765316668089e-05 3.5127033432848053e-44
3.104502343309761e-05 3.5128070848508743e-44
3.176888715373972e-05 3.5129157227610004e-44
3.25096288995246e-05 3.5130294882164955e-44
3.326764220824756e-05 3.5131486233460216e-44
3.4043329793658724e-05 3.513273381723067e-44
3.483710375941493e-05 3.5134040289080074e-44
3.5649385818020195e-05 3.5135408430159005e-44
3.648060751487119e-05 3.513684115311375e-44
3.73312104575266e-05 3.513834150831738e-44
3.820164655032238e-05 3.5139912690398227e-44
3.90923782344573e-05 3.514155804507883e-44
4.0003878733676586e-05 3.5143281076341236e-44
4.093663230568398e-05 3.5145085453933265e-44
4.1891134499415887e-05 3.5146975021233535e-44
4.2867892418314344e-05 3.5148953803491174e-44
4.386742498973848e-05 3.515102601645954e-44
4.489026324065786e-05 3.515319607544176e-44
4.5936950579773975e-05 3.515546860476921e-44
4.700804308621986e-05 3.5157848447733187e-44
4.8104109804991236e-05 3.516034067699175e-44
4.922573304926602e-05 3.5162950605475193e-44
5.0373508709772956e-05 3.5165683797814083e-44
5.154804657137365e-05 3.5168546082315413e-44
5.27499706370262e-05 3.5171543563513666e-44
5.397991945930254e-05 3.517468263532446e-44
5.5238546479635675e-05 3.517796999483106e-44
5.6526520375476976e-05 3.518141265673385e-44
5.784452541554797e-05 3.5185017968496e-44
5.9193261823375433e-05 3.518879362621865e-44
6.057344614930286e-05 3.5192747691283324e-44
6.198581165117595e-05 3.5196888607796707e-44
6.34311086839044e-05 3.5201225220880215e-44
6.491010509810695e-05 3.5205766795844413e-44
6.642358664805138e-05 3.52105230382927e-44
6.797235740910648e-05 3.5215504115200846e-44
6.955724020492732e-05 3.522072067702045e-44
7.117907704460117e-05 3.5226183880857854e-44
7.283872956998614e-05 3.5231905414782505e-44
7.453707951348025e-05 3.523789752332113e-44
7.627502916646401e-05 3.5244173034197875e-44
7.805350185866558e-05 3.5250745386382774e-44
7.987344244870308e-05 3.525762865951571e-44
8.173581782606456e-05 3.52648376047749e-44
8.364161742479263e-05 3.5272387677263935e-44
8.559185374914618e-05 3.528029506999511e-44
8.758756291151902e-05 3.528857674955086e-44
8.96298051829007e-05 3.529725049350951e-44
9.17196655561724e-05 3.5306334929726803e-44
9.385825432253677e-05 3.531584957756961e-44
9.604670766138824e-05 3.532581489120272e-44
9.828618824393714e-05 3.533625230503703e-44
0.00010057788585090809 3.5347184281451846e-44
0.00010292301800464121 3.5358634360911767e-44
0.00010532283061593165 3.5370627214604204e-44
0.00010777859864595113 3.538318869973277e-44
0.00011029162678360347 3.5396345917606846e-44
0.00011286325013867351 3.5410127274679606e-44
0.00011549483495113791 3.542456254669134e-44
0.00011818777931701482 3.5439682946088504e-44
0.0001209435139311377 3.545552119289588e-44
0.00012376350284724815 3.5472111589231583e-44
0.00012664924425581149 3.5489490097666276e-44
0.00012960227127996844 3.550769442363851e-44
0.00013262415279004548 3.5526764102154097e-44
0.00013571649423705693 3.5546740589008384e-44
0.0001388809385056415 3.55676673567879e-44
0.00014211916678688624 3.5589589995922343e-44
0.00014543289947150178 3.561255632107591e-44
0.0001488238970638237 3.563661648318558e-44
0.00015229396111712465 3.56618230874733e-44
0.00015584493519073535 3.568823131778062e-44
0.00015947870582948208 3.571589906759802e-44
0.00016319720356596128 3.574488707818416e-44
0.00016700240394618395 3.5775259084198835e-44
0.00017089632857913436 3.580708196730009e-44
0.000174881046210801 3.5840425918187983e-44
0.00017895867382325032 3.587536460760997e-44
0.0001831313777593269 3.591197536687854e-44
0.00018740137487357792 3.595033937849044e-44
0.00019177093371001327 3.5990541877478154e-44
0.000196242375707327 3.6032672364169187e-44
0.00020081807643222024 3.607682482907674e-44
0.00020550046684148122 3.6123097990698143e-44
0.0002102920345734925 3.6171595547053664e-44
0.0002151953252698519 3.622242644185934e-44
0.00022021294392780895 3.6275705146293614e-44
0.00022534755628423554 3.633155195738961e-44
0.0002306018902318662 3.6390093314161894e-44
0.00023597873726856003 3.6451462132661006e-44
0.0002414809539803547 3.6515798161240145e-44
0.0002471114635590999 3.658324835741725e-44
0.00025287325735547713 3.665396728782304e-44
0.00025876939646823026 3.672811755284251e-44
0.00026480301337045197 3.6805870237682984e-44
0.000270977313573789 3.688740539174053e-44
0.00027729557733145163 3.6972912538285624e-44
0.00028376116138093086 3.7062591216650877e-44
0.0002903775007273506 3.715665155928197e-44
0.00029714811046840066 3.725531490620401e-44
0.00030407658766182135 3.735881445966622e-44
0.00031116661323643183 3.7467395981955643e-44
0.0003184219539477161 3.75813185396192e-44
0.00032584646437900766 3.770085529760495e-44
0.00033344408898933415 3.782629436712829e-44
0.0003412188642090111 3.7957939711391456e-44
0.0003491749205840977 3.8096112113635857e-44
0.0003573164849708539 3.8241150212390567e-44
0.0003656478827813646 3.8393411609198155e-44
0.0003741735402815245 3.8553274054556147e-44
0.0003828979869426037 3.872113671831144e-44
0.000391825857847644 3.8897421551288633e-44
0.000400961896153964 3.908257474552879e-44
0.0004103109556130814 3.927706830116437e-44
0.0004198780031493915 3.9481401708666416e-44
0.00042966812149897106 3.9696103755974875e-44
0.000439686511909911 3.9921734470871313e-44
0.0004499384969056106 4.015888720987909e-44
0.00046042952311250296 4.040819090598849e-44
0.0004711651641537129 4.067031248861088e-44
0.00048215112361018567 4.0945959490375286e-44
0.0004933932380508582 4.1235882856702985e-44
0.0005048974801334842 4.1540879975539605e-44
0.0005166699617777604 4.1861797946204473e-44
0.0005287169374124361 4.2199537108041546e-44
0.0005410448072981404 4.255505485144231e-44
0.0005536601209276797 4.2929369735871076e-44
0.0005665695805056229 4.3323565941774e-44
0.0005797800445090163 4.3738798085711355e-44
0.0005932985313311235 4.4176296430736886e-44
0.000607132223010125 4.463737252698092e-44
0.0006212884690447563 4.512342532059146e-44
0.0006357747902989163 4.5635947772683e-44
0.0006505988829973161 4.6176534033751e-44
0.0006657686228142928 4.674688722317017e-44
0.0006812920690579615 4.734882786792693e-44
0.0006971774689519261 4.79843030596842e-44
0.0007134332620168255 4.865539639466612e-44
0.0007300680845540431 4.9364338766730835e-44
0.0007470907742339592 5.011352009040499e-44
0.0007645103747911887 5.090550203764103e-44
0.0007823361408292924 5.174303187967041e-44
0.00080057754273752 5.262905753363021e-44
0.0008192442717221943 5.356674392269313e-44
0.0008383462449554094 5.455949076830943e-44
0.0008578936108437789 5.561095194395033e-44
0.0008778967544200344 5.672505653152004e-44
0.000898366302860337 5.790603173447488e-44
0.0009193131311302326 5.915842781577666e-44
0.0009407483677622533 6.04871452442367e-44
0.000962683400768232 6.18974642497351e-44
0.000985129883689471 6.339507700639395e-44
0.0010080997417879817 6.498612268324173e-44
0.0010316051783820807 6.667722562445356e-44
0.0010556586813297128 6.84755369461402e-44
0.0010802730296629402 7.03887798641804e-44
0.001105461300377127 7.242529909806968e-44
0.0011312368753784248 7.459411472955595e-44
0.0011576134485932472 7.690498093235823e-44
0.0011846050332435167 7.936845003095626e-44
