results/limits/MAQRO_f_9.dat
# %ECSV 1.0
# ---
# datatype:
# - {name: mx, unit: MeV, datatype: float64}
# - {name: sigma_9, unit: cm2, datatype: float64}
# schema: astropy-2.0
mx sigma_9
3.162277660168379e-07 1.4505199599484923e-32
3.2360111549336787e-07 1.441567859376397e-32
3.311463862505236e-07 1.4331774497506889e-32
3.388675869043115e-07 1.4253345442219044e-32
3.4676881953794695e-07 1.418024742013883e-32
3.548542818811901e-07 1.411233463926508e-32
3.6312826954049566e-07 1.4049458729210943e-32
3.715951782811629e-07 1.3991465828739603e-32
3.8025950636269697e-07 1.3938210936446795e-32
3.89125856928623e-07 1.3889527565816592e-32
3.9819894045202297e-07 1.3845257738844145e-32
4.0748357723809307e-07 1.3805236112127852e-32
4.169846999850535e-07 1.3769293448019472e-32
4.2670735640476865e-07 1.373725355399372e-32
4.3665671190447213e-07 1.370894203762706e-32
4.4683805233101997e-07 1.368416927674138e-32
4.572567867791303e-07 1.3662746552667174e-32
4.6791845046510194e-07 1.3644477447534282e-32
4.788287076675383e-07 1.3629159301178936e-32
4.899933547366384e-07 1.3616583014848143e-32
5.014183231736547e-07 1.360653278897178e-32
5.131096827821533e-07 1.3598786018162648e-32
5.250736448927506e-07 1.3593112949652007e-32
5.373165656630395e-07 1.3589276868843866e-32
5.4984494945446e-07 1.3587033886661366e-32
5.626654522879044e-07 1.3586133133937218e-32
5.757848853798981e-07 1.3586316584543118e-32
5.892102187612295e-07 1.3587319451837626e-32
6.029485849799565e-07 1.358887037017523e-32
6.17007282890752e-07 1.3590691628866376e-32
6.313937815326057e-07 1.359249961878168e-32
6.461157240969403e-07 1.3594005531527927e-32
6.611809319882495e-07 1.3594915458111249e-32
6.765974089794179e-07 1.3594931568629788e-32
6.923733454639272e-07 1.3593752626810552e-32
7.085171228072106e-07 1.3591074962176014e-32
7.250373177994646e-07 1.3586593582129135e-32
7.419427072122865e-07 1.358000282317763e-32
7.592422724615558e-07 1.3570998024290674e-32
7.769452043790388e-07 1.3559276541652582e-32
7.950609080952509e-07 1.3544539104535977e-32
8.135990080361694e-07 1.3526491447293606e-32
8.325693530364543e-07 1.3504845460279064e-32
8.519820215718901e-07 1.347932101479304e-32
8.718473271138315e-07 1.3449647495175208e-32
8.921758236084957e-07 1.3415565429115475e-32
9.12978311084014e-07 1.337682801836127e-32
9.342658413882192e-07 1.333320282464301e-32
9.560497240602198e-07 1.32844737017812e-32
9.78341532338879e-07 1.3230441577918164e-32
1.0011531093113902e-06 1.3170926778988894e-32
1.0244965742052174e-06 1.3105769950137953e-32
1.048384328826741e-06 1.3034833664767232e-32
1.0728290641500308e-06 1.295800322309841e-32
1.0978437670592484e-06 1.2875188105178717e-32
1.1234417272482566e-06 1.2786322626806235e-32
1.149636544281106e-06 1.2691366753610963e-32
1.1764421348171486e-06 1.2590306570741944e-32
1.2038727400046132e-06 1.2483154696767007e-32
1.2319429330465773e-06 1.2369950262768e-32
1.2606676269433496e-06 1.2250758880443468e-32
1.2900620824153782e-06 1.2125672786155569e-32
1.3201419160108953e-06 1.1994809253661894e-32
1.3509231084026028e-06 1.1858310893720728e-32
1.38242201287781e-06 1.1716344627185682e-32
1.4146553640265304e-06 1.1569099729597857e-32
1.447640286632156e-06 1.1416787490862452e-32
1.4813943047694329e-06 1.1259639317429289e-32
1.5159353511145682e-06 1.1097905074624065e-32
1.5512817764724183e-06 1.0931851540509641e-32
1.587452359525819e-06 1.0761760391235073e-32
1.6244663168122348e-06 1.058792639889622e-32
1.6623433129330315e-06 1.0410655322053456e-32
1.7011034710007933e-06 1.023026205023597e-32
1.740767383330235e-06 1.0047068315068785e-32
1.7813561223783898e-06 9.861400852362541e-33
1.8228912519398869e-06 9.673589401546833e-33
1.8653948386032614e-06 9.483964549807111e-33
1.908889463474389e-06 9.292856037978807e-33
1.9533982341732686e-06 9.100590866062882e-33
1.9989447971105317e-06 8.90749165141443e-33
2.045553350050195e-06 8.713874909412106e-33
2.0932486549653353e-06 8.520049728696812e-33
2.1420560511935146e-06 8.326316303145516e-33
2.192001468898943e-06 8.132964870386133e-33
2.2431114428485372e-06 7.940274469943542e-33
2.2954131265091837e-06 7.748512171523635e-33
2.3489343064737076e-06 7.557932222000824e-33
2.403703417223201e-06 7.368775424406483e-33
2.4597495562335635e-06 7.181268632002614e-33
2.5171024994342686e-06 6.995624372043016e-33
2.575792717027583e-06 6.812040629588827e-33
2.635851389676631e-06 6.630700645980843e-33
2.6973104250709106e-06 6.451772979188637e-33
2.760202474878063e-06 6.275411535267286e-33
2.8245609520908932e-06 6.101755769708528e-33
2.8904200487788716e-06 5.930930921401361e-33
2.9578147542535346e-06 5.7630483602224733e-33
3.026780873657441e-06 5.5982059705889055e-33
3.097355046986562e-06 5.436488604652694e-33
3.1695747685562034e-06 5.2779686120455045e-33
3.2434784069208122e-06 5.1227062845527805e-33
3.319105225258239e-06 4.970750520037651e-33
3.3964954022292982e-06 4.822139357801727e-33
3.4756900533236943e-06 4.676900584695341e-33
3.5567312527036693e-06 4.53505237956727e-33
3.6396620555569646e-06 4.396603866593576e-33
3.7245265209709786e-06 4.2615557932225496e-33
3.811369735340273e-06 4.1299011062814524e-33
3.900237836319859e-06 4.001625558049539e-33
3.991178037336996e-06 3.876708291178066e-33
4.0842386526745176e-06 3.7551224070043194e-33
4.179469123139017e-06 3.636835515657984e-33
4.2769200423275275e-06 3.521810266974428e-33
4.376643183506652e-06 3.410004853411548e-33
4.478691527118417e-06 3.3013735060882144e-33
4.583119288927478e-06 3.195866930151431e-33
4.689981948824612e-06 3.093432762790277e-33
4.799336280301815e-06 2.9940159716164604e-33
4.911240380614659e-06 2.897559237737304e-33
5.0257537016479225e-06 2.8040033191083344e-33
5.142937081500915e-06 2.713287382112007e-33
5.262852776809252e-06 2.625349314590261e-33
5.385564495820272e-06 2.5401260103722808e-33
5.511137432239651e-06 2.457553635933179e-33
5.639638299867211e-06 2.3775678758774797e-33
5.771135368040315e-06 2.300104147902105e-33
5.905698497903673e-06 2.225097813436777e-33
6.043399179524854e-06 2.15248435615964e-33
6.184310569875183e-06 2.0821995497913788e-33
6.32850753169624e-06 2.0141796121747016e-33
6.47606667327258e-06 1.948361323725467e-33
6.627066389131828e-06 1.8846821645291494e-33
6.781586901693754e-06 1.823080406171168e-33
6.939710303890459e-06 1.76349520723606e-33
7.101520602780329e-06 1.7058667011265932e-33
7.267103764178904e-06 1.6501360479726248e-33
7.436547758330399e-06 1.5962455080888402e-33
7.609942606644117e-06 1.5441384873487877e-33
7.787380429520604e-06 1.4937595759815003e-33
7.968955495292936e-06 1.4450545825548914e-33
8.15476427030917e-06 1.3979705597491566e-33
8.344905470182516e-06 1.3524558252834553e-33
8.539480112236516e-06 1.3084599712905717e-33
8.738591569173047e-06 1.265933876062715e-33
8.942345623991688e-06 1.2248297059142661e-33
9.150850526189614e-06 1.1851009128815012e-33
9.364217049271877e-06 1.1467022316730435e-33
9.58255854960264e-06 1.1095896742622354e-33
9.805991026628606e-06 1.0737205062842287e-33
1.0034633184506672e-05 1.0390532478657687e-33
1.0268606495168497e-05 1.0055476491770148e-33
1.0508035262855554e-05 9.731646731811823e-34
1.07530466901589e-05 9.418664792409181e-34
1.1003770945598772e-05 9.116163932081293e-34
1.1260341232779899e-05 8.823788937318546e-34
1.1522893861159297e-05 8.541195832914791e-34
1.1791568318464117e-05 8.268051650807657e-34
1.206650734479802e-05 8.004034172449433e-34
1.2347857008475478e-05 7.748831675424813e-34
1.263576678362426e-05 7.502142666231568e-34
1.293038962959737e-05 7.263675621190278e-34
1.3231882072236462e-05 7.033148720013673e-34
1.3540404287030327e-05 6.8102895786847725e-34
1.3856120184212054e-05 6.594834981476291e-34
1.4179197495840522e-05 6.386530646067154e-34
1.4509807864912299e-05 6.185130905907711e-34
1.484812693655133e-05 5.990398508941744e-34
1.5194334451324849e-05 5.802104334387772e-34
1.5548614340735104e-05 5.620027147094595e-34
1.5911154824937624e-05 5.443953356057281e-34
1.6282148512737936e-05 5.273676763864163e-34
1.6661792503919872e-05 5.108998335698401e-34
1.7050288493959805e-05 4.9497259665437686e-34
1.7447842881182494e-05 4.795674253744738e-34
1.785466687641539e-05 4.646664272779128e-34
1.8270976615199758e-05 4.5025233650788125e-34
1.869699327261814e-05 4.363084925304156e-34
1.91329431807992e-05 4.228188197161414e-34
1.957905794916243e-05 4.0976780729238555e-34
2.003557458746648e-05 3.971404900698817e-34
2.0502735631726606e-05 3.849224295783624e-34
2.0980789273068064e-05 3.7309969569167568e-34
2.1469989489583918e-05 3.6165884941643896e-34
2.1970596181267336e-05 3.505869247148298e-34
2.2482875308090033e-05 3.398714127742249e-34
2.3007099031300245e-05 3.2950024559751282e-34
2.354354585801526e-05 3.194617802978026e-34
2.4092500789185385e-05 3.0974478403209247e-34
2.4654255471007912e-05 3.003384197404219e-34
2.5229108349871537e-05 2.9123223133261617e-34
2.5817364830913554e-05 2.824161307348544e-34
2.641933744027406e-05 2.738803843953264e-34
2.7035345991133382e-05 2.656156007435634e-34
2.7665717753620915e-05 2.5761271750377007e-34
2.8310787628685666e-05 2.498629902909097e-34
2.8970898326020842e-05 2.4235798117704955e-34
2.964640054613707e-05 2.3508954702472337e-34
3.033765316668089e-05 2.280498296124314e-34
3.104502343309761e-05 2.21231244912439e-34
3.176888715373972e-05 2.1462647330163017e-34
3.25096288995246e-05 2.082284500872721e-34
3.326764220824756e-05 2.0203035611671436e-34
3.4043329793658724e-05 1.9602560902604325e-34
3.483710375941493e-05 1.902078548304486e-34
3.5649385818020195e-05 1.8457095930248466e-34
3.648060751487119e-05 1.7910900040568773e-34
3.73312104575266e-05 1.7381626044008985e-34
3.820164655032238e-05 1.686872187818655e-34
3.90923782344573e-05 1.637165447221835e-34
4.0003878733676586e-05 1.588990905727336e-34
4.093663230568398e-05 1.54229885231664e-34
4.1891134499415887e-05 1.4970412772686878e-34
4.2867892418314344e-05 1.453171811353773e-34
4.386742498973848e-05 1.410645667022e-34
4.489026324065786e-05 1.3694195818210154e-34
4.5936950579773975e-05 1.3294517633740152e-34
4.700804308621986e-05 1.2907018377535876e-34
4.8104109804991236e-05 1.2531307977515445e-34
4.922573304926602e-05 1.216700955107139e-34
5.0373508709772956e-05 1.1813758928315974e-34
5.154804657137365e-05 1.1471204208412771e-34
5.27499706370262e-05 1.113900531339413e-34
5.397991945930254e-05 1.0816833578076224e-34
5.5238546479635675e-05 1.0504371343126394e-34
5.6526520375476976e-05 1.0201311566496504e-34
5.784452541554797e-05 9.907357448768255e-35
5.9193261823375433e-05 9.622222072807635e-35
6.057344614930286e-05 9.34562805558419e-35
6.198581165117595e-05 9.077307218154402e-35
6.34311086839044e-05 8.817000252690453e-35
6.491010509810695e-05 8.564456428962246e-35
6.642358664805138e-05 8.319433274983753e-35
6.797235740910648e-05 8.081696307452814e-35
6.955724020492732e-05 7.85101874280624e-35
7.117907704460117e-05 7.627181233925238e-35
7.283872956998614e-05 7.409971612781511e-35
7.453707951348025e-05 7.199184640298471e-35
7.627502916646401e-05 6.994621770840145e-35
7.805350185866558e-05 6.796090916672802e-35
7.987344244870308e-05 6.603406228205386e-35
8.173581782606456e-05 6.4163878853094e-35
8.364161742479263e-05 6.234861881934134e-35
8.559185374914618e-05 6.058659829514623e-35
8.758756291151902e-05 5.887618770713138e-35
8.96298051829007e-05 5.721580990022387e-35
9.17196655561724e-05 5.560393835844258e-35
9.385825432253677e-05 5.40390955298412e-35
9.604670766138824e-05 5.251985109229058e-35
9.828618824393714e-05 5.104482042160592e-35
0.00010057788585090809 4.961266303371744e-35
0.00010292301800464121 4.822208110146503e-35
0.00010532283061593165 4.6871818005934804e-35
0.00010777859864595113 4.5560656979325957e-35
0.00011029162678360347 4.428741977246777e-35
0.00011286325013867351 4.3050965326067354e-35
0.00011549483495113791 4.185018859237027e-35
0.00011818777931701482 4.068401930338395e-35
0.0001209435139311377 3.9551420821285113e-35
0.00012376350284724815 3.845138898580465e-35
0.00012664924425581149 3.738295124163305e-35
0.00012960227127996844 3.6345165210880763e-35
0.00013262415279004548 3.5337118064515953e-35
0.00013571649423705693 3.435792539958028e-35
0.0001388809385056415 3.3406730290660914e-35
0.00014211916678688624 3.248270243501199e-35
0.00014543289947150178 3.158503726636688e-35
0.0001488238970638237 3.071295511865139e-35
0.00015229396111712465 2.986570040751285e-35
0.00015584493519073535 2.9042540881621554e-35
0.00015947870582948208 2.824276678907942e-35
0.00016319720356596128 2.746569025791085e-35
0.00016700240394618395 2.671064450334146e-35
0.00017089632857913436 2.5976983154559013e-35
0.000174881046210801 2.5264079667206617e-35
0.00017895867382325032 2.457132660040583e-35
0.0001831313777593269 2.38981350618423e-35
0.00018740137487357792 2.3243934081575405e-35
0.00019177093371001327 2.26081700951048e-35
0.000196242375707327 2.199030628298019e-35
0.00020081807643222024 2.1389822144884e-35
0.00020550046684148122 2.080621292710966e-35
0.0002102920345734925 2.023898913364258e-35
0.0002151953252698519 1.968767604377207e-35
0.00022021294392780895 1.915181324544356e-35
0.00022534755628423554 1.8630954183209035e-35
0.0002306018902318662 1.8124665720757486e-35
0.00023597873726856003 1.763252772214209e-35
0.0002414809539803547 1.7154132641212294e-35
0.0002471114635590999 1.6689085126485915e-35
0.00025287325735547713 1.6237001644061388e-35
0.00025876939646823026 1.5797510090604567e-35
0.00026480301337045197 1.5370249498115314e-35
0.000270977313573789 1.4954869576261126e-35
0.00027729557733145163 1.4551030486822024e-35
0.00028376116138093086 1.4158402467181007e-35
0.0002903775007273506 1.3776665532536758e-35
0.00029714811046840066 1.340550916212472e-35
0.00030407658766182135 1.3044632025320834e-35
0.00031116661323643183 1.269374168682269e-35
0.0003184219539477161 1.2352554320196355e-35
0.00032584646437900766 1.2020794469406298e-35
0.00033344408898933415 1.1698194776984912e-35
0.0003412188642090111 1.1384495736021252e-35
0.0003491749205840977 1.1079445436468441e-35
0.0003573164849708539 1.0782799425458818e-35
0.0003656478827813646 1.0494320263611582e-35
0.0003741735402815245 1.0213777605097133e-35
0.0003828979869426037 9.940947700387743e-36
0.000391825857847644 9.675613392584196e-36
0.000400961896153964 9.417563832326608e-36
0.0004103109556130814 9.166594287282438e-36
0.0004198780031493915 8.922506019746121e-36
0.00042966812149897106 8.685105989083107e-36
0.000439686511909911 8.45420679310404e-36
0.0004499384969056106 8.229626442081163e-36
0.00046042952311250296 8.011188205760308e-36
0.0004711651641537129 7.79872045990985e-36
0.00048215112361018567 7.592056524017964e-36
0.0004933932380508582 7.39103452382629e-36
0.0005048974801334842 7.195497236906677e-36
0.0005166699617777604 7.005291960733301e-36
0.0005287169374124361 6.820270374628035e-36
0.0005410448072981404 6.640288408999469e-36
0.0005536601209276797 6.465206119183847e-36
0.0005665695805056229 6.294887560831499e-36
0.0005797800445090163 6.12920067319157e-36
0.0005932985313311235 5.9680171597535294e-36
0.000607132223010125 5.811212383359288e-36
0.0006212884690447563 5.658665247306836e-36
0.0006357747902989163 5.510258099334655e-36
0.0006505988829973161 5.365876623331768e-36
0.0006657686228142928 5.2254097448545425e-36
0.0006812920690579615 5.088749531213188e-36
0.0006971774689519261 4.955791104367482e-36
0.0007134332620168255 4.826432540140633e-36
0.0007300680845540431 4.700574792623657e-36
0.0007470907742339592 4.578121599727983e-36
0.0007645103747911887 4.4589794078996625e-36
0.0007823361408292924 4.343057288346861e-36
0.00080057754273752 4.230266857647207e-36
0.0008192442717221943 4.120522208993933e-36
0.0008383462449554094 4.013739832622692e-36
0.0008578936108437789 3.909838549215242e-36
0.0008778967544200344 3.8087394396289634e-36
0.000898366302860337 3.710365778590885e-36
0.0009193131311302326 3.6146429704658976e-36
0.0009407483677622533 3.5214984857798225e-36
0.000962683400768232 3.4308618010169416e-36
0.000985129883689471 3.342664340025059e-36
0.0010080997417879817 3.256839415982892e-36
0.0010316051783820807 3.173322176208376e-36
0.0010556586813297128 3.09204954882329e-36
0.0010802730296629402 3.0129601915996235e-36
0.001105461300377127 2.9359944379643077e-36
0.0011312368753784248 2.8610942517499092e-36
0.0011576134485932472 2.788203177887551e-36
0.0011846050332435167 2.7172662970721166e-36
