results/limits/MAQRO_h.dat
# %ECSV 1.0
# ---
# datatype:
# - {name: mx, unit: MeV, datatype: float64}
# - {name: sigma, unit: cm2, datatype: float64}
# schema: astropy-2.0
mx sigma
[from data line 3600]
0.00655075910513916 5.001115200888666e-35
0.006562989511075202 5.025530750002045e-35
0.006575242751438059 5.050075653653873e-35
0.006587518868860094 5.074750616008508e-35
0.006599817906053247 5.099556345134964e-35
0.006612139905809225 5.124493553028835e-35
0.006624484910999624 5.149562955634165e-35
0.006636852964576064 5.174765272865464e-35
0.0066492441095703765 5.200101228629993e-35
0.006661658389094735 5.225571550850014e-35
0.006674095846341782 5.251176939724875e-35
0.00668655652458483 5.276918051802603e-35
0.006699040467177958 5.302795734093969e-35
0.006711547717556205 5.328810730704091e-35
0.006724078319235709 5.354963789864534e-35
0.0067366323158138276 5.381255663956329e-35
0.006749209750969339 5.40768710953318e-35
0.006761810668462571 5.43425888734479e-35
0.006774435112135531 5.460971762360208e-35
0.006787083125912102 5.487826503791497e-35
0.006799754753798173 5.514823885117409e-35
0.006812450039881773 5.54196468410715e-35
0.0068251690283332635 5.56924968284447e-35
0.0068379117634054755 5.596679667751702e-35
0.006850678289433837 5.624255429613949e-35
0.006863468650836583 5.651977763603616e-35
0.006876282892114846 5.679847446843716e-35
0.006889121057852867 5.707865285995988e-35
0.006901983192718127 5.736032108080907e-35
0.006914869341461478 5.764348726035691e-35
0.006927779548917347 5.792815957308207e-35
0.006940713860003866 5.821434623882113e-35
0.00695367231972301 5.850205552302167e-35
0.006966654973160795 5.879129573699819e-35
0.0069796618654874125 5.908207523818799e-35
0.006992693041957367 5.937440243040848e-35
0.007005748547909681 5.966828576411745e-35
0.0070188284287680015 5.996373373667287e-35
0.0070319327300408 6.026075489259608e-35
0.007045061497321514 6.055935782383454e-35
0.007058214776288684 6.085955117002374e-35
0.007071392612706155 6.116134361841492e-35
0.007084595052423214 6.146474390517183e-35
0.007097822141374728 6.17697608146144e-35
0.007111073925581346 6.207640317983059e-35
0.00712435045114964 6.238467988294844e-35
0.007137651764272242 6.269459985541035e-35
0.007150977911228053 6.300617207824931e-35
0.007164328938382354 6.331940558236592e-35
0.007177704892187007 6.363430944880777e-35
0.007191105819180604 6.395089280904984e-35
0.007204531765988603 6.426916484527598e-35
0.007217982779323536 6.458913479066377e-35
0.007231458905985144 6.491081189978617e-35
0.007244960192860527 6.523420531191799e-35
0.007258486686924343 6.555932463371972e-35
0.007272038435238954 6.588617930502331e-35
0.007285615484954567 6.621477881809212e-35
0.007299217883309447 6.65451327179161e-35
0.007312845677630025 6.687725060250522e-35
0.007326498915331116 6.721114212318774e-35
0.007340177643916057 6.754681698490767e-35
0.007353881910976851 6.788428494652476e-35
0.007367611764194382 6.822355582111696e-35
0.007381367251338554 6.856463931804988e-35
0.007395148420268435 6.890754501510046e-35
0.007408955318932471 6.92522833724602e-35
0.007422787995368627 6.959886442264509e-35
0.0074366464977045355 6.994729825391352e-35
0.007450530874157712 7.029759501057987e-35
0.007464441173035666 7.064976489332656e-35
0.007478377442736122 7.10038181595212e-35
0.007492339731747162 7.135976512353304e-35
0.0075063280886473755 7.171761556636789e-35
0.00752034256210607 7.207738031070785e-35
0.007534383200883421 7.243907001708312e-35
0.007548450053830619 7.280269523050128e-35
0.007562543169890078 7.316826655457459e-35
0.007576662598095596 7.353579462023759e-35
0.007590808387572489 7.390528965706012e-35
0.007604980587537818 7.427676295320172e-35
0.00761917924730053 7.465022530544265e-35
0.007633404416261613 7.502568747470051e-35
0.007647656143914316 7.54031603966189e-35
0.007661934479844264 7.578265529094087e-35
0.007676239473729681 7.616418309748536e-35
0.007690571175341543 7.654775462959966e-35
0.007704929634543723 7.693338155116158e-35
0.007719314901293219 7.73210751312227e-35
0.007733727025640296 7.771084670147545e-35
0.00774816605772864 7.810270765660337e-35
0.007762632047795585 7.849666878805275e-35
0.007777125046172253 7.889274190820029e-35
0.007791645103283715 7.929093894672898e-35
0.007806192269649218 7.969127155306452e-35
0.007820766595882296 8.009375144139111e-35
0.007835368132691006 8.049839039101514e-35
0.007849996930878076 8.090520024672947e-35
0.007864653041341062 8.131419291917905e-35
0.007879336515072567 8.172537968880375e-35
0.007894047403160404 8.213877277989896e-35
0.007908785756787736 8.255438478116221e-35
0.007923551627233318 8.297222786945783e-35
0.007938345065871641 8.339231428934881e-35
0.007953166124173086 8.38146563534751e-35
0.007968014853704167 8.423926644293638e-35
0.007982891306127638 8.466615700767297e-35
0.007997795533202732 8.509534056685295e-35
0.008012727586785324 8.552682970925898e-35
0.008027687518828076 8.596063656696357e-35
0.008042675381380667 8.639677400981997e-35
0.008057691226589964 8.683525519568578e-35
0.008072735106700158 8.727609299503938e-35
0.008087807074053016 8.771930034993133e-35
0.008102907181088017 8.816489027438363e-35
0.008118035480342532 8.861287585479242e-35
0.008133192024452045 8.906327025033406e-35
0.008148376866150284 8.951608669337099e-35
0.008163590058269454 8.997133848986296e-35
0.008178831653740396 9.042903901977808e-35
0.008194101705592758 9.088920167272636e-35
0.00820940026695521 9.135183981749975e-35
0.008224727391055623 9.18169672748177e-35
0.008240083131221213 9.228459772462969e-35
0.008255467540878792 9.275474492298523e-35
0.008270880673554915 9.322742270245851e-35
0.008286322582876048 9.370264497257626e-35
0.008301793322568805 9.418042572024993e-35
0.00831729294646011 9.466077901020877e-35
0.008332821508477356 9.514371898543388e-35
0.008348379062648653 9.562925986759852e-35
0.00836396566310295 9.611741595750673e-35
0.00837958136407028 9.66082016354489e-35
0.008395226219881927 9.710163135458085e-35
0.008410900284970584 9.759771966287313e-35
0.008426603613870598 9.809648118210767e-35
0.008442336261218136 9.85979306154389e-35
0.008458098281751338 9.910208274784789e-35
0.008473889730310576 9.960895244660299e-35
0.008489710661838604 1.0011855466171919e-34
0.008505561131380733 1.0063090442642148e-34
0.008521441194085079 1.0114601685761235e-34
0.008537350905202681 1.0166390715633797e-34
0.008553290320087769 1.0218459060826248e-34
0.008569259494197908 1.0270808258414012e-34
0.008585258483094188 1.0323439827516062e-34
0.008601287342441455 1.0376355319958531e-34
0.008617346128008479 1.0429556325831931e-34
0.008633434895668129 1.0483044416685333e-34
0.008649553701397618 1.0536821172817204e-34
0.008665702601278665 1.0590888183324173e-34
0.00868188165149767 1.0645247046150403e-34
0.008698090908345973 1.0699899368137265e-34
0.00871433042821997 1.0754846765072933e-34
0.00873060026762138 1.081009086174278e-34
0.00874690048315741 1.0865633291979666e-34
0.008763231131540932 1.0921475698714518e-34
0.008779592269590724 1.0977619698274067e-34
0.008795983954231647 1.1034066878968817e-34
0.008812406242494816 1.1090819015547872e-34
0.008828859191517848 1.1147877787737955e-34
0.008845342858545045 1.120524488461954e-34
0.008861857300927548 1.1262922004679149e-34
0.008878402576123616 1.1320910855862297e-34
0.00889497874169875 1.1379213155626165e-34
0.008911585855325947 1.1437830630993157e-34
0.008928223974785886 1.1496765018604378e-34
0.008944893157967097 1.155601806477342e-34
0.00896159346286621 1.1615591525540728e-34
0.008978324947588143 1.167548701781678e-34
0.008995087670346265 1.1735706433204502e-34
0.009011881689462663 1.179625158455687e-34
0.00902870706336831 1.1857124267231876e-34
0.009045563850603238 1.1918326286586949e-34
0.009062452109816812 1.1979859458035257e-34
0.009079371899767891 1.2041725607101855e-34
0.00909632327932501 1.2103926569480247e-34
0.009113306307466647 1.2166464191089583e-34
0.009130321043281368 1.2229340328131677e-34
0.009147367545968075 1.2292556755531195e-34
0.0091644458748362 1.235611539226103e-34
0.009181556089305879 1.2420018170895217e-34
0.009198698248908215 1.2484266989238667e-34
0.009215872413285458 1.2548863755668178e-34
0.009233078642191177 1.2613810389191517e-34
0.00925031699549054 1.2679108819507205e-34
0.009267587533160477 1.2744760987064263e-34
0.00928489031528987 1.2810768840043564e-34
0.009302225402079827 1.2877134271913274e-34
0.009319592853843813 1.2943859325129058e-34
0.009336992731007932 1.3010945983690027e-34
0.009354425094111099 1.3078396242649089e-34
0.009371890003805233 1.314621210817475e-34
0.009389387520855517 1.3214395597613603e-34
0.009406917706140586 1.3282948731083404e-34
0.009424480620652705 1.3351873536285959e-34
0.009442076325498044 1.3421172084223088e-34
0.00945970488189686 1.349084643756049e-34
0.009477366351183679 1.3560898670457784e-34
0.009495060794807577 1.3631330862553699e-34
0.009512788274332324 1.3702145114882064e-34
0.009530548851436654 1.3773343537798968e-34
0.009548342587914456 1.3844928251191125e-34
0.009566169545674966 1.3916901388655527e-34
0.009584029786743033 1.3989265094862116e-34
0.009601923373259304 1.4062021525591414e-34
0.009619850367480417 1.4135172850298986e-34
0.009637810831779276 1.4208721249521402e-34
0.009655804828645233 1.4282668915949434e-34
0.009673832420684281 1.4357018054407586e-34
0.00969189367061934 1.4431770882163685e-34
0.009709988641290395 1.4506929628801905e-34
0.009728117395654781 1.4582496536314427e-34
0.009746279996787384 1.4658473859191944e-34
0.009764476507880811 1.473486386449349e-34
0.00978270699224569 1.481166882825414e-34
0.009800971513310849 1.4888891038556087e-34
0.009819270134623507 1.4966532808210151e-34
0.009837602919849557 1.5044596455248817e-34
0.009855969932773758 1.5123084310628948e-34
0.00987437123729993 1.5201998718304187e-34
0.009892806897451235 1.5281342035297952e-34
0.00991127697737034 1.5361116631776515e-34
0.009929781541319682 1.5441324877080429e-34
0.00994832065368169 1.5521969140451924e-34
0.009966894378958964 1.560305187165348e-34
0.009985502781774553 1.5684575494120895e-34
0.010004145926872172 1.5766542444804427e-34
0.010022823879116374 1.584895517424442e-34
0.010041536703492846 1.5931816146647729e-34
0.010060284465108612 1.6015127839964175e-34
0.010079067229192214 1.60988927459634e-34
0.010097885061094013 1.6183113363243943e-34
0.010116738026286376 1.6267792101767034e-34
0.010135626190363881 1.6352931608065957e-34
0.010154549619043614 1.6438534429873265e-34
0.01017350837816531 1.6524603129130962e-34
0.010192502533691663 1.6611140282070565e-34
0.010211532151708521 1.669814847929294e-34
0.010230597298425086 1.6785630325848718e-34
0.010249698040174199 1.6873588441319553e-34
0.010268834443412552 1.6962025459899438e-34
0.01028800657472088 1.7050944009433542e-34
0.010307214500804256 1.7140346627592879e-34
0.010326458288492293 1.7230236134622032e-34
0.010345738004739344 1.732061522385693e-34
0.010365053716624812 1.7411486603657458e-34
0.010384405491353294 1.7502852997491258e-34
0.010403793396254893 1.7594717144018697e-34
0.010423217498785416 1.7687081797177838e-34
0.010442677866526584 1.7779949726269978e-34
0.010462174567186322 1.7873323716045921e-34
0.010481707668598968 1.7967206566792481e-34
0.010501277238725477 1.8061600970439627e-34
0.010520883345653723 1.8156509865162446e-34
0.010540526057598696 1.8251936111350413e-34
0.01056020544290272 1.8347882572200382e-34
0.010579921570035749 1.8444352126883378e-34
0.010599674507595538 1.854134767063375e-34
0.010619464324307942 1.863887211483946e-34
0.01063929108902713 1.8736928387132546e-34
0.010659154870735793 1.883551943147986e-34
0.010679055738545445 1.8934648208275025e-34
0.010698993761696632 1.9034317644405272e-34
0.010718969009559138 1.9134530774259922e-34
0.010738981551632304 1.9235290615358212e-34
0.01075903145754522 1.933660019467978e-34
0.01077911879705694 1.9438462556095186e-34
0.010799243640056811 1.954088076046091e-34
0.010819406056564618 1.9643857885714116e-34
0.010839606116730904 1.9747397026968753e-34
0.01085984389083719 1.985150129661161e-34
0.010880119449296177 1.995617382241525e-34
0.010900432862652062 2.0061417751328988e-34
0.010920784201580753 2.016723625026473e-34
0.01094117353689007 2.0273632501670657e-34
0.010961600939520076 2.0380609705757404e-34
0.010982066480543274 2.048817108059736e-34
0.011002570231164828 2.0596319862224634e-34
0.01102311226272288 2.0705059304736104e-34
0.011043692646688759 2.0814392679725724e-34
0.0110643114546672 2.092432326970917e-34
0.011084968758396672 2.1034854391960787e-34
0.011105664629749532 2.1145989373838227e-34
0.011126399140732364 2.1257731561273705e-34
0.011147172363486182 2.137008431887773e-34
0.011167984370286663 2.1483051030043874e-34
0.011188835233544454 2.1596635097054234e-34
0.011209725025805395 2.171083990382839e-34
0.011230653819750734 2.1825668923938e-34
0.011251621688197455 2.194112561981676e-34
0.011272628704098491 2.2057213470332823e-34
0.011293674940542942 2.217393597377723e-34
0.01131476047075642 2.2291296630145954e-34
0.0113358853681012 2.240929895657201e-34
0.011357049706076558 2.2527946546651075e-34
0.011378253558319 2.264724297741791e-34
0.011399496998602477 2.2767191823221407e-34
0.011420780100838709 2.2887796702831117e-34
0.011442102939077414 2.300906126237022e-34
0.011463465587506529 2.3130989148281934e-34
0.011484868120452529 2.3253584057119125e-34
0.011506310612380668 2.3376849639312567e-34
0.011527793137895185 2.350078966188045e-34
0.01154931577173966 2.362540786549165e-34
0.011570878588797165 2.375070798886501e-34
0.011592481664090628 2.3876693767714705e-34
0.011614125072783034 2.4003369070154514e-34
0.011635808890177674 2.413073772023631e-34
0.011657533191718458 2.4258803563366944e-34
0.01167929805299016 2.438757046642793e-34
0.01170110354971863 2.4517042224926106e-34
0.011722949757771136 2.464722281943595e-34
0.011744836753156598 2.477811620090744e-34
0.011766764612025804 2.490972632324023e-34
0.011788733410671767 2.50420571624156e-34
0.011810743225529894 2.517511271661975e-34
0.011832794133178334 2.530889699952148e-34
0.011854886210338205 2.544341397137561e-34
0.011877019533873837 2.5578667784218055e-34
0.011899194180793096 2.571466252623113e-34
0.011921410228247628 2.5851402308430075e-34
0.011943667753533083 2.598889126479076e-34
0.01196596683408946 2.6127133552378835e-34
0.011988307547501346 2.6266133351478926e-34
0.012010689971498139 2.6405894851212733e-34
0.012033114183954391 2.654642226460438e-34
0.012055580262890058 2.6687719869605412e-34
0.012078088286470718 2.682979194065069e-34
0.012100638333007932 2.697264277605175e-34
0.01212323048095943 2.711627669812995e-34
0.012145864808929454 2.726069805335158e-34
0.012168541395669004 2.740591121246296e-34
0.012191260320076072 2.7551920570626353e-34
0.012214021661195992 2.7698730546289706e-34
0.012236825498221679 2.784634558505699e-34
0.012259671910493862 2.799477015619015e-34
0.01228256097750144 2.814400875389142e-34
0.012305492778881722 2.82940658974712e-34
0.012328467394420659 2.8444946131488452e-34
0.012351484904053217 2.859665402589301e-34
0.012374545387863554 2.8749194176167e-34
0.01239764892608538 2.8902571195005296e-34
0.012420795599102205 2.905678972083872e-34
0.01244398548744758 2.9211854442806557e-34
0.012467218671805452 2.936777005994147e-34
0.012490495233010405 2.9524541297532207e-34
0.012513815252047904 2.9682172907270614e-34
0.012537178810054658 2.9840669667400023e-34
0.012560585988318855 3.0000036382864025e-34
0.012584036868280414 3.016027788545574e-34
0.012607531531531355 3.032139895427575e-34
0.01263107005981598 3.0483404536727943e-34
0.012654652535031249 3.0646299561175834e-34
0.012678279039227025 3.0810088968248827e-34
0.01270194965460632 3.09747777261855e-34
0.012725664463525662 3.1140370830988935e-34
0.012749423548495337 3.1306873306582196e-34
0.012773226992179643 3.147429020496431e-34
0.012797074877397252 3.164262648706764e-34
0.012820967287121463 3.1811887356872948e-34
0.012844904304480445 3.1982077970934317e-34
0.012868886012757621 3.2153203495026798e-34
0.012892912495391855 3.2325269123795108e-34
0.012916983835977836 3.24982800809162e-34
0.012941100118266321 3.26722416192617e-34
0.012965261426164392 3.284715893445881e-34
0.01298946784373583 3.3023037383877734e-34
0.013013719455201366 3.3199882345868893e-34
