results/limits/MAQRO_f_9.dat
# %ECSV 1.0
# ---
# datatype:
# - {name: mx, unit: MeV, datatype: float64}
# - {name: sigma_9, unit: cm2, datatype: float64}
# schema: astropy-2.0
mx sigma_9
[from data line 359]
0.0012404909310584848 2.5810428482639098e-36
0.0012694149350204683 2.515653725575811e-36
0.0012990133477864558 2.4520136037683082e-36
0.0013293018942621524 2.3900746010065826e-36
0.001360296666004259 2.3297901243907367e-36
0.001392014129769518 2.2711148333516682e-36
0.0014244711362630968 2.2140046045148613e-36
0.0014576849290909482 2.1584164975019284e-36
0.0014916731539209149 2.1043087221670344e-36
0.0015264538678574353 2.0516406066449913e-36
0.0015620455490348386 2.0003725668444658e-36
0.0015984671064343198 1.9504660768665003e-36
0.0016357378899298156 1.9018836404143403e-36
0.0016738777005681136 1.8545887634833526e-36
0.0017129068010886602 1.8085459275795697e-36
0.0017528459266886532 1.763720564527704e-36
0.00179371629603914 1.7200790316689053e-36
0.0018355396225579732 1.677588588079333e-36
0.0018783381259456144 1.6362173718526545e-36
0.0019221345439899109 1.595934377942652e-36
0.001966952144646121 1.5567094368590302e-36
0.0020128147383986056 1.518513194165524e-36
0.002059746690910748 1.481317090550317e-36
0.0021077729359698315 1.445093342599672e-36
0.0021569189887337423 1.4098149241700039e-36
0.002207210959286545 1.3754555483411321e-36
0.0022586755665101248 1.3419896499115745e-36
0.0023113401522792685 1.3093923683199538e-36
0.0023652326959877285 1.2776395310155614e-36
0.0024203818294129824 1.2467076373850283e-36
0.0024768168519275916 1.2165738428392843e-36
0.002534567746065232 1.1872159433881278e-36
0.0025936651934496745 1.1586123605514834e-36
0.0026541405910951734 1.1307421264571772e-36
0.0027160260680869266 1.103584869288403e-36
0.0027793545026504624 1.0771207989139231e-36
0.002844159539619031 1.0513306928831423e-36
0.0029104756083082714 1.0261958823910826e-36
0.0029783379408076585 1.0016982386845258e-36
0.0030477825906984404 9.77820159461767e-37
0.0031188464522080173 9.545445556051378e-37
0.0031915672798109355 9.318548379468166e-37
0.0032659837082868936 9.097349042681055e-37
0.003342135273246469 8.881691264598674e-37
0.0034200624321353945 8.6714233779541e-37
0.0034998065857286074 8.466398204285056e-37
0.0035814101001254554 8.266472930218075e-37
0.003664916329257761 8.071508985289554e-37
0.0037503696379226933 7.881371921851064e-37
0.0038378154253526898 7.695931296558692e-37
0.003927300149334948 7.515060554148277e-37
0.004018871350893299 7.338636912646623e-37
0.00411257767954558 7.1665412510357815e-37
0.004208468919149921 6.9986579989473265e-37
0.004306596014353682 6.834875028491166e-37
0.004407011097659079 6.675083548451955e-37
0.004509767517119906 6.519178000776069e-37
0.004614919864684026 6.367055959449575e-37
0.004722524005196735 6.218618031813004e-37
0.004832637106080367 6.073767762337947e-37
0.004945317667705937 5.9324115388851214e-37
0.005060625554472947 5.79445850148878e-37
0.005178622026613854 5.659820453607821e-37
0.005299369772740128 5.5284117759539925e-37
0.005422932943147155 5.400149342747303e-37
0.0055493771838957115 5.274952440515454e-37
0.00567876967168809 5.152742689376462e-37
0.005811179149557424 5.033443966750542e-37
0.0059466759633891655 4.91698233352444e-37
0.006085332099294114 4.80328596260351e-37
0.006227221221852859 4.692285069819469e-37
0.006372418713251954 4.583911847151248e-37
0.006521001713332612 4.478100398194275e-37
0.006673049160573193 4.374786675833678e-37
0.006828641834027273 4.273908422082239e-37
0.006987862396239558 4.175405110021003e-37
0.00715079543716245 4.079217887759823e-37
0.007317527519096606 3.985289524413675e-37
0.007488147222679345 3.893564357997342e-37
0.007662745193945353 3.803988245192383e-37
0.007841414192484688 3.7165085129283062e-37
0.008024249140723652 3.631073911711579e-37
0.008211347174354735 3.5476345706469633e-37
0.008402807693942412 3.4661419540951517e-37
0.008598732417732204 3.3865488199057185e-37
0.008799225435691074 3.3088091791745276e-37
0.009004393264807849 3.2328782574681106e-37
0.009214344905683071 3.15871245746018e-37
0.009429191900438323 3.086269322925528e-37
0.009649048391975805 3.015507504040214e-37
0.009874031184619632 2.946386723938777e-37
0.010104259806171096 2.878867746479541e-37
0.01033985657141083 2.812912345171136e-37
0.010580946647081629 2.748483273214384e-37
0.010827658118386449 2.6855442346132623e-37
0.011080122057036918 2.6240598563133195e-37
0.011338472590888495 2.563995661326126e-37
0.01160284697519928 2.505318042800396e-37
0.01187338566555036 2.447994239001503e-37
0.012150232392466372 2.391992309161836e-37
0.012433534237775993 2.3372811101665267e-37
0.01272344171275288 2.2838302740408387e-37
0.013020108838078586 2.2316101862070245e-37
0.013323693225669961 2.1805919644790464e-37
0.013634356162414448 2.1307474387649333e-37
0.013952262695857842 2.08204913144811e-37
0.014277581721889965 2.034470238420505e-37
0.014610486074474885 1.9879846107411865e-37
0.014951152617473332 1.942566736895095e-37
0.015299762338606094 1.898191725627763e-37
0.015656500445608335 1.8548352893333875e-37
0.016021556464625875 1.812473727974133e-37
0.016395124340905766 1.7710839135096075e-37
0.016777402541834602 1.730643274816462e-37
0.017168594162379338 1.6911297830791104e-37
0.01756890703298664 1.652521937633217e-37
0.017978553829998065 1.6147987522443777e-37
0.01839775218863974 1.5779397418054866e-37
0.01882672481864659 1.5419249094368057e-37
0.01926569962258253 1.5067347339734988e-37
0.019714909816919448 1.4723501578261337e-37
0.020174594055939365 1.4387525752003528e-37
0.02064499655852557 1.4059238206623516e-37
0.021126367237910063 1.3738461580376136e-37
0.021618961834446313 1.3425022696307848e-37
0.02212304205147776 1.3118752457551212e-37
0.022638875694374342 1.2819485745605195e-37
0.0231667368128109 1.2527061321495426e-37
0.02370690584636297 1.2241321729713747e-37
0.024259669773497434 1.196211320484071e-37
0.024825322264037063 1.1689285580758504e-37
0.025404163835180054 1.1422692202366406e-37
0.025996502011157406 1.116218983971386e-37
0.026602651486612925 1.09076386044708e-37
0.027222934293792744 1.065890186865729e-37
0.027857679973633073 1.0415846185558586e-37
0.02850722575083718 1.0178341212754442e-37
0.02917191671303455 9.946259637194437e-38
0.029852105994117403 9.719477102254041e-38
0.030548154961852016 9.49787213670868e-38
0.031260433409864494 9.281326085565564e-38
0.031989319754103004 9.06972304269563e-38
0.0327352012338808 8.862949785209977e-38
0.03349847411760691 8.660895709527664e-38
0.034279543913313774 8.463452769083425e-38
0.03507882558409363 8.27051541362622e-38
0.03589674376855814 8.081980530061151e-38
0.03673373300643846 7.897747384789212e-38
0.037590237969445384 7.717717567500899e-38
0.038466713697512506 7.541794936381478e-38
0.03936362584054766 7.369885564687289e-38
0.04028145090582124 7.201897688653609e-38
0.04122067651112274 7.037741656696538e-38
0.04218180164382002 6.877329879872144e-38
0.043165336925959 6.720576783557949e-38
0.044171804885544536 6.567398760322547e-38
0.04520174023414663 6.417714123950668e-38
0.046255690150979495 6.271443064592039e-38
0.047334214573604344 6.128507605003262e-38
0.048437886495410414 5.988831557853382e-38
0.04956729227003216 5.852340484064276e-38
0.05072303192286451 5.718961652158296e-38
0.051905719469841495 5.588623998586525e-38
0.05311598324364777 5.461258089011414e-38
0.05435446622753626 5.33679608051904e-38
0.05562182639692926 5.215171684736476e-38
0.056918737068984544 5.096320131830815e-38
0.058245887260312136 4.98017813536698e-38
0.05960398205303182 4.86668385800228e-38
0.06099374296936585 4.755776877996212e-38
0.06241590835496589 4.6473981565146705e-38
0.06387123377117784 4.5414900057085295e-38
0.06536049239645289 4.437996057546833e-38
0.06688447543711816 4.336861233385733e-38
0.06844399254772507 4.238031714254617e-38
0.0700398722611988 4.14145491184158e-38
0.0716729624290174 4.0470794401607536e-38
0.07334413067165428 3.9548550878846553e-38
0.07505426483952363 3.8647327913250554e-38
0.07680427348467332 3.7766646080463886e-38
0.07859508634347626 3.69060369109623e-38
0.08042765483057629 3.606504263837643e-38
0.08230295254435131 3.524321595368764e-38
0.08422197578416211 3.4440119765153256e-38
0.08618574407966152 3.365532696382164e-38
0.08819530073244539 3.288842019450228e-38
0.09025171337033296 3.2138991632058913e-38
0.09235607451457113 3.1406642762897527e-38
0.09450950216026408 3.06909841715242e-38
0.09671314037033632 2.999163533205126e-38
0.09896815988334524 2.930822440453389e-38
0.10127575873546546 2.864038803602057e-38
0.10363716289697593 2.7987771166206506e-38
0.10605362692358762 2.7350026837579675e-38
0.10852643462295801 2.672681600995266e-38
0.11105689973674641 2.6117807379277213e-38
0.11364636663857243 2.5522677200639233e-38
0.11629621104824843 2.494110911533616e-38
0.1190078407626656 2.4372793981939923e-38
0.12178269640372161 2.381742971125221e-38
0.12462225218368743 2.327472110505977e-38
0.1275280166884199 2.27443796986012e-38
0.13050153367883624 2.2226123606657796e-38
0.1335443829110759 2.1719677373183591e-38
0.13665818097578622 2.122477182439196e-38
0.13984458215697693 2.0741143925217796e-38
0.14310527931090045 2.026853663907679e-38
0.14644200476542463 1.980669879084427e-38
0.14985653124037576 1.9355384932979644e-38
0.15335067278934078 1.891435521472216e-38
0.1569262857634292 1.848337525428727e-38
0.1605852697975066 1.806221601399369e-38
0.16432956881942368 1.7650653678253061e-38
0.16816117208277714 1.7248469534355927e-38
0.172082115223751 1.685544985598921e-38
0.1760944813425998 1.6471385789421995e-38
0.1802004021103484 1.6096073242297544e-38
0.18440205890129596 1.5729312774971907e-38
0.18870168395192646 1.5370909494339595e-38
0.1931015615468407 1.5020672950089402e-38
0.1976040292323402 1.4678417033334018e-38
0.20221147905830805 1.434395987755868e-38
0.20692635884904578 1.401712376183561e-38
0.21175117350374192 1.369773501625174e-38
0.2166884863272632 1.3385623929498957e-38
0.22174092039197504 1.308062465857697e-38
0.22691115993131514 1.2782575140560377e-38
0.23220195176586036 1.2491317006382157e-38
0.2376161067626448 1.220669549658748e-38
0.24315650132850383 1.1928559379012445e-38
0.24882607893823822 1.1656760868343573e-38
0.25462785169840935 1.1391155547514846e-38
0.2605649019475973 1.1131602290900053e-38
0.26664038389397104 1.087796318925938e-38
0.27285752529104135 1.0630103476399875e-38
0.2792196291524867 1.0387891457510513e-38
0.2857300755069626 1.0151198439133568e-38
0.2923923231938275 9.919898660734582e-39
0.2992099117007387 9.693869227834504e-39
0.3061864630440946 9.47299004666812e-39
0.31332568369332287 9.257143760333769e-39
0.32063136654003577 9.046215686400368e-39
0.3281073929131 8.84009375593811e-39
0.3357577346406907 8.638668453940556e-39
0.343586456160426 8.441832761106054e-39
0.3515977166787018 8.249482096947478e-39
0.359795772380376 8.061514264199914e-39
0.368184978689974 7.877829394496564e-39
0.3767697925856183 7.698329895283869e-39
0.38555477496691104 7.522920397947608e-39
0.394544593078027 7.351507707122125e-39
0.4037440229873054 7.184000751155774e-39
0.4131579521246571 7.020310533706174e-39
0.42279138187813525 6.860350086439336e-39
0.43264943025104924 6.704034422807509e-39
0.4427373345810337 6.551280492881162e-39
0.4530604543225162 6.402007139210909e-39
0.4636242738940635 6.256135053695928e-39
0.47443440559211736 6.113586735435898e-39
0.48549659257266914 5.974286449543903e-39
0.4968167119024568 5.838160186898508e-39
0.5084007776813051 5.705135624813416e-39
0.5202549442372687 5.575142088603868e-39
0.5323855093962742 5.4481105140292746e-39
0.5447989178279997 5.323973410592054e-39
0.557501764469769 5.202664825673195e-39
0.5705007980302781 5.0841203094854076e-39
0.5838029245750183 4.968276880825212e-39
0.5974152111952977 4.855072993605734e-39
0.6113448897628128 4.7444485041524316e-39
0.6255993607717623 4.636344639244268e-39
0.6401861972705483 4.530703964883395e-39
0.6551131488851486 4.427470355776704e-39
0.6703881459363026 4.326588965513036e-39
0.686019303652694 4.228006197420065e-39
0.7020149264823721 4.1316696760855325e-39
0.7183835125046995 4.0375282195275454e-39
0.7351337579451718 3.9455318119991886e-39
0.7522745617955077 3.855631577412934e-39
0.7698150305414633 3.767779753370858e-39
0.7877644830008832 3.681929665786575e-39
0.8061324552745581 3.5980357040857744e-39
0.8249287058125218 3.516053296971759e-39
0.8441632205984669 3.435938888743457e-39
0.8638462184550629 3.357649916153051e-39
0.8839881564729563 3.281144785791083e-39
0.9045997355663667 3.2063828519869316e-39
0.9256919061582187 3.1333243952129285e-39
0.9472758739978306 3.061930600980642e-39
0.9693631061142522 2.992163539218095e-39
0.9919653369084147 2.923986144116975e-39
1.0150945743873274 2.8573621944390552e-39
1.0387631065436362 2.79225629427149e-39
1.0629835078839296 2.7286338542205858e-39
1.0877686461092637 2.6664610730342146e-39
1.1131316889514546 2.6057049196429545e-39
1.1390861111687691 2.546333115610527e-39
1.16564570170473 2.4883141179841444e-39
1.1928245710138414 2.43161710253565e-39
1.2206371585581264 2.3762119473845614e-39
1.2490982404784545 2.3220692169943288e-39
1.2782229374447416 2.2691601465332444e-39
1.3080267226891875 2.217456626591755e-39
1.3385254302268237 2.166931188248018e-39
1.369735263267732 2.1175569884737756e-39
1.4016728028254128 2.0693077958727853e-39
1.4343550165258654 2.0221579767442324e-39
1.4677992676220706 1.976082481463717e-39
1.5020233242186567 1.9310568311745804e-39
1.5370453687116559 1.887057104782482e-39
1.5728840074483612 1.844059926246352e-39
1.6095582806124205 1.8020424521589156e-39
1.6470876723394143 1.760982359610236e-39
1.6854921210682972 1.720857834327796e-39
1.7247920301341966 1.6816475590868334e-39
1.7650082786082029 1.6433307023847546e-39
1.8061622323899016 1.605886907373629e-39
1.848275755558551 1.569296281044864e-39
1.8913712219889245 1.5335393836603298e-39
1.935471527238 1.4985972184243044e-39
1.9806001007088037 1.464451221390753e-39
2.0267809180978715 1.43108325160059e-39
2.0740385141329463 1.3984755814436752e-39
2.1223979956076717 1.3666108872404125e-39
2.171885054720213 1.3354722400379736e-39
2.222525982722885 1.305043096616223e-39
2.274347683890048 1.275307290698589e-39
2.327377689811681 1.2462490243632158e-39
2.3816441740202396 1.2178528596497937e-39
2.437175966958554 1.190103710357666e-39
2.4940025712967335 1.1629868340307993e-39
2.552154177606206 1.1364878241254e-39
2.611661680399223 1.1105926023559829e-39
2.6725566945423505 1.085287411215858e-39
2.7348715720526675 1.0605588066680326e-39
2.7986394192855935 1.0363936510026578e-39
2.863894114523477 1.0127791058572297e-39
2.9306703259742912 9.897026253958203e-40
2.999003530189995 9.671519496437398e-40
3.068930030914351 9.451150979740573e-40
3.1404869783702067 9.235803627425399e-40
3.21371238899649 9.025363030676389e-40
3.2886451656454048 8.819717387521772e-40
3.3653251182505572 8.61875744343557e-40
3.443792984976987 8.422376433292987e-40
3.5240904538643507 8.230470024648375e-40
3.6062601849747473 8.042936262305718e-40
3.6903458330569543 7.85967551415203e-40
3.77639207073912 7.680590418225016e-40
3.8644446122622242 7.505585830986811e-40
3.9545502377669295 7.334568776776342e-40
4.046756818146711 7.167448398413402e-40
4.141113340480481 7.004135908928317e-40
4.237669934058216 6.8445445443914e-40
4.336477897013409 6.688589517817236e-40
4.437589723576497 6.5361879741193065e-40
4.541059131963759 6.387258946090951e-40
4.646941092916466 6.241723311389357e-40
4.755291858905486 6.099503750499671e-40
4.866168994016832 5.960524705656909e-40
4.979631404534034 5.824712340703919e-40
5.0957393702336 5.691994501863873e-40
5.214554576410165 5.5623006794066874e-40
5.336140146648369 5.435561970188844e-40
5.4605606763588606 5.311711041046748e-40
5.587882267096237 5.190682093024211e-40
5.718172561677172 5.0724108264150126e-40
5.851500780117376 4.956834406601958e-40
5.987937756406471 4.843891430674376e-40
6.127555976140354 4.733521894806153e-40
6.270429615030991 4.625667162377165e-40
6.416634578314149 4.520269932821014e-40
6.566248541075969 4.417274211182591e-40
6.719350989519823 4.31662527836933e-40
6.87602326319537 4.218269662080217e-40
7.036348598212252 4.122155108397257e-40
7.200412171461376 4.028230554024214e-40
7.368301145867304 3.936446099157914e-40
