results/limits/MAQRO_f_6.dat
# %ECSV 1.0
# ---
# datatype:
# - {name: mx, unit: MeV, datatype: float64}
# - {name: sigma_6, unit: cm2, datatype: float64}
# schema: astropy-2.0
mx sigma_6
3.162277660168379e-07 1.010942384195322e-32
3.2360111549336787e-07 9.755108189927032e-33
3.311463862505236e-07 9.39077969444469e-33
3.388675869043115e-07 9.024279257842941e-33
3.4676881953794695e-07 8.662614079865778e-33
3.548542818811901e-07 8.311687874632075e-33
3.6312826954049566e-07 7.976192273629138e-33
3.715951782811629e-07 7.659626314955472e-33
3.8025950636269697e-07 7.364403467982856e-33
3.89125856928623e-07 7.092007827518053e-33
3.9819894045202297e-07 6.843168639977337e-33
4.0748357723809307e-07 6.618031540900034e-33
4.169846999850535e-07 6.41631342306111e-33
4.2670735640476865e-07 6.237434593306626e-33
4.3665671190447213e-07 6.080626570218019e-33
4.4683805233101997e-07 5.9450167658103175e-33
4.572567867791303e-07 5.829692811398505e-33
4.6791845046510194e-07 5.733749867194464e-33
4.788287076675383e-07 5.6563242590729557e-33
4.899933547366384e-07 5.596616479163643e-33
5.014183231736547e-07 5.553906145596956e-33
5.131096827821533e-07 5.42910492655793e-33
5.250736448927506e-07 5.303297572560576e-33
5.373165656630395e-07 5.18261596410106e-33
5.4984494945446e-07 5.0654482651271244e-33
5.626654522879044e-07 4.950573435713761e-33
5.757848853798981e-07 4.837157253884241e-33
5.892102187612295e-07 4.724734860827745e-33
6.029485849799565e-07 4.613178547172548e-33
6.17007282890752e-07 4.502651872018454e-33
6.313937815326057e-07 4.393553321746751e-33
6.461157240969403e-07 4.286454168754723e-33
6.611809319882495e-07 4.182035749018148e-33
6.765974089794179e-07 4.081031035194626e-33
6.923733454639272e-07 3.984174334323477e-33
7.085171228072106e-07 3.892161500837937e-33
7.250373177994646e-07 3.8056215580645886e-33
7.419427072122865e-07 3.7250993290248006e-33
7.592422724615558e-07 3.6510477443241424e-33
7.769452043790388e-07 3.583827963737242e-33
7.950609080952509e-07 3.523715276638813e-33
8.135990080361694e-07 3.470908845604496e-33
8.325693530364543e-07 3.3809055645022514e-33
8.519820215718901e-07 3.289419920494076e-33
8.718473271138315e-07 3.202233424865043e-33
8.921758236084957e-07 3.118953903091667e-33
9.12978311084014e-07 3.039268833311441e-33
9.342658413882192e-07 2.9629482645775567e-33
9.560497240602198e-07 2.8898432796183265e-33
9.78341532338879e-07 2.8198803568149718e-33
1.0011531093113902e-06 2.753052347147863e-33
1.0244965742052174e-06 2.6894070398688923e-33
1.048384328826741e-06 2.6290344182765095e-33
1.0728290641500308e-06 2.5720536980836378e-33
1.0978437670592484e-06 2.5186011118476325e-33
1.1234417272482566e-06 2.4688191877146967e-33
1.149636544281106e-06 2.422848011994133e-33
1.1764421348171486e-06 2.3808187046367144e-33
1.2038727400046132e-06 2.332535395796249e-33
1.2319429330465773e-06 2.27043808111338e-33
1.2606676269433496e-06 2.2110794830536867e-33
1.2900620824153782e-06 2.1543336405491753e-33
1.3201419160108953e-06 2.1001090913985215e-33
1.3509231084026028e-06 2.048347012164366e-33
1.38242201287781e-06 1.999018528253418e-33
1.4146553640265304e-06 1.9521211857162832e-33
1.447640286632156e-06 1.9076747277371636e-33
1.4813943047694329e-06 1.865716424840425e-33
1.5159353511145682e-06 1.826296262605704e-33
1.5512817764724183e-06 1.789472295975989e-33
1.587452359525819e-06 1.755306443482447e-33
1.6244663168122348e-06 1.723860930621219e-33
1.6623433129330315e-06 1.6799660085592342e-33
1.7011034710007933e-06 1.6366786072176427e-33
1.740767383330235e-06 1.5953484383888785e-33
1.7813561223783898e-06 1.5559273912405567e-33
1.8228912519398869e-06 1.51838830610178e-33
1.8653948386032614e-06 1.4827221248682458e-33
1.908889463474389e-06 1.4489348756657e-33
1.9533982341732686e-06 1.4170445722562535e-33
1.9989447971105317e-06 1.3870781442151842e-33
2.045553350050195e-06 1.3590685277990293e-33
2.0932486549653353e-06 1.3330520411676555e-33
2.1420560511935146e-06 1.3019024982714873e-33
2.192001468898943e-06 1.2688542000677346e-33
2.2431114428485372e-06 1.2373438198292008e-33
2.2954131265091837e-06 1.2073432286672823e-33
2.3489343064737076e-06 1.1788386666913409e-33
2.403703417223201e-06 1.1518284003442616e-33
2.4597495562335635e-06 1.1263203687816992e-33
2.5171024994342686e-06 1.102329885330553e-33
2.575792717027583e-06 1.0798774709331763e-33
2.635851389676631e-06 1.057906403159078e-33
2.6973104250709106e-06 1.03120653880201e-33
2.760202474878063e-06 1.005768606556412e-33
2.8245609520908932e-06 9.815711137408752e-34
2.8904200487788716e-06 9.586036032321644e-34
2.9578147542535346e-06 9.368647621861155e-34
3.026780873657441e-06 9.16360558764691e-34
3.097355046986562e-06 8.971024559378138e-34
3.1695747685562034e-06 8.790303819604971e-34
3.2434784069208122e-06 8.57097944701116e-34
3.319105225258239e-06 8.362230418317813e-34
3.3964954022292982e-06 8.163912872657778e-34
3.4756900533236943e-06 7.97596688215371e-34
3.5567312527036693e-06 7.798400867557777e-34
3.6396620555569646e-06 7.631276541392733e-34
3.7245265209709786e-06 7.4739054988513385e-34
3.811369735340273e-06 7.289849557725195e-34
3.900237836319859e-06 7.114863508747208e-34
3.991178037336996e-06 6.948856474169646e-34
4.0842386526745176e-06 6.791802195137141e-34
4.179469123139017e-06 6.643725993231265e-34
4.2769200423275275e-06 6.504692405278707e-34
4.376643183506652e-06 6.346297966082439e-34
4.478691527118417e-06 6.195856593923993e-34
4.583119288927478e-06 6.053312275976487e-34
4.689981948824612e-06 5.918657870340267e-34
4.799336280301815e-06 5.791926688773731e-34
4.911240380614659e-06 5.655354055092946e-34
5.0257537016479225e-06 5.522215135866624e-34
5.142937081500915e-06 5.396154447545614e-34
5.262852776809252e-06 5.277171120048094e-34
5.385564495820272e-06 5.158714548363542e-34
5.511137432239651e-06 5.0370689777134965e-34
5.639638299867211e-06 4.921875869505398e-34
5.771135368040315e-06 4.813129554659514e-34
5.905698497903673e-06 4.702554864945694e-34
6.043399179524854e-06 4.5936028516112276e-34
6.184310569875183e-06 4.490610445822204e-34
6.32850753169624e-06 4.388443529454087e-34
6.47606667327258e-06 4.28736467692849e-34
6.627066389131828e-06 4.191872333880159e-34
6.781586901693754e-06 4.0946532177591095e-34
6.939710303890459e-06 4.002624151582676e-34
7.101520602780329e-06 3.910554983086939e-34
7.267103764178904e-06 3.8216608202381294e-34
7.436547758330399e-06 3.734761513359287e-34
7.609942606644117e-06 3.6496364595317985e-34
7.787380429520604e-06 3.5664799147667715e-34
7.968955495292936e-06 3.485765573533496e-34
8.15476427030917e-06 3.405953557426125e-34
8.344905470182516e-06 3.3285293885771875e-34
8.539480112236516e-06 3.2527609749182773e-34
8.738591569173047e-06 3.1787285218417853e-34
8.942345623991688e-06 3.1062643789914093e-34
9.150850526189614e-06 3.035950921971202e-34
9.364217049271877e-06 2.9663007725589755e-34
9.58255854960264e-06 2.899880447391118e-34
9.805991026628606e-06 2.8327770000278275e-34
1.0034633184506672e-05 2.769347647074123e-34
1.0268606495168497e-05 2.7054717640666815e-34
1.0508035262855554e-05 2.644299756921363e-34
1.07530466901589e-05 2.584037113335979e-34
1.1003770945598772e-05 2.525140191718226e-34
1.1260341232779899e-05 2.4680721243501087e-34
1.1522893861159297e-05 2.411537372383701e-34
1.1791568318464117e-05 2.357201561156225e-34
1.206650734479802e-05 2.303159257611093e-34
1.2347857008475478e-05 2.251151143687578e-34
1.263576678362426e-05 2.199753310521044e-34
1.293038962959737e-05 2.1497943673595436e-34
1.3231882072236462e-05 2.1012051682631553e-34
1.3540404287030327e-05 2.053178721563966e-34
1.3856120184212054e-05 2.006566457089771e-34
1.4179197495840522e-05 1.9610352223427626e-34
1.4509807864912299e-05 1.9164946674648897e-34
1.484812693655133e-05 1.8730033555278528e-34
1.5194334451324849e-05 1.8304730895246037e-34
1.5548614340735104e-05 1.7889200424593611e-34
1.5911154824937624e-05 1.7483449645285404e-34
1.6282148512737936e-05 1.7086440542249513e-34
1.6661792503919872e-05 1.6698749299646958e-34
1.7050288493959805e-05 1.632045405785094e-34
1.7447842881182494e-05 1.5949850753923724e-34
1.785466687641539e-05 1.5588405899366043e-34
1.8270976615199758e-05 1.5235021141944892e-34
1.869699327261814e-05 1.4889806169084057e-34
1.91329431807992e-05 1.4552408171535337e-34
1.957905794916243e-05 1.4222769481899845e-34
2.003557458746648e-05 1.3900677057506058e-34
2.0502735631726606e-05 1.3586281293958104e-34
2.0980789273068064e-05 1.3278736119007065e-34
2.1469989489583918e-05 1.2978275278664316e-34
2.1970596181267336e-05 1.268478171580681e-34
2.2482875308090033e-05 1.2398026288898852e-34
2.3007099031300245e-05 1.2117795711771748e-34
2.354354585801526e-05 1.1844028816190312e-34
2.4092500789185385e-05 1.1576581083270346e-34
2.4654255471007912e-05 1.1315301007260337e-34
2.5229108349871537e-05 1.1060138415169516e-34
2.5817364830913554e-05 1.081068617915298e-34
2.641933744027406e-05 1.0566986857804153e-34
2.7035345991133382e-05 1.0328912781451935e-34
2.7665717753620915e-05 1.0096439967973274e-34
2.8310787628685666e-05 9.86912331601569e-35
2.8970898326020842e-05 9.647278030173783e-35
2.964640054613707e-05 9.430385641797762e-35
3.033765316668089e-05 9.218554553488224e-35
3.104502343309761e-05 9.011630109253303e-35
3.176888715373972e-05 8.809444006732704e-35
3.25096288995246e-05 8.612017213421289e-35
3.326764220824756e-05 8.419143190294487e-35
3.4043329793658724e-05 8.230727450871946e-35
3.483710375941493e-05 8.046690634021369e-35
3.5649385818020195e-05 7.866913858578519e-35
3.648060751487119e-05 7.691319125320781e-35
3.73312104575266e-05 7.519819792811712e-35
3.820164655032238e-05 7.352300824829089e-35
3.90923782344573e-05 7.18874666154176e-35
4.0003878733676586e-05 7.028908463833101e-35
4.093663230568398e-05 6.872870530359902e-35
4.1891134499415887e-05 6.720456538260973e-35
4.2867892418314344e-05 6.57163801403326e-35
4.386742498973848e-05 6.426310973815159e-35
4.489026324065786e-05 6.284365652591948e-35
4.5936950579773975e-05 6.145776645171345e-35
4.700804308621986e-05 6.010441364098299e-35
4.8104109804991236e-05 5.878308121303117e-35
4.922573304926602e-05 5.749303335757274e-35
5.0373508709772956e-05 5.623323693155741e-35
5.154804657137365e-05 5.500359310078514e-35
5.27499706370262e-05 5.380300097455406e-35
5.397991945930254e-05 5.263099667140738e-35
5.5238546479635675e-05 5.148692069295413e-35
5.6526520375476976e-05 5.03701638364463e-35
5.784452541554797e-05 4.928014239067097e-35
5.9193261823375433e-05 4.82163626478411e-35
6.057344614930286e-05 4.7178091831414567e-35
6.198581165117595e-05 4.6164876601796584e-35
6.34311086839044e-05 4.5176147593356404e-35
6.491010509810695e-05 4.4211378614591245e-35
6.642358664805138e-05 4.32700577755388e-35
6.797235740910648e-05 4.2351675032766725e-35
6.955724020492732e-05 4.145575473604236e-35
7.117907704460117e-05 4.058184660194841e-35
7.283872956998614e-05 3.972942385005349e-35
7.453707951348025e-05 3.8898056868037016e-35
7.627502916646401e-05 3.8087296855386984e-35
7.805350185866558e-05 3.7296714239588754e-35
7.987344244870308e-05 3.652585597987064e-35
8.173581782606456e-05 3.577437569192425e-35
8.364161742479263e-05 3.504179477925481e-35
8.559185374914618e-05 3.4327787746430565e-35
8.758756291151902e-05 3.3631903490268563e-35
8.96298051829007e-05 3.2953827938273525e-35
9.17196655561724e-05 3.229315241407901e-35
9.385825432253677e-05 3.164953059194624e-35
9.604670766138824e-05 3.102261756127098e-35
9.828618824393714e-05 3.041207684668551e-35
0.00010057788585090809 2.981757503831154e-35
0.00010292301800464121 2.923878542022011e-35
0.00010532283061593165 2.867539575664345e-35
0.00010777859864595113 2.812709468562434e-35
0.00011029162678360347 2.759358538083467e-35
0.00011286325013867351 2.707457072882516e-35
0.00011549483495113791 2.656978006282334e-35
0.00011818777931701482 2.6078913559722283e-35
0.0001209435139311377 2.560171873253452e-35
0.00012376350284724815 2.51379132515191e-35
0.00012664924425581149 2.468725438084535e-35
0.00012960227127996844 2.424947682396509e-35
0.00013262415279004548 2.382434503875003e-35
0.00013571649423705693 2.3411609858644337e-35
0.0001388809385056415 2.3011046440698346e-35
0.00014211916678688624 2.262242212131743e-35
0.00014543289947150178 2.2245513865256958e-35
0.0001488238970638237 2.1880104642106087e-35
0.00015229396111712465 2.152598204523592e-35
0.00015584493519073535 2.118294062526044e-35
0.00015947870582948208 2.085077923430684e-35
0.00016319720356596128 2.052929956451681e-35
0.00016700240394618395 2.0218309689708702e-35
0.00017089632857913436 1.991762320534608e-35
0.000174881046210801 1.9627056368223185e-35
0.00017895867382325032 1.9346430717502323e-35
0.0001831313777593269 1.9075570293259952e-35
0.00018740137487357792 1.8814307709768688e-35
0.00019177093371001327 1.856247477000285e-35
0.000196242375707327 1.8319908856446502e-35
0.00020081807643222024 1.8086451307837278e-35
0.00020550046684148122 1.786194691001089e-35
0.0002102920345734925 1.7646243788168744e-35
0.0002151953252698519 1.7439192715067852e-35
0.00022021294392780895 1.7240649400541912e-35
0.00022534755628423554 1.7050469856870294e-35
0.0002306018902318662 1.6868516324849856e-35
0.00023597873726856003 1.6694649821116456e-35
0.0002414809539803547 1.65287377327231e-35
0.0002471114635590999 1.6370647222339214e-35
0.00025287325735547713 1.6220248563075608e-35
0.00025876939646823026 1.6077414134479504e-35
0.00026480301337045197 1.5942018010090858e-35
0.000270977313573789 1.58139365510201e-35
0.00027729557733145163 1.5693046583867856e-35
0.00028376116138093086 1.5579226986689547e-35
0.0002903775007273506 1.547235742056368e-35
0.00029714811046840066 1.5372318457016092e-35
0.00030407658766182135 1.527899099983015e-35
0.00031116661323643183 1.5192257114606675e-35
0.0003184219539477161 1.5111997651448155e-35
0.00032584646437900766 1.5038094650099313e-35
0.00033344408898933415 1.4970428478484612e-35
0.0003412188642090111 1.4908879404324252e-35
0.0003491749205840977 1.4853326455398067e-35
0.0003573164849708539 1.4803647122380937e-35
0.0003656478827813646 1.4759717198739882e-35
0.0003741735402815245 1.472141032142336e-35
0.0003828979869426037 1.4688597646087844e-35
0.000391825857847644 1.4661147362650062e-35
0.000400961896153964 1.4638924649425484e-35
0.0004103109556130814 1.4621790678085198e-35
0.0004198780031493915 1.4609602784170565e-35
0.00042966812149897106 1.4602213775489406e-35
0.000439686511909911 1.4599471560658228e-35
0.0004499384969056106 1.460121878017492e-35
0.00046042952311250296 1.4607292396389113e-35
0.0004711651641537129 1.4617523299657834e-35
0.00048215112361018567 1.463173579368344e-35
0.0004933932380508582 1.4649747386114837e-35
0.0005048974801334842 1.467136841468669e-35
0.0005166699617777604 1.4696401752708002e-35
0.0005287169374124361 1.4724642180360527e-35
0.0005410448072981404 1.4755876572262923e-35
0.0005536601209276797 1.4789883456890358e-35
0.0005665695805056229 1.482643282016717e-35
0.0005797800445090163 1.4865286034031717e-35
0.0005932985313311235 1.4906195786380614e-35
0.000607132223010125 1.494890613205169e-35
0.0006212884690447563 1.4993152364445203e-35
0.0006357747902989163 1.5038661376183089e-35
0.0006505988829973161 1.5085151957992618e-35
0.0006657686228142928 1.5132334876361912e-35
0.0006812920690579615 1.5179913323103893e-35
0.0006971774689519261 1.5227583915771893e-35
0.0007134332620168255 1.5275036422219623e-35
0.0007300680845540431 1.5321955413945843e-35
0.0007470907742339592 1.536802045543273e-35
0.0007645103747911887 1.5412907374069064e-35
0.0007823361408292924 1.5456289157430867e-35
0.00080057754273752 1.5497837280467953e-35
0.0008192442717221943 1.5537222571117922e-35
0.0008383462449554094 1.5574116920977178e-35
0.0008578936108437789 1.560819452090345e-35
0.0008778967544200344 1.563913345652036e-35
0.000898366302860337 1.5666617027076695e-35
0.0009193131311302326 1.5690335580941183e-35
0.0009407483677622533 1.570998803486997e-35
0.000962683400768232 1.5725283529375706e-35
0.000985129883689471 1.5735943052765476e-35
0.0010080997417879817 1.5741701111263988e-35
0.0010316051783820807 1.5742307278608828e-35
0.0010556586813297128 1.5737527745707216e-35
0.0010802730296629402 1.5727146747656914e-35
0.001105461300377127 1.571096799851609e-35
0.0011312368753784248 1.568881584272201e-35
0.0011576134485932472 1.5660536422244736e-35
