results/limits/MAQRO_l.dat
# %ECSV 1.0
# ---
# datatype:
# - {name: mx, unit: MeV, datatype: float64}
# - {name: sigma_10, unit: cm2, datatype: float64}
# - {name: sigma_9, unit: cm2, datatype: float64}
# - {name: sigma_7, unit: cm2, datatype: float64}
# - {name: sigma_6, unit: cm2, datatype: float64}
# - {name: sigma_5, unit: cm2, datatype: float64}
# - {name: sigma_4, unit: cm2, datatype: float64}
# - {name: sigma_3, unit: cm2, datatype: float64}
# - {name: sigma_2, unit: cm2, datatype: float64}
# schema: astropy-2.0
mx sigma_10 sigma_9 sigma_7 sigma_6 sigma_5 sigma_4 sigma_3 sigma_2
[from data line 559]
0.12462225218368743 1.4730329831445087e-38 1.8341060401820414e-38 3.5978964329935086e-38 6.905941529347743e-38 3.5366742366855466e-37 9.905413605936724e-35 1.0706603428009648e-31 2.654032526625258e-31
0.1275280166884199 1.4423109556801283e-38 1.796722733120797e-38 3.5329126892523685e-38 6.810520361224649e-38 3.558560615905955e-37 1.0515233056895391e-34 1.146955732689378e-31 2.84382839143397e-31
0.13050153367883624 1.412235213932752e-38 1.7601120811337556e-38 3.4691837254842995e-38 6.716946477059119e-38 3.582084338887973e-37 1.1165843399421238e-34 1.2287024897742044e-31 3.0472055700838437e-31
0.1335443829110759 1.3827920678415478e-38 1.724257949324952e-38 3.40668471309586e-38 6.625187811191282e-38 3.607299339085758e-37 1.1860065163909983e-34 1.31629057132332e-31 3.2651361229370843e-31
0.13665818097578622 1.3539681190861325e-38 1.6891445426113836e-38 3.345391326524551e-38 6.535212991646023e-38 3.6342627077682537e-37 1.2600917592262313e-34 1.4101378430861875e-31 3.4986617070334433e-31
0.13984458215697693 1.3257502548320434e-38 1.654756398508381e-38 3.2852797328942084e-38 6.446991328286962e-38 3.663034872817247e-37 1.339163277680285e-34 1.5106920769077646e-31 3.7488985202604e-31
0.14310527931090045 1.298125641611661e-38 1.6210783800694005e-38 3.226326581887903e-38 6.36049280129344e-38 3.6936797891864535e-37 1.4235670808237583e-34 1.61843309146843e-31 4.0170426642623e-31
0.14644200476542463 1.271081719337009e-38 1.588095668977392e-38 3.1685089958337827e-38 6.275688049956655e-38 3.7262651418158145e-37 1.5136736004697955e-34 1.733875046154374e-31 4.30437584366816e-31
0.14985653124037576 1.244606195442055e-38 1.5557937587841452e-38 3.111804559999131e-38 6.192548361791519e-38 3.7608625618517214e-37 1.6098794299092095e-34 1.8575688992338017e-31 4.612271518344909e-31
0.15335067278934078 1.2186870391512947e-38 1.524158448294423e-38 3.056191313088261e-38 6.111045661961011e-38 3.797547857084153e-37 1.712609186752707e-34 1.9901050418220794e-31 4.9422014205757035e-31
0.1569262857634292 1.1933124758720598e-38 1.4931758350918404e-38 3.001647737939669e-38 6.031152503009928e-38 3.836401257576436e-37 1.822317508750801e-34 2.1321161206836517e-31 5.295742680655251e-31
0.1605852697975066 1.1684709817078703e-38 1.4628323092032864e-38 2.948152752418337e-38 5.952842054905407e-38 3.8775076775327115e-37 1.939491192098594e-34 2.2842800625873043e-31 5.674585209813807e-31
0.16432956881942368 1.144151278089988e-38 1.4331145468989422e-38 2.895685700498858e-38 5.87608809538166e-38 3.9209569945223006e-37 2.064651482415145e-34 2.4473233159067064e-31 6.080540006892233e-31
0.16816117208277714 1.1203423265248483e-38 1.4040095046249733e-38 2.8442263435353466e-38 5.800865000586821e-38 3.966844347259729e-37 2.1983565293178833e-34 2.6220243232651465e-31 6.515547536737348e-31
0.172082115223751 1.0970333234546256e-38 1.3755044130658808e-38 2.793754851714123e-38 5.727147736029849e-38 4.015270453224304e-37 2.3412040162964196e-34 2.8092172438132722e-31 6.981687285799089e-31
0.1760944813425998 1.0742136952286377e-38 1.3475867713338817e-38 2.744251795685221e-38 5.654911847825947e-38 4.06634194749417e-37 2.4938339784288576e-34 3.0097959409989655e-31 7.481187475545206e-31
0.1802004021103484 1.0518730931829621e-38 1.3202443412824058e-38 2.695698138368916e-38 5.584133454238995e-38 4.12017174426732e-37 2.656931821383454e-34 3.2247182563898386e-31 8.01643583651666e-31
0.18440205890129596 1.0300013888262301e-38 1.2934651419411837e-38 2.6480752269335823e-38 5.514789237520062e-38 4.176879422646606e-37 2.831231556111735e-34 3.455010589229955e-31 8.589991016993709e-31
0.18870168395192646 1.0085886691288833e-38 1.2672374440700472e-38 2.601364784941092e-38 5.44685643604096e-38 4.236591638377138e-37 3.0175192646713806e-34 3.7017728034754303e-31 9.204594689938858e-31
0.1931015615468407 9.876252319140268e-39 1.2415497648292058e-38 2.5555489046563596e-38 5.380312836722642e-38 4.299442563344325e-37 3.2166368137234486e-34 3.9661834868315966e-31 9.86318489486813e-31
0.1976040292323402 9.671015813474354e-39 1.216390862563154e-38 2.5106100395174143e-38 5.315136767757959e-38 4.365574354768423e-37 3.4294858334329568e-34 4.249505585012794e-31 1.0568909739494036e-30
0.20221147905830805 9.470084235245499e-39 1.191749731695966e-38 2.4665309967626205e-38 5.251307091629118e-38 4.43513765616815e-37 3.6570319807719863e-34 4.5530924407827055e-31 1.1325142850631862e-30
0.20692635884904578 9.273366621525703e-39 1.1676155977355153e-38 2.4232949302117376e-38 5.188803198420143e-38 4.5082921323121914e-37 3.9003095075840325e-34 4.878394263545991e-31 1.2135499067034404e-30
0.21175117350374192 9.080773943252876e-39 1.1439779123842261e-38 2.3808853331975303e-38 5.127604999425211e-38 4.585207040533576e-37 4.160426155226353e-34 5.226965063640919e-31 1.3003852100807667e-30
0.2166884863272632 8.892219063889755e-39 1.1208263487541004e-38 2.3392860316447474e-38 5.06769292105398e-38 4.666061840948941e-37 4.438568399168111e-34 5.600470081592808e-31 1.393435278657704e-30
0.22174092039197504 8.707616698969359e-39 1.0981507966837636e-38 2.2984811772933684e-38 5.009047899035385e-38 4.751046848303106e-37 4.736007068595627e-34 6.000693749731957e-31 1.4931448938081515e-30
0.22691115993131514 8.526883376512799e-39 1.0759413581553538e-38 2.2584552410630478e-38 4.951651372921748e-38 4.8403639283501115e-37 5.054103367868677e-34 6.4295482238997505e-31 1.5999906808788094e-30
0.23220195176586036 8.349937398295772e-39 1.0541883428090267e-38 2.219193006555789e-38 4.895485280895565e-38 4.934227241885454e-37 5.394315328592911e-34 6.889082524881197e-31 1.7144833592954257e-30
0.2376161067626448 8.176698801949415e-39 1.0328822635530848e-38 2.1806795636939523e-38 4.840532054881473e-38 5.0328640397617884e-37 5.758204723131755e-34 7.381492334858552e-31 1.8371701961847717e-30
0.24315650132850383 8.007089323873768e-39 1.0120138322675379e-38 2.142900302490697e-38 4.786774615966606e-38 5.136515512452708e-37 6.147444472587155e-34 7.909130494698594e-31 1.9686376211369115e-30
0.24882607893823822 7.841032362949784e-39 9.915739555992593e-39 2.1058409069501427e-38 4.734196370132789e-38 5.245437697977106e-37 6.5638265846418605e-34 8.474518252362152e-31 2.109514021001976e-30
0.25462785169840935 7.678452945029531e-39 9.715537308465748e-39 2.0694873490944766e-38 4.682781204304541e-38 5.35990245226146e-37 7.00927065918884e-34 9.08035731657228e-31 2.2604727487312293e-30
0.2605649019475973 7.519277688189753e-39 9.519444419315241e-39 2.033825883115326e-38 4.632513482717372e-38 5.480198486300013e-37 7.48583300238744e-34 9.729542772998072e-31 2.4222353429128436e-30
0.26664038389397104 7.363434768731065e-39 9.327375554577815e-39 1.9988430396468882e-38 4.5833780436113014e-38 5.6066324747744e-37 7.995716392694293e-34 1.042517692380185e-30 2.595574926124084e-30
0.27285752529104135 7.210853887907903e-39 9.139247168525435e-39 1.9645256201581243e-38 4.535360196255024e-38 5.739530241116453e-37 8.541280545533821e-34 1.1170584120572884e-30 2.781320006597454e-30
0.2792196291524867 7.061466239372329e-39 8.954977465903832e-39 1.9308606914616772e-38 4.488445718306845e-38 5.879238024341401e-37 9.125053326612202e-34 1.1969326653793242e-30 2.980358294905554e-30
0.2857300755069626 6.915204477316206e-39 8.774486364975336e-39 1.8978355803369522e-38 4.442620853518823e-38 6.026123833345533e-37 9.749742767458875e-34 1.2825221784724338e-30 3.193641068111292e-30
0.2923923231938275 6.772002685297933e-39 8.597695461346654e-39 1.865437868265049e-38 4.397872309791508e-38 6.180578894754119e-37 1.0418249940613326e-33 1.374235999095637e-30 3.4221875980315475e-30
0.2992099117007387 6.631796345737714e-39 8.424527992566656e-39 1.8336553862731943e-38 4.3541872575868587e-38 6.343019200823139e-37 1.1133682755986379e-33 1.4725124523044659e-30 3.667090158477159e-30
0.3061864630440946 6.494522310066807e-39 8.25490880347576e-39 1.8024762098864154e-38 4.3115533287080786e-38 6.513887164344733e-37 1.1899370744327275e-33 1.577821235269661e-30 3.9295190136643474e-30
0.31332568369332287 6.360118769518193e-39 8.088764312292713e-39 1.7718886541841567e-38 4.2699586154553914e-38 6.693653387982972e-37 1.2718880898450465e-33 1.690665663214104e-30 4.2107283790272464e-30
0.32063136654003577 6.228525226542832e-39 7.926022477421475e-39 1.7418812689597643e-38 4.2293916701677793e-38 6.882818555975255e-37 1.3596034647928354e-33 1.811585074107251e-30 4.5120618074136934e-30
0.3281073929131 6.099682466839365e-39 7.766612764963349e-39 1.712442833980604e-38 4.1898415051613353e-38 7.081915456678836e-37 1.4534926048383623e-33 1.941157408179051e-30 4.834959423082655e-30
0.3357577346406907 5.973532531983548e-39 7.610466116919526e-39 1.683562354346804e-38 4.151297593075837e-38 7.2915111450229284e-37 1.5539941272311926e-33 2.0800019686959182e-30 5.1809639001634604e-30
0.343586456160426 5.850018692644495e-39 7.457514920068757e-39 1.655229055946529e-38 4.113749867641886e-38 7.512209254548344e-37 1.6615779494600877e-33 2.2287823833701484e-30 5.551728587198614e-30
0.3515977166787018 5.729085422375e-39 7.307692975505791e-39 1.627432381005828e-38 4.077188724882008e-38 7.744652469381214e-37 1.7767475272569664e-33 2.3882097753257847e-30 5.949024888494416e-30
0.359795772380376 5.610678371963866e-39 7.160935468827122e-39 1.600161983731066e-38 4.0416050247599155e-38 7.989525167198545e-37 1.9000422527507555e-33 2.5590461620082876e-30 6.374750878427535e-30
0.368184978689974 5.494744344337844e-39 7.017178940948921e-39 1.5734077260420732e-38 4.006990093293335e-38 8.247556245004624e-37 2.032040024234483e-33 2.7421080975678328e-30 6.830940572803842e-30
0.3767697925856183 5.3812312700010884e-39 6.876361259544888e-39 1.5471596733941133e-38 3.973335725146796e-38 8.519522140352795e-37 2.173359999829385e-33 2.9382705739535726e-30 7.319773010409198e-30
0.38555477496691104 5.2700881830016376e-39 6.738421591089922e-39 1.5214080906868524e-38 3.9406341867219273e-38 8.806250061520988e-37 2.3246655482099962e-33 3.148471204381527e-30 7.843583640773012e-30
0.394544593078027 5.1612651974118685e-39 6.603300373497223e-39 1.496143438258549e-38 3.9088782197640214e-38 9.108621441086268e-37 2.4866674104951564e-33 3.3737147013713586e-30 8.404874130048904e-30
0.4037440229873054 5.0547134843134264e-39 6.470939289335583e-39 1.471356367963711e-38 3.8780610455050223e-38 9.427575628349034e-37 2.6601270884215737e-33 3.6150776808011655e-30 9.006325847582296e-30
0.4131579521246571 4.950385249274914e-39 6.341281239615036e-39 1.4470377193325212e-38 3.848176369364305e-38 9.764113837136283e-37 2.845860474996525e-33 3.873713803202142e-30 9.650810987989017e-30
0.42279138187813525 4.8482337103118646e-39 6.21427031812835e-39 1.4231785158103507e-38 3.8192183862302324e-38 1.011930336667199e-36 3.0447417449880958e-33 4.1508592891130146e-30 1.034140781367524e-29
0.43264943025104924 4.748213076318727e-39 6.08985178633661e-39 1.399769961075728e-38 3.791181786346834e-38 1.0494282114447848e-36 3.257707523851839e-33 4.44783882335027e-30 1.108141412832177e-29
0.4427373345810337 4.650278525962697e-39 5.967972048787188e-39 1.3768034354351554e-38 3.7640617618318404e-38 1.0890263401365643e-36 3.485761355026027e-33 4.766071885029906e-30 1.18743634848849e-29
0.4530604543225162 4.554386187029352e-39 5.8485786290529876e-39 1.354270492293274e-38 3.737854013853828e-38 1.1308541130861884e-36 3.729978486953494e-33 5.10707952950056e-30 1.272404227616541e-29
0.4636242738940635 4.460493116210471e-39 5.731620146181474e-39 1.3321628546967323e-38 3.712554760498181e-38 1.1750495305273303e-36 3.991511002717264e-33 5.472491653704044e-30 1.3634507150429517e-29
0.47443440559211736 4.3685572793243607e-39 5.617046291642839e-39 1.3104724119503806e-38 3.6881607453535816e-38 1.2217597924368239e-36 4.2715933168161106e-33 5.864054782847482e-30 1.461010469091859e-29
0.48549659257266914 4.278537531959727e-39 5.504807806766738e-39 1.2891912163042576e-38 3.6646692468527686e-38 1.2711419292761407e-36 4.5715480653613756e-33 6.283640413110966e-30 1.5655492138366763e-29
0.4968167119024568 4.1903936005333157e-39 5.3948564606567866e-39 1.2683114797099792e-38 3.6420780884035953e-38 1.3233634764860635e-36 4.892792417858097e-33 6.733253950280694e-30 1.6775659316771644e-29
0.5084007776813051 4.104086063753591e-39 5.287145028573198e-39 1.24782557064513e-38 3.620385649348751e-38 1.3786031958071398e-36 5.236844840749748e-33 7.21504428827855e-30 1.7975952613453244e-29
0.5202549442372687 4.0195763344801875e-39 5.181627270772966e-39 1.2277260110042532e-38 3.5995908767950894e-38 1.437051846722244e-36 5.605332345066107e-33 7.731314071946132e-30 1.9262100448174935e-29
0.5323855093962742 3.936826641971842e-39 5.078257911798253e-39 1.2080054730551662e-38 3.579693298356172e-38 1.4989130115583237e-36 5.999998252828913e-33 8.284530691033637e-30 2.064023927641451e-29
0.5447989178279997 3.855800014514171e-39 4.976992620203442e-39 1.1886567764592723e-38 3.560693035854528e-38 1.5644039780435388e-36 6.42271051935169e-33 8.877338068217144e-30 2.211694591188523e-29
0.557501764469769 3.776460262418583e-39 4.877787988711139e-39 1.1696728853545572e-38 3.5425908200331695e-38 1.633756683394776e-36 6.875470651225948e-33 9.512569274461033e-30 2.3699264165046246e-29
0.5705007980302781 3.698771961385121e-39 4.780601514788344e-39 1.151046905500104e-38 3.5253880063292584e-38 1.707218724310305e-36 7.36042326263938e-33 1.0193260065096267e-29 2.5394743351925385e-29
0.5838029245750183 3.6227004362207384e-39 4.685391581633758e-39 1.1327720814808427e-38 3.5090865917661387e-38 1.7850544375646843e-36 7.879866315717963e-33 1.0922663361690856e-29 2.721146873623802e-29
0.5974152111952977 3.548211744906127e-39 4.592117439567332e-39 1.1148417939713755e-38 3.4936892330238684e-38 1.8675460562493145e-36 8.436262093862542e-33 1.1704264793665808e-29 2.915810665430572e-29
0.6113448897628128 3.4752726630026807e-39 4.500739187813506e-39 1.0972495570577177e-38 3.4791992657522254e-38 1.9549949470739282e-36 9.032248960546759e-33 1.2541799316413918e-29 3.1243935867147524e-29
0.6255993607717623 3.403850668393015e-39 4.411217756670096e-39 1.0799890156158117e-38 3.4656207251943825e-38 2.047722934543542e-36 9.670653959811061e-33 1.3439269065159246e-29 3.347890613038518e-29
0.6401861972705483 3.333913926347812e-39 4.323514890054045e-39 1.063053942745713e-38 3.452958368194106e-38 2.146073718253525e-36 1.035450631869655e-32 1.4400962414629624e-29 3.5873664564205384e-29
0.6551131488851486 3.265431274911314e-39 4.2375931284165704e-39 1.0464382372603743e-38 3.4412176966640224e-38 2.2504143900045188e-36 1.108705191619736e-32 1.543147449013895e-29 3.8439632149481357e-29
0.6703881459363026 3.1983722105995944e-39 4.153415792019402e-39 1.0301359212279506e-38 3.430404982597715e-38 2.3611370579307432e-36 1.1871768787904915e-32 1.6535729044552378e-29 4.118903184615557e-29
0.686019303652694 3.132706874404279e-39 4.070946964564767e-39 1.0141411375666262e-38 3.4205272947139636e-38 2.4786605853618687e-36 1.2712383740498967e-32 1.7719001981982906e-29 4.4134966197998084e-29
0.7020149264823721 3.068406038095105e-39 3.990151477171268e-39 9.984481476909238e-39 3.4115925268272376e-38 2.603432452702239e-36 1.3612890155522957e-32 1.8986946508445855e-29 4.729146925703363e-29
0.7183835125046995 3.0054410908153116e-39 3.910994892688743e-39 9.830513292085586e-39 3.403609428044995e-38 2.7359307512141455e-36 1.457756706758287e-32 2.0345620088037952e-29 5.067357155809781e-29
0.7351337579451718 2.943784025963278e-39 3.8334434903443765e-39 9.679451736668329e-39 3.396587634898913e-38 2.8766663182364634e-36 1.561099960820112e-32 2.1801513359604327e-29 5.429738525204914e-29
0.7522745617955077 2.8834074283542976e-39 3.7574642507133166e-39 9.531242843476721e-39 3.3905377055244807e-38 3.0261850240590695e-36 1.6718100913074168e-32 2.3361581030740546e-29 5.818015300049446e-29
