results/limits/Pino_f_6_phase.dat
# %ECSV 1.0
# ---
# datatype:
# - {name: mx, unit: MeV, datatype: float64}
# - {name: sigma_6, unit: cm2, datatype: float64}
# schema: astropy-2.0
mx sigma_6
[from data line 358]
0.0012122259692915415 1.38652127626275e-46
0.0012404909310584848 1.4525471103032697e-46
0.0012694149350204683 1.5202546330169128e-46
0.0012990133477864558 1.5895800839420758e-46
0.0013293018942621524 1.6604528628107452e-46
0.001360296666004259 1.732795809313447e-46
0.001392014129769518 1.806525541935981e-46
0.0014244711362630968 1.881552852680435e-46
0.0014576849290909482 1.957783153623016e-46
0.0014916731539209149 2.035116970473225e-46
0.0015264538678574353 2.113450477601038e-46
0.0015620455490348386 2.1926760684068582e-46
0.0015984671064343198 2.272682954435407e-46
0.0016357378899298156 2.3533577862889755e-46
0.0016738777005681136 2.43458528918265e-46
0.0017129068010886602 2.5162489059065314e-46
0.0017528459266886532 2.5982314400153417e-46
0.00179371629603914 2.6804156922488456e-46
0.0018355396225579732 2.7626850834887934e-46
0.0018783381259456144 2.844924257967978e-46
0.0019221345439899109 2.9270196609509967e-46
0.001966952144646121 3.0088600856890606e-46
0.0020128147383986056 3.0903371850959914e-46
0.002059746690910748 3.1713459442822806e-46
0.0021077729359698315 3.25178511080177e-46
0.0021569189887337423 3.3315575801940152e-46
0.002207210959286545 3.410570735129517e-46
0.0022586755665101248 3.4887367371697346e-46
0.0023113401522792685 3.565972770826852e-46
0.0023652326959877285 3.6422012402382035e-46
0.0024203818294129824 3.71734991934862e-46
0.0024768168519275916 3.791352057013255e-46
0.002534567746065232 3.864146438889302e-46
0.0025936651934496745 3.935677408374128e-46
0.0026541405910951734 4.005894849168775e-46
0.0027160260680869266 4.0747541322998625e-46
0.0027793545026504624 4.142216030621965e-46
0.002844159539619031 4.20824660394929e-46
0.0029104756083082714 4.2728170580343525e-46
0.0029783379408076585 4.335903580627425e-46
0.0030477825906984404 4.397487157818869e-46
0.0031188464522080173 4.4575533737932755e-46
0.0031915672798109355 4.516092197015492e-46
0.0032659837082868936 4.573097755729655e-46
0.003342135273246469 4.628568105489989e-46
0.0034200624321353945 4.682504991260567e-46
0.0034998065857286074 4.7349136064270804e-46
0.0035814101001254554 4.785802350860339e-46
0.003664916329257761 4.835182589964019e-46
0.0037503696379226933 4.883068416431013e-46
0.0038378154253526898 4.929476416227594e-46
0.003927300149334948 4.974425440124674e-46
0.004018871350893299 5.017936381903237e-46
0.00411257767954558 5.060031964178478e-46
0.004208468919149921 5.100736532615211e-46
0.004306596014353682 5.1400758591474e-46
0.004407011097659079 5.178076954667151e-46
0.004509767517119906 5.2147678915140736e-46
0.004614919864684026 5.2501776359743595e-46
0.004722524005196735 5.284335890890178e-46
0.004832637106080367 5.317272948383831e-46
0.004945317667705937 5.349019552616781e-46
0.005060625554472947 5.379606772430991e-46
0.005178622026613854 5.409065883657959e-46
0.005299369772740128 5.4374282608288484e-46
0.005422932943147155 5.46472527797636e-46
0.0055493771838957115 5.490988218184799e-46
0.00567876967168809 5.516248191518221e-46
0.005811179149557424 5.540536060936701e-46
0.0059466759633891655 5.563882375797657e-46
0.006085332099294114 5.586317312530655e-46
0.006227221221852859 5.607870622071142e-46
0.006372418713251954 5.628571583639209e-46
0.006521001713332612 5.648448964453843e-46
0.006673049160573193 5.667530984980451e-46
0.006828641834027273 5.685845289319185e-46
0.006987862396239558 5.703418920353397e-46
0.00715079543716245 5.720278299290989e-46
0.007317527519096606 5.736449209245936e-46
0.007488147222679345 5.751956782523042e-46
0.007662745193945353 5.766825491284981e-46
0.007841414192484688 5.781079141297404e-46
0.008024249140723652 5.794740868464653e-46
0.008211347174354735 5.8078331378853406e-46
0.008402807693942412 5.820377745173755e-46
0.008598732417732204 5.832395819809277e-46
0.008799225435691074 5.843907830292141e-46
0.009004393264807849 5.8549335908990444e-46
0.009214344905683071 5.865492269847321e-46
0.009429191900438323 5.875602398690679e-46
0.009649048391975805 5.885281882782876e-46
0.009874031184619632 5.894548012659429e-46
0.010104259806171096 5.9034174761990916e-46
0.01033985657141083 5.9119063714392176e-46
0.010580946647081629 5.9200302199294396e-46
0.010827658118386449 5.9278039805192974e-46
0.011080122057036918 5.935242063484404e-46
0.011338472590888495 5.942358344905613e-46
0.01160284697519928 5.949166181222612e-46
0.01187338566555036 5.955678423893663e-46
0.012150232392466372 5.961907434098076e-46
0.012433534237775993 5.9678650974261315e-46
0.01272344171275288 5.9735628385070934e-46
0.013020108838078586 5.9790116355314305e-46
0.013323693225669961 5.984222034629831e-46
0.013634356162414448 5.989204164073177e-46
0.013952262695857842 5.9939677482674065e-46
0.014277581721889965 5.998522121516003e-46
0.014610486074474885 6.002876241529541e-46
0.014951152617473332 6.007038702664287e-46
0.015299762338606094 6.011017748874715e-46
0.015656500445608335 6.01482128636791e-46
0.016021556464625875 6.018456895949914e-46
0.016395124340905766 6.0219318450567116e-46
0.016777402541834602 6.025253099464246e-46
0.017168594162379338 6.028427334673807e-46
0.01756890703298664 6.0314609469703334e-46
0.017978553829998065 6.034360064155097e-46
0.01839775218863974 6.037130555948069e-46
0.01882672481864659 6.039778044068619e-46
0.01926569962258253 6.042307911992099e-46
0.019714909816919448 6.044725314387806e-46
0.020174594055939365 6.0470351862422895e-46
0.02064499655852557 6.0492422516729315e-46
0.021126367237910063 6.051351032437106e-46
0.021618961834446313 6.0533658561429685e-46
0.02212304205147776 6.055290864167987e-46
0.022638875694374342 6.0571300192919345e-46
0.0231667368128109 6.058887113051075e-46
0.02370690584636297 6.060565772820608e-46
0.024259669773497434 6.062169468632525e-46
0.024825322264037063 6.063701519736185e-46
0.025404163835180054 6.065165100908894e-46
0.025996502011157406 6.06656324852389e-46
0.026602651486612925 6.0678988663830834e-46
0.027222934293792744 6.069174731321862e-46
0.027857679973633073 6.070393498593258e-46
0.02850722575083718 6.071557707038696e-46
0.02917191671303455 6.072669784052336e-46
0.029852105994117403 6.073732050346201e-46
0.030548154961852016 6.074746724522725e-46
0.031260433409864494 6.075715927461722e-46
0.031989319754103004 6.076641686528204e-46
0.0327352012338808 6.077525939607569e-46
0.03349847411760691 6.078370538974521e-46
0.034279543913313774 6.079177255001823e-46
0.03507882558409363 6.079947779714843e-46
0.03589674376855814 6.080683730197796e-46
0.03673373300643846 6.081386651857957e-46
0.037590237969445384 6.082058021549312e-46
0.038466713697512506 6.0826992505710584e-46
0.03936362584054766 6.083311687532747e-46
0.04028145090582124 6.083896621100937e-46
0.04122067651112274 6.084455282628468e-46
0.04218180164382002 6.0849888486713506e-46
0.043165336925959 6.085498443398074e-46
0.044171804885544536 6.085985140895558e-46
0.04520174023414663 6.086449967375908e-46
0.046255690150979495 6.0868939032881204e-46
0.047334214573604344 6.0873178853386126e-46
0.048437886495410414 6.08772280842433e-46
0.04956729227003216 6.0881095274820075e-46
0.05072303192286451 6.088478859257198e-46
0.051905719469841495 6.088831583996299e-46
0.05311598324364777 6.089168447064857e-46
0.05435446622753626 6.0894901604952504e-46
0.05562182639692926 6.089797404466741e-46
0.056918737068984544 6.090090828720749e-46
0.058245887260312136 6.090371053914063e-46
0.05960398205303182 6.090638672912713e-46
0.06099374296936585 6.090894252029009e-46
0.06241590835496589 6.091138332204086e-46
0.06387123377117784 6.0913714301384566e-46
0.06536049239645289 6.0915940393727075e-46
0.06688447543711816 6.091806631320476e-46
0.06844399254772507 6.09200965625584e-46
0.0700398722611988 6.092203544257044e-46
0.0716729624290174 6.092388706108437e-46
0.07334413067165428 6.092565534162565e-46
0.07505426483952363 6.092734403163908e-46
0.07680427348467332 6.09289567103624e-46
0.07859508634347626 6.0930496796349134e-46
0.08042765483057629 6.093196755465825e-46
0.08230295254435131 6.0933372103723745e-46
0.08422197578416211 6.093471342191897e-46
0.08618574407966152 6.0935994353828714e-46
0.08819530073244539 6.093721761624209e-46
0.09025171337033296 6.093838580387883e-46
0.09235607451457113 6.093950139485951e-46
0.09450950216026408 6.0940566755933e-46
0.09671314037033632 6.0941584147469345e-46
0.09896815988334524 6.0942555728231235e-46
0.10127575873546546 6.094348355993141e-46
0.10363716289697593 6.094436961158674e-46
0.10605362692358762 6.0945215763678134e-46
0.10852643462295801 6.094602381212374e-46
0.11105689973674641 6.094679547207534e-46
0.11364636663857243 6.094753238154413e-46
0.11629621104824843 6.094823610486479e-46
0.1190078407626656 6.094890813600432e-46
0.12178269640372161 6.094954990172275e-46
0.12462225218368743 6.095016276459205e-46
0.1275280166884199 6.095074802588008e-46
0.13050153367883624 6.0951306928305385e-46
0.1335443829110759 6.095184065866844e-46
0.13665818097578622 6.095235035036415e-46
0.13984458215697693 6.095283708578339e-46
0.14310527931090045 6.0953301898605285e-46
0.14644200476542463 6.095374577598698e-46
0.14985653124037576 6.095416966065603e-46
0.15335067278934078 6.0954574452907506e-46
0.1569262857634292 6.095496101251304e-46
0.1605852697975066 6.095533016055013e-46
0.16432956881942368 6.095568268111252e-46
0.16816117208277714 6.0956019323019165e-46
0.172082115223751 6.095634080137061e-46
0.1760944813425998 6.095664779907395e-46
0.1802004021103484 6.0956940968290324e-46
0.18440205890129596 6.0957220931819415e-46
0.18870168395192646 6.095748828441962e-46
0.1931015615468407 6.095774359407029e-46
0.1976040292323402 6.095798740317643e-46
0.20221147905830805 6.095822022972021e-46
0.20692635884904578 6.0958442568359495e-46
0.21175117350374192 6.09586548914781e-46
0.2166884863272632 6.095885765018781e-46
0.22174092039197504 6.095905127528653e-46
0.22691115993131514 6.095923617817171e-46
0.23220195176586036 6.095941275171479e-46
0.2376161067626448 6.095958137109412e-46
0.24315650132850383 6.0959742394592124e-46
0.24882607893823822 6.095989616435552e-46
0.25462785169840935 6.096004300712258e-46
0.2605649019475973 6.096018323491533e-46
0.26664038389397104 6.096031714570382e-46
0.27285752529104135 6.096044502403774e-46
0.2792196291524867 6.0960567141650916e-46
0.2857300755069626 6.096068375803846e-46
0.2923923231938275 6.09607951210077e-46
0.2992099117007387 6.0960901467204766e-46
0.3061864630440946 6.0961003022617136e-46
0.31332568369332287 6.0961100003053186e-46
0.32063136654003577 6.096119261460065e-46
0.3281073929131 6.0961281054065266e-46
0.3357577346406907 6.0961365509387795e-46
0.343586456160426 6.0961446160043175e-46
0.3515977166787018 6.096152317742254e-46
0.359795772380376 6.096159672519687e-46
0.368184978689974 6.096166695966472e-46
0.3767697925856183 6.096173403008397e-46
0.38555477496691104 6.096179807898985e-46
0.394544593078027 6.096185924249591e-46
0.4037440229873054 6.096191765058555e-46
0.4131579521246571 6.096197342738664e-46
0.42279138187813525 6.096202669143559e-46
0.43264943025104924 6.0962077555928855e-46
0.4427373345810337 6.096212612896383e-46
0.4530604543225162 6.096217251376904e-46
0.4636242738940635 6.096221680892235e-46
0.47443440559211736 6.096225910856114e-46
0.48549659257266914 6.096229950258233e-46
0.4968167119024568 6.096233807683308e-46
0.5084007776813051 6.096237491329279e-46
0.5202549442372687 6.096241009024899e-46
0.5323855093962742 6.096244368246196e-46
0.5447989178279997 6.0962475761323494e-46
0.557501764469769 6.096250639501065e-46
0.5705007980302781 6.096253564862762e-46
0.5838029245750183 6.096256358434731e-46
0.5974152111952977 6.096259026154089e-46
0.6113448897628128 6.0962615736905536e-46
0.6255993607717623 6.0962640064583376e-46
0.6401861972705483 6.0962663296277985e-46
0.6551131488851486 6.0962685481364275e-46
0.6703881459363026 6.096270666699178e-46
0.686019303652694 6.096272689818723e-46
0.7020149264823721 6.0962746217947096e-46
0.7183835125046995 6.0962764667333574e-46
0.7351337579451718 6.096278228555639e-46
0.7522745617955077 6.096279911005997e-46
0.7698150305414633 6.0962815176601995e-46
0.7877644830008832 6.0962830519330095e-46
0.8061324552745581 6.0962845170850674e-46
0.8249287058125218 6.096285916230483e-46
0.8441632205984669 6.096287252342832e-46
0.8638462184550629 6.096288528261855e-46
0.8839881564729563 6.096289746699274e-46
0.9045997355663667 6.0962909102446484e-46
0.9256919061582187 6.0962920213709245e-46
0.9472758739978306 6.096293082439662e-46
0.9693631061142522 6.0962940957060525e-46
0.9919653369084147 6.096295063323497e-46
1.0150945743873274 6.096295987348699e-46
1.0387631065436362 6.096296869745359e-46
1.0629835078839296 6.0962977123889706e-46
1.0877686461092637 6.096298517070466e-46
1.1131316889514546 6.096299285500063e-46
1.1390861111687691 6.096300019310925e-46
1.16564570170473 6.0963007200627634e-46
1.1928245710138414 6.09630138924462e-46
1.2206371585581264 6.0963020282791925e-46
1.2490982404784545 6.096302638524376e-46
1.2782229374447416 6.096303221277237e-46
1.3080267226891875 6.096303777776219e-46
1.3385254302268237 6.096304309204369e-46
1.369735263267732 6.096304816690879e-46
1.4016728028254128 6.096305301314354e-46
1.4343550165258654 6.096305764105074e-46
1.4677992676220706 6.096306206046382e-46
1.5020233242186567 6.096306628077637e-46
1.5370453687116559 6.096307031095806e-46
1.5728840074483612 6.096307415957539e-46
1.6095582806124205 6.096307783480691e-46
1.6470876723394143 6.0963081344464216e-46
1.6854921210682972 6.096308469600765e-46
1.7247920301341966 6.096308789655825e-46
1.7650082786082029 6.09630909529197e-46
1.8061622323899016 6.096309387158929e-46
1.848275755558551 6.0963096658765925e-46
1.8913712219889245 6.096309932037852e-46
1.935471527238 6.0963101862082275e-46
1.9806001007088037 6.096310428927821e-46
2.0267809180978715 6.096310660712556e-46
2.0740385141329463 6.096310882055024e-46
2.1223979956076717 6.09631109342575e-46
2.171885054720213 6.096311295274059e-46
2.222525982722885 6.096311488028639e-46
2.274347683890048 6.096311672099303e-46
2.327377689811681 6.096311847877396e-46
2.3816441740202396 6.0963120157365496e-46
2.437175966958554 6.096312176033285e-46
2.4940025712967335 6.0963123291086865e-46
2.552154177606206 6.096312475287451e-46
2.611661680399223 6.096312614880826e-46
2.6725566945423505 6.096312748185387e-46
2.7348715720526675 6.096312875484363e-46
2.7986394192855935 6.096312997048363e-46
2.863894114523477 6.096313113135628e-46
2.9306703259742912 6.096313223993125e-46
2.999003530189995 6.096313329856174e-46
3.068930030914351 6.096313430950088e-46
3.1404869783702067 6.096313527489332e-46
3.21371238899649 6.096313619679717e-46
3.2886451656454048 6.0963137077165506e-46
3.3653251182505572 6.096313791787301e-46
3.443792984976987 6.0963138720704975e-46
3.5240904538643507 6.096313948736931e-46
3.6062601849747473 6.096314021949324e-46
3.6903458330569543 6.096314091863357e-46
3.77639207073912 6.096314158627633e-46
3.8644446122622242 6.096314222384269e-46
3.9545502377669295 6.096314283268567e-46
4.046756818146711 6.096314341409829e-46
4.141113340480481 6.09631439693174e-46
4.237669934058216 6.0963144499522146e-46
4.336477897013409 6.09631450058409e-46
4.437589723576497 6.096314548935008e-46
4.541059131963759 6.0963145951076965e-46
4.646941092916466 6.096314639200157e-46
4.755291858905486 6.096314681306316e-46
4.866168994016832 6.096314721515239e-46
4.979631404534034 6.096314759913006e-46
5.0957393702336 6.096314796580682e-46
5.214554576410165 6.0963148315965885e-46
5.336140146648369 6.0963148650350626e-46
5.4605606763588606 6.096314896966815e-46
5.587882267096237 6.096314927460064e-46
5.718172561677172 6.096314956579505e-46
5.851500780117376 6.096314984386898e-46
5.987937756406471 6.096315010942127e-46
6.127555976140354 6.096315036300894e-46
6.270429615030991 6.096315060516953e-46
6.416634578314149 6.096315083641779e-46
6.566248541075969 6.0963151057251145e-46
6.719350989519823 6.096315126813508e-46
6.87602326319537 6.096315146951793e-46
7.036348598212252 6.096315166183293e-46
7.200412171461376 6.09631518454784e-46
7.368301145867304 6.096315202085115e-46
