results/limits/Pino_f_9_phase.dat
# %ECSV 1.0
# ---
# datatype:
# - {name: mx, unit: MeV, datatype: float64}
# - {name: sigma_9, unit: cm2, datatype: float64}
# schema: astropy-2.0
mx sigma_9
3.162277660168379e-07 1.1085138201559245e-29
3.2360111549336787e-07 1.2092227571058158e-29
3.311463862505236e-07 1.3187745613132026e-29
3.388675869043115e-07 1.4379032799977247e-29
3.4676881953794695e-07 1.567398110477824e-29
3.548542818811901e-07 1.7081067632513535e-29
3.6312826954049566e-07 1.8609389237264895e-29
3.715951782811629e-07 2.0268697994034025e-29
3.8025950636269697e-07 2.2069437366857519e-29
3.89125856928623e-07 2.4022778873958075e-29
3.9819894045202297e-07 2.6140659026723667e-29
4.0748357723809307e-07 2.8435816272486886e-29
4.169846999850535e-07 3.092182763210017e-29
4.2670735640476865e-07 3.361314467890434e-29
4.3665671190447213e-07 3.652512846518286e-29
4.4683805233101997e-07 3.9674082933096163e-29
4.572567867791303e-07 4.307728632869056e-29
4.6791845046510194e-07 4.675302005811469e-29
4.788287076675383e-07 5.072059437539609e-29
4.899933547366384e-07 5.500037026758293e-29
5.014183231736547e-07 5.96137767961374e-29
5.131096827821533e-07 6.4583323178131e-29
5.250736448927506e-07 6.993260477638516e-29
5.373165656630395e-07 7.56863021713709e-29
5.4984494945446e-07 8.187017244745356e-29
5.626654522879044e-07 8.851103177690555e-29
5.757848853798981e-07 9.563672842362328e-29
5.892102187612295e-07 1.0327610522019652e-28
6.029485849799565e-07 1.1145895064349283e-28
6.17007282890752e-07 1.2021593762554908e-28
6.313937815326057e-07 1.2957854924613865e-28
6.461157240969403e-07 1.3957899059936504e-28
6.611809319882495e-07 1.5025008615036842e-28
6.765974089794179e-07 1.6162516204955116e-28
6.923733454639272e-07 1.7373791295004539e-28
7.085171228072106e-07 1.8662225318836737e-28
7.250373177994646e-07 2.00312152150878e-28
7.419427072122865e-07 2.1484145408372515e-28
7.592422724615558e-07 2.3024368266721507e-28
7.769452043790388e-07 2.4655183108372596e-28
7.950609080952509e-07 2.6379813839210364e-28
8.135990080361694e-07 2.8201385359539934e-28
8.325693530364543e-07 3.0122898868260393e-28
8.519820215718901e-07 3.214720627343886e-28
8.718473271138315e-07 3.427698389364325e-28
8.921758236084957e-07 3.6514705711581766e-28
9.12978311084014e-07 3.886261644310134e-28
9.342658413882192e-07 4.132270469297908e-28
9.560497240602198e-07 4.389667656075343e-28
9.78341532338879e-07 4.658592995800605e-28
1.0011531093113902e-06 4.939153005402853e-28
1.0244965742052174e-06 5.231418614828288e-28
1.048384328826741e-06 5.53542303375052e-28
1.0728290641500308e-06 5.851159833892329e-28
1.0978437670592484e-06 6.17858127686005e-28
1.1234417272482566e-06 6.517596921531464e-28
1.149636544281106e-06 6.868072539368455e-28
1.1764421348171486e-06 7.229829362230795e-28
1.2038727400046132e-06 7.602643680380954e-28
1.2319429330465773e-06 7.9862468161881535e-28
1.2606676269433496e-06 8.380325474290385e-28
1.2900620824153782e-06 8.784522485171289e-28
1.3201419160108953e-06 9.19843793010708e-28
1.3509231084026028e-06 9.621630653620083e-28
1.38242201287781e-06 1.0053620147622114e-27
1.4146553640265304e-06 1.049388878453282e-27
1.447640286632156e-06 1.094188439148644e-27
1.4813943047694329e-06 1.1397023113403662e-27
1.5159353511145682e-06 1.1858692567755164e-27
1.5512817764724183e-06 1.2326255217964106e-27
1.587452359525819e-06 1.2799051952128017e-27
1.6244663168122348e-06 1.3276405814446244e-27
1.6623433129330315e-06 1.3757625844816241e-27
1.7011034710007933e-06 1.4242010995415561e-27
1.740767383330235e-06 1.4728854054668503e-27
1.7813561223783898e-06 1.5217445561441188e-27
1.8228912519398869e-06 1.5707077654636555e-27
1.8653948386032614e-06 1.6197047812256723e-27
1.908889463474389e-06 1.6686662467444313e-27
1.9533982341732686e-06 1.717524043123217e-27
1.9989447971105317e-06 1.766211613202465e-27
2.045553350050195e-06 1.8146642604069777e-27
2.0932486549653353e-06 1.862819425659774e-27
2.1420560511935146e-06 1.9106169341597116e-27
2.192001468898943e-06 1.957999218094527e-27
2.2431114428485372e-06 2.004911507093565e-27
2.2954131265091837e-06 2.0513019921651967e-27
2.3489343064737076e-06 2.097121959305364e-27
2.403703417223201e-06 2.1423258957784444e-27
2.4597495562335635e-06 2.1868715665783564e-27
2.5171024994342686e-06 2.2307200660829964e-27
2.575792717027583e-06 2.2738358428020234e-27
2.635851389676631e-06 2.3161867005559563e-27
2.6973104250709106e-06 2.357743776700068e-27
2.760202474878063e-06 2.3984815006213683e-27
2.8245609520908932e-06 2.4383775331740688e-27
2.8904200487788716e-06 2.4774126880028503e-27
2.9578147542535346e-06 2.5155708402888403e-27
3.026780873657441e-06 2.552838821031323e-27
3.097355046986562e-06 2.5892063001114693e-27
3.1695747685562034e-06 2.6246656619953794e-27
3.2434784069208122e-06 2.659211873230005e-27
3.319105225258239e-06 2.692842342644458e-27
3.3964954022292982e-06 2.7255567807214287e-27
3.4756900533236943e-06 2.7573570540363114e-27
3.5567312527036693e-06 2.7882470395580087e-27
3.6396620555569646e-06 2.818232477803257e-27
3.7245265209709786e-06 2.847320830672524e-27
3.811369735340273e-06 2.8755211359976936e-27
3.900237836319859e-06 2.902843869185056e-27
3.991178037336996e-06 2.9293008069153735e-27
4.0842386526745176e-06 2.9549048967872032e-27
4.179469123139017e-06 2.9796701287775558e-27
4.2769200423275275e-06 3.0036114155723247e-27
4.376643183506652e-06 3.0267444748556548e-27
4.478691527118417e-06 3.0490857214772296e-27
4.583119288927478e-06 3.0706521622902098e-27
4.689981948824612e-06 3.0914612970392395e-27
4.799336280301815e-06 3.1115310303008107e-27
4.911240380614659e-06 3.130879580994878e-27
5.0257537016479225e-06 3.1495254059752023e-27
5.142937081500915e-06 3.167487126336094e-27
5.262852776809252e-06 3.184783456475779e-27
5.385564495820272e-06 3.2014331439188825e-27
5.511137432239651e-06 3.2174549132461743e-27
5.639638299867211e-06 3.232867409922446e-27
5.771135368040315e-06 3.2476891593010716e-27
5.905698497903673e-06 3.2619385167510966e-27
6.043399179524854e-06 3.275633639897213e-27
6.184310569875183e-06 3.288792443055473e-27
6.32850753169624e-06 3.301432578370403e-27
6.47606667327258e-06 3.3135714003427655e-27
6.627066389131828e-06 3.325225952302298e-27
6.781586901693754e-06 3.3364129396105884e-27
6.939710303890459e-06 3.347148715888625e-27
7.101520602780329e-06 3.357449272880828e-27
7.267103764178904e-06 3.367330223217263e-27
7.436547758330399e-06 3.376806793845024e-27
7.609942606644117e-06 3.3858938234758915e-27
7.787380429520604e-06 3.394605751756182e-27
7.968955495292936e-06 3.4029566164340855e-27
8.15476427030917e-06 3.410960062604348e-27
8.344905470182516e-06 3.418629325374383e-27
8.539480112236516e-06 3.425977246879314e-27
8.738591569173047e-06 3.4330162694199264e-27
8.942345623991688e-06 3.439758442844583e-27
9.150850526189614e-06 3.446215428669302e-27
9.364217049271877e-06 3.452398503999687e-27
9.58255854960264e-06 3.4583185689476625e-27
9.805991026628606e-06 3.463986149319446e-27
1.0034633184506672e-05 3.469411415048615e-27
1.0268606495168497e-05 3.4746041693476854e-27
1.0508035262855554e-05 3.479573872320189e-27
1.07530466901589e-05 3.4843296433643346e-27
1.1003770945598772e-05 3.4888802654658776e-27
1.1260341232779899e-05 3.493234202799075e-27
1.1522893861159297e-05 3.497399601209903e-27
1.1791568318464117e-05 3.501384300946784e-27
1.206650734479802e-05 3.5051958432295045e-27
1.2347857008475478e-05 3.5088414842918875e-27
1.263576678362426e-05 3.51232819387143e-27
1.293038962959737e-05 3.515662677226625e-27
1.3231882072236462e-05 3.5188513701144404e-27
1.3540404287030327e-05 3.5219004606286914e-27
1.3856120184212054e-05 3.524815884885968e-27
1.4179197495840522e-05 3.52760334650207e-27
1.4509807864912299e-05 3.530268315669445e-27
1.484812693655133e-05 3.532816042894801e-27
1.5194334451324849e-05 3.5352515680341204e-27
1.5548614340735104e-05 3.537579719979669e-27
1.5911154824937624e-05 3.5398051355528074e-27
1.6282148512737936e-05 3.541932250566226e-27
1.6661792503919872e-05 3.543965327986647e-27
1.7050288493959805e-05 3.5459084444609266e-27
1.7447842881182494e-05 3.547765516635727e-27
1.785466687641539e-05 3.549540282928861e-27
1.8270976615199758e-05 3.5512363395574936e-27
1.869699327261814e-05 3.552857121638431e-27
1.91329431807992e-05 3.554405919036573e-27
1.957905794916243e-05 3.555885889891968e-27
2.003557458746648e-05 3.557300042641468e-27
2.0502735631726606e-05 3.558651278909931e-27
2.0980789273068064e-05 3.559942358081914e-27
2.1469989489583918e-05 3.561175927754808e-27
2.1970596181267336e-05 3.5623545200845185e-27
2.2482875308090033e-05 3.563480564123231e-27
2.3007099031300245e-05 3.564556374513618e-27
2.354354585801526e-05 3.565584175087206e-27
2.4092500789185385e-05 3.5665660856117804e-27
2.4654255471007912e-05 3.567504137871669e-27
2.5229108349871537e-05 3.568400273509385e-27
2.5817364830913554e-05 3.569256357878038e-27
2.641933744027406e-05 3.5700741560239596e-27
2.7035345991133382e-05 3.5708553752459696e-27
2.7665717753620915e-05 3.571601639634869e-27
2.8310787628685666e-05 3.572314500160659e-27
2.8970898326020842e-05 3.572995446195987e-27
2.964640054613707e-05 3.573645896086872e-27
3.033765316668089e-05 3.574267210967245e-27
3.104502343309761e-05 3.574860683796907e-27
3.176888715373972e-05 3.575427555577333e-27
3.25096288995246e-05 3.575969017529096e-27
3.326764220824756e-05 3.576486198195518e-27
3.4043329793658724e-05 3.576980186134472e-27
3.483710375941493e-05 3.5774520124478926e-27
3.5649385818020195e-05 3.577902673209943e-27
3.648060751487119e-05 3.578333104725922e-27
3.73312104575266e-05 3.578744222854485e-27
3.820164655032238e-05 3.579136883462603e-27
3.90923782344573e-05 3.579511916806492e-27
4.0003878733676586e-05 3.5798701032064576e-27
4.093663230568398e-05 3.580212207083056e-27
4.1891134499415887e-05 3.5805389493066236e-27
4.2867892418314344e-05 3.5808510063529724e-27
4.386742498973848e-05 3.581149041576925e-27
4.489026324065786e-05 3.58143368899075e-27
4.5936950579773975e-05 3.581705539634628e-27
4.700804308621986e-05 3.581965181693895e-27
4.8104109804991236e-05 3.5822131435138814e-27
4.922573304926602e-05 3.5824499665459474e-27
5.0373508709772956e-05 3.582676127720613e-27
5.154804657137365e-05 3.582892134863394e-27
5.27499706370262e-05 3.5830984259849976e-27
5.397991945930254e-05 3.583295429973221e-27
5.5238546479635675e-05 3.583483581827335e-27
5.6526520375476976e-05 3.583663277930047e-27
5.784452541554797e-05 3.5838348776222744e-27
5.9193261823375433e-05 3.583998765527913e-27
6.057344614930286e-05 3.5841552758619985e-27
6.198581165117595e-05 3.58430474663465e-27
6.34311086839044e-05 3.584447492942098e-27
6.491010509810695e-05 3.5845838176541695e-27
6.642358664805138e-05 3.5847140102894915e-27
6.797235740910648e-05 3.584838340102382e-27
6.955724020492732e-05 3.584957075414531e-27
7.117907704460117e-05 3.585070471218492e-27
7.283872956998614e-05 3.5851787502189024e-27
7.453707951348025e-05 3.585282172361819e-27
7.627502916646401e-05 3.5853809261869805e-27
7.805350185866558e-05 3.585475240815803e-27
7.987344244870308e-05 3.585565313081376e-27
8.173581782606456e-05 3.5856513348852296e-27
8.364161742479263e-05 3.585733473898524e-27
8.559185374914618e-05 3.585811918585399e-27
8.758756291151902e-05 3.585886818757197e-27
8.96298051829007e-05 3.58595836218135e-27
9.17196655561724e-05 3.586026677616037e-27
9.385825432253677e-05 3.586091931488102e-27
9.604670766138824e-05 3.58615423643615e-27
9.828618824393714e-05 3.586213736497973e-27
0.00010057788585090809 3.586270551214116e-27
0.00010292301800464121 3.586324812742977e-27
0.00010532283061593165 3.586376631060753e-27
0.00010777859864595113 3.5864261143470605e-27
0.00011029162678360347 3.5864733807498885e-27
0.00011286325013867351 3.5865185086115926e-27
0.00011549483495113791 3.586561597571965e-27
0.00011818777931701482 3.586602731354044e-27
0.0001209435139311377 3.586642058061739e-27
0.00012376350284724815 3.58667958095821e-27
0.00012664924425581149 3.586715435404702e-27
0.00012960227127996844 3.586749656309935e-27
0.00013262415279004548 3.586782344092339e-27
0.00013571649423705693 3.586813551205274e-27
0.0001388809385056415 3.586843368900807e-27
0.00014211916678688624 3.586871830350035e-27
0.00014543289947150178 3.586899015122562e-27
0.0001488238970638237 3.58692495961305e-27
0.00015229396111712465 3.5869497597699674e-27
0.00015584493519073535 3.586973444167271e-27
0.00015947870582948208 3.5869960357318524e-27
0.00016319720356596128 3.5870176157426915e-27
0.00016700240394618395 3.587038261272765e-27
0.00017089632857913436 3.58705792395898e-27
0.000174881046210801 3.587076723788368e-27
0.00017895867382325032 3.587094696689393e-27
0.0001831313777593269 3.587111825697e-27
0.00018740137487357792 3.587128203880346e-27
0.00019177093371001327 3.5871438374579075e-27
0.000196242375707327 3.587158783820559e-27
0.00020081807643222024 3.58717303133504e-27
0.00020550046684148122 3.587186646763e-27
0.0002102920345734925 3.587199631483182e-27
0.0002151953252698519 3.587212069607851e-27
0.00022021294392780895 3.587223931427639e-27
0.00022534755628423554 3.587235244110465e-27
0.0002306018902318662 3.587246074772486e-27
0.00023597873726856003 3.5872563808574156e-27
0.0002414809539803547 3.587266258863374e-27
0.0002471114635590999 3.5872756670446455e-27
0.00025287325735547713 3.587284655649307e-27
0.00025876939646823026 3.587293226348628e-27
0.00026480301337045197 3.5873014488724164e-27
0.000270977313573789 3.587309268466879e-27
0.00027729557733145163 3.587316768795273e-27
0.00028376116138093086 3.5873238755357256e-27
0.0002903775007273506 3.587330719193754e-27
0.00029714811046840066 3.587337201173994e-27
0.00030407658766182135 3.587343449139453e-27
0.00031116661323643183 3.587349391589082e-27
0.0003184219539477161 3.5873550660787946e-27
0.00032584646437900766 3.587360467185943e-27
0.00033344408898933415 3.587365645858645e-27
0.0003412188642090111 3.587370556671109e-27
0.0003491749205840977 3.5873752933049304e-27
0.0003573164849708539 3.587379800842891e-27
0.0003656478827813646 3.587384133774196e-27
0.0003741735402815245 3.58738822163091e-27
0.0003828979869426037 3.587392169000701e-27
0.000391825857847644 3.5873958780800916e-27
0.000400961896153964 3.587399452369151e-27
0.0004103109556130814 3.587402888246698e-27
0.0004198780031493915 3.587406128634459e-27
0.00042966812149897106 3.5874092393850684e-27
0.000439686511909911 3.5874122347669586e-27
0.0004499384969056106 3.5874150844463856e-27
0.00046042952311250296 3.587417793367286e-27
0.0004711651641537129 3.5874204081139585e-27
0.00048215112361018567 3.587422887609661e-27
0.0004933932380508582 3.5874251563487075e-27
0.0005048974801334842 3.5874274588383726e-27
0.0005166699617777604 3.587429642902341e-27
0.0005287169374124361 3.587431682518956e-27
0.0005410448072981404 3.587433649358064e-27
0.0005536601209276797 3.5874355539618175e-27
0.0005665695805056229 3.587437301688682e-27
0.0005797800445090163 3.58743899757459e-27
0.0005932985313311235 3.5874406526920124e-27
0.000607132223010125 3.5874421903532605e-27
0.0006212884690447563 3.587443703011578e-27
0.0006357747902989163 3.587445092959538e-27
0.0006505988829973161 3.587446427910822e-27
0.0006657686228142928 3.58744777484286e-27
0.0006812920690579615 3.5874490349443025e-27
0.0006971774689519261 3.587450187353759e-27
0.0007134332620168255 3.587451415884898e-27
0.0007300680845540431 3.587452344858091e-27
0.0007470907742339592 3.5874534429583575e-27
0.0007645103747911887 3.587454506080652e-27
0.0007823361408292924 3.587455417167294e-27
0.00080057754273752 3.587456291499394e-27
0.0008192442717221943 3.587457089952949e-27
0.0008383462449554094 3.5874579324828395e-27
0.0008578936108437789 3.587458701313434e-27
0.0008778967544200344 3.587459517760729e-27
0.000898366302860337 3.587460169312025e-27
0.0009193131311302326 3.5874609200122035e-27
0.0009407483677622533 3.587461465431128e-27
0.000962683400768232 3.5874620687186546e-27
0.000985129883689471 3.587462754797886e-27
0.0010080997417879817 3.5874632417070285e-27
0.0010316051783820807 3.5874638599966724e-27
0.0010556586813297128 3.587464335915559e-27
0.0010802730296629402 3.5874647583339474e-27
0.001105461300377127 3.5874652650354214e-27
0.0011312368753784248 3.587465758400595e-27
0.0011576134485932472 3.587466179811736e-27
0.0011846050332435167 3.5874666580362725e-27
