results/limits/Pino_h_phase.dat
# %ECSV 1.0
# ---
# datatype:
# - {name: mx, unit: MeV, datatype: float64}
# - {name: sigma, unit: cm2 MeV4, datatype: float64}
# schema: astropy-2.0
mx sigma
3.162277660168379e-07 2.8105898980559795e-49
3.2360111549336787e-07 2.810590374174509e-49
3.311463862505236e-07 2.810590872754851e-49
3.388675869043115e-07 2.8105913948567056e-49
3.4676881953794695e-07 2.8105919415897314e-49
3.548542818811901e-07 2.810592514115968e-49
3.6312826954049566e-07 2.810593113652255e-49
3.715951782811629e-07 2.8105937414728626e-49
3.8025950636269697e-07 2.8105943989121585e-49
3.89125856928623e-07 2.8105950873674635e-49
3.9819894045202297e-07 2.810595808302046e-49
4.0748357723809307e-07 2.8105965632481594e-49
4.169846999850535e-07 2.810597353810393e-49
4.2670735640476865e-07 2.810598181669001e-49
4.3665671190447213e-07 2.810599048583547e-49
4.4683805233101997e-07 2.810599956396558e-49
4.572567867791303e-07 2.810600907037531e-49
4.6791845046510194e-07 2.810601902526974e-49
4.788287076675383e-07 2.8106029449807233e-49
4.899933547366384e-07 2.8106040366144198e-49
5.014183231736547e-07 2.8106051797482373e-49
5.131096827821533e-07 2.8106063768118423e-49
5.250736448927506e-07 2.8106076303494963e-49
5.373165656630395e-07 2.810608943025508e-49
5.4984494945446e-07 2.810610317629862e-49
5.626654522879044e-07 2.8106117570842016e-49
5.757848853798981e-07 2.810613264447993e-49
5.892102187612295e-07 2.810614842925044e-49
6.029485849799565e-07 2.8106164958703058e-49
6.17007282890752e-07 2.8106182267970224e-49
6.313937815326057e-07 2.8106200393841753e-49
6.461157240969403e-07 2.8106219374843362e-49
6.611809319882495e-07 2.810623925131826e-49
6.765974089794179e-07 2.8106260065512754e-49
6.923733454639272e-07 2.8106281861666814e-49
7.085171228072106e-07 2.8106304686107087e-49
7.250373177994646e-07 2.8106328587346315e-49
7.419427072122865e-07 2.810635361618573e-49
7.592422724615558e-07 2.810637982582335e-49
7.769452043790388e-07 2.810640727196735e-49
7.950609080952509e-07 2.810643601295394e-49
8.135990080361694e-07 2.810646610987152e-49
8.325693530364543e-07 2.8106497626690945e-49
8.519820215718901e-07 2.81065306304011e-49
8.718473271138315e-07 2.810656519115128e-49
8.921758236084957e-07 2.8106601382400727e-49
9.12978311084014e-07 2.8106639281074278e-49
9.342658413882192e-07 2.8106678967726297e-49
9.560497240602198e-07 2.81067205267118e-49
9.78341532338879e-07 2.8106764046365647e-49
1.0011531093113902e-06 2.810680961919046e-49
1.0244965742052174e-06 2.8106857342053544e-49
1.048384328826741e-06 2.810690731639228e-49
1.0728290641500308e-06 2.8106959648430185e-49
1.0978437670592484e-06 2.8107014449402818e-49
1.1234417272482566e-06 2.810707183579368e-49
1.149636544281106e-06 2.810713192958274e-49
1.1764421348171486e-06 2.8107194858505202e-49
1.2038727400046132e-06 2.810726075632319e-49
1.2319429330465773e-06 2.8107329763110373e-49
1.2606676269433496e-06 2.8107402025549565e-49
1.2900620824153782e-06 2.810747769724473e-49
1.3201419160108953e-06 2.810755693904758e-49
1.3509231084026028e-06 2.810763991939978e-49
1.38242201287781e-06 2.8107726814690882e-49
1.4146553640265304e-06 2.810781780963355e-49
1.447640286632156e-06 2.8107913097656435e-49
1.4813943047694329e-06 2.8108012881315435e-49
1.5159353511145682e-06 2.8108117372724535e-49
1.5512817764724183e-06 2.8108226794006878e-49
1.587452359525819e-06 2.8108341377767383e-49
1.6244663168122348e-06 2.8108461367587076e-49
1.6623433129330315e-06 2.810858701854175e-49
1.7011034710007933e-06 2.8108718597743914e-49
1.740767383330235e-06 2.810885638491156e-49
1.7813561223783898e-06 2.8109000672962775e-49
1.8228912519398869e-06 2.810915176863916e-49
1.8653948386032614e-06 2.8109309993158215e-49
1.908889463474389e-06 2.8109475682896846e-49
1.9533982341732686e-06 2.810964919010701e-49
1.9989447971105317e-06 2.8109830883665172e-49
2.045553350050195e-06 2.8110021149857444e-49
2.0932486549653353e-06 2.8110220393201163e-49
2.1420560511935146e-06 2.8110429037306267e-49
2.192001468898943e-06 2.811064752577641e-49
2.2431114428485372e-06 2.811087632315331e-49
2.2954131265091837e-06 2.8111115915905396e-49
2.3489343064737076e-06 2.811136681346359e-49
2.403703417223201e-06 2.8111629549305336e-49
2.4597495562335635e-06 2.8111904682090903e-49
2.5171024994342686e-06 2.8112192796852298e-49
2.575792717027583e-06 2.8112494506239403e-49
2.635851389676631e-06 2.8112810451824357e-49
2.6973104250709106e-06 2.811314130546791e-49
2.760202474878063e-06 2.8113487770750615e-49
2.8245609520908932e-06 2.8113850584471288e-49
2.8904200487788716e-06 2.811423051821665e-49
2.9578147542535346e-06 2.8114628380005384e-49
3.026780873657441e-06 2.81150450160098e-49
3.097355046986562e-06 2.8115481312358882e-49
3.1695747685562034e-06 2.8115938197027227e-49
3.2434784069208122e-06 2.811641664181276e-49
3.319105225258239e-06 2.8116917664408773e-49
3.3964954022292982e-06 2.8117442330573865e-49
3.4756900533236943e-06 2.8117991756404287e-49
3.5567312527036693e-06 2.811856711071493e-49
3.6396620555569646e-06 2.8119169617532345e-49
3.7245265209709786e-06 2.8119800558706296e-49
3.811369735340273e-06 2.8120461276645294e-49
3.900237836319859e-06 2.8121153177181708e-49
3.991178037336996e-06 2.8121877732572865e-49
4.0842386526745176e-06 2.812263648464476e-49
4.179469123139017e-06 2.8123431048084927e-49
4.2769200423275275e-06 2.812426311389159e-49
4.376643183506652e-06 2.8125134452986758e-49
4.478691527118417e-06 2.8126046920001343e-49
4.583119288927478e-06 2.8127002457239647e-49
4.689981948824612e-06 2.8128003098832847e-49
4.799336280301815e-06 2.8129050975089937e-49
4.911240380614659e-06 2.813014831705574e-49
5.0257537016479225e-06 2.8131297461286016e-49
5.142937081500915e-06 2.813250085484989e-49
5.262852776809252e-06 2.8133761060570807e-49
5.385564495820272e-06 2.8135080762517552e-49
5.511137432239651e-06 2.813646277175662e-49
5.639638299867211e-06 2.813791003237983e-49
5.771135368040315e-06 2.8139425627819415e-49
5.905698497903673e-06 2.8141012787464677e-49
6.043399179524854e-06 2.8142674893595404e-49
6.184310569875183e-06 2.8144415488646752e-49
6.32850753169624e-06 2.8146238282821633e-49
6.47606667327258e-06 2.8148147162068408e-49
6.627066389131828e-06 2.815014619644011e-49
6.781586901693754e-06 2.815223964885554e-49
6.939710303890459e-06 2.8154431984280154e-49
7.101520602780329e-06 2.815672787934868e-49
7.267103764178904e-06 2.815913223245007e-49
7.436547758330399e-06 2.816165017429787e-49
7.609942606644117e-06 2.8164287079010026e-49
7.787380429520604e-06 2.816704857572256e-49
7.968955495292936e-06 2.8169940560764063e-49
8.15476427030917e-06 2.817296921041819e-49
8.344905470182516e-06 2.8176140994303885e-49
8.539480112236516e-06 2.817946268940278e-49
8.738591569173047e-06 2.8182941394767594e-49
8.942345623991688e-06 2.8186584546943687e-49
9.150850526189614e-06 2.8190399936140574e-49
9.364217049271877e-06 2.81943957231905e-49
9.58255854960264e-06 2.8198580457333357e-49
9.805991026628606e-06 2.8202963094869862e-49
1.0034633184506672e-05 2.820755301872636e-49
1.0268606495168497e-05 2.8212360058977943e-49
1.0508035262855554e-05 2.8217394514377663e-49
1.07530466901589e-05 2.8222667174943736e-49
1.1003770945598772e-05 2.82281893456585e-49
1.1260341232779899e-05 2.8233972871335553e-49
1.1522893861159297e-05 2.824003016271611e-49
1.1791568318464117e-05 2.824637422385679e-49
1.206650734479802e-05 2.825301868087667e-49
1.2347857008475478e-05 2.8259977812133297e-49
1.263576678362426e-05 2.8267266579903098e-49
1.293038962959737e-05 2.8274900663643866e-49
1.3231882072236462e-05 2.8282896494923723e-49
1.3540404287030327e-05 2.8291271294103512e-49
1.3856120184212054e-05 2.8300043108865965e-49
1.4179197495840522e-05 2.830923085469064e-49
1.4509807864912299e-05 2.8318854357377678e-49
1.484812693655133e-05 2.832893439773162e-49
1.5194334451324849e-05 2.8339492758521457e-49
1.5548614340735104e-05 2.8350552273841238e-49
1.5911154824937624e-05 2.836213688100189e-49
1.6282148512737936e-05 2.837427167509342e-49
1.6661792503919872e-05 2.838698296636564e-49
1.7050288493959805e-05 2.840029834058368e-49
1.7447842881182494e-05 2.8414246722524348e-49
1.785466687641539e-05 2.8428858442791157e-49
1.8270976615199758e-05 2.8444165308134676e-49
1.869699327261814e-05 2.8460200675479122e-49
1.91329431807992e-05 2.8476999529867067e-49
1.957905794916243e-05 2.8494598566549283e-49
2.003557458746648e-05 2.8513036277460198e-49
2.0502735631726606e-05 2.853235304233626e-49
2.0980789273068064e-05 2.8552591224751344e-49
2.1469989489583918e-05 2.8573795273361232e-49
2.1970596181267336e-05 2.8596011828668997e-49
2.2482875308090033e-05 2.8619289835645073e-49
2.3007099031300245e-05 2.864368066255741e-49
2.354354585801526e-05 2.8669238226393073e-49
2.4092500789185385e-05 2.8696019125278038e-49
2.4654255471007912e-05 2.8724082778331684e-49
2.5229108349871537e-05 2.8753491573422758e-49
2.5817364830913554e-05 2.87843110233273e-49
2.641933744027406e-05 2.881660993082522e-49
2.7035345991133382e-05 2.8850460563312034e-49
2.7665717753620915e-05 2.8885938837542995e-49
2.8310787628685666e-05 2.892312451517501e-49
2.8970898326020842e-05 2.8962101409819507e-49
2.964640054613707e-05 2.9002957606375114e-49
3.033765316668089e-05 2.9045785693465843e-49
3.104502343309761e-05 2.909068300987561e-49
3.176888715373972e-05 2.913775190593788e-49
3.25096288995246e-05 2.9187100020914806e-49
3.326764220824756e-05 2.9238840577481383e-49
3.4043329793658724e-05 2.9293092694519104e-49
3.483710375941493e-05 2.93499817195199e-49
3.5649385818020195e-05 2.9409639582006572e-49
3.648060751487119e-05 2.947220516948984e-49
3.73312104575266e-05 2.9537824727607365e-49
3.820164655032238e-05 2.960665228622597e-49
3.90923782344573e-05 2.967885011343654e-49
4.0003878733676586e-05 2.975458919953315e-49
4.093663230568398e-05 2.9834049773244865e-49
4.1891134499415887e-05 2.9917421852681315e-49
4.2867892418314344e-05 3.0004905833664936e-49
4.386742498973848e-05 3.0096713118352795e-49
4.489026324065786e-05 3.0193066787303395e-49
4.5936950579773975e-05 3.0294202318420437e-49
4.700804308621986e-05 3.0400368356506756e-49
4.8104109804991236e-05 3.0511827537493215e-49
4.922573304926602e-05 3.0628857371769247e-49
5.0373508709772956e-05 3.075175119143885e-49
5.154804657137365e-05 3.088081916676094e-49
5.27499706370262e-05 3.101638939750946e-49
5.397991945930254e-05 3.1158809085512826e-49
5.5238546479635675e-05 3.130844579520425e-49
5.6526520375476976e-05 3.146568880964559e-49
5.784452541554797e-05 3.1630950590176942e-49
5.9193261823375433e-05 3.180466834860276e-49
6.057344614930286e-05 3.1987305741657346e-49
6.198581165117595e-05 3.2179354698406304e-49
6.34311086839044e-05 3.238133739224351e-49
6.491010509810695e-05 3.2593808370244666e-49
6.642358664805138e-05 3.2817356853848402e-49
6.797235740910648e-05 3.3052609226163656e-49
6.955724020492732e-05 3.3300231722660075e-49
7.117907704460117e-05 3.3560933343599995e-49
7.283872956998614e-05 3.3835469008327023e-49
7.453707951348025e-05 3.4124642973454917e-49
7.627502916646401e-05 3.4429312539116815e-49
7.805350185866558e-05 3.475039206975378e-49
7.987344244870308e-05 3.5088857358467686e-49
8.173581782606456e-05 3.5445750366747806e-49
8.364161742479263e-05 3.582218437443437e-49
8.559185374914618e-05 3.621934957812144e-49
8.758756291151902e-05 3.6638519179852375e-49
8.96298051829007e-05 3.708105601195123e-49
9.17196655561724e-05 3.754841974818563e-49
9.385825432253677e-05 3.804217475620266e-49
9.604670766138824e-05 3.8563998651343805e-49
9.828618824393714e-05 3.911569161756148e-49
0.00010057788585090809 3.96991865672527e-49
0.00010292301800464121 4.031656021842789e-49
0.00010532283061593165 4.097004517477063e-49
0.00010777859864595113 4.1662043101844924e-49
0.00011029162678360347 4.2395139100993356e-49
0.00011286325013867351 4.317211739136606e-49
0.00011549483495113791 4.399597842003991e-49
0.00011818777931701482 4.486995753034584e-49
0.0001209435139311377 4.5797545329321695e-49
0.00012376350284724815 4.6782509906648985e-49
0.00012664924425581149 4.7828921069504625e-49
0.00012960227127996844 4.89411767704418e-49
0.00013262415279004548 5.012403191868443e-49
0.00013571649423705693 5.138262977903595e-49
0.0001388809385056415 5.272253617692579e-49
0.00014211916678688624 5.414977674289341e-49
0.00014543289947150178 5.567087744499561e-49
0.0001488238970638237 5.729290867316845e-49
0.00015229396111712465 5.9023533155457016e-49
0.00015584493519073535 6.087105800223536e-49
0.00015947870582948208 6.284449119111983e-49
0.00016319720356596128 6.495360282232412e-49
0.00016700240394618395 6.720899149190385e-49
0.00017089632857913436 6.962215614898254e-49
0.000174881046210801 7.220557382308604e-49
0.00017895867382325032 7.49727836297479e-49
0.0001831313777593269 7.793847748742387e-49
0.00018740137487357792 8.111859800753664e-49
0.00019177093371001327 8.453044405352108e-49
0.000196242375707327 8.819278450569114e-49
0.00020081807643222024 9.212598081853668e-49
0.00020550046684148122 9.635211901789429e-49
0.0002102920345734925 1.0089515185973736e-48
0.0002151953252698519 1.057810519626696e-48
0.00022021294392780895 1.1103797683515524e-48
0.00022534755628423554 1.1669644684850049e-48
0.0002306018902318662 1.2278953735969624e-48
0.00023597873726856003 1.2935308636592904e-48
0.0002414809539803547 1.364259192755751e-48
0.0002471114635590999 1.44050092608477e-48
0.00025287325735547713 1.5227115868978957e-48
0.00025876939646823026 1.6113845367392845e-48
0.00026480301337045197 1.7070541152427048e-48
0.000270977313573789 1.810299068753901e-48
0.00027729557733145163 1.9217463001237386e-48
0.00028376116138093086 2.042074975107706e-48
0.0002903775007273506 2.1720210238642027e-48
0.00029714811046840066 2.3123820790370907e-48
0.00030407658766182135 2.4640228948309707e-48
0.00031116661323643183 2.627881294364861e-48
0.0003184219539477161 2.80497469548164e-48
0.00032584646437900766 2.996407268194528e-48
0.00033344408898933415 3.203377780200852e-48
0.0003412188642090111 3.4271881905491784e-48
0.0003491749205840977 3.6692530557894844e-48
0.0003573164849708539 3.9311098179539425e-48
0.0003656478827813646 4.21443004968698e-48
0.0003741735402815245 4.5210317389246083e-48
0.0003828979869426037 4.8528927038393304e-48
0.000391825857847644 5.2121652384030675e-48
0.000400961896153964 5.601192099920978e-48
0.0004103109556130814 6.022523962261531e-48
0.0004198780031493915 6.478938472234364e-48
0.00042966812149897106 6.973461061617845e-48
0.000439686511909911 7.509387683689726e-48
0.0004499384969056106 8.090309660767494e-48
0.00046042952311250296 8.72014084826211e-48
0.0004711651641537129 9.403147341182815e-48
0.00048215112361018567 1.0143979971053344e-47
0.0004933932380508582 1.0947709865019969e-47
0.0005048974801334842 1.1819867364808298e-47
0.0005166699617777604 1.276648463141789e-47
0.0005287169374124361 1.3794142292356614e-47
0.0005410448072981404 1.4910020522152775e-47
0.0005536601209276797 1.6121954984186146e-47
0.0005665695805056229 1.7438498102905516e-47
0.0005797800445090163 1.8868986180599319e-47
0.0005932985313311235 2.0423612922428223e-47
0.000607132223010125 2.211350998779953e-47
0.0006212884690447563 2.3950835245777697e-47
0.0006357747902989163 2.594886947754589e-47
0.0006505988829973161 2.8122122340457754e-47
0.0006657686228142928 3.0486448486515267e-47
0.0006812920690579615 3.305917481378911e-47
0.0006971774689519261 3.5859239923052885e-47
0.0007134332620168255 3.890734695447738e-47
0.0007300680845540431 4.2226131091458353e-47
0.0007470907742339592 4.584034314143092e-47
0.0007645103747911887 4.977705073786058e-47
0.0007823361408292924 5.406585885458342e-47
0.00080057754273752 5.873915148451193e-47
0.0008192442717221943 6.383235651075907e-47
0.0008383462449554094 6.938423599093377e-47
0.0008578936108437789 7.543720428636569e-47
0.0008778967544200344 8.20376766991238e-47
0.000898366302860337 8.923645153291414e-47
0.0009193131311302326 9.70891287714959e-47
0.0009407483677622533 1.056565688726087e-46
0.000962683400768232 1.1500539550928725e-46
0.000985129883689471 1.2520854645688275e-46
0.0010080997417879817 1.3634587722646435e-46
0.0010316051783820807 1.4850482248723187e-46
0.0010556586813297128 1.6178112080621947e-46
0.0010802730296629402 1.7627960876738956e-46
0.001105461300377127 1.9211509111913153e-46
0.0011312368753784248 2.0941329424456415e-46
