results/limits/Pino_f_6.dat
# %ECSV 1.0
# ---
# datatype:
# - {name: mx, unit: MeV, datatype: float64}
# - {name: sigma_6, unit: cm2, datatype: float64}
# schema: astropy-2.0
mx sigma_6
[from data line 358]
0.0012122259692915415 1.7301126440218745e-40
0.0012404909310584848 1.7688076731608433e-40
0.0012694149350204683 1.8067165902957866e-40
0.0012990133477864558 1.8437395430089096e-40
0.0013293018942621524 1.8797786763436506e-40
0.001360296666004259 1.914738759229594e-40
0.001392014129769518 1.948527795775522e-40
0.0014244711362630968 1.9810576141698387e-40
0.0014576849290909482 2.012244423868222e-40
0.0014916731539209149 2.042009333302332e-40
0.0015264538678574353 2.070278823880797e-40
0.0015620455490348386 2.09698517675209e-40
0.0015984671064343198 2.1220668479021404e-40
0.0016357378899298156 2.145468784532604e-40
0.0016738777005681136 2.1671426816712606e-40
0.0017129068010886602 2.1870471779925014e-40
0.0017528459266886532 2.2051479912571814e-40
0.00179371629603914 2.221417991184148e-40
0.0018355396225579732 2.235837210421939e-40
0.0018783381259456144 2.248392797307759e-40
0.0019221345439899109 2.2590789134137513e-40
0.001966952144646121 2.267896577046046e-40
0.0020128147383986056 2.2748534572418077e-40
0.002059746690910748 2.2799636238896048e-40
0.0021077729359698315 2.2832472579301865e-40
0.0021569189887337423 2.2847303258989815e-40
0.002207210959286545 2.284444225059145e-40
0.0022586755665101248 2.282425404502922e-40
0.0023113401522792685 2.2787149665205513e-40
0.0023652326959877285 2.2733582540764246e-40
0.0024203818294129824 2.266404429601784e-40
0.0024768168519275916 2.257906049093075e-40
0.002534567746065232 2.247918636489387e-40
0.0025936651934496745 2.2365002624711904e-40
0.0026541405910951734 2.2237111309058472e-40
0.0027160260680869266 2.2096131767729227e-40
0.0027793545026504624 2.19426967820317e-40
0.002844159539619031 2.17774488504733e-40
0.0029104756083082714 2.1601036663060837e-40
0.0029783379408076585 2.141411177755967e-40
0.0030477825906984404 2.121732551307707e-40
0.0031188464522080173 2.101132606845969e-40
0.0031915672798109355 2.0796755871724214e-40
0.0032659837082868936 2.0574249163329233e-40
0.003342135273246469 2.0344429812419844e-40
0.0034200624321353945 2.0107909364156537e-40
0.0034998065857286074 1.986528531243197e-40
0.0035814101001254554 1.9617139591977907e-40
0.003664916329257761 1.9364037280972357e-40
0.0037503696379226933 1.91065255050499e-40
0.0038378154253526898 1.8845132531827685e-40
0.003927300149334948 1.858036704485394e-40
0.004018871350893299 1.8312717585062841e-40
0.00411257767954558 1.8042652147591087e-40
0.004208468919149921 1.7770617921779524e-40
0.004306596014353682 1.7497041161999426e-40
0.004407011097659079 1.7222327177355725e-40
0.004509767517119906 1.694686042841496e-40
0.004614919864684026 1.6671004719574437e-40
0.004722524005196735 1.6395103476156548e-40
0.004832637106080367 1.6119480095781847e-40
0.004945317667705937 1.5844438364179904e-40
0.005060625554472947 1.5570262926190081e-40
0.005178622026613854 1.5297219803307624e-40
0.005299369772740128 1.502555694976574e-40
0.005422932943147155 1.4755504839773454e-40
0.0055493771838957115 1.4487277079143117e-40
0.00567876967168809 1.422107103514543e-40
0.005811179149557424 1.3957068479016855e-40
0.0059466759633891655 1.3695436236105167e-40
0.006085332099294114 1.3436326839173727e-40
0.006227221221852859 1.317987918089089e-40
0.006372418713251954 1.292621916200691e-40
0.006521001713332612 1.2675460332165245e-40
0.006673049160573193 1.2427704520707858e-40
0.006828641834027273 1.218304245521586e-40
0.006987862396239558 1.194155436587733e-40
0.00715079543716245 1.1703310574094627e-40
0.007317527519096606 1.1468372064034844e-40
0.007488147222679345 1.1236791036091188e-40
0.007662745193945353 1.100861144145972e-40
0.007841414192484688 1.0783869497249103e-40
0.008024249140723652 1.056259418172947e-40
0.008211347174354735 1.0344807709494172e-40
0.008402807693942412 1.0130525986455091e-40
0.008598732417732204 9.919759044720548e-41
0.008799225435691074 9.71251145751657e-41
0.009004393264807849 9.508782734407057e-41
0.009214344905683071 9.308567697150424e-41
0.009429191900438323 9.111856836598255e-41
0.009649048391975805 8.918636651098224e-41
0.009874031184619632 8.728889966909611e-41
0.010104259806171096 8.54259624117668e-41
0.01033985657141083 8.359731848033174e-41
0.010580946647081629 8.180270348432793e-41
0.010827658118386449 8.004182744314043e-41
0.011080122057036918 7.831437717717404e-41
0.011338472590888495 7.662001855476005e-41
0.01160284697519928 7.495839860100229e-41
0.01187338566555036 7.332914747472994e-41
0.012150232392466372 7.173188031964168e-41
0.012433534237775993 7.016619899562982e-41
0.01272344171275288 6.863169369614629e-41
0.013020108838078586 6.712794445733164e-41
0.013323693225669961 6.565452256446979e-41
0.013634356162414448 6.421099186116435e-41
0.013952262695857842 6.279690996645262e-41
0.014277581721889965 6.141182940489149e-41
0.014610486074474885 6.005529865445916e-41
0.014951152617473332 5.872686311692628e-41
0.015299762338606094 5.742606601515886e-41
0.015656500445608335 5.615244922162238e-41
0.016021556464625875 5.490555402216631e-41
0.016395124340905766 5.368492181898285e-41
0.016777402541834602 5.249009477644631e-41
0.017168594162379338 5.132061641336225e-41
0.01756890703298664 5.017603214497715e-41
0.017978553829998065 4.905588977793211e-41
0.01839775218863974 4.795973996117404e-41
0.01882672481864659 4.688713659568333e-41
0.01926569962258253 4.583763720571869e-41
0.019714909816919448 4.4810803274134205e-41
0.020174594055939365 4.38062005441809e-41
0.02064499655852557 4.2823399290069034e-41
0.021126367237910063 4.18619745584356e-41
0.021618961834446313 4.0921506382741e-41
0.02212304205147776 4.000157997249481e-41
0.022638875694374342 3.910178587910322e-41
0.0231667368128109 3.8221720140018786e-41
0.02370690584636297 3.7360984402773435e-41
0.024259669773497434 3.6519186030379006e-41
0.024825322264037063 3.56959381894863e-41
0.025404163835180054 3.489085992260797e-41
0.025996502011157406 3.4103576205627683e-41
0.026602651486612925 3.333371799174106e-41
0.027222934293792744 3.2580922242899003e-41
0.027857679973633073 3.1844831949756304e-41
0.02850722575083718 3.1125096141062037e-41
0.02917191671303455 3.042136988336694e-41
0.029852105994117403 2.9733314271865014e-41
0.030548154961852016 2.9060596413131957e-41
0.031260433409864494 2.8402889400471363e-41
0.031989319754103004 2.775987228253219e-41
0.0327352012338808 2.713123002581374e-41
0.03349847411760691 2.651665347163479e-41
0.034279543913313774 2.5915839288099957e-41
0.03507882558409363 2.5328489917562046e-41
0.03589674376855814 2.4754313520041585e-41
0.03673373300643846 2.4193023913033214e-41
0.037590237969445384 2.3644340508097103e-41
0.038466713697512506 2.310798824460444e-41
0.03936362584054766 2.258369752097974e-41
0.04028145090582124 2.207120412375655e-41
0.04122067651112274 2.1570249154739783e-41
0.04218180164382002 2.1080578956545756e-41
0.043165336925959 2.0601945036770546e-41
0.044171804885544536 2.0134103991017423e-41
0.04520174023414663 1.9676817424996348e-41
0.046255690150979495 1.9229851875892e-41
0.047334214573604344 1.8792978733180307e-41
0.048437886495410414 1.8365974159059776e-41
0.04956729227003216 1.7948619008649291e-41
0.05072303192286451 1.754069875009205e-41
0.051905719469841495 1.7142003384693183e-41
0.05311598324364777 1.6752327367207398e-41
0.05435446622753626 1.6371469526383105e-41
0.05562182639692926 1.599923298585968e-41
0.056918737068984544 1.5635425085505647e-41
0.058245887260312136 1.5279857303277276e-41
0.05960398205303182 1.493234517766986e-41
0.06099374296936585 1.4592708230826205e-41
0.06241590835496589 1.4260769892360498e-41
0.06387123377117784 1.3936357423949972e-41
0.06536049239645289 1.3619301844740538e-41
0.06688447543711816 1.3309437857607753e-41
0.06844399254772507 1.300660377630925e-41
0.0700398722611988 1.271064145356071e-41
0.0716729624290174 1.2421396210062927e-41
0.07334413067165428 1.213871676450385e-41
0.07505426483952363 1.1862455164555884e-41
0.07680427348467332 1.1592466718885564e-41
0.07859508634347626 1.1328609930189639e-41
0.08042765483057629 1.1070746429268714e-41
0.08230295254435131 1.0818740910147437e-41
0.08422197578416211 1.0572461066247336e-41
0.08618574407966152 1.0331777527616743e-41
0.08819530073244539 1.0096563799220135e-41
0.09025171337033296 9.866696200287171e-42
0.09235607451457113 9.642053804720465e-42
0.09450950216026408 9.422518382559477e-42
0.09671314037033632 9.207974342496215e-42
0.09896815988334524 8.998308675438031e-42
0.10127575873546546 8.79341089911056e-42
0.10363716289697593 8.593173003693904e-42
0.10605362692358762 8.397489398483407e-42
0.10852643462295801 8.206256859566255e-42
0.11105689973674641 8.019374478503714e-42
0.11364636663857243 7.836743612008683e-42
0.11629621104824843 7.658267832607444e-42
0.1190078407626656 7.483852880274042e-42
0.12178269640372161 7.313406615025043e-42
0.12462225218368743 7.146838970462456e-42
0.1275280166884199 6.984061908251842e-42
0.13050153367883624 6.824989373522606e-42
0.1335443829110759 6.669537251177067e-42
0.13665818097578622 6.517623323094773e-42
0.13984458215697693 6.3691672262184e-42
0.14310527931090045 6.224090411507334e-42
0.14644200476542463 6.082316103744906e-42
0.14985653124037576 5.943769262185497e-42
0.15335067278934078 5.808376542027136e-42
0.1569262857634292 5.676066256695847e-42
0.1605852697975066 5.546768340927371e-42
0.16432956881942368 5.420414314632447e-42
0.16816117208277714 5.2969372475314416e-42
0.172082115223751 5.17627172454466e-42
0.1760944813425998 5.0583538119241956e-42
0.1802004021103484 4.9431210241136776e-42
0.18440205890129596 4.8305122913223566e-42
0.18870168395192646 4.7204679277997335e-42
0.1931015615468407 4.612929600797558e-42
0.1976040292323402 4.5078403002057746e-42
0.20221147905830805 4.4051443088492864e-42
0.20692635884904578 4.304787173432626e-42
0.21175117350374192 4.206715676119586e-42
0.2166884863272632 4.1108778067352695e-42
0.22174092039197504 4.017222735577954e-42
0.22691115993131514 3.925700786828512e-42
0.23220195176586036 3.8362634125452024e-42
0.2376161067626448 3.748863167231914e-42
0.24315650132850383 3.663453682967948e-42
0.24882607893823822 3.579989645087936e-42
0.25462785169840935 3.498426768400263e-42
0.2605649019475973 3.418721773932893e-42
0.26664038389397104 3.340832366195521e-42
0.27285752529104135 3.264717210947149e-42
0.2792196291524867 3.190335913458478e-42
0.2857300755069626 3.117648997258584e-42
0.2923923231938275 3.0466178833555814e-42
0.2992099117007387 2.977204869921167e-42
0.3061864630440946 2.909373112429147e-42
0.31332568369332287 2.8430866042381203e-42
0.32063136654003577 2.7783101576088425e-42
0.3281073929131 2.715009385146827e-42
0.3357577346406907 2.65315068166101e-42
0.343586456160426 2.5927012064294434e-42
0.3515977166787018 2.5336288658631432e-42
0.359795772380376 2.4759022965594548e-42
0.368184978689974 2.4194908487364144e-42
0.3767697925856183 2.364364570039735e-42
0.38555477496691104 2.310494189714303e-42
0.394544593078027 2.2578511031321372e-42
0.4037440229873054 2.2064073566689817e-42
0.4131579521246571 2.1561356329218526e-42
0.42279138187813525 2.1070092362600174e-42
0.43264943025104924 2.0590020787020135e-42
0.4427373345810337 2.012088666111509e-42
0.4530604543225162 1.966244084704948e-42
0.4636242738940635 1.921443987864024e-42
0.47443440559211736 1.877664583246238e-42
0.48549659257266914 1.8348826201869268e-42
0.4968167119024568 1.7930753773861953e-42
0.5084007776813051 1.7522206508745078e-42
0.5202549442372687 1.7122967422506094e-42
0.5323855093962742 1.673282447185805e-42
0.5447989178279997 1.6351570441885196e-42
0.557501764469769 1.5979002836234434e-42
0.5705007980302781 1.561492376979442e-42
0.5838029245750183 1.5259139863807465e-42
0.5974152111952977 1.4911462143359106e-42
0.6113448897628128 1.4571705937192283e-42
0.6255993607717623 1.4239690779793646e-42
0.6401861972705483 1.3915240315701177e-42
0.6551131488851486 1.3598182205983098e-42
0.6703881459363026 1.3288348036839014e-42
0.686019303652694 1.298557323027578e-42
0.7020149264823721 1.2689696956811115e-42
0.7183835125046995 1.2400562050159496e-42
0.7351337579451718 1.2118014923855421e-42
0.7522745617955077 1.1841905489770249e-42
0.7698150305414633 1.1572087078480393e-42
0.7877644830008832 1.1308416361444348e-42
0.8061324552745581 1.1050753274948195e-42
0.8249287058125218 1.0798960945779436e-42
0.8441632205984669 1.0552905618590135e-42
0.8638462184550629 1.031245658491099e-42
0.8839881564729563 1.0077486113779324e-42
0.9045997355663667 9.847869383944079e-43
0.9256919061582187 9.623484417612447e-43
0.9472758739978306 9.404212015702996e-43
0.9693631061142522 9.18993569457129e-43
0.9919653369084147 8.980541624174568e-43
1.0150945743873274 8.775918567642975e-43
1.0387631065436362 8.575957822225306e-43
1.0629835078839296 8.380553161578206e-43
1.0877686461092637 8.189600779368378e-43
1.1131316889514546 8.002999234157925e-43
1.1390861111687691 7.820649395543747e-43
1.16564570170473 7.642454391522603e-43
1.1928245710138414 7.468319557053882e-43
1.2206371585581264 7.29815238379307e-43
1.2490982404784545 7.1318624709691265e-43
1.2782229374447416 6.969361477380047e-43
1.3080267226891875 6.810563074480883e-43
1.3385254302268237 6.655382900539809e-43
1.369735263267732 6.503738515837581e-43
1.4016728028254128 6.355549358886959e-43
1.4343550165258654 6.210736703648765e-43
1.4677992676220706 6.069223617722001e-43
1.5020233242186567 5.930934921485836e-43
1.5370453687116559 5.795797148171858e-43
1.5728840074483612 5.663738504845476e-43
1.6095582806124205 5.534688834275627e-43
1.6470876723394143 5.4085795776729045e-43
1.6854921210682972 5.2853437382759974e-43
1.7247920301341966 5.1649158457674354e-43
1.7650082786082029 5.0472319214996366e-43
1.8061622323899016 4.932229444512819e-43
1.848275755558551 4.8198473183268325e-43
1.8913712219889245 4.710025838489282e-43
1.935471527238 4.602706660862693e-43
1.9806001007088037 4.497832770633919e-43
2.0267809180978715 4.395348452029427e-43
2.0740385141329463 4.295199258720281e-43
2.1223979956076717 4.197331984901234e-43
2.171885054720213 4.101694637028517e-43
2.222525982722885 4.0082364062013545e-43
2.274347683890048 3.916907641172573e-43
2.327377689811681 3.827659821973966e-43
2.3816441740202396 3.7404455341423834e-43
2.437175966958554 3.655218443532991e-43
2.4940025712967335 3.5719332717061638e-43
2.552154177606206 3.4905457718751e-43
2.611661680399223 3.4110127054013036e-43
2.6725566945423505 3.3332918188255077e-43
2.7348715720526675 3.257341821421819e-43
2.7986394192855935 3.1831223632631884e-43
2.863894114523477 3.110594013786534e-43
2.9306703259742912 3.039718240846187e-43
2.999003530189995 2.970457390244531e-43
3.068930030914351 2.9027746657289023e-43
3.1404869783702067 2.8366341094442216e-43
3.21371238899649 2.772000582830945e-43
3.2886451656454048 2.708839747958151e-43
3.3653251182505572 2.647118049281939e-43
3.443792984976987 2.586802695819375e-43
3.5240904538643507 2.527861643728548e-43
3.6062601849747473 2.470263579285512e-43
3.6903458330569543 2.4139779022490423e-43
3.77639207073912 2.3589747096043736e-43
3.8644446122622242 2.30522477967731e-43
3.9545502377669295 2.2526995566102533e-43
4.046756818146711 2.2013711351919127e-43
4.141113340480481 2.1512122460326294e-43
4.237669934058216 2.1021962410774753e-43
4.336477897013409 2.054297079449372e-43
4.437589723576497 2.0074893136147884e-43
4.541059131963759 1.9617480758646064e-43
4.646941092916466 1.917049065102994e-43
4.755291858905486 1.873368533937295e-43
4.866168994016832 1.8306832760620404e-43
4.979631404534034 1.7889706139304068e-43
5.0957393702336 1.7482083867065529e-43
5.214554576410165 1.708374938492475e-43
5.336140146648369 1.669449106823058e-43
5.4605606763588606 1.6314102114232907e-43
5.587882267096237 1.5942380432216288e-43
5.718172561677172 1.5579128536136592e-43
5.851500780117376 1.5224153439704096e-43
5.987937756406471 1.4877266553856795e-43
6.127555976140354 1.4538283586569772e-43
6.270429615030991 1.4207024444947524e-43
6.416634578314149 1.3883313139546706e-43
6.566248541075969 1.3566977690879033e-43
6.719350989519823 1.3257850038044581e-43
6.87602326319537 1.2955765949446388e-43
7.036348598212252 1.266056493553994e-43
