results/limits/Pino_l_phase.dat
# %ECSV 1.0
# ---
# datatype:
# - {name: mx, unit: MeV, datatype: float64}
# - {name: sigma_10, unit: cm2, datatype: float64}
# - {name: sigma_9, unit: cm2, datatype: float64}
# - {name: sigma_7, unit: cm2, datatype: float64}
# - {name: sigma_6, unit: cm2, datatype: float64}
# - {name: sigma_5, unit: cm2, datatype: float64}
# - {name: sigma_4, unit: cm2, datatype: float64}
# - {name: sigma_3, unit: cm2, datatype: float64}
# - {name: sigma_2, unit: cm2, datatype: float64}
# schema: astropy-2.0
mx sigma_10 sigma_9 sigma_7 sigma_6 sigma_5 sigma_4 sigma_3 sigma_2
[from data line 398]
0.0030477825906984404 3.736740301098723e-49 4.516270402611811e-49 7.749581809730693e-49 1.2068844090524934e-48 2.6880999785251968e-48 2.767698831358296e-47 4.3769735553054107e-45 9.576244909499433e-45
0.0031188464522080173 3.743177698220656e-49 4.525677170924855e-49 7.777320070078743e-49 1.2136193369676918e-48 2.7202849981106674e-48 2.8913639635320125e-47 4.771762229127711e-45 1.0487712803664108e-44
0.0031915672798109355 3.749638664148387e-49 4.5351251829414945e-49 7.805263448117876e-49 1.2204310257427834e-48 2.753201525546857e-48 3.0223783757401983e-47 5.203069277984444e-45 1.1486516667160928e-44
0.0032659837082868936 3.7561232676489425e-49 4.544614621342852e-49 7.833413961864516e-49 1.2273207195703577e-48 2.7868724302271894e-48 3.1612515729175975e-47 5.674333406681248e-45 1.2581057494801865e-44
0.003342135273246469 3.762631580285551e-49 4.554145673649312e-49 7.861773667349179e-49 1.2342896920803544e-48 2.821321479373774e-48 3.30853222974598e-47 6.189321122078483e-45 1.3780546069202873e-44
0.0034200624321353945 3.769163676353881e-49 4.563718532114756e-49 7.890344658936436e-49 1.2413392470690334e-48 2.8565733789071697e-48 3.4648114209770226e-47 6.752158211454972e-45 1.5095081095659766e-44
0.0034998065857286074 3.775719632755289e-49 4.573333393652941e-49 7.91912906967234e-49 1.248470719254156e-48 2.892653816449624e-48 3.6307261305465183e-47 7.36736425354621e-45 1.6535734879733505e-44
0.0035814101001254554 3.782299529022666e-49 4.582990459760982e-49 7.948129071679894e-49 1.2556854750571642e-48 2.9295895065852456e-48 3.806963064147258e-47 8.039890454641232e-45 1.811464727583179e-44
0.003664916329257761 3.7889034471800836e-49 4.592689936443618e-49 7.977346876540949e-49 1.2629849134130908e-48 2.967408238508532e-48 3.9942627921291457e-47 8.7751611303185e-45 1.984512870540796e-44
0.0037503696379226933 3.795531471709214e-49 4.6024320341410416e-49 8.0067847357195e-49 1.2703704666093777e-48 3.0061389262010035e-48 4.1934242519922076e-47 9.579119184319438e-45 2.1741773120524239e-44
0.0038378154253526898 3.8021836894997425e-49 4.612216967667494e-49 8.036444941006812e-49 1.277843601154425e-48 3.045811661284742e-48 4.405309642349478e-47 1.0458275969962847e-44 2.382058187309986e-44
0.003927300149334948 3.8088601897869834e-49 4.622044956143938e-49 8.066329824968548e-49 1.2854058186767058e-48 3.0864577687112805e-48 4.630849743080878e-47 1.1419765956682544e-44 2.609909954290583e-44
0.004018871350893299 3.8155610640738695e-49 4.6319162229437094e-49 8.096441761448254e-49 1.2930586568560077e-48 3.1281098654545174e-48 4.871049699497788e-47 1.2471406665041393e-44 2.8596562879063756e-44
0.00411257767954558 3.822286406138168e-49 4.6418309956383166e-49 8.126783166062869e-49 1.300803690387335e-48 3.170801922387459e-48 5.126995311713939e-47 1.3621764378284772e-44 3.133406412132397e-44
0.004208468919149921 3.8290363119192674e-49 4.6517895059420904e-49 8.157356496728244e-49 1.3086425319789457e-48 3.214569329534307e-48 5.39985987409671e-47 1.4880226187525454e-44 3.4334730089683646e-44
0.004306596014353682 3.83581087951872e-49 4.661791989666687e-49 8.188164254214732e-49 1.3165768333856825e-48 3.2594489649021314e-48 5.690911613682361e-47 1.6257078981419061e-44 3.7623918565002295e-44
0.004407011097659079 3.842610209139743e-49 4.671838686676707e-49 8.219208982717131e-49 1.3246082864787402e-48 3.305479267109856e-48 6.001521780808977e-47 1.7763596050150646e-44 4.122943363031683e-44
0.004509767517119906 3.84943440304667e-49 4.681929840844063e-49 8.250493270447735e-49 1.332738624353363e-48 3.352700312046869e-48 6.33317344998624e-47 1.941213203821233e-44 4.518176180380707e-44
0.004614919864684026 3.856283565528239e-49 4.692065700016238e-49 8.282019750263015e-49 1.34096962247555e-48 3.401153893809083e-48 6.687471094218354e-47 2.1216227051357843e-44 4.951433097118007e-44
0.004722524005196735 3.863157802839191e-49 4.7022465159725375e-49 8.313791100293963e-49 1.3493030998695526e-48 3.450883610176997e-48 7.066151001666221e-47 2.3190720800878457e-44 5.426379431913975e-44
0.004832637106080367 3.870057223216491e-49 4.712472544399282e-49 8.345810044614112e-49 1.3577409203472898e-48 3.501934952918238e-48 7.471092609722606e-47 2.535187775361369e-44 5.94703416842278e-44
0.004945317667705937 3.876981936786001e-49 4.72274404485246e-49 8.378079353931682e-49 1.366284993781568e-48 3.554355403216226e-48 7.904330838328572e-47 2.771752434961984e-44 6.517804096448023e-44
0.005060625554472947 3.883932055569425e-49 4.73306128073327e-49 8.410601846296387e-49 1.374937277424421e-48 3.608194532547296e-48 8.368069511736067e-47 3.030719945196006e-44 7.14352124970147e-44
0.005178622026613854 3.890907693443224e-49 4.743424519261115e-49 8.44338038783229e-49 1.3836997772724884e-48 3.663504109350733e-48 8.864695965980177e-47 3.3142319305527285e-44 7.82948395850308e-44
0.005299369772740128 3.8979089661130535e-49 4.753834031457854e-49 8.476417893514529e-49 1.392574549481147e-48 3.7203382118599796e-48 9.396796948131807e-47 3.6246358405120277e-44 8.581501866514607e-44
0.005422932943147155 3.9049359910698236e-49 4.764290092121261e-49 8.509717327935533e-49 1.401563701829126e-48 3.7787533474887986e-48 9.967175923030677e-47 3.964504780821057e-44 9.405945294312531e-44
0.0055493771838957115 3.911988887592705e-49 4.7747929798038164e-49 8.543281706124305e-49 1.4106693952357255e-48 3.838808579193771e-48 1.057887191373079e-46 4.336659257611722e-44 1.030979936957488e-43
0.00567876967168809 3.919067776705709e-49 4.7853429768081525e-49 8.577114094385449e-49 1.419893845332461e-48 3.9005656592638976e-48 1.1235180013414526e-46 4.744191018990256e-44 1.1300723384196682e-43
0.005811179149557424 3.926172781162093e-49 4.795940369165166e-49 8.611217611158893e-49 1.4292393240914314e-48 3.964089171019906e-48 1.1939673719146138e-46 5.190489196560139e-44 1.2387115883102642e-43
0.0059466759633891655 3.933304025417962e-49 4.806585446626208e-49 8.645595427908545e-49 1.4387081615124653e-48 4.0294466789401346e-48 1.2696229251648747e-46 5.679268968891387e-44 1.3578186038273948e-43
0.006085332099294114 3.940461635620738e-49 4.817278502654432e-49 8.68025077004205e-49 1.4483027473713757e-48 4.096708887766481e-48 1.3509052040420072e-46 6.214602990388499e-44 1.4884031914961006e-43
0.006227221221852859 3.9476457396100665e-49 4.828019834413672e-49 8.715186917850424e-49 1.458025533031831e-48 4.165949811183615e-48 1.4382705570082236e-46 6.800955852519255e-44 1.6315726295671813e-43
0.006372418713251954 3.9548564668200665e-49 4.838809742769665e-49 8.750407207483488e-49 1.467879033323211e-48 4.2372469507072715e-48 1.5322142802034352e-46 7.443221870146033e-44 1.7885410791820497e-43
0.006521001713332612 3.962093948387528e-49 4.849648532284859e-49 8.785915031953615e-49 1.4778658284871687e-48 4.310681485463331e-48 1.6332740405401199e-46 8.146766513970054e-44 1.960639904331628e-43
0.006673049160573193 3.969358317029906e-49 4.860536511211206e-49 8.821713842154849e-49 1.4879885661956207e-48 4.386338473588903e-48 1.7420336053120885e-46 8.917471841097253e-44 2.1493289883883853e-43
0.006828641834027273 3.9766497070802664e-49 4.871473991499297e-49 8.857807147934908e-49 1.4982499636430232e-48 4.464307066040034e-48 1.859126906297954e-46 9.761786309725354e-44 2.356209143435368e-43
0.006987862396239558 3.983968254470802e-49 4.882461288793483e-49 8.894198519175457e-49 1.5086528097160044e-48 4.5446807336480005e-48 1.985242468968939e-46 1.0686779401225433e-43 2.5830357179816916e-43
0.00715079543716245 3.991314096731104e-49 4.893498722445092e-49 8.930891586930627e-49 1.5191999672434115e-48 4.627557508328423e-48 2.1211282402947972e-46 1.1700201513761174e-43 2.831733518564828e-43
0.007317527519096606 3.998687372931812e-49 4.904586615505755e-49 8.967890044553997e-49 1.529894375330114e-48 4.7130402394141094e-48 2.2675968518057996e-46 1.2810549636414077e-43 3.104413172770708e-43
0.007488147222679345 4.006088223739281e-49 4.915725294748849e-49 9.005197648915471e-49 1.540739051778012e-48 4.801236866154965e-48 2.4255313580404868e-46 1.402713936191341e-43 3.4033890714887398e-43
0.007662745193945353 4.0135167913712866e-49 4.926915090657577e-49 9.042818221580353e-49 1.5517370955977794e-48 4.8922607075060943e-48 2.595891494317831e-46 1.5360183849994178e-43 3.731199045549597e-43
0.007841414192484688 4.020973219583101e-49 4.93815633746355e-49 9.080755650111248e-49 1.5628916896153055e-48 4.9862307704096255e-48 2.7797205019513726e-46 1.682088041243832e-43 4.090625939470282e-43
0.008024249140723652 4.028457653662361e-49 4.9494493731344484e-49 9.119013889319486e-49 1.574206103176476e-48 5.0832720778665004e-48 2.9781525736071358e-46 1.8421505455777695e-43 4.484721273892558e-43
0.008211347174354735 4.035970240466864e-49 4.960794539398823e-49 9.157596962599068e-49 1.5856836949547638e-48 5.1835160181929635e-48 3.1924209765359315e-46 2.0175518588474855e-43 4.916831184119889e-43
0.008402807693942412 4.043511128331899e-49 4.972192181756915e-49 9.196508963290814e-49 1.5973279158656685e-48 5.287100716962588e-48 3.423866916926226e-46 2.2097676777720686e-43 5.390624878393802e-43
0.008598732417732204 4.051080467183302e-49 4.98364264950448e-49 9.235754056083675e-49 1.6091423120927533e-48 5.394171433249549e-48 3.67394921467265e-46 2.4204159525733613e-43 5.9101258205307315e-43
0.008799225435691074 4.05867840840464e-49 4.995146295740496e-49 9.275336478436798e-49 1.621130528229954e-48 5.504880981913123e-48 3.9442548644885645e-46 2.651270613034689e-43 6.479745961517532e-43
0.009004393264807849 4.066305104942695e-49 5.006703477387877e-49 9.315260542068818e-49 1.63329631054506e-48 5.619390183797735e-48 4.236510566563798e-46 2.9042766195573238e-43 7.1043232291622265e-43
0.009214344905683071 4.073960711242712e-49 5.018314555221838e-49 9.355530634471667e-49 1.6456435103697406e-48 5.737868345868307e-48 4.5525953179427376e-46 3.1815664672466874e-43 7.789162663650504e-43
0.009429191900438323 4.0816453832661565e-49 5.0299798938808614e-49 9.396151220457196e-49 1.6581760876214057e-48 5.860493773458147e-48 4.894554164538934e-46 3.485478283394609e-43 8.540081574464688e-43
0.009649048391975805 4.089359278503117e-49 5.041699861905194e-49 9.437126843779785e-49 1.6708981144629084e-48 5.987454316976989e-48 5.26461322328439e-46 3.81857567191033e-43 9.363458934669303e-43
0.009874031184619632 4.0971025559351366e-49 5.0534748317359086e-49 9.478462128753943e-49 1.6838137791057183e-48 6.11894795561159e-48 5.665196094414864e-46 4.183669473804134e-43 1.026628966654755e-42
0.010104259806171096 4.1048753760787985e-49 5.0653051797693135e-49 9.5201617819664e-49 1.6969273897631948e-48 6.255183420751153e-48 6.098941795404505e-46 4.583841628317397e-43 1.125624406117798e-42
0.01033985657141083 4.1126779009560306e-49 5.07719128636102e-49 9.562230593992162e-49 1.7102433787605074e-48 6.396380862086805e-48 6.568724360681928e-46 5.0224713383430214e-43 1.234173318958709e-42
0.010580946647081629 4.1205102941131795e-49 5.089133535871209e-49 9.604673441194846e-49 1.723766306807985e-48 6.542772559569347e-48 7.077674265090088e-46 5.5032637609948565e-43 1.3531980166619002e-42
0.010827658118386449 4.1283727206015285e-49 5.1011323166722066e-49 9.647495287539677e-49 1.7375008674453794e-48 6.694603684664225e-48 7.629201844213923e-46 6.030281469242036e-43 1.4837098743927794e-42
0.011080122057036918 4.136265347006344e-49 5.113188021204817e-49 9.690701186491838e-49 1.751451891664549e-48 6.852133114619295e-48 8.227022901317687e-46 6.6079789502185266e-43 1.626817912775283e-42
0.011338472590888495 4.144188341444453e-49 5.1253010459863375e-49 9.73429628293655e-49 1.765624352718707e-48 7.015634303760742e-48 8.875186708853504e-46 7.2412404367718e-43 1.7837382848980453e-42
0.01160284697519928 4.152141873550849e-49 5.137471791666198e-49 9.778285815174093e-49 1.78002337112652e-48 7.185396216157788e-48 9.578106632473976e-46 7.935421387438742e-43 1.9558045396851842e-42
0.01187338566555036 4.160126114496728e-49 5.14970066303848e-49 9.822675116952239e-49 1.7946542198800758e-48 7.361724324350584e-48 1.0340593627385336e-45 8.696393975620862e-43 2.1444790120488514e-42
0.012150232392466372 4.168141237006733e-49 5.1619880690857945e-49 9.867469619566952e-49 1.8095223298658826e-48 7.544941679218681e-48 1.1167892880886697e-45 9.530596968997682e-43 2.3513652471955165e-42
0.012433534237775993 4.176187415319086e-49 5.1743344230257364e-49 9.912674854019343e-49 1.824633295508693e-48 7.735390056484431e-48 1.2065723901276724e-45 1.0445090425497493e-42 2.578221637637061e-42
0.01272344171275288 4.184264825251049e-49 5.186740142324891e-49 9.958296453221673e-49 1.839992880648597e-48 7.933431185798054e-48 1.3040324382186948e-45 1.1447615670568928e-42 2.8269763772094815e-42
0.013020108838078586 4.192373644166249e-49 5.199205648751733e-49 1.000434015427364e-48 1.8556070246618453e-48 8.139448068842785e-48 1.409849820307425e-45 1.2546661061988151e-42 3.099743789544813e-42
0.013323693225669961 4.2005140509768614e-49 5.211731368424106e-49 1.0050811800807194e-48 1.8714818488371295e-48 8.353846393432922e-48 1.524766796135092e-45 1.3751534122948198e-42 3.3988425742500974e-42
0.013634356162414448 4.208686226193371e-49 5.224317731837715e-49 1.0097717345384395e-48 1.8876236630189486e-48 8.577056051158321e-48 1.6495932469720297e-45 1.5072440605543794e-42 3.726815148529619e-42
0.013952262695857842 4.21689035187756e-49 5.23696517389751e-49 1.014506285195696e-48 1.904038972530845e-48 8.809532766760677e-48 1.7852129694112343e-45 1.652057122229229e-42 4.0864495096572305e-42
0.014277581721889965 4.2251266117001545e-49 5.249674133994532e-49 1.0192854498424153e-48 1.920734485391555e-48 9.051759848113511e-48 1.932590565343909e-45 1.810819673636156e-42 4.480802888837679e-42
0.014610486074474885 4.233395190903204e-49 5.262445056006827e-49 1.0241098579220957e-48 1.9377171198381194e-48 9.304250066424862e-48 2.0927789852701633e-45 1.984877223711539e-42 4.913227752278848e-42
0.014951152617473332 4.241696276352838e-49 5.275278388380413e-49 1.0289801508016864e-48 1.9549940121704872e-48 9.567547677094602e-48 2.2669277876150073e-45 2.175705148486013e-42 5.387400313364739e-42
0.015299762338606094 4.250030056502279e-49 5.288174584155145e-49 1.0338969820461412e-48 1.9725725249330767e-48 9.842230592542303e-48 2.4562921827718973e-45 2.384921229718968e-42 5.907351798446204e-42
0.015656500445608335 4.258396721461834e-49 5.301134101032583e-49 1.0388610177028931e-48 1.9904602554495485e-48 1.0128912719284543e-47 2.6622429372349594e-45 2.6142994043236616e-42 6.477502732188626e-42
0.016021556464625875 4.266796462939701e-49 5.314157401378628e-49 1.0438729365921336e-48 2.008665044727789e-48 1.042824647258731e-47 2.886277220462732e-45 2.8657848415115464e-42 7.102700534099721e-42
0.016395124340905766 4.275229474297265e-49 5.3272449523258525e-49 1.048933430607517e-48 2.0271949867532398e-48 1.0740925483160788e-47 3.130030485103539e-45 3.141510475876984e-42 7.788260746025403e-42
0.016777402541834602 4.283695950558206e-49 5.340397225796825e-49 1.0540432050245293e-48 2.046058438189494e-48 1.1067687511604488e-47 3.395289479972553e-45 3.443815137026479e-42 8.540012241286219e-42
0.017168594162379338 4.2921960884091216e-49 5.353614698567834e-49 1.0592029788169021e-48 2.0652640285061983e-48 1.1409317587663873e-47 3.6840065047785116e-45 3.77526342993566e-42 9.364346799994543e-42
0.01756890703298664 4.3007300861917915e-49 5.366897852302571e-49 1.064413484982892e-48 2.0848206705553007e-48 1.1766651392832007e-47 3.998315026133059e-45 4.1386675268717015e-42 1.0268272885182417e-41
0.017978553829998065 4.309298143971927e-49 5.380247173618449e-49 1.0696754708811273e-48 2.1047375716179852e-48 1.2140578906434134e-47 4.3405467859418167e-45 4.537111103773742e-42 1.1259477516887654e-41
0.01839775218863974 4.3179004634749694e-49 5.3936631541389126e-49 1.0749896985753675e-48 2.125024244945754e-48 1.2532048337080864e-47 4.713250545916001e-45 4.9739755100739146e-42 1.2346388372266492e-41
