results/limits/Pino_l.dat
# %ECSV 1.0
# ---
# datatype:
# - {name: mx, unit: MeV, datatype: float64}
# - {name: sigma_10, unit: cm2, datatype: float64}
# - {name: sigma_9, unit: cm2, datatype: float64}
# - {name: sigma_7, unit: cm2, datatype: float64}
# - {name: sigma_6, unit: cm2, datatype: float64}
# - {name: sigma_5, unit: cm2, datatype: float64}
# - {name: sigma_4, unit: cm2, datatype: float64}
# - {name: sigma_3, unit: cm2, datatype: float64}
# - {name: sigma_2, unit: cm2, datatype: float64}
# schema: astropy-2.0
mx sigma_10 sigma_9 sigma_7 sigma_6 sigma_5 sigma_4 sigma_3 sigma_2
[from data line 963]
1379.239351479266 9.523233403675551e-48 1.8849979872695682e-45 1.0681740419164215e-37 1.0670188239426602e-33 1.0066008826513584e-29 1.5079652220447392e-26 7.706763035758927e-25 1.2884222448324125e-24
1411.3984938541882 9.559312693298747e-48 1.9922372568518192e-45 1.1446251649114888e-37 1.1433774697233768e-33 1.0757811494555523e-29 1.554306002346842e-26 8.101841367024974e-25 1.3737056422464486e-24
1444.3074773913293 9.599198246600866e-48 2.106192692440391e-45 1.2265489975200377e-37 1.2251989113551719e-33 1.14957952190455e-29 1.6017284480745515e-26 8.522147712397511e-25 1.4649548863652025e-24
1477.9837858208825 9.642996189122101e-48 2.2273017847914462e-45 1.314337327012076e-37 1.3128737641407873e-33 1.2282886687626679e-29 1.6502620125573257e-26 8.96941214653505e-25 1.5625933324365999e-24
1512.445310533807 9.690818993044911e-48 2.3560314799262785e-45 1.4084099889392708e-37 1.4068205497281384e-33 1.3122180509704643e-29 1.6999377229589427e-26 9.445486491937941e-25 1.6670745676612946e-24
1547.71036008708 9.742785815518773e-48 2.4928802219574523e-45 1.5092168751196893e-37 1.5074876868096622e-33 1.401694690776512e-29 1.7507882510579734e-26 9.952353012088798e-25 1.7788845736842466e-24
1583.797669930582 9.799022858411986e-48 2.638380140315029e-45 1.6172400853719496e-37 1.615355623463795e-33 1.4970639545145713e-29 1.802847987855743e-26 1.049213372552359e-24 1.8985440438514525e-24
1620.7264123607779 9.859663750891704e-48 2.793099391678938e-45 1.73299623328928e-37 1.7309391211723023e-33 1.598690346611909e-29 1.8561531224220414e-26 1.1067100385230685e-24 2.0266108663122797e-24
1658.5162067064848 9.924849956328373e-48 2.957644667669655e-45 1.8570389170804838e-37 1.854789701252416e-33 1.7069583120525706e-29 1.9107417254083766e-26 1.1679685170959821e-24 2.1636827848409857e-24
1697.1871297521373 9.994731205121766e-48 3.132663880148774e-45 1.9899613672941192e-37 1.987498265196999e-33 1.8222730441350848e-29 1.9666538376789076e-26 1.2332492145434736e-24 2.3104002501009068e-24
1736.7597264040865 1.0069465955155057e-47 3.3188490368378536e-45 2.132399284088159e-37 2.1296979012225275e-33 1.945061293959268e-29 2.0239315645311138e-26 1.3028309529118737e-24 2.467449474985588e-24
1777.255020605602 1.0149221881697652e-47 3.516939320881352e-45 2.285033877613476e-37 2.2820668901867832e-33 2.0757721776528346e-29 2.0826191760013102e-26 1.3770122852098913e-24 2.635565708647108e-24
1818.6945265063737 1.0234176398702026e-47 3.727724388962248e-45 2.4485951260509595e-37 2.4453319249600625e-33 2.2148779769086622e-29 2.1427632137752502e-26 1.4561129045851765e-24 2.8155367448677477e-24
1861.1002598924472 1.0324517213569826e-47 3.95204790363088e-45 2.6238652668826087e-37 2.620271558318766e-33 2.3628749279504045e-29 2.2044126052508793e-26 1.540475154214904e-24 3.0082066815519053e-24
1904.4947498826687 1.0420442917603553e-47 4.190811316634395e-45 2.8116825380921897e-37 2.8077198954834375e-33 2.520283993582321e-29 2.2676187853294623e-26 1.6304656451180992e-24 3.2144799493161725e-24
1948.9010508978479 1.0522163614508522e-47 4.444977921239818e-45 3.01294518718605e-37 3.0085705485483573e-33 2.687651612513092e-29 2.3324358265428788e-26 1.726476989613659e-24 3.4353256284425035e-24
1994.3427549090043 1.0629901589469094e-47 4.715577192835205e-45 3.2286157672052134e-37 3.223780871252332e-33 2.8655504196791403e-29 2.3989205781590174e-26 1.8289296587012257e-24 3.671782074838542e-24
2040.8440039711966 1.0743892021491745e-47 5.003709438475166e-45 3.4597257402719225e-37 3.4543764938245045e-33 3.0545799308368366e-29 2.467132814944315e-26 1.9382739722347993e-24 3.924961877127096e-24
2088.4295030496014 1.0864383741888313e-47 5.310550777517319e-45 3.70738041068432e-37 3.7014561790113324e-33 3.255367184253077e-29 2.5371353963028036e-26 2.0549922313941486e-24 4.196057168570437e-24
2137.124533144652 1.0991640041963133e-47 5.637358477079941e-45 3.972764211148306e-37 3.966197021855892e-33 3.4685673319080525e-29 2.6089944365544274e-26 2.1796010036396618e-24 4.4863453192321705e-24
2186.9549647232075 1.1125939533172456e-47 5.985476667747872e-45 4.257146367424105e-37 4.249860017365538e-33 3.694864172242691e-29 2.6827794871628976e-26 2.3126535710656235e-24 4.797195035598125e-24
2237.947271462894 1.1267577063240134e-47 6.356342466769695e-45 4.561886968474017e-37 4.553796021874486e-33 3.9349706161464995e-29 2.7585637317742713e-26 2.454742553848312e-24 5.130072896826402e-24
2290.1285443169163 1.1416864691943874e-47 6.751492537934266e-45 4.888443471136509e-37 4.879452135690827e-33 4.189629077600484e-29 2.836424194982924e-26 2.6065027213228282e-24 5.486550358885049e-24
2343.5265059068115 1.157413273053061e-47 7.17257011939754e-45 5.238377670428967e-37 5.2283785365209716e-33 4.4596117801772887e-29 2.9164419658013197e-26 2.7686140041198124e-24 5.8683112600738704e-24
2398.169525250793 1.1739730848978456e-47 7.621332552960808e-45 5.613363168807386e-37 5.6022357951946426e-33 4.745720970468577e-29 2.998702436874532e-26 2.9418047217548804e-24 6.277159863824584e-24
2454.086632835509 1.1914029255598298e-47 8.09965935069091e-45 6.015193380096381e-37 6.002802707380446e-33 5.048789029472085e-29 3.083295560550288e-26 3.1268550410939475e-24 6.715029477243662e-24
2511.3075360392254 1.209741995375902e-47 8.60956083733108e-45 6.445790106358744e-37 6.43198467729182e-33 5.369678473040407e-29 3.1703161229902036e-26 3.3246006822217474e-24 7.183991686615638e-24
2569.8626349146184 1.229031808083083e-47 9.15318740969217e-45 6.907212728712247e-37 6.891822691847467e-33 5.70928183268468e-29 3.2598640375890867e-26 3.5359368894241025e-24 7.686266254035664e-24
2629.783038339575 1.249316333476748e-47 9.732839457149336e-45 7.401668056036404e-37 7.384502926376331e-33 6.068521408351405e-29 3.3520446590561256e-26 3.7618226862624004e-24 8.224231722502253e-24
2691.100580544569 1.270642149409659e-47 1.0350977990514104e-44 7.931520878655572e-37 7.912367025756553e-33 6.448348885262367e-29 3.446969119605653e-26 4.0032854350772146e-24 8.800436780189573e-24
2753.8478380254037 1.293058603745415e-47 1.1010236029920725e-44 8.499305277455357e-37 8.477923107860196e-33 6.849744807537821e-29 3.544754688806033e-26 4.26142572271418e-24 9.417612438249843e-24
2818.0581468502987 1.3166179869188358e-47 1.1713430805974267e-44 9.107736742498595e-37 9.083857539352232e-33 7.273717902120437e-29 3.6455251587435076e-26 4.537422595825102e-24 1.0078685080387619e-23
2883.7656203705187 1.3413757157969969e-47 1.2463576832275245e-44 9.759725159076803e-37 9.733047537275294e-33 7.721304247491471e-29 3.7494112562745036e-26 4.832539170769284e-24 1.0786790446616938e-23
2951.0051673439552 1.3673905295781252e-47 1.32638999115777e-44 1.0458388723277956e-36 1.0428574653452301e-32 8.193566282824635e-29 3.8565510842647195e-26 5.148128644931427e-24 1.1545288618081213e-23
3019.812510481288 1.3947246985116456e-47 1.4117852142276436e-44 1.120706885359354e-36 1.1173739202571691e-32 8.691591654561561e-29 3.967090593847841e-26 5.485640738192291e-24 1.2357780074603166e-23
3090.2242054245785 1.4234442462713191e-47 1.5029127996675335e-44 1.2009346169847574e-36 1.1972075698895606e-32 9.216491898912285e-29 4.081184089880739e-26 5.8466285953454934e-24 1.3228122901763337e-23
3162.2776601683795 1.4536191868649097e-47 1.6001681547584763e-44 1.2869057615829967e-36 1.2827369370866484e-32 9.769400960482155e-29 4.198994771926638e-26 6.2327561824581114e-24 1.416045122980376e-23
