results/limits/Pino_h.dat
# %ECSV 1.0
# ---
# datatype:
# - {name: mx, unit: MeV, datatype: float64}
# - {name: sigma, unit: cm2, datatype: float64}
# schema: astropy-2.0
mx sigma
[from data line 3961]
0.012844904304480445 3.0127199425858816e-37
0.012868886012757621 3.0295464626328015e-37
0.012892912495391855 3.0464672059725325e-37
0.012916983835977836 3.0634827009185267e-37
0.012941100118266321 3.080593478708559e-37
0.012965261426164392 3.0978000735142273e-37
0.01298946784373583 3.1151030224866066e-37
0.013013719455201366 3.132502865814296e-37
0.013038016344938926 3.150000146769294e-37
0.013062358597484018 3.1675954117015327e-37
0.013086746297529978 3.185289209999761e-37
0.013111179529928225 3.2030820940833063e-37
0.013135658379688636 3.220974619441935e-37
0.013160182931979809 3.238967344677576e-37
0.013184753272129307 3.2570608316052144e-37
0.013209369485624059 3.2752556452098794e-37
0.013234031658110544 3.2935523536407843e-37
0.013258739875395187 3.3119515281911405e-37
0.013283494223444613 3.3304537433157316e-37
0.013308294788385912 3.349059576691765e-37
0.01333314165650701 3.367769609271721e-37
0.01335803491425694 3.3865844253263427e-37
0.013382974648246093 3.405504612406549e-37
0.013407960945246605 3.4245307613191765e-37
0.013432993892192617 3.4436634661327604e-37
0.01345807357618054 3.462903324232008e-37
0.013483200084469446 3.4822509363955563e-37
0.01350837350448127 3.501706906828502e-37
0.013533593923801204 3.5212718431399985e-37
0.013558861430177966 3.5409463563108046e-37
0.01358417611152406 3.56073106069432e-37
0.013609538055916168 3.580626574067978e-37
0.01363494735159541 3.6006335177061045e-37
0.013660404086967613 3.62075251643248e-37
0.013685908350603704 3.640984198597445e-37
0.01371146023123997 3.6613291960391862e-37
0.01373705981777833 3.6817881440866553e-37
0.013762707199286746 3.7023616816082386e-37
0.013788402464999404 3.723050451088005e-37
0.013814145704317146 3.743855098656797e-37
0.013839937006807721 3.7647762741229805e-37
0.013865776462206061 3.785814630894287e-37
0.01389166416041468 3.806970825987159e-37
0.013917600191503938 3.828245520068103e-37
0.013943584645712322 3.849639377555692e-37
0.013969617613446832 3.871153066649987e-37
0.013995699185283261 3.892787259326668e-37
0.014021829451966472 3.914542631295678e-37
0.0140480085044108 3.9364198619964675e-37
0.014074236433700267 3.9584196346591985e-37
0.014100513331088992 3.980542636371614e-37
0.014126839288001467 4.0027895581579985e-37
0.01415321439603283 4.025161094921035e-37
0.01417963874694928 4.047657945432922e-37
0.014206112432688338 4.070280812317705e-37
0.014232635545359132 4.09303040212517e-37
0.014259208177242806 4.115907425420217e-37
0.014285830420792794 4.138912596806872e-37
0.014312502368635096 4.162046634910763e-37
0.01433922411356871 4.185310262341529e-37
0.014365995748565827 4.208704205709197e-37
0.014392817366772271 4.232229195672258e-37
0.014419689061507762 4.255885967065455e-37
0.014446610926266213 4.279675258899628e-37
0.014473583054716134 4.303597814323772e-37
0.014500605540700916 4.327654380597564e-37
0.014527678478239112 4.351845709115062e-37
0.014554801961524855 4.376172555501734e-37
0.014581976084928143 4.400635679692263e-37
0.014609200942995114 4.42523584592093e-37
0.014636476630448475 4.4499738226929044e-37
0.014663803242187785 4.474850382752686e-37
0.014691180873289732 4.499866303145926e-37
0.014718609619008574 4.525022365312958e-37
0.014746089574776355 4.550319355139565e-37
0.014773620836203335 4.575758062953757e-37
0.014801203499078283 4.601339283469724e-37
0.014828837659368757 4.627063815784186e-37
0.01485652341322154 4.652932463477286e-37
0.014884260856962917 4.678946034692019e-37
0.014912050087098979 4.705105342161689e-37
0.014939891200316031 4.731411203177699e-37
0.014967784293480902 4.757864439544371e-37
0.014995729463641224 4.784465877636908e-37
0.01502372680802588 4.811216348471719e-37
0.015051776424045222 4.838116687815115e-37
0.015079878409291514 4.865167736153974e-37
0.015108032861539224 4.892370338647311e-37
0.015136239878745327 4.919725345120977e-37
0.015164499559049728 4.94723361015568e-37
0.01519281200077556 4.974895993184668e-37
0.015221177302429485 5.002713358522093e-37
0.01524959556270212 5.030686575329552e-37
0.015278066880468347 5.058816517578624e-37
0.015306591354787598 5.087104064079778e-37
0.015335169084904312 5.115550098619562e-37
0.01536380017024816 5.14415551000532e-37
0.015392484710434497 5.172921192064335e-37
0.01542122280526466 5.201848043590551e-37
0.015450014554726272 5.230936968345641e-37
0.015478860058993682 5.2601888751581105e-37
0.015507759418428267 5.289604678016018e-37
0.01553671273357873 5.319185296103112e-37
0.015565720105181554 5.348931653734726e-37
0.015594781634161293 5.378844680332701e-37
0.015623897421630886 5.408925310498586e-37
0.015653067568892114 5.43917448412352e-37
0.015682292177435827 5.469593146440996e-37
0.015711571348942407 5.500182248012183e-37
0.015740905185282077 5.530942744649222e-37
0.01577029378851521 5.56187559746037e-37
0.015799737260892767 5.592981772982271e-37
0.015829235704856618 5.624262243244853e-37
0.01585878922303985 5.655717985779672e-37
0.015888397918267207 5.687349983534369e-37
0.01591806189355542 5.719159224893917e-37
0.0159477812521135 5.751146703793161e-37
0.0159775560973432 5.783313419821936e-37
0.016007386532839323 5.81566037823857e-37
0.016037272662390047 5.848188589892304e-37
0.01606721458997738 5.880899071213959e-37
0.016097212419777403 5.913792844334381e-37
0.016127266256160754 5.94687093718508e-37
0.016157376203692918 5.980134383525425e-37
0.016187542367134572 6.0135842228956755e-37
0.01621776485144202 6.047221500578366e-37
0.016248043761767528 6.081047267685127e-37
0.016278379203459637 6.115062581297005e-37
0.01630877128206362 6.149268504499468e-37
0.016339220103321807 6.183666106326663e-37
0.0163697257731739 6.2182564617265936e-37
0.016400288397757465 6.253040651610065e-37
0.01643090808340815 6.2880197630587436e-37
0.016461584936660202 6.323194889300021e-37
0.016492319064246752 6.358567129698691e-37
0.016523110573100165 6.394137589692466e-37
0.016553959570352498 6.4299073808846925e-37
0.016584866163335824 6.465877621162646e-37
0.01661583045958256 6.502049434766853e-37
0.016646852566825937 6.53842395225946e-37
0.01667793259300033 6.575002310435779e-37
0.016709070646241567 6.611785652428663e-37
0.016740266834887448 6.648775127831568e-37
0.016771521267477975 6.685971892801025e-37
0.016802834052755837 6.723377109948687e-37
0.016834205299666755 6.7609919483195965e-37
0.016865635117359806 6.7988175834819435e-37
0.01689712361518789 6.836855197642466e-37
0.016928670902708085 6.875105979754753e-37
0.016960277089681952 6.913571125409159e-37
0.016991942286076037 6.9522518368084765e-37
0.01702366660206219 6.991149322856982e-37
0.017055450148017917 7.030264799337782e-37
0.01708729303452685 7.069599488915597e-37
0.017119195372379027 7.109154621090141e-37
0.017151157272571382 7.148931432158479e-37
0.017183178846308083 7.188931165330865e-37
0.017215260205000863 7.229155070882712e-37
0.01724740146026952 7.269604406177549e-37
0.017279602723942248 7.310280435571865e-37
0.01731186410805597 7.351184430419681e-37
0.017344185724856843 7.392317669224491e-37
0.017376567686800584 7.433681437730218e-37
0.017409010106552818 7.475277028977955e-37
0.017441513096989568 7.517105743170216e-37
0.017474076771197607 7.55916888770719e-37
0.017506701242474786 7.601467777383784e-37
0.01753938662433055 7.64400373445358e-37
0.017572133030486208 7.686778088612605e-37
0.017604940574875435 7.729792176923541e-37
0.017637809371644626 7.773047343879827e-37
0.017670739535153236 7.816544941586374e-37
0.017703731179974286 7.860286329839046e-37
0.017736784420894703 7.904272876030361e-37
0.017769899372915673 7.948505955122577e-37
0.017803076151253146 7.992986949758847e-37
0.01783631487133818 8.037717250436569e-37
0.017869615648817297 8.08269825553739e-37
0.017902978599553 8.127931371210648e-37
0.01793640383962404 8.173418011392003e-37
0.017969891485325937 8.219159597979642e-37
0.018003441653171352 8.265157560960358e-37
0.018037054459890407 8.31141333837097e-37
0.01807073002243123 8.357928376199322e-37
0.018104468457960283 8.404704128496059e-37
0.018138269883862728 8.451742057535693e-37
0.018172134417742947 8.499043633900816e-37
0.018206062177424886 8.54661033638443e-37
0.018240053280952424 8.594443651952314e-37
0.018274107846589893 8.64254507593263e-37
0.018308225992822363 8.690916112124688e-37
0.018342407838356164 8.739558272838316e-37
0.018376653502119266 8.788473078758124e-37
0.018410963103261613 8.837662059011544e-37
0.018445336761155662 8.887126751394672e-37
0.018479774595396747 8.936868702417904e-37
0.01851427672580343 8.98688946725183e-37
0.018548843272418028 9.037190609653052e-37
0.018583474355506988 9.08777370216864e-37
0.018618170095561232 9.13864032626836e-37
0.018652930613296724 9.189792072345845e-37
0.018687756029654726 9.241230539626656e-37
0.018722646465802364 9.29295733620361e-37
0.018757602043132975 9.34497407926096e-37
0.018792622883266493 9.397282395239181e-37
0.018827709108049966 9.449883919571391e-37
0.018862860839557946 9.502780296768225e-37
0.018898078200092833 9.555973180590706e-37
0.01893336131218543 9.6094642342259e-37
0.0189687102985953 9.663255130160872e-37
0.01900412528231116 9.71734755019212e-37
0.01903960638655139 9.771743185455858e-37
0.019075153734764427 9.826443736728084e-37
0.01911076745062914 9.881450914382124e-37
0.019146447658055368 9.936766438305401e-37
0.01918219448118423 9.992392037941063e-37
0.01921800804438868 1.0048329452463488e-36
0.01925388847227386 1.0104580430973169e-36
0.019289835889677507 1.0161146732318238e-36
0.019325850421670496 1.021803012509296e-36
0.019361932193557203 1.027523238781835e-36
0.019398081330875894 1.0332755309132482e-36
0.019434297959399275 1.039060068772222e-36
0.019470582205134875 1.0448770332246555e-36
0.01950693419432542 1.0507266061451863e-36
0.019543354053449414 1.056608970441646e-36
0.019579841909221424 1.062524310055676e-36
0.019616397888592645 1.0684728099492673e-36
0.019653022118751307 1.074454656113788e-36
0.019689714727123026 1.0804700355922354e-36
0.019726475841371396 1.086519136489116e-36
0.019763305589398365 1.0926021479561006e-36
0.019800204099344607 1.0987192601937813e-36
0.0198371714995901 1.1048706644761481e-36
0.019874207918754508 1.1110565531634742e-36
0.01991131348569758 1.1172771196909013e-36
0.01994848832951972 1.123532558565527e-36
0.01998573257956229 1.1298230653871448e-36
0.02002304636540819 1.1361488368681139e-36
0.020060429816882254 1.1425100708239447e-36
0.020097883064051653 1.1489069661643906e-36
0.02013540623722644 1.1553397229164588e-36
0.020172999466959978 1.1618085422407484e-36
0.020210662884049293 1.1683136264319201e-36
0.020248396619535692 1.1748551789037092e-36
0.020286200804705126 1.1814334042075292e-36
0.020324075571088607 1.1880485080570111e-36
0.0203620210504628 1.1947006973247397e-36
0.02040003737485031 1.201390180030006e-36
0.020438124676520297 1.2081171653524675e-36
0.020476283087988875 1.2148818636612622e-36
0.0205145127420195 1.2216844865106853e-36
0.02055281377162356 1.2285252466284743e-36
0.02059118631006079 1.2354043579298967e-36
0.02062963049083965 1.242322035542693e-36
0.020668146447717927 1.2492784958099576e-36
0.020706734314703143 1.256273956274492e-36
0.020745394226052948 1.263308635692488e-36
0.020784126316275735 1.2703827540605381e-36
0.020822930720130948 1.2774965326181262e-36
0.02086180757262969 1.2846501938307245e-36
0.020900757009035136 1.2918439614069154e-36
0.02093977916486293 1.299078060321541e-36
0.020978874175881797 1.3063527168212615e-36
0.021018042178113944 1.3136681584070797e-36
0.021057283307835465 1.3210246138481745e-36
0.02109659770157695 1.3284223132146875e-36
0.021135985496123905 1.3358614878722202e-36
0.02117544682851714 1.3433423704692765e-36
0.02121498183605339 1.35086519495408e-36
0.021254590656285734 1.3584301966045035e-36
0.02129427342702399 1.3660376120216845e-36
0.02133403028633537 1.3736876791180626e-36
0.021373861372544753 1.3813806371392553e-36
0.021413766824235358 1.3891167266871606e-36
0.021453746780249132 1.3968961897177996e-36
0.021493801379687184 1.4047192695270102e-36
0.021533930761910385 1.4125862107744199e-36
0.021574135066539803 1.4204972595120555e-36
0.02161441443345711 1.4284526631683204e-36
0.021654769002805208 1.4364526705433291e-36
0.021695198914988657 1.444497531838029e-36
0.02173570431067407 1.452587498673353e-36
0.021776285330790797 1.460722824075452e-36
0.021816942116531204 1.468903762472924e-36
0.021857674809351336 1.4771305697346532e-36
0.02189848355097134 1.485403503175875e-36
0.021939368483375896 1.4937228215455659e-36
0.021980329748814826 1.502088785031596e-36
0.022021367489803552 1.5105016552965866e-36
0.022062481849123492 1.518961695479868e-36
0.02210367296982272 1.5274691701814766e-36
0.022144940995216376 1.5360243454804894e-36
0.02218628606888711 1.5446274889647987e-36
0.02222770833468573 1.5532788697279045e-36
0.02226920793673153 1.5619787583536406e-36
0.022310785019412936 1.5707274269470882e-36
0.022352439727387968 1.5795251491558947e-36
0.02239417220558464 1.588372200159136e-36
0.02243598259920163 1.597268856662462e-36
0.022477871053708697 1.6062153969340904e-36
0.022519837714847127 1.6152121008173207e-36
0.022561882728630387 1.6242592497129403e-36
0.02260400624134454 1.633357126589006e-36
0.022646208399548708 1.6425060160179427e-36
0.022688489350075735 1.651706204175561e-36
0.022730849240032505 1.6609579788252788e-36
0.02277328821680063 1.6702616293415348e-36
0.02281580642803688 1.6796174467450257e-36
0.022858404021673648 1.689025723682174e-36
0.022901081145919572 1.6984867544241574e-36
0.022943837949260006 1.7080008349040434e-36
0.022986674580457462 1.7175682627292077e-36
0.023029591188552263 1.7271893371618963e-36
0.023072587922862993 1.7368643591347894e-36
0.023115664932986942 1.746593631286079e-36
0.023158822368800784 1.7563774579560766e-36
0.023202060380461003 1.766216145172645e-36
0.023245379118404363 1.7761100006848322e-36
0.023288778733348593 1.7860593339868965e-36
0.023332259376292717 1.796064456298644e-36
0.023375821198517752 1.806125680571552e-36
0.023419464351587156 1.8162433215298052e-36
0.02346318898734729 1.8264176956711457e-36
0.023506995257928084 1.8366491212493677e-36
0.023550883315743506 1.846937918304827e-36
0.023594853313492002 1.8572844086919564e-36
0.02363890540415719 1.8676889160639587e-36
0.023683039741008303 1.8781517658726083e-36
0.023727256477600666 1.8886732854115214e-36
0.023771555767776387 1.8992538038213093e-36
0.023815937765664708 1.9098936520685e-36
0.0238604026256827 1.9205931629761104e-36
0.02390495050253574 1.93135267125464e-36
0.023949581551217968 1.9421725134846717e-36
0.023994295927012976 1.953053028117911e-36
0.024039093785494268 1.963994555522019e-36
0.02408397528252574 1.9749974379835945e-36
0.024128940574262358 1.986062019687849e-36
0.024173989817150642 1.997188646753942e-36
0.024219123167929114 2.0083776672624006e-36
0.024264340783629035 2.0196294312349236e-36
0.02430964282157475 2.0309442906435637e-36
0.024355029439384404 2.0423225994540688e-36
0.024400500794970418 2.053764713622721e-36
0.024446057046539963 2.0652709910805542e-36
0.024491698352595667 2.0768417917754e-36
0.024537424871936078 2.0884774776925897e-36
0.02458323676365615 2.10017841282971e-36
0.024629134187147954 2.1119449632203596e-36
0.02467511730210114 2.123777496973289e-36
0.024721186268503434 2.1356763842570423e-36
0.02476734124664135 2.1476419972993117e-36
0.024813582397100582 2.159674710431661e-36
0.0248599098807667 2.1717749000956233e-36
0.024906323858825644 2.1839429448231193e-36
0.024952824492764238 2.196179225273781e-36
0.024999411944370862 2.2084841242628015e-36
0.02504608637573597 2.22085802673677e-36
0.02509284794925256 2.2333013197930337e-36
0.025139696827616898 2.2458143927232942e-36
0.025186633173829014 2.258397636998912e-36
0.025233657151193172 2.2710514462664083e-36
0.025280768923318618 2.2837762164022636e-36
0.025327968654120056 2.296572345509593e-36
0.025375256507818147 2.3094402339017146e-36
0.025422632648940253 2.3223802841471598e-36
0.025470097242320813 2.3353929010914814e-36
0.02551765045310209 2.3484784918300582e-36
0.025565292446734677 2.361637465739995e-36
0.025613023388977984 2.3748702345177244e-36
