results/limits/Pino_f_6.dat
# %ECSV 1.0
# ---
# datatype:
# - {name: mx, unit: MeV, datatype: float64}
# - {name: sigma_6, unit: cm2, datatype: float64}
# schema: astropy-2.0
mx sigma_6
3.162277660168379e-07 3.0885428607661743e-39
3.2360111549336787e-07 3.015585963153433e-39
3.311463862505236e-07 2.9457152159010375e-39
3.388675869043115e-07 2.8794073381977515e-39
3.4676881953794695e-07 2.8170983882776007e-39
3.548542818811901e-07 2.7591704868510802e-39
3.6312826954049566e-07 2.705945267622265e-39
3.715951782811629e-07 2.6576828608400903e-39
3.8025950636269697e-07 2.614585061866461e-39
3.89125856928623e-07 2.5609234943412197e-39
3.9819894045202297e-07 2.4909644938743346e-39
4.0748357723809307e-07 2.424352069465642e-39
4.169846999850535e-07 2.3608135607743037e-39
4.2670735640476865e-07 2.3001244625939697e-39
4.3665671190447213e-07 2.2421120520502364e-39
4.4683805233101997e-07 2.1866560562127668e-39
4.572567867791303e-07 2.1336864614852335e-39
4.6791845046510194e-07 2.0831788355888332e-39
4.788287076675383e-07 2.035147737596666e-39
4.899933547366384e-07 1.9896389126689555e-39
5.014183231736547e-07 1.9467209988824228e-39
5.131096827821533e-07 1.906477420488209e-39
5.250736448927506e-07 1.868999023617569e-39
5.373165656630395e-07 1.83437785271327e-39
5.4984494945446e-07 1.802702296136443e-39
5.626654522879044e-07 1.7591748371507062e-39
5.757848853798981e-07 1.7130476075947234e-39
5.892102187612295e-07 1.6689654400244117e-39
6.029485849799565e-07 1.6268579416598206e-39
6.17007282890752e-07 1.5866783953034143e-39
6.313937815326057e-07 1.548401589817227e-39
6.461157240969403e-07 1.51202125519495e-39
6.611809319882495e-07 1.4775471329878477e-39
6.765974089794179e-07 1.4450017943179841e-39
6.923733454639272e-07 1.4144173685447863e-39
7.085171228072106e-07 1.3858323645630161e-39
7.250373177994646e-07 1.359288757098479e-39
7.419427072122865e-07 1.331643436743759e-39
7.592422724615558e-07 1.2972834297058768e-39
7.769452043790388e-07 1.2644910561081436e-39
7.950609080952509e-07 1.2332256448756012e-39
8.135990080361694e-07 1.2034628653092637e-39
8.325693530364543e-07 1.1751924421090145e-39
8.519820215718901e-07 1.148415805204101e-39
8.718473271138315e-07 1.1231437224702227e-39
8.921758236084957e-07 1.0993939873187711e-39
9.12978311084014e-07 1.077189243611895e-39
9.342658413882192e-07 1.055309179206484e-39
9.560497240602198e-07 1.0286200410213857e-39
9.78341532338879e-07 1.00318895177938e-39
1.0011531093113902e-06 9.789933665933513e-40
1.0244965742052174e-06 9.560219055907765e-40
1.048384328826741e-06 9.342724756979307e-40
1.0728290641500308e-06 9.13750415278194e-40
1.0978437670592484e-06 8.944667091413012e-40
1.1234417272482566e-06 8.764363276763721e-40
1.149636544281106e-06 8.54737568011439e-40
1.1764421348171486e-06 8.339778877451541e-40
1.2038727400046132e-06 8.142616016993584e-40
1.2319429330465773e-06 7.955830556313513e-40
1.2606676269433496e-06 7.779432547519984e-40
1.2900620824153782e-06 7.613483790139903e-40
1.3201419160108953e-06 7.444793083160873e-40
1.3509231084026028e-06 7.264787614459565e-40
1.38242201287781e-06 7.09392599753106e-40
1.4146553640265304e-06 6.932158735630515e-40
1.447640286632156e-06 6.779492138309538e-40
1.4813943047694329e-06 6.632313036413915e-40
1.5159353511145682e-06 6.473713067223513e-40
1.5512817764724183e-06 6.323331643447902e-40
1.587452359525819e-06 6.181139428820745e-40
1.6244663168122348e-06 6.045551651346311e-40
1.6623433129330315e-06 5.9030979142474255e-40
1.7011034710007933e-06 5.7682181469971075e-40
1.740767383330235e-06 5.639530777179002e-40
1.7813561223783898e-06 5.508940788515961e-40
1.8228912519398869e-06 5.384263720824112e-40
1.8653948386032614e-06 5.261419097745376e-40
1.908889463474389e-06 5.1421137216199515e-40
1.9533982341732686e-06 5.024045974911267e-40
1.9989447971105317e-06 4.91045568707085e-40
2.045553350050195e-06 4.797208260183662e-40
2.0932486549653353e-06 4.690210706667432e-40
2.1420560511935146e-06 4.581385431887246e-40
2.192001468898943e-06 4.476706617227596e-40
2.2431114428485372e-06 4.377899257700934e-40
2.2954131265091837e-06 4.27528659758269e-40
2.3489343064737076e-06 4.177471156477414e-40
2.403703417223201e-06 4.085128574636169e-40
2.4597495562335635e-06 3.990100869896896e-40
2.5171024994342686e-06 3.89827210087649e-40
2.575792717027583e-06 3.811527593493394e-40
2.635851389676631e-06 3.724124502069595e-40
2.6973104250709106e-06 3.637950521994267e-40
2.760202474878063e-06 3.5565020613593556e-40
2.8245609520908932e-06 3.47563411436092e-40
2.8904200487788716e-06 3.3951527588864227e-40
2.9578147542535346e-06 3.3190791332351668e-40
3.026780873657441e-06 3.24320113088425e-40
3.097355046986562e-06 3.1686741254917847e-40
3.1695747685562034e-06 3.098283705994566e-40
3.2434784069208122e-06 3.026169979805364e-40
3.319105225258239e-06 2.957956734707255e-40
3.3964954022292982e-06 2.89009539431194e-40
3.4756900533236943e-06 2.8248669243950172e-40
3.5567312527036693e-06 2.7600697113200853e-40
3.6396620555569646e-06 2.6973095175493653e-40
3.7245265209709786e-06 2.635972600760765e-40
3.811369735340273e-06 2.5759274004915873e-40
3.900237836319859e-06 2.5173330726553876e-40
3.991178037336996e-06 2.460092925374189e-40
4.0842386526745176e-06 2.4041139079834844e-40
4.179469123139017e-06 2.3493819489011715e-40
4.2769200423275275e-06 2.295905556281442e-40
4.376643183506652e-06 2.2436895931868946e-40
4.478691527118417e-06 2.1925208127229946e-40
4.583119288927478e-06 2.142631805810443e-40
4.689981948824612e-06 2.0938630321109204e-40
4.799336280301815e-06 2.0462036720591586e-40
4.911240380614659e-06 1.9996716374596177e-40
5.0257537016479225e-06 1.954241959444583e-40
5.142937081500915e-06 1.9097115087188334e-40
5.262852776809252e-06 1.866244030334964e-40
5.385564495820272e-06 1.8238552131110733e-40
5.511137432239651e-06 1.7823464934956483e-40
5.639638299867211e-06 1.741818021377093e-40
5.771135368040315e-06 1.7022281996736752e-40
5.905698497903673e-06 1.6634759128565397e-40
6.043399179524854e-06 1.625712931300142e-40
6.184310569875183e-06 1.588704229542028e-40
6.32850753169624e-06 1.552626537361307e-40
6.47606667327258e-06 1.5173188441848986e-40
6.627066389131828e-06 1.4828469040607493e-40
6.781586901693754e-06 1.4491587499756214e-40
6.939710303890459e-06 1.4162066768573503e-40
7.101520602780329e-06 1.3840463089632565e-40
7.267103764178904e-06 1.3526164705468466e-40
7.436547758330399e-06 1.321895489854676e-40
7.609942606644117e-06 1.2918749674098078e-40
7.787380429520604e-06 1.2625466467543728e-40
7.968955495292936e-06 1.2338829575607503e-40
8.15476427030917e-06 1.2058838895667056e-40
8.344905470182516e-06 1.17852708532972e-40
8.539480112236516e-06 1.15178752419611e-40
8.738591569173047e-06 1.1256776539556005e-40
8.942345623991688e-06 1.1001525658170055e-40
9.150850526189614e-06 1.0751956977523015e-40
9.364217049271877e-06 1.050830829293038e-40
9.58255854960264e-06 1.0270272490060877e-40
9.805991026628606e-06 1.003746586573315e-40
1.0034633184506672e-05 9.810197396683598e-41
1.0268606495168497e-05 9.58805296042388e-41
1.0508035262855554e-05 9.371080587816801e-41
1.07530466901589e-05 9.158938795208947e-41
1.1003770945598772e-05 8.951784728081682e-41
1.1260341232779899e-05 8.749364390539249e-41
1.1522893861159297e-05 8.551618959090723e-41
1.1791568318464117e-05 8.358345987470058e-41
1.206650734479802e-05 8.16957327693281e-41
1.2347857008475478e-05 7.985111842512599e-41
1.263576678362426e-05 7.804905751946175e-41
1.293038962959737e-05 7.628847387783113e-41
1.3231882072236462e-05 7.456854262420247e-41
1.3540404287030327e-05 7.288774725928724e-41
1.3856120184212054e-05 7.124621082401658e-41
1.4179197495840522e-05 6.964231118211721e-41
1.4509807864912299e-05 6.807543034242612e-41
1.484812693655133e-05 6.654471242949227e-41
1.5194334451324849e-05 6.504933155668482e-41
1.5548614340735104e-05 6.358858099286367e-41
1.5911154824937624e-05 6.216156966512021e-41
1.6282148512737936e-05 6.076758139729197e-41
1.6661792503919872e-05 5.940590301748907e-41
1.7050288493959805e-05 5.807574683264713e-41
1.7447842881182494e-05 5.677642968023386e-41
1.785466687641539e-05 5.550740676310082e-41
1.8270976615199758e-05 5.426780514187912e-41
1.869699327261814e-05 5.305703336532811e-41
1.91329431807992e-05 5.187442213506719e-41
1.957905794916243e-05 5.071950571145684e-41
2.003557458746648e-05 4.959146488030643e-41
2.0502735631726606e-05 4.848978365708995e-41
2.0980789273068064e-05 4.741381708583458e-41
2.1469989489583918e-05 4.636316449408003e-41
2.1970596181267336e-05 4.5337102965344584e-41
2.2482875308090033e-05 4.433512806788358e-41
2.3007099031300245e-05 4.335671635646302e-41
2.354354585801526e-05 4.240138605224981e-41
2.4092500789185385e-05 4.1468566981482415e-41
2.4654255471007912e-05 4.055780780483238e-41
2.5229108349871537e-05 3.9668606878483796e-41
2.5817364830913554e-05 3.8800491335772267e-41
2.641933744027406e-05 3.795304460167836e-41
2.7035345991133382e-05 3.712576200187767e-41
2.7665717753620915e-05 3.6318224972677546e-41
2.8310787628685666e-05 3.553001510273549e-41
2.8970898326020842e-05 3.476070499036555e-41
2.964640054613707e-05 3.4009895881497236e-41
3.033765316668089e-05 3.32771847152421e-41
3.104502343309761e-05 3.2562169508595743e-41
3.176888715373972e-05 3.186451672029719e-41
3.25096288995246e-05 3.118382156544602e-41
3.326764220824756e-05 3.0519720797851393e-41
3.4043329793658724e-05 2.987189892051373e-41
3.483710375941493e-05 2.923998866824665e-41
3.5649385818020195e-05 2.8623659676119365e-41
3.648060751487119e-05 2.802259362787127e-41
3.73312104575266e-05 2.743647227837596e-41
3.820164655032238e-05 2.686498896672896e-41
3.90923782344573e-05 2.630784814237706e-41
4.0003878733676586e-05 2.576475398171771e-41
4.093663230568398e-05 2.523542493879861e-41
4.1891134499415887e-05 2.471958529287943e-41
4.2867892418314344e-05 2.4216967771850355e-41
4.386742498973848e-05 2.3727308635663447e-41
4.489026324065786e-05 2.325035750046229e-41
4.5936950579773975e-05 2.278586813983543e-41
4.700804308621986e-05 2.2333600584793577e-41
4.8104109804991236e-05 2.1893322618685547e-41
4.922573304926602e-05 2.1464793909418173e-41
5.0373508709772956e-05 2.1047844086620242e-41
5.154804657137365e-05 2.0642215006627128e-41
5.27499706370262e-05 2.024771647971481e-41
5.397991945930254e-05 1.9864152594218648e-41
5.5238546479635675e-05 1.9491330752914282e-41
5.6526520375476976e-05 1.9129066857839578e-41
5.784452541554797e-05 1.8777182348716597e-41
5.9193261823375433e-05 1.8435508626147986e-41
6.057344614930286e-05 1.8103877431943163e-41
6.198581165117595e-05 1.7782133219468398e-41
6.34311086839044e-05 1.7470121802746998e-41
6.491010509810695e-05 1.7167701046943664e-41
6.642358664805138e-05 1.6874729716619582e-41
6.797235740910648e-05 1.659107729707647e-41
6.955724020492732e-05 1.6316618102815045e-41
7.117907704460117e-05 1.6051233406777684e-41
7.283872956998614e-05 1.57948116228162e-41
7.453707951348025e-05 1.5547247388732553e-41
7.627502916646401e-05 1.5308443513860337e-41
7.805350185866558e-05 1.5078308576023096e-41
7.987344244870308e-05 1.4856757857306949e-41
8.173581782606456e-05 1.4643716933124393e-41
8.364161742479263e-05 1.44391164768921e-41
8.559185374914618e-05 1.4242893988476504e-41
8.758756291151902e-05 1.4054996557916342e-41
8.96298051829007e-05 1.3875378935352388e-41
9.17196655561724e-05 1.370400351815311e-41
9.385825432253677e-05 1.354084312860975e-41
9.604670766138824e-05 1.3385876711477622e-41
9.828618824393714e-05 1.3239094091070921e-41
0.00010057788585090809 1.310049407470894e-41
0.00010292301800464121 1.297008556405746e-41
0.00010532283061593165 1.284788713257253e-41
0.00010777859864595113 1.2733928299585794e-41
0.00011029162678360347 1.2628249525472214e-41
0.00011286325013867351 1.2530902788615713e-41
0.00011549483495113791 1.2441952080502688e-41
0.00011818777931701482 1.2361473942016816e-41
0.0001209435139311377 1.2289558059904461e-41
0.00012376350284724815 1.222630788820532e-41
0.00012664924425581149 1.2171841173502202e-41
0.00012960227127996844 1.2126291054892597e-41
0.00013262415279004548 1.208980612397933e-41
0.00013571649423705693 1.2062551764891927e-41
0.0001388809385056415 1.2044711012324523e-41
0.00014211916678688624 1.2036484824878175e-41
0.00014543289947150178 1.2038093579781005e-41
0.0001488238970638237 1.2049777797636806e-41
0.00015229396111712465 1.2071799058528352e-41
0.00015584493519073535 1.2104441632052442e-41
0.00015947870582948208 1.2148012168431032e-41
0.00016319720356596128 1.2202842739251208e-41
0.00016700240394618395 1.2269290484965512e-41
0.00017089632857913436 1.2347739152196162e-41
0.000174881046210801 1.243860112628374e-41
0.00017895867382325032 1.254231763292538e-41
0.0001831313777593269 1.265936088919791e-41
0.00018740137487357792 1.2790234969879222e-41
0.00019177093371001327 1.293547756702113e-41
0.000196242375707327 1.3095660913197054e-41
0.00020081807643222024 1.3271393719733662e-41
0.00020550046684148122 1.346332236305295e-41
0.0002102920345734925 1.367213242414012e-41
0.0002151953252698519 1.3898550287852847e-41
0.00022021294392780895 1.41433445211993e-41
0.00022534755628423554 1.4407327538169765e-41
0.0002306018902318662 1.4691357126724357e-41
0.00023597873726856003 1.4996338030937976e-41
0.0002414809539803547 1.5323223521977e-41
0.0002471114635590999 1.5673017122372722e-41
0.00025287325735547713 1.6046774011241086e-41
0.00025876939646823026 1.644560276682235e-41
0.00026480301337045197 1.6870667060707534e-41
0.000270977313573789 1.7323186867151402e-41
0.00027729557733145163 1.7804440243790187e-41
0.00028376116138093086 1.8315764776991413e-41
0.0002903775007273506 1.8858558483610952e-41
0.00029714811046840066 1.9434281273906158e-41
0.00030407658766182135 2.0044455721521035e-41
0.00031116661323643183 2.069066764607955e-41
0.0003184219539477161 2.1374566326544225e-41
0.00032584646437900766 2.2097864524017885e-41
0.00033344408898933415 2.2862337920715424e-41
0.0003412188642090111 2.366982397909618e-41
0.0003491749205840977 2.4522220519652753e-41
0.0003573164849708539 2.5421483712058567e-41
0.0003656478827813646 2.636962519820104e-41
0.0003741735402815245 2.7368709293354344e-41
0.0003828979869426037 2.8420849105158056e-41
0.000391825857847644 2.9528202496690657e-41
0.000400961896153964 3.0692967415803206e-41
0.0004103109556130814 3.19173767668378e-41
0.0004198780031493915 3.320369284697955e-41
0.00042966812149897106 3.4554200930149763e-41
0.000439686511909911 3.5971202460411524e-41
0.0004499384969056106 3.745700711522316e-41
0.00046042952311250296 3.901392389666569e-41
0.0004711651641537129 4.064425096089633e-41
0.00048215112361018567 4.2350263932592196e-41
0.0004933932380508582 4.4134202709250537e-41
0.0005048974801334842 4.599825649418704e-41
0.0005166699617777604 4.794454735786099e-41
0.0005287169374124361 4.997511215025175e-41
0.0005410448072981404 5.209188314179875e-41
0.0005536601209276797 5.429666769184084e-41
0.0005665695805056229 5.659112698197516e-41
0.0005797800445090163 5.897675418569465e-41
0.0005932985313311235 6.145485196493391e-41
0.000607132223010125 6.402650944730816e-41
0.0006212884690447563 6.669257838255823e-41
0.0006357747902989163 6.945364850938761e-41
0.0006505988829973161 7.23100221255127e-41
0.0006657686228142928 7.52616877286612e-41
0.0006812920690579615 7.830829359511032e-41
0.0006971774689519261 8.144912131505031e-41
0.0007134332620168255 8.468306033275018e-41
0.0007300680845540431 8.800858387752017e-41
0.0007470907742339592 9.142372687771936e-41
0.0007645103747911887 9.49260659689297e-41
0.0007823361408292924 9.85127016974655e-41
0.00080057754273752 1.0218024301183057e-40
0.0008192442717221943 1.0592479413878329e-40
0.0008383462449554094 1.0974194422022167e-40
0.0008578936108437789 1.136267604693579e-40
0.0008778967544200344 1.1757378553007804e-40
0.000898366302860337 1.2157703968965453e-40
0.0009193131311302326 1.2563002812802343e-40
0.0009407483677622533 1.2972575327078767e-40
0.000962683400768232 1.338567318145994e-40
0.000985129883689471 1.3801501669225732e-40
0.0010080997417879817 1.4219222367509498e-40
0.0010316051783820807 1.4637956328014954e-40
0.0010556586813297128 1.5056787804948847e-40
0.0010802730296629402 1.547476849893544e-40
0.001105461300377127 1.589092227968988e-40
0.0011312368753784248 1.6304250306266413e-40
0.0011576134485932472 1.6713736488920014e-40
