results/limits/Pino_f_6.dat
# %ECSV 1.0
# ---
# datatype:
# - {name: mx, unit: MeV, datatype: float64}
# - {name: sigma_6, unit: cm2, datatype: float64}
# schema: astropy-2.0
mx sigma_6
[from data line 358]
0.0012122259692915415 1.7517067678869171e-40
0.0012404909310584848 1.7908847628328863e-40
0.0012694149350204683 1.8292668340422073e-40
0.0012990133477864558 1.866751882822286e-40
0.0013293018942621524 1.9032408328309935e-40
0.001360296666004259 1.9386372644063784e-40
0.001392014129769518 1.972848033401778e-40
0.0014244711362630968 2.0057838674944237e-40
0.0014576849290909482 2.037359930364201e-40
0.0014916731539209149 2.0674963457487696e-40
0.0015264538678574353 2.096118677421722e-40
0.0015620455490348386 2.123158361400638e-40
0.0015984671064343198 2.1485530853885507e-40
0.0016357378899298156 2.1722471095465414e-40
0.0016738777005681136 2.1941915259601226e-40
0.0017129068010886602 2.214344457062974e-40
0.0017528459266886532 2.2326711927375906e-40
0.00179371629603914 2.2491442640591933e-40
0.0018355396225579732 2.2637434544611406e-40
0.0018783381259456144 2.276455751903594e-40
0.0019221345439899109 2.2872752450568996e-40
0.001966952144646121 2.2962029649462844e-40
0.0020128147383986056 2.3032466763303484e-40
0.002059746690910748 2.3084206247025627e-40
0.0021077729359698315 2.3117452428947782e-40
0.0021569189887337423 2.3132468215387145e-40
0.002207210959286545 2.312957149777479e-40
0.0022586755665101248 2.3109131316353014e-40
0.0023113401522792685 2.3071563824139455e-40
0.0023652326959877285 2.301732811023088e-40
0.0024203818294129824 2.2946921935020136e-40
0.0024768168519275916 2.2860877418162447e-40
0.002534567746065232 2.2759756729235126e-40
0.0025936651934496745 2.2644147822985163e-40
0.0026541405910951734 2.2514660252367337e-40
0.0027160260680869266 2.2371921097467392e-40
0.0027793545026504624 2.221657103757356e-40
0.002844159539619031 2.204926059041938e-40
0.0029104756083082714 2.1870646542545142e-40
0.0029783379408076585 2.1681388584019922e-40
0.0030477825906984404 2.148214616329579e-40
0.0031188464522080173 2.1273575569603002e-40
0.0031915672798109355 2.105632724932394e-40
0.0032659837082868936 2.083104335908422e-40
0.003342135273246469 2.0598355554755114e-40
0.0034200624321353945 2.035888301439815e-40
0.0034998065857286074 2.0113230689430675e-40
0.0035814101001254554 1.9861987777909896e-40
0.003664916329257761 1.9605726410946093e-40
0.0037503696379226933 1.9345000543035702e-40
0.0038378154253526898 1.9080345035283017e-40
0.003927300149334948 1.8812274920288556e-40
0.004018871350893299 1.854128483663197e-40
0.00411257767954558 1.8267848620656054e-40
0.004208468919149921 1.79924190432241e-40
0.004306596014353682 1.7715427678932875e-40
0.004407011097659079 1.7437284895688095e-40
0.004509767517119906 1.7158379952639181e-40
0.004614919864684026 1.6879081194949891e-40
0.004722524005196735 1.6599736334350734e-40
0.004832637106080367 1.6320672804897783e-40
0.004945317667705937 1.6042198183973574e-40
0.005060625554472947 1.576460066916649e-40
0.005178622026613854 1.5488149602276432e-40
0.005299369772740128 1.5213096032337653e-40
0.005422932943147155 1.4939673310186104e-40
0.0055493771838957115 1.466809770772089e-40
0.00567876967168809 1.4398569055620642e-40
0.005811179149557424 1.4131271393870457e-40
0.0059466759633891655 1.3866373630021952e-40
0.006085332099294114 1.3604030200651732e-40
0.006227221221852859 1.3344381731994748e-40
0.006372418713251954 1.3087555696211323e-40
0.006521001713332612 1.2833667060196582e-40
0.006673049160573193 1.258281892425911e-40
0.006828641834027273 1.23351031483818e-40
0.006987862396239558 1.2090600964132968e-40
0.00715079543716245 1.1849383570620312e-40
0.007317527519096606 1.1611512713175024e-40
0.007488147222679345 1.1377041243721158e-40
0.007662745193945353 1.1146013662024593e-40
0.007841414192484688 1.0918466637232028e-40
0.008024249140723652 1.0694429509301245e-40
0.008211347174354735 1.0473924770093484e-40
0.008402807693942412 1.0256968524047684e-40
0.008598732417732204 1.0043570928486372e-40
0.008799225435691074 9.83373661371554e-41
0.009004393264807849 9.62746508317777e-41
0.009214344905683071 9.424751094000087e-41
0.009429191900438323 9.225585018347205e-41
0.009649048391975805 9.029953186048035e-41
0.009874031184619632 8.837838209010605e-41
0.010104259806171096 8.649219287976779e-41
0.01033985657141083 8.464072502197854e-41
0.010580946647081629 8.282371082632801e-41
0.010827658118386449 8.104085669285471e-41
0.011080122057036918 7.929184553306261e-41
0.011338472590888495 7.75763390448717e-41
0.01160284697519928 7.589397984778656e-41
0.01187338566555036 7.424439348452278e-41
0.012150232392466372 7.262719029525697e-41
0.012433534237775993 7.104196717055935e-41
0.01272344171275288 6.948830918894708e-41
0.013020108838078586 6.796579114484889e-41
0.013323693225669961 6.647397897261494e-41
0.013634356162414448 6.501243107203254e-41
0.013952262695857842 6.358069954063173e-41
0.014277581721889965 6.217833131787649e-41
0.014610486074474885 6.080486924614498e-41
0.014951152617473332 5.945985305321305e-41
0.015299762338606094 5.814282026075605e-41
0.015656500445608335 5.685330702319395e-41
0.016021556464625875 5.55908489010091e-41
0.016395124340905766 5.435498157247854e-41
0.016777402541834602 5.314524148757458e-41
0.017168594162379338 5.19611664676058e-41
0.01756890703298664 5.080229625399203e-41
0.017978553829998065 4.966817300939522e-41
0.01839775218863974 4.855834177425924e-41
0.01882672481864659 4.747235088165085e-41
0.01926569962258253 4.640975233313872e-41
0.019714909816919448 4.5370102138295443e-41
0.020174594055939365 4.435296062026607e-41
0.02064499655852557 4.3357892689707004e-41
0.021126367237910063 4.2384468089268104e-41
0.021618961834446313 4.143226161066456e-41
0.02212304205147776 4.0500853286264894e-41
0.022638875694374342 3.958982855700831e-41
0.0231667368128109 3.869877841835341e-41
0.02370690584636297 3.7827299545859734e-41
0.024259669773497434 3.6974994401903354e-41
0.024825322264037063 3.6141471324936533e-41
0.025404163835180054 3.5326344602612126e-41
0.025996502011157406 3.452923453001036e-41
0.026602651486612925 3.374976745412825e-41
0.027222934293792744 3.298757580571544e-41
0.027857679973633073 3.224229811947176e-41
0.02850722575083718 3.1513579043554835e-41
0.02917191671303455 3.080106933928379e-41
0.029852105994117403 3.010442587186655e-41
0.030548154961852016 2.942331159292283e-41
0.031260433409864494 2.875739551552278e-41
0.031989319754103004 2.810635268241229e-41
0.0327352012338808 2.7469864128050656e-41
0.03349847411760691 2.6847616835041915e-41
0.034279543913313774 2.6239303685502385e-41
0.03507882558409363 2.5644623407866643e-41
0.03589674376855814 2.5063280519601275e-41
0.03673373300643846 2.4494985266259845e-41
0.037590237969445384 2.393945355728279e-41
0.038466713697512506 2.339640689891614e-41
0.03936362584054766 2.2865572324595544e-41
0.04028145090582124 2.2346682323116464e-41
0.04122067651112274 2.1839474764887438e-41
0.04218180164382002 2.1343692826540813e-41
0.043165336925959 2.0859084914154485e-41
0.044171804885544536 2.0385404585318752e-41
0.04520174023414663 1.9922410470263422e-41
0.046255690150979495 1.9469866192244408e-41
0.047334214573604344 1.902754028737203e-41
0.048437886495410414 1.859520612404911e-41
0.04956729227003216 1.8172641822172787e-41
0.05072303192286451 1.7759630172241267e-41
0.051905719469841495 1.7355958554494585e-41
0.05311598324364777 1.696141885820739e-41
0.05435446622753626 1.6575807401241361e-41
0.05562182639692926 1.6198924849955082e-41
0.056918737068984544 1.5830576139560504e-41
0.058245887260312136 1.5470570395006206e-41
0.05960398205303182 1.511872085246077e-41
0.06099374296936585 1.4774844781461498e-41
0.06241590835496589 1.4438763407787625e-41
0.06387123377117784 1.411030183711065e-41
0.06536049239645289 1.378928897946905e-41
0.06688447543711816 1.3475557474608747e-41
0.06844399254772507 1.316894361822647e-41
0.0700398722611988 1.2869287289147902e-41
0.0716729624290174 1.2576431877468922e-41
0.07334413067165428 1.2290224213684027e-41
0.07505426483952363 1.2010514498822326e-41
0.07680427348467332 1.173715623560867e-41
0.07859508634347626 1.1470006160663852e-41
0.08042765483057629 1.1208924177755522e-41
0.08230295254435131 1.0953773292108429e-41
0.08422197578416211 1.0704419545780736e-41
0.08618574407966152 1.0460731954110473e-41
0.08819530073244539 1.0222582443234566e-41
0.09025171337033296 9.989845788680948e-42
0.09235607451457113 9.762399555032535e-42
0.09450950216026408 9.540124036660437e-42
0.09671314037033632 9.322902199522308e-42
0.09896815988334524 9.110619624020587e-42
0.10127575873546546 8.903164448914105e-42
0.10363716289697593 8.70042731627567e-42
0.10605362692358762 8.502301317487208e-42
0.10852643462295801 8.308681940263141e-42
0.11105689973674641 8.119467016692215e-42
0.11364636663857243 7.934556672286938e-42
0.11629621104824843 7.753853276029543e-42
0.1190078407626656 7.577261391402636e-42
0.12178269640372161 7.404687728392351e-42
0.12462225218368743 7.236041096451371e-42
0.1275280166884199 7.071232358408893e-42
0.13050153367883624 6.910174385314231e-42
0.1335443829110759 6.752782012200589e-42
0.13665818097578622 6.598971994755203e-42
0.13984458215697693 6.448662966882138e-42
0.14310527931090045 6.3017753991435e-42
0.14644200476542463 6.158231558065053e-42
0.14985653124037576 6.017955466292112e-42
0.15335067278934078 5.880872863581334e-42
0.1569262857634292 5.746911168614241e-42
0.1605852697975066 5.6159994416182e-42
0.16432956881942368 5.488068347780673e-42
0.16816117208277714 5.363050121442485e-42
0.172082115223751 5.240878531056087e-42
0.1760944813425998 5.121488844894731e-42
0.1802004021103484 5.004817797498596e-42
0.18440205890129596 4.8908035568441116e-42
0.18870168395192646 4.7793856922226416e-42
0.1931015615468407 4.670505142815092e-42
0.1976040292323402 4.5641041869488376e-42
0.20221147905830805 4.460126412023792e-42
0.20692635884904578 4.358516685094397e-42
0.21175117350374192 4.259221124094547e-42
0.2166884863272632 4.1621870696926785e-42
0.22174092039197504 4.0673630577642886e-42
0.22691115993131514 3.974698792469468e-42
0.23220195176586036 3.884145119923122e-42
0.2376161067626448 3.795654002445765e-42
0.24315650132850383 3.709178493382938e-42
0.24882607893823822 3.624672712481525e-42
0.25462785169840935 3.542091821811387e-42
0.2605649019475973 3.46139200222093e-42
0.26664038389397104 3.382530430315456e-42
0.27285752529104135 3.305465255947263e-42
0.2792196291524867 3.2301555802067116e-42
0.2857300755069626 3.156561433903621e-42
0.2923923231938275 3.0846437565286e-42
0.2992099117007387 3.0143643756840183e-42
0.3061864630440946 2.945685986974621e-42
0.31332568369332287 2.878572134347887e-42
0.32063136654003577 2.8129871908744318e-42
0.3281073929131 2.748896339959019e-42
0.3357577346406907 2.6862655569727765e-42
0.343586456160426 2.625061591297536e-42
0.3515977166787018 2.565251948773328e-42
0.359795772380376 2.5068048745402134e-42
0.368184978689974 2.4496893362658766e-42
0.3767697925856183 2.393875007750525e-42
0.38555477496691104 2.339332252900801e-42
0.394544593078027 2.2860321100646363e-42
0.4037440229873054 2.2339462767190948e-42
0.4131579521246571 2.1830470945034014e-42
0.42279138187813525 2.133307534589586e-42
0.43264943025104924 2.0847011833832195e-42
0.4427373345810337 2.0372022285469938e-42
0.4530604543225162 1.9907854453399538e-42
0.4636242738940635 1.9454261832653695e-42
0.47443440559211736 1.9011003530204414e-42
0.48549659257266914 1.8577844137410484e-42
0.4968167119024568 1.815455360535036e-42
0.5084007776813051 1.7740907122975736e-42
0.5202549442372687 1.7336684998022922e-42
0.5323855093962742 1.6941672540620596e-42
0.5447989178279997 1.655565994953325e-42
0.557501764469769 1.6178442200981964e-42
0.5705007980302781 1.5809818939984096e-42
0.5838029245750183 1.5449594374155957e-42
0.5974152111952977 1.5097577169922943e-42
0.6113448897628128 1.4753580351083278e-42
0.6255993607717623 1.4417421199672192e-42
0.6401861972705483 1.4088921159075268e-42
0.6551131488851486 1.3767905739339897e-42
0.6703881459363026 1.3454204424635827e-42
0.686019303652694 1.3147650582816064e-42
0.7020149264823721 1.2848081377030886e-42
0.7183835125046995 1.2555337679348952e-42
0.7351337579451718 1.2269263986339863e-42
0.7522745617955077 1.1989708336574088e-42
0.7698150305414633 1.1716522229997097e-42
0.7877644830008832 1.1449560549135142e-42
0.8061324552745581 1.1188681482091504e-42
0.8249287058125218 1.093374644729259e-42
0.8441632205984669 1.0684620019944522e-42
0.8638462184550629 1.0441169860161158e-42
0.8839881564729563 1.0203266642726283e-42
0.9045997355663667 9.97078398845238e-43
0.9256919061582187 9.743598397100361e-43
0.9472758739978306 9.521589181824537e-43
0.9693631061142522 9.304638405108523e-43
0.9919653369084147 9.092630816158127e-43
1.0150945743873274 8.885453789718306e-43
1.0387631065436362 8.682997266281859e-43
1.0629835078839296 8.485153693658365e-43
1.0877686461092637 8.291817969872391e-43
1.1131316889514546 8.102887387360976e-43
1.1390861111687691 7.918261578440785e-43
1.16564570170473 7.737842462016166e-43
1.1928245710138414 7.561534191499976e-43
1.2206371585581264 7.389243103919609e-43
1.2490982404784545 7.220877670181286e-43
1.2782229374447416 7.05634844646643e-43
1.3080267226891875 6.8955680267341886e-43
1.3385254302268237 6.738450996305299e-43
1.369735263267732 6.584913886502355e-43
1.4016728028254128 6.434875130322815e-43
1.4343550165258654 6.288255019121057e-43
1.4677992676220706 6.144975660276642e-43
1.5020233242186567 6.00496093582634e-43
1.5370453687116559 5.868136462038036e-43
1.5728840074483612 5.73442954990512e-43
1.6095582806124205 5.603769166540294e-43
1.6470876723394143 5.47608589744859e-43
1.6854921210682972 5.3513119096593606e-43
1.7247920301341966 5.229380915697854e-43
1.7650082786082029 5.110228138377233e-43
1.8061622323899016 4.993790276392379e-43
1.848275755558551 4.880005470697214e-43
1.8913712219889245 4.768813271647773e-43
1.935471527238 4.6601546068935774e-43
1.9806001007088037 4.553971750000224e-43
2.0267809180978715 4.4502082897866686e-43
2.0740385141329463 4.3488091003608506e-43
2.1223979956076717 4.24972031183778e-43
2.171885054720213 4.152889281724601e-43
2.222525982722885 4.058264566957382e-43
2.274347683890048 3.965795896574856e-43
2.327377689811681 3.875434145014601e-43
2.3816441740202396 3.787131306017449e-43
2.437175966958554 3.7008404671263475e-43
2.4940025712967335 3.616515784766081e-43
2.552154177606206 3.5341124598906742e-43
2.611661680399223 3.45358671418548e-43
2.6725566945423505 3.3748957668114503e-43
2.7348715720526675 3.297997811679108e-43
2.7986394192855935 3.2228519952402512e-43
2.863894114523477 3.149418394785542e-43
2.9306703259742912 3.077657997236505e-43
2.999003530189995 3.0075326784206915e-43
3.068930030914351 2.939005182818895e-43
3.1404869783702067 2.872039103773836e-43
3.21371238899649 2.8065988641496615e-43
3.2886451656454048 2.7426496974320694e-43
3.3653251182505572 2.6801576292590046e-43
3.443792984976987 2.6190894593721355e-43
3.5240904538643507 2.559412743979471e-43
3.6062601849747473 2.5010957785198346e-43
3.6903458330569543 2.4441075808199914e-43
3.77639207073912 2.388417874635487e-43
3.8644446122622242 2.33399707356648e-43
3.9545502377669295 2.2808162653400036e-43
4.046756818146711 2.228847196450346e-43
4.141113340480481 2.178062257149329e-43
4.237669934058216 2.1284344667785917e-43
4.336477897013409 2.0799374594360248e-43
4.437589723576497 2.032545469968779e-43
4.541059131963759 1.9862333202854067e-43
4.646941092916466 1.9409764059798418e-43
4.755291858905486 1.8967506832601504e-43
4.866168994016832 1.853532656175078e-43
4.979631404534034 1.811299364131631e-43
5.0957393702336 1.770028369697049e-43
5.214554576410165 1.7296977466787003e-43
5.336140146648369 1.690286068475553e-43
5.4605606763588606 1.6517723966950601e-43
5.587882267096237 1.614136270029378e-43
5.718172561677172 1.5773576933850587e-43
5.851500780117376 1.5414171272603793e-43
5.987937756406471 1.5062954773647214e-43
6.127555976140354 1.4719740844744592e-43
6.270429615030991 1.4384347145199712e-43
6.416634578314149 1.4056595488985222e-43
6.566248541075969 1.3736311750078433e-43
6.719350989519823 1.342332576995414e-43
6.87602326319537 1.3117471267185054e-43
7.036348598212252 1.28185857491021e-43
