results/limits/Pino_f_6.dat
# %ECSV 1.0
# ---
# datatype:
# - {name: mx, unit: MeV, datatype: float64}
# - {name: sigma_6, unit: cm2, datatype: float64}
# schema: astropy-2.0
mx sigma_6
3.162277660168379e-07 3.926736896347149e-39
3.2360111549336787e-07 3.826235936593181e-39
3.311463862505236e-07 3.730211055589724e-39
3.388675869043115e-07 3.638565503474617e-39
3.4676881953794695e-07 3.551255095510992e-39
3.548542818811901e-07 3.4682817196160476e-39
3.6312826954049566e-07 3.3896856594333286e-39
3.715951782811629e-07 3.315537196931159e-39
3.8025950636269697e-07 3.2459280427600866e-39
3.89125856928623e-07 3.18096314018832e-39
3.9819894045202297e-07 3.120753315775999e-39
4.0748357723809307e-07 3.063694993647504e-39
4.169846999850535e-07 2.983442513766585e-39
4.2670735640476865e-07 2.9067857998060223e-39
4.3665671190447213e-07 2.833603405348839e-39
4.4683805233101997e-07 2.763815304955892e-39
4.572567867791303e-07 2.6973781060542906e-39
4.6791845046510194e-07 2.6342799197407262e-39
4.788287076675383e-07 2.5745349516850864e-39
4.899933547366384e-07 2.518177968220925e-39
5.014183231736547e-07 2.4652588505040744e-39
5.131096827821533e-07 2.41583746884615e-39
5.250736448927506e-07 2.3699790934618932e-39
5.373165656630395e-07 2.3121434233856663e-39
5.4984494945446e-07 2.253628461227875e-39
5.626654522879044e-07 2.197846254526102e-39
5.757848853798981e-07 2.144750642866815e-39
5.892102187612295e-07 2.0943204793082525e-39
6.029485849799565e-07 2.0465554446056345e-39
6.17007282890752e-07 2.0014718570630736e-39
6.313937815326057e-07 1.9590985999776383e-39
6.461157240969403e-07 1.919473304766882e-39
6.611809319882495e-07 1.8788250037435697e-39
6.765974089794179e-07 1.8315545949171805e-39
6.923733454639272e-07 1.7865270712612724e-39
7.085171228072106e-07 1.7437071881363076e-39
7.250373177994646e-07 1.703078884066779e-39
7.419427072122865e-07 1.6646419110351842e-39
7.592422724615558e-07 1.6284085263573848e-39
7.769452043790388e-07 1.5944003359677928e-39
7.950609080952509e-07 1.5611793433866204e-39
8.135990080361694e-07 1.5223535774386002e-39
8.325693530364543e-07 1.485408486298724e-39
8.519820215718901e-07 1.450320771758094e-39
8.718473271138315e-07 1.417081691632191e-39
8.921758236084957e-07 1.385694290430336e-39
9.12978311084014e-07 1.3561707339637573e-39
9.342658413882192e-07 1.3274148536526982e-39
9.560497240602198e-07 1.2948363461791514e-39
9.78341532338879e-07 1.2638717535771011e-39
1.0011531093113902e-06 1.2345066932474604e-39
1.0244965742052174e-06 1.2067379594717229e-39
1.048384328826741e-06 1.1805712122328454e-39
1.0728290641500308e-06 1.1552912223235803e-39
1.0978437670592484e-06 1.1272572697121414e-39
1.1234417272482566e-06 1.1006396207903846e-39
1.149636544281106e-06 1.075429266364917e-39
1.1764421348171486e-06 1.0516260967814485e-39
1.2038727400046132e-06 1.029236935294276e-39
1.2319429330465773e-06 1.0045216408548402e-39
1.2606676269433496e-06 9.809668345783895e-40
1.2900620824153782e-06 9.586736061008688e-40
1.3201419160108953e-06 9.376427808961502e-40
1.3509231084026028e-06 9.162743961904143e-40
1.38242201287781e-06 8.947519556637256e-40
1.4146553640265304e-06 8.743794601522622e-40
1.447640286632156e-06 8.551568043637075e-40
1.4813943047694329e-06 8.352719777506999e-40
1.5159353511145682e-06 8.159992194146742e-40
1.5512817764724183e-06 7.977890632219038e-40
1.587452359525819e-06 7.79469630825029e-40
1.6244663168122348e-06 7.615904585811407e-40
1.6623433129330315e-06 7.44537760358315e-40
1.7011034710007933e-06 7.273186573785904e-40
1.740767383330235e-06 7.109259120162478e-40
1.7813561223783898e-06 6.946195508047396e-40
1.8228912519398869e-06 6.78802367301961e-40
1.8653948386032614e-06 6.6335974046795e-40
1.908889463474389e-06 6.4823307968212175e-40
1.9533982341732686e-06 6.3344187036445975e-40
1.9989447971105317e-06 6.190599005457034e-40
2.045553350050195e-06 6.049415259162953e-40
2.0932486549653353e-06 5.911242493082422e-40
2.1420560511935146e-06 5.777217571494811e-40
2.192001468898943e-06 5.644945439373697e-40
2.2431114428485372e-06 5.516757016271785e-40
2.2954131265091837e-06 5.39103680564063e-40
2.3489343064737076e-06 5.267809046000515e-40
2.403703417223201e-06 5.149009947423354e-40
2.4597495562335635e-06 5.030267034480037e-40
2.5171024994342686e-06 4.918076769302728e-40
2.575792717027583e-06 4.803780307261815e-40
2.635851389676631e-06 4.6955603043922515e-40
2.6973104250709106e-06 4.587756199204313e-40
2.760202474878063e-06 4.4835417292084305e-40
2.8245609520908932e-06 4.381497272508518e-40
2.8904200487788716e-06 4.2814478764272e-40
2.9578147542535346e-06 4.1843450659024844e-40
3.026780873657441e-06 4.088697665199091e-40
3.097355046986562e-06 3.995815680847812e-40
3.1695747685562034e-06 3.904846250680762e-40
3.2434784069208122e-06 3.815686558435144e-40
3.319105225258239e-06 3.729505581057844e-40
3.3964954022292982e-06 3.644046760224246e-40
3.4756900533236943e-06 3.5610147433672e-40
3.5567312527036693e-06 3.4799936919611833e-40
3.6396620555569646e-06 3.400817111993079e-40
3.7245265209709786e-06 3.3234343713797478e-40
3.811369735340273e-06 3.24772676302049e-40
3.900237836319859e-06 3.1737970173187976e-40
3.991178037336996e-06 3.101539390626763e-40
4.0842386526745176e-06 3.0308759756240915e-40
4.179469123139017e-06 2.9618641944157003e-40
4.2769200423275275e-06 2.8945840408001143e-40
4.376643183506652e-06 2.8289820249244043e-40
4.478691527118417e-06 2.7642769990226837e-40
4.583119288927478e-06 2.7012755566449307e-40
4.689981948824612e-06 2.6399125050475676e-40
4.799336280301815e-06 2.5800629112182668e-40
4.911240380614659e-06 2.521260147932971e-40
5.0257537016479225e-06 2.463797959130781e-40
5.142937081500915e-06 2.407732290311012e-40
5.262852776809252e-06 2.3529947717098197e-40
5.385564495820272e-06 2.299530467591624e-40
5.511137432239651e-06 2.2471871936415375e-40
5.639638299867211e-06 2.1960820333538333e-40
5.771135368040315e-06 2.1461448574131724e-40
5.905698497903673e-06 2.0973356698647564e-40
6.043399179524854e-06 2.049609923923957e-40
6.184310569875183e-06 2.0030119402080833e-40
6.32850753169624e-06 1.957490970642225e-40
6.47606667327258e-06 1.9130169174666228e-40
6.627066389131828e-06 1.86957055266449e-40
6.781586901693754e-06 1.827141380220543e-40
6.939710303890459e-06 1.7855844975684793e-40
7.101520602780329e-06 1.7449869908413931e-40
7.267103764178904e-06 1.7053699492560643e-40
7.436547758330399e-06 1.666645877579642e-40
7.609942606644117e-06 1.6287925604965882e-40
7.787380429520604e-06 1.591807474063712e-40
7.968955495292936e-06 1.5557301522301694e-40
8.15476427030917e-06 1.5203644442471354e-40
8.344905470182516e-06 1.4858851334760227e-40
8.539480112236516e-06 1.4521846693827357e-40
8.738591569173047e-06 1.4192293987979125e-40
8.942345623991688e-06 1.3870485361355877e-40
9.150850526189614e-06 1.3556062883565586e-40
9.364217049271877e-06 1.3248862222468735e-40
9.58255854960264e-06 1.2948637360416968e-40
9.805991026628606e-06 1.2655252258652247e-40
1.0034633184506672e-05 1.2368715527685472e-40
1.0268606495168497e-05 1.2088627863241354e-40
1.0508035262855554e-05 1.1815015939172758e-40
1.07530466901589e-05 1.1547634738521364e-40
1.1003770945598772e-05 1.1286424196905184e-40
1.1260341232779899e-05 1.1031215335309595e-40
1.1522893861159297e-05 1.078183975486528e-40
1.1791568318464117e-05 1.0538219718278155e-40
1.206650734479802e-05 1.0300206981201214e-40
1.2347857008475478e-05 1.0067643311357277e-40
1.263576678362426e-05 9.840465362737944e-41
1.293038962959737e-05 9.618466234290961e-41
1.3231882072236462e-05 9.401607788997423e-41
1.3540404287030327e-05 9.189704912533946e-41
1.3856120184212054e-05 8.982731439112614e-41
1.4179197495840522e-05 8.780501891041327e-41
1.4509807864912299e-05 8.58295191759066e-41
1.484812693655133e-05 8.389957658862618e-41
1.5194334451324849e-05 8.201417266625935e-41
1.5548614340735104e-05 8.017250838835608e-41
1.5911154824937624e-05 7.837328778240296e-41
1.6282148512737936e-05 7.661587287043106e-41
1.6661792503919872e-05 7.48989448774109e-41
1.7050288493959805e-05 7.322187185721027e-41
1.7447842881182494e-05 7.158377261979038e-41
1.785466687641539e-05 6.99837134810815e-41
1.8270976615199758e-05 6.842086441288792e-41
1.869699327261814e-05 6.689432674075144e-41
1.91329431807992e-05 6.540336482945439e-41
1.957905794916243e-05 6.394715822569388e-41
2.003557458746648e-05 6.252488544569218e-41
2.0502735631726606e-05 6.113592090587608e-41
2.0980789273068064e-05 5.977937555520285e-41
2.1469989489583918e-05 5.845468819854411e-41
2.1970596181267336e-05 5.716098005430786e-41
2.2482875308090033e-05 5.589775346522065e-41
2.3007099031300245e-05 5.46641944192843e-41
2.354354585801526e-05 5.345965735428551e-41
2.4092500789185385e-05 5.228358360015237e-41
2.4654255471007912e-05 5.113530154586503e-41
2.5229108349871537e-05 5.001420267461608e-41
2.5817364830913554e-05 4.891967569153504e-41
2.641933744027406e-05 4.78511832509089e-41
2.7035345991133382e-05 4.680816197060941e-41
2.7665717753620915e-05 4.579003463022175e-41
2.8310787628685666e-05 4.4796252339128964e-41
2.8970898326020842e-05 4.3826297320704035e-41
2.964640054613707e-05 4.287967618920886e-41
3.033765316668089e-05 4.195586717033455e-41
3.104502343309761e-05 4.10544054008634e-41
3.176888715373972e-05 4.0174780802803625e-41
3.25096288995246e-05 3.9316565990005796e-41
3.326764220824756e-05 3.847927191008329e-41
3.4043329793658724e-05 3.766249531920717e-41
3.483710375941493e-05 3.686577651171194e-41
3.5649385818020195e-05 3.608870718466854e-41
3.648060751487119e-05 3.5330883425389344e-41
3.73312104575266e-05 3.4591908934469197e-41
3.820164655032238e-05 3.387137987870111e-41
3.90923782344573e-05 3.316893581059669e-41
4.0003878733676586e-05 3.248420297006911e-41
4.093663230568398e-05 3.1816825378766616e-41
4.1891134499415887e-05 3.1166454753001063e-41
4.2867892418314344e-05 3.0532753557987244e-41
4.386742498973848e-05 2.991539062730785e-41
4.489026324065786e-05 2.931405202536108e-41
4.5936950579773975e-05 2.872842516961844e-41
4.700804308621986e-05 2.815820451282343e-41
4.8104109804991236e-05 2.760310002225279e-41
4.922573304926602e-05 2.7062834350156866e-41
5.0373508709772956e-05 2.6537122850348177e-41
5.154804657137365e-05 2.602570370174982e-41
5.27499706370262e-05 2.5528320803073266e-41
5.397991945930254e-05 2.504472446114504e-41
5.5238546479635675e-05 2.457467071620287e-41
5.6526520375476976e-05 2.411792804051456e-41
5.784452541554797e-05 2.367427324772369e-41
5.9193261823375433e-05 2.324348885719937e-41
6.057344614930286e-05 2.2825369659978778e-41
6.198581165117595e-05 2.2419713296833827e-41
6.34311086839044e-05 2.2026331097602152e-41
6.491010509810695e-05 2.1645037499259637e-41
6.642358664805138e-05 2.127565702056002e-41
6.797235740910648e-05 2.091803136446906e-41
6.955724020492732e-05 2.0571992713167407e-41
7.117907704460117e-05 2.0237395848028096e-41
7.283872956998614e-05 1.9914097922494629e-41
7.453707951348025e-05 1.9601970222333938e-41
7.627502916646401e-05 1.9300886239352104e-41
7.805350185866558e-05 1.9010731899286682e-41
7.987344244870308e-05 1.8731401494248339e-41
8.173581782606456e-05 1.8462799407244812e-41
8.364161742479263e-05 1.8204838662612323e-41
8.559185374914618e-05 1.795744137804279e-41
8.758756291151902e-05 1.7720540308883782e-41
8.96298051829007e-05 1.7494078293690653e-41
9.17196655561724e-05 1.7278008806600676e-41
9.385825432253677e-05 1.707229557947785e-41
9.604670766138824e-05 1.6876913896574652e-41
9.828618824393714e-05 1.6691850230349932e-41
0.00010057788585090809 1.6517103612478132e-41
0.00010292301800464121 1.6352684445960052e-41
0.00010532283061593165 1.6198616665471942e-41
0.00010777859864595113 1.6054937328895328e-41
0.00011029162678360347 1.5921697559502337e-41
0.00011286325013867351 1.5798962757908343e-41
0.00011549483495113791 1.5686813651113912e-41
0.00011818777931701482 1.5585346893246243e-41
0.0001209435139311377 1.5494675329370533e-41
0.00012376350284724815 1.5414929516338425e-41
0.00012664924425581149 1.5346257881969178e-41
0.00012960227127996844 1.5288827765718191e-41
0.00013262415279004548 1.5242827947162606e-41
0.00013571649423705693 1.52084658318452e-41
0.0001388809385056415 1.5185972052815946e-41
0.00014211916678688624 1.5175600595781796e-41
0.00014543289947150178 1.5177628870321378e-41
0.0001488238970638237 1.5192360388402893e-41
0.00015229396111712465 1.5220124937014741e-41
0.00015584493519073535 1.5261280557337241e-41
0.00015947870582948208 1.5316214447504134e-41
0.00016319720356596128 1.5385344807689565e-41
0.00016700240394618395 1.5469121996748778e-41
0.00017089632857913436 1.5568030113952704e-41
0.000174881046210801 1.568258881857246e-41
0.00017895867382325032 1.5813354633000956e-41
0.0001831313777593269 1.59609227375255e-41
0.00018740137487357792 1.612592886241536e-41
0.00019177093371001327 1.6309050681855167e-41
0.000196242375707327 1.651100986326391e-41
0.00020081807643222024 1.673257378186683e-41
0.00020550046684148122 1.6974557402441819e-41
0.0002102920345734925 1.723782516579905e-41
0.0002151953252698519 1.752329280764568e-41
0.00022021294392780895 1.7831929392249997e-41
0.00022534755628423554 1.816475919194374e-41
0.0002306018902318662 1.8522863708187104e-41
0.00023597873726856003 1.89073836364305e-41
0.0002414809539803547 1.931952090840899e-41
0.0002471114635590999 1.9760540663922884e-41
0.00025287325735547713 2.0231773378422025e-41
0.00025876939646823026 2.0734616710607035e-41
0.00026480301337045197 2.12705377677449e-41
0.000270977313573789 2.1841074764167183e-41
0.00027729557733145163 2.244783906642703e-41
0.00028376116138093086 2.309251703659445e-41
0.0002903775007273506 2.377687136238964e-41
0.00029714811046840066 2.4502742692592e-41
0.00030407658766182135 2.5272050676120296e-41
0.00031116661323643183 2.6086794676313917e-41
0.0003184219539477161 2.694905415456907e-41
0.00032584646437900766 2.7860988572290955e-41
0.00033344408898933415 2.8824836608786184e-41
0.0003412188642090111 2.9842915107950377e-41
0.0003491749205840977 3.09176167353756e-41
0.0003573164849708539 3.205140777738517e-41
0.0003656478827813646 3.32468246118334e-41
0.0003741735402815245 3.450646987489137e-41
0.0003828979869426037 3.583300779703613e-41
0.000391825857847644 3.722915899924007e-41
0.000400961896153964 3.8697694661074437e-41
0.0004103109556130814 4.024143004114755e-41
0.0004198780031493915 4.18632173888115e-41
0.00042966812149897106 4.356593804409467e-41
0.000439686511909911 4.535249363762421e-41
0.0004499384969056106 4.722579621070269e-41
0.00046042952311250296 4.918875696664249e-41
0.0004711651641537129 5.124427339907985e-41
0.00048215112361018567 5.33952146173488e-41
0.0004933932380508582 5.564440469838595e-41
0.0005048974801334842 5.799460380492535e-41
0.0005166699617777604 6.044848742687738e-41
0.0005287169374124361 6.300862358919375e-41
0.0005410448072981404 6.567744854775104e-41
0.0005536601209276797 6.845724100025369e-41
0.0005665695805056229 7.135009537820599e-41
0.0005797800445090163 7.435789424751083e-41
0.0005932985313311235 7.748228005100719e-41
0.000607132223010125 8.07246259030958e-41
0.0006212884690447563 8.408600574051655e-41
0.0006357747902989163 8.756716311400209e-41
0.0006505988829973161 9.116847907224892e-41
0.0006657686228142928 9.488993919213136e-41
0.0006812920690579615 9.873109999866674e-41
0.0006971774689519261 1.0269105572202603e-40
0.0007134332620168255 1.0676840617654124e-40
0.0007300680845540431 1.109612264163125e-40
0.0007470907742339592 1.152670388660409e-40
0.0007645103747911887 1.1968278816042927e-40
0.0007823361408292924 1.2420481861251644e-40
0.00080057754273752 1.2882885486600305e-40
0.0008192442717221943 1.3354998508684208e-40
0.0008383462449554094 1.3836264808085533e-40
0.0008578936108437789 1.4326062457737652e-40
0.0008778967544200344 1.4823703394927783e-40
0.000898366302860337 1.5328433696758604e-40
0.0009193131311302326 1.583943449789367e-40
0.0009407483677622533 1.6355823539896654e-40
0.000962683400768232 1.6876657333607389e-40
0.000985129883689471 1.7400933909401329e-40
0.0010080997417879817 1.792759618390963e-40
0.0010316051783820807 1.8455535980132755e-40
0.0010556586813297128 1.898359872365364e-40
0.0010802730296629402 1.951058880118428e-40
0.001105461300377127 2.0035275506795502e-40
0.0011312368753784248 2.055639950032705e-40
0.0011576134485932472 2.1072679697508537e-40
0.0011846050332435167 2.1582820552229846e-40
