results/limits/Pino_l_phase.dat
# %ECSV 1.0
# ---
# datatype:
# - {name: mx, unit: MeV, datatype: float64}
# - {name: sigma_10, unit: cm2, datatype: float64}
# - {name: sigma_9, unit: cm2, datatype: float64}
# - {name: sigma_7, unit: cm2, datatype: float64}
# - {name: sigma_6, unit: cm2, datatype: float64}
# - {name: sigma_5, unit: cm2, datatype: float64}
# - {name: sigma_4, unit: cm2, datatype: float64}
# - {name: sigma_3, unit: cm2, datatype: float64}
# - {name: sigma_2, unit: cm2, datatype: float64}
# schema: astropy-2.0
mx sigma_10 sigma_9 sigma_7 sigma_6 sigma_5 sigma_4 sigma_3 sigma_2
[from data line 80]
1.9989447971105317e-06 3.1201115648036645e-49 3.6447419143747246e-49 5.494949484801431e-49 7.364066102967043e-49 1.1155892800831479e-48 2.2112942054526236e-48 2.1796262899979884e-48 3.144710141507131e-49
2.045553350050195e-06 3.120065614046994e-49 3.644742388419122e-49 5.494950580038812e-49 7.364068070012266e-49 1.1155897314283594e-48 2.2112959902896892e-48 2.1796321599909446e-48 3.144730272755698e-49
2.0932486549653353e-06 3.120023370642859e-49 3.6447428858822375e-49 5.494951726942912e-49 7.364070129851151e-49 1.1155902040655258e-48 2.2112978593268492e-48 2.1796383069177304e-48 3.144751353831879e-49
2.1420560511935146e-06 3.1199845557521724e-49 3.6447434077735565e-49 5.494952927950915e-49 7.364072286860913e-49 1.1155906989990316e-48 2.211299816536127e-48 2.179644743843809e-48 3.144773429555127e-49
2.192001468898943e-06 3.119948910045732e-49 3.644743955163009e-49 5.49495418561493e-49 7.364074545625204e-49 1.1155912172806326e-48 2.2113018660769017e-48 2.179651484451083e-48 3.144796546860241e-49
2.2431114428485372e-06 3.1199161925408183e-49 3.644744529175764e-49 5.494955502607475e-49 7.364076910943876e-49 1.1155917600116928e-48 2.2113040123047498e-48 2.1796585430669923e-48 3.1448207548972843e-49
2.2954131265091837e-06 3.119886179499147e-49 3.644745130996047e-49 5.4949568817270604e-49 7.364079387843142e-49 1.115592328345523e-48 2.2113062597806987e-48 2.1796659346949667e-48 3.144846105136163e-49
2.3489343064737076e-06 3.1198586633641354e-49 3.6447457618721696e-49 5.494958325904227e-49 7.364081981586297e-49 1.1155929234898307e-48 2.211308613280915e-48 2.1796736750463227e-48 3.1448726514762117e-49
2.403703417223201e-06 3.119833451756913e-49 3.6447464231162885e-49 5.4949598382077e-49 7.364084697684846e-49 1.115593546709283e-48 2.2113110778068526e-48 2.1796817805736776e-48 3.1449004503608815e-49
2.4597495562335635e-06 3.1198103664759905e-49 3.644747116106337e-49 5.4949614218509546e-49 7.364087541910255e-49 1.1155941993281979e-48 2.211313658595877e-48 2.1796902685059245e-48 3.144929560897941e-49
2.5171024994342686e-06 3.119789242633246e-49 3.64474784229214e-49 5.49496308019899e-49 7.364090520306158e-49 1.115594882733348e-48 2.211316361132386e-48 2.1796991568848536e-48 3.1449600449852563e-49
2.575792717027583e-06 3.119769927710409e-49 3.644748603194309e-49 5.494964816775547e-49 7.364093639201247e-49 1.1155955983769147e-48 2.2113191911594696e-48 2.1797084646035258e-48 3.1449919674426342e-49
2.635851389676631e-06 3.1197522807911156e-49 3.644749400409925e-49 5.4949666352704795e-49 7.364096905222647e-49 1.1155963477795633e-48 2.21132215469109e-48 2.179718211446435e-48 3.145025396149789e-49
2.6973104250709106e-06 3.119736171752232e-49 3.64475023561567e-49 5.4949685395477154e-49 7.364100325310043e-49 1.1155971325336819e-48 2.2113252580248892e-48 2.1797284181315838e-48 3.145060402190927e-49
2.760202474878063e-06 3.1197214805202103e-49 3.644751110568039e-49 5.494970533653332e-49 7.364103906730368e-49 1.1155979543067514e-48 2.211328507755527e-48 2.1797391063545232e-48 3.145097060006095e-49
2.8245609520908932e-06 3.119708096385656e-49 3.644752027111962e-49 5.494972621824286e-49 7.364107657093264e-49 1.1155988148448959e-48 2.2113319107887146e-48 2.1797502988344988e-48 3.1451354475497533e-49
2.8904200487788716e-06 3.119695917350802e-49 3.644752987181766e-49 5.494974808497256e-49 7.364111584367218e-49 1.1155997159765838e-48 2.2113354743558703e-48 2.1797620193627472e-48 3.145175646456796e-49
2.9578147542535346e-06 3.119684849499408e-49 3.644753992803175e-49 5.4949770983181825e-49 7.36411569689648e-49 1.1156006596165102e-48 2.2113392060294747e-48 2.1797742928530926e-48 3.1452177422164704e-49
3.026780873657441e-06 3.1196748064490944e-49 3.644755046102681e-49 5.494979496152075e-49 7.364120003418784e-49 1.1156016477696654e-48 2.2113431137391707e-48 2.1797871453949317e-48 3.145261824354502e-49
3.097355046986562e-06 3.119665708783111e-49 3.644756149307204e-49 5.4949820070933385e-49 7.364124513083883e-49 1.115602682535591e-48 2.2113472057885835e-48 2.179800604308705e-48 3.1453079866238525e-49
3.1695747685562034e-06 3.11965748354536e-49 3.644757304751161e-49 5.494984636476579e-49 7.364129235472979e-49 1.115603766112828e-48 2.2113514908729575e-48 2.1798146982040016e-48 3.145356327204502e-49
3.2434784069208122e-06 3.119650063798644e-49 3.64475851488032e-49 5.494987389887954e-49 7.364134180619026e-49 1.115604900803593e-48 2.211355978097628e-48 2.1798294570403883e-48 3.145406948912687e-49
3.319105225258239e-06 3.1196433881726538e-49 3.64475978225661e-49 5.494990273176971e-49 7.364139359028055e-49 1.1156060890186613e-48 2.211360676997349e-48 2.179844912191146e-48 3.1454599594200618e-49
3.3964954022292982e-06 3.119637400434156e-49 3.6447611095676394e-49 5.494993292468993e-49 7.364144781701481e-49 1.1156073332824838e-48 2.2113655975565496e-48 2.179861096509973e-48 3.145515471483233e-49
3.4756900533236943e-06 3.119632049111845e-49 3.644762499624833e-49 5.494996454178126e-49 7.364150460159385e-49 1.1156086362385426e-48 2.2113707502305187e-48 2.1798780444008792e-48 3.1455736031841552e-49
3.5567312527036693e-06 3.1196272871888254e-49 3.6447639553748785e-49 5.494999765020878e-49 7.364156406465003e-49 1.115610000654961e-48 2.2113761459676092e-48 2.179895791891342e-48 3.14563447818195e-49
3.6396620555569646e-06 3.119623071706459e-49 3.644765479906292e-49 5.4950032320304305e-49 7.3641626332503e-49 1.1156114294303781e-48 2.2113817962324834e-48 2.1799143767089433e-48 3.145698225976621e-49
3.7245265209709786e-06 3.1196193634998032e-49 3.644767076450956e-49 5.495006862571505e-49 7.36416915374278e-49 1.115612925600098e-48 2.2113877130304495e-48 2.1799338383616166e-48 3.1457649821852924e-49
3.811369735340273e-06 3.1196161269190182e-49 3.6447687483955906e-49 5.4950106643559925e-49 7.364175981793508e-49 1.1156144923425277e-48 2.2113939089329416e-48 2.1799542182216874e-48 3.1458348888315526e-49
3.900237836319859e-06 3.119613329534924e-49 3.644770499288306e-49 5.495014645459354e-49 7.364183131906523e-49 1.1156161329859207e-48 2.2114003971042134e-48 2.179975559613877e-48 3.1459080946485e-49
3.991178037336996e-06 3.1196109419414177e-49 3.6447723328434025e-49 5.495018814337687e-49 7.36419061926958e-49 1.1156178510154418e-48 2.211407191329276e-48 2.1799979079074714e-48 3.1459847553961674e-49
4.0842386526745176e-06 3.1196089374910416e-49 3.6447742529524655e-49 5.49502317984565e-49 7.364198459786333e-49 1.1156196500805467e-48 2.2114143060431524e-48 2.18002131061283e-48 3.146065034194028e-49
4.179469123139017e-06 3.1196072921304064e-49 3.644776263689724e-49 5.495027751255324e-49 7.364206670110107e-49 1.115621534002735e-48 2.211421756361519e-48 2.180045817482475e-48 3.146149101869265e-49
4.2769200423275275e-06 3.119605984174735e-49 3.6447783693229284e-49 5.495032538275707e-49 7.36421526767912e-49 1.1156235067836403e-48 2.211429558112766e-48 2.1800714806169336e-48 3.146237137321577e-49
4.376643183506652e-06 3.119604994156883e-49 3.644780574321183e-49 5.4950375510734666e-49 7.36422427075354e-49 1.1156255726135285e-48 2.211437727871615e-48 2.1800983545755958e-48 3.146329327905309e-49
4.478691527118417e-06 3.1196043046595574e-49 3.644782883365154e-49 5.495042800294327e-49 7.364233698454091e-49 1.1156277358801671e-48 2.2114462829942498e-48 2.1801264964927956e-48 3.1464258698297487e-49
4.583119288927478e-06 3.1196039001714468e-49 3.644785301355059e-49 5.4950482970857634e-49 7.364243570802655e-49 1.1156300011781398e-48 2.211455241655176e-48 2.1801559661994107e-48 3.1465269685784283e-49
4.689981948824612e-06 3.119603766948815e-49 3.644787833424839e-49 5.495054053120512e-49 7.364253908764619e-49 1.1156323733185721e-48 2.2114646228857452e-48 2.1801868263501502e-48 3.1466328393483617e-49
4.799336280301815e-06 3.119603892900373e-49 3.644790484948175e-49 5.495060080621297e-49 7.36426473429335e-49 1.115634857339338e-48 2.211474446614553e-48 2.180219142556918e-48 3.14674370751018e-49
4.911240380614659e-06 3.1196042674581054e-49 3.644793261553629e-49 5.4950663923868065e-49 7.364276070376653e-49 1.115637458515725e-48 2.2114847337096866e-48 2.180252983528445e-48 3.1468598090901452e-49
5.0257537016479225e-06 3.1196048814978515e-49 3.6447961691342854e-49 5.495073001818726e-49 7.364287941085476e-49 1.1156401823716188e-48 2.211495506022995e-48 2.1802884212165246e-48 3.146981391275108e-49
5.142937081500915e-06 3.119605727237893e-49 3.644799213862693e-49 5.495079922950073e-49 7.364300371624867e-49 1.1156430346911976e-48 2.2115067864364278e-48 2.180325530969168e-48 3.147108712941498e-49
5.262852776809252e-06 3.1196067981379007e-49 3.644802402201224e-49 5.4950871704749644e-49 7.364313388387358e-49 1.1156460215311915e-48 2.211518598910558e-48 2.1803643916909993e-48 3.147242045209513e-49
5.385564495820272e-06 3.1196080888411894e-49 3.644805740917182e-49 5.495094759779707e-49 7.364327019008762e-49 1.1156491492336926e-48 2.2115309685353675e-48 2.1804050860112326e-48 3.1473816720237375e-49
5.511137432239651e-06 3.119609595119594e-49 3.64480923709625e-49 5.495102706975336e-49 7.36434129242677e-49 1.1156524244396044e-48 2.2115439215834625e-48 2.180447700459583e-48 3.1475278907613916e-49
5.639638299867211e-06 3.1196113137605254e-49 3.6448128981589044e-49 5.495111028931678e-49 7.364356238942042e-49 1.1156558541026756e-48 2.2115574855657233e-48 2.180492325650512e-48 3.1476810128696355e-49
5.771135368040315e-06 3.119613242563727e-49 3.6448167318744155e-49 5.495119743313016e-49 7.36437189028245e-49 1.1156594455042439e-48 2.211571689289671e-48 2.1805390564761798e-48 3.1478413645332767e-49
5.905698497903673e-06 3.1196153802708297e-49 3.644820746379316e-49 5.495128868615526e-49 7.364388279670013e-49 1.1156632062686149e-48 2.211586562920453e-48 2.180587992308511e-48 3.148009287374324e-49
6.043399179524854e-06 3.1196177265113926e-49 3.644824950191131e-49 5.49513842420625e-49 7.364405441891322e-49 1.1156671443792206e-48 2.2116021380448073e-48 2.1806392372108478e-48 3.1481851391850108e-49
6.184310569875183e-06 3.1196202817821753e-49 3.644829352230459e-49 5.4951484303640955e-49 7.364423413370878e-49 1.11567126819547e-48 2.2116184477379222e-48 2.1806929001595887e-48 3.148369294695825e-49
6.32850753169624e-06 3.1196230474026424e-49 3.644833961837806e-49 5.4951589083227265e-49 7.364442232248287e-49 1.1156755864704763e-48 2.211635526633583e-48 2.1807490952763297e-48 3.148562146380262e-49
6.47606667327258e-06 3.1196260254886336e-49 3.64483878879296e-49 5.4951698803152445e-49 7.364461938458611e-49 1.1156801083695047e-48 2.211653410997427e-48 2.18080794207099e-48 3.148764105298135e-49
6.627066389131828e-06 3.119629218929076e-49 3.644843843335068e-49 5.495181369621354e-49 7.364482573816928e-49 1.1156848434893944e-48 2.2116721388038134e-48 2.180869565696445e-48 3.1489756019792224e-49
6.781586901693754e-06 3.119632631361687e-49 3.644849136186742e-49 5.495193400616286e-49 7.36450418210645e-49 1.1156898018787986e-48 2.2116917498161704e-48 2.1809340972152022e-48 3.149197087349304e-49
6.939710303890459e-06 3.1196362671497327e-49 3.6448546785748e-49 5.4952059988223785e-49 7.36452680917108e-49 1.1156949940594411e-48 2.2117122856711953e-48 2.1810016738787267e-48 3.149429033700574e-49
7.101520602780329e-06 3.1196401313824417e-49 3.644860482253372e-49 5.4952191909628626e-49 7.36455050301206e-49 1.1157004310483186e-48 2.2117337899669568e-48 2.181072439419967e-48 3.1496719357086503e-49
7.267103764178904e-06 3.1196442298627205e-49 3.6448665595320815e-49 5.4952330050182105e-49 7.36457531388926e-49 1.1157061243809638e-48 2.2117563083551464e-48 2.1811465443597587e-48 3.1499263114984283e-49
7.436547758330399e-06 3.1196485690912573e-49 3.644872923296636e-49 5.495247470285109e-49 7.364601294427195e-49 1.1157120861358004e-48 2.211779888637674e-48 2.1812241463277298e-48 3.150192703761171e-49
7.609942606644117e-06 3.119653156260254e-49 3.6448795870398235e-49 5.4952626174381986e-49 7.364628499725886e-49 1.115718328959611e-48 2.2118045808677314e-48 2.1813054103984098e-48 3.1504716809253457e-49
7.787380429520604e-06 3.1196579992623112e-49 3.644886564889445e-49 5.49527847859466e-49 7.36465698747701e-49 1.115724866094225e-48 2.211830437455669e-48 2.1813905094432796e-48 3.150763838383849e-49
7.968955495292936e-06 3.1196631066992913e-49 3.644893871636886e-49 5.4952950873818815e-49 7.36468681808543e-49 1.1157317114044323e-48 2.211857513279779e-48 2.1814796244994927e-48 3.1510697997803804e-49
8.15476427030917e-06 3.119668487865181e-49 3.644901522769901e-49 5.495312479008127e-49 7.364718054796308e-49 1.1157388794072028e-48 2.2118858658022743e-48 2.1815729451560884e-48 3.1513902183578848e-49
8.344905470182516e-06 3.1196741527654593e-49 3.644909534502767e-49 5.4953306903367e-49 7.364750763828255e-49 1.1157463853022689e-48 2.211915555190707e-48 2.1816706699585206e-48 3.151725778372148e-49
8.539480112236516e-06 3.119680112131388e-49 3.6449179238117124e-49 5.4953497599633314e-49 7.364785014512574e-49 1.1157542450041343e-48 2.2119466444450615e-48 2.1817730068323602e-48 3.152077196573687e-49
8.738591569173047e-06 3.119686377421225e-49 3.644926708472968e-49 5.495369728297337e-49 7.364820879439058e-49 1.1157624751755732e-48 2.2119791995307944e-48 2.1818801735271198e-48 3.1524452237614393e-49
8.942345623991688e-06 3.1196929608487307e-49 3.6449359070946405e-49 5.495390637646512e-49 7.364858434608512e-49 1.1157710932626932e-48 2.2120132895181016e-48 2.1819923980811366e-48 3.1528306464116992e-49
9.150850526189614e-06 3.1196998753793483e-49 3.644945539159524e-49 5.495412532305774e-49 7.364897759592352e-49 1.1157801175316091e-48 2.212048986727662e-48 2.1821099193085043e-48 3.153234288386113e-49
9.364217049271877e-06 3.1197071347715333e-49 3.644955625066636e-49 5.4954354586502965e-49 7.364938937699642e-49 1.1157895671068539e-48 2.212086366883241e-48 2.182232987309152e-48 3.1536570127226473e-49
9.58255854960264e-06 3.1197147535799357e-49 3.644966186170249e-49 5.495459465232515e-49 7.36498205615183e-49 1.1157994620115362e-48 2.212125509271361e-48 2.182361864003137e-48 3.1540997235136963e-49
9.805991026628606e-06 3.1197227472027163e-49 3.64497724482958e-49 5.495484602883979e-49 7.36502720626566e-49 1.1158098232094016e-48 2.2121664969084833e-48 2.1824968236903387e-48 3.1545633678756766e-49
1.0034633184506672e-05 3.1197311318755416e-49 3.644988824449946e-49 5.495510924821699e-49 7.36507448364442e-49 1.1158206726488056e-48 2.2122094167159262e-48 2.182638153636719e-48 3.1550489380146934e-49
1.0268606495168497e-05 3.119739924717053e-49 3.6450009495369054e-49 5.495538486759484e-49 7.365123988378142e-49 1.1158320333087491e-48 2.2122543597029902e-48 2.1827861546885132e-48 3.1555574733931778e-49
1.0508035262855554e-05 3.1197491437835773e-49 3.645013645743273e-49 5.495567347024403e-49 7.365175825252975e-49 1.1158439292470402e-48 2.2123014211585805e-48 2.1829411419155742e-48 3.1560900630025028e-49
1.07530466901589e-05 3.119758808049969e-49 3.645026939925592e-49 5.495597566678632e-49 7.365230103970308e-49 1.1158563856506767e-48 2.212350700851765e-48 2.1831034452853733e-48 3.15664784774704e-49
1.1003770945598772e-05 3.1197689374825058e-49 3.645040860198826e-49 5.4956292096468405e-49 7.365286939375872e-49 1.1158694288885663e-48 2.2124023032416683e-48 2.1832734103690637e-48 3.1572320229452545e-49
1.1260341232779899e-05 3.119779553067165e-49 3.645055435994086e-49 5.495662342849538e-49 7.36534645169944e-49 1.1158830865666617e-48 2.2124563376971096e-48 2.1834513990811605e-48 3.15784384095382e-49
1.1522893861159297e-05 3.1197906768587974e-49 3.645070698122518e-49 5.495697036342481e-49 7.365408766805651e-49 1.115897387585674e-48 2.2125129187264776e-48 2.1836377904544827e-48 3.158484613921077e-49
1.1791568318464117e-05 3.119802331993308e-49 3.645086678836187e-49 5.495733363462443e-49 7.365474016456165e-49 1.1159123622014051e-48 2.2125721662182473e-48 2.1838329814520013e-48 3.1591557166764125e-49
