results/limits/Pino_l_phase.dat
# %ECSV 1.0
# ---
# datatype:
# - {name: mx, unit: MeV, datatype: float64}
# - {name: sigma_10, unit: cm2, datatype: float64}
# - {name: sigma_9, unit: cm2, datatype: float64}
# - {name: sigma_7, unit: cm2, datatype: float64}
# - {name: sigma_6, unit: cm2, datatype: float64}
# - {name: sigma_5, unit: cm2, datatype: float64}
# - {name: sigma_4, unit: cm2, datatype: float64}
# - {name: sigma_3, unit: cm2, datatype: float64}
# - {name: sigma_2, unit: cm2, datatype: float64}
# schema: astropy-2.0
mx sigma_10 sigma_9 sigma_7 sigma_6 sigma_5 sigma_4 sigma_3 sigma_2
[from data line 883]
218.19200787898666 2.2876096597747796e-48 1.6088226379182436e-47 7.151969528762787e-41 7.127365754057768e-37 7.124720872678124e-33 6.890998444087137e-29 9.784060192725083e-26 2.440317504736261e-25
223.27949892173046 2.3114262361522846e-48 1.6674513862381082e-47 7.841480639603847e-41 7.815709317114085e-37 7.812821241316546e-33 7.556526188749545e-29 1.0728997791845322e-25 2.6760016398126397e-25
228.48561284787684 2.335719397107639e-48 1.7291048563031838e-47 8.597526186063112e-41 8.570532029745069e-37 8.567377850039839e-33 8.2863301312519e-29 1.1765196794577037e-25 2.9344479816169936e-25
233.81311553717836 2.360502667007834e-48 1.7939711050346591e-47 9.426529275175585e-41 9.398254373551395e-37 9.394808995138496e-33 9.086618021222485e-29 1.2901471162598502e-25 3.2178548879421604e-25
239.2648373602396 2.3857900520897633e-48 1.862251469602902e-47 1.0335533223511789e-40 1.0305916914395155e-36 1.0302152847395235e-32 9.964197148347376e-29 1.414748610375793e-25 3.528633032418004e-25
244.8436746822229 2.41159606014201e-48 1.9341615961526704e-47 1.1332261450459551e-40 1.1301240189664849e-36 1.1297127319151383e-32 1.0926532245551144e-28 1.5513840284863417e-25 3.8694259098340125e-25
250.55259140161598 2.4379357219660388e-48 2.009932553693527e-47 1.2425183155566313e-40 1.2392690379309332e-36 1.2388195713194263e-32 1.1981808984331321e-28 1.7012155984391673e-25 4.243132321817916e-25
256.3946205248776 2.464824613513173e-48 2.0898120406624178e-47 1.3623585338797682e-40 1.3589551319480813e-36 1.3584638712117698e-32 1.313900360257222e-28 1.8655177952287597e-25 4.652931034216656e-25
262.37286577779935 2.492278879322551e-48 2.174065692031988e-47 1.493765177595627e-40 1.4902003471016953e-36 1.4896633320179588e-32 1.440795925678575e-28 2.0456881817320303e-25 5.102307815806609e-25
268.49050325443824 2.5203152569027638e-48 2.2629784958758966e-47 1.6378549621489844e-40 1.6341210514973304e-36 1.633533942964178e-32 1.5799469748719903e-28 2.243259296480263e-25 5.595085088497523e-25
274.7507831044972 2.548951102362071e-48 2.356856328844128e-47 1.7958524374397307e-40 1.7919414310900413e-36 1.7912994747038588e-32 1.7325371337656167e-28 2.459911689463059e-25 6.135454440931081e-25
281.15703126004934 2.5782044171793516e-48 2.4560276209359055e-47 1.9691004016140263e-40 1.9650039026751692e-36 1.964301888798841e-32 1.8998643420484153e-28 2.697488217007698e-25 6.728012282436061e-25
287.7126512025234 2.608093876885312e-48 2.560845161050283e-47 2.1590713205427635e-40 2.1547805325272936e-36 2.1540127525100986e-32 2.0833518935089146e-28 2.958009717205587e-25 7.377798940311888e-25
294.4211257708895 2.6386388602029774e-48 2.671688055303551e-47 2.367379850138592e-40 2.3628855578366017e-36 2.3620457560146542e-32 2.2845605426360448e-28 3.2436921992517487e-25 8.090341533078814e-25
301.2860190120053 2.6698594806544993e-48 2.78896385200012e-47 2.5957965680487388e-40 2.5910891174776342e-36 2.5901704385477334e-32 2.5052017804875317e-28 3.556965692947839e-25 8.871700984469303e-25
308.3109780741064 2.701776618978645e-48 2.9131108474410167e-47 2.846263031464063e-40 2.8413323088488236e-36 2.8403272401693493e-32 2.747152392696775e-28 3.9004949186264235e-25 9.728523577871755e-25
315.4997351444457 2.7344119576027946e-48 3.044600588851322e-47 3.1209082892253003e-40 3.115743698961106e-36 3.114644007290434e-32 3.012470423550024e-28 4.277201953458889e-25 1.0668097490107767e-24
322.8561094321127 2.767788016819038e-48 3.1839405915731554e-47 3.4220669885131744e-40 3.416657430060175e-36 3.415454092195902e-32 3.3034126817708467e-28 4.690291086728737e-25 1.1698414784875812e-24
330.38400919708465 2.8019281927788747e-48 3.3316772895503766e-47 3.752299230305912e-40 3.746633073962842e-36 3.7453162006932424e-32 3.622453937084425e-28 5.143276075728203e-25 1.282823939377385e-24
338.08743382658884 2.8368567972662135e-48 3.4883992396161306e-47 4.114412342330885e-40 4.1084774038318263e-36 4.107036156554176e-32 3.9723079706962885e-28 5.640010033901937e-25 1.4067181662611078e-24
345.970475959878 2.872599099940314e-48 3.654740602143244e-47 4.511484754887306e-40 4.5052682687624154e-36 4.5036907680604707e-32 4.355950658917527e-28 6.184718205717201e-25 1.5425780097725875e-24
354.0373236625486 2.9091813725495434e-48 3.8313849222914306e-47 4.946892182375332e-40 4.9403807740139424e-36 4.938653999418614e-32 4.776645286049739e-28 6.7820339067083585e-25 1.6915591006807598e-24
362.2922626515567 2.946630935248679e-48 4.0190692387461426e-47 5.424336333492206e-40 5.417515989842477e-36 5.415625669924728e-32 5.237970302099663e-28 7.437037934768857e-25 1.8549286797623156e-24
370.7396785721134 2.9849762056835845e-48 4.218588548648524e-47 5.947876394082334e-40 5.9407324329189085e-36 5.938662924781834e-32 5.74384976122457e-28 8.1553017876305965e-25 2.034076377004743e-24
379.3840593276699 3.024246750725098e-48 4.430800660580806e-47 6.52196355057107e-40 6.514480588257942e-36 6.51221474540484e-32 6.298586699957768e-28 8.942935054337156e-25 2.230526031877201e-24
388.22999746422977 3.0644733406458926e-48 4.656631469804366e-47 7.151478847567039e-40 7.143640765238909e-36 7.141159792695405e-32 6.906899739068858e-28 9.806637383736959e-25 2.445948655191038e-24
397.28219261025527 3.105688006418552e-48 4.897080693218939e-47 7.841774701603846e-40 7.833564609685525e-36 7.830847905145498e-32 7.573963220359387e-28 1.0753755471990767e-24 2.6821766427911823e-24
406.54545397346374 3.1479241000047445e-48 5.153228105099958e-47 8.598720424206536e-40 8.590120625184606e-36 8.5871456048308e-32 8.305451219873076e-28 1.1792345553936846e-24 2.9412193620068927e-24
416.02470289584096 3.1912163581989995e-48 5.426240317717346e-47 9.428752141524594e-40 9.419744090881725e-36 9.416485998401798e-32 9.10758581192983e-28 1.2931241929911731e-24 3.225280243451781e-24
425.7249754682287 3.235600969375955e-48 5.717378155642736e-47 1.0338927534984156e-39 1.0329491800200784e-35 1.0325923497376555e-31 9.987189994368614e-28 1.4180132110704611e-24 3.536775523503308e-24
435.6514252058753 3.281115644609644e-48 6.02800467610135e-47 1.1336985868705054e-39 1.1327102086228204e-35 1.1323193823319449e-31 1.0951745725310299e-27 1.554963922001143e-24 3.878354796930973e-24
445.8093257863709 3.3277996922459095e-48 6.359593893284985e-47 1.2431413814343473e-39 1.242106064441653e-35 1.2416779808388664e-31 1.2009457565177459e-27 1.7051412355412357e-24 4.252923554520833e-24
456.2040738514225 3.375694096586157e-48 6.713740268708383e-47 1.3631517632743439e-39 1.3620672711985247e-35 1.3615983550442163e-31 1.3169322464817162e-27 1.869822567578289e-24 4.663667897226809e-24
466.841191873956 3.424841601504088e-48 7.092169036604776e-47 1.4947502327445354e-39 1.493614221905946e-35 1.4931005537535993e-31 1.4441206294391306e-27 2.050408705946273e-24 5.114081637438067e-24
477.72633109207 3.47528679803624e-48 7.496747437975485e-47 1.6390558442092323e-39 1.637865858358184e-35 1.6373031413624025e-31 1.5835927762805874e-27 2.2484357255748265e-24 5.607996017466774e-24
488.86527451139875 3.52707621744384e-48 7.929496944608687e-47 1.7972957240689328e-39 1.7960491888944816e-35 1.7954327124157925e-31 1.7365350442145135e-27 2.4655880544130852e-24 6.1496122982709615e-24
500.26393997748045 3.580258429569374e-48 8.392606561731397e-47 1.9708155080331528e-39 1.9695097253951741e-35 1.9688343250923259e-31 1.904248367989757e-27 2.7037128012706028e-24 6.74353749562167e-24
511.92838331976236 3.634884146054233e-48 8.888447305093548e-47 2.161090786394704e-39 2.159722928264433e-35 2.1589829423351002e-31 2.08815932571074e-27 2.9648354674160175e-24 7.394823567606367e-24
523.8648015689132 3.691006330863717e-48 9.419587957882648e-47 2.3697396546527837e-39 2.3683067567461254e-35 2.367495977944155e-31 2.289832273366612e-27 3.2511771755700673e-24 8.109010386782042e-24
536.079536249153 3.748680316131523e-48 9.988812222232939e-47 2.5985364763342833e-39 2.597035431421238e-35 2.5961470544426373e-31 2.5109826513830164e-27 3.5651735629738305e-24 8.892172862825993e-24
548.5790767473477 3.807963924808584e-48 1.0599137389242e-46 2.8494269748580393e-39 2.847854525730741e-35 2.846881089521322e-31 2.753491576169411e-27 3.909495498934808e-24 9.750972615756675e-24
561.3700637606607 3.868917601180966e-48 1.1253834665360328e-46 3.1245447830684966e-39 3.1228975151490995e-35 3.1218308396434187e-31 3.01942184102582e-27 4.287071803426646e-24 1.0692714640136036e-23
574.4592928245908 3.9316045482351884e-48 1.195645130285896e-46 3.426229591078846e-39 3.4245039246475144e-35 3.423335041401421e-31 3.3110354623888586e-27 4.7011141598110344e-24 1.1725409441800196e-23
587.8537179232724 3.996090874084011e-48 1.2710834697583807e-46 3.7570470467558116e-39 3.755239228777793e-35 3.753958304905054e-31 3.630812920635011e-27 5.155144433546251e-24 1.2857841175545986e-23
601.560455183956 4.0624457460674774e-48 1.3521158630353499e-46 4.119810578168329e-39 4.1179166736980234e-35 4.11651292846444e-31 3.981474259152793e-27 5.6530246293253775e-24 1.4099642363527392e-23
615.5867866576306 4.130741554964638e-48 1.439195184770658e-46 4.5176053236675527e-39 4.515621206805732e-35 4.514082820171823e-31 4.366002221198586e-27 6.198989741524996e-24 1.5461375830079512e-23
629.940164187797 4.2010540888383824e-48 1.532812919189297e-46 4.953814373118002e-39 4.951735717497097e-35 4.950049729831898e-31 4.7876676213121384e-27 6.797683777353251e-24 1.6954624549815464e-23
644.6282133694491 4.273462717160236e-48 1.6335025512153086e-46 5.432147543285246e-39 5.429969812056315e-35 5.428122014169857e-31 5.250057166907922e-27 7.454199258836078e-24 1.8592090172560335e-23
659.6587376003637 4.3480505864105364e-48 1.7418432611143327e-46 5.956672932562065e-39 5.954391367854787e-35 5.952366180414344e-31 5.757103967099315e-27 8.174120540222574e-24 2.0387701064614767e-23
675.039722226853 4.4249048279240735e-48 1.8584639502193015e-46 6.531851523036903e-39 6.529461134862638e-35 6.527241476167738e-31 6.3131209878793834e-27 8.963571308721872e-24 2.235673078398653e-23
690.7793387861822 4.5041167782787626e-48 1.984047628023276e-46 7.162575124447849e-39 7.160070679013686e-35 7.157637820005732e-31 6.92283773844139e-27 9.829266672915582e-24 2.4515927998095573e-23
706.885949347905 4.585782213028811e-48 2.1193361938288927e-46 7.85420798272907e-39 7.851583990128679e-35 7.84891739540255e-31 7.591440500652839e-27 1.0778570281853124e-23 2.688365894889122e-23
723.368110956425 4.6700015958714834e-48 2.2651356490433255e-46 8.61263240699116e-39 8.609883108236276e-35 8.60696026170228e-31 8.324616443800004e-27 1.1819556960578517e-23 2.9480063676924256e-23
740.2345801771418 4.7568803428609856e-48 2.4223217799410448e-46 9.444298803046406e-39 9.441418156400036e-35 9.438214370113968e-31 9.128601999853527e-27 1.2961081394881243e-23 3.232722733325276e-23
757.4943177485981 4.8465291037201987e-48 2.591846354291445e-46 1.0356280539497771e-38 1.035326220606797e-34 1.0349750410603813e-30 1.0010235911157755e-26 1.4212853450104193e-23 3.5449368037858587e-23
775.1564933430986 4.9390640605753976e-48 2.7747438792395383e-46 1.1356334112020401e-38 1.1353171440570551e-34 1.1349321955153785e-30 1.0977017400744056e-26 1.5585520763216885e-23 3.887304287887268e-23
793.2304904383309 5.0346072462157896e-48 2.9721389727427004e-46 1.2452965118894365e-38 1.2449651129823154e-34 1.2445431410269949e-30 1.2037169961326698e-26 1.709075931247424e-23 4.2627373809308567e-23
811.7259113025749 5.133286882715861e-48 3.1852544056176502e-46 1.3655500608328994e-38 1.3652027976769547e-34 1.364740233908872e-30 1.319971130494761e-26 1.8741372734161896e-23 4.67442953605752e-23
830.6525820961508 5.23523774181811e-48 3.4154198762693037e-46 1.497416841228722e-38 1.4970529450272283e-34 1.4965458767580107e-30 1.447453006761127e-26 2.0551401230292768e-23 5.125882627751724e-23
850.0205580918159 5.340601529521022e-48 3.664081587201506e-46 1.6420184143127856e-38 1.6416370780763527e-34 1.6410812150933963e-30 1.5872469922817224e-26 2.2536240995693494e-23 5.620936739067226e-23
869.8401290168822 5.4495272946587755e-48 3.932812697912825e-46 1.800584659200214e-38 1.8001850357588932e-34 1.7995756738813436e-30 1.7405421818442328e-26 2.471277517888337e-23 6.163802825584488e-23
890.1218245198946 5.562171865058873e-48 4.2233247364205015e-46 1.974464234063836e-38 1.974045433967404e-34 1.973377415083199e-30 1.9086425121713856e-26 2.709951749094533e-23 6.75909853400078e-23
910.8764197647733 5.678700313074363e-48 4.5374800595720295e-46 2.1651360476242545e-38 2.1646971369236887e-34 2.1639648051678578e-30 2.092977853252062e-26 2.971676968379648e-23 7.411887479993649e-23
932.1149411553916 5.799286451621512e-48 4.877305460955659e-46 2.3742218386221907e-38 2.3737618365247734e-34 2.3729589902263315e-30 2.2951161709405877e-26 3.2586794238666983e-23 8.127722319779074e-23
953.848672193633 5.924113362788003e-48 5.2450070342019805e-46 2.603499970076364e-38 2.6030178464664307e-34 2.602137685455271e-30 2.5167768640887048e-26 3.5734003730970066e-23 8.912691981056305e-23
976.0891594740359 6.053373964267458e-48 5.642986410750336e-46 2.854920555880697e-38 2.854415228697342e-34 2.8534502965230425e-30 2.7598453898688724e-26 3.918516848532507e-23 9.773473455840057e-23
998.8482188182152 6.187271611411984e-48 6.073858501693389e-46 3.1306220483166183e-38 3.1300923807791154e-34 3.1290345013502412e-30 3.026389301604478e-26 4.2969644285805535e-23 1.0717388595420223e-22
1022.1379415523157 6.326020742720504e-48 6.540470886090076e-46 3.4329494275030215e-38 3.4323942251740436e-34 3.4312344332792315e-30 3.3186758354568725e-26 4.7119622077352946e-23 1.175246639030687e-22
1045.9707009308356 6.469847568305419e-48 7.045925001569287e-46 3.7644741474919475e-38 3.763892155167879e-34 3.7626206202877915e-30 3.6391911955511655e-26 5.167040178216727e-23 1.2887511264876643e-22
1070.3591587102305 6.618990806132191e-48 7.593599309429517e-46 4.128016009075146e-38 4.127405907492033e-34 4.126011850254248e-30 3.9906617019710465e-26 5.666069256570866e-23 1.413217796901954e-22
1095.3162718757928 6.773702470668454e-48 8.18717461980999e-46 4.526667144631755e-38 4.526027546974533e-34 4.524499147540954e-30 4.376076980812127e-26 6.213294209649962e-23 1.5497053701351878e-22
1120.8552995253765 6.934248713938744e-48 8.830661783835513e-46 4.963818319616951e-38 4.9631477678187574e-34 4.9614720654264304e-30 4.798715394114553e-26 6.813369760845084e-23 1.6993748164540611e-22
1146.98980991363 7.100910728106572e-48 9.528431977514314e-46 5.44318777428046e-38 5.4424847350976665e-34 5.440647517898604e-30 5.262171925855351e-26 7.471400183510848e-23 1.863499231830113e-22
1173.7336876604738 7.273985710803604e-48 1.028524982373235e-45 5.968852850653604e-38 5.968115711501284e-34 5.966101395764555e-30 5.770388760920216e-26 8.192982717968675e-23 2.0434746669075575e-22
1201.1011411276565 7.453787899028643e-48 1.1106309624007868e-45 6.545284674444913e-38 6.544511738976098e-34 6.542303236624728e-30 6.32768881776054e-26 8.98425518224688e-23 2.240832001963173e-22
1229.1067099673062 7.64064967682703e-48 1.1997274994654436e-45 7.177386185939846e-38 7.176575669350799e-34 7.174154242707074e-30 6.938812519086843e-26 9.851948180288535e-23 2.4572499685559233e-22
1257.7652728464884 7.834922763352448e-48 1.2964322234863201e-45 7.870533844500916e-38 7.869683868543143e-34 7.867028971046862e-30 7.608958114439904e-26 1.080344235322897e-22 2.694569429007235e-22
1287.0920553518754 8.036979485139226e-48 1.4014187780143686e-45 8.630623360092627e-38 8.629731947770897e-34 8.626821049316082e-30 8.343825896353655e-26 1.1846831158919637e-22 2.9548090347236135e-22
1317.1026380787234 8.247214142699663e-48 1.5154220135221678e-45 9.464119842524114e-38 9.463184912457946e-34 9.45999330786231e-30 9.149666687857787e-26 1.2990989716036714e-22 3.2401823971338797e-22
1347.812964908458 8.466044474692496e-48 1.639243671090098e-45 1.0378112792983514e-37 1.0377132153408125e-33 1.037363275238661e-29 1.0033335011826658e-25 1.4245650295625063e-22 3.5531169166142174e-22
