results/limits/Pino_l_phase.dat
# %ECSV 1.0
# ---
# datatype:
# - {name: mx, unit: MeV, datatype: float64}
# - {name: sigma_10, unit: cm2, datatype: float64}
# - {name: sigma_9, unit: cm2, datatype: float64}
# - {name: sigma_7, unit: cm2, datatype: float64}
# - {name: sigma_6, unit: cm2, datatype: float64}
# - {name: sigma_5, unit: cm2, datatype: float64}
# - {name: sigma_4, unit: cm2, datatype: float64}
# - {name: sigma_3, unit: cm2, datatype: float64}
# - {name: sigma_2, unit: cm2, datatype: float64}
# schema: astropy-2.0
mx sigma_10 sigma_9 sigma_7 sigma_6 sigma_5 sigma_4 sigma_3 sigma_2
[from data line 963]
1379.239351479266 6.721486628381329e-38 1.371338132561288e-35 8.79846000309416e-28 8.797664721585128e-24 8.794698313652768e-20 8.50619610808762e-16 1.207736958443889e-12 3.0123093918606334e-12
1411.3984938541882 6.905008575471083e-38 1.4843404722987636e-35 9.648170848658847e-28 9.647336562848582e-24 9.644084039867255e-20 9.327718499545043e-16 1.3243793379269083e-12 3.30323609800246e-12
1444.3074773913293 7.096266297470457e-38 1.607153933166708e-35 1.0579944361958886e-27 1.057906909038544e-23 1.0575502837424404e-19 1.0228582941398155e-15 1.4522869557621013e-12 3.6222602992590713e-12
1477.9837858208825 7.295668338905449e-38 1.7406580959926987e-35 1.1601706012034052e-27 1.1600787666124383e-23 1.1596877402065008e-19 1.1216452232504943e-15 1.5925478006660515e-12 3.972095631746588e-12
1512.445310533807 7.503648419181801e-38 1.8858133175828215e-35 1.2722146700419356e-27 1.2721183078118853e-23 1.2716895598195705e-19 1.2299729239722221e-15 1.7463549385793594e-12 4.355717812745879e-12
1547.71036008708 7.720667173327411e-38 2.0436682979760647e-35 1.3950796685030225e-27 1.3949785464004703e-23 1.3945084357483574e-19 1.3487628372323536e-15 1.9150166608333467e-12 4.776389952023585e-12
1583.797669930582 7.94721402848273e-38 2.21536836812638e-35 1.5298106645732104e-27 1.5297045376109362e-23 1.529189071670045e-19 1.479025396147018e-15 2.099967612718314e-12 5.237690308447867e-12
1620.7264123607779 8.183809220673347e-38 2.40216456625591e-35 1.6775536576158744e-27 1.6774422672774915e-23 1.6768770679148828e-19 1.6218686206618365e-15 2.302780996429602e-12 5.743542726292267e-12
1658.5162067064848 8.431005967610334e-38 2.605423579864011e-35 1.839565326389888e-27 1.8394483998011132e-23 1.83882866615295e-19 1.7785075425730345e-15 2.52518195301434e-12 6.298250012175576e-12
1697.1871297521373 8.689392806255986e-38 2.8266386356098697e-35 2.0172237182443725e-27 2.0171009672868177e-23 2.016421434936333e-19 1.9502745405400617e-15 2.7690622363532797e-12 6.906530534565566e-12
1736.7597264040865 8.959596115368238e-38 3.067441429116556e-35 2.2120399708569057e-27 2.2119110912198738e-23 2.211165987432988e-19 2.1386306734297847e-15 3.036496304605735e-12 7.573558358686153e-12
1777.255020605602 9.242282828846454e-38 3.329615194299967e-35 2.4256711659737283e-27 2.425535836139174e-23 2.4247188307770607e-19 2.3451781081554716e-15 3.3297589656533005e-12 8.305007257372149e-12
1818.6945265063737 9.538163365745116e-38 3.6151090221409293e-35 2.659934424490193e-27 2.659792304645534e-23 2.65889645633662e-19 2.5716737477260224e-15 3.651344726640484e-12 9.107098972242808e-12
1861.1002598924472 9.84799478663582e-38 3.9260535495121034e-35 2.9168223630014724e-27 2.916673093874522e-23 2.9156907909880685e-19 2.8200441756552918e-15 4.003989012525547e-12 9.986656136517158e-12
1904.4947498826687 1.0172584201457729e-37 4.2647781495518556e-35 3.1985200428895016e-27 3.198363244499269e-23 3.19728614041853e-19 3.0924020434547354e-15 4.3906914335672814e-12 1.0951160308237526e-11
1948.9010508978479 1.0512792443499843e-37 4.633829769109194e-35 3.507423556670707e-27 3.5072588269872687e-23 3.506077769131638e-19 3.391064041138902e-15 4.814741300424058e-12 1.2008815609435375e-11
1994.3427549090043 1.0869538041454233e-37 5.035993570963531e-35 3.8461604089265194e-27 3.845987322432632e-23 3.844692274425175e-19 3.718570602853138e-15 5.279745602834991e-12 1.316861850990615e-11
2040.8440039711966 1.12438015022672e-37 5.474315556341639e-35 4.217611866212727e-27 4.2174299723590694e-23 4.2160099286772875e-19 4.077707516241297e-15 5.789659691292098e-12 1.4440434352721393e-11
2088.4295030496014 1.163662994264423e-37 5.952127356763447e-35 4.6249374647269915e-27 4.624746286272431e-23 4.623189178656535e-19 4.47152961807804e-15 6.34882092085774e-12 1.5835081267854528e-11
2137.124533144652 1.2049142091445535e-37 6.473073407260183e-35 5.07160188604036e-27 5.071400917267596e-23 5.069693512089886e-19 4.903386779503366e-15 6.961985545832554e-12 1.7364422194002413e-11
2186.9549647232075 1.2482533697855314e-37 7.041140726814591e-35 5.5614044269987566e-27 5.561193131795127e-23 5.559320917518035e-19 5.3769523994739626e-15 7.634369175670058e-12 1.9041465782785133e-11
2237.947271462894 1.293808337800126e-37 7.660691561649259e-35 6.0985113171232396e-27 6.098289126915368e-23 6.096236190680464e-19 5.8962546513665164e-15 8.371691139904417e-12 2.0880477052715607e-11
2290.1285443169163 1.34171589407232e-37 8.336499164617615e-35 6.687491156499795e-27 6.687257468029792e-23 6.685006360328334e-19 6.465710746678804e-15 9.180223136850354e-12 2.2897098727653742e-11
2343.5265059068115 1.3921224229042936e-37 9.073787014553517e-35 7.333353776437284e-27 7.333107949367215e-23 7.33063953564108e-19 7.0901645080918914e-15 1.0066842581039828e-11 2.5108484294740532e-11
2398.169525250793 1.4451846527087414e-37 9.87827180724968e-35 8.041592853351141e-27 8.041334207681081e-23 8.038627505591832e-19 7.774927571401863e-15 1.1039091103043957e-11 2.753344391329132e-11
2454.086632835509 1.501070457376798e-37 1.0756210580533351e-34 8.818232637343895e-27 8.817960450627895e-23 8.814992451610146e-19 8.525824565815831e-15 1.2105238697903828e-11 3.01926044123178e-11
2511.3075360392254 1.5599597248805793e-37 1.171445237667012e-34 9.669879196016097e-27 9.669592700358467e-23 9.666338173938996e-19 9.349242659874625e-15 1.3274354072017943e-11 3.310858474809618e-11
2569.8626349146184 1.6220452970018454e-37 1.2760494872767633e-34 1.060377660462297e-26 1.0603474983436324e-22 1.0599906262655443e-18 1.025218588983381e-14 1.4556381780316987e-11 3.630618839791202e-11
2629.783038339575 1.6875339885406126e-37 1.39025464653956e-34 1.162786856519043e-26 1.1627550949694634e-22 1.1623637695803969e-18 1.124233473712594e-14 1.5962226816252414e-11 3.9812614342439286e-11
2691.100580544569 1.7566476909077456e-37 1.5149594329950543e-34 1.2750865975018912e-26 1.275053144045869e-22 1.2746240384894491e-18 1.2328111458089567e-14 1.750384736903727e-11 4.3657688418690195e-11
2753.8478380254037 1.8296245692830984e-37 1.6511479036790873e-34 1.3982321023310583e-26 1.3981968584867108e-22 1.3977263246303608e-18 1.351875172552503e-14 1.9194356542621077e-11 4.7874117025113026e-11
2818.0581468502987 1.9067203596705946e-37 1.7998976348422505e-34 1.5332708440370988e-26 1.533233704874081e-22 1.5327177422818155e-18 1.4824383185838726e-14 2.1048133893638348e-11 5.249776531694559e-11
2883.7656203705187 1.988209776883767e-37 1.9623886901019606e-34 1.6813514598154313e-26 1.681312313476645e-22 1.6807465353852594e-18 1.6256111607392426e-14 2.3080947747593423e-11 5.756796228439432e-11
2951.0051673439552 2.074388040244526e-37 2.139913451929599e-34 1.843733521215073e-26 1.8436922483989871e-22 1.843071844408393e-18 1.7826115345206952e-14 2.5310089322871112e-11 6.312783528161797e-11
3019.812510481288 2.165572530334508e-37 2.3338874006211157e-34 2.0217982481586477e-26 2.0217547215587774e-22 2.021074416719026e-18 1.9547748931259248e-14 2.7754519811557412e-11 6.922467687228464e-11
3090.2242054245785 2.262104586262295e-37 2.545860931678538e-34 2.2170602576792646e-26 2.2170143413769793e-22 2.216268351324009e-18 2.143565666911631e-14 3.0435031664737735e-11 7.591034710360617e-11
3162.2776601683795 2.364351456583808e-37 2.7775323116700336e-34 2.4311804471874123e-26 2.4311319959939263e-22 2.4303139777524845e-18 2.3505897197966335e-14 3.337442545249664e-11 8.324171462643027e-11
