results/limits/Pino_h.dat
# %ECSV 1.0
# ---
# datatype:
# - {name: mx, unit: MeV, datatype: float64}
# - {name: sigma, unit: cm2, datatype: float64}
# schema: astropy-2.0
mx sigma
7.943282347242822e-06 1.2361963851268774e-40
7.958112623553122e-06 1.233774966679619e-40
7.972970588303252e-06 1.2313635705900952e-40
7.987856293188145e-06 1.2289621912747327e-40
8.002769789999206e-06 1.226570823667025e-40
8.01771113062453e-06 1.2241894632093912e-40
8.032680367049145e-06 1.221818105845045e-40
8.047677551355078e-06 1.2194567480098858e-40
8.0627027357216e-06 1.2171053866243824e-40
8.077755972425453e-06 1.2147640190854544e-40
8.092837313840922e-06 1.2124326432583967e-40
8.10794681244009e-06 1.2101112574687821e-40
8.12308452079304e-06 1.2077998604943839e-40
8.13825049156797e-06 1.205498451557132e-40
8.153444777531415e-06 1.2032070303150565e-40
8.168667431548416e-06 1.2009255968542662e-40
8.183918506582766e-06 1.198654151680932e-40
8.199198055697086e-06 1.1963926957133074e-40
8.21450613205307e-06 1.194141230273752e-40
8.229842788911717e-06 1.1918997570807823e-40
8.245208079633412e-06 1.1896682782411573e-40
8.260602057678169e-06 1.1874467962419787e-40
8.276024776605858e-06 1.1852353139428102e-40
8.291476290076302e-06 1.183033834567854e-40
8.306956651849504e-06 1.1808423616981288e-40
8.32246591578589e-06 1.1786608992636852e-40
8.338004135846392e-06 1.1764894515358736e-40
8.353571366092693e-06 1.1743280231196284e-40
8.369167660687455e-06 1.172176618945782e-40
8.384793073894416e-06 1.1700352442634453e-40
8.400447660078624e-06 1.1679039046324074e-40
8.416131473706681e-06 1.165782605915567e-40
8.431844569346824e-06 1.1636713542714419e-40
8.447587001669175e-06 1.1615701561466901e-40
8.463358825445971e-06 1.1594790182686823e-40
8.479160095551668e-06 1.1573979476381403e-40
8.49499086696318e-06 1.1553269515218114e-40
8.510851194760057e-06 1.1532660374451914e-40
8.526741134124728e-06 1.1512152131852986e-40
8.5426607403426e-06 1.149174486763519e-40
8.558610068802298e-06 1.1471438664384908e-40
8.574589174995913e-06 1.1451233606990368e-40
8.590598114519086e-06 1.1431129782571881e-40
8.606636943071259e-06 1.1411127280412392e-40
8.622705716455917e-06 1.1391226191888608e-40
8.638804490580677e-06 1.1371426610403096e-40
8.654933321457538e-06 1.1351728631316656e-40
8.67109226520313e-06 1.1332132351881462e-40
8.687281378038796e-06 1.1312637871175014e-40
8.703500716290851e-06 1.1293245290034605e-40
8.719750336390821e-06 1.1273954710992445e-40
8.73603029487554e-06 1.1254766238211735e-40
8.752340648387397e-06 1.1235679977423215e-40
8.768681453674586e-06 1.12166960358625e-40
8.7850527675912e-06 1.1197814522208273e-40
8.801454647097477e-06 1.1179035546521126e-40
8.817887149260055e-06 1.1160359220183106e-40
8.834350331252064e-06 1.1141785655838254e-40
8.85084425035338e-06 1.1123314967333732e-40
8.867368963950868e-06 1.1104947269661746e-40
8.88392452953849e-06 1.1086682678902486e-40
8.900511004717564e-06 1.1068521312167612e-40
8.917128447196933e-06 1.105046328754479e-40
8.933776914793239e-06 1.1032508724042856e-40
8.950456465431011e-06 1.1014657741538013e-40
8.967167157142932e-06 1.0996910460720805e-40
8.98390904807008e-06 1.097926700304384e-40
9.000682196462036e-06 1.0959279282496507e-40
9.017486660677125e-06 1.093682664939979e-40
9.03432249918269e-06 1.091446195295362e-40
9.05118977055518e-06 1.089218501647895e-40
9.068088533480401e-06 1.0869995669173296e-40
9.085018846753788e-06 1.0847893746042769e-40
9.10198076928049e-06 1.0825879087834139e-40
9.118974360075633e-06 1.0803951540966873e-40
9.135999678264583e-06 1.0782110957465044e-40
9.153056783083036e-06 1.0760357194889507e-40
9.170145733877282e-06 1.073869011626983e-40
9.187266590104474e-06 1.0717109590036266e-40
9.204419411332707e-06 1.069561548995191e-40
9.2216042572413e-06 1.0674207695044654e-40
9.238821187621045e-06 1.0652886089539162e-40
9.25607026237431e-06 1.0631650562789057e-40
9.273351541515322e-06 1.061050100920887e-40
9.290665085170333e-06 1.0589437328206214e-40
9.308010953577915e-06 1.0568459424113733e-40
9.325389207089046e-06 1.0547567206121417e-40
9.342799906167379e-06 1.052676058820868e-40
9.360243111389513e-06 1.0506039489076478e-40
9.377718883445089e-06 1.048540383207971e-40
9.395227283137056e-06 1.0464853545159436e-40
9.412768371381938e-06 1.0444388560775174e-40
9.430342209209937e-06 1.0424008815837417e-40
9.4479488577652e-06 1.0403714251640083e-40
9.465588378306085e-06 1.038350481379302e-40
9.48326083220527e-06 1.0363380452154761e-40
9.50096628095001e-06 1.0343341120765244e-40
9.518704786142419e-06 1.0323386777778578e-40
9.536476409499566e-06 1.0303517385396124e-40
9.554281212853748e-06 1.028373290979958e-40
9.572119258152757e-06 1.026403332108406e-40
9.58999060745999e-06 1.0244418593191646e-40
9.607895322954716e-06 1.0224888703844801e-40
9.625833466932354e-06 1.0205443634480005e-40
9.643805101804567e-06 1.0186083370181694e-40
9.661810290099547e-06 1.016680789961626e-40
9.679849094462282e-06 1.0147617214966194e-40
9.697921577654666e-06 1.0128511311864626e-40
9.716027802555781e-06 1.0109490189329883e-40
9.734167832162098e-06 1.009055384970041e-40
9.752341729587753e-06 1.0071702298569759e-40
9.770549558064662e-06 1.0052935544722077e-40
9.7887913809428e-06 1.0034253600067652e-40
9.807067261690468e-06 1.001565647957871e-40
9.825377263894414e-06 9.997144201225718e-41
9.843721451260095e-06 9.978716785913752e-41
9.862099887611977e-06 9.960374257419208e-41
9.88051263689362e-06 9.942116642326978e-41
9.898959763167969e-06 9.923943969967836e-41
9.917441330617637e-06 9.905856272356063e-41
9.935957403545009e-06 9.887853584127687e-41
9.954508046372522e-06 9.869935942478896e-41
9.973093323642951e-06 9.85210338710478e-41
9.991713300019517e-06 9.834355960138675e-41
1.0010368040286162e-05 9.816693706091758e-41
1.0029057609347844e-05 9.799116671792968e-41
1.0047782072230646e-05 9.781624906329583e-41
1.0066541494082046e-05 9.764218460988064e-41
1.008533594017122e-05 9.7468973891953e-41
1.0104165475889142e-05 9.72966174646052e-41
1.0123030166748891e-05 9.712511590317439e-41
1.014193007838584e-05 9.695446980267039e-41
1.016086527655797e-05 9.678467977720705e-41
1.0179835827145965e-05 9.661574645944033e-41
1.0198841796153515e-05 9.644767050001001e-41
1.02178832497076e-05 9.628045256698646e-41
1.0236960254058597e-05 9.611409334532448e-41
1.0256072875580578e-05 9.59485935363207e-41
1.0275221180771598e-05 9.578395385707686e-41
1.02944052362538e-05 9.562017503996969e-41
1.0313625108773714e-05 9.545725783212542e-41
1.0332880865202549e-05 9.529520299489995e-41
1.0352172572536302e-05 9.513401130336604e-41
1.0371500297896052e-05 9.497368354580587e-41
1.039086410852826e-05 9.481422052320813e-41
1.0410264071804871e-05 9.46556230487745e-41
1.0429700255223617e-05 9.449789194742953e-41
1.0449172726408312e-05 9.434102805533736e-41
1.0468681553108962e-05 9.418228697665764e-41
1.0488226803202064e-05 9.399284548334712e-41
1.0507808544690906e-05 9.380416433533305e-41
1.0527426845705675e-05 9.361624236304528e-41
1.0547081774503778e-05 9.342907844265308e-41
1.0566773399470043e-05 9.324267149547397e-41
1.0586501789117036e-05 9.30570204873832e-41
1.060626701208517e-05 9.287212442822466e-41
1.0626069137143016e-05 9.268798237122111e-41
1.0645908233187599e-05 9.250459341238455e-41
1.0665784369244513e-05 9.232195668992943e-41
1.0685697614468222e-05 9.21400713836844e-41
1.0705648038142372e-05 9.19589367145048e-41
1.0725635709679894e-05 9.177855194368779e-41
1.0745660698623315e-05 9.159891637238645e-41
1.0765723074645067e-05 9.142002934102412e-41
1.0785822907547593e-05 9.124189022871269e-41
1.0805960267263662e-05 9.106449845266842e-41
1.0826135223856673e-05 9.088785346763016e-41
1.0846347847520769e-05 9.071195476527989e-41
1.0866598208581146e-05 9.053680187366191e-41
1.0886886377494369e-05 9.036239435660445e-41
1.0907212424848476e-05 9.018873181314341e-41
1.0927576421363293e-05 9.001581387694602e-41
1.0947978437890756e-05 8.984364021573587e-41
1.0968418545415009e-05 8.967221053072087e-41
1.0988896815052725e-05 8.950152455602169e-41
1.1009413318053425e-05 8.933158205810106e-41
1.1029968125799585e-05 8.916238283519669e-41
1.1050561309806975e-05 8.899392671675485e-41
1.1071192941724864e-05 8.88262135628657e-41
1.1091863093336361e-05 8.865924326370035e-41
1.1112571836558526e-05 8.849301573895161e-41
1.1133319243442691e-05 8.832753093727502e-41
1.1154105386174776e-05 8.816278883573232e-41
1.1174930337075409e-05 8.799878943923864e-41
1.1195794168600235e-05 8.783553278001092e-41
1.1216696953340254e-05 8.7673018917018e-41
1.1237638764021915e-05 8.751124793543597e-41
1.1258619673507458e-05 8.735021994610339e-41
1.1279639754795223e-05 8.718993508498031e-41
1.130069908101977e-05 8.703039351261128e-41
1.1321797725452202e-05 8.687159541358951e-41
1.1342935761500496e-05 8.671354099602461e-41
1.1364113262709607e-05 8.655623049101438e-41
1.1385330302761803e-05 8.6399664152119e-41
1.1406586955476988e-05 8.624384225483768e-41
1.1427883294812819e-05 8.608876509609133e-41
1.1449219394865034e-05 8.5934432993706e-41
1.1470595329867777e-05 8.57808462859008e-41
1.1492011174193723e-05 8.56280053307807e-41
1.15134670023544e-05 8.547591050583161e-41
1.1534962889000518e-05 8.532456220741911e-41
1.1556498908922097e-05 8.517396085029328e-41
1.157807513704881e-05 8.502410686709506e-41
1.1599691648450205e-05 8.487500070786822e-41
1.1621348518336055e-05 8.472664283957468e-41
1.1643045822056482e-05 8.457903374561534e-41
1.1664783635102286e-05 8.443217392535405e-41
1.1686562033105284e-05 8.428606389364614e-41
1.1708381091838427e-05 8.414070418037279e-41
1.1730240887216134e-05 8.39960953299786e-41
1.175214149529463e-05 8.385223790101388e-41
1.177408299227207e-05 8.370913246568315e-41
1.1796065454488867e-05 8.35667796093973e-41
1.1818088958428039e-05 8.341545022315888e-41
1.1840153580715328e-05 8.325071038742731e-41
1.1862259398119535e-05 8.308664877033208e-41
1.1884406487552866e-05 8.292326460344629e-41
1.1906594926071046e-05 8.276055715496984e-41
1.1928824790873669e-05 8.25985257292059e-41
1.1951096159304533e-05 8.243716966603854e-41
1.1973409108851766e-05 8.227648834041212e-41
1.199576371714817e-05 8.211648116181115e-41
1.201816006197156e-05 8.195714757374014e-41
1.204059822124489e-05 8.179848705320671e-41
1.2063078273036623e-05 8.164049911020402e-41
1.2085600295560954e-05 8.148318328719523e-41
1.2108164367178178e-05 8.132653915859799e-41
1.2130770566394818e-05 8.117056633027263e-41
1.215341897186397e-05 8.101526443900932e-41
1.2176109662385648e-05 8.08606331520172e-41
1.2198842716906917e-05 8.070667216641632e-41
1.2221618214522235e-05 8.055338120872951e-41
1.224443623447381e-05 8.040076003437602e-41
1.2267296856151715e-05 8.024880842716807e-41
1.2290200159094254e-05 8.00975261988081e-41
1.2313146222988298e-05 7.994691318838726e-41
1.2336135127669427e-05 7.979696926188772e-41
1.235916695312227e-05 7.964769431168514e-41
1.2382241779480867e-05 7.949908825605323e-41
1.2405359687028797e-05 7.935115103867214e-41
1.2428520756199524e-05 7.920388262813721e-41
1.2451725067576763e-05 7.905728301746992e-41
1.2474972701894604e-05 7.891135222363299e-41
1.2498263740037869e-05 7.876609028704622e-41
1.252159826304247e-05 7.862149727110459e-41
1.2544976352095537e-05 7.847757326170088e-41
1.2568398088535806e-05 7.833431836674857e-41
1.2591863553853849e-05 7.81917327157092e-41
1.2615372829692454e-05 7.804981645912088e-41
1.2638925997846769e-05 7.79085697681319e-41
1.2662523140264647e-05 7.776799283403513e-41
1.2686164339047023e-05 7.762808586780597e-41
1.2709849676448036e-05 7.748884909964474e-41
1.2733579234875394e-05 7.735028277852051e-41
1.2757353096890744e-05 7.721238717171859e-41
1.2781171345209795e-05 7.707516256439244e-41
1.280503406270269e-05 7.693860925911772e-41
1.282894133239437e-05 7.680272757544986e-41
1.2852893237464707e-05 7.666751784948637e-41
1.2876889861248874e-05 7.653298043343155e-41
1.2900931287237706e-05 7.639911569516505e-41
1.2925017599077842e-05 7.626592401781506e-41
1.2949148880572092e-05 7.613340579933466e-41
1.2973325215679803e-05 7.599689067459426e-41
1.2997546688516999e-05 7.58492695965711e-41
1.3021813383356751e-05 7.570227102831988e-41
1.3046125384629549e-05 7.55558944602995e-41
1.3070482776923434e-05 7.541013941335902e-41
1.3094885644984377e-05 7.526500543826477e-41
1.3119334073716654e-05 7.512049211522841e-41
1.3143828148182974e-05 7.497659905343818e-41
1.3168367953604887e-05 7.483332589058923e-41
1.3192953575363032e-05 7.46906722924166e-41
1.321758509899753e-05 7.45486379522288e-41
1.324226261020813e-05 7.440722259044427e-41
1.3266986194854585e-05 7.426642595412801e-41
1.3291755938957026e-05 7.412624781652981e-41
1.3316571928696108e-05 7.398668797662554e-41
1.3341434250413389e-05 7.384774625865871e-41
1.3366342990611706e-05 7.370942251168393e-41
1.3391298235955316e-05 7.357171660911364e-41
1.3416300073270289e-05 7.343462844826497e-41
1.344134858954487e-05 7.329815794990928e-41
1.346644387192964e-05 7.316230505782431e-41
1.3491586007737891e-05 7.302706973834765e-41
1.351677508444601e-05 7.289245197993218e-41
1.3542011189693623e-05 7.275845179270515e-41
1.3567294411283981e-05 7.262506920802795e-41
1.359262483718435e-05 7.249230427805877e-41
1.3618002555526148e-05 7.23601570753185e-41
1.3643427654605337e-05 7.22286276922583e-41
1.366890022288281e-05 7.209771624082934e-41
1.369442034898454e-05 7.196742285205656e-41
1.3719988121701965e-05 7.183774767561418e-41
1.3745603629992377e-05 7.170869087940376e-41
1.3771266962979076e-05 7.158025264913613e-41
1.3796978209951783e-05 7.14524331879152e-41
1.3822737460366895e-05 7.132523271582578e-41
1.3848544803847911e-05 7.119865146952277e-41
1.3874400330185576e-05 7.107268970182605e-41
1.3900304129338274e-05 7.094093674286156e-41
1.3926256291432431e-05 7.080553372894327e-41
1.3952256906762654e-05 7.067071700496507e-41
1.3978306065792132e-05 7.053648626586848e-41
1.4004403859153036e-05 7.040284123218342e-41
1.4030550377646662e-05 7.026978164959409e-41
1.4056745712243839e-05 7.013730728850504e-41
1.408298995408532e-05 7.000541794360876e-41
1.410928319448194e-05 6.987411343345647e-41
1.4135625524915007e-05 6.974339360002908e-41
1.4162017037036718e-05 6.961325830831005e-41
1.4188457822670298e-05 6.948370744586128e-41
1.4214947973810407e-05 6.935474092239996e-41
1.424148758262355e-05 6.922635866937672e-41
1.4268076741448218e-05 6.909856063955785e-41
1.4294715542795335e-05 6.897134680660731e-41
1.4321404079348509e-05 6.884471716467265e-41
1.4348142443964483e-05 6.87186717279716e-41
1.4374930729673247e-05 6.859321053038269e-41
1.4401769029678595e-05 6.846833362503619e-41
1.442865743735825e-05 6.834404108390932e-41
1.44555960462643e-05 6.822033299742255e-41
1.4482584950123466e-05 6.809720947403928e-41
1.4509624242837553e-05 6.797467063986694e-41
1.4536714018483588e-05 6.784735056382915e-41
1.4563854371314245e-05 6.772009570232069e-41
1.4591045395758258e-05 6.759340717500397e-41
1.4618287186420572e-05 6.746728483688757e-41
1.464557983808276e-05 6.734172856494555e-41
1.4672923445703447e-05 6.72167382577082e-41
1.4700318104418457e-05 6.709231383485637e-41
1.4727763909541233e-05 6.696845523681639e-41
1.475526095656326e-05 6.684516242435678e-41
1.478280934115422e-05 6.672243537818851e-41
1.481040915916241e-05 6.660027409856613e-41
1.4838060506615171e-05 6.647788015504766e-41
1.4865763479719035e-05 6.635480542991099e-41
1.4893518174860157e-05 6.62322901020682e-41
1.4921324688604733e-05 6.611033412756354e-41
1.4949183117699166e-05 6.598893748221599e-41
1.4977093559070512e-05 6.586647372053902e-41
1.5005056109826762e-05 6.574418304648735e-41
1.5033070867257302e-05 6.562244538358929e-41
1.5061137928833069e-05 6.550126066828414e-41
1.5089257392206977e-05 6.538062885700664e-41
1.5117429355214354e-05 6.526054992579468e-41
1.5145653915873098e-05 6.514102386990017e-41
1.5173931172384105e-05 6.502205070340102e-41
1.520226122313171e-05 6.490363045881474e-41
1.523064416668384e-05 6.478576318671646e-41
1.525908010179245e-05 6.466844895535679e-41
1.5287569127393953e-05 6.454838144896081e-41
1.5316111342609402e-05 6.442686714506622e-41
1.5344706846744897e-05 6.430588944821981e-41
1.537335573929204e-05 6.41854481901441e-41
1.5402058119928103e-05 6.406554322409579e-41
1.5430814088516437e-05 6.394617442447511e-41
1.5459623745106955e-05 6.382734168643619e-41
