results/limits/Pino_True_l.dat
# %ECSV 0.9
# ---
# datatype:
# - {name: mx, unit: MeV, datatype: float64}
# - {name: sigma_5, unit: cm2, datatype: float64}
# - {name: sigma_3, unit: cm2, datatype: float64}
# - {name: sigma_2, unit: cm2, datatype: float64}
# schema: astropy-2.0
mx sigma_5 sigma_3 sigma_2
1e-10 inf inf inf
1.3848863713938747e-10 inf inf inf
1.9179102616724848e-10 inf inf inf
2.656087782946684e-10 inf inf inf
3.6783797718286343e-10 inf inf inf
5.094138014816385e-10 inf inf inf
7.054802310718631e-10 inf inf inf
9.770099572992246e-10 inf inf inf
1.3530477745798075e-09 inf inf inf
1.873817422860387e-09 inf inf inf
2.595024211399732e-09 inf inf inf
3.5938136638046257e-09 inf inf inf
4.977023564332114e-09 inf inf inf
6.892612104349681e-09 inf inf inf
9.545484566618328e-09 inf inf inf
1.3219411484660288e-08 inf inf inf
1.8307382802953696e-08 inf inf inf
2.5353644939701113e-08 inf inf inf
3.5111917342151277e-08 inf inf inf
4.8626015800653535e-08 inf inf inf
6.734150657750828e-08 inf inf inf
9.3260334688322e-08 inf inf inf
1.2915496650148827e-07 inf inf inf
1.7886495290574352e-07 inf inf inf
2.4770763559917087e-07 inf inf inf
3.430469286314912e-07 inf inf inf
4.7508101621027934e-07 inf inf inf
6.579332246575682e-07 inf inf inf
9.111627561154887e-07 inf inf inf
1.261856883066021e-06 inf inf inf
1.747528400007683e-06 inf inf inf
2.4201282647943835e-06 inf inf inf
3.3516026509388406e-06 inf inf inf
4.641588833612773e-06 inf inf inf
6.4280731172843194e-06 inf inf inf
8.902150854450375e-06 inf inf inf
1.2328467394420658e-05 inf inf inf
1.7073526474706886e-05 inf inf inf
2.3644894126454072e-05 inf inf inf
3.274549162877725e-05 inf inf inf
4.534878508128582e-05 inf inf inf
6.280291441834246e-05 inf inf inf
8.697490026177834e-05 inf inf inf
0.00012045035402587811 inf inf inf
0.0001668100537200059 inf inf inf
0.0002310129700083158 inf inf inf
0.00031992671377973844 inf inf inf
0.00044306214575838776 4.7981779728754015e-33 5.517211681203569e-33 3.22645904863018e-31
0.0006135907273413163 5.842410441010584e-35 7.382564292275563e-35 1.0166944270317505e-32
0.0008497534359086438 7.40054259461181e-36 1.1158451899512798e-35 3.90887474078529e-33
0.0011768119524349966 2.0928372838092634e-36 4.2150830193440183e-36 3.431328330890781e-33
0.0016297508346206436 9.062539416382464e-37 2.8366458256795943e-36 4.699529917246691e-33
0.002257019719633917 4.957718639673437e-37 2.876287622796332e-36 8.356841676884668e-33
0.0031257158496882354 3.083977964416967e-37 3.949446704384118e-36 1.7405623653915122e-32
0.004328761281083053 2.057631846997401e-37 6.762206265970728e-36 3.990416043201128e-32
0.005994842503189409 1.4259999586845162e-37 1.3516322119677134e-35 9.697585113150148e-32
0.008302175681319735 1.009074737670901e-37 2.9988749759383674e-35 2.441822336387477e-31
0.011497569953977356 7.228424801319966e-38 7.122051564837309e-35 6.282365637359207e-31
0.01592282793341094 5.223815720316698e-38 1.7661971093914608e-34 1.6375173489971112e-30
0.022051307399030412 3.809738587963927e-38 4.500054258067581e-34 4.301661463259523e-30
0.030538555088334123 2.8155430125577197e-38 1.1658423200227446e-33 1.1352694291408818e-29
0.04229242874389499 2.128365387190699e-38 3.0512249220750098e-33 3.004299033714849e-29
0.058570208180566734 1.6742204419873942e-38 8.034608366878169e-33 7.962886798581556e-29
0.08111308307896856 1.4094951551855512e-38 2.1234126438250864e-32 2.1124652297434665e-28
0.11233240329780265 1.3210636580328904e-38 5.623792458108961e-32 5.606998069285739e-28
0.15556761439304723 1.4392531143892467e-38 1.4912756624743432e-31 1.4886474126514969e-27
0.21544346900318778 1.877980827537337e-38 3.957218983491175e-31 3.952851479011502e-27
0.2983647240283334 2.9408408241487154e-38 1.050485952429459e-30 1.0496401303724693e-26
0.41320124001153347 5.396492095072382e-38 2.789174212028939e-30 2.787007926859541e-26
0.572236765935022 1.1196908763987426e-37 7.406106440379174e-30 7.398602944482499e-26
0.7924828983539153 2.5361097995298046e-37 1.9664610965779634e-29 1.9633578419011295e-25
1.0974987654930546 6.094034931973406e-37 5.22045899318732e-29 5.207054664365905e-25
1.5199110829529332 1.521547918062612e-36 1.385453379291568e-28 1.3799089163068686e-24
2.104904144512022 3.892150292264857e-36 3.674976927976413e-28 3.65425131015599e-24
2.91505306282517 1.0107085489128518e-35 9.741631624668073e-28 9.67419891998831e-24
4.03701725859655 2.6488389574058626e-35 2.580634787696726e-27 2.5617358894626708e-23
5.5908101825122225 6.980601339073458e-35 6.833570574543725e-27 6.786711495015884e-23
7.742636826811277 1.8457045645611784e-34 1.8095362576022498e-26 1.7984030265087024e-22
10.72267222010321 4.889567429037375e-34 4.7929873374192376e-26 4.763653836220385e-22
14.849682622544636 1.296767078593841e-33 1.2697961026233268e-25 1.2599705620577722e-21
20.565123083486515 3.4413317282871413e-33 3.3630609901807776e-25 3.321853281403384e-21
28.48035868435793 9.135637998197063e-33 8.895833189720223e-25 8.702499409724042e-21
39.44206059437648 2.4256055950541814e-32 2.3461744653775923e-24 2.2527586094685862e-20
54.62277217684337 6.440412034078627e-32 6.151327023023446e-24 5.706095529081886e-20
75.64633275546291 1.7098899462434558e-31 1.5948064777128168e-23 1.3918716195888847e-19
104.76157527896619 4.538657647303651e-31 4.0508127862896225e-23 3.1965361181205366e-19
145.08287784959373 1.2042769456170806e-30 9.927766792244083e-23 6.740607874627228e-19
200.92330025650458 3.193745646847998e-30 2.296558557769992e-22 1.2831730863302877e-18
278.2559402207126 8.464709019311214e-30 4.889548761365093e-22 2.2083817382611197e-18
385.352859371052 2.2422699944855557e-29 9.407248772496105e-22 3.501459126572447e-18
533.6699231206302 5.93786762798459e-29 1.6345352006322921e-21 5.245572373376191e-18
739.0722033525775 1.5724255660360962e-28 2.6101928983229105e-21 7.58776521735404e-18
1023.5310218990269 4.164514632313349e-28 3.928405964726235e-21 1.0759221455241747e-17
1417.474162926802 1.1028252874735238e-27 5.6981512736595046e-21 1.5091608563132643e-17
1963.0406500402685 2.9179016889569284e-27 8.091045404505414e-21 2.1020919745313805e-17
2718.58824273294 7.702561223652729e-27 1.135505745341835e-20 2.9203050061513615e-17
3764.935806792456 2.0234685993354864e-26 1.5835980016673952e-20 4.0509258585295527e-17
5214.0082879996735 5.266044060957175e-26 2.2012045116207626e-20 5.622729712873292e-17
7220.8090183854565 1.3468630640378488e-25 3.054214634661189e-20 7.79003401241122e-17
10000.0 3.340294237756106e-25 4.2342884395926763e-20 1.0784929407096571e-16
