results/limits/Pino_l.dat
# %ECSV 1.0
# ---
# datatype:
# - {name: mx, unit: MeV, datatype: float64}
# - {name: sigma_10, unit: cm2, datatype: float64}
# - {name: sigma_9, unit: cm2, datatype: float64}
# - {name: sigma_7, unit: cm2, datatype: float64}
# - {name: sigma_6, unit: cm2, datatype: float64}
# - {name: sigma_5, unit: cm2, datatype: float64}
# - {name: sigma_4, unit: cm2, datatype: float64}
# - {name: sigma_3, unit: cm2, datatype: float64}
# - {name: sigma_2, unit: cm2, datatype: float64}
# schema: astropy-2.0
mx sigma_10 sigma_9 sigma_7 sigma_6 sigma_5 sigma_4 sigma_3 sigma_2
[from data line 478]
0.01926569962258253 3.4241325135503675e-44 4.280862897466845e-44 8.568310130971513e-44 1.707459673288278e-43 1.0468413657012168e-42 4.175864249739706e-40 4.06560009104486e-37 1.000737432829753e-36
0.019714909816919448 3.3528280826777875e-44 4.193823743039489e-44 8.415239046611859e-44 1.685032485040129e-43 1.0573047999784862e-42 4.429525036917279e-40 4.353834387480129e-37 1.0722056208794549e-36
0.020174594055939365 3.2830217813428837e-44 4.108580262174911e-44 8.265111760548817e-44 1.6630487229989245e-43 1.06838148019526e-42 4.699600947571421e-40 4.66261168588171e-37 1.1487850424170433e-36
0.02064499655852557 3.214681909408647e-44 4.0250950135509545e-44 8.117870261830899e-44 1.6415010128324925e-43 1.0800955839128401e-42 4.98719198726604e-40 4.993399918990871e-37 1.2308414668251324e-36
0.021126367237910063 3.147777441568445e-44 3.943331343273164e-44 7.973457711939687e-44 1.6203821478131023e-43 1.0924726934444525e-42 5.293474000737126e-40 5.347772035861748e-37 1.3187668426555192e-36
0.021618961834446313 3.0822780128975596e-44 3.863253368184485e-44 7.831818420771723e-44 1.5996850862583182e-43 1.1055398791662833e-42 5.619704011314017e-40 5.7274135182698015e-37 1.4129811713379043e-36
0.02212304205147776 3.0181539047168115e-44 3.7848259595322746e-44 7.69289782312347e-44 1.5794029490550244e-43 1.1193257882458622e-42 5.967225940937601e-40 6.134130435263834e-37 1.5139345202164484e-36
0.022638875694374342 2.955376030760317e-44 3.7080147269843966e-44 7.556642455667936e-44 1.559529017266306e-43 1.1338607391474981e-42 6.337476738040459e-40 6.569858074175737e-37 1.622109173654572e-36
0.0231667368128109 2.8939159236417147e-44 3.6327860029870656e-44 7.422999934413088e-44 1.5400567298207657e-43 1.14917682229796e-42 6.731992942499962e-40 7.036670189351149e-37 1.7380219335819963e-36
0.02370690584636297 2.8337457216115398e-44 3.559106827456456e-44 7.291918932631226e-44 1.5209796812840373e-43 1.1653080073209423e-42 7.152417718959604e-40 7.536788913169108e-37 1.8622265985240844e-36
0.024259669773497434 2.77483815559991e-44 3.4869449327977207e-44 7.163349159249659e-44 1.502291619712319e-43 1.1822902572753903e-42 7.600508392045137e-40 8.072595376422553e-37 1.995316613595995e-36
0.024825322264037063 2.71716653653818e-44 3.4162687292437037e-44 7.037241337692741e-44 1.4839864445878514e-43 1.2001616503611979e-42 8.078144519393531e-40 8.646641088651156e-37 2.1379278977647552e-36
0.025404163835180054 2.660704742953699e-44 3.347047290506558e-44 6.913547185165496e-44 1.4660582048362605e-43 1.2189625095857374e-42 8.58733654097146e-40 9.261660133495514e-37 2.2907418948524195e-36
0.025996502011157406 2.605427208830949e-44 3.279250339735668e-44 6.792219392369723e-44 1.4485010969259426e-43 1.2387355409166342e-42 9.130235045904612e-40 9.92058223680151e-37 2.4544888303526194e-36
0.026602651486612925 2.551308911734572e-44 3.2128482357751074e-44 6.673211603643212e-44 1.4313094630495773e-43 1.2595259804797039e-42 9.709140700974669e-40 1.0626546769969823e-36 2.6299511932327162e-36
0.027222934293792744 2.4983253611875234e-44 3.1478119597144225e-44 6.556478397513234e-44 1.4144777893880875e-43 1.2813817513969718e-42 1.0326514888089937e-39 1.1382917756321122e-36 2.817967499355026e-36
0.027857679973633073 2.4464525872990233e-44 3.084113101725784e-44 6.441975267655335e-44 1.3980007044573894e-43 1.3043536308972106e-42 1.0984991101404674e-39 1.2193299950798674e-36 3.019436279406889e-36
0.02850722575083718 2.395667129637524e-44 3.0217238481821974e-44 6.329658604249228e-44 1.3818729775384491e-43 1.3284954283716737e-42 1.1687387158376483e-39 1.3061556071418312e-36 3.2353203918735675e-36
0.02917191671303455 2.3459460263424854e-44 2.9606169690500626e-44 6.219485675722913e-44 1.3660895171911147e-43 1.353864175089843e-42 1.243671828291857e-39 1.3991825263759624e-36 3.466651620638933e-36
0.029852105994117403 2.297266803470326e-44 2.900765805550402e-44 6.11141461087729e-44 1.3506453698525218e-43 1.3805203263349456e-42 1.3236211122951459e-39 1.4988542887332585e-36 3.7145356099563485e-36
0.030548154961852016 2.249607464569462e-44 2.8421442580830037e-44 6.00540438138297e-44 1.3355357185208295e-43 1.4085279767661378e-42 1.4089318769099692e-39 1.605646171830818e-36 3.9801571520036104e-36
0.031260433409864494 2.2029464804791425e-44 2.7847267744078136e-44 5.901414784641582e-44 1.3207558815251638e-43 1.4379550898644055e-42 1.499973684604072e-39 1.7200674670018615e-36 4.264785853034621e-36
0.031989319754103004 2.1572627793476747e-44 2.728488338077903e-44 5.799406427003746e-44 1.306301311382874e-43 1.4688737423721814e-42 1.5971420753112436e-39 1.842663913993692e-36 4.56978220759502e-36
0.0327352012338808 2.1125357368649512e-44 2.673404457118707e-44 5.699340707336552e-44 1.2921675937452492e-43 1.501360384692417e-42 1.700860413625299e-39 1.9740203099501436e-36 4.8966041059990355e-36
0.03349847411760691 2.0687451667045864e-44 2.619451152948368e-44 5.601179800932781e-44 1.2783504464329889e-43 1.5354961182721582e-42 1.811581867920302e-39 2.1147633051487927e-36 5.2468138025435234e-36
0.034279543913313774 2.0258713111718093e-44 2.5666049495337217e-44 5.504886643755103e-44 1.2648457185628932e-43 1.5713669910581633e-42 1.9297915308178936e-39 2.2655643988902803e-36 5.6220853914876084e-36
0.03507882558409363 1.983894832051458e-44 2.51484286277719e-44 5.410424917008004e-44 1.2516493897673743e-43 1.6090643121781562e-42 2.0560086910952873e-39 2.427143149827711e-36 6.024212805288494e-36
0.03589674376855814 1.9427968016529738e-44 2.4641423901292034e-44 5.317759032030627e-44 1.238757569508534e-43 1.6486849870714828e-42 2.1907892678484908e-39 2.6002706161566895e-36 6.45511840842725e-36
0.03673373300643846 1.9025586940474657e-44 2.4144815004218116e-44 5.226854115503964e-44 1.2261664964887239e-43 1.690331874367057e-42 2.3347284184981584e-39 2.78577304203956e-36 6.916862183405178e-36
0.037590237969445384 1.8631623764926642e-44 2.365838623918254e-44 5.137675994965571e-44 1.2138725381596968e-43 1.7341141658850064e-42 2.488463333053658e-39 2.9845358079194918e-36 7.411651569192727e-36
0.038466713697512506 1.82459010104211e-44 2.3181926425743007e-44 5.050191184625738e-44 1.2018721903325979e-43 1.7801477912220295e-42 2.652676227938638e-39 3.197507663725723e-36 7.941852053061642e-36
0.03936362584054766 1.7868244963341202e-44 2.2715228805064273e-44 4.964366871478553e-44 1.190162076891258e-43 1.8285558484688432e-42 2.828097553633069e-39 3.425705265017157e-36 8.509998458551633e-36
0.04028145090582124 1.7498485595572603e-44 2.2258090946626882e-44 4.880170901701906e-44 1.1787389496114833e-43 1.8794690627025154e-42 3.0155094314060144e-39 3.670218033897583e-36 9.118807061337429e-36
0.04122067651112274 1.7136456485876092e-44 2.1810314656917613e-44 4.797571767340276e-44 1.1675996880891573e-43 1.933026273996604e-42 3.215749335507148e-39 3.932213367994025e-36 9.77118860977877e-36
0.04218180164382002 1.6781994742952685e-44 2.1371705890060638e-44 4.716538593264688e-44 1.1567412997803076e-43 1.9893749567990997e-42 3.429714038356066e-39 4.212942222264001e-36 1.047026222961356e-35
0.043165336925959 1.6434940930152415e-44 2.094207466034539e-44 4.637041124403859e-44 1.1461609201564387e-43 2.0486717726423986e-42 3.6583638375242355e-39 4.51374509042692e-36 1.1219370337642809e-35
0.044171804885544536 1.6095138991801643e-44 2.052123495661463e-44 4.559049713240894e-44 1.135855812978692e-43 2.1110831582718458e-42 3.9027270846506856e-39 4.836058414637706e-36 1.2022094636245592e-35
0.04520174023414663 1.5762436181108313e-44 2.0109004658467942e-44 4.482535307570408e-44 1.1258233706947173e-43 2.1767859514101335e-42 4.1639050378742975e-39 5.181421454023218e-36 1.2882273244208465e-35
0.046255690150979495 1.5436682989611389e-44 1.9705205454246257e-44 4.407469438510242e-44 1.1160611149623435e-43 2.2459680565159114e-42 4.4430770609125434e-39 5.551483644918934e-36 1.380401904027737e-35
0.047334214573604344 1.5117733078144194e-44 1.930966276075621e-44 4.3338242087628534e-44 1.106566697304465e-43 2.3188291530458614e-42 4.741506193572718e-39 5.9480124880857067e-36 1.4791739347702205e-35
0.048437886495410414 1.4805443209275766e-44 1.8922205644698813e-44 4.261572281121083e-44 1.0973378998998637e-43 2.395581448892805e-42 5.060545120257841e-39 6.372902000594009e-36 1.585015702652652e-35
0.04956729227003216 1.44996731812003e-44 1.8542666745764728e-44 4.190686867213328e-44 1.0883726365150408e-43 2.4764504818478878e-42 5.4016425649329674e-39 6.828181772710121e-36 1.6984333034440422e-35
0.05072303192286451 1.420028576304291e-44 1.8170882201362627e-44 4.121141716483225e-44 1.079668953582415e-43 2.561675972125444e-42 5.766350143056753e-39 7.316026673269825e-36 1.81996906494077e-35
0.051905719469841495 1.3907146631550865e-44 1.7806691572942965e-44 4.0529111053989964e-44 1.071225031430689e-43 2.651512729194396e-42 6.156329703169346e-39 7.838767249853716e-36 1.950204140971559e-35
0.05311598324364777 1.3620124309141146e-44 1.7449937773884967e-44 3.985969826887786e-44 1.0630391856735503e-43 2.746231616383281e-42 6.573361193170238e-39 8.398900873466309e-36 2.0897612878566613e-35
0.05435446622753626 1.333909010327467e-44 1.7100466998913223e-44 3.920293179990413e-44 1.055109868763234e-43 2.846120576967461e-42 7.019351088829626e-39 8.999103681274333e-36 2.2393078494520173e-35
0.05562182639692926 1.3063918047128841e-44 1.67581286550104e-44 3.855856959732042e-44 1.0474356717160685e-43 2.951485725709489e-42 7.496341424767321e-39 9.642243374107984e-36 2.399558942655598e-35
0.056918737068984544 1.2794484841539554e-44 1.6422775293795273e-44 3.7926374472042715e-44 1.0400153260173192e-43 3.062652510108559e-42 8.006519471015626e-39 1.0331392930354661e-35 2.571280881592324e-35
0.058245887260312136 1.2530669798187755e-44 1.6094262545333504e-44 3.73061139985455e-44 1.0328477057135269e-43 3.179966945924149e-42 8.55222810137133e-39 1.106984530153375e-35 2.7552948398048225e-35
0.05960398205303182 1.227235478400033e-44 1.577244905335137e-44 3.6697560419785564e-44 1.0259318297006788e-43 3.303796931875151e-42 9.135976903053067e-39 1.1861129160081123e-35 2.952480781370983e-35
0.06099374296936585 1.201942416674188e-44 1.5457196411823041e-44 3.6100490554114717e-44 1.0192668642173903e-43 3.434533648780479e-42 9.760454080725328e-39 1.2709025774437175e-35 3.163781667038155e-35
0.06241590835496589 1.1771764761771574e-44 1.5148369102900726e-44 3.551468570414201e-44 1.012852125552723e-43 3.572593048802956e-42 1.0428539211753168e-38 1.361758709232919e-35 3.390207965348592e-35
0.06387123377117784 1.1529265779937358e-44 1.484583443615995e-44 3.4939931567504885e-44 1.0066870829789836e-43 3.7184174408877035e-42 1.1143316913622154e-38 1.4591155118645382e-35 3.632842485105986e-35
0.06536049239645289 1.1291818776587302e-44 1.4549462489131683e-44 3.437601814951229e-44 1.0007713619204683e-43 3.872477178951064e-42 1.1908091488823705e-38 1.5634382680651323e-35 3.8928455558030096e-35
0.06688447543711816 1.1059317601670687e-44 1.4259126049094292e-44 3.3822739677621263e-44 9.951047473698747e-44 4.035272459879076e-42 1.272640261718077e-38 1.6752255679727343e-35 4.171460573428133e-35
0.06844399254772507 1.0831658350905362e-44 1.3974700556097505e-44 3.3279894517710916e-44 9.896871875648632e-44 4.20733523893824e-42 1.3602042170599674e-38 1.7950116936380846e-35 4.4700199550030045e-35
0.0700398722611988 1.060873931799226e-44 1.369606404719331e-44 3.274728509211766e-44 9.84518797938055e-44 4.3892312707875347e-42 1.4539072230603004e-38 1.9233691742047188e-35 4.789951501999932e-35
0.0716729624290174 1.0390460947849449e-44 1.3423097101846493e-44 3.2224717799396427e-44 9.795998653546281e-44 4.581562284912443e-42 1.5541844394751749e-38 2.060911524053506e-35 5.132785237747931e-35
0.07334413067165428 1.0176725790847811e-44 1.3155682788501938e-44 3.171200293577507e-44 9.7493085265264e-44 4.784968304980942e-42 1.661502046422827e-38 2.2082961769570067e-35 5.50016072257278e-35
0.07505426483952363 9.967438458024041e-45 1.2893706612281895e-44 3.120895461826571e-44 9.705124035021023e-44 5.000130122350439e-42 1.776359461145937e-38 2.3662276302851439e-35 5.893834887885381e-35
0.07680427348467332 9.762505577252315e-45 1.263705646379002e-44 3.071539070940423e-44 9.663453476000183e-44 5.2277719347369356e-42 1.8992917133735066e-38 2.535460814357152e-35 6.315690455435338e-35
0.07859508634347626 9.56183575035243e-45 1.238562256899897e-44 3.0231132743582106e-44 9.624307062195859e-44 5.4686641618927855e-42 2.0308719906365168e-38 2.716804702964948e-35 6.76774493218055e-35
0.08042765483057629 9.365339511113715e-45 1.2139297440197579e-44 2.975600585494263e-44 9.587696981330727e-44 5.723626451034878e-42 2.1717143657043334e-38 2.9111261823838123e-35 7.252160252112814e-35
0.08230295254435131 9.172929284218501e-45 1.1897975827976143e-44 2.9289838706808776e-44 9.55363745929074e-44 5.993530885716503e-42 2.3224767191795884e-38 3.1193541974227536e-35 7.771253134649253e-35
0.08422197578416211 8.9845193450415e-45 1.1661554674227138e-44 2.883246342261464e-44 9.522144827463031e-44 6.279305412853995e-42 2.4838638712230116e-38 3.342484194255676e-35 8.327506158154824e-35
0.08618574407966152 8.800025780308546e-45 1.142993306613895e-44 2.838371551831076e-44 9.493237594474335e-44 6.581937503699863e-42 2.6566309373792783e-38 3.5815828813103115e-35 8.92357962141535e-35
0.08819530073244539 8.619366449595641e-45 1.1203012191163244e-44 2.7943433836214436e-44 9.466936522581714e-44 6.902478065705475e-42 2.8415869245470107e-38 3.8377933310489456e-35 9.562324281743355e-35
0.09025171337033296 8.442460947652712e-45 1.098069529293382e-44 2.7511460480279106e-44 9.443264708982819e-44 7.242045623439561e-42 3.039598584284426e-38 4.112340446989843e-35 1.0246794996981198e-34
0.09235607451457113 8.26923056752829e-45 1.0762887628117357e-44 2.708764075275431e-44 9.422247672331783e-44 7.601830788029397e-42 3.251594541872735e-38 4.4065368220581346e-35 1.0980265311917196e-34
0.09450950216026408 8.099598264485944e-45 1.0549496424176263e-44 2.667182309221053e-44 9.40391344476492e-44 7.983101035973665e-42 3.478569720878358e-38 4.721789016415834e-35 1.1766243127078268e-34
0.09671314037033632 7.933488620688459e-45 1.0340430838023453e-44 2.626385901290336e-44 9.388292669761121e-44 8.387205819646296e-42 3.7215900843678445e-38 5.05960428476261e-35 1.2608487498563091e-34
0.09896815988334524 7.77082781063703e-45 1.0135601915551363e-44 2.5863603045452425e-44 9.375418706183198e-44 8.81558203337383e-42 3.98179771544449e-38 5.421597785129226e-35 1.3511026575202291e-34
0.10127575873546546 7.61154356734986e-45 9.934922552015363e-45 2.5470912678809524e-44 9.365327738869598e-44 9.269759860633224e-42 4.260416261397667e-38 5.80950030389017e-35 1.4478176890851868e-34
0.10363716289697593 7.45556514925973e-45 9.73830745325446e-45 2.5085648303493954e-44 9.358058896170428e-44 9.751369029691304e-42 4.5587567674955797e-38 6.22516653381377e-35 1.5514564024290837e-34
0.10605362692358762 7.302823307821607e-45 9.545673097730402e-45 2.470767315607084e-44 9.353654374848697e-44 1.0262145506899499e-41 4.87822392831538e-38 6.670583944605176e-35 1.6625144665020216e-34
0.10852643462295801 7.153250255809964e-45 9.356937699369231e-45 2.4336853264849606e-44 9.352159572794386e-44 1.08039386588769e-41 5.220322786501518e-38 7.147882288775803e-35 1.7815230401146919e-34
0.11105689973674641 7.006779636292625e-45 9.172021171186432e-45 2.397305739678265e-44 9.353623230030883e-44 1.1378718916977627e-41 5.586665910983511e-38 7.659343787766854e-35 1.9090513050953982e-34
0.11364636663857243 6.86334649226745e-45 8.990845089680639e-45 2.3616157005541153e-44 9.358097578523937e-44 1.1988585979749393e-41 5.978981088976983e-38 8.207414047534068e-35 2.0457091933006197e-34
0.11629621104824843 6.722887236946703e-45 8.813332659978875e-45 2.326602618074747e-44 9.365638501338592e-44 1.2635777591570746e-41 6.399119568549359e-38 8.794713755457843e-35 2.1921503005284924e-34
