results/limits/Pino_l_phase.dat
# %ECSV 1.0
# ---
# datatype:
# - {name: mx, unit: MeV, datatype: float64}
# - {name: sigma_10, unit: cm2, datatype: float64}
# - {name: sigma_9, unit: cm2, datatype: float64}
# - {name: sigma_7, unit: cm2, datatype: float64}
# - {name: sigma_6, unit: cm2, datatype: float64}
# - {name: sigma_5, unit: cm2, datatype: float64}
# - {name: sigma_4, unit: cm2, datatype: float64}
# - {name: sigma_3, unit: cm2, datatype: float64}
# - {name: sigma_2, unit: cm2, datatype: float64}
# schema: astropy-2.0
mx sigma_10 sigma_9 sigma_7 sigma_6 sigma_5 sigma_4 sigma_3 sigma_2
[from data line 801]
32.962338731536356 9.505476033851938e-39 2.1635757542757042e-38 3.2502304607734853e-34 2.8743859505613973e-30 2.869070001020308e-26 2.7749104441868055e-22 3.939906094908704e-19 9.826822000998529e-19
33.730907684518286 9.559765443588914e-39 2.190518129451382e-38 3.5475307422808444e-34 3.151775642470175e-30 3.14616056570998e-26 3.04290930706669e-22 4.3204194328652916e-19 1.0775889505133652e-18
34.51739703569462 9.614676163958155e-39 2.218087607594015e-38 3.872598810718828e-34 3.455945178148725e-30 3.450012237760715e-26 3.3367913091863326e-22 4.737682479303229e-19 1.1816617276177362e-18
35.322224627433556 9.67021882185768e-39 2.2463044209257604e-38 4.228066260822286e-34 3.789480451066133e-30 3.783209581095707e-26 3.6590562257419145e-22 5.195244495020733e-19 1.2957857797743738e-18
36.14581804475762 9.726404286448475e-39 2.2751896086641917e-38 4.616816487654545e-34 4.155217075496876e-30 4.1485867747620885e-26 4.012445258445367e-22 5.696997525910086e-19 1.4209318520044447e-18
36.98861484250899 9.783243671336124e-39 2.3047650546360243e-38 5.042008907414757e-34 4.5562645032876424e-30 4.5492517205667575e-26 4.39996435232108e-22 6.247209508892035e-19 1.5581644431939268e-18
37.851062777811606 9.84074834440835e-39 2.3350535270173093e-38 5.5071055129190544e-34 4.996032469770503e-30 4.988612479027148e-26 4.82490976443887e-22 6.850560575221367e-19 1.7086508607795245e-18
38.733620047953465 9.898929934152835e-39 2.3660787200914386e-38 6.015899988847916e-34 5.478259993721735e-30 5.470406258458516e-26 5.290896102029577e-22 7.512182859901003e-19 1.873671149920017e-18
39.63675553381552 9.957800335358256e-39 2.397865298286338e-38 6.572549633691184e-34 6.007047178087399e-30 5.998731203833242e-26 5.801887068528235e-22 8.237704155898348e-19 2.054628981629215e-18
40.5609490489765 1.0017371719233626e-38 2.4304389426052905e-38 7.1816103590395785e-34 6.58689008193127e-30 6.578081255774381e-26 6.362229179037908e-22 9.033295784440211e-19 2.2530635924734312e-18
41.506691594626034 1.0077656538893743e-38 2.463826399527397e-38 7.84807506304702e-34 7.222718960227201e-30 7.213384376203197e-26 6.976688732007001e-22 9.905725088583751e-19 2.470662877395673e-18
42.47448562042145 1.0138667539856417e-38 2.4980555326262396e-38 8.577415703528985e-34 7.919940196756724e-30 7.910044465789184e-26 7.650492351602114e-22 1.0862412996575488e-18 2.7092777470345775e-18
43.46484529142686 1.0200417765843444e-38 2.533155377026035e-38 9.375629427598455e-34 8.684482286804375e-30 8.673987329772346e-26 8.389371445649452e-22 1.1911497144659625e-18 2.9709378716682393e-18
44.4782967612764 1.0262920569577926e-38 2.5691561967927734e-38 1.0249289149135204e-33 9.522846260739463e-30 9.511711083111867e-26 9.199610957273765e-22 1.306190109621587e-18 3.2578689456903447e-18
45.515378451706574 1.0326189620431072e-38 2.606089545609398e-38 1.1205599003252837e-33 1.0442160977419175e-29 1.0430341423748482e-25 1.0088102824956426e-21 1.4323410246061283e-18 3.572511619484349e-18
46.576641338606535 1.039023891096988e-38 2.643988330740167e-38 1.2252455148251524e-33 1.145024375768091e-29 1.143769224408724e-25 1.1062404605697483e-21 1.570675505549257e-18 3.917542259713853e-18
47.66264924473788 1.0455082773987868e-38 2.6828868807182223e-38 1.3398512431126727e-33 1.2555666873735785e-29 1.2542332096335397e-25 1.2130803760001857e-21 1.7223702326167526e-18 4.2958957146415245e-18
48.773979139279795 1.0520735884751713e-38 2.722821016703961e-38 1.4653257482357104e-33 1.3767830459938064e-29 1.375365707697657e-25 1.3302388145426943e-21 1.8887155289100708e-18 4.71079027809328e-18
49.911221444358546 1.0587213274442875e-38 2.7638281280472294e-38 1.6027088860489035e-33 1.5097042465161724e-29 1.5081970750399804e-25 1.4587123318371252e-21 2.071126336021776e-18 5.165755064433004e-18
51.07498034872413 1.0654530341840567e-38 2.8059472520229444e-38 1.7531404926845844e-33 1.655460632681199e-29 1.6538571791478753e-25 1.599593730159913e-21 2.2711542496000856e-18 5.6646600273873184e-18
52.265874128740876 1.0722702859002998e-38 2.8492191583171705e-38 1.9178700196474773e-33 1.8152917112256398e-29 1.8135850092630747e-25 1.7540813538574815e-21 2.4905007173028055e-18 6.21174887807487e-18
53.48453547686238 1.0791746990354438e-38 2.8936864382544646e-38 2.0982670983378914e-33 1.9905566945374934e-29 1.988739215277562e-25 1.9234892825211075e-21 2.731031511393343e-18 6.811675182218241e-18
54.731611837765406 1.0861679297817713e-38 2.9393935992935803e-38 2.2958331237312262e-33 2.1827460615106183e-29 2.180809664476513e-25 2.1092585086191828e-21 2.994792599100848e-18 7.469541943626553e-18
56.00776575232122 1.0932516755932189e-38 2.986387165079122e-38 2.5122139555759318e-33 2.393494234920783e-29 2.3914301144166135e-25 2.312969194650943e-21 3.2840275457194877e-18 8.190945010600332e-18
57.31367520958723 1.1004276760624663e-38 3.034715781257605e-38 2.7492138449964046e-33 2.624593483163069e-29 2.6223921097428607e-25 2.536354114088388e-21 3.601196598488105e-18 8.982020674499687e-18
58.650034007005786 1.107697715088518e-38 3.0844303277568177e-38 3.008810704798092e-33 2.8780091645985475e-29 2.8756602211515297e-25 2.781313390436325e-21 3.948997613579557e-18 9.849497865353662e-18
60.017552119001664 1.1150636210977173e-38 3.135584037545241e-38 3.2931728531948955e-33 3.1558964441770426e-29 3.1533887561218884e-25 3.049930659781059e-21 4.330389004204785e-18 1.0800755388486955e-17
61.416956074173925 1.1225272692741836e-38 3.188232622698141e-38 3.60467737320756e-33 3.4606186245268203e-29 3.4579400835592033e-25 3.3444907943072886e-21 4.7486149050295486e-18 1.1843884689021966e-17
62.84898934128261 1.1300905824421085e-38 3.2424344079176234e-38 3.9459302437060624e-33 3.794767247423363e-29 3.7919047282080804e-25 3.6674993375295414e-21 5.20723276693825e-18 1.2987758678096058e-17
64.31441272423535 1.1377555329149332e-38 3.2982504722263803e-38 4.3197884131775546e-33 4.161184136650284e-29 4.158123405791091e-25 4.0217038165849726e-21 5.710143616909578e-18 1.4242107206338566e-17
65.81400476628369 1.1455241438830758e-38 3.3557447992999264e-38 4.7293840037365254e-33 4.562985569701801e-29 4.559711186258415e-25 4.410117112826331e-21 6.2616252403326485e-18 1.5617599826430866e-17
67.34856216364385 1.1533984911058668e-38 3.4149844369938824e-38 5.178150851115817e-33 5.0035887839864924e-29 5.0000839907383225e-25 4.836043089560637e-21 6.86636856809087e-18 1.7125936548923404e-17
68.91890018876182 1.1613807043145397e-38 3.476039666790333e-38 5.6698536061095106e-33 5.486741042928413e-29 5.482987647508138e-25 5.3031046948618374e-21 7.529517577835093e-18 1.8779947363061895e-17
70.52585312344742 1.1694729692515515e-38 3.538984183626116e-38 6.208619644851373e-33 6.016551509261921e-29 6.012529754198012e-25 5.815274778560164e-21 8.256713048931772e-18 2.0593701369359855e-17
72.17027470210763 1.1776775292074963e-38 3.6038952871264975e-38 6.798974059110952e-33 6.597526196615197e-29 6.59321461723059e-25 6.37690988552132e-21 9.054140543242664e-18 2.2582626452141817e-17
73.8530385653146 1.185996686907468e-38 3.67085408471295e-38 7.445878023930673e-33 7.234606296617824e-29 7.22998156563114e-25 6.992787312602717e-21 9.928583019777766e-18 2.476364050978517e-17
75.57503872394936 1.194432806528262e-38 3.7399457076651274e-38 8.154770868848546e-33 7.933210207672883e-29 7.928246965238048e-25 7.668145744621657e-21 1.0887478530943883e-17 2.7155295359359626e-17
77.33719003416762 1.2029883155827691e-38 3.811259540799453e-38 8.931616210162441e-33 8.699279622756592e-29 8.693950290555608e-25 8.408729814858254e-21 1.1938983490973472e-17 2.9777934539268675e-17
79.14042868344033 1.211665707006902e-38 3.8848894669837266e-38 9.782952536441913e-33 9.53933006834348e-29 9.533604646214274e-25 9.220838969200372e-21 1.309204205480198e-17 3.2653866352429593e-17
80.98571268792693 1.2204675412927808e-38 3.960934127181071e-38 1.0715948677248548e-32 1.0460506324309592e-28 1.0454352167745375e-24 1.0111381049541174e-20 1.4356462197491327e-17 3.58075536217995e-17
82.87402240144569 1.2293964486198733e-38 4.0394971976031766e-38 1.1738464626647944e-32 1.1470643196282232e-28 1.1464024772979078e-24 1.108793105227746e-20 1.574299914142705e-17 3.926582177254736e-17
84.80636103631147 1.238455131192358e-38 4.1206876845950265e-38 1.2859118238399458e-32 1.2578332157211547e-28 1.2571210780666182e-24 1.215879556156253e-20 1.726344684071369e-17 4.305808701030203e-17
86.78375519631766 1.247646365798038e-38 4.2046202390851266e-38 1.4087358360001415e-32 1.3792994425210574e-28 1.3785327963178369e-24 1.3333083405573213e-20 1.893073830120492e-17 4.7216606537035e-17
88.80725542214539 1.2569730059816163e-38 4.291415491612727e-38 1.5433545027140594e-32 1.5124961099094864e-28 1.5116703654507882e-24 1.4620783136633215e-20 2.075905558926335e-17 5.177675293234666e-17
90.8779367494899 1.266437984780604e-38 4.3812004095526643e-38 1.690903740047171e-32 1.6585561033408856e-28 1.6576662595123318e-24 1.603284799439195e-20 2.276395046520211e-17 5.677731503458666e-17
92.99689928020044 1.2760443174148371e-38 4.474108678260954e-38 1.8526290192180535e-32 1.818721720026113e-28 1.817762326075103e-24 1.758128907462095e-20 2.4962476667324885e-17 6.226082788062548e-17
95.16526876673713 1.2857951040254436e-38 4.5702811075836176e-38 2.0298959402183607e-32 1.9943552357678045e-28 1.9933203494514376e-24 1.927927749617973e-20 2.7373334971855275e-17 6.827393451095157e-17
97.38419721025556 1.2956935325401833e-38 4.669866066006887e-38 2.2242018263056163e-32 2.186950492341448e-28 2.1858336341066076e-24 2.114125643530725e-20 3.0017032262810804e-17 7.486778271804622e-17
99.6548634726365 1.3057428816029213e-38 4.773019943981022e-38 2.4371884379100664e-32 2.3981456039490236e-28 2.3969397067649313e-24 2.3183063979864692e-20 3.291605596439011e-17 8.209846011158069e-17
101.97847390278609 1.3159465237062566e-38 4.879907649107576e-38 2.670655914116266e-32 2.6297368908879805e-28 2.6284342453149704e-24 2.5422067849128398e-20 3.609506532044849e-17 9.002747120322924e-17
104.35626297753925 1.3263079287060275e-38 4.990703135145914e-38 2.9265780601760256e-32 2.8836941588773596e-28 2.8822863529156636e-24 2.78773131243109e-20 3.95811011470215e-17 9.872226056652774e-17
106.78949395750668 1.3368306666847425e-38 5.105589967519982e-38 3.207119111109621e-32 3.162177454078392e-28 3.1606553072968064e-24 3.056968424710072e-20 4.3403815843038495e-17 1.0825678652423852e-16
109.27945955821409 1.3475184117828527e-38 5.22476192818199e-38 3.5146521138882305e-32 3.4675554362851326e-28 3.465908927681332e-24 3.3522082663773714e-20 4.7595725615119627e-17 1.1871215024156404e-16
111.82748263689002 1.3583749458224422e-38 5.348423662564015e-38 3.851779084508178e-32 3.802425526575909e-28 3.8006437155674385e-24 3.675962162600362e-20 5.219248706200373e-17 1.301772855765848e-16
114.43491689526716 1.3694041619573704e-38 5.476791372002322e-38 4.2213531113779023e-32 4.1696360008257314e-28 4.167706940712829e-24 4.030983980558767e-20 5.723320047157486e-17 1.4274971555663904e-16
117.10314759877073 1.3806100687215609e-38 5.610093555109603e-38 4.626502592917873e-32 4.5723102169592865e-28 4.570220860137367e-24 4.420293553963784e-20 6.27607424096852e-17 1.5653638191361828e-16
119.8335923124757 1.3919967940165257e-38 5.748571801567448e-38 5.070657815530242e-32 5.013873182077904e-28 5.011609276207893e-24 4.8472023699279324e-20 6.882213043055692e-17 1.7165455473615685e-16
122.62770165422418 1.403568589413384e-38 5.892481642867961e-38 5.557580097918969e-32 5.4980806854176045e-28 5.4956266596861686e-24 5.315341736656604e-20 7.546892301068584e-17 1.882328299754594e-16
125.4869600653028 1.4153298348223925e-38 6.042093463900953e-38 6.091393749531173e-32 6.029051244886163e-28 6.0263900854043354e-24 5.828693671501434e-20 8.27576581073122e-17 2.0641222328762442e-16
128.41288659908975 1.4272850425828435e-38 6.197693480455068e-38 6.676621115026346e-32 6.611301139055865e-28 6.6084142523527656e-24 6.39162477224459e-20 9.075033407376057e-17 2.263473695214832e-16
131.40703572809028 1.4394388628496163e-38 6.359584787657211e-38 7.318221002636719e-32 7.24978282245164e-28 7.246649885919686e-24 7.008923359586416e-20 9.951493702037062e-17 2.48207838049951e-16
134.4709981697896 1.451796088231791e-38 6.528088484919223e-38 8.021630823286034e-32 7.949927050971406e-28 7.946525849009207e-24 7.685840206844946e-20 1.0912601910781192e-16 2.7217957513574314e-16
137.6064017317617 1.4643616592401285e-38 6.703544883452399e-38 8.79281279880046e-32 8.717689075742016e-28 8.71399532022022e-24 8.428133203299991e-20 1.1966533269154364e-16 2.9846648559971665e-16
140.8149121764835 1.4771406695883922e-38 6.886314802791543e-38 9.638304632175285e-32 9.559599298343263e-28 9.555586431886385e-24 9.2421163310966e-20 1.3122252571157031e-16 3.272921672458021e-16
144.09823410631301 1.4901383718685982e-38 7.076780963650786e-38 1.0565275070809636e-31 1.0482818818278812e-27 1.0478457798710647e-23 1.0134713372311355e-19 1.438959042425656e-16 3.5890181279576145e-16
147.45811186910282 1.5033601835184342e-38 7.275349484537232e-38 1.1581584835177548e-31 1.1495200345127869e-27 1.149045940926904e-23 1.111351680296382e-19 1.5779326868990295e-16 3.935642955098516e-16
150.89633048492877 1.5168116930773755e-38 7.48245149055228e-38 1.26958534312361e-31 1.2605354993640534e-27 1.2600199398471973e-23 1.2186852375065987e-19 1.7303283074627115e-16 4.3157445623865807e-16
154.41471659442715 1.5304986664470422e-38 7.698544843424153e-38 1.3917532414496792e-31 1.3822725529667433e-27 1.3817117268682293e-23 1.3363849935785927e-19 1.897442189048347e-16 4.732556113505995e-16
158.01513942924367 1.5444270537545237e-38 7.924116002712415e-38 1.525698572931052e-31 1.5157666690428376e-27 1.515156418278479e-23 1.4654521086573958e-19 2.080695810883718e-16 5.189623028838418e-16
161.6995118051102 1.5586029963322158e-38 8.159682028485959e-38 1.6725577805873863e-31 1.6621533261594305e-27 1.6614891011451533e-23 1.606984434211508e-19 2.281647937633463e-16 5.690833142904539e-16
165.46979113807643 1.5730328338223275e-38 8.405792737518955e-38 1.8335770165117114e-31 1.822677666128756e-27 1.8219544884455207e-23 1.7621858514361737e-19 2.502007878363056e-16 6.240449774563226e-16
169.32798048443664 1.587723112134366e-38 8.663033025075806e-38 2.010122735223324e-31 1.998705085172359e-27 1.9979175066477545e-23 1.9323765115179958e-19 2.743650025994357e-16 6.843147990982906e-16
173.27612960490418 1.6026805912723893e-38 8.932025366390193e-38 2.2036933100194227e-31 2.1917328479786375e-27 2.1908749058400844e-23 2.1190040649040717e-19 3.0086298009814867e-16 7.504054373986583e-16
177.3163360535986 1.617912253446736e-38 9.213432512080377e-38 2.415931771130139e-31 2.4034028234532844e-27 2.4024679911745924e-23 2.3236559751020575e-19 3.2992011348383993e-16 8.228790627059094e-16
181.45074629242436 1.633425312212883e-38 9.507960394386758e-38 2.6486397739746444e-31 2.63551545045528e-27 2.6344965838817635e-23 2.5480730217160116e-19 3.617835642181521e-16 9.023521393809327e-16
185.68155683143308 1.6492272211948747e-38 9.816361260800596e-38 2.9037929163526495e-31 2.8900450523469236e-27 2.8889343306443175e-23 2.794164107609794e-19 3.967243644414433e-16 9.895006694754853e-16
190.01101539577502 1.6653256836152023e-38 1.013943705503466e-37 3.1835575348328934e-31 3.1691566306135132e-27 3.1679454915420323e-23 3.0640224961382805e-19 4.350397223868631e-16 1.0850659428422882e-15
194.44142211985996 1.6817286625249276e-38 1.0478043065262752e-37 3.4903091231717656e-31 3.475224280380047e-27 3.473903349346858e-23 3.3599436165419005e-19 4.77055550447278e-16 1.1898608425806674e-15
198.9751307693619 1.6984443906486287e-38 1.0833091862497055e-37 3.826652529441896e-31 3.810851384497832e-27 3.8094103967884543e-23 3.6844445889868933e-19 5.23129237403e-16 1.3047767594623864e-15
203.61454999171644 1.7154813816909158e-38 1.120555755376658e-37 4.195444103657602e-31 4.178892757981199e-27 4.177320473512518e-23 4.0402856353404084e-19 5.736526883921915e-16 1.4307911741550242e-15
