results/limits/Pino_l.dat
# %ECSV 1.0
# ---
# datatype:
# - {name: mx, unit: MeV, datatype: float64}
# - {name: sigma_10, unit: cm2, datatype: float64}
# - {name: sigma_9, unit: cm2, datatype: float64}
# - {name: sigma_7, unit: cm2, datatype: float64}
# - {name: sigma_6, unit: cm2, datatype: float64}
# - {name: sigma_5, unit: cm2, datatype: float64}
# - {name: sigma_4, unit: cm2, datatype: float64}
# - {name: sigma_3, unit: cm2, datatype: float64}
# - {name: sigma_2, unit: cm2, datatype: float64}
# schema: astropy-2.0
mx sigma_10 sigma_9 sigma_7 sigma_6 sigma_5 sigma_4 sigma_3 sigma_2
[from data line 801]
32.962338731536356 5.669647956952036e-47 1.2879710673384591e-46 1.792039660648781e-42 1.4662986429681245e-38 1.4571518373092845e-34 1.4071083137193523e-30 1.9889251989306804e-27 4.930338923078638e-27
33.730907684518286 5.572053834401666e-47 1.2742490594591246e-46 1.9088006915997412e-42 1.5709153587887492e-38 1.5614650689915395e-34 1.5077878354695266e-30 2.1311002607448962e-27 5.281296121220101e-27
34.51739703569462 5.476316339017754e-47 1.2608382015430904e-46 2.033463010073822e-42 1.6830107375373066e-38 1.6732459608889626e-34 1.6156703055001844e-30 2.2834284261113675e-27 5.657134502569547e-27
35.322224627433556 5.3823993812472535e-47 1.247734514844339e-46 2.1665747674587905e-42 1.8031198712868509e-38 1.7930291091583457e-34 1.7312710281667333e-30 2.4466334837575276e-27 6.059606037738484e-27
36.14581804475762 5.29026759669543e-47 1.2349341501201279e-46 2.308722789697083e-42 1.931816151123104e-38 1.9213873794114326e-34 1.855142175679702e-30 2.6214906687110602e-27 6.490584601369553e-27
36.98861484250899 5.199886331455886e-47 1.2224333870785722e-46 2.4605353310393553e-42 2.0697140087429034e-38 2.058934646092329e-34 1.9878754263054364e-30 2.808830295158218e-27 6.952073872108013e-27
37.851062777811606 5.111221627744624e-47 1.2102286339250098e-46 2.6226850244664754e-42 2.2174718543219691e-38 2.2063287279237807e-34 2.1301047913857555e-30 3.0095416445909425e-27 7.446215197831453e-27
38.733620047953465 5.02424020983164e-47 1.198316427009536e-46 2.7958920428272658e-42 2.37579522470364e-38 2.3642745334536185e-34 2.282509644691233e-30 3.2245771431533496e-27 7.975302118486849e-27
39.63675553381552 4.938909470264301e-47 1.1866934305782635e-46 2.980927485744256e-42 2.5454401569667183e-38 2.5335274317366876e-34 2.4458179685825844e-30 3.454956782442337e-27 8.541783455259377e-27
40.5609490489765 4.855197456376131e-47 1.1753564366310156e-46 3.1786170084161253e-42 2.7272168035082953e-38 2.7148968642632883e-34 2.6208098325080763e-30 3.701772958143028e-27 9.148276053785074e-27
41.506691594626034 4.773072857075462e-47 1.1643023648884282e-46 3.389844709600486e-42 2.9219933059327017e-38 2.9092502153977317e-34 2.808321120440024e-30 3.96619547582125e-27 9.797583109636427e-27
42.47448562042145 4.692504989907899e-47 1.1535282628716646e-46 3.6155572972972906e-42 3.1306999462758884e-38 3.1175169598259002e-34 3.0092475250886294e-30 4.249477054328479e-27 1.0492691603446884e-26
43.46484529142686 4.613463788387331e-47 1.1430313060981338e-46 3.8567685519794765e-42 3.354333595420647e-38 3.3406931068339375e-34 3.224548827969992e-30 4.5529592130692356e-27 1.1236802637282995e-26
44.4782967612764 4.535919789589538e-47 1.1328087983968833e-46 4.1145641086386944e-42 3.5939624799800795e-38 3.5798459626584525e-34 3.4552534857684756e-30 4.878078426575749e-27 1.2033331954445176e-26
45.515378451706574 4.459844122003514e-47 1.1228581723476453e-46 4.390106580437033e-42 3.850731290449475e-38 3.836119233668093e-34 3.7024635449197926e-30 5.226372722393409e-27 1.2885925204984571e-26
46.576641338606535 4.385208493634814e-47 1.1131769898477211e-46 4.684641048388731e-42 4.125866655059431e-38 4.110738494764509e-34 3.967359907923299e-30 5.5994890975960276e-27 1.3798492412824036e-26
47.66264924473788 4.3119851803560536e-47 1.1037629428112055e-46 4.999500943245156e-42 4.4206830055119945e-38 4.405017049135422e-34 4.251207976471963e-30 5.9991909061075645e-27 1.4775179771838215e-26
48.773979139279795 4.240147014499336e-47 1.0946138540054362e-46 5.3361143476317354e-42 4.736588862655897e-38 4.720362207361891e-34 4.5553636984186064e-30 6.427366018059751e-27 1.5820459393769055e-26
49.911221444358546 4.169667373685758e-47 1.0857276780297786e-46 5.6960107484958254e-42 5.075093572165773e-38 5.058282015884864e-34 4.881280047443441e-30 6.886035556127364e-27 1.6939050092648557e-26
51.07498034872413 4.1005201698872214e-47 1.077102502442325e-46 6.080828272077307e-42 5.437814522442207e-38 5.420392466982804e-34 5.2305139663858416e-30 7.377363432716825e-27 1.8136052220641908e-26
52.265874128740876 4.0326798387156606e-47 1.068736549040334e-46 6.492321435922951e-42 5.826484879256055e-38 5.808425224711352e-34 5.604733807344453e-30 7.90366605368799e-27 1.9416850190494586e-26
53.48453547686238 3.9661213289352354e-47 1.0606281753007516e-46 6.932369454938499e-42 6.242961874132181e-38 6.224235903720949e-34 6.0057273041256104e-30 8.467422883236338e-27 2.078723602446842e-26
54.731611837765406 3.900820092192894e-47 1.0527758759875408e-46 7.402985141123412e-42 6.689235686115906e-38 6.6698129405085526e-34 6.435410115114751e-30 9.071288022974906e-27 2.2253371366319822e-26
56.00776575232122 3.8367520729627947e-47 1.0451782849329292e-46 7.906324439473848e-42 7.167438959403478e-38 7.147287099488628e-34 6.895834977324516e-30 9.71810246615172e-27 2.382181635338967e-26
57.31367520958723 3.7738936987005126e-47 1.037834177000274e-46 8.444696645582994e-42 7.679857002359868e-38 7.658941659300837e-34 7.389201515295134e-30 1.0410906806236859e-26 2.549958725282716e-26
58.650034007005786 3.712221870202473e-47 1.0307424702366622e-46 9.02057535373e-42 8.228938716705163e-38 8.207223328019521e-34 7.917866751696142e-30 1.115295484205573e-26 2.729416221812872e-26
60.017552119001664 3.6517139521667327e-47 1.0239022282239568e-46 9.636610187743988e-42 8.817308309144126e-38 8.794753939411609e-34 8.484356369865753e-30 1.1947729053008649e-26 2.921350825807396e-26
61.416956074173925 3.5923477639510305e-47 1.0173126626374894e-46 1.0295639370674204e-41 9.44777784145492e-38 9.424342986118193e-34 9.091376781875538e-30 1.2798956076875346e-26 3.126612002992451e-26
62.84898934128261 3.5341015705238415e-47 1.010973136022376e-46 1.1000703193311572e-41 1.0123360679064231e-37 1.0099001049631894e-33 9.741828059789537e-30 1.3710623371911366e-26 3.3461059853257065e-26
64.31441272423535 3.4769540736051223e-47 1.0048831647978616e-46 1.1755058445906202e-41 1.084728590243292e-37 1.0821954191224275e-33 1.043881779178507e-29 1.4686996842401878e-26 3.580793903051846e-26
65.81400476628369 3.420884402992389e-47 9.990424225009711e-47 1.2562193882034296e-41 1.1623013750180894e-37 1.1596659372564684e-33 1.1185675929383434e-29 1.573264141184232e-26 3.83170417860183e-26
67.34856216364385 3.3658721080688794e-47 9.934507432813829e-47 1.342584678850443e-41 1.2454252167815982e-37 1.2426820979689559e-33 1.1985970696249015e-29 1.6852440268890881e-26 4.099934493950395e-26
68.91890018876182 3.3118971494898263e-47 9.881081256602543e-47 1.4350020740484413e-41 1.334497454121824e-37 1.3316408529247526e-33 1.2843525634696034e-29 1.8051616299904474e-26 4.386636866680482e-26
70.52585312344742 3.2589398910435956e-47 9.830147365665368e-47 1.5339004626699794e-41 1.4299438699698596e-37 1.4269675641591218e-33 1.376243787128086e-29 1.9335757054005296e-26 4.693061840267514e-26
72.17027470210763 3.2069810916839994e-47 9.781709156652863e-47 1.6397393035628271e-41 1.5322207279522482e-37 1.5291180371334002e-33 1.4747097688157456e-29 2.0710838423147445e-26 5.0205199191833525e-26
73.8530385653146 3.1560018977306542e-47 9.735771799932631e-47 1.7530108100125294e-41 1.641816954529655e-37 1.638580699246978e-33 1.5802209493716917e-29 2.2183250109430893e-26 5.370410440393224e-26
75.57503872394936 3.105983835233729e-47 9.692342289183066e-47 1.874242290489073e-41 1.759256477358941e-37 1.7558789342099574e-33 1.6932814292738646e-29 2.375982653965353e-26 5.744229023563955e-26
77.33719003416762 3.0569088025003166e-47 9.651429494399094e-47 2.0039986568659915e-41 1.885100731062815e-37 1.8815735834246618e-33 1.8144313762360863e-29 2.5447874052791792e-26 6.143549297235295e-26
79.14042868344033 3.0087590627788345e-47 9.61304421849635e-47 2.1428851121014073e-41 2.019951342392147e-37 2.0162656263215584e-33 1.9442496049375296e-29 2.725520449494032e-26 6.570052991624466e-26
80.98571268792693 2.9615172370986577e-47 9.577199257712111e-47 2.2915500302284384e-41 2.164453007623838e-37 2.1605990524493353e-33 2.0833563411162925e-29 2.919016851415031e-26 7.025527175868055e-26
82.87402240144569 2.9151662972619216e-47 9.543909466014376e-47 2.4506880424223484e-41 2.319296575956635e-37 2.3152639390342068e-33 2.232416183217991e-29 3.1261692237700135e-26 7.511862964666312e-26
84.80636103631147 2.869689558984446e-47 9.513191823744867e-47 2.621043343897241e-41 2.485222353652641e-37 2.480999748704295e-33 2.392141275681419e-29 3.347931521687495e-26 8.031069406430451e-26
86.78375519631766 2.8250706751830934e-47 9.485065510735748e-47 2.8034132374410176e-41 2.6630236447277916e-37 2.6585988631258084e-33 2.5632947089830465e-29 3.585323193049561e-26 8.585275360162691e-26
88.80725542214539 2.7812936294066203e-47 9.459551984156438e-47 2.9986519305294106e-41 2.853550545126304e-37 2.8489103694239076e-33 2.746694162600325e-29 3.839433454012e-26 9.176725586682205e-26
90.8779367494899 2.738342729407375e-47 9.43667506136371e-47 3.20767460417195e-41 3.0577140085260744e-37 3.0528441174676183e-33 2.9432158082602064e-29 4.111426123882934e-26 9.807846621996623e-26
92.99689928020044 2.6962026008511145e-47 9.416461008045964e-47 3.4314617729430163e-41 3.2764902032213937e-37 3.271375067391097e-33 3.1537984919496757e-29 4.402543959287577e-26 1.0481108727805681e-25
95.16526876673713 2.654858181162477e-47 9.39893863197212e-47 3.671063957043038e-41 3.5109251809214357e-37 3.5055479481090085e-33 3.379448214763855e-29 4.714114805215326e-26 1.1199283491959678e-25
97.38419721025556 2.614294713503319e-47 9.384139382676633e-47 3.9276066887275795e-41 3.762139879794692e-37 3.756482249067899e-33 3.6212429336365897e-29 5.0475564529377814e-26 1.1965067648339866e-25
99.6548634726365 2.5744977408818203e-47 9.372097457433084e-47 4.202295877041123e-41 4.0313354856882545e-37 4.025377569066559e-33 3.880337704938537e-29 5.404382299334954e-26 1.2781595535578815e-25
101.97847390278609 2.535453100389542e-47 9.362849913893655e-47 4.496423556505781e-41 4.319799177163736e-37 4.3135193476822906e-33 4.157970195411038e-29 5.786208185809486e-26 1.3651940902063012e-25
104.35626297753925 2.4971469175644755e-47 9.35643678979587e-47 4.811374047251947e-41 4.628910281827305e-37 4.622285006666495e-33 4.455466586495815e-29 6.194759031252083e-26 1.457945271047227e-25
106.78949395750668 2.4595656008775263e-47 9.35290123016525e-47 5.14863055604511e-41 4.960146873398637e-37 4.953150530630032e-33 4.774247900100658e-29 6.631875378750544e-26 1.556777489302216e-25
109.27945955821409 2.422695836340301e-47 9.352289622471667e-47 5.50978224977234e-41 5.315092841070858e-37 5.307697518435684e-33 5.115836775868248e-29 7.099520382971081e-26 1.662034727726341e-25
111.82748263689002 2.38652458223215e-47 9.35465174022685e-47 5.89653183521126e-41 5.69544546497298e-37 5.687620738961881e-33 5.481864732196032e-29 7.599788372592412e-26 1.77413451713107e-25
114.43491689526716 2.351039063944183e-47 9.360040895544479e-47 6.310703681325877e-41 6.1030235339664815e-37 6.094736227309986e-33 5.874079945335835e-29 8.134913652455856e-26 1.8934824731954e-25
117.10314759877073 2.316226768938283e-47 9.368514101218292e-47 6.754252522928305e-41 6.539776044601261e-37 6.53098996010678e-33 6.294355583331918e-29 8.707278148591905e-26 2.020495821962443e-25
119.8335923124757 2.2820754418192316e-47 9.380132242911676e-47 7.229272787326295e-41 7.007791522835952e-37 6.998467151319379e-33 6.744698734556448e-29 9.319421075766905e-26 2.155658261128919e-25
122.62770165422418 2.248573079517917e-47 9.394960262092347e-47 7.738008588555698e-41 7.509308013105649e-37 7.499402212961357e-33 7.22725997277412e-29 9.974046324610739e-26 2.299417744809991e-25
125.4869600653028 2.2157079265837417e-47 9.413067350387892e-47 8.282864436990017e-41 8.04672378251175e-37 8.036189428243753e-33 7.744343604922393e-29 1.0674038275638446e-25 2.452294198509242e-25
128.41288659908975 2.1834684705845055e-47 9.434527156083982e-47 8.866416715540418e-41 8.622608791328768e-37 8.611394388126471e-33 8.298418648596807e-29 1.1422468073158328e-25 2.614817164603511e-25
131.40703572809028 2.1518434376119592e-47 9.459418003536537e-47 9.491425977326347e-41 9.239716984687413e-37 9.227766245870226e-33 8.892130592492087e-29 1.2222606239504286e-25 2.787513459891867e-25
134.4709981697896 2.1208217878913849e-47 9.487823126320094e-47 1.0160850123625086e-40 9.900999464220925e-37 9.888250848095996e-33 9.528313994770516e-29 1.3077934126618261e-25 2.97099489857886e-25
137.6064017317617 2.09039271149343e-47 9.519830914991343e-47 1.087785852511822e-40 1.0609618602669447e-36 1.0596004805043356e-32 1.0210005978868114e-28 1.399215409884724e-25 3.165821318937118e-25
140.8149121764835 2.0605456241468153e-47 9.555535180406372e-47 1.1645847153965467e-40 1.1368963168946982e-36 1.1354410567205945e-32 1.094046069150182e-28 1.4969210497851688e-25 3.3726600741551814e-25
144.09823410631301 2.0312701631502205e-47 9.59503543359324e-47 1.2468454799068606e-40 1.2182664536007697e-36 1.2167092580327367e-32 1.172316478897255e-28 1.6013296325141634e-25 3.592144582771392e-25
147.45811186910282 2.0025561833819634e-47 9.638437183250466e-47 1.3349580442069598e-40 1.3054614049026521e-36 1.3037934595891728e-32 1.2561854026859975e-28 1.712886986937445e-25 3.8249616645398423e-25
150.89633048492877 1.9743937534060406e-47 9.685852252013589e-47 1.429340187717713e-40 1.3988981636957792e-36 1.3971098219762647e-32 1.3460531030184146e-28 1.8320668132513194e-25 4.0718249279703146e-25
154.41471659442715 1.946773151673132e-47 9.73739911271077e-47 1.5304395663863655e-40 1.4990235756481676e-36 1.4971042787538788e-32 1.4423484328064406e-28 1.9593721059335574e-25 4.333472890405398e-25
158.01513942924367 1.9196848628154344e-47 9.79320324591039e-47 1.638735850784948e-40 1.606316476371969e-36 1.604254666153114e-32 1.545530874347831e-28 2.0953378098800077e-25 4.610665244205918e-25
161.6995118051102 1.8931195740337641e-47 9.853397520152637e-47 1.7547430172618945e-40 1.7212899815928623e-36 1.7190730051060978e-32 1.6560927231220399e-28 2.2405315002026667e-25 4.904213172354984e-25
165.46979113807643 1.8670681715761185e-47 9.918122596351064e-47 1.8790118031033476e-40 1.8444939412697604e-36 1.8421079465052775e-32 1.7745614269627019e-28 2.39555549401732e-25 5.214921193206326e-25
169.32798048443664 1.8415217373062853e-47 9.98752735795197e-47 2.012132337444865e-40 1.9765175694014326e-36 1.9739473913699045e-32 1.9015020913941144e-28 2.5610481400146346e-25 5.543644174304839e-25
173.27612960490418 1.8164715453615675e-47 1.006176936854524e-46 2.1547369605144836e-40 2.11799226209666e-36 2.115221298432942e-32 2.037520163072862e-28 2.7376864434787916e-25 5.891272321247011e-25
177.3163360535986 1.7919090588985783e-47 1.0141015358737187e-46 2.307503244688849e-40 2.2695946173847925e-36 2.2666046925573333e-32 2.183264303774888e-28 2.92618843571426e-25 6.258693619990239e-25
181.45074629242436 1.7678259269261398e-47 1.0225441744216599e-46 2.471157231808786e-40 2.4320496712083956e-36 2.428820888350534e-32 2.3394294682905867e-28 3.127314276729776e-25 6.646839638964806e-25
185.68155683143308 1.744213981224467e-47 1.0315235177076811e-46 2.64647690223509e-40 2.6061343650731125e-36 2.6026449443745117e-32 2.5067602008457877e-28 3.34186858009269e-25 7.05671213973814e-25
190.01101539577502 1.7210652333496702e-47 1.0410593132594753e-46 2.8342958922330667e-40 2.7926812619378808e-36 2.7889073644508034e-32 2.6860541652143847e-28 3.5707013172549086e-25 7.489180359404753e-25
194.44142211985996 1.698371871722968e-47 1.0511724533817024e-46 3.0355074774619073e-40 2.9925825281154834e-36 2.988498063741328e-32 2.8781659255693545e-28 3.8147135971631615e-25 7.945458897089189e-25
198.9751307693619 1.6761262588037929e-47 1.0618850416460562e-46 3.2510688416173797e-40 3.206794200225305e-36 3.202370618551293e-32 3.084010994655506e-28 4.0748567793133467e-25 8.426252720826615e-25
203.61454999171644 1.6543209283462005e-47 1.0732204636802484e-46 3.4820056506396828e-40 3.436340757603241e-36 3.4315468201571575e-32 3.3045701690797086e-28 4.352135463390977e-25 8.932953468677779e-25
