results/limits/Pino_l_phase.dat
# %ECSV 1.0
# ---
# datatype:
# - {name: mx, unit: MeV, datatype: float64}
# - {name: sigma_10, unit: cm2, datatype: float64}
# - {name: sigma_9, unit: cm2, datatype: float64}
# - {name: sigma_7, unit: cm2, datatype: float64}
# - {name: sigma_6, unit: cm2, datatype: float64}
# - {name: sigma_5, unit: cm2, datatype: float64}
# - {name: sigma_4, unit: cm2, datatype: float64}
# - {name: sigma_3, unit: cm2, datatype: float64}
# - {name: sigma_2, unit: cm2, datatype: float64}
# schema: astropy-2.0
mx sigma_10 sigma_9 sigma_7 sigma_6 sigma_5 sigma_4 sigma_3 sigma_2
[from data line 318]
0.00048215112361018567 3.3014142524443106e-49 3.895458252904545e-49 6.085440203544518e-49 8.464808759769218e-49 1.388984743328113e-48 3.577356840305667e-48 1.2931280615303953e-47 1.0272693206615997e-47
0.0004933932380508582 3.305663498877592e-49 3.901375634493984e-49 6.099893512937232e-49 8.492798991714891e-49 1.396522212702682e-48 3.6244324312194557e-48 1.3596456307792842e-47 1.107977036043148e-47
0.0005048974801334842 3.3099547782391195e-49 3.907354332941048e-49 6.114521703644505e-49 8.521180885546911e-49 1.4041971304262562e-48 3.672967842297415e-48 1.4307646645162025e-47 1.1955270089323869e-47
0.0005166699617777604 3.3142873431891028e-49 3.913393390465291e-49 6.1293232693086546e-49 8.549953573992315e-49 1.412010780067148e-48 3.7230113054594405e-48 1.5068380304223452e-47 1.2905200788571492e-47
0.0005287169374124361 3.3186604595385538e-49 3.919491866585995e-49 6.144296741771496e-49 8.57911627591528e-49 1.419964499511387e-48 3.7746132743266425e-48 1.5882477373968498e-47 1.3936115432480266e-47
0.0005410448072981404 3.323073407120975e-49 3.925648839299011e-49 6.159440693958476e-49 8.608668302251874e-49 1.4280596835845558e-48 3.827826543116032e-48 1.6754074427882807e-47 1.5055162148017095e-47
0.0005536601209276797 3.3275254805221036e-49 3.931863406103858e-49 6.174753742446295e-49 8.638609061422819e-49 1.4362977866135375e-48 3.8827063719112425e-48 1.768765179639325e-47 1.6270139590006017e-47
0.0005665695805056229 3.332015989692914e-49 3.938134684895149e-49 6.19023454972851e-49 8.668938064250984e-49 1.4446803249364374e-48 3.9393106187606344e-48 1.8688063235328417e-47 1.7589557581522286e-47
0.0005797800445090163 3.3365442604983807e-49 3.944461814716925e-49 6.205881826204694e-49 8.699654928422402e-49 1.4532088793690156e-48 3.9976998790849825e-48 1.9760568204070209e-47 1.9022703527568905e-47
0.0005932985313311235 3.341109635183974e-49 3.950843956408644e-49 6.221694331906611e-49 8.730759382517738e-49 1.4618850976359388e-48 4.0579376329093514e-48 2.0910866986556184e-47 2.0579715158971712e-47
0.000607132223010125 3.345711472687476e-49 3.9572802931284104e-49 6.2376708779843985e-49 8.76225126964937e-49 1.4707106967751766e-48 4.120090400469107e-48 2.2145138909628084e-47 2.2271660217088063e-47
0.0006212884690447563 3.350349148985014e-49 3.9637700307767915e-49 6.253810327964118e-49 8.794130550726606e-49 1.4796874655237366e-48 4.1842279067773294e-48 2.3470083936596274e-47 2.4110623748815263e-47
0.0006357747902989163 3.3550220572801035e-49 3.970312398328455e-49 6.270111598800179e-49 8.826397307386834e-49 1.4888172666929083e-48 4.250423255781475e-48 2.4892967939511e-47 2.6109803745972963e-47
0.0006505988829973161 3.3597296081392443e-49 3.976906648069526e-49 6.286573661735842e-49 8.859051744614553e-49 1.498102039541018e-48 4.318753114780521e-48 2.6421671981719416e-47 2.828361593391333e-47
0.0006657686228142928 3.364471229622112e-49 3.9835520557598646e-49 6.303195542985172e-49 8.892094193075214e-49 1.5075438021516332e-48 4.389297909820785e-48 2.806474597309417e-47 3.064780859174367e-47
0.0006812920690579615 3.3692463672961817e-49 3.9902479207194955e-49 6.3199763242560374e-49 8.925525111191456e-49 1.5171446538250252e-48 4.4621420328390127e-48 2.983146709410967e-47 3.3219588371429773e-47
0.0006971774689519261 3.3740544842294993e-49 3.9969935658461194e-49 6.3369151431249984e-49 8.9593450869857e-49 1.526906777490562e-48 4.537374061375971e-48 3.173190342201643e-47 3.601775817596649e-47
0.0007134332620168255 3.3788950609449215e-49 4.00378833757926e-49 6.354011193277713e-49 8.993554839709086e-49 1.5368324421476322e-48 4.6150869917425347e-48 3.3776983233041296e-47 3.906286825848807e-47
0.0007300680845540431 3.3837675953168636e-49 4.010631605798801e-49 6.37126372462731e-49 9.028155221281219e-49 1.5469240053426064e-48 4.6953784865839275e-48 3.597857049917951e-47 4.23773818154701e-47
0.0007470907742339592 3.3886716024408517e-49 4.017522763684914e-49 6.388672043324696e-49 9.063147217561603e-49 1.55718391568917e-48 4.7783511378561966e-48 3.8349547147123695e-47 4.598585646893552e-47
0.0007645103747911887 3.3936066144806208e-49 4.024461227524656e-49 6.40623551166772e-49 9.09853194946892e-49 1.5676147154394545e-48 4.864112746303555e-48 4.090390270062321e-47 4.991514316581239e-47
0.0007823361408292924 3.398572180458129e-49 4.031446436486981e-49 6.423953547923604e-49 9.13431067397033e-49 1.5782190431131106e-48 4.952776618604946e-48 4.3656831986536196e-47 5.419460416837466e-47
0.00080057754273752 3.4035678660546956e-49 4.038477852355718e-49 6.441825626072195e-49 9.170484784954451e-49 1.5889996361916518e-48 5.044461883445313e-48 4.662484164953512e-47 5.885635196922727e-47
0.0008192442717221943 3.408593253360372e-49 4.0455549592382545e-49 6.459851275478829e-49 9.20705581400702e-49 1.599959333885182e-48 5.139293827860519e-48 4.982586629139583e-47 6.393551113887783e-47
0.0008383462449554094 3.4136479406184573e-49 4.052677263241812e-49 6.478030080505775e-49 9.244025431101037e-49 1.6111010799787306e-48 5.2374042553063474e-48 5.327939512863856e-47 6.947050530501638e-47
0.0008578936108437789 3.4187315419681224e-49 4.059844292131208e-49 6.496361680070991e-49 9.281395445219403e-49 1.6224279257653565e-48 5.3389318670118024e-48 5.700661014765117e-47 7.5503371671801155e-47
0.0008778967544200344 3.423843687107658e-49 4.0670555949600826e-49 6.514845767160816e-49 9.31916780492005e-49 1.633943033073279e-48 5.4440226682955306e-48 6.103053683001772e-47 8.208010571648189e-47
0.000898366302860337 3.428984021029915e-49 4.074310741694578e-49 6.533482088300867e-49 9.35734459885712e-49 1.6456496773942747e-48 5.552830401652836e-48 6.5376208623381e-47 8.925103895154092e-47
0.0009193131311302326 3.434152203737564e-49 4.081609322813526e-49 6.5522704429941795e-49 9.395928056269422e-49 1.6575512511206768e-48 5.665517008559776e-48 7.007084644563582e-47 9.707125291535613e-47
0.0009407483677622533 3.439347909835054e-49 4.088950948900563e-49 6.571210683134084e-49 9.434920547448366e-49 1.6696512668984462e-48 5.782253122091663e-48 7.514405463351851e-47 1.0560103285559153e-46
0.000962683400768232 3.4445708282961226e-49 4.096335250230905e-49 6.5903027123904016e-49 9.474324584192462e-49 1.6819533611038134e-48 5.903218592616374e-48 8.062803488174061e-47 1.1490636489975111e-46
0.000985129883689471 3.4498206620838185e-49 4.10376187634412e-49 6.609546485581341e-49 9.514142820261169e-49 1.694461297451209e-48 6.028603048999864e-48 8.655781986684762e-47 1.2505948086953868e-46
0.0010080997417879817 3.455097127812433e-49 4.1112304956152085e-49 6.6289420080294246e-49 9.55437805183381e-49 1.7071789707403073e-48 6.158606497952827e-48 9.297152841218963e-47 1.3613945529311298e-46
0.0010316051783820807 3.460399955445343e-49 4.11874079482306e-49 6.6484893349095675e-49 9.595033217983783e-49 1.7201104107502102e-48 6.293439964355337e-48 9.991064422812917e-47 1.4823285960561025e-46
0.0010556586813297128 3.465728887917166e-49 4.126292478717001e-49 6.6681885705919394e-49 9.636111401175196e-49 1.7332597862890048e-48 6.433326175621426e-48 1.0742032045637685e-46 1.6143447900742195e-46
0.0010802730296629402 3.471083680837074e-49 4.133885269578082e-49 6.68803986798004e-49 9.677615827787459e-49 1.7466314094071548e-48 6.57850029340999e-48 1.1554971246076978e-46 1.7584809797604446e-46
0.001105461300377127 3.476464102117755e-49 4.141518906789088e-49 6.708043427853451e-49 9.719549868677935e-49 1.760229739783461e-48 6.729210696253456e-48 1.2435234154070625e-46 1.9158736100570315e-46
0.0011312368753784248 3.481869931667616e-49 4.149193146400876e-49 6.7281994982096275e-49 9.761917039784382e-49 1.774059389292567e-48 6.885719816963067e-48 1.3388649249979742e-46 2.0877671578469132e-46
0.0011576134485932472 3.487300961043133e-49 4.1569077607058785e-49 6.748508373615864e-49 9.80472100277697e-49 1.788125126763357e-48 7.048305038981942e-48 1.4421564828328533e-46 2.275524467192683e-46
0.0011846050332435167 3.4927569931257225e-49 4.164662537810026e-49 6.768970394567093e-49 9.84796556576326e-49 1.8024318829378827e-48 7.21725965619577e-48 1.5540896520581007e-46 2.480638074813675e-46
0.0012122259692915415 3.498237841815167e-49 4.172457281218115e-49 6.789585946852907e-49 9.891654684050567e-49 1.81698475564084e-48 7.392893901078972e-48 1.675417926288193e-46 2.7047426210216745e-46
0.0012404909310584848 3.503743331683154e-49 4.18029180941629e-49 6.810355460942387e-49 9.93579246097411e-49 1.8317890151700268e-48 7.57553604645365e-48 1.8069624131721825e-46 2.9496284506227185e-46
0.0012694149350204683 3.509273297676235e-49 4.188165955464313e-49 6.8312794113738744e-49 9.980383148789714e-49 1.8468501099186197e-48 7.765533586572864e-48 1.9496180511093886e-46 3.2172565184992876e-46
0.0012990133477864558 3.514827584807274e-49 4.19607956659889e-49 6.85235831616815e-49 1.0025431149641654e-48 1.862173672240588e-48 7.963254503711321e-48 2.1043604099246342e-46 3.509774725801511e-46
0.0013293018942621524 3.520406047848991e-49 4.204032503838872e-49 6.873592736256043e-49 1.0070941016605055e-48 1.8777655245710452e-48 8.169088626959179e-48 2.2722531311982044e-46 3.829535824992181e-46
0.001360296666004259 3.526008551037373e-49 4.2120246415962324e-49 6.894983274917232e-49 1.0116917454808003e-48 1.8936316858138662e-48 8.383449090471984e-48 2.454456069303871e-46 4.179117045510349e-46
0.001392014129769518 3.531634967788679e-49 4.220055867303413e-49 6.916530577248679e-49 1.0163365322639107e-48 1.909778378009495e-48 8.606773899035575e-48 2.6522342000860887e-46 4.561341606651544e-46
0.0014244711362630968 3.537285180402295e-49 4.228126081042174e-49 6.938235329643338e-49 1.0210289633040573e-48 1.9262120332964347e-48 8.839527609463671e-48 2.86696737055533e-46 4.979302300527776e-46
0.0014576849290909482 3.542959079801035e-49 4.236235195186176e-49 6.96009825929389e-49 1.025769555489305e-48 1.942939301180574e-48 9.082203137062516e-48 3.1001609700541683e-46 5.436387345795524e-46
0.0014916731539209149 3.548656565253423e-49 4.244383134044256e-49 6.982120133715183e-49 1.0305588414494133e-48 1.9599670561272115e-48 9.335323697176786e-48 3.3534576111067273e-46 5.936308732364149e-46
0.0015264538678574353 3.5543775440951506e-49 4.2525698335210696e-49 7.004301760291248e-49 1.0353973697134899e-48 1.9773024054913483e-48 9.599444892679112e-48 3.628649916676921e-46 6.48313329867191e-46
0.0015620455490348386 3.56012193150465e-49 4.260795240786633e-49 7.02664398584285e-49 1.0402857048775312e-48 1.9949526978026042e-48 9.87515695918915e-48 3.927694519899818e-46 7.081316806509023e-46
0.0015984671064343198 3.565889650221066e-49 4.2690593139457315e-49 7.049147696211618e-49 1.0452244277824542e-48 2.012925531421974e-48 1.0163087180812888e-47 4.2527273925944955e-46 7.735741303959515e-46
0.0016357378899298156 3.571680630335189e-49 4.277362021729771e-49 7.07181381587884e-49 1.0502141357027008e-48 2.0312287635884764e-48 1.0463902490287318e-47 4.606080630104085e-46 8.451756095029577e-46
0.0016738777005681136 3.577494809017799e-49 4.285703343183674e-49 7.09464330759444e-49 1.0552554425458319e-48 2.049870519874739e-48 1.0778312268606463e-47 4.9903008323342805e-46 9.235222665155281e-46
0.0017129068010886602 3.5833321303165416e-49 4.294083267375135e-49 7.117637172040197e-49 1.0603489790633764e-48 2.068859204071506e-48 1.1107071360502512e-47 5.408169234380626e-46 1.0092563945288759e-45
0.0017528459266886532 3.589192544930047e-49 4.302501793103091e-49 7.140796447507403e-49 1.065495393073177e-48 2.0882035085221933e-48 1.1450983323568366e-47 5.862723754961934e-46 1.1030818333930966e-45
0.00179371629603914 3.5950760099997325e-49 4.310958928623269e-49 7.164122209603951e-49 1.0706953496937339e-48 2.107912424929657e-48 1.181090393034704e-47 6.357283147138008e-46 1.2057698936625799e-45
0.0018355396225579732 3.6009824888706265e-49 4.319454691374065e-49 7.18761557098341e-49 1.0759495315905122e-48 2.1279952556586053e-48 1.2187744944389955e-47 6.895473453622039e-46 1.3181658526405546e-45
0.0018783381259456144 3.6069119509259436e-49 4.327989107716615e-49 7.211277681092887e-49 1.0812586392349018e-48 2.1484616255583224e-48 1.2582478193112534e-47 7.481256988552996e-46 1.4411960776873077e-45
0.0019221345439899109 3.612864371381882e-49 4.336562212685914e-49 7.235109725953569e-49 1.0866233911758018e-48 2.1693214943317278e-48 1.2996139962265792e-47 8.118964089035423e-46 1.5758758372454508e-45
0.001966952144646121 3.618839731086121e-49 4.345174049744677e-49 7.259112927956415e-49 1.092044524324423e-48 2.1905851694782637e-48 1.3429835739011348e-47 8.813327903266205e-46 1.7233178658336752e-45
0.0020128147383986056 3.6248380163592895e-49 4.3538246705486556e-49 7.283288545683832e-49 1.0975227942525018e-48 2.2122633198395637e-48 1.388474533295023e-47 9.569522507846867e-46 1.8847417556241242e-45
0.002059746690910748 3.630859218786522e-49 4.3625141347201084e-49 7.307637873759134e-49 1.1030589755041905e-48 2.2343669897785277e-48 1.4362128407031515e-47 1.0393204675145203e-45 2.061484254205237e-45
0.0021077729359698315 3.6369033350906186e-49 4.371242509630164e-49 7.332162242711322e-49 1.1086538619221573e-48 2.2569076140241553e-48 1.4863330453073892e-47 1.1290559642559693e-45 2.2550105558041226e-45
0.0021569189887337423 3.642970366936901e-49 4.380009870185775e-49 7.356863018869007e-49 1.1143082669880568e-48 2.279897033216243e-48 1.5389789249691926e-47 1.226835126951546e-45 2.4669266816675404e-45
0.002207210959286545 3.6490603207616814e-49 4.3888162986323316e-49 7.381741604280782e-49 1.1200230241779875e-48 2.303347510186111e-48 1.5943041843754067e-47 1.3333977005270217e-45 2.698993054551852e-45
0.0022586755665101248 3.6551732076810324e-49 4.397661884352422e-49 7.40679943664184e-49 1.1257989873328855e-48 2.3272717470114625e-48 1.6524732100132864e-47 1.449552813144483e-45 2.953139382428423e-45
0.0023113401522792685 3.661309043272129e-49 4.40654672368382e-49 7.43203798926541e-49 1.1316370310447723e-48 2.3516829028858045e-48 1.71366188684699e-47 1.576185578796377e-45 3.2314809776577235e-45
0.0023652326959877285 3.667467847486954e-49 4.415470919734963e-49 7.457458771062836e-49 1.1375380510588537e-48 2.3765946128450585e-48 1.7780584819994995e-47 1.7142643340171478e-45 3.536336650115317e-45
0.0024203818294129824 3.6736496444787164e-49 4.424434582213928e-49 7.483063326550233e-49 1.1435029646921503e-48 2.402021007396613e-48 1.8458646012145844e-47 1.86484856986986e-45 3.870248326166984e-45
0.0024768168519275916 3.679854462501243e-49 4.433437827263822e-49 7.508853235877138e-49 1.1495327112688632e-48 2.4279767330985682e-48 1.9172962243862818e-47 2.0290976262640092e-45 4.2360025600990305e-45
0.002534567746065232 3.686082333765541e-49 4.442480777302537e-49 7.5348301148779e-49 1.1556282525731121e-48 2.454476974139882e-48 1.9925848270024692e-47 2.208280222127599e-45 4.636654120734178e-45
0.0025936651934496745 3.692333294317538e-49 4.451563560866697e-49 7.56099561514396e-49 1.1617905733195691e-48 2.4815374749749752e-48 2.0719785949583013e-47 2.40378490204605e-45 5.075551853637488e-45
0.0026541405910951734 3.698607383924848e-49 4.4606863124706675e-49 7.587351424123693e-49 1.1680206816421439e-48 2.5091745640696645e-48 2.1557437408593324e-47 2.6171314877528012e-45 5.556367038687301e-45
0.0027160260680869266 3.704904645976371e-49 4.469849172464822e-49 7.61389926523379e-49 1.1743196096016834e-48 2.5374051788185754e-48 2.2441659306576505e-47 2.849983631377083e-45 6.083124484016738e-45
0.0027793545026504624 3.71122512736223e-49 4.479052286899327e-49 7.640640898002193e-49 1.1806884137128696e-48 2.5662468916978873e-48 2.3375518302529027e-47 3.1041625766957454e-45 6.660236620601441e-45
0.002844159539619031 3.717568878380755e-49 4.488295807399803e-49 7.667578118229912e-49 1.1871281754910728e-48 2.5957179377210778e-48 2.4362307825492103e-47 3.3816622448772427e-45 7.292540887277943e-45
0.0029104756083082714 3.723935952617435e-49 4.497579891041077e-49 7.69471275816951e-49 1.1936400020195894e-48 2.6258372432693918e-48 2.540556626395047e-47 3.684665772433596e-45 7.985340723942437e-45
