results/limits/Pino_h_phase.dat
# %ECSV 1.0
# ---
# datatype:
# - {name: mx, unit: MeV, datatype: float64}
# - {name: sigma, unit: cm2 MeV4, datatype: float64}
# schema: astropy-2.0
mx sigma
3.162277660168379e-07 2.688246589327894e-43
3.2360111549336787e-07 2.688247044721267e-43
3.311463862505236e-07 2.6882475215987027e-43
3.388675869043115e-07 2.6882480209737737e-43
3.4676881953794695e-07 2.6882485439078356e-43
3.548542818811901e-07 2.688249091512345e-43
3.6312826954049566e-07 2.688249664951174e-43
3.715951782811629e-07 2.6882502654431234e-43
3.8025950636269697e-07 2.6882508942644774e-43
3.89125856928623e-07 2.688251552751732e-43
3.9819894045202297e-07 2.68825224230446e-43
4.0748357723809307e-07 2.6882529643882177e-43
4.169846999850535e-07 2.6882537205377465e-43
4.2670735640476865e-07 2.6882545123601615e-43
4.3665671190447213e-07 2.6882553415384323e-43
4.4683805233101997e-07 2.688256209834882e-43
4.572567867791303e-07 2.688257119095018e-43
4.6791845046510194e-07 2.6882580712513973e-43
4.788287076675383e-07 2.6882590683277538e-43
4.899933547366384e-07 2.688260112443284e-43
5.014183231736547e-07 2.6882612058171654e-43
5.131096827821533e-07 2.688262350773303e-43
5.250736448927506e-07 2.6882635497452074e-43
5.373165656630395e-07 2.688264805281212e-43
5.4984494945446e-07 2.688266120049855e-43
5.626654522879044e-07 2.6882674968456025e-43
5.757848853798981e-07 2.688268938594743e-43
5.892102187612295e-07 2.688270448361626e-43
6.029485849799565e-07 2.688272029355162e-43
6.17007282890752e-07 2.688273684935667e-43
6.313937815326057e-07 2.6882754186219778e-43
6.461157240969403e-07 2.6882772340989667e-43
6.611809319882495e-07 2.6882791352253416e-43
6.765974089794179e-07 2.688281126041839e-43
6.923733454639272e-07 2.6882832107798807e-43
7.085171228072106e-07 2.6882853938704758e-43
7.250373177994646e-07 2.6882876799537236e-43
7.419427072122865e-07 2.6882900738886144e-43
7.592422724615558e-07 2.68829258076338e-43
7.769452043790388e-07 2.6882952059063458e-43
7.950609080952509e-07 2.6882979548971974e-43
8.135990080361694e-07 2.6883008335788608e-43
8.325693530364543e-07 2.688303848069961e-43
8.519820215718901e-07 2.6883070047777863e-43
8.718473271138315e-07 2.6883103104119117e-43
8.921758236084957e-07 2.6883137719984975e-43
9.12978311084014e-07 2.6883173968951782e-43
9.342658413882192e-07 2.688321192806741e-43
9.560497240602198e-07 2.688325167801496e-43
9.78341532338879e-07 2.6883293303284127e-43
1.0011531093113902e-06 2.6883336892350946e-43
1.0244965742052174e-06 2.688338253786615e-43
1.048384328826741e-06 2.6883430336851605e-43
1.0728290641500308e-06 2.6883480390906987e-43
1.0978437670592484e-06 2.6883532806425835e-43
1.1234417272482566e-06 2.6883587694821193e-43
1.149636544281106e-06 2.688364517276331e-43
1.1764421348171486e-06 2.6883705362427157e-43
1.2038727400046132e-06 2.6883768391752275e-43
1.2319429330465773e-06 2.6883834394715e-43
1.2606676269433496e-06 2.688390351161314e-43
1.2900620824153782e-06 2.6883975889364367e-43
1.3201419160108953e-06 2.688405168181861e-43
1.3509231084026028e-06 2.6884131050085366e-43
1.38242201287781e-06 2.6884214162876064e-43
1.4146553640265304e-06 2.6884301196862935e-43
1.447640286632156e-06 2.688439233705478e-43
1.4813943047694329e-06 2.6884487777190377e-43
1.5159353511145682e-06 2.6884587720150508e-43
1.5512817764724183e-06 2.688469237838943e-43
1.587452359525819e-06 2.688480197438691e-43
1.6244663168122348e-06 2.6884916741121023e-43
1.6623433129330315e-06 2.688503692256428e-43
1.7011034710007933e-06 2.6885162774201934e-43
1.740767383330235e-06 2.688529456357602e-43
1.7813561223783898e-06 2.6885432570854074e-43
1.8228912519398869e-06 2.6885577089425418e-43
1.8653948386032614e-06 2.688572842652515e-43
1.908889463474389e-06 2.688588690388788e-43
1.9533982341732686e-06 2.6886052858432245e-43
1.9989447971105317e-06 2.688622664297775e-43
2.045553350050195e-06 2.68864086269957e-43
2.0932486549653353e-06 2.6886599197395017e-43
2.1420560511935146e-06 2.6886798759346162e-43
2.192001468898943e-06 2.6887007737142986e-43
2.2431114428485372e-06 2.688722657510598e-43
2.2954131265091837e-06 2.688745573852789e-43
2.3489343064737076e-06 2.688769571466441e-43
2.403703417223201e-06 2.6887947013771037e-43
2.4597495562335635e-06 2.688821017018988e-43
2.5171024994342686e-06 2.6888485743486857e-43
2.575792717027583e-06 2.6888774319643563e-43
2.635851389676631e-06 2.688907651230488e-43
2.6973104250709106e-06 2.6889392964085863e-43
2.760202474878063e-06 2.6889724347940616e-43
2.8245609520908932e-06 2.6890071368595542e-43
2.8904200487788716e-06 2.689043476405066e-43
2.9578147542535346e-06 2.689081530715206e-43
3.026780873657441e-06 2.6891213807238698e-43
3.097355046986562e-06 2.689163111186687e-43
3.1695747685562034e-06 2.6892068108617e-43
3.2434784069208122e-06 2.689252572698522e-43
3.319105225258239e-06 2.6893004940365244e-43
3.3964954022292982e-06 2.689350676812383e-43
3.4756900533236943e-06 2.689403227777422e-43
3.5567312527036693e-06 2.689458258725349e-43
3.6396620555569646e-06 2.689515886730704e-43
3.7245265209709786e-06 2.689576234398648e-43
3.811369735340273e-06 2.689639430126607e-43
3.900237836319859e-06 2.689705608378313e-43
3.991178037336996e-06 2.689774909970851e-43
4.0842386526745176e-06 2.6898474823753426e-43
4.179469123139017e-06 2.6899234800319025e-43
4.2769200423275275e-06 2.6900030646795384e-43
4.376643183506652e-06 2.6900864057017327e-43
4.478691527118417e-06 2.690173680488479e-43
4.583119288927478e-06 2.6902650748154715e-43
4.689981948824612e-06 2.690360783241376e-43
4.799336280301815e-06 2.6904610095239834e-43
4.911240380614659e-06 2.6905659670561704e-43
5.0257537016479225e-06 2.690675879322624e-43
5.142937081500915e-06 2.6907909803783116e-43
5.262852776809252e-06 2.6909115153497586e-43
5.385564495820272e-06 2.691037740960251e-43
5.511137432239651e-06 2.6911699260800337e-43
5.639638299867211e-06 2.6913083523028316e-43
5.771135368040315e-06 2.6914533145498703e-43
5.905698497903673e-06 2.6916051217027404e-43
6.043399179524854e-06 2.691764097266558e-43
6.184310569875183e-06 2.6919305800648282e-43
6.32850753169624e-06 2.6921049249675495e-43
6.47606667327258e-06 2.6922875036542564e-43
6.627066389131828e-06 2.6924787054135523e-43
6.781586901693754e-06 2.692678937981085e-43
6.939710303890459e-06 2.6928886284176716e-43
7.101520602780329e-06 2.6931082240296707e-43
7.267103764178904e-06 2.6933381933335816e-43
7.436547758330399e-06 2.693579027067068e-43
7.609942606644117e-06 2.6938312392487076e-43
7.787380429520604e-06 2.6940953682888083e-43
7.968955495292936e-06 2.694371978153862e-43
8.15476427030917e-06 2.6946616595872364e-43
8.344905470182516e-06 2.69496503138896e-43
8.539480112236516e-06 2.695282741757398e-43
8.738591569173047e-06 2.6956154696960674e-43
8.942345623991688e-06 2.6959639264886628e-43
9.150850526189614e-06 2.6963288572458176e-43
9.364217049271877e-06 2.696711042527138e-43
9.58255854960264e-06 2.6971113000422796e-43
9.805991026628606e-06 2.6975304864350692e-43
1.0034633184506672e-05 2.69796949915482e-43
1.0268606495168497e-05 2.6984292784193093e-43
1.0508035262855554e-05 2.6989108092739807e-43
1.07530466901589e-05 2.6994151237523484e-43
1.1003770945598772e-05 2.6999433031427288e-43
1.1260341232779899e-05 2.700496480366712e-43
1.1522893861159297e-05 2.701075842475201e-43
1.1791568318464117e-05 2.7016826332679705e-43
1.206650734479802e-05 2.702318156043242e-43
1.2347857008475478e-05 2.7029837764839282e-43
1.263576678362426e-05 2.7036809256877706e-43
1.293038962959737e-05 2.7044111033488003e-43
1.3231882072236462e-05 2.7051758810981893e-43
1.3540404287030327e-05 2.705976906012815e-43
1.3856120184212054e-05 2.7068159043004588e-43
1.4179197495840522e-05 2.707694685171118e-43
1.4509807864912299e-05 2.708615144904276e-43
1.484812693655133e-05 2.70957927112278e-43
1.5194334451324849e-05 2.7105891472844286e-43
1.5548614340735104e-05 2.7116469574031718e-43
1.5911154824937624e-05 2.712754991012411e-43
1.6282148512737936e-05 2.713915648383709e-43
1.6661792503919872e-05 2.7151314460150937e-43
1.7050288493959805e-05 2.7164050224038807e-43
1.7447842881182494e-05 2.7177391441199152e-43
1.785466687641539e-05 2.7191367121962338e-43
1.8270976615199758e-05 2.720600768854997e-43
1.869699327261814e-05 2.7221345045879168e-43
1.91329431807992e-05 2.723741265611439e-43
1.957905794916243e-05 2.7254245617183932e-43
2.003557458746648e-05 2.727188074549118e-43
2.0502735631726606e-05 2.729035666306665e-43
2.0980789273068064e-05 2.7309713889423e-43
2.1469989489583918e-05 2.732999493839244e-43
2.1970596181267336e-05 2.7351244420244636e-43
2.2482875308090033e-05 2.7373509149404545e-43
2.3007099031300245e-05 2.739683825810992e-43
2.354354585801526e-05 2.7421283316373403e-43
2.4092500789185385e-05 2.7446898458638183e-43
2.4654255471007912e-05 2.747374051754465e-43
2.5229108349871537e-05 2.7501869165254692e-43
2.5817364830913554e-05 2.7531347062812123e-43
2.641933744027406e-05 2.7562240018052716e-43
2.7035345991133382e-05 2.759461715261518e-43
2.7665717753620915e-05 2.762855107864352e-43
2.8310787628685666e-05 2.7664118085817083e-43
2.8970898326020842e-05 2.770139833939059e-43
2.964640054613707e-05 2.7740476089979354e-43
3.033765316668089e-05 2.7781439895879575e-43
3.104502343309761e-05 2.782438285877573e-43
3.176888715373972e-05 2.786940287375207e-43
3.25096288995246e-05 2.7916602894597603e-43
3.326764220824756e-05 2.7966091215471534e-43
3.4043329793658724e-05 2.8017981770081206e-43
3.483710375941493e-05 2.807239444961669e-43
3.5649385818020195e-05 2.812945544078702e-43
3.648060751487119e-05 2.8189297585412074e-43
3.73312104575266e-05 2.825206076314379e-43
3.820164655032238e-05 2.8317892299020368e-43
3.90923782344573e-05 2.8386947397699097e-43
4.0003878733676586e-05 2.8459389606368125e-43
4.093663230568398e-05 2.853539130850699e-43
4.1891134499415887e-05 2.8615134250849887e-43
4.2867892418314344e-05 2.8698810106108145e-43
4.386742498973848e-05 2.8786621074228498e-43
4.489026324065786e-05 2.8878780525205265e-43
4.5936950579773975e-05 2.897551368672887e-43
4.700804308621986e-05 2.9077058380241576e-43
4.8104109804991236e-05 2.9183665809288184e-43
4.922573304926602e-05 2.929560140439573e-43
5.0373508709772956e-05 2.9413145729095966e-43
5.154804657137365e-05 2.9536595452120674e-43
5.27499706370262e-05 2.9666264391255545e-43
5.397991945930254e-05 2.980248463483965e-43
5.5238546479635675e-05 2.9945607747444746e-43
5.6526520375476976e-05 3.0096006066872262e-43
5.784452541554797e-05 3.025407410026516e-43
5.9193261823375433e-05 3.0420230027857762e-43
6.057344614930286e-05 3.0594917323682147e-43
6.198581165117595e-05 3.07786065034239e-43
6.34311086839044e-05 3.097179701057925e-43
6.491010509810695e-05 3.1175019253119094e-43
6.642358664805138e-05 3.138883680402285e-43
6.797235740910648e-05 3.1613848780314803e-43
6.955724020492732e-05 3.1850692416630364e-43
7.117907704460117e-05 3.21000458508716e-43
7.283872956998614e-05 3.236263114119153e-43
7.453707951348025e-05 3.2639217535391262e-43
7.627502916646401e-05 3.293062501583838e-43
7.805350185866558e-05 3.323772814523297e-43
7.987344244870308e-05 3.3561460240982832e-43
8.173581782606456e-05 3.3902817908612538e-43
8.364161742479263e-05 3.426286596755218e-43
8.559185374914618e-05 3.4642742805845084e-43
8.758756291151902e-05 3.504366620380596e-43
8.96298051829007e-05 3.546693967047734e-43
9.17196655561724e-05 3.591395934089482e-43
9.385825432253677e-05 3.638622148671105e-43
9.604670766138824e-05 3.6885330697668245e-43
9.828618824393714e-05 3.74130087967807e-43
0.00010057788585090809 3.797110455791698e-43
0.00010292301800464121 3.8561604300786105e-43
0.00010532283061593165 3.918664344515952e-43
0.00010777859864595113 3.984851911352584e-43
0.00011029162678360347 4.054970387930181e-43
0.00011286325013867351 4.129286076623183e-43
0.00011549483495113791 4.208085961371382e-43
0.00011818777931701482 4.291679493250538e-43
0.0001209435139311377 4.380400538559345e-43
0.00012376350284724815 4.474609503995402e-43
0.00012664924425581149 4.574695654647513e-43
0.00012960227127996844 4.681079641744777e-43
0.00013262415279004548 4.794216258372182e-43
0.00013571649423705693 4.914597442683903e-43
0.0001388809385056415 5.0427555495154044e-43
0.00014211916678688624 5.179266912708829e-43
0.00014543289947150178 5.324755721918554e-43
0.0001488238970638237 5.47989823915079e-43
0.00015229396111712465 5.645427381810042e-43
0.00015584493519073535 5.822137700575711e-43
0.00015947870582948208 6.010890782017957e-43
0.00016319720356596128 6.212621107492279e-43
0.00016700240394618395 6.4283424015451804e-43
0.00017089632857913436 6.6591545048465346e-43
0.000174881046210801 6.906250808580557e-43
0.00017895867382325032 7.170926289334927e-43
0.0001831313777593269 7.454586185906908e-43
0.00018740137487357792 7.75875536219826e-43
0.00019177093371001327 8.085088403627516e-43
0.000196242375707327 8.435380498404968e-43
0.00020081807643222024 8.81157915977771e-43
0.00020550046684148122 9.215796851170874e-43
0.0002102920345734925 9.650324583257884e-43
0.0002151953252698519 1.011764656063314e-42
0.00022021294392780895 1.0620455966181321e-42
0.00022534755628423554 1.1161671983669711e-42
0.0002306018902318662 1.1744458173733142e-42
0.00023597873726856003 1.2372242335417352e-42
0.0002414809539803547 1.3048738004863589e-42
0.0002471114635590999 1.3777967764523462e-42
0.00025287325735547713 1.4564288560346924e-42
0.00025876939646823026 1.5412419250426027e-42
0.00026480301337045197 1.6327470636229926e-42
0.000270977313573789 1.7314978256369613e-42
0.00027729557733145163 1.8380938252266658e-42
0.00028376116138093086 1.953184664465693e-42
0.0002903775007273506 2.0774742389098017e-42
0.00029714811046840066 2.2117254607276726e-42
0.00030407658766182135 2.3567654418870578e-42
0.00031116661323643183 2.5134911826236863e-42
0.0003184219539477161 2.682875813186098e-42
0.00032584646437900766 2.8659754397227313e-42
0.00033344408898933415 3.0639366482851364e-42
0.0003412188642090111 3.278004724417879e-42
0.0003491749205840977 3.5095326498645846e-42
0.0003573164849708539 3.7599909427190305e-42
0.0003656478827813646 4.03097841306137e-42
0.0003741735402815245 4.3242339128926764e-42
0.0003828979869426037 4.6416491671352565e-42
0.000391825857847644 4.98528278168293e-42
0.000400961896153964 5.3573755350069976e-42
0.0004103109556130814 5.760367071657572e-42
0.0004198780031493915 6.196914129128634e-42
0.00042966812149897106 6.669910443950393e-42
0.000439686511909911 7.182508498512267e-42
0.0004499384969056106 7.738143287004567e-42
0.00046042952311250296 8.340558297037104e-42
0.0004711651641537129 8.993833923037493e-42
0.00048215112361018567 9.702418548595911e-42
0.0004933932380508582 1.0471162557706275e-41
0.0005048974801334842 1.1305355559603994e-41
0.0005166699617777604 1.2210767138903512e-41
0.0005287169374124361 1.319369147230627e-41
0.0005410448072981404 1.42609961856085e-41
0.0005536601209276797 1.5420175860417557e-41
0.0005665695805056229 1.6679410639226242e-41
0.0005797800445090163 1.8047630420630292e-41
0.0005932985313311235 1.9534585183859946e-41
0.000607132223010125 2.115092203380089e-41
0.0006212884690447563 2.290826961469916e-41
0.0006357747902989163 2.481933060322202e-41
0.0006505988829973161 2.6897983059957475e-41
0.0006657686228142928 2.915939149332376e-41
0.0006812920690579615 3.1620128571810985e-41
0.0006971774689519261 3.429830851015091e-41
0.0007134332620168255 3.7213733253120667e-41
0.0007300680845540431 4.038805268802847e-41
0.0007470907742339592 4.3844940234364125e-41
0.0007645103747911887 4.761028528758699e-41
0.0007823361408292924 5.171240413460789e-41
0.00080057754273752 5.618227111236442e-41
0.0008192442717221943 6.105377194926234e-41
0.0008383462449554094 6.636398141356815e-41
0.0008578936108437789 7.215346759465762e-41
0.0008778967544200344 7.846662536407206e-41
0.000898366302860337 8.535204180553217e-41
0.0009193131311302326 9.286289666853137e-41
0.0009407483677622533 1.0105740119123597e-40
0.000962683400768232 1.099992789577689e-40
0.000985129883689471 1.1975829280544658e-40
0.0010080997417879817 1.3041082218237671e-40
0.0010316051783820807 1.4204049577854636e-40
0.0010556586813297128 1.5473888471803698e-40
0.0010802730296629402 1.686062621105856e-40
0.001105461300377127 1.837524353220801e-40
0.0011312368753784248 2.002976579408654e-40
0.0011576134485932472 2.1837362909557404e-40
