results/limits/Pino_h.dat
# %ECSV 1.0
# ---
# datatype:
# - {name: mx, unit: MeV, datatype: float64}
# - {name: sigma, unit: cm2, datatype: float64}
# schema: astropy-2.0
mx sigma
[from data line 358]
0.0012122259692915415 3.403105838589272e-40
0.0012404909310584848 3.615473967789798e-40
0.0012694149350204683 3.841835769564833e-40
0.0012990133477864558 4.0831474041879695e-40
0.0013293018942621524 4.34043217179239e-40
0.001360296666004259 4.614784242451192e-40
0.001392014129769518 4.907372905199886e-40
0.0014244711362630968 5.219450310605877e-40
0.0014576849290909482 5.5523581455252816e-40
0.0014916731539209149 5.90753363700583e-40
0.0015264538678574353 6.286513611901722e-40
0.0015620455490348386 6.6909413493675834e-40
0.0015984671064343198 7.122578004764428e-40
0.0016357378899298156 7.583310718909458e-40
0.0016738777005681136 8.07515934471933e-40
0.0017129068010886602 8.600283628034795e-40
0.0017528459266886532 9.160997043128683e-40
0.00179371629603914 9.759779792827887e-40
0.0018355396225579732 1.0399286340666549e-39
0.0018783381259456144 1.1082355665533414e-39
0.0019221345439899109 1.1812030492594733e-39
0.001966952144646121 1.2591571458758536e-39
0.0020128147383986056 1.3424467038573395e-39
0.002059746690910748 1.4314452006528078e-39
0.0021077729359698315 1.5265529823275347e-39
0.0021569189887337423 1.6281986763155826e-39
0.002207210959286545 1.7368410138510284e-39
0.0022586755665101248 1.8529716713243257e-39
0.0023113401522792685 1.9771172059658704e-39
0.0023652326959877285 2.109841207336862e-39
0.0024203818294129824 2.251747716101491e-39
0.0024768168519275916 2.4034835942049112e-39
0.002534567746065232 2.5657413736701287e-39
0.0025936651934496745 2.7392633088919136e-39
0.0026541405910951734 2.9248440744388673e-39
0.0027160260680869266 3.123334903314897e-39
0.0027793545026504624 3.335647872270031e-39
0.002844159539619031 3.562759488378015e-39
0.0029104756083082714 3.805716255329558e-39
0.0029783379408076585 4.06563879785633e-39
0.0030477825906984404 4.343727733447991e-39
0.0031188464522080173 4.641269195001567e-39
0.0031915672798109355 4.959640777079437e-39
0.0032659837082868936 5.300318494782523e-39
0.003342135273246469 5.6648832149575416e-39
0.0034200624321353945 6.055028851013223e-39
0.0034998065857286074 6.472569715276415e-39
0.0035814101001254554 6.919449803571468e-39
0.003664916329257761 7.397751458050609e-39
0.0037503696379226933 7.909705758509445e-39
0.0038378154253526898 8.457702807740689e-39
0.003927300149334948 9.044303228917852e-39
0.004018871350893299 9.672250497215042e-39
0.00411257767954558 1.0344483605923224e-38
0.004208468919149921 1.1064151639859269e-38
0.004306596014353682 1.1834628220423996e-38
0.004407011097659079 1.2659527893045162e-38
0.004509767517119906 1.354272339282868e-38
0.004614919864684026 1.4488363794814705e-38
0.004722524005196735 1.5500894577733842e-38
0.004832637106080367 1.658507878198296e-38
0.004945317667705937 1.7746019533447527e-38
0.005060625554472947 1.8989184514341423e-38
0.005178622026613854 2.032043210788636e-38
0.005299369772740128 2.1746039240928802e-38
0.005422932943147155 2.327273130107236e-38
0.0055493771838957115 2.4907714283240357e-38
0.00567876967168809 2.6658709173086826e-38
0.005811179149557424 2.8533988784939963e-38
0.0059466759633891655 3.054241720365217e-38
0.006085332099294114 3.269349210423953e-38
0.006227221221852859 3.4997390091900414e-38
0.006372418713251954 3.746501528859742e-38
0.006521001713332612 4.010805139632163e-38
0.006673049160573193 4.293901746844558e-38
0.006828641834027273 4.597132767665881e-38
0.006987862396239558 4.921935536196581e-38
0.00715079543716245 5.26985016653244e-38
0.007317527519096606 5.642526909128994e-38
0.007488147222679345 6.041734033049616e-38
0.007662745193945353 6.46936627207002e-38
0.007841414192484688 6.927453873737144e-38
0.008024249140723652 7.418172295890503e-38
0.008211347174354735 7.943852598366407e-38
0.008402807693942412 8.506992582355465e-38
0.008598732417732204 9.110268726320218e-38
0.008799225435691074 9.756548969481674e-38
0.009004393264807849 1.0448906410762513e-37
0.009214344905683071 1.1190634002036763e-37
0.009429191900438323 1.1985260278732133e-37
0.009649048391975805 1.2836566213522198e-37
0.009874031184619632 1.374860330567787e-37
0.010104259806171096 1.472571291954469e-37
0.01033985657141083 1.5772547050350232e-37
0.010580946647081629 1.6894090541211476e-37
0.010827658118386449 1.8095684928455187e-37
0.011080122057036918 1.9383053951853378e-37
0.011338472590888495 2.0762330929655908e-37
0.01160284697519928 2.224008806270995e-37
0.01187338566555036 2.3823367853252752e-37
0.012150232392466372 2.5519716777255163e-37
0.012433534237775993 2.7337221350784413e-37
0.01272344171275288 2.928454678616749e-37
0.013020108838078586 3.137097842028986e-37
0.013323693225669961 3.360646610537555e-37
0.013634356162414448 3.600167177259321e-37
0.013952262695857842 3.8568020406697475e-37
0.014277581721889965 4.131775467132506e-37
0.014610486074474885 4.4263993438354e-37
0.014951152617473332 4.742079451016675e-37
0.015299762338606094 5.080322183571928e-37
0.015656500445608335 5.442741753302338e-37
0.016021556464625875 5.831067907267656e-37
0.016395124340905766 6.2471541985618e-37
0.016777402541834602 6.6929868485031845e-37
0.017168594162379338 7.170694244818588e-37
0.01756890703298664 7.682557117853456e-37
0.017978553829998065 8.231019447389261e-37
0.01839775218863974 8.818700148234772e-37
0.01882672481864659 9.44840559401479e-37
0.01926569962258253 1.0123143036702127e-36
0.019714909816919448 1.0846134987294007e-36
0.020174594055939365 1.1620834625513542e-36
0.02064499655852557 1.2450942313146287e-36
0.021126367237910063 1.3340423289654783e-36
0.021618961834446313 1.429352663408787e-36
0.02212304205147776 1.5314805585227614e-36
0.022638875694374342 1.640913931574742e-36
0.0231667368128109 1.7581756266293014e-36
0.02370690584636297 1.883825914832783e-36
0.024259669773497434 2.018465173920693e-36
0.024825322264037063 2.1627367593307878e-36
0.025404163835180054 2.31733008108186e-36
0.025996502011157406 2.482983900724357e-36
0.026602651486612925 2.6604898644899063e-36
0.027222934293792744 2.8506962892935234e-36
0.027857679973633073 3.0545122198232733e-36
0.02850722575083718 3.272911776068729e-36
0.02917191671303455 3.506938812101754e-36
0.029852105994117403 3.757711908394148e-36
0.030548154961852016 4.0264297215174004e-36
0.031260433409864494 4.3143767169147973e-36
0.031989319754103004 4.622929311987145e-36
0.0327352012338808 4.9535624590606e-36
0.03349847411760691 5.307856699614523e-36
0.034279543913313774 5.6875057235306514e-36
0.03507882558409363 6.094324469528635e-36
0.03589674376855814 6.530257805528292e-36
0.03673373300643846 6.997389830477418e-36
0.037590237969445384 7.497953842103208e-36
0.038466713697512506 8.034343018246571e-36
0.03936362584054766 8.609121862961714e-36
0.04028145090582124 9.225038472017278e-36
0.04122067651112274 9.885037676522928e-36
0.04218180164382002 1.0592275127546732e-35
0.043165336925959 1.1350132389065413e-35
0.044171804885544536 1.2162233111470898e-35
0.04520174023414663 1.303246036295759e-35
0.046255690150979495 1.396497520170254e-35
0.047334214573604344 1.4964236577662048e-35
0.048437886495410414 1.6035022659196178e-35
0.04956729227003216 1.7182453686496208e-35
0.05072303192286451 1.8412016461135514e-35
0.051905719469841495 1.9729590588864757e-35
0.05311598324364777 2.1141476601206781e-35
0.05435446622753626 2.2654426090316958e-35
0.05562182639692926 2.4275674001235056e-35
0.056918737068984544 2.601297323601493e-35
0.058245887260312136 2.7874631735227953e-35
0.05960398205303182 2.9869552214184796e-35
0.06099374296936585 3.2007274743942144e-35
0.06241590835496589 3.42980223807492e-35
0.06387123377117784 3.675275006214965e-35
0.06536049239645289 3.9383197003691465e-35
0.06688447543711816 4.2201942846723936e-35
0.06844399254772507 4.52224678257803e-35
0.0700398722611988 4.845921724467733e-35
0.0716729624290174 5.192767056614819e-35
0.07334413067165428 5.564441544638974e-35
0.07505426483952363 5.962722707828295e-35
0.07680427348467332 6.389515320650866e-35
0.07859508634347626 6.846860522699578e-35
0.08042765483057629 7.336945581821089e-35
0.08230295254435131 7.862114355661329e-35
0.08422197578416211 8.424878501504859e-35
0.08618574407966152 9.027929489790943e-35
0.08819530073244539 9.67415147725276e-35
0.09025171337033296 1.0366635100845723e-34
0.09235607451457113 1.1108692260537119e-34
0.09450950216026408 1.1903871959371013e-34
0.09671314037033632 1.2755977278160902e-34
0.09896815988334524 1.3669083564592405e-34
0.10127575873546546 1.4647557925397171e-34
0.10363716289697593 1.5696080113542236e-34
0.10605362692358762 1.6819664910190658e-34
0.10852643462295801 1.8023686109861534e-34
0.11105689973674641 1.9313902221798776e-34
0.11364636663857243 2.0696484013097537e-34
0.11629621104824843 2.217804402025535e-34
0.1190078407626656 2.376566817596376e-34
0.12178269640372161 2.54669496995632e-34
0.12462225218368743 2.7290025413371775e-34
0.1275280166884199 2.9243614658356154e-34
0.13050153367883624 3.13370609959507e-34
0.1335443829110759 3.3580376896445476e-34
0.13665818097578622 3.598429162377037e-34
0.13984458215697693 3.85603025506722e-34
0.14310527931090045 4.132073014509111e-34
0.14644200476542463 4.427877689377211e-34
0.14985653124037576 4.744859044411228e-34
0.15335067278934078 5.084533126760285e-34
0.1569262857634292 5.448524516373454e-34
0.1605852697975066 5.838574095074109e-34
0.16432956881942368 6.2565473730711456e-34
0.16816117208277714 6.704443409961602e-34
0.172082115223751 7.184404375033852e-34
0.1760944813425998 7.698725792306159e-34
0.1802004021103484 8.24986751795113e-34
0.18440205890129596 8.840465504081975e-34
0.18870168395192646 9.473344404577981e-34
0.1931015615468407 1.0151531083157821e-33
0.1976040292323402 1.0878269088279168e-33
0.20221147905830805 1.1657034163613072e-33
0.20692635884904578 1.249155086944199e-33
0.21175117350374192 1.338581039392563e-33
0.2166884863272632 1.4344089638469734e-33
0.22174092039197504 1.5370971668285275e-33
0.22691115993131514 1.6471367630218266e-33
0.23220195176586036 1.765054023309261e-33
0.2376161067626448 1.89141289163251e-33
0.24315650132850383 2.0268176812461813e-33
0.24882607893823822 2.1719159644295316e-33
0.25462785169840935 2.3274016687304165e-33
0.2605649019475973 2.4940183951008616e-33
0.26664038389397104 2.672562972960424e-33
0.27285752529104135 2.863889270465281e-33
0.2792196291524867 3.068912276375519e-33
0.2857300755069626 3.2886124752477636e-33
0.2923923231938275 3.524040534716745e-33
0.2992099117007387 3.7763223285813596e-33
0.3061864630440946 4.0466643194132905e-33
0.31332568369332287 4.33635932614439e-33
0.32063136654003577 4.646792704308621e-33
0.3281073929131 4.979448968582902e-33
0.3357577346406907 5.33591888913048e-33
0.343586456160426 5.717907095581872e-33
0.3515977166787018 6.1272402251089475e-33
0.359795772380376 6.565875653359886e-33
0.368184978689974 7.035910849946402e-33
0.3767697925856183 7.539593402965472e-33
0.38555477496691104 8.079331762858102e-33
0.394544593078027 8.657706748113145e-33
0.4037440229873054 9.277483884348811e-33
0.4131579521246571 9.941626615752909e-33
0.42279138187813525 1.0653310468270203e-32
0.43264943025104924 1.1415938222184398e-32
0.4427373345810337 1.2233156171146068e-32
0.4530604543225162 1.3108871543302079e-32
0.4636242738940635 1.40472711681591e-32
0.47443440559211736 1.5052841480096766e-32
0.48549659257266914 1.6130389947331984e-32
0.4968167119024568 1.7285068037505012e-32
0.5084007776813051 1.85223958235562e-32
0.5202549442372687 1.9848288348157122e-32
0.5323855093962742 2.126908387205421e-32
0.5447989178279997 2.2791574142741429e-32
0.557501764469769 2.4423036824777606e-32
0.5705007980302781 2.6171270249402967e-32
0.5838029245750183 2.804463064544993e-32
0.5974152111952977 3.0052072030376254e-32
0.6113448897628128 3.220318895676202e-32
0.6255993607717623 3.450826229402083e-32
0.6401861972705483 3.697830830898579e-32
0.6551131488851486 3.962513122601536e-32
0.6703881459363026 4.246137955758566e-32
0.686019303652694 4.5500606437932093e-32
0.7020149264823721 4.875733428865785e-32
0.7183835125046995 5.224712408240961e-32
0.7351337579451718 5.598664954648704e-32
0.7522745617955077 5.999377671673524e-32
0.7698150305414633 6.428764891347503e-32
0.7877644830008832 6.888877858970022e-32
0.8061324552745581 7.381914434307917e-32
0.8249287058125218 7.910229505778035e-32
0.8441632205984669 8.476346503197666e-32
0.8638462184550629 9.082969140268158e-32
0.8839881564729563 9.732994335373018e-32
0.9045997355663667 1.042952593133947e-31
0.9256919061582187 1.1175889773815431e-31
0.9472758739978306 1.197564933409666e-31
0.9693631061142522 1.2832622513414661e-31
0.9919653369084147 1.3750900209747813e-31
1.0150945743873274 1.4734865361603297e-31
1.0387631065436362 1.5789214041857454e-31
1.0629835078839296 1.6918977698877827e-31
1.0877686461092637 1.8129547080425377e-31
1.1131316889514546 1.9426697840418878e-31
1.1390861111687691 2.0816617987978915e-31
1.16564570170473 2.230593722141531e-31
1.1928245710138414 2.3901758456970594e-31
1.2206371585581264 2.561169147924118e-31
1.2490982404784545 2.744388905339429e-31
1.2782229374447416 2.9407085561146196e-31
1.3080267226891875 3.1510638417626027e-31
1.3385254302268237 3.3764572356026775e-31
1.369735263267732 3.617962691825629e-31
1.4016728028254128 3.876730726407323e-31
1.4343550165258654 4.153993858785901e-31
1.4677992676220706 4.45107243897073e-31
1.5020233242186567 4.769380884107037e-31
1.5370453687116559 5.1104343588754755e-31
1.5728840074483612 5.475855924397309e-31
1.6095582806124205 5.867384192771886e-31
1.6470876723394143 6.286881520862523e-31
1.6854921210682972 6.736342780806036e-31
1.7247920301341966 7.217904747998878e-31
1.7650082786082029 7.733856149156373e-31
1.8061622323899016 8.28664841580611e-31
1.848275755558551 8.878907192970432e-31
1.8913712219889245 9.513444654918414e-31
1.935471527238 1.0193272682660492e-30
1.9806001007088037 1.0921616963966854e-30
2.0267809180978715 1.1701932051980138e-30
2.0740385141329463 1.2537917617121596e-30
2.1223979956076717 1.3433535586490005e-30
2.171885054720213 1.4393028527986195e-30
2.222525982722885 1.542093976006103e-30
2.274347683890048 1.6522133976415116e-30
2.327377689811681 1.7701820318405223e-30
2.3816441740202396 1.8965576267336913e-30
2.437175966958554 2.0319373422817353e-30
2.4940025712967335 2.1769605193833368e-30
2.552154177606206 2.332311633769081e-30
2.611661680399223 2.4987234479972923e-30
2.6725566945423505 2.67698037684571e-30
2.7348715720526675 2.8679220915410495e-30
2.7986394192855935 3.072447365503055e-30
2.863894114523477 3.2915181837187965e-30
2.9306703259742912 3.526164133249689e-30
2.999003530189995 3.777487088862324e-30
3.068930030914351 4.046666201385685e-30
3.1404869783702067 4.3349632822925615e-30
3.21371238899649 4.643728460077554e-30
3.2886451656454048 4.9744062760035815e-30
3.3653251182505572 5.328542187594112e-30
3.443792984976987 5.707789478728184e-30
3.5240904538643507 6.1139166475769695e-30
3.6062601849747473 6.548815276114492e-30
3.6903458330569543 7.014508420766053e-30
3.77639207073912 7.513159552702023e-30
3.8644446122622242 8.047082082747995e-30
3.9545502377669295 8.618749506195486e-30
4.046756818146711 9.230806189353834e-30
4.141113340480481 9.886078979652257e-30
4.237669934058216 1.0587589075588323e-29
4.336477897013409 1.1338565632691973e-29
4.437589723576497 1.2142459068643024e-29
4.541059131963759 1.3002956017130326e-29
4.646941092916466 1.3923994904323398e-29
4.755291858905486 1.490978254314093e-29
4.866168994016832 1.5964811749278428e-29
4.979631404534034 1.7093880030183842e-29
5.0957393702336 1.830210941495717e-29
5.214554576410165 1.959496745912196e-29
5.336140146648369 2.0978289501373925e-29
5.4605606763588606 2.2458302295451192e-29
5.587882267096237 2.4041648833219752e-29
5.718172561677172 2.573541483452773e-29
5.851500780117376 2.754715653689769e-29
5.987937756406471 2.948493052079225e-29
6.127555976140354 3.155732399343291e-29
6.270429615030991 3.3773488096054705e-29
6.416634578314149 3.6143172788567574e-29
6.566248541075969 3.8676762322488045e-29
6.719350989519823 4.1385314299222123e-29
6.87602326319537 4.4280599158517156e-29
7.036348598212252 4.737514332558914e-29
