results/limits/Pino_f_6.dat
# %ECSV 1.0
# ---
# datatype:
# - {name: mx, unit: MeV, datatype: float64}
# - {name: sigma_6, unit: cm2, datatype: float64}
# schema: astropy-2.0
mx sigma_6
3.162277660168379e-07 3.050468921486336e-39
3.2360111549336787e-07 2.9784113983083936e-39
3.311463862505236e-07 2.9094019810450093e-39
3.388675869043115e-07 2.8439115121403898e-39
3.4676881953794695e-07 2.782370674330966e-39
3.548542818811901e-07 2.725156877743182e-39
3.6312826954049566e-07 2.6725877911492154e-39
3.715951782811629e-07 2.6249203380484884e-39
3.8025950636269697e-07 2.5823538261753425e-39
3.89125856928623e-07 2.5293537703582826e-39
3.9819894045202297e-07 2.4602571878198293e-39
4.0748357723809307e-07 2.3944659265021324e-39
4.169846999850535e-07 2.3317106872782753e-39
4.2670735640476865e-07 2.271769732524545e-39
4.3665671190447213e-07 2.214472468603699e-39
4.4683805233101997e-07 2.159700105247113e-39
4.572567867791303e-07 2.1073834919494158e-39
4.6791845046510194e-07 2.057498497620145e-39
4.788287076675383e-07 2.0100595018557724e-39
4.899933547366384e-07 1.9651116858941366e-39
5.014183231736547e-07 1.9227228416776862e-39
5.131096827821533e-07 1.8829753650470736e-39
5.250736448927506e-07 1.8459589822300137e-39
5.373165656630395e-07 1.8117646029935756e-39
5.4984494945446e-07 1.7804795260934535e-39
5.626654522879044e-07 1.7374886508318676e-39
5.757848853798981e-07 1.6919300536104298e-39
5.892102187612295e-07 1.648391307921264e-39
6.029485849799565e-07 1.6068028887497528e-39
6.17007282890752e-07 1.5671186548035118e-39
6.313937815326057e-07 1.529313705734284e-39
6.461157240969403e-07 1.493381848829116e-39
6.611809319882495e-07 1.459332705550528e-39
6.765974089794179e-07 1.4271885687756092e-39
6.923733454639272e-07 1.3969811717898662e-39
7.085171228072106e-07 1.3687485487705693e-39
7.250373177994646e-07 1.3425321570010806e-39
7.419427072122865e-07 1.3152276336810816e-39
7.592422724615558e-07 1.281291198819656e-39
7.769452043790388e-07 1.2489030724341152e-39
7.950609080952509e-07 1.2180230848212184e-39
8.135990080361694e-07 1.1886272052180977e-39
8.325693530364543e-07 1.1607052849931561e-39
8.519820215718901e-07 1.1342587364482214e-39
8.718473271138315e-07 1.1092981947182605e-39
8.921758236084957e-07 1.0858412338668049e-39
9.12978311084014e-07 1.063910218614327e-39
9.342658413882192e-07 1.0422998801868824e-39
9.560497240602198e-07 1.0159397517233581e-39
9.78341532338879e-07 9.908221636342487e-40
1.0011531093113902e-06 9.669248489540032e-40
1.0244965742052174e-06 9.442365680952079e-40
1.048384328826741e-06 9.227552537864552e-40
1.0728290641500308e-06 9.024861785825768e-40
1.0978437670592484e-06 8.834401918783243e-40
1.1234417272482566e-06 8.656320795156983e-40
1.149636544281106e-06 8.442008107988193e-40
1.1764421348171486e-06 8.236970450014467e-40
1.2038727400046132e-06 8.04223811006917e-40
1.2319429330465773e-06 7.857755242750721e-40
1.2606676269433496e-06 7.68353177625065e-40
1.2900620824153782e-06 7.519628748263647e-40
1.3201419160108953e-06 7.353017571996716e-40
1.3509231084026028e-06 7.175231116465803e-40
1.38242201287781e-06 7.0064757920906025e-40
1.4146553640265304e-06 6.8467027122962215e-40
1.447640286632156e-06 6.695918108853425e-40
1.4813943047694329e-06 6.550553353865539e-40
1.5159353511145682e-06 6.393908522055109e-40
1.5512817764724183e-06 6.245380921734689e-40
1.587452359525819e-06 6.104941578280069e-40
1.6244663168122348e-06 5.971025255934922e-40
1.6623433129330315e-06 5.830327613920676e-40
1.7011034710007933e-06 5.697110573820304e-40
1.740767383330235e-06 5.570009594518832e-40
1.7813561223783898e-06 5.441029450861366e-40
1.8228912519398869e-06 5.317889336781263e-40
1.8653948386032614e-06 5.1965590778965195e-40
1.908889463474389e-06 5.078724435981734e-40
1.9533982341732686e-06 4.962112166636242e-40
1.9989447971105317e-06 4.84992216039041e-40
2.045553350050195e-06 4.738070788487491e-40
2.0932486549653353e-06 4.632392244788938e-40
2.1420560511935146e-06 4.524908511017209e-40
2.192001468898943e-06 4.421520121976664e-40
2.2431114428485372e-06 4.32393080784442e-40
2.2954131265091837e-06 4.222583102873896e-40
2.3489343064737076e-06 4.125973479312093e-40
2.403703417223201e-06 4.034769248470806e-40
2.4597495562335635e-06 3.940912995520693e-40
2.5171024994342686e-06 3.850216243484815e-40
2.575792717027583e-06 3.764541076970812e-40
2.635851389676631e-06 3.6782154450953364e-40
2.6973104250709106e-06 3.5931037727271695e-40
2.760202474878063e-06 3.512659366069959e-40
2.8245609520908932e-06 3.4327883167810593e-40
2.8904200487788716e-06 3.3532990933182043e-40
2.9578147542535346e-06 3.2781632634931404e-40
3.026780873657441e-06 3.2032206454267956e-40
3.097355046986562e-06 3.1296123699357563e-40
3.1695747685562034e-06 3.060089686674891e-40
3.2434784069208122e-06 2.9888649407446478e-40
3.319105225258239e-06 2.921492592816831e-40
3.3964954022292982e-06 2.8544678114948845e-40
3.4756900533236943e-06 2.7900434440025972e-40
3.5567312527036693e-06 2.726045017043752e-40
3.6396620555569646e-06 2.6640584980816846e-40
3.7245265209709786e-06 2.603477710688304e-40
3.811369735340273e-06 2.5441727162094154e-40
3.900237836319859e-06 2.486300708567802e-40
3.991178037336996e-06 2.429766187852333e-40
4.0842386526745176e-06 2.3744772504783748e-40
4.179469123139017e-06 2.320419998330921e-40
4.2769200423275275e-06 2.267602834680092e-40
4.376643183506652e-06 2.216030562639198e-40
4.478691527118417e-06 2.165492564109768e-40
4.583119288927478e-06 2.1162185627534118e-40
4.689981948824612e-06 2.0680509849615685e-40
4.799336280301815e-06 2.0209791445469087e-40
4.911240380614659e-06 1.9750207325065406e-40
5.0257537016479225e-06 1.9301510877758806e-40
5.142937081500915e-06 1.8861695851313036e-40
5.262852776809252e-06 1.8432379510621293e-40
5.385564495820272e-06 1.8013716809829224e-40
5.511137432239651e-06 1.7603746591296682e-40
5.639638299867211e-06 1.7203458007953822e-40
5.771135368040315e-06 1.6812440216853777e-40
5.905698497903673e-06 1.6429694527700955e-40
6.043399179524854e-06 1.6056719934782805e-40
6.184310569875183e-06 1.5691195156183232e-40
6.32850753169624e-06 1.5334865703371501e-40
6.47606667327258e-06 1.4986141319157221e-40
6.627066389131828e-06 1.4645671438205108e-40
6.781586901693754e-06 1.4312942796604092e-40
6.939710303890459e-06 1.3987484224464042e-40
7.101520602780329e-06 1.3669845107290958e-40
7.267103764178904e-06 1.3359421229045629e-40
7.436547758330399e-06 1.3055998543773902e-40
7.609942606644117e-06 1.2759494092149955e-40
7.787380429520604e-06 1.2469826327407987e-40
7.968955495292936e-06 1.2186722944997428e-40
8.15476427030917e-06 1.1910183843561003e-40
8.344905470182516e-06 1.1639988204781983e-40
8.539480112236516e-06 1.137588890653871e-40
8.738591569173047e-06 1.1118008892230091e-40
8.942345623991688e-06 1.0865904610064917e-40
9.150850526189614e-06 1.0619412481443042e-40
9.364217049271877e-06 1.0378767370263825e-40
9.58255854960264e-06 1.0143665948140661e-40
9.805991026628606e-06 9.913729241984121e-41
1.0034633184506672e-05 9.68926241962717e-41
1.0268606495168497e-05 9.46985646366667e-41
1.0508035262855554e-05 9.255558812866106e-41
1.07530466901589e-05 9.046032193203742e-41
1.1003770945598772e-05 8.841431812953732e-41
1.1260341232779899e-05 8.641506807348731e-41
1.1522893861159297e-05 8.446199078043009e-41
1.1791568318464117e-05 8.255308674422094e-41
1.206650734479802e-05 8.068863055022222e-41
1.2347857008475478e-05 7.886675564584721e-41
1.263576678362426e-05 7.708690960350005e-41
1.293038962959737e-05 7.534802951519229e-41
1.3231882072236462e-05 7.364930067353205e-41
1.3540404287030327e-05 7.198922527384008e-41
1.3856120184212054e-05 7.036792484026331e-41
1.4179197495840522e-05 6.878379723337515e-41
1.4509807864912299e-05 6.723623208028402e-41
1.484812693655133e-05 6.572438405632337e-41
1.5194334451324849e-05 6.424743745596029e-41
1.5548614340735104e-05 6.280469426026616e-41
1.5911154824937624e-05 6.139527438101263e-41
1.6282148512737936e-05 6.001847047068201e-41
1.6661792503919872e-05 5.867357814899405e-41
1.7050288493959805e-05 5.735981943315205e-41
1.7447842881182494e-05 5.607651958229369e-41
1.785466687641539e-05 5.482314051524461e-41
1.8270976615199758e-05 5.359882005377534e-41
1.869699327261814e-05 5.240297403774646e-41
1.91329431807992e-05 5.12349414195374e-41
1.957905794916243e-05 5.009426220090302e-41
2.003557458746648e-05 4.898012726649633e-41
2.0502735631726606e-05 4.789202699257841e-41
2.0980789273068064e-05 4.682932437385597e-41
2.1469989489583918e-05 4.5791623677149013e-41
2.1970596181267336e-05 4.4778210897711726e-41
2.2482875308090033e-05 4.378858782216988e-41
2.3007099031300245e-05 4.2822237458048235e-41
2.354354585801526e-05 4.187868396563093e-41
2.4092500789185385e-05 4.095736419996001e-41
2.4654255471007912e-05 4.005783238558194e-41
2.5229108349871537e-05 3.9179593062683144e-41
2.5817364830913554e-05 3.8322179193851853e-41
2.641933744027406e-05 3.748517933938738e-41
2.7035345991133382e-05 3.6668095046326156e-41
2.7665717753620915e-05 3.587051291080957e-41
2.8310787628685666e-05 3.509201967945111e-41
2.8970898326020842e-05 3.433219321934896e-41
2.964640054613707e-05 3.3590639692064096e-41
3.033765316668089e-05 3.2866961005431645e-41
3.104502343309761e-05 3.216076013188322e-41
3.176888715373972e-05 3.147170764187986e-41
3.25096288995246e-05 3.0799403740497473e-41
3.326764220824756e-05 3.0143489659454063e-41
3.4043329793658724e-05 2.950365379103187e-41
3.483710375941493e-05 2.8879533397497447e-41
3.5649385818020195e-05 2.8270802186485897e-41
3.648060751487119e-05 2.76771457657728e-41
3.73312104575266e-05 2.709824981339107e-41
3.820164655032238e-05 2.6533811448791254e-41
3.90923782344573e-05 2.5983538764812655e-41
4.0003878733676586e-05 2.54471395846112e-41
4.093663230568398e-05 2.492433583298566e-41
4.1891134499415887e-05 2.441485518813664e-41
4.2867892418314344e-05 2.3918433672744957e-41
4.386742498973848e-05 2.3434810798011903e-41
4.489026324065786e-05 2.296373926668213e-41
4.5936950579773975e-05 2.250497588769447e-41
4.700804308621986e-05 2.20582836502717e-41
4.8104109804991236e-05 2.1623433200407908e-41
4.922573304926602e-05 2.1200187168698153e-41
5.0373508709772956e-05 2.0788377285007953e-41
5.154804657137365e-05 2.0387748587932612e-41
5.27499706370262e-05 1.9998113232307457e-41
5.397991945930254e-05 1.9619277721564264e-41
5.5238546479635675e-05 1.925105183271642e-41
5.6526520375476976e-05 1.8893253737265087e-41
5.784452541554797e-05 1.8545707076129916e-41
5.9193261823375433e-05 1.8208245328318676e-41
6.057344614930286e-05 1.7880702309839646e-41
6.198581165117595e-05 1.7562924391556558e-41
6.34311086839044e-05 1.7254759288216715e-41
6.491010509810695e-05 1.695606661714864e-41
6.642358664805138e-05 1.666670688399006e-41
6.797235740910648e-05 1.6386551182959576e-41
6.955724020492732e-05 1.6115475377942913e-41
7.117907704460117e-05 1.5853362205487456e-41
7.283872956998614e-05 1.5600101455020636e-41
7.453707951348025e-05 1.5355589063194415e-41
7.627502916646401e-05 1.5119729037458038e-41
7.805350185866558e-05 1.4892431082639777e-41
7.987344244870308e-05 1.4673611525183833e-41
8.173581782606456e-05 1.446319685797005e-41
8.364161742479263e-05 1.4261118609036926e-41
8.559185374914618e-05 1.4067315048719812e-41
8.758756291151902e-05 1.388173391930375e-41
8.96298051829007e-05 1.3704330528746075e-41
9.17196655561724e-05 1.3535067737960826e-41
9.385825432253677e-05 1.3373918704271796e-41
9.604670766138824e-05 1.3220862631992332e-41
9.828618824393714e-05 1.3075889470877164e-41
0.00010057788585090809 1.2938998042948317e-41
0.00010292301800464121 1.2810197140136503e-41
0.00010532283061593165 1.2689505106933933e-41
0.00010777859864595113 1.2576951098773378e-41
0.00011029162678360347 1.247257507725549e-41
0.00011286325013867351 1.2376428380001888e-41
0.00011549483495113791 1.2288574209645426e-41
0.00011818777931701482 1.2209088163513846e-41
0.0001209435139311377 1.213805882274226e-41
0.00012376350284724815 1.2075588366043125e-41
0.00012664924425581149 1.2021793088481034e-41
0.00012960227127996844 1.1976804487884396e-41
0.00013262415279004548 1.1940769324096547e-41
0.00013571649423705693 1.191385094247806e-41
0.0001388809385056415 1.1896230121367198e-41
0.00014211916678688624 1.18881053420526e-41
0.00014543289947150178 1.1889694265067304e-41
0.0001488238970638237 1.1901234446003032e-41
0.00015229396111712465 1.1922984240320263e-41
0.00015584493519073535 1.1955224413289034e-41
0.00015947870582948208 1.1998257834907928e-41
0.00016319720356596128 1.2052412483159373e-41
0.00016700240394618395 1.2118041095855404e-41
0.00017089632857913436 1.21955226889908e-41
0.000174881046210801 1.2285264564235587e-41
0.00017895867382325032 1.2387702508087518e-41
0.0001831313777593269 1.2503302916378554e-41
0.00018740137487357792 1.2632563649916628e-41
0.00019177093371001327 1.2776015772367486e-41
0.000196242375707327 1.2934224462120986e-41
0.00020081807643222024 1.3107790926629273e-41
0.00020550046684148122 1.3297353574124243e-41
0.0002102920345734925 1.3503589534107672e-41
0.0002151953252698519 1.3727216236945028e-41
0.00022021294392780895 1.396899277515282e-41
0.00022534755628423554 1.4229721547707017e-41
0.0002306018902318662 1.45102497682069e-41
0.00023597873726856003 1.4811471027516101e-41
0.0002414809539803547 1.513432684537319e-41
0.0002471114635590999 1.5479808373409126e-41
0.00025287325735547713 1.584895778304417e-41
0.00025876939646823026 1.6242869986546474e-41
0.00026480301337045197 1.6662694310372967e-41
0.000270977313573789 1.7109635689574546e-41
0.00027729557733145163 1.758495642656208e-41
0.00028376116138093086 1.8089977618638703e-41
0.0002903775007273506 1.8626080048640439e-41
0.00029714811046840066 1.9194705629815395e-41
0.00030407658766182135 1.9797358166316877e-41
0.00031116661323643183 2.0435603928614833e-41
0.0003184219539477161 2.111107186422427e-41
0.00032584646437900766 2.182545362022592e-41
0.00033344408898933415 2.2580502989154038e-41
0.0003412188642090111 2.337803478219282e-41
0.0003491749205840977 2.421992342449752e-41
0.0003573164849708539 2.5108100971106025e-41
0.0003656478827813646 2.6044554265437836e-41
0.0003741735402815245 2.7031322174969264e-41
0.0003828979869426037 2.807049175805529e-41
0.000391825857847644 2.9164194276768184e-41
0.000400961896153964 3.0314600583808706e-41
0.0004103109556130814 3.1523916057443333e-41
0.0004198780031493915 3.279437510644197e-41
0.00042966812149897106 3.412823483306556e-41
0.000439686511909911 3.5527768310379784e-41
0.0004499384969056106 3.6995256743348556e-41
0.00046042952311250296 3.853298066988418e-41
0.0004711651641537129 4.0143209915678065e-41
0.00048215112361018567 4.18281920526978e-41
0.0004933932380508582 4.3590139366157013e-41
0.0005048974801334842 4.5431214072019176e-41
0.0005166699617777604 4.735351208097005e-41
0.0005287169374124361 4.935904513376886e-41
0.0005410448072981404 5.144972168083678e-41
0.0005536601209276797 5.362732680133304e-41
0.0005665695805056229 5.589350119867786e-41
0.0005797800445090163 5.824971963930309e-41
0.0005932985313311235 6.069726872660907e-41
0.000607132223010125 6.323722416201606e-41
0.0006212884690447563 6.587042719533999e-41
0.0006357747902989163 6.85974602952944e-41
0.0006505988829973161 7.141862203302778e-41
0.0006657686228142928 7.433390104806181e-41
0.0006812920690579615 7.734294995253954e-41
0.0006971774689519261 8.044505919283127e-41
0.0007134332620168255 8.363913190355555e-41
0.0007300680845540431 8.692366013525228e-41
0.0007470907742339592 9.02967030406549e-41
0.0007645103747911887 9.375586712931302e-41
0.0007823361408292924 9.729828869048794e-41
0.00080057754273752 1.0092061847579078e-40
0.0008192442717221943 1.0461900873703275e-40
0.0008383462449554094 1.0838910299086098e-40
0.0008578936108437789 1.1222602925930054e-40
0.0008778967544200344 1.1612439746166626e-40
0.000898366302860337 1.2007830159999822e-40
0.0009193131311302326 1.2408132691897366e-40
0.0009407483677622533 1.2812656210662878e-40
0.000962683400768232 1.3220661610986143e-40
0.000985129883689471 1.3631363982875372e-40
0.0010080997417879817 1.4043935239102036e-40
0.0010316051783820807 1.4457507266584255e-40
0.0010556586813297128 1.487117560836342e-40
0.0010802730296629402 1.5284003655202027e-40
0.001105461300377127 1.569502731003825e-40
0.0011312368753784248 1.6103260045114565e-40
0.0011576134485932472 1.6507698296508307e-40
