results/limits/Pino_l_phase.dat
# %ECSV 1.0
# ---
# datatype:
# - {name: mx, unit: MeV, datatype: float64}
# - {name: sigma_10, unit: cm2, datatype: float64}
# - {name: sigma_9, unit: cm2, datatype: float64}
# - {name: sigma_7, unit: cm2, datatype: float64}
# - {name: sigma_6, unit: cm2, datatype: float64}
# - {name: sigma_5, unit: cm2, datatype: float64}
# - {name: sigma_4, unit: cm2, datatype: float64}
# - {name: sigma_3, unit: cm2, datatype: float64}
# - {name: sigma_2, unit: cm2, datatype: float64}
# schema: astropy-2.0
mx sigma_10 sigma_9 sigma_7 sigma_6 sigma_5 sigma_4 sigma_3 sigma_2
3.162277660168379e-07 3.0705543338888322e-43 3.4862066166209876e-43 5.255735947888731e-43 7.043473796683251e-43 1.0670194195444757e-42 2.115002601193018e-42 2.0846324227418934e-42 3.0074248670388722e-43
3.2360111549336787e-07 3.0675039891740703e-43 3.486195685897976e-43 5.2557359741066365e-43 7.043473843770936e-43 1.067019430348842e-42 2.115002643918033e-42 2.0846325632490675e-42 3.007425348873979e-43
3.311463862505236e-07 3.064511122413977e-43 3.4861856805750053e-43 5.255736001561454e-43 7.0434738930800544e-43 1.0670194416629228e-42 2.1150026886586765e-42 2.084632710384926e-42 3.0074258534405857e-43
3.388675869043115e-07 3.0615764533946186e-43 3.4861765240466937e-43 5.255736030311528e-43 7.043473944715424e-43 1.067019453510765e-42 2.1150027355100392e-42 2.0846328644621903e-42 3.0074263818111124e-43
3.4676881953794695e-07 3.0587006693304154e-43 3.4861681458665268e-43 5.255736060417971e-43 7.0434739987867815e-43 1.0670194659175504e-42 2.115002784571698e-42 2.0846330258083352e-42 3.0074269351085455e-43
3.548542818811901e-07 3.055884421350241e-43 3.4861604812751213e-43 5.255736091944769e-43 7.043474055409051e-43 1.0670194789096476e-42 2.1150028359479286e-42 2.084633194766282e-42 3.007427514508873e-43
3.6312826954049566e-07 3.0531283209602766e-43 3.4861534707642406e-43 5.255736124958922e-43 7.043474114702572e-43 1.0670194925146696e-42 2.1150028897479223e-42 2.084633371695131e-42 3.0074281212435436e-43
3.715951782811629e-07 3.050432936488066e-43 3.486147059669536e-43 5.255736159530598e-43 7.043474176793367e-43 1.0670195067615319e-42 2.1150029460860256e-42 2.084633556970928e-42 3.0074287566021268e-43
3.8025950636269697e-07 3.0477987895639316e-43 3.486141197791189e-43 5.255736195733275e-43 7.0434742418134066e-43 1.0670195216805154e-42 2.1150030050819817e-42 2.084633750987455e-42 3.007429421935011e-43
3.89125856928623e-07 3.045226351621627e-43 3.486135839046641e-43 5.255736233643892e-43 7.043474309900876e-43 1.067019537303327e-42 2.1150030668611725e-42 2.084633954157069e-42 3.0074301186562933e-43
3.9819894045202297e-07 3.042716040508091e-43 3.4861309411432823e-43 5.255736273343014e-43 7.043474381200489e-43 1.0670195536631729e-42 2.1150031315549075e-42 2.0846341669115936e-42 3.00743084824681e-43
4.0748357723809307e-07 3.0402682171593534e-43 3.486126465280795e-43 5.2557363149150335e-43 7.043474455863787e-43 1.0670195707948222e-42 2.1150031993006847e-42 2.084634389703205e-42 3.0074316122572106e-43
4.169846999850535e-07 3.0378831824132577e-43 3.486122375870197e-43 5.2557363584483155e-43 7.043474534049452e-43 1.067019588734686e-42 2.115003270242484e-42 2.0846346230054227e-42 3.007432412311343e-43
4.2670735640476865e-07 3.0355611740175985e-43 3.4861186402812117e-43 5.255736404035347e-43 7.043474615923656e-43 1.0670196075208945e-42 2.1150033445310886e-42 2.0846348673141054e-42 3.007433250109642e-43
4.3665671190447213e-07 3.0333023637738544e-43 3.486115228599088e-43 5.255736451773051e-43 7.043474701660419e-43 1.067019627193375e-42 2.1150034223243904e-42 2.0846351231485156e-42 3.0074341274327957e-43
4.4683805233101997e-07 3.031106854944474e-43 3.4861121134107463e-43 5.255736501762864e-43 7.0434747914419566e-43 1.0670196477939375e-42 2.1150035037877236e-42 2.0846353910523847e-42 3.0074350461454494e-43
4.572567867791303e-07 3.0289746799084544e-43 3.4861092695994027e-43 5.2557365541110435e-43 7.043474885459092e-43 1.067019669366367e-42 2.115003589094233e-42 2.0846356715951215e-42 3.0074360082002638e-43
4.6791845046510194e-07 3.02690579808189e-43 3.486106674157507e-43 5.2557366089288495e-43 7.043474983911643e-43 1.0670196919565125e-42 2.1150036784252255e-42 2.084635965372984e-42 3.0074370156420026e-43
4.788287076675383e-07 3.0249000941442682e-43 3.4861043060175586e-43 5.255736666332774e-43 7.0434750870088636e-43 1.067019715612387e-42 2.1150037719705645e-42 2.0846362730103773e-42 3.007438070611908e-43
4.899933547366384e-07 3.0229573766356155e-43 3.4861021458901807e-43 5.255736726444843e-43 7.043475194969866e-43 1.0670197403842673e-42 2.115003869929068e-42 2.0846365951611433e-42 3.007439175352222e-43
5.014183231736547e-07 3.0210773768624825e-43 3.486100176119771e-43 5.255736789392801e-43 7.0434753080241065e-43 1.0670197663248023e-42 2.115003972508928e-42 2.084636932509963e-42 3.007440332210964e-43
5.131096827821533e-07 3.0192597482300397e-43 3.486098380550665e-43 5.255736855310434e-43 7.043475426411864e-43 1.0670197934891248e-42 2.1150040799281713e-42 2.0846372857738526e-42 3.0074415436469762e-43
5.250736448927506e-07 3.017504065933008e-43 3.4860967444007638e-43 5.255736924337851e-43 7.04347555038476e-43 1.0670198219349701e-42 2.1150041924151036e-42 2.0846376557036364e-42 3.0074428122350652e-43
5.373165656630395e-07 3.0158098270861444e-43 3.486095254151503e-43 5.25573699662176e-43 7.043475680206293e-43 1.0670198517227969e-42 2.115004310208801e-42 2.0846380430855627e-42 3.007444140671522e-43
5.4984494945446e-07 3.014176451249239e-43 3.486093897439352e-43 5.255737072315771e-43 7.043475816152356e-43 1.067019882915912e-42 2.1150044335596145e-42 2.0846384487429555e-42 3.007445531779826e-43
5.626654522879044e-07 3.012603281419784e-43 3.48609266296369e-43 5.255737151580783e-43 7.0434759585119044e-43 1.067019915580614e-42 2.115004562729714e-42 2.0846388735380065e-42 3.007446988516695e-43
5.757848853798981e-07 3.0110895853845257e-43 3.486091540395005e-43 5.255737234585254e-43 7.043476107587489e-43 1.067019949786328e-42 2.1150046979936336e-42 2.0846393183735736e-42 3.007448513978323e-43
5.892102187612295e-07 3.0096345575795116e-43 3.4860905202942618e-43 5.255737321505595e-43 7.043476263695962e-43 1.0670199856057512e-42 2.1150048396388583e-42 2.0846397841951086e-42 3.0074501114069795e-43
6.029485849799565e-07 3.0082373213005556e-43 3.4860895940413623e-43 5.255737412526537e-43 7.043476427169091e-43 1.0670200231150134e-42 2.1150049879664326e-42 2.0846402719926574e-42 3.0074517841978924e-43
6.17007282890752e-07 3.006896931354907e-43 3.4860887537635666e-43 5.25573750784155e-43 7.043476598354325e-43 1.0670200623938361e-42 2.11500514329161e-42 2.0846407828029892e-42 3.007453535906475e-43
6.313937815326057e-07 3.005612377075537e-43 3.4860879922749228e-43 5.255737607653205e-43 7.0434767776155014e-43 1.0670201035257004e-42 2.115005305944515e-42 2.0846413177117763e-42 3.0074553702558785e-43
6.461157240969403e-07 3.0043825857117274e-43 3.486087303016836e-43 5.255737712173611e-43 7.043476965333593e-43 1.0670201465980256e-42 2.1150054762708414e-42 2.0846418778559187e-42 3.0074572911449207e-43
6.611809319882495e-07 3.0032064261499257e-43 3.486086680006704e-43 5.2557378216249545e-43 7.043477161907589e-43 1.0670201917023562e-42 2.1150056546325945e-42 2.084642464425935e-42 3.007459302656351e-43
6.765974089794179e-07 3.002082712951988e-43 3.4860861177897517e-43 5.255737936239812e-43 7.0434773677552516e-43 1.0670202389345534e-42 2.1150058414088562e-42 2.0846430786685165e-42 3.0074614090655128e-43
6.923733454639272e-07 3.0010102106682443e-43 3.4860856113957097e-43 5.255738056261804e-43 7.043477583314106e-43 1.067020288395005e-42 2.1150060369965993e-42 2.084643721889196e-42 3.0074636148495125e-43
7.085171228072106e-07 2.999987638351372e-43 3.4860851562934873e-43 5.255738181946027e-43 7.043477809042265e-43 1.0670203401888277e-42 2.1150062418115117e-42 2.0846443954550458e-42 3.007465924696619e-43
7.250373177994646e-07 2.9990136743247653e-43 3.4860847483620652e-43 5.255738313559593e-43 7.043478045419496e-43 1.0670203944261054e-42 2.1150064562889032e-42 2.0846451007976852e-42 3.0074683435163453e-43
7.419427072122865e-07 2.9980869610589054e-43 3.4860843838482296e-43 5.255738451382209e-43 7.043478292948172e-43 1.0670204512221083e-42 2.1150066808846127e-42 2.0846458394162432e-42 3.0074708764497902e-43
7.592422724615558e-07 2.997206110192527e-43 3.4860840593426754e-43 5.255738595706818e-43 7.04347855215437e-43 1.0670205106975474e-42 2.1150069160759832e-42 2.0846466128805646e-42 3.007473528880613e-43
7.769452043790388e-07 2.9963697076049057e-43 3.4860837717453493e-43 5.2557387468401445e-43 7.043478823589e-43 1.0670205729788301e-42 2.1150071623628862e-42 2.0846474228345988e-42 3.007476306446502e-43
7.950609080952509e-07 2.995576318520614e-43 3.486083518244712e-43 5.255738905103408e-43 7.043479107828955e-43 1.0670206381983248e-42 2.1150074202687682e-42 2.084648270999816e-42 3.0074792150510964e-43
8.135990080361694e-07 2.9948244926250923e-43 3.486083296291114e-43 5.2557390708329394e-43 7.043479405478324e-43 1.0670207064946426e-42 2.115007690341761e-42 2.0846491591788946e-42 3.007482260876559e-43
8.325693530364543e-07 2.994112769075113e-43 3.486083103575113e-43 5.255739244381013e-43 7.043479717169715e-43 1.0670207780129375e-42 2.1150079731558726e-42 2.0846500892595863e-42 3.0074854503967623e-43
8.519820215718901e-07 2.99343968146212e-43 3.486082938009879e-43 5.255739426116443e-43 7.0434800435655854e-43 1.0670208529052121e-42 2.1150082693121833e-42 2.0846510632187005e-42 3.007488790390997e-43
8.718473271138315e-07 2.9928037626289213e-43 3.486082797709178e-43 5.255739616425489e-43 7.043480385359617e-43 1.0670209313306338e-42 2.115008579440122e-42 2.0846520831262795e-42 3.007492287958391e-43
8.921758236084957e-07 2.9922035493160236e-43 3.4860826809761526e-43 5.255739815712606e-43 7.043480743278235e-43 1.0670210134558827e-42 2.1150089041988205e-42 2.084653151150054e-42 3.007495950533028e-43
9.12978311084014e-07 2.9916375865966324e-43 3.48608258628303e-43 5.255740024401347e-43 7.0434811180821385e-43 1.0670210994555036e-42 2.115009244278507e-42 2.0846542695600122e-42 3.007499785899727e-43
9.342658413882192e-07 2.9911044321436914e-43 3.4860825122612684e-43 5.255740242935242e-43 7.043481510567898e-43 1.0670211895122722e-42 2.1150096004019604e-42 2.0846554407332265e-42 3.007503802210596e-43
9.560497240602198e-07 2.9906026601780744e-43 3.4860824576872963e-43 5.255740471778753e-43 7.043481921569672e-43 1.0670212838175889e-42 2.1150099733260733e-42 2.084656667158938e-42 3.0075080080023786e-43
9.78341532338879e-07 2.9901308652151388e-43 3.4860824214707883e-43 5.255740711418234e-43 7.043482351960958e-43 1.0670213825718798e-42 2.115010363843424e-42 2.0846579514437863e-42 3.0075124122145712e-43
1.0011531093113902e-06 2.989687665467441e-43 3.486082402646479e-43 5.255740962362981e-43 7.043482802656468e-43 1.0670214859850294e-42 2.115010772783998e-42 2.0846592963174194e-42 3.0075170242084496e-43
1.0244965742052174e-06 2.9892717060052462e-43 3.486082400362198e-43 5.255741225146336e-43 7.043483274614073e-43 1.0670215942768255e-42 2.1150112010169365e-42 2.084660704638266e-42 3.0075218537869933e-43
1.048384328826741e-06 2.988881661584578e-43 3.486082413872219e-43 5.255741500326785e-43 7.043483768836814e-43 1.0670217076774177e-42 2.115011649452367e-42 2.0846621793995762e-42 3.0075269112156683e-43
1.0728290641500308e-06 2.9885162391789267e-43 3.486082442529035e-43 5.2557417884891865e-43 7.0434842863750766e-43 1.0670218264278196e-42 2.115012119043375e-42 2.0846637237358557e-42 3.007532207244298e-43
1.0978437670592484e-06 2.9881741801775247e-43 3.4860824857754016e-43 5.255742090245923e-43 7.0434848283287645e-43 1.0670219507804097e-42 2.1150126107879842e-42 2.0846653409294568e-42 3.0075377531299113e-43
1.1234417272482566e-06 2.987854262315323e-43 3.486082543139147e-43 5.255742406238358e-43 7.043485395849682e-43 1.0670220809994736e-42 2.1150131257313154e-42 2.0846670344176025e-42 3.0075435606606415e-43
1.149636544281106e-06 2.9875553012863957e-43 3.4860826142292553e-43 5.2557427371380345e-43 7.0434859901439776e-43 1.0670222173617658e-42 2.1150136649677877e-42 2.084668807799675e-42 3.0075496421808493e-43
1.1764421348171486e-06 2.9872761520340136e-43 3.4860826987258585e-43 5.255743083648217e-43 7.043486612474687e-43 1.0670223601570945e-42 2.1150142296434513e-42 2.0846706648448705e-42 3.0075560106173205e-43
1.2038727400046132e-06 2.9870157098149718e-43 3.4860827963798836e-43 5.2557434465053194e-43 7.0434872641644176e-43 1.0670225096889391e-42 2.115014820958417e-42 2.0846726095001965e-42 3.0075626795067566e-43
1.2319429330465773e-06 2.986772910930485e-43 3.4860829070079014e-43 5.2557438264805015e-43 7.0434879465982024e-43 1.0670226662750984e-42 2.1150154401694215e-42 2.0846746458989023e-42 3.007569663024593e-43
1.2606676269433496e-06 2.9865467332680948e-43 3.486083030487726e-43 5.255744224381341e-43 7.043488661226382e-43 1.0670228302483588e-42 2.1150160885924704e-42 2.0846767783691977e-42 3.0075769760150865e-43
1.2900620824153782e-06 2.9863361965364902e-43 3.4860831667560636e-43 5.2557446410534415e-43 7.0434894095677156e-43 1.0670230019572077e-42 2.1150167676056676e-42 2.0846790114435274e-42 3.0075846340229238e-43
1.3201419160108953e-06 2.9861403623343747e-43 3.486083315805242e-43 5.255745077382319e-43 7.043490193212613e-43 1.0670231817665708e-42 2.1150174786521158e-42 2.0846813498681362e-42 3.0075926533262368e-43
1.3509231084026028e-06 2.985958333956938e-43 3.4860834776811624e-43 5.2557455342953135e-43 7.043491013826514e-43 1.0670233700585896e-42 2.1150182232430052e-42 2.0846837986132208e-42 3.0076010509712626e-43
1.38242201287781e-06 2.98578925606303e-43 3.486083652479065e-43 5.2557460127634365e-43 7.043491873153417e-43 1.0670235672334313e-42 2.115019002960808e-42 2.084686362883444e-42 3.007609844808549e-43
1.4146553640265304e-06 2.9856323141696796e-43 3.4860838403453546e-43 5.255746513803552e-43 7.043492773019572e-43 1.0670237737101408e-42 2.1150198194626505e-42 2.0846890481290268e-42 3.007619053530928e-43
1.447640286632156e-06 2.985486733936168e-43 3.486084041472665e-43 5.255747038480472e-43 7.043493715337399e-43 1.0670239899275288e-42 2.1150206744838327e-42 2.0846918600573167e-42 3.007628696713275e-43
1.4813943047694329e-06 2.985351780391201e-43 3.4860842561002077e-43 5.255747587909225e-43 7.043494702109523e-43 1.0670242163451074e-42 2.1150215698415128e-42 2.0846948046449374e-42 3.0076387948541305e-43
1.5159353511145682e-06 2.9852267569988943e-43 3.486084484513232e-43 5.255748163257485e-43 7.043495735433032e-43 1.0670244534440645e-42 2.115022507438575e-42 2.084697888150478e-42 3.0076493694192886e-43
1.5512817764724183e-06 2.9851110046132907e-43 3.486084727039193e-43 5.255748765747946e-43 7.0434968175039384e-43 1.0670247017282862e-42 2.1150234892676658e-42 2.0847011171277985e-42 3.0076604428874547e-43
1.587452359525819e-06 2.9850039004123917e-43 3.4860849840519648e-43 5.255749396661024e-43 7.043497950621844e-43 1.0670249617254276e-42 2.115024517415433e-42 2.084704498439976e-42 3.007672038798066e-43
1.6244663168122348e-06 2.9849048566881635e-43 3.4860852559670634e-43 5.255750057337477e-43 7.043499137194826e-43 1.0670252339880341e-42 2.1150255940669565e-42 2.0847080392738662e-42 3.0076841818013137e-43
1.6623433129330315e-06 2.9848133196138803e-43 3.486085543242639e-43 5.255750749181388e-43 7.0435003797445405e-43 1.0670255190947151e-42 2.1150267215103956e-42 2.0847117471554123e-42 3.007696897710632e-43
1.7011034710007933e-06 2.9847287679920716e-43 3.4860858463812217e-43 5.2557514736630044e-43 7.0435016809116004e-43 1.0670258176513736e-42 2.115027902141848e-42 2.0847156299656186e-42 3.0077102135575478e-43
1.740767383330235e-06 2.9846507119378463e-43 3.486086165928181e-43 5.255752232321951e-43 7.04350304346118e-43 1.0670261302924933e-42 2.1150291384704363e-42 2.0847196959573097e-42 3.0077241576492138e-43
1.7813561223783898e-06 2.98457869156368e-43 3.486086502472328e-43 5.255753026770454e-43 7.043504470288878e-43 1.0670264576824885e-42 2.1150304331236557e-42 2.0847239537726873e-42 3.007738759628608e-43
1.8228912519398869e-06 2.984512275654481e-43 3.4860868566458776e-43 5.255753858696802e-43 7.043505964426866e-43 1.0670268005171102e-42 2.1150317888529334e-42 2.084728412461682e-42 3.0077540505375937e-43
1.8653948386032614e-06 2.984451060335731e-43 3.486087229126587e-43 5.255754729868936e-43 7.043507529050351e-43 1.0670271595249288e-42 2.1150332085394913e-42 2.0847330815012008e-42 3.0077700628829597e-43
