results/limits/Pino_l.dat
# %ECSV 1.0
# ---
# datatype:
# - {name: mx, unit: MeV, datatype: float64}
# - {name: sigma_10, unit: cm2, datatype: float64}
# - {name: sigma_9, unit: cm2, datatype: float64}
# - {name: sigma_7, unit: cm2, datatype: float64}
# - {name: sigma_6, unit: cm2, datatype: float64}
# - {name: sigma_5, unit: cm2, datatype: float64}
# - {name: sigma_4, unit: cm2, datatype: float64}
# - {name: sigma_3, unit: cm2, datatype: float64}
# - {name: sigma_2, unit: cm2, datatype: float64}
# schema: astropy-2.0
mx sigma_10 sigma_9 sigma_7 sigma_6 sigma_5 sigma_4 sigma_3 sigma_2
[from data line 719]
4.979631404534034 3.229347560876794e-46 5.265926748249728e-46 3.144304584804989e-44 7.134750619440408e-41 6.351804031987426e-37 6.1249870872289505e-33 8.657967591098503e-30 2.1316336497384412e-29
5.0957393702336 3.1680361471107653e-46 5.178579418102612e-46 3.2529299171774886e-44 7.616687584450482e-41 6.805755548080014e-37 6.563458998701123e-33 9.275870629845558e-30 2.2823829855159834e-29
5.214554576410165 3.107935741764536e-46 5.092882986855203e-46 3.3674376922137675e-44 8.132028935504274e-41 7.292182581572834e-37 7.033319341445003e-33 9.937774214390382e-30 2.4437023817121384e-29
5.336140146648369 3.0490219312453307e-46 5.0088058057968346e-46 3.488173731539554e-44 8.683127757686388e-41 7.813409458502824e-37 7.536814955204842e-33 1.0646799667146881e-29 2.616320858234707e-29
5.4605606763588606 2.9912708018927614e-46 4.9263168615339546e-46 3.615505666915511e-44 9.272504416308867e-41 8.371926892497405e-37 8.076353494966386e-33 1.1406288255227776e-29 2.8010157365273885e-29
5.587882267096237 2.9346589296270233e-46 4.845385763285537e-46 3.74982433405951e-44 9.902858496823495e-41 8.97040389656724e-37 8.654514938971379e-33 1.2219816689339236e-29 2.9986230986824263e-29
5.718172561677172 2.879163369813541e-46 4.7659827304430875e-46 3.89154525550706e-44 1.057708159826492e-40 9.611700547687002e-37 9.274063919934491e-33 1.3091213094040028e-29 3.21002155810589e-29
5.851500780117376 2.8247616473393987e-46 4.6880785803903305e-46 4.041110218349771e-44 1.1298271041311405e-40 1.0298881665216254e-36 9.93796293845381e-33 1.4024575142827854e-29 3.436168292442292e-29
5.987937756406471 2.771431746897053e-46 4.611644716577023e-46 4.198988953122299e-44 1.2069744556425725e-40 1.1035231468583489e-36 1.0649386521473055e-32 1.5024287868555578e-29 3.678058111487453e-29
6.127555976140354 2.719152103471149e-46 4.5366531168420134e-46 4.365680920576161e-44 1.2895056022227783e-40 1.182426928433971e-36 1.1411736393638379e-32 1.6095044637788704e-29 3.9367810836653506e-29
6.270429615030991 2.6679015930239094e-46 4.4630763219803306e-46 4.541717213586139e-44 1.3778012329273645e-40 1.2669766377706973e-36 1.2228657733622141e-32 1.724186736912021e-29 4.213470069402086e-29
6.416634578314149 2.6176595233751657e-46 4.390887424549644e-46 4.727662581985118e-44 1.4722691449800566e-40 1.3575763989125828e-36 1.3104056593315486e-32 1.8470130299333686e-29 4.509360108080052e-29
6.566248541075969 2.5684056252727834e-46 4.320060057911067e-46 4.924117588718989e-44 1.5733461799764468e-40 1.454659266206821e-36 1.404211856265459e-32 1.9785583207392134e-29 4.82573816806457e-29
6.719350989519823 2.5201200436495023e-46 4.250568385499862e-46 5.131720906357772e-44 1.6815002985678837e-40 1.5586892954559113e-36 1.5047328769451273e-32 2.119437838886281e-29 5.164005627483058e-29
6.87602326319537 2.472783329062337e-46 4.1823870903212774e-46 5.351151763695034e-44 1.7972328035385927e-40 1.6701637633467515e-36 1.612449330926524e-32 2.270309712739738e-29 5.525623968404086e-29
7.036348598212252 2.426376429310623e-46 4.115491364667177e-46 5.583132552918592e-44 1.921080721898909e-40 1.789615545771957e-36 1.7278762207871368e-32 2.4318780209428481e-29 5.912174733543148e-29
7.200412171461376 2.380880681228971e-46 4.04985690004907e-46 5.828431608643747e-44 2.0536193573778326e-40 1.9176156664185952e-36 1.8515654025487256e-32 2.604895859855037e-29 6.325328659674148e-29
7.368301145867304 2.3362778026514886e-46 3.985459877343213e-46 6.087866170969633e-44 2.1954650255130894e-40 2.0547760278139457e-36 1.9841082220278854e-32 2.790168709171837e-29 6.766859826699246e-29
7.540104716695753 2.2925498845436663e-46 3.922276957143657e-46 6.362305545651556e-44 2.347277984409871e-40 2.201752337890488e-36 2.1261383396738505e-32 2.988558019854732e-29 7.238662379297295e-29
7.715914158940838 2.2496793832983274e-46 3.860285270319183e-46 6.652674475482017e-44 2.5097655751751972e-40 2.3592472460675173e-36 2.278334757353037e-32 3.2009849939339966e-29 7.742745879824544e-29
7.8958228758172275 2.207649113192295e-46 3.799462408770136e-46 6.959956738041886e-44 2.6836855870372196e-40 2.528013703848825e-36 2.4414250615098042e-32 3.4284346523534144e-29 8.281250969214529e-29
8.07992644838296 2.166442239000349e-46 3.739786416381199e-46 7.285198986124899e-44 2.869849863233205e-40 2.7088585660096908e-36 2.616188898148638e-32 3.671960130880681e-29 8.856447837367507e-29
8.2683226863193 2.1260422687631576e-46 3.6812357801664284e-46 7.629514848357314e-44 3.0691281649010663e-40 2.9026464495971984e-36 2.8034616961936323e-32 3.93268725990182e-29 9.470738048565763e-29
8.461111679894604 2.0864330467060125e-46 3.623789421602717e-46 7.994089308831661e-44 3.2824523114427795e-40 3.110303869200831e-36 3.004138656962153e-32 4.2118195020641956e-29 1.0126686798108378e-28
8.658395853139817 2.047598746305116e-46 3.56742668814818e-46 8.380183385955344e-44 3.510820617150106e-40 3.332823668271846e-36 3.2191790287386875e-32 4.510643146623975e-29 1.0827030330682844e-28
8.860280018263818 2.0095238634983745e-46 3.5121273449418436e-46 8.789139132183886e-44 3.755302645299156e-40 3.571269767685563e-36 3.4496106867876036e-32 4.8305326547414657e-29 1.1574590239077084e-28
9.066871431337571 1.972193210037676e-46 3.4578715666812097e-46 9.222384977870996e-44 4.01704430243866e-40 3.826782254258424e-36 3.696535040668214e-32 5.172956977377791e-29 1.237250192800024e-28
9.278279849276613 1.9355919069796573e-46 3.4046399296743963e-46 9.681441444127428e-44 4.297273297222797e-40 4.1005828335571644e-36 3.9611322920614435e-32 5.539485141538512e-29 1.3223895431178212e-28
9.494617588152204 1.8997053783120164e-46 3.3524134040634138e-46 1.0167927251346335e-43 4.597304989882997e-40 4.393980673080106e-36 4.2446670683321226e-32 5.931793721791367e-29 1.413231676976148e-28
9.715999582862075 1.8645193447126415e-46 3.3011733462156122e-46 1.0683565851928702e-43 4.918548660300386e-40 4.7083786637574275e-36 4.5484944583484354e-32 6.35167291051297e-29 1.5101253752000917e-28
9.942543448192506 1.830019817438648e-46 3.2509014912799595e-46 1.1230192417739825e-43 5.26251422464234e-40 5.045280129718099e-36 4.8740664795707466e-32 6.801035052459134e-29 1.6134671673482528e-28
10.17436954130415 1.7961930923426487e-46 3.201579945905198e-46 1.1809761314953836e-43 5.630819432671322e-40 5.406296018415e-36 5.222939006815399e-32 7.281921593725874e-29 1.7236522536236358e-28
10.411601025674827 1.7630257440136237e-46 3.1531911811169856e-46 1.2424354101209014e-43 6.025197580132503e-40 5.793152605497179e-36 5.59677919592575e-32 7.796512236097356e-29 1.8411144558905844e-28
10.654363936533231 1.7305046200397165e-46 3.105718025351011e-46 1.3076188082414941e-43 6.447505773089433e-40 6.207699751280182e-36 5.997373437385937e-32 8.347133515844038e-29 1.966306883726218e-28
10.902787247818345 1.6986168353904298e-46 3.0591436576394006e-46 1.3767625469135156e-43 6.899733783716775e-40 6.651919748303225e-36 6.426635877745318e-32 8.936268053826135e-29 2.099697978426895e-28
11.157002940700098 1.6673497669157336e-46 3.0134516009475423e-46 1.4501183175231201e-43 7.384013539886433e-40 7.127936802289209e-36 6.886617549382097e-32 9.566565397610373e-29 2.241808565918022e-28
11.417146073697703 1.6366910479595934e-46 2.9686257156588362e-46 1.5279543304412025e-43 7.90262929391512e-40 7.638027191852663e-36 7.379516151642554e-32 1.0240851027162728e-28 2.393141293565044e-28
11.683354854432924 1.6066285630855617e-46 2.924650193204686e-46 1.610556437350283e-43 8.458028519088175e-40 8.18463015554704e-36 7.90768653027437e-32 1.096213981130871e-28 2.5542875443209252e-28
11.955770713056356 1.5771504429120753e-46 2.8815095498372238e-46 1.6982293324649086e-43 9.052833586055234e-40 8.770359558321029e-36 8.47365190411111e-32 1.1733645110080516e-28 2.7257999185054227e-28
12.234538377385784 1.5482450590551392e-46 2.8391886205423967e-46 1.7912978382324481e-43 9.68985427492254e-40 9.398016393181396e-36 9.080115893096807e-32 1.255879409673974e-28 2.9083292257833604e-28
12.519805949796487 1.5199010191761735e-46 2.7976725530910038e-46 1.8901082814936146e-43 1.037210118286283e-39 1.007060217785394e-35 9.729975403711957e-32 1.3441238210742078e-28 3.102494485301018e-28
12.811724985904382 1.4921071621328054e-46 2.756946802225405e-46 1.9950299665040207e-43 1.1102800091346662e-39 1.0791333310514551e-35 1.0426334433717671e-31 1.4384869533632333e-28 3.3090050549233537e-28
13.110450575083778 1.4648525532304792e-46 2.7169971239796962e-46 2.10645675167178e-43 1.188540736168758e-39 1.1563656453248799e-35 1.1172518860716307e-31 1.5393832984264386e-28 3.528544010140907e-28
13.416141422862523 1.4381264795727082e-46 2.677809570131222e-46 2.224808737354094e-43 1.2723626432511909e-39 1.239126501681369e-35 1.197209228532883e-31 1.6472544352428376e-28 3.7618953912344186e-28
13.72895993523834 1.411918445508022e-46 2.6393704827813258e-46 2.3505340725806284e-43 1.3621425498032811e-39 1.3278116825541776e-35 1.2828873002995205e-31 1.7625703352280943e-28 4.009799153807632e-28
14.04907230496112 1.3862181681714156e-46 2.6016664890632876e-46 2.4841108891355996e-43 1.4583056451656051e-39 1.4228453046871312e-35 1.3746952185646167e-31 1.8858314076512002e-28 4.273109609905806e-28
14.37664859982702 1.3610155731185337e-46 2.5646844959756767e-46 2.626049372037114e-43 1.5613075185495905e-39 1.524681847603455e-35 1.4730713358044498e-31 2.0175700086379692e-28 4.552673418509503e-28
14.711862853031292 1.3363007900504284e-46 2.5284116853390874e-46 2.7768939761040293e-43 1.6716363342864206e-39 1.633808327291583e-35 1.5784853261560272e-31 2.158352393841742e-28 4.849366065406148e-28
15.054893155627816 1.3120641486272045e-46 2.4928355088745346e-46 2.9372257990005743e-43 1.7898151627744607e-39 1.7507466255036307e-35 1.691440420350747e-31 2.3087807640481807e-28 5.164132365683408e-28
15.405921751144481 1.2882961743685214e-46 2.4579436834018655e-46 3.107665121900669e-43 1.9164044782710455e-39 1.8760559858063325e-35 1.8124757997224214e-31 2.4694951928830997e-28 5.497934428680282e-28
15.765135132404664 1.2649875846392591e-46 2.423724186156399e-46 3.288874129720234e-43 2.0520048354724203e-39 2.0103356883216245e-35 1.9421691606019783e-31 2.641175833144014e-28 5.851780946256533e-28
16.132724140606275 1.242129284718503e-46 2.3901652502223464e-46 3.4815598237311714e-43 2.1972597376807516e-39 2.1542279159485871e-35 2.0811394611476465e-31 2.8245451237771077e-28 6.226719624944478e-28
16.50888406671095 1.2197123639501204e-46 2.3572553600814277e-46 3.6864771402979476e-43 2.3528587102733724e-39 2.308420825774031e-35 2.2300498635373554e-31 3.02037005870403e-28 6.6238246311343495e-28
16.89381475519735 1.1977280919732466e-46 2.3249832472753295e-46 3.904432290472325e-43 2.5195405941714642e-39 2.473651840360277e-35 2.3896108853729495e-31 3.229464743030978e-28 7.044226914036284e-28
17.287720710233557 1.1761679150309788e-46 2.2933378861805742e-46 4.136286336246722e-43 2.6980970750574643e-39 2.6507111746498873e-35 2.560583775063487e-31 3.4526928512965247e-28 7.489081048701357e-28
17.690811204325115 1.155023452355671e-46 2.2623084898945615e-46 4.382959020408053e-43 2.889376465218222e-39 2.8404456153540393e-35 2.7437841270130815e-31 3.690969834088967e-28 7.959574558898632e-28
18.103300389496336 1.1342864926292154e-46 2.231884506231574e-46 4.6454328681557764e-43 3.094287756099103e-39 3.0437625708981453e-35 2.9400857537184652e-31 3.9452666458733277e-28 8.456960146242588e-28
18.52540741106398 1.113948990516754e-46 2.2020556138276252e-46 4.924757579956582e-43 3.3138049609491106e-39 3.261634411292328e-35 3.150424832542634e-31 4.216610801474645e-28 8.982519044839398e-28
18.957356524063755 1.0940030632722896e-46 2.172811718353051e-46 5.222054736509078e-43 3.548971768324715e-39 3.4951031186803724e-35 3.3758043471652975e-31 4.5060915098070035e-28 9.537564974052022e-28
19.399377212391464 1.0744409874146873e-46 2.1441429488319458e-46 5.538522838191954e-43 3.800906528706784e-39 3.7452852708063724e-35 3.6172988436808817e-31 4.814859993876188e-28 1.012338038268456e-27
19.85170431072216 1.0552551954726047e-46 2.1160396540674545e-46 5.875442702974613e-43 4.0708075980785354e-39 4.0133773812300074e-35 3.876059524452171e-31 5.14413510717539e-28 1.0741390645323203e-27
20.314578129271972 1.0364382727969233e-46 2.088492399172212e-46 6.2341832484886405e-43 4.359959064019712e-39 4.3006616218270426e-35 4.15331970257596e-31 5.4952041771090235e-28 1.1393012422315917e-27
20.788244581469023 1.0179829544392496e-46 2.061491962203078e-46 6.616207685798609e-43 4.6697368817020106e-39 4.6085119549394685e-35 4.450400643127157e-31 5.869427550383567e-28 1.2079676178172229e-27
21.272955314601134 9.998821220951349e-47 2.035029330899641e-46 7.023080154381339e-43 5.0016154491312535e-39 4.938400704498088e-35 4.768717817885967e-31 6.268241560512346e-28 1.2802837340205804e-27
21.76896784350983 9.821288011106605e-47 2.009095699525834e-46 7.456472829932145e-43 5.357174653083109e-39 5.291905597539174e-35 5.10978760263874e-31 6.693160374606511e-28 1.3563977994989898e-27
22.27654568740161 9.647161575510486e-47 1.983682465814228e-46 7.918173538875722e-43 5.7381074194303435e-39 5.670717309785542e-35 5.47523444866714e-31 7.14578247334605e-28 1.4364611299330068e-27
22.79595850984919 9.4763749533004e-47 1.958781228012643e-46 8.410093915878026e-43 6.146227803972643e-39 6.076647551372243e-35 5.866798560416516e-31 7.62778856881794e-28 1.5206289908831467e-27
23.327482262057103 9.308862533987446e-47 1.9343837820327282e-46 8.934278143245584e-43 6.583479662464927e-39 6.511637731379274e-35 6.286344116828853e-31 8.140951992540113e-28 1.6090564896553038e-27
23.871399329467756 9.144560029927432e-47 1.910482118700377e-46 9.492912313872924e-43 7.051945941311254e-39 6.977768242600418e-35 6.735868071738823e-31 8.687134199571948e-28 1.7018986982456717e-27
24.427998681785848 8.983404449362372e-47 1.8870684211078233e-46 1.0088334462369443e-42 7.553858633359431e-39 7.477268410942673e-35 7.2175095767018275e-31 9.268294999829881e-28 1.7993135581110847e-27
24.997576026500827 8.825334070020318e-47 1.8641350620674923e-46 1.0723045312179232e-42 8.091609446413838e-39 8.012527157027268e-35 7.733560066989437e-31 9.88648974214825e-28 1.9014611505287755e-27
25.580433965988984 8.670288413262226e-47 1.8416746016676486e-46 1.1399719789915106e-42 8.66776123549209e-39 8.586104420968036e-35 8.286474059370466e-31 1.0543877398381742e-27 2.008501183039787e-27
26.176882158278623 8.518208218764288e-47 1.819679784930117e-46 1.2121219361779566e-42 9.285060253505087e-39 9.200743404950408e-35 8.878880709193094e-31 1.1242718810048145e-27 2.1205913045019853e-27
26.787237481563718 8.369035419724802e-47 1.7981435395703666e-46 1.2890605250855288e-42 9.946449278954742e-39 9.859383692143573e-35 9.513596181556617e-31 1.198538473621831e-27 2.2378860007161484e-27
27.411824202553472 8.222713118584387e-47 1.777058973860434e-46 1.3711152598237558e-42 1.0655081683437957e-38 1.0565175304666317e-34 1.0193636890875383e-30 1.2774351518186152e-27 2.3605472372166267e-27
28.050974148747212 8.079185563249304e-47 1.7564193745952384e-46 1.458636563546913e-42 1.1414336506241735e-38 1.13214937678157e-34 1.0922233671929221e-30 1.3612212265997843e-27 2.4887319932962422e-27
28.705026884726152 7.938398123806993e-47 1.7362182051630203e-46 1.5519993940545722e-42 1.2227834608130865e-38 1.2131956252576379e-34 1.170284694356847e-30 1.4501671311668486e-27 2.6225966681225005e-27
29.374329892555654 7.800297269724051e-47 1.716449103720665e-46 1.6516049854912642e-42 1.3099455981591434e-38 1.3000438873581795e-34 1.2539182936568096e-30 1.5445549216016595e-27 2.762297632397666e-27
30.05923875639388 7.6648305475163315e-47 1.6971058814749549e-46 1.7578827144391813e-42 1.403335830032566e-38 1.3931095225220004e-34 1.3435211057818242e-30 1.6446786343323252e-27 2.907985242949755e-27
30.760117351404876 7.531946558881532e-47 1.6781825210707887e-46 1.8712920992893245e-42 1.5033996796720354e-38 1.492837624449363e-34 1.4395182468711984e-30 1.750844094131219e-27 3.0598068875783947e-27
