results/limits/Pino_l_phase.dat
# %ECSV 1.0
# ---
# datatype:
# - {name: mx, unit: MeV, datatype: float64}
# - {name: sigma_10, unit: cm2, datatype: float64}
# - {name: sigma_9, unit: cm2, datatype: float64}
# - {name: sigma_7, unit: cm2, datatype: float64}
# - {name: sigma_6, unit: cm2, datatype: float64}
# - {name: sigma_5, unit: cm2, datatype: float64}
# - {name: sigma_4, unit: cm2, datatype: float64}
# - {name: sigma_3, unit: cm2, datatype: float64}
# - {name: sigma_2, unit: cm2, datatype: float64}
# schema: astropy-2.0
mx sigma_10 sigma_9 sigma_7 sigma_6 sigma_5 sigma_4 sigma_3 sigma_2
[from data line 477]
0.01882672481864659 3.3449565784771996e-39 4.180403060925232e-39 8.35251579644427e-39 1.6588882088996881e-38 1.0005845533670004e-37 3.9577941821421977e-35 4.215829415157754e-32 1.046676538147751e-31
0.01926569962258253 3.3516607021217976e-39 4.190879526382512e-39 8.394427382693307e-39 1.6751671736462172e-38 1.0338020748645831e-37 4.299721941023785e-35 4.6218652349538486e-32 1.1477195832902644e-31
0.019714909816919448 3.358391790284542e-39 4.2014086917124744e-39 8.4367612487535e-39 1.6917555982880504e-38 1.0686261534581723e-37 4.672293158352712e-35 5.067061926921468e-32 1.258519197371495e-31
0.020174594055939365 3.365150004305721e-39 4.211990952937937e-39 8.479523769358438e-39 1.7086618815376566e-38 1.1051516536024264e-37 5.078324220188359e-35 5.555199080792091e-32 1.3800175639917834e-31
0.02064499655852557 3.371935506878816e-39 4.222626710173176e-39 8.522721447483247e-39 1.7258947097138048e-38 1.1434798625980166e-37 5.520895432560538e-35 6.090421196487397e-32 1.5132478575179756e-31
0.021126367237910063 3.378748462065536e-39 4.233316367674392e-39 8.566360917507416e-39 1.743463068398114e-38 1.1837189716875626e-37 6.003376117032693e-35 6.677272921208122e-32 1.6593430306870664e-31
0.021618961834446313 3.385589035341679e-39 4.2440603338994216e-39 8.610448948487868e-39 1.7613762546325392e-38 1.2259845960088514e-37 6.529452115609486e-35 7.320737689426012e-32 1.8195454508999614e-31
0.02212304205147776 3.3924573935491094e-39 4.2548590215297886e-39 8.654992447508926e-39 1.7796438896856792e-38 1.2704003367193384e-37 7.103155937407928e-35 8.026280094415993e-32 1.9952174671707428e-31
0.022638875694374342 3.399353704976467e-39 4.2657128475659353e-39 8.699998463152022e-39 1.79827593241775e-38 1.3170983888989365e-37 7.728899801944007e-35 8.799892351704541e-32 2.187852997612998e-31
0.0231667368128109 3.406278139299848e-39 4.276622233330624e-39 8.745474189051061e-39 1.8172826932756755e-38 1.3662201991573004e-37 8.411511858479322e-35 9.648145249614607e-32 2.3990902360254174e-31
0.02370690584636297 3.4132308676508464e-39 4.287587604552749e-39 8.791426967565137e-39 1.8366748489513483e-38 1.4179171772198948e-37 9.156275887833694e-35 1.057824402025288e-31 2.6307255856579177e-31
0.024259669773497434 3.420212062602522e-39 4.298609391406558e-39 8.837864293559425e-39 1.8564634577385407e-38 1.4723514661463956e-37 9.968974822627125e-35 1.1598089606136793e-31 2.884728938677938e-31
0.024825322264037063 3.427221898198923e-39 4.3096880285805224e-39 8.884793818297972e-39 1.8766599756254016e-38 1.529696776248423e-37 1.085593845431856e-34 1.2716345843552228e-31 3.1632604313030477e-31
0.025404163835180054 3.4342605499467144e-39 4.320823955305338e-39 8.932223353452903e-39 1.8972762731622178e-38 1.5901392882242045e-37 1.1824095730932585e-34 1.3942513134058749e-31 3.468688817118054e-31
0.025996502011157406 3.441328194831853e-39 4.332017615446708e-39 8.980160875243597e-39 1.918324653146047e-38 1.6538786315188159e-37 1.2881032088311078e-34 1.528700923074524e-31 3.8036116148590554e-31
0.026602651486612925 3.4484250113630505e-39 4.343269457527208e-39 9.028614528691436e-39 1.9398178691665695e-38 1.7211289444538767e-37 1.4035052300422302e-34 1.6761257826355297e-31 4.170877202040435e-31
0.027222934293792744 3.4555511795379925e-39 4.3545799348019223e-39 9.077592632012637e-39 1.9617691450599406e-38 1.7921200232537637e-37 1.5295249381068649e-34 1.8377785696761965e-31 4.57360904235228e-31
0.027857679973633073 3.4627068809040545e-39 4.3659495053277355e-39 9.127103681145403e-39 1.9841921953204476e-38 1.8670985677309588e-37 1.6671580120651731e-34 2.0150329226041285e-31 5.015232252905409e-31
0.02850722575083718 3.469892298540569e-39 4.377378632001426e-39 9.177156354409519e-39 2.007101246522595e-38 1.9463295320856742e-37 1.8174947897915586e-34 2.20939512191919e-31 5.4995027373040695e-31
0.02917191671303455 3.477107617076985e-39 4.388867782634024e-39 9.227759517321703e-39 2.0305110598095587e-38 2.030097590029358e-37 1.9817293468271813e-34 2.422516899605204e-31 6.030539132351239e-31
0.029852105994117403 3.484353022736318e-39 4.400417430012148e-39 9.278922227548826e-39 2.0544369545072437e-38 2.118708724263856e-37 2.1611694497939674e-34 2.6562094855921338e-31 6.612857840124324e-31
0.030548154961852016 3.4916287033046006e-39 4.4120280519594374e-39 9.330653740031868e-39 2.0788948329269407e-38 2.2124919512434207e-37 2.357247468728155e-34 2.912459010761677e-31 7.251411443403146e-31
0.031260433409864494 3.498934848176728e-39 4.4237001313897255e-39 9.382963512249692e-39 2.1039012064232927e-38 2.311801193122544e-37 2.5715323408012765e-34 3.193443397507837e-31 7.951630831211083e-31
0.031989319754103004 3.506271648373343e-39 4.435434156409328e-39 9.435861209664208e-39 2.1294732227785856e-38 2.4170173098551987e-37 2.8057426868102524e-34 3.5015508815168156e-31 8.719471392788408e-31
0.0327352012338808 3.5136392965297836e-39 4.447230620333881e-39 9.489356711338345e-39 2.1556286949886248e-38 2.5285503055686487e-37 3.06176119159193e-34 3.839400322305446e-31 9.561463672922978e-31
0.03349847411760691 3.5210379869665216e-39 4.459090021813029e-39 9.543460115720931e-39 2.1823861315302557e-38 2.646841724595942e-37 3.3416503702343245e-34 4.20986347527245e-31 1.0484768919512027e-30
0.034279543913313774 3.5284679156186497e-39 4.47101286482502e-39 9.598181746622299e-39 2.2097647681956225e-38 2.7723672539243586e-37 3.647669853707604e-34 4.616089414700933e-31 1.1497239995842011e-30
0.03507882558409363 3.535929280149218e-39 4.482999658835554e-39 9.653532159387753e-39 2.2377846015835278e-38 2.90563955031271e-37 3.982295340423233e-34 5.06153131544638e-31 1.2607488175705906e-30
0.03589674376855814 3.54342227987198e-39 4.495050918758438e-39 9.70952214725659e-39 2.2664664243441022e-38 3.0472113119595268e-37 4.348239374359058e-34 5.549975821107011e-31 1.3824956389517003e-30
0.03673373300643846 3.550947115884057e-39 4.507167165193205e-39 9.766162747939007e-39 2.2958318622790983e-38 3.1976786163782646e-37 4.748474125936083e-34 6.085575417921952e-31 1.5160001291913441e-30
0.037590237969445384 3.5585039909619457e-39 4.5193489243144056e-39 9.823465250395326e-39 2.325903413406528e-38 3.357684548067906e-37 5.186256368452805e-34 6.672883098159777e-31 1.6623974532390497e-30
0.038466713697512506 3.56609310961692e-39 4.5315967280558826e-39 9.88144120184516e-39 2.3567044891056885e-38 3.527923141672697e-37 5.665154862593754e-34 7.316892026283481e-31 1.8229329292870077e-30
0.03936362584054766 3.573714678196643e-39 4.543911114180122e-39 9.940102414998153e-39 2.388259457465726e-38 3.7091436686167507e-37 6.189080380208022e-34 8.023077398784287e-31 1.9989719724058187e-30
0.04028145090582124 3.581368904772486e-39 4.556292626318729e-39 9.999460975530001e-39 2.420593688969232e-38 3.902155297697727e-37 6.762318622665591e-34 8.79744315685087e-31 2.1920118667105065e-30
0.04122067651112274 3.5890559992561025e-39 4.5687418140862455e-39 1.0059529249796137e-38 2.453733604650784e-38 4.107832162844948e-37 7.389566312669977e-34 9.646573049988506e-31 2.4036945010956088e-30
0.04218180164382002 3.59677617337879e-39 4.581259233161149e-39 1.0120319892811298e-38 2.487706726879551e-38 4.327118874212814e-37 8.075970765674577e-34 1.0577686631224626e-30 2.635820334974573e-30
0.043165336925959 3.604529640665501e-39 4.5938454452845595e-39 1.0181845856479613e-38 2.5225417329250224e-38 4.5610365120127385e-37 8.827173276551641e-34 1.1598700660185117e-30 2.890363712816234e-30
0.044171804885544536 3.612316616597428e-39 4.6065010185308984e-39 1.0244120398120954e-38 2.5582685114753536e-38 4.81068914601023e-37 9.649356689565802e-34 1.2718296436324872e-30 3.16948965774405e-30
0.04520174023414663 3.620137318450484e-39 4.619226527155813e-39 1.0307157089259462e-38 2.5949182222892047e-38 5.0772709274555775e-37 1.0549297555236556e-33 1.394599363503717e-30 3.475572287044698e-30
0.046255690150979495 3.6279919654395504e-39 4.6320225518703723e-39 1.0370969824727129e-38 2.6325233591740265e-38 5.362073804407064e-37 1.1534423316641653e-33 1.5292231274680079e-30 3.811215006228683e-30
0.047334214573604344 3.635880778691422e-39 4.644889679836776e-39 1.0435572832065315e-38 2.67111781649686e-38 5.666495915977199e-37 1.261287501044462e-33 1.6768456503213044e-30 4.179272653414057e-30
0.048437886495410414 3.643803981274696e-39 4.6578285047879925e-39 1.0500980681248831e-38 2.7107369594474846e-38 5.992050726021558e-37 1.3793576014790169e-33 1.8387221959649933e-30 4.5828757823937995e-30
0.04956729227003216 3.651761798226098e-39 4.670839627101629e-39 1.0567208294740586e-38 2.7514176982887885e-38 6.340376962236473e-37 1.508630742759854e-33 2.0162292538471917e-30 5.025457290939157e-30
0.05072303192286451 3.659754456566362e-39 4.6839236539286886e-39 1.0634270957893668e-38 2.793198566845526e-38 6.713249432580557e-37 1.650179071514192e-33 2.2108762465124968e-30 5.510781620839988e-30
0.051905719469841495 3.6677821853025316e-39 4.69708119921011e-39 1.0702184329712427e-38 2.8361198054994406e-38 7.1125907974333224e-37 1.8051778332580977e-33 2.4243183678432104e-30 6.0429767780582824e-30
0.05311598324364777 3.675845215461232e-39 4.710312883838295e-39 1.077096445397259e-38 2.88022344897765e-38 7.54048438300733e-37 1.9749153085903162e-33 2.658370661192682e-30 6.626569445359149e-30
0.05435446622753626 3.683943780166799e-39 4.723619335788172e-39 1.0840627770751478e-38 2.925553419240937e-38 7.999188129296008e-37 2.1608037079014033e-33 2.9150234571579468e-30 7.266523486088293e-30
0.05562182639692926 3.6920781145508846e-39 4.7370011900971095e-39 1.0911191128339897e-38 2.972155623800015e-38 8.491149774334031e-37 2.364391117121718e-33 3.196459302303804e-30 7.968282166610126e-30
0.056918737068984544 3.7002484558884616e-39 4.750459089098451e-39 1.0982671795577624e-38 3.020078059810849e-38 9.019023385842093e-37 2.5873745959673538e-33 3.505071522832604e-30 8.737814456551847e-30
0.058245887260312136 3.708455043522861e-39 4.7639936824054065e-39 1.1055087474628393e-38 3.069370924324786e-38 9.585687361502878e-37 2.8316145399413398e-33 3.843484581100683e-30 9.581665800684763e-30
0.05960398205303182 3.7166981189660594e-39 4.777605627085822e-39 1.1128456314199299e-38 3.120086731096225e-38 1.0194264030257412e-36 3.0991504280919154e-33 4.21457639813244e-30 1.0507013794309977e-29
0.06099374296936585 3.724977925860733e-39 4.79129558774008e-39 1.1202796923234484e-38 3.172280434378521e-38 1.0848140999216638e-36 3.392218090311631e-33 4.621502832005745e-30 1.152172923572521e-29
0.06241590835496589 3.733294710099002e-39 4.8050642366873553e-39 1.1278128385093805e-38 3.2260095601705e-38 1.1550994404157935e-36 3.713268640880483e-33 5.0677245203201476e-30 1.263444307508681e-29
0.06387123377117784 3.741648719689077e-39 4.8189122539061736e-39 1.1354470272243053e-38 3.281334345408478e-38 1.2306814236237213e-36 4.064989239123384e-33 5.5570363150683556e-30 1.38546198291365e-29
0.06536049239645289 3.750040204965389e-39 4.8328403273606326e-39 1.1431842661467362e-38 3.338317885634895e-38 1.311993193362078e-36 4.450325853587032e-33 6.0935995602822444e-30 1.5192638086260755e-29
0.06688447543711816 3.758469418433038e-39 4.8468491528732653e-39 1.1510266149645584e-38 3.397026291713112e-38 1.3995050444368113e-36 4.8725082231761105e-33 6.681977487005489e-30 1.6659878786661968e-29
0.06844399254772507 3.76693661492709e-39 4.8609394344587676e-39 1.1589761870081847e-38 3.457528856199313e-38 1.4937276986230876e-36 5.3350772273683135e-33 7.327174026660682e-30 1.8268822028555492e-29
0.0700398722611988 3.77544205162966e-39 4.875111884355529e-39 1.1670351509449538e-38 3.519898230027542e-38 1.5952158750242096e-36 5.841914898110924e-33 8.034676372955929e-30 2.00331532238297e-29
0.0716729624290174 3.7839859879632516e-39 4.8893672231033295e-39 1.1752057325341986e-38 3.5842106102121824e-38 1.7045721818237386e-36 6.397277328462657e-33 8.810501654360712e-30 2.1967879506133058e-29
0.07334413067165428 3.7925686857901564e-39 4.9037061797137135e-39 1.1834902164478682e-38 3.6505459393240033e-38 1.822451358997859e-36 7.005830757674444e-33 9.66124811414567e-30 2.4089457381559835e-29
0.07505426483952363 3.80119040931578e-39 4.91812949176923e-39 1.191890948158147e-38 3.71898811755278e-38 1.9495649043558156e-36 7.672691139410646e-33 1.0594151233321965e-29 2.6415932707735977e-29
0.07680427348467332 3.80985142517672e-39 4.9326379056015685e-39 1.2004103358955196e-38 3.789625228229689e-38 2.086686118349351e-36 8.403467529428808e-33 1.1617145273860649e-29 2.8967094191972897e-29
0.07859508634347626 3.818552002446773e-39 4.947232176343976e-39 1.2090508526789926e-38 3.8625497777486426e-38 2.2346556064632854e-36 9.20430966151146e-33 1.2738930765677066e-29 3.176464171415033e-29
0.08042765483057629 3.8272924126822334e-39 4.9619130681507835e-39 1.2178150384239486e-38 3.9378589508964923e-38 2.394387281697949e-36 1.0081960116056261e-32 1.396904851142333e-29 3.483237090608963e-29
0.08230295254435131 3.8360729299236415e-39 4.976681354220781e-39 1.2267055021281715e-38 4.01565488267863e-38 2.5668749137110026e-36 1.104381152478146e-32 1.5317960738572345e-29 3.8196375557457083e-29
0.08422197578416211 3.844893830704431e-39 4.9915378169954844e-39 1.2357249241410477e-38 4.096044947809302e-38 2.7531992756359162e-36 1.209796929782653e-32 1.6797140089072024e-29 4.1885269569870175e-29
0.08618574407966152 3.853755394195927e-39 5.0064832483591267e-39 1.244876058519011e-38 4.1791420691255813e-38 2.9545359444742106e-36 1.3253320406485447e-32 1.841916720351443e-29 4.593043034715739e-29
0.08819530073244539 3.8626579020676964e-39 5.021518449656794e-39 1.2541617354713432e-38 4.265065046280594e-38 3.17216381630978e-36 1.451960880630313e-32 2.0197837729870432e-29 5.0366265692060075e-29
0.09025171337033296 3.8716016386555104e-39 5.0366442319088575e-39 1.2635848638993904e-38 4.3539389061765236e-38 3.407474403460834e-36 1.5907518141731526e-32 2.214827966700532e-29 5.523050647961001e-29
0.09235607451457113 3.8805868908862065e-39 5.051861415879631e-39 1.273148434033716e-38 4.44589527671113e-38 3.661981987117458e-36 1.7428762435460525e-32 2.4287082041099024e-29 6.056452759667547e-29
0.09450950216026408 3.889613948447575e-39 5.067170832449585e-39 1.2828555201738924e-38 4.541072785534423e-38 3.937334706064543e-36 1.90961855334383e-32 2.6632436009492705e-29 6.641369987760181e-29
0.09671314037033632 3.898683103641238e-39 5.0825733224429915e-39 1.2927092835344167e-38 4.639617485644716e-38 4.2353266698194684e-36 2.0923870151051835e-32 2.920428959219093e-29 7.282777602952522e-29
0.09896815988334524 3.907794651557953e-39 5.0980697369781665e-39 1.302712975202448e-38 4.741683309797833e-38 4.557911192987009e-36 2.2927257447586533e-32 3.202451734716695e-29 7.986131383005893e-29
0.10127575873546546 3.916948890035483e-39 5.113660937649375e-39 1.3128699392112276e-38 4.847432555858289e-38 4.907215256920581e-36 2.512327814561484e-32 3.5117106432729416e-29 8.757414019708856e-29
0.10363716289697593 3.9261461197396854e-39 5.1293477966027515e-39 1.3231836157356144e-38 4.957036405391392e-38 5.285555314958586e-36 2.7530496310145485e-32 3.8508360639599284e-29 9.603186007807582e-29
0.10605362692358762 3.9353866441426424e-39 5.1451311966826495e-39 1.3336575444137334e-38 5.070675477977249e-38 5.6954545686620874e-36 3.0169267010024193e-32 4.2227124128195526e-29 1.0530641448750546e-28
0.10852643462295801 3.944670769598907e-39 5.161012031689199e-39 1.3442953678015525e-38 5.188540423927553e-38 6.139661854710296e-36 3.306190920213717e-32 4.630502677424167e-29 1.1547669243916707e-28
0.11105689973674641 3.953998805309054e-39 5.1769912063698776e-39 1.355100834965447e-38 5.310832558300678e-38 6.621172295517367e-36 3.623289530842919e-32 5.077675320960677e-29 1.2662920197839604e-28
0.11364636663857243 3.9633710634956844e-39 5.193069636890327e-39 1.3660778052199823e-38 5.437764539344805e-38 7.143249881331121e-36 3.9709059097711216e-32 5.568033784684545e-29 1.388588060221033e-28
0.11629621104824843 3.972787859327518e-39 5.209248250759954e-39 1.3772302520161968e-38 5.569561094752494e-38 7.709452167688155e-36 4.351982363990761e-32 6.105748839692192e-29 1.5226952926568444e-28
