results/limits/Pino_f_6_phase.dat
# %ECSV 1.0
# ---
# datatype:
# - {name: mx, unit: MeV, datatype: float64}
# - {name: sigma_6, unit: cm2, datatype: float64}
# schema: astropy-2.0
mx sigma_6
[from data line 358]
0.0012122259692915415 1.0719550527861813e-36
0.0012404909310584848 1.1230013133995991e-36
0.0012694149350204683 1.1753477305279079e-36
0.0012990133477864558 1.228945009327852e-36
0.0013293018942621524 1.2837385669269427e-36
0.001360296666004259 1.3396687487168945e-36
0.001392014129769518 1.3966710903169685e-36
0.0014244711362630968 1.4546766227428807e-36
0.0014576849290909482 1.5136122176520825e-36
0.0014916731539209149 1.5734009689269768e-36
0.0015264538678574353 1.6339626063181143e-36
0.0015620455490348386 1.6952139364117866e-36
0.0015984671064343198 1.7570693058202965e-36
0.0016357378899298156 1.819441081225869e-36
0.0016738777005681136 1.8822401407446485e-36
0.0017129068010886602 1.9453763710172303e-36
0.0017528459266886532 2.0087591644749923e-36
0.00179371629603914 2.0722979113729976e-36
0.0018355396225579732 2.135902481413936e-36
0.0018783381259456144 2.1994836901044694e-36
0.0019221345439899109 2.262953745375001e-36
0.001966952144646121 2.3262266704444246e-36
0.0020128147383986056 2.3892186994099217e-36
0.002059746690910748 2.4518486425751255e-36
0.0021077729359698315 2.51403821908483e-36
0.0021569189887337423 2.5757123549976524e-36
0.002207210959286545 2.63679944548788e-36
0.0022586755665101248 2.6972315804126006e-36
0.0023113401522792685 2.756944733000546e-36
0.0023652326959877285 2.815878911906121e-36
0.0024203818294129824 2.8739782773192146e-36
0.0024768168519275916 2.9311912222228826e-36
0.002534567746065232 2.9874704202434166e-36
0.0025936651934496745 3.042772841838152e-36
0.0026541405910951734 3.0970597408148636e-36
0.0027160260680869266 3.1502966133730426e-36
0.0027793545026504624 3.2024531320035016e-36
0.002844159539619031 3.253503056680734e-36
0.0029104756083082714 3.303424125835726e-36
0.0029783379408076585 3.3521979296093214e-36
0.0030477825906984404 3.399809767861781e-36
0.0031188464522080173 3.4462484953575926e-36
0.0031915672798109355 3.491506356460418e-36
0.0032659837082868936 3.535578811565656e-36
0.003342135273246469 3.578464357372555e-36
0.0034200624321353945 3.6201643429574614e-36
0.0034998065857286074 3.66068278345965e-36
0.0035814101001254554 3.700026173034033e-36
0.003664916329257761 3.738203298564812e-36
0.0037503696379226933 3.7752250554732206e-36
0.0038378154253526898 3.8111042667938974e-36
0.003927300149334948 3.845855506539857e-36
0.004018871350893299 3.879494928227446e-36
0.00411257767954558 3.9120400992915e-36
0.004208468919149921 3.943509841988017e-36
0.004306596014353682 3.973924081258151e-36
0.004407011097659079 4.003303699913269e-36
0.004509767517119906 4.03167040139695e-36
0.004614919864684026 4.0590465802857316e-36
0.004722524005196735 4.085455200606413e-36
0.004832637106080367 4.1109196819733326e-36
0.004945317667705937 4.135463793483862e-36
0.005060625554472947 4.1591115552541694e-36
0.005178622026613854 4.181887147429326e-36
0.005299369772740128 4.2038148264616386e-36
0.005422932943147155 4.22491884841804e-36
0.0055493771838957115 4.245223399050931e-36
0.00567876967168809 4.2647525303463346e-36
0.005811179149557424 4.283530103247868e-36
0.0059466759633891655 4.301579736244914e-36
0.006085332099294114 4.3189247595067985e-36
0.006227221221852859 4.335588174242463e-36
0.006372418713251954 4.3515926169656474e-36
0.006521001713332612 4.366960328348941e-36
0.006673049160573193 4.3817131263557635e-36
0.006828641834027273 4.395872383346818e-36
0.006987862396239558 4.409459006866726e-36
0.00715079543716245 4.42249342382692e-36
0.007317527519096606 4.434995567812103e-36
0.007488147222679345 4.446984869249764e-36
0.007662745193945353 4.4584802481946355e-36
0.007841414192484688 4.4695001094928674e-36
0.008024249140723652 4.4800623401037035e-36
0.008211347174354735 4.4901843083693273e-36
0.008402807693942412 4.499882865036471e-36
0.008598732417732204 4.5091743458459355e-36
0.008799225435691074 4.5180745755186424e-36
0.009004393264807849 4.52659887297857e-36
0.009214344905683071 4.534762057664678e-36
0.009429191900438323 4.5425784567950025e-36
0.009649048391975805 4.5500619134563833e-36
0.009874031184619632 4.5572257954039565e-36
0.010104259806171096 4.564083004463503e-36
0.01033985657141083 4.5706459864393395e-36
0.010580946647081629 4.57692674143838e-36
0.010827658118386449 4.582936834529709e-36
0.011080122057036918 4.588687406665883e-36
0.011338472590888495 4.5941891857998284e-36
0.01160284697519928 4.5994524981365986e-36
0.01187338566555036 4.6044872794671956e-36
0.012150232392466372 4.609303086535425e-36
0.012433534237775993 4.6139091083950554e-36
0.01272344171275288 4.618314177719103e-36
0.013020108838078586 4.622526782027338e-36
0.013323693225669961 4.626555074803066e-36
0.013634356162414448 4.630406886471492e-36
0.013952262695857842 4.634089735219504e-36
0.014277581721889965 4.637610837635809e-36
0.014610486074474885 4.640977119155506e-36
0.014951152617473332 4.644195224295186e-36
0.015299762338606094 4.6472715266668564e-36
0.015656500445608335 4.65021213876138e-36
0.016021556464625875 4.6530229214937526e-36
0.016395124340905766 4.6557094935045675e-36
0.016777402541834602 4.658277240213324e-36
0.017168594162379338 4.660731322620766e-36
0.01756890703298664 4.663076685858337e-36
0.017978553829998065 4.665318067485889e-36
0.01839775218863974 4.667460005534027e-36
0.01882672481864659 4.6695068462977427e-36
0.01926569962258253 4.671462751879492e-36
0.019714909816919448 4.673331707485915e-36
0.020174594055939365 4.675117528481303e-36
0.02064499655852557 4.676823867201603e-36
0.021126367237910063 4.678454219533063e-36
0.021618961834446313 4.68001193126021e-36
0.02212304205147776 4.68150020418786e-36
0.022638875694374342 4.6829221020423865e-36
0.0231667368128109 4.684280556157426e-36
0.02370690584636297 4.6855783709495006e-36
0.024259669773497434 4.686818229189074e-36
0.024825322264037063 4.688002697072697e-36
0.025404163835180054 4.6891342291018897e-36
0.025996502011157406 4.690215172774442e-36
0.026602651486612925 4.6912477730938636e-36
0.027222934293792744 4.692234176902599e-36
0.027857679973633073 4.693176437044661e-36
0.02850722575083718 4.694076516363275e-36
0.02917191671303455 4.694936291538938e-36
0.029852105994117403 4.6957575567734546e-36
0.030548154961852016 4.6965420273250996e-36
0.031260433409864494 4.6972913429002875e-36
0.031989319754103004 4.6980070709067504e-36
0.0327352012338808 4.698690709573242e-36
0.03349847411760691 4.6993436909407005e-36
0.034279543913313774 4.699967383729578e-36
0.03507882558409363 4.700563096087952e-36
0.03589674376855814 4.701132078224979e-36
0.03673373300643846 4.7016755249345415e-36
0.037590237969445384 4.7021945780102173e-36
0.038466713697512506 4.702690328563507e-36
0.03936362584054766 4.703163819238936e-36
0.04028145090582124 4.703616046337575e-36
0.04122067651112274 4.7040479618497904e-36
0.04218180164382002 4.704460475401118e-36
0.043165336925959 4.704854456114965e-36
0.044171804885544536 4.7052307343953904e-36
0.04520174023414663 4.7055901036332165e-36
0.046255690150979495 4.705933321838632e-36
0.047334214573604344 4.706261113203321e-36
0.048437886495410414 4.706574169594993e-36
0.04956729227003216 4.7068731519871014e-36
0.05072303192286451 4.707158691826517e-36
0.051905719469841495 4.70743139234168e-36
0.05311598324364777 4.707691829793755e-36
0.05435446622753626 4.7079405546731815e-36
0.05562182639692926 4.7081780928439374e-36
0.056918737068984544 4.708404946637729e-36
0.058245887260312136 4.708621595900192e-36
0.05960398205303182 4.7088284989912126e-36
0.06099374296936585 4.7090260937413184e-36
0.06241590835496589 4.709214798365934e-36
0.06387123377117784 4.709395012339438e-36
0.06536049239645289 4.709567117230677e-36
0.06688447543711816 4.7097314775015896e-36
0.06844399254772507 4.709888441270578e-36
0.0700398722611988 4.710038341042131e-36
0.0716729624290174 4.710181494404133e-36
0.07334413067165428 4.710318204694369e-36
0.07505426483952363 4.71044876163738e-36
0.07680427348467332 4.710573441953187e-36
0.07859508634347626 4.710692509938906e-36
0.08042765483057629 4.7108062180245936e-36
0.08230295254435131 4.710914807304355e-36
0.08422197578416211 4.711018508043852e-36
0.08618574407966152 4.711117540165208e-36
0.08819530073244539 4.7112121137103345e-36
0.09025171337033296 4.71130242928365e-36
0.09235607451457113 4.711388678474994e-36
0.09450950216026408 4.711471044263772e-36
0.09671314037033632 4.7115497014049724e-36
0.09896815988334524 4.71162481679806e-36
0.10127575873546546 4.7116965498393165e-36
0.10363716289697593 4.711765052758473e-36
0.10605362692358762 4.711830470940315e-36
0.10852643462295801 4.7118929432318696e-36
0.11105689973674641 4.711952602235904e-36
0.11364636663857243 4.7120095745912545e-36
0.11629621104824843 4.712063981240634e-36
0.1190078407626656 4.712115937686451e-36
0.12178269640372161 4.7121655542351726e-36
0.12462225218368743 4.7122129362307225e-36
0.1275280166884199 4.712258184277446e-36
0.13050153367883624 4.71230139445309e-36
0.1335443829110759 4.7123426585122345e-36
0.13665818097578622 4.71238206408054e-36
0.13984458215697693 4.712419694840411e-36
0.14310527931090045 4.712455630708223e-36
0.14644200476542463 4.712489948003621e-36
0.14985653124037576 4.712522719611281e-36
0.15335067278934078 4.7125540151353187e-36
0.1569262857634292 4.7125839010468764e-36
0.1605852697975066 4.7126124408255555e-36
0.16432956881942368 4.712639695091649e-36
0.16816117208277714 4.712665721738263e-36
0.172082115223751 4.7126905760516505e-36
0.1760944813425998 4.712714310829106e-36
0.1802004021103484 4.7127369764908737e-36
0.18440205890129596 4.71275862118719e-36
0.18870168395192646 4.712779290900347e-36
0.1931015615468407 4.7127990295422805e-36
0.1976040292323402 4.71281787904771e-36
0.20221147905830805 4.71283587946316e-36
0.20692635884904578 4.712853069031895e-36
0.21175117350374192 4.712869484275116e-36
0.2166884863272632 4.7128851600694286e-36
0.22174092039197504 4.71290012972092e-36
0.22691115993131514 4.712914425035781e-36
0.23220195176586036 4.7129280763879045e-36
0.2376161067626448 4.712941112783289e-36
0.24315650132850383 4.7129535619216664e-36
0.24882607893823822 4.7129654502552724e-36
0.25462785169840935 4.712976803045078e-36
0.2605649019475973 4.712987644414306e-36
0.26664038389397104 4.712997997399781e-36
0.27285752529104135 4.7130078840007684e-36
0.2792196291524867 4.713017325225704e-36
0.2857300755069626 4.71302634113682e-36
0.2923923231938275 4.713034950892733e-36
0.2992099117007387 4.713043172789161e-36
0.3061864630440946 4.713051024297774e-36
0.31332568369332287 4.7130585221032695e-36
0.32063136654003577 4.7130656821388176e-36
0.3281073929131 4.713072519619971e-36
0.3357577346406907 4.713079049076913e-36
0.343586456160426 4.713085284385308e-36
0.3515977166787018 4.713091238795845e-36
0.359795772380376 4.713096924962344e-36
0.368184978689974 4.713102354968646e-36
0.3767697925856183 4.713107540354261e-36
0.38555477496691104 4.713112492138952e-36
0.394544593078027 4.713117220846003e-36
0.4037440229873054 4.7131217365247664e-36
0.4131579521246571 4.713126048771883e-36
0.42279138187813525 4.713130166751707e-36
0.43264943025104924 4.713134099215744e-36
0.4427373345810337 4.713137854521281e-36
0.4530604543225162 4.7131414406491814e-36
0.4636242738940635 4.713144865220748e-36
0.47443440559211736 4.713148135513986e-36
0.48549659257266914 4.713151258479054e-36
0.4968167119024568 4.713154240753016e-36
0.5084007776813051 4.713157088673909e-36
0.5202549442372687 4.713159808294342e-36
0.5323855093962742 4.713162405394224e-36
0.5447989178279997 4.713164885493036e-36
0.557501764469769 4.7131672538617225e-36
0.5705007980302781 4.7131695155336536e-36
0.5838029245750183 4.7131716753155764e-36
0.5974152111952977 4.713173737797627e-36
0.6113448897628128 4.7131757073632096e-36
0.6255993607717623 4.71317758819819e-36
0.6401861972705483 4.713179384299905e-36
0.6551131488851486 4.713181099485655e-36
0.6703881459363026 4.71318273740069e-36
0.686019303652694 4.713184301526142e-36
0.7020149264823721 4.71318579518618e-36
0.7183835125046995 4.713187221555424e-36
0.7351337579451718 4.7131885836652806e-36
0.7522745617955077 4.7131898844106735e-36
0.7698150305414633 4.713191126556121e-36
0.7877644830008832 4.713192312741662e-36
0.8061324552745581 4.7131934454881834e-36
0.8249287058125218 4.7131945272032806e-36
0.8441632205984669 4.713195560185903e-36
0.8638462184550629 4.7131965466315256e-36
0.8839881564729563 4.7131974886366504e-36
0.9045997355663667 4.713198388203332e-36
0.9256919061582187 4.713199247243468e-36
0.9472758739978306 4.71320006758284e-36
0.9693631061142522 4.713200850964997e-36
0.9919653369084147 4.713201599054786e-36
1.0150945743873274 4.713202313442298e-36
1.0387631065436362 4.713202995645719e-36
1.0629835078839296 4.713203647115042e-36
1.0877686461092637 4.713204269234882e-36
1.1131316889514546 4.713204863327453e-36
1.1390861111687691 4.713205430655394e-36
1.16564570170473 4.713205972424559e-36
1.1928245710138414 4.713206489786163e-36
1.2206371585581264 4.713206983840132e-36
1.2490982404784545 4.7132074556362876e-36
1.2782229374447416 4.7132079061774266e-36
1.3080267226891875 4.7132083364210184e-36
1.3385254302268237 4.7132087472817105e-36
1.369735263267732 4.713209139632509e-36
1.4016728028254128 4.713209514307309e-36
1.4343550165258654 4.7132098721026485e-36
1.4677992676220706 4.713210213778773e-36
1.5020233242186567 4.713210540061928e-36
1.5370453687116559 4.713210851645581e-36
1.5728840074483612 4.713211149192028e-36
1.6095582806124205 4.713211433333574e-36
1.6470876723394143 4.713211704674155e-36
1.6854921210682972 4.713211963790548e-36
1.7247920301341966 4.713212211233299e-36
1.7650082786082029 4.713212447528418e-36
1.8061622323899016 4.713212673178227e-36
1.848275755558551 4.7132128886619795e-36
1.8913712219889245 4.713213094438055e-36
1.935471527238 4.713213290943672e-36
1.9806001007088037 4.713213478596396e-36
2.0267809180978715 4.7132136577951017e-36
2.0740385141329463 4.713213828920623e-36
2.1223979956076717 4.713213992336736e-36
2.171885054720213 4.713214148390826e-36
2.222525982722885 4.71321429741432e-36
2.274347683890048 4.713214439724057e-36
2.327377689811681 4.713214575622595e-36
2.3816441740202396 4.7132147053987994e-36
2.437175966958554 4.7132148293283046e-36
2.4940025712967335 4.713214947674811e-36
2.552154177606206 4.713215060689352e-36
2.611661680399223 4.7132151686125596e-36
2.6725566945423505 4.7132152716737253e-36
2.7348715720526675 4.7132153700918184e-36
2.7986394192855935 4.7132154640760553e-36
2.863894114523477 4.713215553826088e-36
2.9306703259742912 4.713215639532854e-36
2.999003530189995 4.7132157213782836e-36
3.068930030914351 4.7132157995365736e-36
3.1404869783702067 4.713215874173532e-36
3.21371238899649 4.713215945448276e-36
3.2886451656454048 4.713216013511803e-36
3.3653251182505572 4.71321607850905e-36
3.443792984976987 4.7132161405780424e-36
3.5240904538643507 4.713216199850822e-36
3.6062601849747473 4.713216256453195e-36
3.6903458330569543 4.7132163105055216e-36
3.77639207073912 4.7132163621226913e-36
3.8644446122622242 4.713216411414576e-36
3.9545502377669295 4.713216458485784e-36
4.046756818146711 4.7132165034362805e-36
4.141113340480481 4.7132165463616896e-36
4.237669934058216 4.7132165873531744e-36
4.336477897013409 4.713216626497972e-36
4.437589723576497 4.713216663879303e-36
4.541059131963759 4.7132166995765896e-36
4.646941092916466 4.713216733665598e-36
4.755291858905486 4.713216766218946e-36
4.866168994016832 4.713216797305492e-36
4.979631404534034 4.713216826991788e-36
5.0957393702336 4.713216855340506e-36
5.214554576410165 4.7132168824121986e-36
5.336140146648369 4.713216908264338e-36
5.4605606763588606 4.713216932951593e-36
5.587882267096237 4.713216956526703e-36
5.718172561677172 4.713216979039687e-36
5.851500780117376 4.713217000538294e-36
5.987937756406471 4.7132170210688205e-36
6.127555976140354 4.713217040674332e-36
6.270429615030991 4.713217059396386e-36
6.416634578314149 4.7132170772747805e-36
6.566248541075969 4.713217094347972e-36
6.719350989519823 4.7132171106519475e-36
6.87602326319537 4.713217126221371e-36
7.036348598212252 4.7132171410897354e-36
7.200412171461376 4.7132171552878364e-36
