results/limits/Pino_h_phase.dat
# %ECSV 1.0
# ---
# datatype:
# - {name: mx, unit: MeV, datatype: float64}
# - {name: sigma, unit: cm2 MeV4, datatype: float64}
# schema: astropy-2.0
mx sigma
[from data line 357]
0.0011846050332435167 1.9247869147029554e-36
0.0012122259692915415 2.0992521500949458e-36
0.0012404909310584848 2.2899321408843776e-36
0.0012694149350204683 2.4983589060277846e-36
0.0012990133477864558 2.726210582570352e-36
0.0013293018942621524 2.9753254224537717e-36
0.001360296666004259 3.247717135423127e-36
0.001392014129769518 3.5455917085530594e-36
0.0014244711362630968 3.8713658456396394e-36
0.0014576849290909482 4.2276871836397894e-36
0.0014916731539209149 4.617456458592114e-36
0.0015264538678574353 5.043851810138958e-36
0.0015620455490348386 5.510355432020109e-36
0.0015984671064343198 6.020782795867406e-36
0.0016357378899298156 6.579314697458315e-36
0.0016738777005681136 7.190532398464674e-36
0.0017129068010886602 7.859456162862789e-36
0.0017528459266886532 8.59158751577808e-36
0.00179371629603914 9.392955583874671e-36
0.0018355396225579732 1.027016791074876e-35
0.0018783381259456144 1.1230466178455905e-35
0.0019221345439899109 1.2281787307640697e-35
0.001966952144646121 1.3432830454119624e-35
0.0020128147383986056 1.4693130469604604e-35
0.002059746690910748 1.607313844899252e-35
0.0021077729359698315 1.7584310046766512e-35
0.0021569189887337423 1.9239202311078214e-35
0.002207210959286545 2.1051579856567717e-35
0.0022586755665101248 2.3036531276535938e-35
0.0023113401522792685 2.5210596782370175e-35
0.0023652326959877285 2.759190815385299e-35
0.0024203818294129824 3.0200342188942585e-35
0.0024768168519275916 3.305768895665865e-35
0.002534567746065232 3.6187836282794807e-35
0.0025936651934496745 3.961697203635672e-35
0.0026541405910951734 4.3373805936058683e-35
0.0027160260680869266 4.7489812762187403e-35
0.0027793545026504624 5.199949904107881e-35
0.002844159539619031 5.694069546891896e-35
0.0029104756083082714 6.235487756028593e-35
0.0029783379408076585 6.828751724668362e-35
0.0030477825906984404 7.478846841333333e-35
0.0031188464522080173 8.191238965094332e-35
0.0031915672798109355 8.971920781552512e-35
0.0032659837082868936 9.827462633626233e-35
0.003342135273246469 1.076506825919208e-34
0.0034200624321353945 1.179263590935158e-34
0.0034998065857286074 1.291882536685142e-34
0.0035814101001254554 1.4153131434357562e-34
0.003664916329257761 1.550596451730315e-34
0.0037503696379226933 1.6988738986361456e-34
0.0038378154253526898 1.8613970070752456e-34
0.003927300149334948 2.039538010613782e-34
0.004018871350893299 2.2348015040409745e-34
0.00411257767954558 2.4488372187913705e-34
0.004208468919149921 2.6834540318302593e-34
0.004306596014353682 2.940635327111645e-34
0.004407011097659079 3.2225558402208238e-34
0.004509767517119906 3.5316001294272413e-34
0.004614919864684026 3.870382830204895e-34
0.004722524005196735 4.241770865445222e-34
0.004832637106080367 4.648907800219608e-34
0.004945317667705937 5.095240548187458e-34
0.005060625554472947 5.584548656745694e-34
0.005178622026613854 6.1209764199471384e-34
0.005299369772740128 6.7090680922650044e-34
0.005422932943147155 7.353806502653001e-34
0.0055493771838957115 8.060655397269195e-34
0.00567876967168809 8.835605870944746e-34
0.005811179149557424 9.68522728225223e-34
0.0059466759633891655 1.0616723085161579e-33
0.006085332099294114 1.1637992052086767e-33
0.006227221221852859 1.2757695408979553e-33
0.006372418713251954 1.3985330453432276e-33
0.006521001713332612 1.5331311281757678e-33
0.006673049160573193 1.6807057311794253e-33
0.006828641834027273 1.8425090354034047e-33
0.006987862396239558 2.019914105735156e-33
0.00715079543716245 2.214426563160975e-33
0.007317527519096606 2.427697384807563e-33
0.007488147222679345 2.661536938886374e-33
0.007662745193945353 2.917930377150027e-33
0.007841414192484688 3.199054510008704e-33
0.008024249140723652 3.507296317754096e-33
0.008211347174354735 3.845273238672461e-33
0.008402807693942412 4.215855433850449e-33
0.008598732417732204 4.622190174490802e-33
0.008799225435691074 5.067728627186858e-33
0.009004393264807849 5.556255171944463e-33
0.009214344905683071 6.091919581074152e-33
0.009429191900438323 6.679272356959935e-33
0.009649048391975805 7.323303349826976e-33
0.009874031184619632 8.029484235606735e-33
0.010104259806171096 8.803814981928327e-33
0.01033985657141083 9.652875060388372e-33
0.010580946647081629 1.0583879129964336e-32
0.010827658118386449 1.1604738555855674e-32
0.011080122057036918 1.2724128502241373e-32
0.011338472590888495 1.3951562253644118e-32
0.01160284697519928 1.5297471344439348e-32
0.01187338566555036 1.6773294757291584e-32
0.012150232392466372 1.839157608872734e-32
0.012433534237775993 2.0166070224737285e-32
0.01272344171275288 2.2111860318695876e-32
0.013020108838078586 2.4245485425292194e-32
0.013323693225669961 2.6585083599386976e-32
0.013634356162414448 2.9150542664674476e-32
0.013952262695857842 3.1963671574649656e-32
0.014277581721889965 3.5048385362809976e-32
0.014610486074474885 3.843090853638851e-32
0.014951152617473332 4.2139998113231113e-32
0.015299762338606094 4.620718819891459e-32
0.015656500445608335 5.066705818442349e-32
0.016021556464625875 5.555752684561612e-32
0.016395124340905766 6.092017484603152e-32
0.016777402541834602 6.680059838618329e-32
0.017168594162379338 7.324879700741864e-32
0.01756890703298664 8.031959382290046e-32
0.017978553829998065 8.807312122248507e-32
0.01839775218863974 9.657530417175933e-32
0.01882672481864659 1.0589843905518614e-31
0.01926569962258253 1.1612180420304733e-31
0.019714909816919448 1.2733233418449965e-31
0.020174594055939365 1.3962535922250558e-31
0.02064499655852557 1.531054160200263e-31
0.021126367237910063 1.6788713689427977e-31
0.021618961834446313 1.840962247819611e-31
0.02212304205147776 2.0187052240873247e-31
0.022638875694374342 2.213611847172543e-31
0.0231667368128109 2.4273396452634397e-31
0.02370690584636297 2.661706223569884e-31
0.024259669773497434 2.9187047241710452e-31
0.024825322264037063 3.2005207789510097e-31
0.025404163835180054 3.509551099823207e-31
0.025996502011157406 3.8484238643711998e-31
0.026602651486612925 4.220021070305138e-31
0.027222934293792744 4.627503048880106e-31
0.027857679973633073 5.074335345786508e-31
0.02850722575083718 5.564318198160581e-31
0.02917191671303455 6.101618858445628e-31
0.029852105994117403 6.690807040049921e-31
0.030548154961852016 7.336893786301335e-31
0.031260433409864494 8.045374093317326e-31
0.031989319754103004 8.822273649339817e-31
0.0327352012338808 9.674200088099044e-31
0.03349847411760691 1.0608399192167274e-30
0.034279543913313774 1.1632816524367614e-30
0.03507882558409363 1.275616501147444e-30
0.03589674376855814 1.3987999055072363e-30
0.03673373300643846 1.5338797605599902e-30
0.037590237969445384 1.6820046244342073e-30
0.038466713697512506 1.844434519799162e-30
0.03936362584054766 2.022550980476053e-30
0.04028145090582124 2.2178689661457074e-30
0.04122067651112274 2.4320497484434492e-30
0.04218180164382002 2.6669150415800837e-30
0.043165336925959 2.9244624976842967e-30
0.044171804885544536 3.206882698670106e-30
0.04520174023414663 3.5165777891624744e-30
0.046255690150979495 3.8561819089731296e-30
0.047334214573604344 4.228583598925677e-30
0.048437886495410414 4.6369503706144316e-30
0.04956729227003216 5.0847556490879184e-30
0.05072303192286451 5.575808317632199e-30
0.051905719469841495 6.1142851159627134e-30
0.05311598324364777 6.70476616740453e-30
0.05435446622753626 7.352273937256207e-30
0.05562182639692926 8.062315953718268e-30
0.056918737068984544 8.840931654771786e-30
0.058245887260312136 9.694743759488104e-30
0.05960398205303182 1.0631014600735666e-29
0.06099374296936585 1.1657707898451897e-29
0.06241590835496589 1.2783556498925566e-29
0.06387123377117784 1.4018136656282463e-29
0.06536049239645289 1.5371949488015116e-29
0.06688447543711816 1.6856510297420468e-29
0.06844399254772507 1.8484446522725227e-29
0.0700398722611988 2.026960514605799e-29
0.0716729624290174 2.2227170475892761e-29
0.07334413067165428 2.437379330482612e-29
0.07505426483952363 2.6727732541308804e-29
0.07680427348467332 2.930901052005726e-29
0.07859508634347626 3.213958331222129e-29
0.08042765483057629 3.524352748397352e-29
0.08230295254435131 3.864724489209636e-29
0.08422197578416211 4.2379687258567075e-29
0.08618574407966152 4.647260243438056e-29
0.08819530073244539 5.096080444734194e-29
0.09025171337033296 5.588246963086564e-29
0.09235607451457113 6.127946135266612e-29
0.09450950216026408 6.719768610549654e-29
0.09671314037033632 7.368748398885845e-29
0.09896815988334524 8.080405690313782e-29
0.10127575873546546 8.860793809840523e-29
0.10363716289697593 9.716550707188357e-29
0.10605362692358762 1.0654955419382456e-28
0.10852643462295801 1.1683989986452683e-28
0.11105689973674641 1.2812407346907464e-28
0.11364636663857243 1.4049805790501548e-28
0.11629621104824843 1.5406710601596527e-28
0.1190078407626656 1.6894663587576236e-28
0.12178269640372161 1.8526321253849878e-28
0.12462225218368743 2.0315562460524046e-28
0.1275280166884199 2.2277606476476477e-28
0.13050153367883624 2.442914243500485e-28
0.1335443829110759 2.678847129220676e-28
0.13665818097578622 2.937566149559516e-28
0.13984458215697693 3.221271968707467e-28
0.14310527931090045 3.5323777892285476e-28
0.14644200476542463 3.8735298788557247e-28
0.14985653124037576 4.247630079749169e-28
0.15335067278934078 4.657860491682182e-28
0.1569262857634292 5.107710539111299e-28
0.1605852697975066 5.601007402225488e-28
0.16432956881942368 6.141945637908899e-28
0.16816117208277714 6.735127159251723e-28
0.172082115223751 7.385597578879826e-28
0.1760944813425998 8.098889810786104e-28
0.1802004021103484 8.88107113353578e-28
0.18440205890129596 9.738794798802101e-28
0.18870168395192646 1.0679356624217022e-27
0.1931015615468407 1.1710757051918498e-27
0.1976040292323402 1.2841769200667441e-27
0.20221147905830805 1.408201349038921e-27
0.20692635884904578 1.5442039473899196e-27
0.21175117350374192 1.6933415571877864e-27
0.2166884863272632 1.856882747438477e-27
0.22174092039197504 2.0362186045920415e-27
0.22691115993131514 2.2328745651880852e-27
0.23220195176586036 2.4485233912896824e-27
0.2376161067626448 2.6849993990753466e-27
0.24315650132850383 2.94431406161822e-27
0.24882607893823822 3.2286731185704676e-27
0.25462785169840935 3.540495338288779e-27
0.2605649019475973 3.882433091992402e-27
0.26664038389397104 4.257394914958777e-27
0.27285752529104135 4.668570246663153e-27
0.2792196291524867 5.1194565603032915e-27
0.2857300755069626 5.613889112474198e-27
0.2923923231938275 6.1560735660451996e-27
0.2992099117007387 6.75062176373121e-27
0.3061864630440946 7.402590956649916e-27
0.31332568369332287 8.117526821544999e-27
0.32063136654003577 8.901510632582036e-27
0.3281073929131 9.761210988962999e-27
0.3357577346406907 1.070394053835654e-26
0.343586456160426 1.1737718178636907e-26
0.3515977166787018 1.2871337267022487e-26
0.359795772380376 1.4114440416804272e-26
0.368184978689974 1.547760151788903e-26
0.3767697925856183 1.697241567882811e-26
0.38555477496691104 1.861159785538355e-26
0.394544593078027 2.040909100457026e-26
0.4037440229873054 2.238018468413955e-26
0.4131579521246571 2.4541645106315512e-26
0.42279138187813525 2.6911857752029066e-26
0.43264943025104924 2.9510983758733094e-26
0.4427373345810337 3.236113141204186e-26
0.4530604543225162 3.5486544199910694e-26
0.4636242738940635 3.891380702895464e-26
0.47443440559211736 4.2672072356992356e-26
0.48549659257266914 4.679330816531112e-26
0.4968167119024568 5.131256987991574e-26
0.5084007776813051 5.626829855473895e-26
0.5202549442372687 6.17026478531754e-26
0.5323855093962742 6.766184260925787e-26
0.5447989178279997 7.419657201841811e-26
0.557501764469769 8.136242080233331e-26
0.5705007980302781 8.922034201536372e-26
0.5838029245750183 9.783717551430528e-26
0.5974152111952977 1.0728621650157741e-25
0.6113448897628128 1.1764783897791209e-25
0.6255993607717623 1.2901017940765782e-25
0.6401861972705483 1.4146988641199677e-25
0.6551131488851486 1.5513294286699848e-25
0.6703881459363026 1.7011556739931814e-25
0.686019303652694 1.8654520294771473e-25
0.7020149264823721 2.0456160079913126e-25
0.7183835125046995 2.2431800932022325e-25
0.7351337579451718 2.459824774957131e-25
0.7522745617955077 2.697392843615782e-25
0.7698150305414633 2.9579050649186517e-25
0.7877644830008832 3.243577368722792e-25
0.8061324552745581 3.5568396978134187e-25
0.8249287058125218 3.9003566771208486e-25
0.8441632205984669 4.277050279154983e-25
0.8638462184550629 4.690124678452204e-25
0.8839881564729563 5.143093506446445e-25
0.9045997355663667 5.639809738596756e-25
0.9256919061582187 6.184498467992337e-25
0.9472758739978306 6.781792844209144e-25
0.9693631061142522 7.43677348311567e-25
0.9919653369084147 8.155011682849773e-25
1.0150945743873274 8.94261681356436e-25
1.0387631065436362 9.80628828404023e-25
1.0629835078839296 1.0753372527198533e-24
1.0877686461092637 1.17919254892329e-24
1.1131316889514546 1.2930781153897757e-24
1.1390861111687691 1.41796266848241e-24
1.16564570170473 1.5549084825026713e-24
1.1928245710138414 1.7050804254496495e-24
1.2206371585581264 1.8697558674467954e-24
1.2490982404784545 2.0503355461169765e-24
1.2782229374447416 2.2483554813283127e-24
1.3080267226891875 2.4655000406573094e-24
1.3385254302268237 2.7036162667054966e-24
1.369735263267732 2.964729588137654e-24
1.4016728028254128 3.2510610480815584e-24
1.4343550165258654 3.5650461964341074e-24
1.4677992676220706 3.909355806772599e-24
1.5020233242186567 4.286918594091365e-24
1.5370453687116559 4.700946126600679e-24
1.5728840074483612 5.154960143489939e-24
1.6095582806124205 5.652822511020581e-24
1.6470876723394143 6.198768071757854e-24
1.6854921210682972 6.797440666357667e-24
1.7247920301341966 7.453932634311845e-24
1.7650082786082029 8.173828129648252e-24
1.8061622323899016 8.963250620029751e-24
1.848275755558551 9.828914973281925e-24
1.8913712219889245 1.077818457440335e-23
1.935471527238 1.1819133958892275e-23
1.9806001007088037 1.2960617495158683e-23
2.0267809180978715 1.4212344700234173e-23
2.0740385141329463 1.558496282941906e-23
2.1223979956076717 1.709014744238013e-23
2.171885054720213 1.8740701716057073e-23
2.222525982722885 2.055066534913805e-23
2.274347683890048 2.2535433984456156e-23
2.327377689811681 2.4711890165111976e-23
2.3816441740202396 2.709854693824748e-23
2.437175966958554 2.9715705327969825e-23
2.4940025712967335 3.258562701690181e-23
2.552154177606206 3.573272370518607e-23
2.611661680399223 3.9183764757660954e-23
2.6725566945423505 4.2968104905438736e-23
2.7348715720526675 4.711793393874953e-23
2.7986394192855935 5.1668550514942853e-23
2.863894114523477 5.665866241066834e-23
2.9306703259742912 6.213071577220384e-23
2.999003530189995 6.813125616453855e-23
3.068930030914351 7.471132449033512e-23
3.1404869783702067 8.192689114644484e-23
3.21371238899649 8.983933211097735e-23
3.2886451656454048 9.85159510104857e-23
3.3653251182505572 1.0803055160807287e-22
3.443792984976987 1.1846406558195697e-22
3.5240904538643507 1.2990524093447166e-22
3.6062601849747473 1.4245139688709819e-22
3.6903458330569543 1.562092516827439e-22
3.77639207073912 1.71295830336567e-22
3.8644446122622242 1.8783946005673832e-22
3.9545502377669295 2.059808618022196e-22
4.046756818146711 2.25874347262441e-22
4.141113340480481 2.4768913144041586e-22
4.237669934058216 2.7161077200420047e-22
4.336477897013409 2.9784274764990674e-22
4.437589723576497 3.266081889018823e-22
4.541059131963759 3.5815177607235515e-22
4.646941092916466 3.9274182052465924e-22
4.755291858905486 4.306725469434385e-22
4.866168994016832 4.722665960247983e-22
4.979631404534034 5.178777688746302e-22
5.0957393702336 5.678940364587865e-22
5.214554576410165 6.227408397040839e-22
5.336140146648369 6.828847083204451e-22
5.4605606763588606 7.488372291264893e-22
5.587882267096237 8.21159397633211e-22
5.718172561677172 9.00466389900406e-22
5.851500780117376 9.874327952556832e-22
5.987937756406471 1.0827983543858762e-21
6.127555976140354 1.1873742516088426e-21
6.270429615030991 1.3020500148490051e-21
6.416634578314149 1.4278010820072243e-21
6.566248541075969 1.5656970980855925e-21
6.719350989519823 1.71691101364217e-21
6.87602326319537 1.8827290619686565e-21
