results/limits/Pino_l_N2only.dat
# %ECSV 1.0
# ---
# datatype:
# - {name: mx, unit: MeV, datatype: float64}
# - {name: sigma_10, unit: cm2, datatype: float64}
# - {name: sigma_9, unit: cm2, datatype: float64}
# - {name: sigma_7, unit: cm2, datatype: float64}
# - {name: sigma_6, unit: cm2, datatype: float64}
# - {name: sigma_5, unit: cm2, datatype: float64}
# - {name: sigma_4, unit: cm2, datatype: float64}
# - {name: sigma_3, unit: cm2, datatype: float64}
# - {name: sigma_2, unit: cm2, datatype: float64}
# schema: astropy-2.0
mx sigma_10 sigma_9 sigma_7 sigma_6 sigma_5 sigma_4 sigma_3 sigma_2
3.162277660168379e-07 2.350583842208705e-39 2.3507016092056543e-39 2.7122981979101715e-39 3.666671702050302e-39 5.6539158665509775e-39 1.181802064359352e-38 1.4910469347781362e-38 3.3371910673693324e-39
3.2360111549336787e-07 2.2918517595810002e-39 2.2919717262762088e-39 2.65045586371802e-39 3.583125433210548e-39 5.525089719128256e-39 1.1548743625869885e-38 1.4570730507855872e-38 3.2611525034976626e-39
3.311463862505236e-07 2.2345985036906946e-39 2.2347207127285207e-39 2.5900315384605968e-39 3.501482790453919e-39 5.3991989151764395e-39 1.1285602170546273e-38 1.423873273770075e-38 3.186846509406521e-39
3.388675869043115e-07 2.1787865091452978e-39 2.1789110034171217e-39 2.5309916599522486e-39 3.4217003999658275e-39 5.2761765726606346e-39 1.1028456476901065e-38 1.3914299654283563e-38 3.1142336078085864e-39
3.4676881953794695e-07 2.1243791737180382e-39 2.1245059968521556e-39 2.4733035680055447e-39 3.343735875438184e-39 5.1559573318195086e-39 1.0777169929755005e-38 1.3597258893541942e-38 3.043275222332584e-39
3.548542818811901e-07 2.0713408339465474e-39 2.0714700311390813e-39 2.4169354730067172e-39 3.267547797151308e-39 5.0384773242226314e-39 1.0531609027080977e-38 1.3287442023057443e-38 2.9739336534583265e-39
3.6312826954049566e-07 2.0196367417222386e-39 2.01976835870191e-39 2.3618564242464176e-39 3.193095688606405e-39 4.9236741355395745e-39 1.0291643307987255e-38 1.2984684440211655e-38 2.9061720620897187e-39
3.715951782811629e-07 1.9692330395038174e-39 1.9693671228881707e-39 2.3080362805843478e-39 3.1203399951838e-39 4.8114867729299997e-39 1.005714528502054e-38 1.268882530169483e-38 2.8399544481563813e-39
3.8025950636269697e-07 1.9200967375395896e-39 1.920233334851943e-39 2.2554456824887887e-39 3.049242063998022e-39 4.701855634320143e-39 9.827990374821834e-39 1.2399707420633587e-38 2.7752456318886065e-39
3.89125856928623e-07 1.8721956916557836e-39 1.8723348513427485e-39 2.20405602499585e-39 2.979764122736836e-39 4.594722475601677e-39 9.604056833350767e-39 1.2117177199826961e-38 2.712011235074286e-39
3.9819894045202297e-07 1.8254985806745115e-39 1.8256403521236606e-39 2.153839431791315e-39 2.9118692593686154e-39 4.490030378952742e-39 9.385225690006647e-39 1.1841084534730272e-38 2.650217662868693e-39
4.0748357723809307e-07 1.779974885861947e-39 1.780119319419833e-39 2.1047687313039343e-39 2.845521403547862e-39 4.387723725038477e-39 9.171380684934018e-39 1.157128274592755e-38 2.5898320858494722e-39
4.169846999850535e-07 1.7355948694657668e-39 1.735742016456338e-39 2.0568174326190696e-39 2.780685306089282e-39 4.287748160208235e-39 8.962408208706667e-39 1.1307628493869833e-38 2.5308224226426023e-39
4.2670735640476865e-07 1.6923295547901785e-39 1.6924794675332647e-39 2.009959703634496e-39 2.717326520902618e-39 4.190050569181955e-39 8.758197238016908e-39 1.1049981705474681e-38 2.473157322887446e-39
4.3665671190447213e-07 1.6501507069717895e-39 1.650303438802289e-39 1.9641703505545434e-39 2.6554113880277093e-39 4.094579050110817e-39 8.558639281640959e-39 1.079820549944972e-38 2.4168061505635687e-39
4.4683805233101997e-07 1.6090308124780103e-39 1.609186417764884e-39 1.9194247960139936e-39 2.5949070125463102e-39 4.0012828788044067e-39 8.363628318751746e-39 1.0552166113298762e-38 2.3617389676352856e-39
4.572567867791303e-07 1.5689430622192014e-39 1.5691015963853157e-39 1.8756990615342946e-39 2.5357812502264432e-39 3.9101124903268444e-39 8.173060745019267e-39 1.0311732832422502e-38 2.3079265182984997e-39
4.6791845046510194e-07 1.5298613315087534e-39 1.53002285103743e-39 1.8329697484030775e-39 2.4780026889674675e-39 3.8210194479748795e-39 7.986835316596042e-39 1.0076777920442144e-38 2.255340213318936e-39
4.788287076675383e-07 1.4917601637833566e-39 1.4919247262912204e-39 1.7912140203410773e-39 2.4215406323434585e-39 3.7339564187944173e-39 7.8048530965515e-39 9.847176551807426e-39 2.203952114431266e-39
4.899933547366384e-07 1.4546147527021992e-39 1.4547824168809771e-39 1.7504095867531444e-39 2.3663650831121116e-39 3.648877147746846e-39 7.62701740219827e-39 9.622806744833774e-39 2.153734921801298e-39
5.014183231736547e-07 1.4184009256849863e-39 1.418571751374788e-39 1.7105346875936132e-39 2.3124467286482006e-39 3.565736436278098e-39 7.453233753831452e-39 9.403549297554135e-39 2.1046619548758127e-39
5.131096827821533e-07 1.3830951267966754e-39 1.3832691749940929e-39 1.6715680766042643e-39 2.259756922448302e-39 3.4844901116501774e-39 7.283409824506572e-39 9.189287723799094e-39 2.0567071428705758e-39
5.250736448927506e-07 1.3486744018210372e-39 1.3488517347006764e-39 1.6334890085295645e-39 2.2082676720208218e-39 3.405095010657967e-39 7.11745539086352e-39 8.979908191602237e-39 2.009845008573711e-39
5.373165656630395e-07 1.3151163821049183e-39 1.3152970630410992e-39 1.5962772242767975e-39 2.1579516222031333e-39 3.327508952449355e-39 6.955282285598591e-39 8.775299462744707e-39 1.9640506552945106e-39
5.4984494945446e-07 1.2823992694491414e-39 1.2825833630381163e-39 1.5599129377423377e-39 2.1087820407711928e-39 3.251690717448894e-39 6.796804350007243e-39 8.575352833917435e-39 1.9192997535959193e-39
5.626654522879044e-07 1.2505018222586285e-39 1.2506893943411439e-39 1.524376824233667e-39 2.0607328062731807e-39 3.177600025101576e-39 6.641937388576689e-39 8.379962078138838e-39 1.8755685284859466e-39
5.757848853798981e-07 1.2194033396372501e-39 1.21959445732103e-39 1.489650006139519e-39 2.013778390199856e-39 3.1051975136046015e-39 6.490599124672316e-39 8.189023389418141e-39 1.832833746605859e-39
5.892102187612295e-07 1.1890836488205667e-39 1.1892783805036647e-39 1.4557140432240257e-39 1.967893847024639e-39 3.034444716958333e-39 6.342709155672133e-39 8.002435326493487e-39 1.7910727040491714e-39
6.029485849799565e-07 1.1595230906666858e-39 1.1597215060606094e-39 1.4225509200613119e-39 1.9230547984881123e-39 2.9653040439939435e-39 6.198188904970629e-39 7.82009875977478e-39 1.750263214167978e-39
6.17007282890752e-07 1.1307025078340059e-39 1.130904677987793e-39 1.3901430373733188e-39 1.879237424533272e-39 2.897738766703622e-39 6.056961611795901e-39 7.641916818412862e-39 1.7103835957237304e-39
6.313937815326057e-07 1.1026032295660896e-39 1.1028092268897703e-39 1.3584731981492768e-39 1.836418444265463e-39 2.8317129849114538e-39 5.918952226327572e-39 7.467794838799732e-39 1.671412662211156e-39
6.461157240969403e-07 1.0752070612440164e-39 1.0754169595332872e-39 1.32752460080681e-39 1.79457510938308e-39 2.76719162224956e-39 5.7840874339847874e-39 7.297640314076293e-39 1.6333297087779042e-39
6.611809319882495e-07 1.0484962710902134e-39 1.0487101455507736e-39 1.2972808281809442e-39 1.753685189572864e-39 2.7041404002736663e-39 5.652295584316076e-39 7.1313628441506e-39 1.5961145030728342e-39
6.765974089794179e-07 1.0224535790526332e-39 1.0226715063252803e-39 1.2677258381226159e-39 1.713726960821505e-39 2.642525821169167e-39 5.523506659958102e-39 6.968874093806739e-39 1.5597472735970724e-39
6.923733454639272e-07 9.970621437126956e-40 9.972842018979876e-40 1.2388439547593726e-39 1.6746791938905685e-39 2.5823151498677566e-39 5.397652234100659e-39 6.810087732794362e-39 1.5242086993361607e-39
7.085171228072106e-07 9.723055530531805e-40 9.725318217548734e-40 1.2106198603941485e-39 1.6365211446939706e-39 2.5234764005937064e-39 5.274665455640976e-39 6.654919403254862e-39 1.489479899470462e-39
7.250373177994646e-07 9.481678114289031e-40 9.483983717542448e-40 1.1830385851475356e-39 1.5992325395427434e-39 2.465978310988705e-39 5.154480972606423e-39 6.503286667778108e-39 1.455542422452918e-39
7.419427072122865e-07 9.24633330391339e-40 9.248682649009831e-40 1.1560855007975398e-39 1.5627935682470635e-39 2.409790334713847e-39 5.0370349379927256e-39 6.355108967732461e-39 1.422378241344813e-39
7.592422724615558e-07 9.016869173479979e-40 9.019263102840443e-40 1.1297463118572531e-39 1.527184871669046e-39 2.354882620609127e-39 4.922264955704373e-39 6.210307580782181e-39 1.3899697335693399e-39
7.769452043790388e-07 8.793137657506277e-40 8.795577028988812e-40 1.1040070478222632e-39 1.4923875315782115e-39 2.3012259974267638e-39 4.8101100512357095e-39 6.068805577046586e-39 1.358299682379677e-39
7.950609080952509e-07 8.574994451654576e-40 8.577480139273016e-40 1.0788540559396467e-39 1.4583830610440573e-39 2.248791958686617e-39 4.700510639355793e-39 5.930527779409735e-39 1.3273512622736074e-39
8.135990080361694e-07 8.362298915124912e-40 8.36483180931479e-40 1.0542739936433875e-39 1.4251533941774118e-39 2.1975526474997954e-39 4.593408492763316e-39 5.7954007246732934e-39 1.2971080311112676e-39
8.325693530364543e-07 8.154913977524855e-40 8.157494985410224e-40 1.0302538215651593e-39 1.3926808769422056e-39 2.1474808419333353e-39 4.488746710637774e-39 5.66335262329501e-39 1.2675539214077546e-39
8.519820215718901e-07 7.9527060485106e-40 7.955336094174009e-40 1.006780796786975e-39 1.360948257285154e-39 2.0985499397685226e-39 4.386469688750294e-39 5.5343133212726895e-39 1.238673231798314e-39
8.718473271138315e-07 7.755544924568934e-40 7.758224949319474e-40 9.838424654326753e-40 1.329938676460463e-39 2.0507339452592487e-39 4.286523089543748e-39 5.4082142598892696e-39 1.2104506186833146e-39
8.921758236084957e-07 7.563303707108337e-40 7.566034669753168e-40 9.614266568615783e-40 1.299635659832973e-39 2.0040074551752123e-39 4.1888538148456746e-39 5.284988455697491e-39 1.1828710880945801e-39
9.12978311084014e-07 7.375858712349916e-40 7.378641589463017e-40 9.395214767281491e-40 1.2700231080294987e-39 1.958345644660473e-39 4.09340997436769e-39 5.164570431806435e-39 1.1559199876989993e-39
9.342658413882192e-07 7.193089401078304e-40 7.195925187277318e-40 9.181153008697731e-40 1.2410852885137498e-39 1.9137242545431597e-39 4.0001408616085536e-39 5.046896217502652e-39 1.1295829990464998e-39
9.560497240602198e-07 7.014878277368328e-40 7.0177679855762625e-40 8.971967693473616e-40 1.2128068276327516e-39 1.870119579387507e-39 3.908996924814884e-39 4.9319032939392887e-39 1.1038461298597878e-39
9.78341532338879e-07 6.841110830271264e-40 6.844055491992205e-40 8.767547801436967e-40 1.1851727013602967e-39 1.827508452300141e-39 3.819929741568884e-39 4.8195305689504677e-39 1.0786957070229072e-39
1.0011531093113902e-06 6.671675447242432e-40 6.67467611282795e-40 8.567784834004087e-40 1.1581682284079413e-39 1.7858682352238562e-39 3.732891992562144e-39 4.709718341381193e-39 1.0541183684835045e-39
1.0244965742052174e-06 6.506463343340525e-40 6.509521082543139e-40 8.372572759620599e-40 1.1317790620121841e-39 1.7451768059287036e-39 3.647837437019447e-39 4.6024082707670536e-39 1.0301010570283397e-39
1.048384328826741e-06 6.345368488650596e-40 6.348484389747459e-40 8.181807955192896e-40 1.1059911821473698e-39 1.7054125458810378e-39 3.5647208871833e-39 4.49754334620018e-39 1.0066310128099426e-39
1.0728290641500308e-06 6.18828753611362e-40 6.191462707880462e-40 7.99538915342075e-40 1.080790888386656e-39 1.6665543294647883e-39 3.4834981858651776e-39 4.3950678554085376e-39 9.836957667897093e-40
1.0978437670592484e-06 6.035119754118301e-40 6.03835532494672e-40 7.813217388395863e-40 1.0561647923939692e-39 1.628581512148734e-39 3.404126180918434e-39 4.294927355468796e-39 9.612831340378236e-40
1.1234417272482566e-06 5.885766963097761e-40 5.889064081540381e-40 7.635195943613052e-40 1.0320998108824309e-39 1.5914739199587148e-39 3.3265627041267346e-39 4.19706864436961e-39 9.393812071616943e-40
1.149636544281106e-06 5.740133462279141e-40 5.743493297295307e-40 7.461230303094612e-40 1.008583158713112e-39 1.555211838553603e-39 3.2507665479383206e-39 4.101439732122236e-39 9.179783505432533e-40
1.1764421348171486e-06 5.598125973731438e-40 5.601549714936438e-40 7.291228098035909e-40 9.856023420585142e-40 1.5197760027553215e-39 3.176697443749972e-39 4.0079898137230535e-39 8.970631930232076e-40
1.2038727400046132e-06 5.459653576800684e-40 5.463142434704477e-40 7.12509906139462e-40 9.631451517657063e-40 1.4851475864419105e-39 3.104316040445669e-39 3.916669241200728e-39 8.766246230657368e-40
1.2319429330465773e-06 5.324627652532524e-40 5.328182858777859e-40 6.9627549790274426e-40 9.411996568510904e-40 1.451308192334151e-39 3.033583883559702e-39 3.8274294981042604e-39 8.566517820996606e-40
1.2606676269433496e-06 5.192961815956634e-40 5.196584623538182e-40 6.804109643129916e-40 9.19754198198038e-40 1.4182398423916173e-39 2.9644633949003513e-39 3.740223174089371e-39 8.371340590643066e-40
1.2900620824153782e-06 5.064571869003163e-40 5.068263552490681e-40 6.649078807981698e-40 8.987973823898261e-40 1.3859249683095717e-39 2.8969178524300916e-39 3.655003938285604e-39 8.18061084687749e-40
1.3201419160108953e-06 4.939375737556533e-40 4.943137593299258e-40 6.497580142078561e-40 8.783180753197497e-40 1.3543464018926855e-39 2.8309113708341082e-39 3.5717265155272705e-39 7.994227259686e-40
1.3509231084026028e-06 4.8172934239456e-40 4.821126770275397e-40 6.349533192924659e-40 8.583053974829403e-40 1.3234873662639056e-39 2.7664088825616924e-39 3.4903466631293144e-39 7.81209080791741e-40
1.38242201287781e-06 4.6982469451025705e-40 4.702153122511901e-40 6.204859331600925e-40 8.387487160081664e-40 1.2933314667779116e-39 2.7033761189403316e-39 3.410821145078541e-39 7.63410472712974e-40
1.4146553640265304e-06 4.582160291593342e-40 4.58614066291694e-40 6.063481723130422e-40 8.196376410611897e-40 1.2638626823706168e-39 2.6417795923833273e-39 3.333107713061717e-39 7.460174457745295e-40
1.447640286632156e-06 4.4689593677504335e-40 4.473015318317038e-40 5.92532528032315e-40 8.009620194479246e-40 1.2350653569812912e-39 2.5815865780364767e-39 3.257165078494751e-39 7.2902075947270036e-40
1.4813943047694329e-06 4.358571950061585e-40 4.3627048878415765e-40 5.790316625506175e-40 7.827119292271622e-40 1.2069241912651756e-39 2.5227650966980454e-39 3.18295289519745e-39 7.124113838984895e-40
1.5159353511145682e-06 4.250927635711965e-40 4.255138991442194e-40 5.6583840506246095e-40 7.64877674595501e-40 1.1794242345762136e-39 2.4652838985040995e-39 3.110431736159589e-39 6.9618049490548244e-40
1.5512817764724183e-06 4.145957797709881e-40 4.150249025001746e-40 5.529457480620401e-40 7.474497806512669e-40 1.1525508769443244e-39 2.409112444576731e-39 3.039563072675499e-39 6.803194694173081e-40
1.587452359525819e-06 4.043595539205279e-40 4.0479681146325136e-40 5.403468435728342e-40 7.304189883942997e-40 1.126289841043225e-39 2.3542208925864446e-39 2.970309253938246e-39 6.6481988086356135e-40
1.6244663168122348e-06 3.943775649222467e-40 3.948231072385216e-40 5.280349995071452e-40 7.137762497395039e-40 1.1006271751459914e-39 2.3005800800179245e-39 2.9026334872092267e-39 6.496734946971337e-40
1.6623433129330315e-06 3.846434560586982e-40 3.850974354154622e-40 5.1600367615110436e-40 6.975127227903164e-40 1.0755492452034835e-39 2.2481615085690145e-39 2.8364998180057186e-39 6.348722640156441e-40
1.7011034710007933e-06 3.751510307819008e-40 3.756136017545833e-40 5.042464827775891e-40 6.8161976721415575e-40 1.0510427281249897e-39 2.1969373303011772e-39 2.7718731108430237e-39 6.2040832529454986e-40
1.740767383330235e-06 3.658942485896659e-40 3.6636556805840228e-40 4.927571740933318e-40 6.660889394070683e-40 1.0270946040400752e-39 2.146880330360864e-39 2.7087190318358006e-39 6.062739941971649e-40
1.7813561223783898e-06 3.568672210958704e-40 3.5734744825101865e-40 4.815296470315128e-40 6.509119881592986e-40 1.0036921497781076e-39 2.0979639148925617e-39 2.6470040281568563e-39 5.9246176150148875e-40
1.8228912519398869e-06 3.480642082510625e-40 3.4855350457114436e-40 4.705579376289519e-40 6.360808505538004e-40 9.808229327016514e-40 2.0501620958414323e-39 2.586695312329675e-39 5.789642891193048e-40
1.8653948386032614e-06 3.394796144329372e-40 3.39978143683268e-40 4.598362176480793e-40 6.215876469446696e-40 9.584748024472795e-40 2.0034494772735028e-39 2.527760843855016e-39 5.657744061661375e-40
1.908889463474389e-06 3.3110798484382447e-40 3.3161591305920977e-40 4.493587915824566e-40 6.074246775295387e-40 9.366358861817167e-40 1.9578012418780336e-39 2.4701693117843788e-39 5.528851051876653e-40
