results/limits/Pino_h.dat
# %ECSV 1.0
# ---
# datatype:
# - {name: mx, unit: MeV, datatype: float64}
# - {name: sigma, unit: cm2, datatype: float64}
# schema: astropy-2.0
mx sigma
[from data line 8535]
108.60594163217283 1.657394268898099e-25
108.85632925190956 1.6682311699532842e-25
109.10729413251367 1.6791361546507221e-25
109.35883760484303 1.6901096212130246e-25
109.6109610028224 1.7011519722070305e-25
109.8636656634519 1.7122636040102909e-25
110.11695292681534 1.7234449244492036e-25
110.3708241360848 1.7346963367993425e-25
110.62528063752937 1.7460182581825606e-25
110.88032378052151 1.7574110996060588e-25
111.13595491754596 1.7688752548899793e-25
111.39217540420421 1.7804111579701674e-25
111.64898659922306 1.7920192172232384e-25
111.90638986446318 1.803699852834231e-25
112.16438656492356 1.815453485814526e-25
112.42297806875067 1.8272805389814876e-25
112.6821657472447 1.8391814370548966e-25
112.94195097486869 1.8511566099080638e-25
113.20233512925314 1.863206479627016e-25
113.4633195912046 1.8753314860495182e-25
113.72490574471439 1.8875320587424288e-25
113.98709497696325 1.8998086333865243e-25
114.24988867833044 1.9121616482260484e-25
114.51328824240022 1.9245915432491108e-25
114.77729506597117 1.937098759820225e-25
115.04191054906069 1.9496837431558136e-25
115.3071360949139 1.962346941323096e-25
115.57297311001246 1.9750887997489827e-25
115.83942300407922 1.9879097707222487e-25
116.10648719008759 2.0008103074971753e-25
116.37416708426804 2.0137908651249323e-25
116.64246410611756 2.0268519010734074e-25
116.91137967840432 2.039993874981024e-25
117.18091522717663 2.053217248812976e-25
117.45107218177195 2.066522486614278e-25
117.7218519748216 2.0799100547454364e-25
117.99325604226024 2.093380421821159e-25
118.26528582333259 2.106934058676472e-25
118.53794276060293 2.120571438404459e-25
118.81122829995986 2.134293036353317e-25
119.08514389062549 2.14809933016292e-25
119.35969098516443 2.161990799708889e-25
119.63487103948877 2.1759679271622576e-25
119.9106855128676 2.1900311970100345e-25
120.1871358679338 2.2041810959926545e-25
120.46422357069383 2.2184181131629427e-25
120.74195009053246 2.2327427398846203e-25
121.02031690022258 2.2471554695857484e-25
121.29932547593205 2.2616567990300057e-25
121.57897729723344 2.2762472257237326e-25
121.85927384710897 2.290927250480324e-25
122.1402166119598 2.3056973765508036e-25
122.42180708161546 2.320558108925245e-25
122.7040467493387 2.3355099555277053e-25
122.9869371118355 2.3505534262793814e-25
123.27047966926192 2.365689033346895e-25
123.55467592523405 2.3809172920640284e-25
123.83952738683308 2.396238719269205e-25
124.12503556461468 2.4116538342633247e-25
124.41120197261858 2.427163157051382e-25
124.69802812837361 2.4427672141716115e-25
124.98551555290766 2.458466534321592e-25
125.2736657707548 2.474261660723328e-25
125.56248030996545 2.490153077068167e-25
125.85196070211133 2.5061413592610396e-25
126.14210848229513 2.5222270409571535e-25
126.43292518916026 2.5384106498816013e-25
126.72441236489585 2.554692731005274e-25
127.01657155524703 2.5710738231056322e-25
127.30940430952207 2.587554478927248e-25
127.60291218060266 2.60413524547736e-25
127.8970967249491 2.6208166714420375e-25
128.19195950261002 2.637599310985753e-25
128.48750207723228 2.6544837214081673e-25
128.78372601606608 2.6714704593376466e-25
129.08063288997545 2.6885600858267193e-25
129.3782242734454 2.7057531652459256e-25
129.67650174459249 2.7230502626240634e-25
129.97546688517 2.7404519462378696e-25
130.27512128057785 2.757958786793293e-25
130.57546651987272 2.7755713576917316e-25
130.87650419577312 2.7932902345464216e-25
131.17823590467015 2.8111159962398087e-25
131.4806632466347 2.8290492198945465e-25
131.78378782542828 2.8470904967651056e-25
132.08761124850815 2.8652404052658825e-25
132.39213512703753 2.883499537133139e-25
132.6973610758958 2.9018684814265468e-25
133.00329071368364 2.9203478327765323e-25
133.30992566273406 2.9389381868081733e-25
133.61726754911962 2.9576401420114214e-25
133.9253180026635 2.976454299359886e-25
134.23407865694466 2.9953812626748746e-25
134.54355114930829 3.014421637760062e-25
134.85373712087602 3.033576033325265e-25
135.1646382165514 3.0528450608946714e-25
135.47625608503083 3.072229334529378e-25
135.78859237881116 3.0917294729213987e-25
136.10164875420065 3.1113460835727715e-25
136.41542687132454 3.131079803638345e-25
136.72992839413536 3.1509312501746003e-25
137.04515499042353 3.1709010498799128e-25
137.36110833182286 3.190989830919595e-25
137.67779009382156 3.211198228989225e-25
137.9952019557701 3.2315268762569775e-25
138.31334560089238 3.251976409122535e-25
138.63222271629112 3.272547467898629e-25
138.95183499295925 3.293240695239141e-25
139.27218412578765 3.314056735963593e-25
139.59327181357637 3.3349962376524524e-25
139.91509975904037 3.356059850510952e-25
140.2376696688201 3.3772482271656224e-25
140.56098325349234 3.398562023188571e-25
140.88504222757587 3.4200018965723215e-25
141.20984830954276 3.441568507981171e-25
141.53540322182644 3.4632625202757965e-25
141.86170869083307 3.485084601348551e-25
142.18876644694723 3.5070354164581413e-25
142.51657822454285 3.5291156393309805e-25
142.84514576199422 3.551325943981331e-25
143.1744708016815 3.5736670040066375e-25
143.50455509000264 3.5961395027999297e-25
143.83540037738106 3.618744117961497e-25
144.16700841827765 3.641481532701935e-25
144.49938097119627 3.664352445302948e-25
144.83251979869507 3.687357530885176e-25
145.16642666739742 3.71049749125344e-25
145.50110334799783 3.733773017640549e-25
145.8365516152737 3.7571848087656123e-25
146.17277324809345 3.7807335647613496e-25
146.50977002942852 3.804419986952639e-25
146.8475437463591 3.828244783179918e-25
147.18609619008544 3.852208665156832e-25
147.52542915593912 3.8763123382487568e-25
147.86554444338904 3.9005565173483196e-25
148.2064438560533 3.9249419191390995e-25
148.54812920170758 3.949469263184823e-25
148.89060229229716 3.9741392706499775e-25
149.23386494394285 3.998952666057518e-25
149.5779189769525 4.0239101762752983e-25
149.92276621583247 4.049012530958771e-25
150.2684084892936 4.074260462591868e-25
150.61484763026334 4.0996547064124988e-25
150.96208547589438 4.1251959988702884e-25
151.3101238675767 4.150885084883568e-25
151.65896465094363 4.1767227011752015e-25
152.0086096758837 4.20270959061843e-25
152.35906079655203 4.228846510917322e-25
152.71031987137667 4.2551342099543225e-25
153.06238876307071 4.281573439771024e-25
153.41526933864122 4.30816495729663e-25
153.7689634694013 4.3349095215258215e-25
154.12347303097656 4.361807894054879e-25
154.47879990331668 4.388860839244326e-25
154.83494597070754 4.41606912411372e-25
155.1919131217772 4.443433518055048e-25
155.54970324950847 4.470954793512711e-25
155.90831825124786 4.498633725588475e-25
156.26776002871802 4.526471091555935e-25
156.628030488024 4.554467672073064e-25
156.98913153966538 4.58262424874782e-25
157.35106509854822 4.610941610021875e-25
157.71383308399143 4.639420540363984e-25
158.07743741973948 4.668061833473586e-25
158.44188003397133 4.696866281651889e-25
158.80716285931325 4.725834681089646e-25
159.17328783284515 4.75496783121647e-25
159.5402568961135 4.784266531809651e-25
159.9080719951403 4.813731587637083e-25
160.2767350804359 4.843363807298183e-25
160.6462481070057 4.873163997501092e-25
161.01661303436214 4.903132970875369e-25
161.38783182653734 4.933271542609723e-25
161.7599064520894 4.96358052924065e-25
162.13283888411556 4.99406075057764e-25
162.50663110026125 5.024713029077883e-25
162.8812850827334 5.055538190218329e-25
163.25680281830677 5.086537061817254e-25
163.63318629833657 5.117710469968635e-25
164.0104375187711 5.149059252471999e-25
164.38855848015817 5.180584245993836e-25
164.7675511876585 5.212286280172916e-25
165.14741765105495 5.244166199341057e-25
165.52815988476593 5.276224854937615e-25
165.90977990785194 5.3084630815302555e-25
166.29227974402843 5.34088173373284e-25
166.67566142167846 5.373481658455209e-25
167.0599269738594 5.40626371170412e-25
167.44507843831653 5.439228746850643e-25
167.83111785749236 5.47237762464643e-25
168.2180472785402 5.505711204873236e-25
168.60586875333104 5.5392303527324065e-25
168.9945843384663 5.572935930527849e-25
169.38419609529095 5.6068288103167075e-25
169.77470608990026 5.640909861947132e-25
170.16611639315352 5.675179959045581e-25
170.5584290806836 5.709639977641291e-25
170.95164623291072 5.7442907964144845e-25
171.34576993504945 5.779133296264734e-25
171.7408022771217 5.814168360775672e-25
172.13674535396996 5.849396876205944e-25
172.53360126526425 5.884819730647741e-25
172.93137211551596 5.920437815260715e-25
173.33006001408768 5.95625202169762e-25
173.7296670752072 5.992263250811611e-25
174.13019541797453 6.028472404037701e-25
174.53164716637505 6.064880357047837e-25
174.9340244492932 6.101488046651268e-25
175.33732940051928 6.138296359112877e-25
175.74156415876374 6.175306204281573e-25
176.14673086766697 6.212518493352874e-25
176.5528316758137 6.2499341451430845e-25
176.95986873673996 6.287554068336855e-25
177.36784420894665 6.32537918220647e-25
177.77676025591327 6.3634104062252495e-25
178.1866190461049 6.401648663915782e-25
178.59742275298674 6.4400948768677135e-25
179.00917355503412 6.478749974585581e-25
179.4218736357469 6.5176148857438965e-25
179.83552518365678 6.5566905415466625e-25
180.2501303923411 6.595977874531529e-25
180.6656914604365 6.635477822905306e-25
181.08221059164646 6.675191325835459e-25
181.4996899947556 6.715119320904794e-25
181.91813188364026 6.755262753122029e-25
182.33753847728286 6.795622566591372e-25
182.75791199977954 6.836199709102843e-25
183.1792546803546 6.876995130418535e-25
183.60156875337117 6.918009782266415e-25
184.02485645834577 6.95924461428964e-25
184.44912003995583 7.000700588893768e-25
184.87436174805384 7.04237866614668e-25
185.3005838376815 7.08427980953564e-25
185.72778856907715 7.126404969626193e-25
186.15597820769082 7.168755115951931e-25
186.58515502419473 7.211331217699985e-25
187.01532129449828 7.254134243359067e-25
187.4464792997557 7.297165164246779e-25
187.8786313263803 7.340424953837142e-25
188.3117796660589 7.383914587118442e-25
188.74592661575952 7.427635042417251e-25
189.1810744777465 7.471587298856978e-25
189.61722555959125 7.515772338272398e-25
190.0543821741874 7.560191144136637e-25
190.49254663975873 7.604844702453073e-25
190.93172127987347 7.649734000683622e-25
191.37190842345922 7.694860028951794e-25
191.8131104048104 7.740223778566086e-25
192.25532956360394 7.785826243266584e-25
192.69856824491 7.831668418734871e-25
193.1428287992076 7.877751295497061e-25
193.5881135823923 7.9240758886062095e-25
194.03442495579117 7.97064319063563e-25
194.48176528617762 8.017454207647804e-25
194.93013694577917 8.064509939382333e-25
195.3795423122932 8.111811393267205e-25
195.82998376889807 8.159359581928552e-25
196.28146370426887 8.207155511849921e-25
196.73398451258527 8.255200203705716e-25
197.18754859354667 8.30349466373124e-25
197.64215835238727 8.352039910614422e-25
198.09781619988414 8.400836962681666e-25
198.55452455237304 8.449886835961505e-25
199.01228583175973 8.499190560775793e-25
199.47110246553603 8.5487491515401e-25
199.9309768867879 8.598563636014781e-25
200.39191153421058 8.648635039393492e-25
200.8539088521242 8.69896439242807e-25
201.31697129048163 8.749552722491772e-25
201.78110130488503 8.80040106083847e-25
202.24630135659683 8.85151044380475e-25
202.71257391255648 8.902881903386961e-25
203.1799214453883 8.954516473980094e-25
203.64834643341717 9.006415196206223e-25
204.11785136068426 9.058579110204953e-25
204.588438716955 9.111009260261647e-25
205.0601109977358 9.163706673282638e-25
205.53287070428553 9.21667240315092e-25
206.00672034363214 9.269907499282998e-25
206.48166242858096 9.323413004522889e-25
206.95769947773047 9.377189967752182e-25
207.4348340154883 9.431239437257146e-25
207.9130685720794 9.485562464564493e-25
208.39240568356303 9.540160104041136e-25
208.8728478918443 9.595033405344996e-25
209.3543977446912 9.650183426930976e-25
209.83705779574296 9.705611220511256e-25
210.32083060452703 9.761317853576273e-25
210.80571873647088 9.817304376537388e-25
211.29172476291907 9.873571855113265e-25
211.77885126114177 9.930121344732302e-25
212.26710081435087 9.986953907487826e-25
212.75647601171647 1.0044070614485872e-24
213.24697944837533 1.010147252304962e-24
213.73861372544798 1.015916071133036e-24
214.23138145005095 1.0217136234721957e-24
214.725285235314 1.0275400168740633e-24
215.22032770038882 1.0333953576199645e-24
215.71651147046538 1.0392797535549974e-24
216.21383917678858 1.0451933113761182e-24
216.71231345666703 1.0511361384433744e-24
217.21193695349035 1.0571083419027494e-24
217.7127123167416 1.0631100298700696e-24
218.21464220201474 1.0691413097222422e-24
218.7177292710235 1.0752022887327345e-24
219.22197619161807 1.081293074886135e-24
219.727385637802 1.0874137760864769e-24
220.23396028974102 1.0935645001579475e-24
220.7417028337807 1.0997453546053896e-24
221.25061596245902 1.1059564488211545e-24
221.7607023745243 1.1121978901581527e-24
222.27196477494397 1.1184697882277156e-24
222.7844058749217 1.1247722499151175e-24
223.29802839191444 1.1311053825314854e-24
223.81283504964148 1.1374692967736966e-24
224.32882857810245 1.1438641003921927e-24
224.84601171358997 1.1502899020807356e-24
225.36438719870787 1.1567468101954108e-24
225.8839577823802 1.1632349343930234e-24
226.40472621986862 1.1697543827698357e-24
226.92669527278963 1.176305264523158e-24
227.44986770912385 1.1828876883439986e-24
227.97424630323434 1.189501765601971e-24
228.49983383587934 1.1961475990799088e-24
229.02663309423093 1.2028253039139322e-24
229.5546468718841 1.2095349864519666e-24
230.0838779688744 1.216276757332106e-24
230.61432919169548 1.223050724917815e-24
231.14600335330863 1.2298569990218297e-24
231.67890327316118 1.2366956893908493e-24
232.21303177719963 1.2435669029429e-24
232.74839169788854 1.2504707515346481e-24
233.28498587421973 1.2574073439997234e-24
233.8228171517302 1.2643767894652789e-24
234.36188838252016 1.2713791975471699e-24
234.9022024252624 1.2784146776616023e-24
235.44376214522117 1.2854833394902985e-24
235.9865704142656 1.292585292558173e-24
236.53063011088867 1.2997206459936996e-24
237.0759441202168 1.3068895102294213e-24
237.6225153340279 1.314091993307442e-24
238.17034665076977 1.3213282063723876e-24
238.7194409755695 1.3285982581908034e-24
239.26980122025296 1.3359022591959527e-24
239.82143030335797 1.3432403180530569e-24
240.3743311501541 1.3506125447049617e-24
240.92850669265192 1.3580190486167805e-24
241.48395986962277 1.3654599395289297e-24
242.04069362661212 1.3729353271228573e-24
242.59871091595943 1.3804453204880607e-24
243.15801469680758 1.3879900296286327e-24
243.7186079351217 1.3955695640100918e-24
244.2804936037079 1.4031840330512649e-24
244.8436746822229 1.4108335462874566e-24
245.40815415719408 1.41851821320131e-24
245.973935022033 1.4262381432020503e-24
246.54102027705557 1.4339934457933738e-24
247.10941292949173 1.441784230313533e-24
247.67911599350455 1.4496106060188376e-24
248.2501324902092 1.4574726823180544e-24
248.82246544768284 1.46537056870069e-24
249.39611790098488 1.4733043740800271e-24
249.97109289217082 1.481274208264178e-24
250.54739347031267 1.4892801781029124e-24
251.1250226915089 1.4973223944410266e-24
251.7039836189037 1.5054009697453071e-24
252.28427932270634 1.5135160082594512e-24
252.8659128802013 1.5216676199329897e-24
253.44888737576863 1.5298559139800824e-24
254.03320590089828 1.5380809992693735e-24
254.61887155421073 1.5463429848901255e-24
255.20588744146698 1.5546419791142851e-24
255.7942566755884 1.562978090807876e-24
256.38398237667616 1.5713514283042264e-24
256.97506767202157 1.5797621004370298e-24
257.5675156961269 1.5882102153215388e-24
258.16132959071996 1.5966958813887812e-24
258.75651250477466 1.6052192069067901e-24
259.35306759452175 1.6137803000137385e-24
259.95099802346857 1.6223792688190628e-24
260.550306962419 1.6310162213209059e-24
261.1509975894838 1.6396912654191108e-24
261.753073090102 1.6484045089018661e-24
262.35653665705547 1.6571560594450856e-24
262.9613914904901 1.6659460249551114e-24
263.5676407979263 1.6747745126899695e-24
264.1752877942795 1.6836416301192222e-24
264.7843357018802 1.692547484377201e-24
