results/limits/Pino_h_phase.dat
# %ECSV 1.0
# ---
# datatype:
# - {name: mx, unit: MeV, datatype: float64}
# - {name: sigma, unit: cm2 MeV4, datatype: float64}
# schema: astropy-2.0
mx sigma
[from data line 358]
0.0012122259692915415 2.715279677801513e-46
0.0012404909310584848 2.9619148921231973e-46
0.0012694149350204683 3.2315046885076885e-46
0.0012990133477864558 3.526219654902295e-46
0.0013293018942621524 3.848437480018556e-46
0.001360296666004259 4.200762798629653e-46
0.001392014129769518 4.586048946802432e-46
0.0014244711362630968 5.0074218123462436e-46
0.0014576849290909482 5.468305983785625e-46
0.0014916731539209149 5.972453420891554e-46
0.0015264538678574353 6.523974891388471e-46
0.0015620455490348386 7.127374442060552e-46
0.0015984671064343198 7.78758719829647e-46
0.0016357378899298156 8.510020814346376e-46
0.0016738777005681136 9.30060092745002e-46
0.0017129068010886602 1.0165821002792822e-45
0.0017528459266886532 1.1112796993248424e-45
0.00179371629603914 1.2149327278399409e-45
0.0018355396225579732 1.3283958391755883e-45
0.0018783381259456144 1.45260570938176e-45
0.0019221345439899109 1.5885889402094477e-45
0.001966952144646121 1.7374707247899985e-45
0.0020128147383986056 1.900484349419347e-45
0.002059746690910748 2.0789816119547914e-45
0.0021077729359698315 2.2744442451082682e-45
0.0021569189887337423 2.4884964414598716e-45
0.002207210959286545 2.7229185863912875e-45
0.0022586755665101248 2.9796623154292316e-45
0.0023113401522792685 3.260867023779011e-45
0.0023652326959877285 3.568877968210461e-45
0.0024203818294129824 3.9062661150342813e-45
0.0024768168519275916 4.275849902787476e-45
0.002534567746065232 4.680719104555251e-45
0.0025936651934496745 5.12426099272948e-45
0.0026541405910951734 5.610189028590975e-45
0.0027160260680869266 6.142574320570985e-45
0.0027793545026504624 6.725880118580068e-45
0.002844159539619031 7.364999637592254e-45
0.0029104756083082714 8.065297531961005e-45
0.0029783379408076585 8.832655372964804e-45
0.0030477825906984404 9.673521516099903e-45
0.0031188464522080173 1.0594965781947912e-44
0.0031915672798109355 1.1604739415364077e-44
0.0032659837082868936 1.271134083260658e-44
0.003342135273246469 1.3924087715241037e-44
0.0034200624321353945 1.5253196063620316e-44
0.0034998065857286074 1.6709866881923552e-44
0.0035814101001254554 1.8306381231633738e-44
0.003664916329257761 2.005620446149852e-44
0.0037503696379226933 2.1974100500054357e-44
0.0038378154253526898 2.4076257182365547e-44
0.003927300149334948 2.6380423676464305e-44
0.004018871350893299 2.8906061177873575e-44
0.00411257767954558 3.167450815342716e-44
0.004208468919149921 3.4709161539330516e-44
0.004306596014353682 3.8035675434084095e-44
0.004407011097659079 4.1682178975672026e-44
0.004509767517119906 4.567951525556983e-44
0.004614919864684026 5.006150330103006e-44
0.004722524005196735 5.486522535329082e-44
0.004832637106080367 6.013134188448167e-44
0.004945317667705937 6.590443703191117e-44
0.005060625554472947 7.223339738710997e-44
0.005178622026613854 7.917182736067711e-44
0.005299369772740128 8.677850465504969e-44
0.005422932943147155 9.511787971842836e-44
0.0055493771838957115 1.042606234271391e-43
0.00567876967168809 1.1428422765390489e-43
0.005811179149557424 1.2527366382927769e-43
0.0059466759633891655 1.3732210509672032e-43
0.006085332099294114 1.5053171820268232e-43
0.006227221221852859 1.6501453185610462e-43
0.006372418713251954 1.808933889424659e-43
0.006521001713332612 1.983029906889599e-43
0.006673049160573193 2.1739104166355738e-43
0.006828641834027273 2.3831950534242686e-43
0.006987862396239558 2.6126598093322076e-43
0.00715079543716245 2.8642521312472636e-43
0.007317527519096606 3.140107477094507e-43
0.007488147222679345 3.4425674693482478e-43
0.007662745193945353 3.77419980441932e-43
0.007841414192484688 4.137820079790346e-43
0.008024249140723652 4.536515737375843e-43
0.008211347174354735 4.973672305201231e-43
0.008402807693942412 5.4530021958369835e-43
0.008598732417732204 5.9785762501951595e-43
0.008799225435691074 6.554858382968033e-43
0.009004393264807849 7.186743504051249e-43
0.009214344905683071 7.879599140362335e-43
0.009429191900438323 8.63931114351112e-43
0.009649048391975805 9.472333639987873e-43
0.009874031184619632 1.0385743974198093e-42
0.010104259806171096 1.1387302809942973e-42
0.01033985657141083 1.2485520370978223e-42
0.010580946647081629 1.3689728464777711e-42
0.010827658118386449 1.5010160054136688e-42
0.011080122057036918 1.6458036038362433e-42
0.011338472590888495 1.804566138431298e-42
0.01160284697519928 1.9786528769986375e-42
0.01187338566555036 2.1695433958322448e-42
0.012150232392466372 2.3788601476104903e-42
0.012433534237775993 2.6083822593619826e-42
0.01272344171275288 2.8600606629856356e-42
0.013020108838078586 3.136034604073524e-42
0.013323693225669961 3.438650151046051e-42
0.013634356162414448 3.770479696338798e-42
0.013952262695857842 4.134344121103008e-42
0.014277581721889965 4.533336717606911e-42
0.014610486074474885 4.9708494972173715e-42
0.014951152617473332 5.450602039125844e-42
0.015299762338606094 5.976673125198839e-42
0.015656500445608335 6.553535430031776e-42
0.016021556464625875 7.186093561272222e-42
0.016395124340905766 7.87972577377593e-42
0.016777402541834602 8.640329712408203e-42
0.017168594162379338 9.47437257257066e-42
0.01756890703298664 1.0388945455017415e-41
0.017978553829998065 1.1391826189398201e-41
0.01839775218863974 1.249154184661828e-41
0.01882672481864659 1.3697443609359621e-41
0.01926569962258253 1.5019785740746108e-41
0.019714909816919448 1.6469812800842576e-41
0.020174594055939365 1.805985528634895e-41
0.02064499655852557 1.9803434506990798e-41
0.021126367237910063 2.1715377590673982e-41
0.021618961834446313 2.381194359562708e-41
0.02212304205147776 2.6110961802230094e-41
0.022638875694374342 2.8631983360828947e-41
0.0231667368128109 3.139644758544091e-41
0.02370690584636297 3.44278643078335e-41
0.024259669773497434 3.775201384306933e-41
0.024825322264037063 4.1397166267412263e-41
0.025404163835180054 4.5394321873760834e-41
0.025996502011157406 4.977747484991176e-41
0.026602651486612925 5.458390242248833e-41
0.027222934293792744 5.985448192598164e-41
0.027857679973633073 6.563403849388131e-41
0.02850722575083718 7.197172632934681e-41
0.02917191671303455 7.892144679849582e-41
0.029852105994117403 8.65423069026017e-41
0.030548154961852016 9.48991220289544e-41
0.031260433409864494 1.0406296725677518e-40
0.031989319754103004 1.1411178190758536e-40
0.0327352012338808 1.2513103248232559e-40
0.03349847411760691 1.3721443962416571e-40
0.034279543913313774 1.5046477529054457e-40
0.03507882558409363 1.6499473691518192e-40
0.03589674376855814 1.8092790599568442e-40
0.03673373300643846 1.9839982261554693e-40
0.037590237969445384 2.1755904713446804e-40
0.038466713697512506 2.3856855730370385e-40
0.03936362584054766 2.6160704774594307e-40
0.04028145090582124 2.8687047106429996e-40
0.04122067651112274 3.1457370459547276e-40
0.04218180164382002 3.449523781362508e-40
0.043165336925959 3.782648781900418e-40
0.044171804885544536 4.147945457815731e-40
0.04520174023414663 4.548520865344172e-40
0.046255690150979495 4.9877821351150694e-40
0.047334214573604344 5.4694654529870325e-40
0.048437886495410414 5.997667839825738e-40
0.04956729227003216 6.576882000543358e-40
0.05072303192286451 7.212034538826493e-40
0.051905719469841495 7.908527862608045e-40
0.05311598324364777 8.672286136732047e-40
0.05435446622753626 9.509805673686285e-40
0.05562182639692926 1.0428210191027567e-39
0.056918737068984544 1.1435311405521129e-39
0.058245887260312136 1.2539675479409757e-39
0.05960398205303182 1.3750695884006653e-39
0.06099374296936585 1.5078673300392385e-39
0.06241590835496589 1.6534903236853663e-39
0.06387123377117784 1.8131772108341174e-39
0.06536049239645289 1.9882862595201537e-39
0.06688447543711816 2.1803069177368725e-39
0.06844399254772507 2.3908724826752818e-39
0.0700398722611988 2.6217739935476547e-39
0.0716729624290174 2.8749754661688175e-39
0.07334413067165428 3.152630598881048e-39
0.07505426483952363 3.4571010919237805e-39
0.07680427348467332 3.790976736073472e-39
0.07859508634347626 4.157097441428336e-39
0.08042765483057629 4.558577393715739e-39
0.08230295254435131 4.9988315435967745e-39
0.08422197578416211 5.481604654287172e-39
0.08618574407966152 6.01100315457475e-39
0.08819530073244539 6.591530068176663e-39
0.09025171337033296 7.228123316546921e-39
0.09235607451457113 7.926197720939571e-39
0.09450950216026408 8.691691060998966e-39
0.09671314037033632 9.531114581653394e-39
0.09896815988334524 1.0451608377926092e-38
0.10127575873546546 1.1461002128769186e-38
0.10363716289697593 1.2567881696525315e-38
0.10605362692358762 1.3781662158515014e-38
0.10852643462295801 1.5112667891959707e-38
0.11105689973674641 1.6572220393446613e-38
0.11364636663857243 1.817273457993154e-38
0.11629621104824843 1.992782439042073e-38
0.1190078407626656 2.1852418586584398e-38
0.12178269640372161 2.3962887737307285e-38
0.12462225218368743 2.6277183467312934e-38
0.1275280166884199 2.881499115431682e-38
0.13050153367883624 3.159789737355782e-38
0.1335443829110759 3.4649573513998836e-38
0.13665818097578622 3.7995977128044697e-38
0.13984458215697693 4.16655727274681e-38
0.14310527931090045 4.568957390364352e-38
0.14644200476542463 5.010220883157615e-38
0.14985653124037576 5.494101141611562e-38
0.15335067278934078 6.024714055685768e-38
0.1569262857634292 6.606573024741821e-38
0.1605852697975066 7.244628318612614e-38
0.16432956881942368 7.944305390864878e-38
0.16816117208277714 8.711556590334894e-38
0.172082115223751 9.55290816944282e-38
0.1760944813425998 1.0475516681022606e-37
0.1802004021103484 1.1487229852269376e-37
0.18440205890129596 1.25966533378487e-37
0.18870168395192646 1.3813223919972814e-37
0.1931015615468407 1.514728977808726e-37
0.1976040292323402 1.6610198510945889e-37
0.20221147905830805 1.8214393659794617e-37
0.20692635884904578 1.9973520553694193e-37
0.21175117350374192 2.19025423773085e-37
0.2166884863272632 2.4017867448435895e-37
0.22174092039197504 2.6337488787913426e-37
0.22691115993131514 2.888113716908139e-37
0.23220195176586036 3.1670448948655978e-37
0.2376161067626448 3.4729150106586567e-37
0.24315650132850383 3.80832580603506e-37
0.24882607893823822 4.176130297032822e-37
0.25462785169840935 4.579457041869175e-37
0.2605649019475973 5.021736752604742e-37
0.26664038389397104 5.5067314769433425e-37
0.27285752529104135 6.038566598388973e-37
0.2792196291524867 6.621765926955171e-37
0.2857300755069626 7.26129017890992e-37
0.2923923231938275 7.962579172866843e-37
0.2992099117007387 8.73159810114477e-37
0.3061864630440946 9.574888269982101e-37
0.31332568369332287 1.049962274020486e-36
0.32063136654003577 1.1513667341630674e-36
0.3281073929131 1.2625647580200651e-36
0.3357577346406907 1.3845022006953893e-36
0.343586456160426 1.51821626729255e-36
0.3515977166787018 1.6648443354321285e-36
0.359795772380376 1.82563362984169e-36
0.368184978689974 2.0019518313106946e-36
0.3767697925856183 2.1952987102507143e-36
0.38555477496691104 2.4073188838166364e-36
0.394544593078027 2.6398158051014766e-36
0.4037440229873054 2.8947671033977824e-36
0.4131579521246571 3.174341406010462e-36
0.42279138187813525 3.480916784708361e-36
0.43264943025104924 3.817100983721004e-36
0.4427373345810337 4.185753601340893e-36
0.4530604543225162 4.590010413809163e-36
0.4636242738940635 5.0333100483848055e-36
0.47443440559211736 5.51942323247993e-36
0.48549659257266914 6.052484867655833e-36
0.4968167119024568 6.637029201302629e-36
0.5084007776813051 7.278028395174778e-36
0.5202549442372687 7.980934818848531e-36
0.5323855093962742 8.751727427851137e-36
0.5447989178279997 9.596962620956981e-36
0.557501764469769 1.0523830009245391e-35
0.5705007980302781 1.1540213571294027e-35
0.5838029245750183 1.2654758714698017e-35
0.5974152111952977 1.387694581434233e-35
0.6113448897628128 1.5217170852948796e-35
0.6255993607717623 1.6686833849829427e-35
0.6401861972705483 1.8298435830026496e-35
0.6551131488851486 2.0065685158662956e-35
0.6703881459363026 2.2003614144988797e-35
0.686019303652694 2.4128706907963993e-35
0.7020149264823721 2.645903959100781e-35
0.7183835125046995 2.9014434118590695e-35
0.7351337579451718 3.181662680252598e-35
0.7522745617955077 3.488945323214063e-35
0.7698150305414633 3.825905102100546e-35
0.7877644830008832 4.195408213480199e-35
0.8061324552745581 4.6005976691453983e-35
0.8249287058125218 5.044920030730931e-35
0.8441632205984669 5.532154726341645e-35
0.8638462184550629 6.066446198560284e-35
0.8839881564729563 6.652339157286238e-35
0.9045997355663667 7.294817237268937e-35
0.9256919061582187 7.999345389158261e-35
0.9472758739978306 8.771916364652599e-35
0.9693631061142522 9.619101691149366e-35
0.9919653369084147 1.0548107569491103e-34
1.0150945743873274 1.1566836170276804e-34
1.0387631065436362 1.2683952850126421e-34
1.0629835078839296 1.390895985964586e-34
1.0877686461092637 1.525227717005392e-34
1.1131316889514546 1.6725331105987872e-34
1.1390861111687691 1.8340651538402752e-34
1.16564570170473 2.0111978464291908e-34
1.1928245710138414 2.205437887980016e-34
1.2206371585581264 2.4184374940863285e-34
1.2490982404784545 2.6520084501504386e-34
1.2782229374447416 2.9081375225226476e-34
1.3080267226891875 3.189003358036889e-34
1.3385254302268237 3.4969950156919798e-34
1.369735263267732 3.8347322881088635e-34
1.4016728028254128 4.205087985620546e-34
1.4343550165258654 4.611212372543305e-34
1.4677992676220706 5.056559963485179e-34
1.5020233242186567 5.5449189076238725e-34
1.5370453687116559 6.080443210896618e-34
1.5728840074483612 6.66768807018677e-34
1.6095582806124205 7.311648620060511e-34
1.6470876723394143 8.017802421636736e-34
1.6854921210682972 8.792156055001295e-34
1.7247920301341966 9.641296211483295e-34
1.7650082786082029 1.057244572038834e-33
1.8061622323899016 1.1593524986753021e-33
1.848275755558551 1.2713219362713375e-33
1.8913712219889245 1.394105302555586e-33
1.935471527238 1.5287469990852933e-33
1.9806001007088037 1.676392294979384e-33
2.0267809180978715 1.8382970686360748e-33
2.0740385141329463 2.0158384902985922e-33
2.1223979956076717 2.2105267363356352e-33
2.171885054720213 2.4240178348786563e-33
2.222525982722885 2.65812775208154e-33
2.274347683890048 2.9148478388217644e-33
2.327377689811681 3.196361769232454e-33
2.3816441740202396 3.505064115146084e-33
2.437175966958554 3.843580714444695e-33
2.4940025712967335 4.214791006571358e-33
2.552154177606206 4.621852525188474e-33
2.611661680399223 5.068227756321365e-33
2.6725566945423505 5.5577135904404234e-33
2.7348715720526675 6.09447361900562e-33
2.7986394192855935 6.683073550188339e-33
2.863894114523477 7.328520045018078e-33
2.9306703259742912 8.036303304297254e-33
2.999003530189995 8.812443768528996e-33
3.068930030914351 9.663543328092704e-33
3.1404869783702067 1.0596841479259568e-32
3.21371238899649 1.1620276903719575e-32
3.2886451656454048 1.2742554995410928e-32
3.3653251182505572 1.3973221909048292e-32
3.443792984976987 1.5322745760200647e-32
3.5240904538643507 1.680260566761849e-32
3.6062601849747473 1.8425389395203167e-32
3.6903458330569543 2.0204900424170798e-32
3.77639207073912 2.215627536616848e-32
3.8644446122622242 2.4296112716066875e-32
3.9545502377669295 2.6642614039604167e-32
4.046756818146711 2.921573879683559e-32
4.141113340480481 3.2037374118320517e-32
4.237669934058216 3.5131520978173025e-32
4.336477897013409 3.8524498347575023e-32
4.437589723576497 4.224516706528902e-32
4.541059131963759 4.632517532942796e-32
4.646941092916466 5.079922789864369e-32
4.755291858905486 5.570538129258228e-32
4.866168994016832 6.108536750257819e-32
4.979631404534034 6.698494896611518e-32
5.0957393702336 7.345430782444326e-32
5.214554576410165 8.054847277445524e-32
5.336140146648369 8.832778714557854e-32
5.4605606763588606 9.685842218322391e-32
5.587882267096237 1.062129399047875e-31
5.718172561677172 1.1647091031587145e-31
5.851500780117376 1.2771958823681919e-31
5.987937756406471 1.4005465549669124e-31
6.127555976140354 1.5358103480775585e-31
6.270429615030991 1.684137822434778e-31
6.416634578314149 1.8467906591134464e-31
6.566248541075969 2.025152391452573e-31
6.719350989519823 2.2207401734601826e-31
6.87602326319537 2.4352176848031997e-31
7.036348598212252 2.670409282151754e-31
