results/limits/Pino_l.dat
# %ECSV 1.0
# ---
# datatype:
# - {name: mx, unit: MeV, datatype: float64}
# - {name: sigma_10, unit: cm2, datatype: float64}
# - {name: sigma_9, unit: cm2, datatype: float64}
# - {name: sigma_7, unit: cm2, datatype: float64}
# - {name: sigma_6, unit: cm2, datatype: float64}
# - {name: sigma_5, unit: cm2, datatype: float64}
# - {name: sigma_4, unit: cm2, datatype: float64}
# - {name: sigma_3, unit: cm2, datatype: float64}
# - {name: sigma_2, unit: cm2, datatype: float64}
# schema: astropy-2.0
mx sigma_10 sigma_9 sigma_7 sigma_6 sigma_5 sigma_4 sigma_3 sigma_2
3.162277660168379e-07 2.9636162112298e-39 2.96376469186471e-39 3.4196656867439925e-39 4.6229398425725245e-39 7.128457372231057e-39 1.4900160945159953e-38 1.8799120406872236e-38 4.2075306439330584e-39
3.2360111549336787e-07 2.8895667988798827e-39 2.889718052894464e-39 3.341694869085365e-39 4.517604703159419e-39 6.966033359916949e-39 1.456065646941765e-38 1.83707776626111e-38 4.1116612192725986e-39
3.311463862505236e-07 2.8173818913452707e-39 2.8175359725055112e-39 3.2655118771537754e-39 4.414669655595302e-39 6.807310228779541e-39 1.4228887711018088e-38 1.795219485945555e-38 4.017976218667332e-39
3.388675869043115e-07 2.7470141261774534e-39 2.747171088560828e-39 3.1910743957440635e-39 4.3140800141728544e-39 6.65220365394632e-39 1.3904678409205314e-38 1.754314961367058e-38 3.92642586915167e-39
3.4676881953794695e-07 2.6784173552873147e-39 2.6785772539003734e-39 3.118341246890492e-39 4.2157823382329766e-39 6.500631229827331e-39 1.358785631955535e-38 1.7143424608638793e-38 3.836961533635021e-39
3.548542818811901e-07 2.6115466141799476e-39 2.6117095060059577e-39 3.0472723502466244e-39 4.1197244057912766e-39 6.35251243110269e-39 1.3278253122706542e-38 1.675280748475965e-38 3.749535680560681e-39
3.6312826954049566e-07 2.5463580924385176e-39 2.5465240351322534e-39 2.977828683156771e-39 4.025855184076307e-39 6.207768565781862e-39 1.297570433356089e-38 1.637109071104465e-38 3.664101863194678e-39
3.715951782811629e-07 2.4828091024734762e-39 2.482978154810341e-39 2.9099722436699075e-39 3.9341248026218466e-39 6.066322734089067e-39 1.2680049215931697e-38 1.5998071496241802e-38 3.580614692646704e-39
3.8025950636269697e-07 2.420858050804441e-39 2.4210302727018337e-39 2.8436660152871673e-39 3.8444845278681997e-39 5.928099789727099e-39 1.2391130695114476e-38 1.563355165913428e-38 3.4990298142615646e-39
3.89125856928623e-07 2.360464410055713e-39 2.3606398625951314e-39 2.7788739328688187e-39 3.756886736482448e-39 5.793026298521626e-39 1.2108795276217804e-38 1.527733754436436e-38 3.419303883987932e-39
3.9819894045202297e-07 2.3015886904848473e-39 2.301767435934137e-39 2.7155608499566825e-39 3.6712848897734895e-39 5.661030498480355e-39 1.1832892961103102e-38 1.4929239900115537e-38 3.341394545444102e-39
4.0748357723809307e-07 2.2441924140708914e-39 2.2443745159069948e-39 2.6536925086325336e-39 3.587633510248153e-39 5.53204226474346e-39 1.1563277169339524e-38 1.458907379297374e-38 3.265260407292931e-39
4.169846999850535e-07 2.1882380874544105e-39 2.1884236103865665e-39 2.5932355091500314e-39 3.505888155732074e-39 5.4059930682258193e-39 1.1299804662157538e-38 1.4256658500429352e-38 3.190861021336649e-39
4.2670735640476865e-07 2.133689176816084e-39 2.1338781868091323e-39 2.534157282393562e-39 3.426005396593144e-39 5.282815941180003e-39 1.104233546136592e-38 1.3931817418333902e-38 3.118156861039185e-39
4.3665671190447213e-07 2.080510083638912e-39 2.0807026479374943e-39 2.4764260640244498e-39 3.347942794352114e-39 5.162445445752747e-39 1.0790732781225008e-38 1.3614377966747955e-38 3.0471093005046416e-39
4.4683805233101997e-07 2.0286661188597985e-39 2.0288623060123044e-39 2.420010866899532e-39 3.271658875094622e-39 5.0448176288825595e-39 1.0544862950671364e-38 1.3304171497910472e-38 2.977680593856309e-39
4.572567867791303e-07 1.9781234815773483e-39 1.9783233614609275e-39 2.3648814589520153e-39 3.1971131113715896e-39 4.929869999096103e-39 1.030459534536117e-38 1.3001033206848917e-38 2.9098338553751033e-39
4.6791845046510194e-07 1.928849233785545e-39 1.9290528776143822e-39 2.3110083390843158e-39 3.124265898805138e-39 4.8175414873958116e-39 1.0069802317047108e-38 1.270480204353131e-38 2.8435330397531972e-39
4.788287076675383e-07 1.880811279848249e-39 1.8810187602653746e-39 2.258362715314534e-39 3.0530785353401285e-39 4.707772416391076e-39 9.84035912604277e-39 1.2415320627898415e-38 2.778742922424441e-39
4.899933547366384e-07 1.833978343929886e-39 1.834189734933831e-39 2.2069164836593307e-39 2.9835132004521515e-39 4.6005044677271945e-39 9.616143874811689e-39 1.213243516543696e-38 2.7154290837566912e-39
5.014183231736547e-07 1.7883199492401444e-39 1.7885353262773337e-39 2.1566422090521748e-39 2.9155329367820248e-39 4.495680655065213e-39 9.397037443337795e-39 1.185599536630168e-38 2.6535578849072802e-39
5.131096827821533e-07 1.743806396455109e-39 1.7440258364300316e-39 2.1075131042097743e-39 2.849101626816985e-39 4.393245285415137e-39 9.182923425805429e-39 1.158585436472508e-38 2.5930964558302977e-39
5.250736448927506e-07 1.7004087448979372e-39 1.7006323262003558e-39 2.0595030135130496e-39 2.784183977622406e-39 4.293143938606064e-39 8.973688068598231e-39 1.1321868641358896e-38 2.5340126748559025e-39
5.373165656630395e-07 1.658098792169766e-39 1.6583265947020175e-39 2.0125863942970075e-39 2.7207454998080502e-39 4.1953234330177974e-39 8.769220210375824e-39 1.1063897947051944e-38 2.476275152235353e-39
5.4984494945446e-07 1.6168490551001074e-39 1.617081160305156e-39 1.966738300241333e-39 2.658752489384662e-39 4.0997317990078157e-39 8.569411222239733e-39 1.0811805228667362e-38 2.4198532134133464e-39
5.626654522879044e-07 1.576632752284963e-39 1.5768692431748137e-39 1.9219343667728556e-39 2.5981720124246572e-39 4.006318250850591e-39 8.37415495048377e-39 1.0565456555222138e-38 2.3647168828789388e-39
5.757848853798981e-07 1.5374237840335802e-39 1.5376647452176662e-39 1.87815079299846e-39 2.5389718825824554e-39 3.915033161183438e-39 8.183347660723393e-39 1.032472104811855e-38 2.3108368680124225e-39
5.892102187612295e-07 1.499196716523684e-39 1.4994422342382642e-39 1.8353643294679585e-39 2.481120648537059e-39 3.825828032072326e-39 7.996887981329282e-39 1.0089470810209201e-38 2.2581845437275065e-39
6.029485849799565e-07 1.4619267635082955e-39 1.4621769256456479e-39 1.7935522623316173e-39 2.4245875741779204e-39 3.738655468569943e-39 7.814676842913766e-39 9.859580858902558e-39 2.2067319370975392e-39
6.17007282890752e-07 1.425589771410299e-39 1.4258446675490481e-39 1.7526924024188894e-39 2.3693426271761327e-39 3.653469164002447e-39 7.63661746549226e-39 9.634929059427753e-39 2.1564517124160077e-39
6.313937815326057e-07 1.3901622001391513e-39 1.3904219215738717e-39 1.7127630677378438e-39 2.3153564549786877e-39 3.570223855426462e-39 7.462615226247955e-39 9.415396059903682e-39 2.1073171577361364e-39
6.461157240969403e-07 1.3556211099185232e-39 1.3558857496908326e-39 1.6737430748526818e-39 2.262600376525933e-39 3.4888753185558294e-39 7.29257769015409e-39 9.20086522767834e-39 2.0593021683791763e-39
6.611809319882495e-07 1.3219441445224797e-39 1.3222137974517221e-39 1.635611725001087e-39 2.2110463638379304e-39 3.4093803351265065e-39 7.126414520318311e-39 8.991222586311834e-39 2.0123812353959213e-39
6.765974089794179e-07 1.2891095172606352e-39 1.2893842799755357e-39 1.5983487922408205e-39 2.160667027277746e-39 3.331696671092379e-39 6.964037438845867e-39 8.786356762760071e-39 1.9665294308797258e-39
6.923733454639272e-07 1.2570959944717057e-39 1.2573759654414527e-39 1.5619345124312e-39 2.1114356010206408e-39 3.2557830540778864e-39 6.805360173211443e-39 8.586158911839646e-39 1.9217223948947127e-39
7.085171228072106e-07 1.2258828838836664e-39 1.2261681634726745e-39 1.5263495730190983e-39 2.0633259309219595e-39 3.181599156415588e-39 6.650298437541736e-39 8.390522675158715e-39 1.8779363225026608e-39
7.250373177994646e-07 1.1954500181863654e-39 1.195740708654656e-39 1.491575099979907e-39 2.016312455913776e-39 3.109105562522756e-39 6.4987698360668e-39 8.199344115626984e-39 1.835147949992227e-39
7.419427072122865e-07 1.1657777434632221e-39 1.1660739489032714e-39 1.4575926500506843e-39 1.9703701993078837e-39 3.038263759573967e-39 6.350693870480837e-39 8.012521664918146e-39 1.7933345489982914e-39
7.592422724615558e-07 1.1368469048929514e-39 1.1371487315172063e-39 1.4243841994809202e-39 1.925474753102393e-39 2.9690361112253695e-39 6.205991871783907e-39 7.829956069907855e-39 1.7524739009752413e-39
7.769452043790388e-07 1.1086388343788788e-39 1.1089463903460802e-39 1.3919321342580346e-39 1.881602265191488e-39 2.9013858383664864e-39 6.064586963316594e-39 7.651550337399177e-39 1.7125442990479293e-39
7.950609080952509e-07 1.0811353380294655e-39 1.0814487335352879e-39 1.3602192409905428e-39 1.8387294272523786e-39 2.8352770000259082e-39 5.926404020017125e-39 7.477209684081039e-39 1.6735245296224257e-39
8.135990080361694e-07 1.0543186838520406e-39 1.0546380311625947e-39 1.3292286973706285e-39 1.796833461811206e-39 2.770674474236899e-39 5.7913696289014594e-39 7.306841487549762e-39 1.63539386244807e-39
8.325693530364543e-07 1.0281715900109236e-39 1.028497003496418e-39 1.2989440633621371e-39 1.755892110658519e-39 2.7075439395851892e-39 5.6594120494126105e-39 7.140355235547336e-39 1.5981320396391912e-39
8.519820215718901e-07 1.0026772134349862e-39 1.0030088096037518e-39 1.2693492726935084e-39 1.7158836224047827e-39 2.6458518559922562e-39 5.530461175736381e-39 6.977662477904704e-39 1.5617192649144194e-39
8.718473271138315e-07 9.778191380647085e-40 9.781570355969975e-40 1.2404286235171395e-39 1.67678674154256e-39 2.5855654480202655e-39 5.404448499078367e-39 6.818676775788416e-39 1.526136193062668e-39
8.921758236084957e-07 9.535813645251178e-40 9.539256843073417e-40 1.2121667710887198e-39 1.638580696851125e-39 2.5266526872753467e-39 5.281307073260392e-39 6.663313676465214e-39 1.491363919688202e-39
9.12978311084014e-07 9.299482987648267e-40 9.302991639234381e-40 1.1845487190168811e-39 1.6012451902400542e-39 2.4690822745780374e-39 5.1609714750045976e-39 6.511490626668168e-39 1.4573839711287952e-39
9.342658413882192e-07 9.069047431990368e-40 9.072622791354326e-40 1.1575598115568928e-39 1.564760386126907e-39 2.4128236239633787e-39 5.043377773551998e-39 6.363126972118951e-39 1.424178294681967e-39
9.560497240602198e-07 8.844358839409858e-40 8.848002183644985e-40 1.1311857260970477e-39 1.529106901409336e-39 2.3578468476169214e-39 4.928463494049755e-39 6.218143889052718e-39 1.3917292488838949e-39
9.78341532338879e-07 8.625272834497551e-40 8.628985464124326e-40 1.1054124652135565e-39 1.4942657937944458e-39 2.304122736718485e-39 4.8161675855113955e-39 6.076464352464053e-39 1.3600195946693807e-39
1.0011531093113902e-06 8.411648696152275e-40 8.415431935453955e-40 1.0802263494045063e-39 1.4602185531131182e-39 2.2516227492045556e-39 4.7064303877507966e-39 5.938013091134115e-39 1.3290324851622303e-39
1.0244965742052174e-06 8.203349268315247e-40 8.207204466035846e-40 1.0556140102110634e-39 1.426947090965307e-39 2.20031899336664e-39 4.599193600396541e-39 5.8027165494028285e-39 1.2987514578274214e-39
1.048384328826741e-06 8.00024086846503e-40 8.004169396704447e-40 1.0315623828331268e-39 1.3944337309020456e-39 2.150184212556571e-39 4.4944002507220046e-39 5.670502847915049e-39 1.2691604250487038e-39
1.0728290641500308e-06 7.80219319662509e-40 7.806196453327802e-40 1.0080586994890424e-39 1.3626611994245787e-39 2.1011917715966853e-39 4.391994665341956e-39 5.541301744635757e-39 1.2402436658616598e-39
1.0978437670592484e-06 7.609079250375502e-40 7.613158658217712e-40 9.850904825566557e-40 1.3316126165181942e-39 2.0533156418611126e-39 4.2919224380280175e-39 5.415044597924833e-39 1.2119858175062426e-39
1.1234417272482566e-06 7.420775244914048e-40 7.424932251990935e-40 9.626455380185733e-40 1.3012714867742206e-39 2.0065303880023486e-39 4.194130403091185e-39 5.29166433068404e-39 1.18437186714135e-39
1.149636544281106e-06 7.2371605207020885e-40 7.241396600837656e-40 9.407119492999099e-40 1.2716216906889388e-39 1.9608111541782327e-39 4.0985666060484e-39 5.17109539393329e-39 1.1573871445792151e-39
1.1764421348171486e-06 7.058117472920174e-40 7.062434125981417e-40 9.192780705413713e-40 1.2426474760440901e-39 1.9161336508514072e-39 4.00518027624295e-39 5.053273732721804e-39 1.1310173130617026e-39
1.2038727400046132e-06 6.883531468803749e-40 6.887930221001705e-40 8.983325208738696e-40 1.214333449539127e-39 1.8724741420464757e-39 3.9139217997860397e-39 4.9381367508851337e-39 1.105248363163962e-39
1.2319429330465773e-06 6.713290777571314e-40 6.71777318176117e-40 8.778641782578275e-40 1.1866645685894028e-39 1.8298094324729962e-39 3.824742693285619e-39 4.8256232788797405e-39 1.0800666043989744e-39
1.2606676269433496e-06 6.547286485048504e-40 6.551854121006004e-40 8.57862173612883e-40 1.1596261333801636e-39 1.7881168554168083e-39 3.737595578155918e-39 4.7156735417414845e-39 1.055458658340978e-39
1.2900620824153782e-06 6.385412434305118e-40 6.390066909007908e-40 8.383158852382452e-40 1.1332037790911054e-39 1.7473742607585338e-39 3.652434155250418e-39 4.6082291255068584e-39 1.0314114514114766e-39
1.3201419160108953e-06 6.227565146292692e-40 6.232308094177915e-40 8.192149327775006e-40 1.1073834678400074e-39 1.7075600028367478e-39 3.5692131803626254e-39 4.50323294724498e-39 1.0079122079218746e-39
1.3509231084026028e-06 6.073643759943908e-40 6.078476843164437e-40 8.005491727796214e-40 1.0821514827466541e-39 1.668652929364127e-39 3.487888440323075e-39 4.400629225776596e-39 9.849484432849977e-40
1.38242201287781e-06 5.923549954203509e-40 5.928474862852315e-40 7.823086917101461e-40 1.0574944178865308e-39 1.6306323699711326e-39 3.408416729187959e-39 4.3003634491343696e-39 9.625079574395775e-40
1.4146553640265304e-06 5.777187896373604e-40 5.782206348712765e-40 7.644838022148456e-40 1.033399173756175e-39 1.5934781252994635e-39 3.330755825806502e-39 4.2023823506431294e-39 9.405788283136413e-40
1.447640286632156e-06 5.6344641666334174e-40 5.639577909285482e-40 7.47065037300476e-40 1.009852949208039e-39 1.557170456187064e-39 3.254864470681091e-39 4.1066338736542453e-39 9.19149405479714e-40
1.4813943047694329e-06 5.495287705575539e-40 5.5004985137095935e-40 7.300431455097139e-40 9.868432346582132e-40 1.5216900732193935e-39 3.180702344432776e-39 4.0130671497019664e-39 8.982083040281344e-40
1.5159353511145682e-06 5.359569749327903e-40 5.364879426817072e-40 7.134090858906838e-40 9.643578056373419e-40 1.487018126621248e-39 3.1082300472317474e-39 3.921632469210066e-39 8.777443984747177e-40
1.5512817764724183e-06 5.227223772976406e-40 5.232634152533992e-40 6.971540233797578e-40 9.423847161889801e-40 1.4531361961417089e-39 3.037409075659393e-39 3.8322812551847494e-39 8.577468168443974e-40
1.587452359525819e-06 5.098165432969591e-40 5.1036783762598e-40 6.812693240478422e-40 9.209122925653195e-40 1.4200262809271737e-39 2.96820180450538e-39 3.744966037486988e-39 8.382049349168358e-40
1.6244663168122348e-06 4.97231251130641e-40 4.977929909025175e-40 6.657465505104703e-40 8.999291269402772e-40 1.387670790639725e-39 2.900571465669126e-39 3.659640427830336e-39 8.191083705746796e-40
1.6623433129330315e-06 4.8495848624905164e-40 4.8553086344194776e-40 6.505774574961128e-40 8.794240714502784e-40 1.3560525354696115e-39 2.8344821284900154e-39 3.576259094801406e-39 8.004469782830532e-40
1.7011034710007933e-06 4.7299043604422674e-40 4.7357364554684975e-40 6.357539875757317e-40 8.593862323636249e-40 1.325154717663479e-39 2.7698986822859257e-39 3.494777739579553e-39 7.822108437098694e-40
1.740767383330235e-06 4.613194846507412e-40 4.61913724257571e-40 6.2126826668330335e-40 8.398049639840833e-40 1.2949609217681123e-39 2.706786814568309e-39 3.415153074000628e-39 7.643902784430974e-40
1.7813561223783898e-06 4.499382079911128e-40 4.505436784093619e-40 6.071126000719134e-40 8.206698631860324e-40 1.2654551064094226e-39 2.645112995802972e-39 3.3373427946586364e-39 7.469758148553106e-40
1.8228912519398869e-06 4.388393690107414e-40 4.394562738325363e-40 5.932794683765217e-40 8.019707642433059e-40 1.2366215965175846e-39 2.5848444602492324e-39 3.2613055631017574e-39 7.29958201084563e-40
1.8653948386032614e-06 4.280159127487805e-40 4.286444584494373e-40 5.797615233549463e-40 7.836977324980026e-40 1.208445072913858e-39 2.525949188712427e-39 3.187000982667138e-39 7.133283960793947e-40
1.908889463474389e-06 4.1746096179608675e-40 4.181013577122957e-40 5.665515841124199e-40 7.658410600389628e-40 1.1809105663295294e-39 2.4683958915260876e-39 3.114389576509541e-39 6.9707756484109e-40
