results/limits/Pino_h.dat
# %ECSV 1.0
# ---
# datatype:
# - {name: mx, unit: MeV, datatype: float64}
# - {name: sigma, unit: cm2, datatype: float64}
# schema: astropy-2.0
mx sigma
[from data line 4673]
0.014909646501955188 4.73462320477587e-37
0.014944020228131063 4.767324729745445e-37
0.014978473201863312 4.800252583870705e-37
0.015013005605854647 4.833408334945175e-37
0.015047617623229126 4.866793561746209e-37
0.01508230943753286 4.900409854111416e-37
0.01511708123273525 4.934258812829969e-37
0.01515193319322971 4.9683420496521135e-37
0.015186865503834888 5.002661187484658e-37
0.0152218783497954 5.0372178606738985e-37
0.015256971916783038 5.072013714897948e-37
0.015292146390897645 5.107050407100138e-37
0.015327401958668028 5.142329605634587e-37
0.015362738807053146 5.177852990546956e-37
0.015398157123442866 5.213622253633087e-37
0.015433657095659201 5.249639098317093e-37
0.015469238911957058 5.2859052396874154e-37
0.01550490276102545 5.322422404786748e-37
0.01554064883198841 5.359192332782761e-37
0.015576477314405894 5.3962167748723835e-37
0.01561238839827501 5.433497494216646e-37
0.015648382274030773 5.471036266191362e-37
0.015684459132547363 5.508834878644055e-37
0.015720619165138894 5.546895131852857e-37
0.015756862563560636 5.585218838424548e-37
0.01579318952000995 5.623807823433652e-37
0.01582960022712721 5.6626639247625835e-37
0.01586609487799703 5.701788993136246e-37
0.015902673666149066 5.741184891973312e-37
0.01593933678555926 5.780853497490399e-37
0.015976084430650645 5.820796698995033e-37
0.01601291679629458 5.861016399046198e-37
0.0160498340778117 5.901514513307204e-37
0.016086836470972837 5.94229297056309e-37
0.016123924172000308 5.9833537130023494e-37
0.016161097377568677 6.024698696474177e-37
0.01619835628480607 6.066329890327828e-37
0.016235701091294956 6.108249277392657e-37
0.01627313199507345 6.150458854253245e-37
0.01631064919463611 6.192960631503068e-37
0.016348252888935207 6.2357566336954624e-37
0.01638594327738171 6.278848899212258e-37
0.016423720559846207 6.322239480558543e-37
0.01646158493666022 6.365930444632578e-37
0.016499536608616992 6.4099238727022104e-37
0.016537575776972832 6.454221860281423e-37
0.016575702643447897 6.49882651733677e-37
0.016613917410227504 6.5437399686785265e-37
0.016652220279963107 6.5889643538683335e-37
0.01669061145577326 6.6345018271283416e-37
0.01672909114124494 6.680354557547927e-37
0.01676765954043435 6.726524729420797e-37
0.016806316857868278 6.77301454226626e-37
0.016845063298544894 6.819826210658614e-37
0.016883899067935106 6.866961964428229e-37
0.01692282437198351 6.914424049082545e-37
0.01696183941710941 6.962214725739738e-37
0.017000944410208135 7.010336270997659e-37
0.01704013955865187 7.058790977189076e-37
0.01707942507029103 7.1075811526979455e-37
0.017118801153455078 7.156709121988618e-37
0.017158268016953887 7.206177225427443e-37
0.01719782587007872 7.2559878195567575e-37
0.01723747492260327 7.306143277459012e-37
0.01727721538478498 7.356645988687958e-37
0.0173170474673659 7.4074983591534775e-37
0.017356971381574084 7.458702811436313e-37
0.01739698733912442 7.5102617851080015e-37
0.017437095552220037 7.562177736640971e-37
0.017477296233553156 7.614453139323835e-37
0.017517589596306463 7.667090483631819e-37
0.017557975854154115 7.72009227748476e-37
0.017598455221262795 7.773461046145815e-37
0.017639027912293083 7.8271993321693e-37
0.017679694142400303 7.88130969582437e-37
0.017720454127235954 7.93579471531471e-37
0.01776130808294858 7.99065698658956e-37
0.017802256226185146 8.045899123433819e-37
0.017843298774092096 8.101523757870257e-37
0.01788443594431639 8.157533540340566e-37
0.017925667955006906 8.21393113945828e-37
0.01796699502481532 8.270719242233394e-37
0.01800841737289754 8.327900554484927e-37
0.018049935218914594 8.385477800878635e-37
0.01809154878303403 8.443453724732277e-37
0.018133258285930997 8.501831088350898e-37
0.018175063948789285 8.560612673428842e-37
0.01821696599330277 8.619801280889888e-37
0.018258964641676288 8.679399730863066e-37
0.018301060116627098 8.739410863107492e-37
0.018343252641385796 8.799837537265189e-37
0.018385542439697727 8.860682632648365e-37
0.018427929735824085 8.921949048374252e-37
0.018470414754542967 8.983639703848445e-37
0.018512997721150847 9.04575753880452e-37
0.018555678861463462 9.108305513123539e-37
0.01859845840181731 9.17128660717801e-37
0.01864133656907055 9.234703822240581e-37
0.018684313590604497 9.298560180327159e-37
0.018727389694324557 9.362858724180724e-37
0.018770565108661656 9.427602517749696e-37
0.018813840062573375 9.492794646423244e-37
0.018857214785545032 9.558438216761042e-37
0.018900689507591162 9.624536356748703e-37
0.018944264459256448 9.691092216297194e-37
0.018987939871617232 9.75810896716575e-37
0.01903171597628245 9.825589802841854e-37
0.019075593005395106 9.893537939034756e-37
0.019119571191633426 9.961956613965835e-37
0.01916365076821193 1.0030849088116676e-36
0.019207831968882972 1.0100218644435259e-36
0.01925211502793766 1.0170068588842142e-36
0.019296500180207406 1.0240402250233154e-36
0.019340987661064863 1.0311222980305516e-36
0.019385577706425444 1.0382534154077299e-36
0.019430270552748465 1.045433917017027e-36
0.01947506643703826 1.0526641450582886e-36
0.01951996559684574 1.0599444440901947e-36
0.019564968270269316 1.0672751610839856e-36
0.019610074695956495 1.0746566454175164e-36
0.019655285113104805 1.0820892488633211e-36
0.01970059976146337 1.0895733256453784e-36
0.019746018881334045 1.097109232463063e-36
0.019791542713572564 1.1046973284635568e-36
0.019837171499590116 1.1123379752769015e-36
0.019882905481354296 1.1200315370673604e-36
0.019928744901390707 1.127778380514317e-36
0.01997469000278392 1.135578874816823e-36
0.020020741029179095 1.1434333917533551e-36
0.020066898224782952 1.1513423056902606e-36
0.020113161834365338 1.1593059935611588e-36
0.02015953210326041 1.1673248349176408e-36
0.020206009277367817 1.1753992119670594e-36
0.020252593603154276 1.1835295095448122e-36
0.020299285327654574 1.1917161151422136e-36
0.020346084698473182 1.1999594189645001e-36
0.02039299196378526 1.2082598139151585e-36
0.020440007372338243 1.216617695596697e-36
0.020487131173453053 1.2250334623761015e-36
0.02053436361702528 1.2335075153909738e-36
0.020581704953526826 1.2420402585307629e-36
0.020629155434006854 1.250632098493812e-36
0.020676715310093505 1.2592834448201237e-36
0.020724384833994858 1.2679947098622665e-36
0.020772164258500585 1.2767663088271024e-36
0.020820053836983144 1.2855986598282348e-36
0.020868053823399027 1.294492183860142e-36
0.020916164472290368 1.303447304819379e-36
0.020964386038785976 1.3124644495691046e-36
0.02101271877860303 1.3215440479267638e-36
0.02106116294804807 1.330686532663382e-36
0.02110971880401868 1.3398923395732708e-36
0.021158386604004722 1.3491619074800048e-36
0.021207166606089546 1.3584956782168583e-36
0.02125605906895169 1.3678940966979677e-36
0.021305064251865888 1.3773576109371966e-36
0.021354182414704805 1.3868866720238809e-36
0.021403413817940052 1.3964817341811577e-36
0.02145275872264393 1.4061432548054513e-36
0.021502217390490453 1.4158716944350236e-36
0.02155179008375705 1.4256675168005015e-36
0.021601477065325832 1.4355311888739648e-36
0.021651278598684827 1.4454631808419e-36
0.021701194947929717 1.4554639661402756e-36
0.021751226377764863 1.4655340215189592e-36
0.02180137315350508 1.475673827012741e-36
0.021851635541076667 1.4858838659682297e-36
0.021902013807019158 1.4961646251166305e-36
0.021952508218486568 1.5065165945469664e-36
0.022003119043248708 1.5169402677256778e-36
0.022053846549692897 1.5274361415736148e-36
0.02210469100682503 1.5380047164433125e-36
0.02215565268427137 1.548646496134533e-36
0.022206731852279615 1.5593619879704532e-36
0.02225792878172065 1.570151702782371e-36
0.022309243744089834 1.5810161549185925e-36
0.022360677011508324 1.5919558623244495e-36
0.02241222885672482 1.6029713465280148e-36
0.022463899553116652 1.6140631326475678e-36
0.022515689374691606 1.625231749473524e-36
0.02256759859608899 1.6364777294535167e-36
0.022619627492581423 1.64780160870156e-36
0.022671776340076166 1.659203927080676e-36
0.02272404541511643 1.6706852281862786e-36
0.022776434994883167 1.682246059359168e-36
0.02282894535719619 1.6938869717665507e-36
0.022881576780515986 1.7056085203844652e-36
0.022934329543944858 1.7174112640150718e-36
0.022987203927228736 1.729295765368223e-36
0.023040200210758328 1.7412625910376238e-36
0.023093318675570896 1.7533123115271654e-36
0.02314655960335164 1.7654455013312704e-36
0.023199923276435025 1.7776627389034615e-36
0.023253409977806623 1.789964606697262e-36
0.023307019991104235 1.802351691236048e-36
0.02336075360061976 1.8148245830820405e-36
0.02341461109130034 1.827383876888317e-36
0.023468592748750194 1.8400301714601705e-36
0.023522698859231996 1.8527640697201966e-36
0.02357692970966824 1.865586178779015e-36
0.02363128558764311 1.8784971099782196e-36
0.023685766781403605 1.8914974788623007e-36
0.023740373579861477 1.9045879052592252e-36
0.02379510627259434 1.9177690133086038e-36
0.023849965149847583 1.9310414314403255e-36
0.02390495050253574 1.9444057924697106e-36
0.023960062622243893 1.957862733597293e-36
0.024015301801229565 1.971412896413615e-36
0.024070668332423863 1.9850569269895666e-36
0.024126162509433443 1.9987954758601206e-36
0.024181784626541664 2.0126291980539828e-36
0.024237534978710493 2.0265587531745717e-36
0.024293413861581917 2.0405848053689182e-36
0.02434942157147938 2.054708023389314e-36
0.02440555840540968 2.068929080650319e-36
0.024461824661064155 2.0832486551981077e-36
0.02451822063682067 2.0976674297992886e-36
0.024574746631744776 2.112186091962392e-36
0.024631402945591727 2.1268053339282224e-36
0.02468818987880764 2.1415258527711218e-36
0.02474510773253146 2.1563483503835094e-36
0.024802156808596394 2.1712735335067135e-36
0.02485933740953137 2.1863021138158644e-36
0.024916649838562975 2.2014348078885683e-36
0.024974094399616696 2.2166723372760436e-36
0.02503167139731889 2.2320154285525312e-36
0.02508938113699804 2.2474648132920772e-36
0.02514722392468668 2.263021228168383e-36
0.025205200067122926 2.278685414958957e-36
0.02526330987175188 2.2944581205573658e-36
0.025321553646727685 2.3103400970734564e-36
0.0253799317009147 2.326332101800383e-36
0.025438444343889567 2.3424348972843077e-36
0.025497091885942454 2.3586492513816794e-36
0.02555587463807904 2.3749759372324823e-36
0.025614792912022014 2.3914157333683354e-36
0.02567384702021258 2.4079694237077434e-36
0.02573303727581248 2.4246377975855945e-36
0.025792363992705226 2.4414216498429244e-36
0.02585182748549818 2.4583217807972747e-36
0.025911428069523828 2.4753389963265897e-36
0.02597116606084179 2.4924741079093937e-36
0.02603104177624036 2.5097279326142545e-36
0.026091055533238015 2.527101293212293e-36
0.02615120765008547 2.5445950181519792e-36
0.02621149844576695 2.562209941625598e-36
0.026271928240002303 2.579946903631578e-36
0.026332497353248257 2.5978067499536762e-36
0.026393206106700567 2.6157903322708293e-36
0.02645405482229528 2.6338985081530583e-36
0.02651504382271081 2.6521321411016295e-36
0.026576173431369508 2.6704921006366862e-36
0.02663744397243919 2.688979262266546e-36
0.02669885577083525 2.7075945075964086e-36
0.026760409152221963 2.7263387243367743e-36
0.026822104443014607 2.745212806332277e-36
0.026883941970380798 2.764217653660136e-36
0.02694592206224259 2.7833541725969932e-36
0.02700804504727804 2.8026232757289644e-36
0.027070311254922808 2.8220258819627658e-36
0.027132721015372275 2.841562916554858e-36
0.027195274659582856 2.8612353112132852e-36
0.02725797251927419 2.881044004062378e-36
0.027320814926930483 2.900989939760419e-36
0.027383802215802618 2.9210740695038458e-36
0.02744693471990979 2.9412973510687618e-36
0.027510212774041094 2.961660748902428e-36
0.02757363671375769 2.9821652340978383e-36
0.02763720687539415 3.002811784513875e-36
0.027700923596060672 3.02360138476825e-36
0.027764787213644424 3.044535026302722e-36
0.027828798066811742 3.0656137074533555e-36
0.027892956495009738 3.0868384334390145e-36
0.027957262838467934 3.108210216488364e-36
0.028021717438200484 3.1297300758134686e-36
0.028086320636007498 3.151399037706128e-36
0.028151072774477325 3.173218135578245e-36
0.028215974196987924 3.195188409980445e-36
0.02828102524770911 3.217310908713441e-36
0.028346226271603964 3.239586686799718e-36
0.02841157761443102 3.262016806610158e-36
0.028477079622745965 3.284602337859729e-36
0.028542732643903272 3.307344357678163e-36
0.028608537026058475 3.33024395068143e-36
0.02867449311816952 3.353302208969614e-36
0.028740601269999118 3.37652023225444e-36
0.028806861832116094 3.399899127830045e-36
0.028873275155897684 3.423440010697493e-36
0.028939841593531218 3.4471440035708834e-36
0.029006561498015792 3.471012236944707e-36
0.029073435223164582 3.495045849168646e-36
0.029140463123606224 3.519245986450773e-36
0.029207645554787175 3.543613802984373e-36
0.02927498287297313 3.5681504609232646e-36
0.02934247543525132 3.592857130510438e-36
0.02941012359953223 3.617734990079237e-36
0.02947792772455132 3.642785226137429e-36
0.02954588816987133 3.668009033426883e-36
0.029614005295883743 3.69340761494724e-36
0.029682279463811134 3.7189821820718794e-36
0.029750711035708633 3.7447339545310936e-36
0.029819300374466257 3.770664160550038e-36
0.029888047843810658 3.796774036832681e-36
0.029956953808306857 3.823064828681537e-36
0.03002601863336062 3.8495377900177365e-36
0.0300952426852199 3.8761941834541134e-36
0.030164626330977263 3.903035280369466e-36
0.030234169938571354 3.93006236092965e-36
0.030303873876789338 3.9572767142094825e-36
0.030373738515268353 3.984679638179402e-36
0.030443764224497915 4.0122724398478765e-36
0.03051395137582169 4.0400564352452705e-36
0.030584300341439278 4.0680329495566227e-36
0.03065481149440863 4.0962033171292514e-36
0.030725485208647506 4.124568881573736e-36
0.03079632185893599 4.1531309958111064e-36
0.030867321820917944 4.181891022133238e-36
0.03093848547110346 4.210850332292866e-36
0.031009813186870662 4.2400103075251013e-36
0.03108130534646752 4.2693723386724005e-36
0.031152962329014298 4.298937826181458e-36
0.031224784514505045 4.3287081802456264e-36
0.031296772283810136 4.3586848207938924e-36
0.03136892601867779 4.3888691776360976e-36
0.031441246101736486 4.4192626904590364e-36
0.031513732916496895 4.449866808958012e-36
0.031586386847353626 4.4806829928545875e-36
0.031659208279587764 4.5117127120055426e-36
0.03173219759936841 4.542957446446263e-36
0.0318053551937552 4.5744186864750055e-36
0.03187868145069987 4.60609793272451e-36
0.03195217675904877 4.6379966962183404e-36
0.03202584150854472 4.670116498472814e-36
0.03209967608982888 4.70245887152634e-36
0.032173680894443286 4.7350253580669614e-36
0.032247856314832395 4.767817511443606e-36
0.032322202744345704 4.800836895807703e-36
0.0323967205772393 4.834085086116793e-36
0.03247141020867847 4.867563668283272e-36
0.03254627203473929 4.901274239174263e-36
0.03262130645241116 4.9352184067656526e-36
0.03269651385959874 4.9693977901400855e-36
0.032771894655123854 5.003814019642583e-36
0.03284744923872804 5.0384687368813085e-36
0.03292317801107418 5.073363594881243e-36
0.032999081373749135 5.1085002580895896e-36
0.03307515972926534 5.1438804025269066e-36
0.033151413481063416 5.1795057157967335e-36
0.033227843033514094 5.215377897235179e-36
0.03330444879192018 5.251498657925336e-36
0.03338123116251917 5.287869720842505e-36
0.03345819055248482 5.3244928208747626e-36
0.033535327369929924 5.3613697049666685e-36
0.03361264202390788 5.398502132142536e-36
0.033690134924415346 5.435891873649929e-36
0.033767806482394226 5.473540712983804e-36
0.03384565710973362 5.5114504460336806e-36
0.0339236872192725 5.5496228811066155e-36
0.03400189722480136 5.588059839076341e-36
0.03408028754106495 5.626763153406066e-36
0.03415885858376392 5.66573467030197e-36
0.03423761076955752 5.7049762487347436e-36
0.03431654451606557 5.7444897605945364e-36
0.03439566024187052 5.784277090712932e-36
0.03447495836652012 5.824340137022715e-36
0.034554439310529095 5.864680810576512e-36
0.03463410349538192 5.9053010357109456e-36
0.03471395134353453 5.9462027500653925e-36
0.03479398327841708 5.987387904747286e-36
0.034874199724435666 6.028858464352272e-36
0.03495460110697504 6.070616407131304e-36
