results/limits/Pino_l_phase.dat
# %ECSV 1.0
# ---
# datatype:
# - {name: mx, unit: MeV, datatype: float64}
# - {name: sigma_10, unit: cm2, datatype: float64}
# - {name: sigma_9, unit: cm2, datatype: float64}
# - {name: sigma_7, unit: cm2, datatype: float64}
# - {name: sigma_6, unit: cm2, datatype: float64}
# - {name: sigma_5, unit: cm2, datatype: float64}
# - {name: sigma_4, unit: cm2, datatype: float64}
# - {name: sigma_3, unit: cm2, datatype: float64}
# - {name: sigma_2, unit: cm2, datatype: float64}
# schema: astropy-2.0
mx sigma_10 sigma_9 sigma_7 sigma_6 sigma_5 sigma_4 sigma_3 sigma_2
[from data line 477]
0.01882672481864659 4.138205651779139e-43 5.171776424467427e-43 1.0333296491147806e-42 2.0522898879792607e-42 1.2378709728158136e-41 4.896376341176794e-39 5.215604060452373e-36 1.294893570104133e-35
0.01926569962258253 4.146499643556136e-43 5.184737360595848e-43 1.0385147317614962e-42 2.0724293733025255e-42 1.27896595625562e-41 5.319391513752854e-39 5.7179303791604976e-36 1.41989875049188e-35
0.019714909816919448 4.154826994427272e-43 5.1977634942554965e-43 1.04375205666189e-42 2.0929517062525688e-42 1.3220484882625372e-41 5.7803171733447334e-39 6.268704484483114e-36 1.556974248618267e-35
0.020174594055939365 4.163187903994327e-43 5.210855315385129e-43 1.049042412464722e-42 2.1138672772779927e-42 1.3672359301873657e-41 6.282637605752586e-39 6.872602287518396e-36 1.70728568484591e-35
0.02064499655852557 4.171582573533185e-43 5.22401331898524e-43 1.0543866036841251e-42 2.1351868326389e-42 1.4146535893906822e-41 6.830163604785755e-39 7.5347511472013e-36 1.8721112485634752e-35
0.021126367237910063 4.180011206012426e-43 5.237238005180495e-43 1.059785451090894e-42 2.156921488827767e-42 1.4644353144296136e-41 7.427063519183417e-39 8.260773463790302e-36 2.0528525697501366e-35
0.021618961834446313 4.188474006150068e-43 5.250529879293607e-43 1.0652397921174128e-42 2.179082747659539e-42 1.5167241383168152e-41 8.077897280250334e-39 9.056834482248207e-36 2.2510466404951471e-35
0.02212304205147776 4.196971180354156e-43 5.263889451872611e-43 1.0707504812720947e-42 2.2016825120654368e-42 1.5716729739515578e-41 8.787653697744525e-39 9.929694712089688e-36 2.4683788878758106e-35
0.022638875694374342 4.20550293682261e-43 5.2773172388086845e-43 1.0763183905686366e-42 2.2247331026274065e-42 1.6294453661853205e-41 9.56179133930643e-39 1.0886767409533946e-35 2.70669750939063e-35
0.0231667368128109 4.214069485469838e-43 5.2908137613403535e-43 1.0819444099658697e-42 2.248247274892115e-42 1.6902163053791938e-41 1.0406283339143696e-38 1.1936181610858951e-35 2.968029192883648e-35
0.02370690584636297 4.2226710380109124e-43 5.304379546157182e-43 1.0876294478221304e-42 2.2722382375053823e-42 1.754173107741012e-41 1.1327666515041049e-38 1.308685125307008e-35 3.254596354672467e-35
0.024259669773497434 4.231307807944216e-43 5.318015125448289e-43 1.0933744313630095e-42 2.2967196712109543e-42 1.821516368199351e-41 1.233309520933164e-38 1.4348550969772574e-35 3.568836042506269e-35
0.024825322264037063 4.2399800105879575e-43 5.33172103698756e-43 1.099180307162951e-42 2.3217057487592957e-42 1.8924609920830106e-41 1.3430400309554805e-38 1.5731999206914275e-35 3.9134206641411614e-35
0.025404163835180054 4.24868786306982e-43 5.34549782416828e-43 1.105048041641249e-42 2.3472111557755064e-42 1.9672373124320707e-41 1.462815394847325e-38 1.7248949365325843e-35 4.291280717848897e-35
0.025996502011157406 4.2574315843475895e-43 5.359346036117926e-43 1.1109786215741235e-42 2.3732511126378256e-42 2.046092300374106e-41 1.5935740431304582e-38 1.8912289745258655e-35 4.705629718203474e-35
0.026602651486612925 4.266211395262927e-43 5.37326622772521e-43 1.1169730546210982e-42 2.3998413974215907e-42 2.1292908766612996e-41 1.7363433990842542e-38 2.0736153142988734e-35 5.159991529163027e-35
0.027222934293792744 4.275027518499569e-43 5.387258959733663e-43 1.1230323698684576e-42 2.4269983699665273e-42 2.2171173331856866e-41 1.8922484029052728e-38 2.2736037031652183e-35 5.658230336941096e-35
0.027857679973633073 4.283880178658453e-43 5.401324798827347e-43 1.1291576183893219e-42 2.4547389971289888e-42 2.309876874076037e-41 2.0625208567214888e-38 2.492893534850494e-35 6.204583517615206e-35
0.02850722575083718 4.29276960223577e-43 5.415464317677992e-43 1.1353498738201086e-42 2.483080879284237e-42 2.4078972868366296e-41 2.2485096696288352e-38 2.7333483009521146e-35 6.803697679043481e-35
0.02917191671303455 4.301696017645436e-43 5.42967809503698e-43 1.1416102329562634e-42 2.5120422781479886e-42 2.511530754921566e-41 2.4516920895488163e-38 2.9970114380499924e-35 7.46066818366063e-35
0.029852105994117403 4.310659655272845e-43 5.443966715811235e-43 1.1479398163650443e-42 2.5416421459904906e-42 2.6211558241554084e-41 2.673686017072694e-38 3.286123705256239e-35 8.181082488333115e-35
0.030548154961852016 4.319660747437071e-43 5.458330771139217e-43 1.1543397690194331e-42 2.5719001563210745e-42 2.7371795365186943e-41 2.9162635056308593e-38 3.6031422400095607e-35 8.971067669921135e-35
0.031260433409864494 4.32869952844759e-43 5.47277085845671e-43 1.1608112609493412e-42 2.602836736125711e-42 2.860039746024069e-41 3.1813655623838523e-38 3.9507614541949985e-35 9.83734254079892e-35
0.031989319754103004 4.337776234625172e-43 5.487287581623366e-43 1.1673554879152562e-42 2.6344730997454254e-42 2.990207632723377e-41 3.471118375259147e-38 4.331935948323068e-35 1.0787274797626933e-34
0.0327352012338808 4.346891104288199e-43 5.501881550943534e-43 1.173973672103269e-42 2.6668312844886822e-42 3.1281904323181564e-41 3.787851103649273e-38 4.7499056386675735e-35 1.1828943689482485e-34
0.03349847411760691 4.356044377839813e-43 5.5165533833205246e-43 1.1806670628407486e-42 2.699934188076778e-42 3.274534400405949e-41 4.134115383545268e-38 5.208223311084685e-35 1.2971208738403263e-34
0.034279543913313774 4.365236297680682e-43 5.531303702249914e-43 1.187436937335613e-42 2.7338056080275293e-42 3.429828032093659e-41 4.5127067124169196e-38 5.710784835876598e-35 1.4223785096879962e-34
0.03507882558409363 4.3744671083492146e-43 5.546133138016069e-43 1.1942846014400775e-42 2.7684702830890294e-42 3.5947055595594824e-41 4.926687895092354e-38 6.261862300697751e-35 1.5597326183288293e-34
0.03589674376855814 4.383737056425978e-43 5.56104232764347e-43 1.201211390437361e-42 2.8039539368425172e-42 3.769850752160427e-41 5.379414749369637e-38 6.866140343321993e-35 1.7103514298157086e-34
0.03673373300643846 4.393046390697834e-43 5.57603191519068e-43 1.2082186698553453e-42 2.8402833236009225e-42 3.956001045877263e-41 5.874564289328232e-38 7.528756202939295e-35 1.8755162153924169e-34
0.037590237969445384 4.402395362029278e-43 5.5911025516133845e-43 1.2153078363052663e-42 2.877486276737596e-42 4.1539520312792024e-41 6.416165624869633e-38 8.255342603890398e-35 2.0566313418719838e-34
0.038466713697512506 4.411784223430981e-43 5.606254894992363e-43 1.2224803183488506e-42 2.915591759588788e-42 4.3645623317952695e-41 7.008633840401688e-38 9.052076828575313e-35 2.2552374519085907e-34
0.03936362584054766 4.421213230185499e-43 5.6214896106192905e-43 1.2297375773928663e-42 2.9546299190822265e-42 4.588758906914843e-41 7.656807138689976e-38 9.925732504254366e-35 2.4730237657445987e-34
0.04028145090582124 4.4306826397078715e-43 5.636807371046806e-43 1.237081108614016e-42 2.99463214225448e-42 4.827542818030848e-41 8.365987565729718e-38 1.0883737393523876e-34 2.7118426451197623e-34
0.04122067651112274 4.440192711689835e-43 5.652208856229328e-43 1.2445124419132334e-42 3.0356311158301894e-42 5.081995498005525e-41 9.141985661652162e-38 1.1934236567559938e-34 2.9737253492578e-34
0.04218180164382002 4.4497437080743e-43 5.667694753623259e-43 1.2520331429028752e-42 3.0776608890476553e-42 5.353285569207489e-41 9.991169416415025e-38 1.3086161680463427e-34 3.260899312550078e-34
0.043165336925959 4.459335893023187e-43 5.683265758185387e-43 1.2596448139249038e-42 3.1207569399275615e-42 5.642676258767698e-41 1.092051794552429e-37 1.4349306933940416e-34 3.575807090900629e-34
0.044171804885544536 4.46896953311858e-43 5.6989225727077285e-43 1.2673490951057217e-42 3.164956245194522e-42 5.951533464160869e-41 1.193768034112202e-37 1.5734412378459764e-34 3.921127137890397e-34
0.04520174023414663 4.478644897162896e-43 5.7146659076293916e-43 1.2751476654434445e-42 3.2102973540752224e-42 6.281334526971887e-41 1.3051040197733717e-37 1.7253255259432989e-34 4.299796587483073e-34
0.046255690150979495 4.4883622563573405e-43 5.730496481375794e-43 1.2830422439341465e-42 3.256820466211866e-42 6.633677777890902e-41 1.426978636017739e-37 1.891875018539233e-34 4.715036237062624e-34
0.047334214573604344 4.4981218842684414e-43 5.746415020353354e-43 1.2910345907349687e-42 3.304567513945863e-42 7.01029292163653e-41 1.5603990494001438e-37 2.0745058970182345e-34 5.170377943308761e-34
0.048437886495410414 4.5079240568650195e-43 5.7624222590975064e-43 1.2991265083671302e-42 3.3535822492437304e-42 7.413052336678853e-41 1.7064692136791796e-37 2.2747711083466766e-34 5.669694663940176e-34
0.04956729227003216 4.517769052550767e-43 5.778518940364081e-43 1.307319842959838e-42 3.4039103355557734e-42 7.843983371372206e-41 1.8663991952262477e-37 2.4943735734086327e-34 6.2172334008612775e-34
0.05072303192286451 4.52765715218388e-43 5.794705815288603e-43 1.3156164855371769e-42 3.455599444918276e-42 8.305281725467195e-41 2.0415153978759575e-37 2.7351806709752265e-34 6.8176513249276824e-34
0.051905719469841495 4.5375886390799195e-43 5.81098364340675e-43 1.3240183733494161e-42 3.50869936063074e-42 8.799326014010767e-41 2.2332717740258108e-37 2.999240120506436e-34 7.476055389608501e-34
0.05311598324364777 4.5475637990529645e-43 5.827353192854188e-43 1.33252749124873e-42 3.563262085863085e-42 9.32869361943078e-41 2.4432621171764776e-37 3.2887973988827047e-34 8.198045770500307e-34
0.05435446622753626 4.557582920512273e-43 5.8438152405287126e-43 1.3411458731156574e-42 3.619341958572199e-42 9.896177947208883e-41 2.6732335402971684e-37 3.6063148392112996e-34 8.9897635001905e-34
0.05562182639692926 4.567646294350449e-43 5.860370572065405e-43 1.3498756033327786e-42 3.676995773133685e-42 1.050480721105473e-40 2.9251012544814057e-37 3.9544925741599635e-34 9.85794270365346e-34
0.056918737068984544 4.5777542141117035e-43 5.877019982125543e-43 1.358718818310797e-42 3.736282909123157e-42 1.1157864884993867e-40 3.2009647734130833e-37 4.336291501960035e-34 1.0809967878495375e-33
0.058245887260312136 4.587906975899108e-43 5.893764274376678e-43 1.3676777080689935e-42 3.797265467711951e-42 1.1858911972369409e-40 3.5031256812845687e-37 4.754958470425849e-34 1.1853936707275214e-33
0.05960398205303182 4.598104878498674e-43 5.910604261708844e-43 1.3767545178706627e-42 3.860008416175471e-42 1.26118112555426e-40 3.834107115101112e-37 5.214053893203778e-34 1.2998728936185292e-33
0.06099374296936585 4.608348223332398e-43 5.927540766330938e-43 1.385951549917224e-42 3.9245797410470214e-42 1.3420753705177368e-40 4.196675126881835e-37 5.7174820331527465e-34 1.4254081905975929e-33
0.06241590835496589 4.618637314605177e-43 5.944574620001145e-43 1.3952711651023318e-42 3.991050610489141e-42 1.4290287244540804e-40 4.593862107250848e-37 6.269524210444548e-34 1.5630673377592378e-33
0.06387123377117784 4.62897245913982e-43 5.961706663953398e-43 1.4047157848292741e-42 4.059495546494708e-42 1.5225348082389152e-40 5.028992469438848e-37 6.874875217850168e-34 1.714021235704205e-33
0.06536049239645289 4.639353966637015e-43 5.978937749300962e-43 1.414287892893094e-42 4.1299926075748535e-42 1.6231294847894304e-40 5.505710811934299e-37 7.53868325295833e-34 1.8795538692051158e-33
0.06688447543711816 4.649782149482892e-43 5.9962687368791496e-43 1.423990037432115e-42 4.20262358263834e-42 1.7313945782872903e-40 6.02801279909803e-37 8.266593706987806e-34 2.061073228768368e-33
0.06844399254772507 4.660257322946089e-43 6.0137004976581876e-43 1.4338248329483953e-42 4.2774741968181835e-42 1.8479619270499425e-40 6.60027902216436e-37 9.064797182658923e-34 2.2601232869914487e-33
0.0700398722611988 4.670779805198892e-43 6.03123391278223e-43 1.4437949624039484e-42 4.354634330057164e-42 1.973517800592277e-40 7.22731212839275e-37 9.940082149562403e-34 2.478397131586999e-33
0.0716729624290174 4.681349917185281e-43 6.048869873665473e-43 1.4539031793920233e-42 4.434198249323526e-42 2.1088077142991755e-40 7.914377533921454e-37 1.0899892684909924e-33 2.7177513667836272e-33
0.07334413067165428 4.69196798286761e-43 6.066609282202945e-43 1.464152310389481e-42 4.516264855392338e-42 2.254641678287759e-40 8.667248066345602e-37 1.1952391790807422e-33 2.9802219056023277e-33
0.07505426483952363 4.7026343291070145e-43 6.0844530508932645e-43 1.4745452570920605e-42 4.600937945198286e-42 2.4118999205031044e-40 9.492252916454797e-37 1.3106530826625715e-33 3.26804128733821e-33
0.07680427348467332 4.713349285772373e-43 6.1024021030590376e-43 1.4850849988367927e-42 4.6883264908402174e-42 2.581539127893112e-40 1.0396331315205387e-36 1.4372125647058575e-33 3.583657667550736e-33
0.07859508634347626 4.72411318574774e-43 6.120457372911695e-43 1.4957745951136863e-42 4.778544936399282e-42 2.7645992536788744e-40 1.1387091392179544e-36 1.575994009349659e-33 3.92975564209203e-33
0.08042765483057629 4.734926364988386e-43 6.13861980582308e-43 1.5066171881734534e-42 4.871713513820136e-42 2.962210943312573e-40 1.247287471584148e-36 1.7281777548892937e-33 4.309279082303337e-33
0.08230295254435131 4.745789162522961e-43 6.156890358354371e-43 1.5176160057319465e-42 4.967958579199378e-42 3.1756036367338353e-40 1.3662827064212592e-36 1.8950581334885068e-33 4.725456175616687e-33
0.08422197578416211 4.756701920464189e-43 6.175269998501363e-43 1.5287743637774965e-42 5.067412970927862e-42 3.4061144100404476e-40 1.4966976027565646e-36 2.078054480514914e-33 5.181826884558197e-33
0.08618574407966152 4.767664984188264e-43 6.1937597059418876e-43 1.5400956694849437e-42 5.170216391244354e-42 3.65519762572641e-40 1.6396316102831503e-36 2.278723207143956e-33 5.682273057720363e-33
0.08819530073244539 4.7786787021620675e-43 6.212360472058251e-43 1.5515834242414586e-42 5.2765158128776335e-42 3.924435467260548e-40 1.796290200311649e-36 2.4987710389209016e-33 6.23105144882865e-33
0.09025171337033296 4.789743426150971e-43 6.231073300202514e-43 1.563241226787923e-42 5.38646591258392e-42 4.215549441037532e-40 1.967995097558523e-36 2.7400695328879933e-33 6.832829924763834e-33
0.09235607451457113 4.800859511125878e-43 6.24989920578144e-43 1.5750727764814832e-42 5.5002295335265403e-42 4.530412936691029e-40 2.156195499756629e-36 3.0046709967593886e-33 7.49272717052714e-33
0.09450950216026408 4.8120273154734e-43 6.268839216716969e-43 1.5870818766850714e-42 5.6179781785968795e-42 4.871064945482822e-40 2.362480380473975e-36 3.2948259455524116e-33 8.216356228880378e-33
0.09671314037033632 4.823247200813844e-43 6.287894373232992e-43 1.5992724382882295e-42 5.739892536939597e-42 5.239725046044364e-40 2.588591979737884e-36 3.6130022441612086e-33 9.009872245010994e-33
0.09896815988334524 4.8345195322180905e-43 6.307065728288658e-43 1.6116484833662647e-42 5.866163046123965e-42 5.63880977722976e-40 2.836440597162887e-36 3.9619060986997114e-33 9.880024822340458e-33
0.10127575873546546 4.845844678155469e-43 6.326354347803411e-43 1.624214148982523e-42 5.99699049259503e-42 6.070950529328071e-40 3.1081208133569596e-36 4.344505075166284e-33 1.0834215434816617e-32
0.10363716289697593 4.857223010594082e-43 6.345761310750919e-43 1.6369736911417428e-42 6.132586653248669e-42 6.53901309747659e-40 3.4059292775272526e-36 4.764053341227112e-33 1.1880560384041639e-32
0.10605362692358762 4.868654904973747e-43 6.365287709340122e-43 1.6499314888994214e-42 6.273174981199946e-42 7.04611905492017e-40 3.7323842125254975e-36 5.2241193458251376e-33 1.302795983675165e-32
0.10852643462295801 4.880140740300325e-43 6.384934649333882e-43 1.6630920486356384e-42 6.41899133906138e-42 7.595669118892308e-40 4.090246803179103e-36 5.728616172057654e-33 1.4286173529883982e-32
0.11105689973674641 4.891680899100623e-43 6.404703250038545e-43 1.6764600084995894e-42 6.570284783313319e-42 8.191368698480158e-40 4.482544649770125e-36 6.281834821504591e-33 1.5665903787182825e-32
0.11364636663857243 4.903275767640144e-43 6.424594644886413e-43 1.6900401430337748e-42 6.727318403638357e-42 8.837255832018151e-40 4.9125974860872326e-36 6.888480713124401e-33 1.717888655348618e-32
0.11629621104824843 4.914925735829172e-43 6.444609981343701e-43 1.7038373679843815e-42 6.890370221405577e-42 9.537731741490086e-40 5.384045380735116e-36 7.553713707177911e-33 1.88379912210361e-32
