results/limits/Pino_h_phase.dat
# %ECSV 1.0
# ---
# datatype:
# - {name: mx, unit: MeV, datatype: float64}
# - {name: sigma, unit: cm2 MeV4, datatype: float64}
# schema: astropy-2.0
mx sigma
[from data line 357]
0.0011846050332435167 2.489617454175207e-46
0.0012122259692915415 2.715279677801513e-46
0.0012404909310584848 2.9619148921231973e-46
0.0012694149350204683 3.2315046885076885e-46
0.0012990133477864558 3.526219654902295e-46
0.0013293018942621524 3.848437480018556e-46
0.001360296666004259 4.200762798629653e-46
0.001392014129769518 4.586048946802432e-46
0.0014244711362630968 5.0074218123462436e-46
0.0014576849290909482 5.468305983785625e-46
0.0014916731539209149 5.972453420891554e-46
0.0015264538678574353 6.523974891388471e-46
0.0015620455490348386 7.127374442060552e-46
0.0015984671064343198 7.78758719829647e-46
0.0016357378899298156 8.510020814346376e-46
0.0016738777005681136 9.30060092745002e-46
0.0017129068010886602 1.0165821002792822e-45
0.0017528459266886532 1.1112796993248424e-45
0.00179371629603914 1.2149327278399409e-45
0.0018355396225579732 1.3283958391755881e-45
0.0018783381259456144 1.45260570938176e-45
0.0019221345439899109 1.5885889402094477e-45
0.001966952144646121 1.7374707247899982e-45
0.0020128147383986056 1.9004843494193467e-45
0.002059746690910748 2.078981611954791e-45
0.0021077729359698315 2.2744442451082682e-45
0.0021569189887337423 2.4884964414598716e-45
0.002207210959286545 2.7229185863912875e-45
0.0022586755665101248 2.979662315429231e-45
0.0023113401522792685 3.260867023779011e-45
0.0023652326959877285 3.56887796821046e-45
0.0024203818294129824 3.9062661150342813e-45
0.0024768168519275916 4.275849902787476e-45
0.002534567746065232 4.68071910455525e-45
0.0025936651934496745 5.12426099272948e-45
0.0026541405910951734 5.610189028590974e-45
0.0027160260680869266 6.142574320570983e-45
0.0027793545026504624 6.725880118580067e-45
0.002844159539619031 7.364999637592254e-45
0.0029104756083082714 8.065297531961003e-45
0.0029783379408076585 8.8326553729648e-45
0.0030477825906984404 9.673521516099899e-45
0.0031188464522080173 1.0594965781947912e-44
0.0031915672798109355 1.1604739415364077e-44
0.0032659837082868936 1.271134083260658e-44
0.003342135273246469 1.3924087715241034e-44
0.0034200624321353945 1.5253196063620314e-44
0.0034998065857286074 1.6709866881923547e-44
0.0035814101001254554 1.8306381231633728e-44
0.003664916329257761 2.0056204461498508e-44
0.0037503696379226933 2.1974100500054357e-44
0.0038378154253526898 2.4076257182365537e-44
0.003927300149334948 2.6380423676464295e-44
0.004018871350893299 2.890606117787357e-44
0.00411257767954558 3.1674508153427154e-44
0.004208468919149921 3.470916153933051e-44
0.004306596014353682 3.803567543408409e-44
0.004407011097659079 4.168217897567201e-44
0.004509767517119906 4.567951525556981e-44
0.004614919864684026 5.006150330103004e-44
0.004722524005196735 5.48652253532908e-44
0.004832637106080367 6.013134188448165e-44
0.004945317667705937 6.590443703191115e-44
0.005060625554472947 7.223339738710994e-44
0.005178622026613854 7.917182736067708e-44
0.005299369772740128 8.677850465504969e-44
0.005422932943147155 9.511787971842832e-44
0.0055493771838957115 1.0426062342713909e-43
0.00567876967168809 1.1428422765390487e-43
0.005811179149557424 1.2527366382927765e-43
0.0059466759633891655 1.3732210509672028e-43
0.006085332099294114 1.5053171820268226e-43
0.006227221221852859 1.6501453185610456e-43
0.006372418713251954 1.8089338894246586e-43
0.006521001713332612 1.9830299068895982e-43
0.006673049160573193 2.173910416635573e-43
0.006828641834027273 2.3831950534242674e-43
0.006987862396239558 2.6126598093322064e-43
0.00715079543716245 2.8642521312472612e-43
0.007317527519096606 3.1401074770945047e-43
0.007488147222679345 3.4425674693482446e-43
0.007662745193945353 3.774199804419315e-43
0.007841414192484688 4.137820079790339e-43
0.008024249140723652 4.536515737375832e-43
0.008211347174354735 4.973672305201217e-43
0.008402807693942412 5.453002195836963e-43
0.008598732417732204 5.978576250195129e-43
0.008799225435691074 6.554858382967991e-43
0.009004393264807849 7.186743504051193e-43
0.009214344905683071 7.879599140362255e-43
0.009429191900438323 8.639311143511015e-43
0.009649048391975805 9.472333639987732e-43
0.009874031184619632 1.0385743974197906e-42
0.010104259806171096 1.1387302809942723e-42
0.01033985657141083 1.2485520370977898e-42
0.010580946647081629 1.3689728464777297e-42
0.010827658118386449 1.5010160054136153e-42
0.011080122057036918 1.6458036038361748e-42
0.011338472590888495 1.8045661384312117e-42
0.01160284697519928 1.97865287699853e-42
0.01187338566555036 2.1695433958321113e-42
0.012150232392466372 2.3788601476103265e-42
0.012433534237775993 2.608382259361782e-42
0.01272344171275288 2.860060662985392e-42
0.013020108838078586 3.136034604073223e-42
0.013323693225669961 3.4386501510456905e-42
0.013634356162414448 3.7704796963383675e-42
0.013952262695857842 4.1343441211024936e-42
0.014277581721889965 4.533336717606301e-42
0.014610486074474885 4.970849497216654e-42
0.014951152617473332 5.450602039125001e-42
0.015299762338606094 5.976673125197851e-42
0.015656500445608335 6.553535430030624e-42
0.016021556464625875 7.186093561270882e-42
0.016395124340905766 7.879725773774382e-42
0.016777402541834602 8.64032971240641e-42
0.017168594162379338 9.474372572568597e-42
0.01756890703298664 1.0388945455015001e-41
0.017978553829998065 1.1391826189395437e-41
0.01839775218863974 1.2491541846615119e-41
0.01882672481864659 1.3697443609356017e-41
0.01926569962258253 1.501978574074201e-41
0.019714909816919448 1.6469812800837924e-41
0.020174594055939365 1.805985528634368e-41
0.02064499655852557 1.980343450698484e-41
0.021126367237910063 2.171537759066726e-41
0.021618961834446313 2.3811943595619506e-41
0.02212304205147776 2.611096180222156e-41
0.022638875694374342 2.8631983360819353e-41
0.0231667368128109 3.139644758543015e-41
0.02370690584636297 3.442786430782142e-41
0.024259669773497434 3.7752013843055825e-41
0.024825322264037063 4.139716626739716e-41
0.025404163835180054 4.5394321873743955e-41
0.025996502011157406 4.977747484989294e-41
0.026602651486612925 5.458390242246736e-41
0.027222934293792744 5.985448192595826e-41
0.027857679973633073 6.56340384938553e-41
0.02850722575083718 7.197172632931788e-41
0.02917191671303455 7.89214467984637e-41
0.029852105994117403 8.654230690256605e-41
0.030548154961852016 9.489912202891482e-41
0.031260433409864494 1.0406296725673128e-40
0.031989319754103004 1.141117819075367e-40
0.0327352012338808 1.2513103248227171e-40
0.03349847411760691 1.372144396241061e-40
0.034279543913313774 1.504647752904786e-40
0.03507882558409363 1.64994736915109e-40
0.03589674376855814 1.8092790599560381e-40
0.03673373300643846 1.983998226154595e-40
0.037590237969445384 2.1755904713437146e-40
0.038466713697512506 2.385685573035972e-40
0.03936362584054766 2.616070477458254e-40
0.04028145090582124 2.8687047106417015e-40
0.04122067651112274 3.1457370459532957e-40
0.04218180164382002 3.4495237813609287e-40
0.043165336925959 3.782648781898676e-40
0.044171804885544536 4.147945457813814e-40
0.04520174023414663 4.548520865342059e-40
0.046255690150979495 4.9877821351127415e-40
0.047334214573604344 5.469465452984469e-40
0.048437886495410414 5.997667839822913e-40
0.04956729227003216 6.576882000540249e-40
0.05072303192286451 7.212034538823076e-40
0.051905719469841495 7.908527862604281e-40
0.05311598324364777 8.67228613672791e-40
0.05435446622753626 9.509805673681734e-40
0.05562182639692926 1.042821019102256e-39
0.056918737068984544 1.1435311405515625e-39
0.058245887260312136 1.25396754794037e-39
0.05960398205303182 1.3750695883999997e-39
0.06099374296936585 1.5078673300385073e-39
0.06241590835496589 1.653490323684562e-39
0.06387123377117784 1.8131772108332335e-39
0.06536049239645289 1.9882862595191824e-39
0.06688447543711816 2.1803069177358053e-39
0.06844399254772507 2.3908724826741095e-39
0.0700398722611988 2.6217739935463666e-39
0.0716729624290174 2.874975466167403e-39
0.07334413067165428 3.152630598879494e-39
0.07505426483952363 3.4571010919220735e-39
0.07680427348467332 3.790976736071598e-39
0.07859508634347626 4.157097441426277e-39
0.08042765483057629 4.55857739371348e-39
0.08230295254435131 4.998831543594293e-39
0.08422197578416211 5.4816046542844474e-39
0.08618574407966152 6.011003154571758e-39
0.08819530073244539 6.59153006817338e-39
0.09025171337033296 7.228123316543318e-39
0.09235607451457113 7.926197720935617e-39
0.09450950216026408 8.691691060994623e-39
0.09671314037033632 9.531114581648627e-39
0.09896815988334524 1.0451608377920862e-38
0.10127575873546546 1.1461002128763446e-38
0.10363716289697593 1.2567881696519017e-38
0.10605362692358762 1.37816621585081e-38
0.10852643462295801 1.511266789195212e-38
0.11105689973674641 1.6572220393438286e-38
0.11364636663857243 1.8172734579922403e-38
0.11629621104824843 1.9927824390410702e-38
0.1190078407626656 2.1852418586573394e-38
0.12178269640372161 2.3962887737295227e-38
0.12462225218368743 2.6277183467299696e-38
0.1275280166884199 2.88149911543023e-38
0.13050153367883624 3.1597897373541885e-38
0.1335443829110759 3.464957351398135e-38
0.13665818097578622 3.7995977128025507e-38
0.13984458215697693 4.166557272744705e-38
0.14310527931090045 4.568957390362043e-38
0.14644200476542463 5.010220883155083e-38
0.14985653124037576 5.494101141608784e-38
0.15335067278934078 6.024714055682719e-38
0.1569262857634292 6.606573024738478e-38
0.1605852697975066 7.244628318609018e-38
0.16432956881942368 7.944305390860933e-38
0.16816117208277714 8.711556590330567e-38
0.172082115223751 9.552908169438073e-38
0.1760944813425998 1.04755166810174e-37
0.1802004021103484 1.1487229852263665e-37
0.18440205890129596 1.259665333784244e-37
0.18870168395192646 1.3813223919965946e-37
0.1931015615468407 1.5147289778079724e-37
0.1976040292323402 1.6610198510937628e-37
0.20221147905830805 1.8214393659785552e-37
0.20692635884904578 1.997352055368425e-37
0.21175117350374192 2.1902542377297597e-37
0.2166884863272632 2.401786744842394e-37
0.22174092039197504 2.6337488787900304e-37
0.22691115993131514 2.8881137169067008e-37
0.23220195176586036 3.1670448948640204e-37
0.2376161067626448 3.4729150106569256e-37
0.24315650132850383 3.808325806033163e-37
0.24882607893823822 4.17613029703074e-37
0.25462785169840935 4.5794570418668915e-37
0.2605649019475973 5.021736752602239e-37
0.26664038389397104 5.506731476940598e-37
0.27285752529104135 6.038566598385963e-37
0.2792196291524867 6.621765926951869e-37
0.2857300755069626 7.261290178906299e-37
0.2923923231938275 7.962579172862873e-37
0.2992099117007387 8.731598101140415e-37
0.3061864630440946 9.574888269977325e-37
0.31332568369332287 1.0499622740199623e-36
0.32063136654003577 1.151366734162493e-36
0.3281073929131 1.262564758019435e-36
0.3357577346406907 1.3845022006946984e-36
0.343586456160426 1.5182162672917923e-36
0.3515977166787018 1.6648443354312976e-36
0.359795772380376 1.825633629840779e-36
0.368184978689974 2.0019518313096956e-36
0.3767697925856183 2.1952987102496185e-36
0.38555477496691104 2.407318883815435e-36
0.394544593078027 2.6398158051001592e-36
0.4037440229873054 2.894767103396337e-36
0.4131579521246571 3.174341406008876e-36
0.42279138187813525 3.480916784706623e-36
0.43264943025104924 3.817100983719097e-36
0.4427373345810337 4.185753601338802e-36
0.4530604543225162 4.5900104138068707e-36
0.4636242738940635 5.033310048382291e-36
0.47443440559211736 5.5194232324771744e-36
0.48549659257266914 6.052484867652812e-36
0.4968167119024568 6.637029201299313e-36
0.5084007776813051 7.278028395171143e-36
0.5202549442372687 7.980934818844546e-36
0.5323855093962742 8.751727427846768e-36
0.5447989178279997 9.596962620952188e-36
0.557501764469769 1.0523830009240135e-35
0.5705007980302781 1.1540213571288263e-35
0.5838029245750183 1.2654758714691693e-35
0.5974152111952977 1.38769458143354e-35
0.6113448897628128 1.5217170852941195e-35
0.6255993607717623 1.668683384982109e-35
0.6401861972705483 1.8298435830017353e-35
0.6551131488851486 2.0065685158652933e-35
0.6703881459363026 2.2003614144977802e-35
0.686019303652694 2.4128706907951934e-35
0.7020149264823721 2.645903959099459e-35
0.7183835125046995 2.9014434118576203e-35
0.7351337579451718 3.1816626802510086e-35
0.7522745617955077 3.488945323212319e-35
0.7698150305414633 3.825905102098634e-35
0.7877644830008832 4.195408213478103e-35
0.8061324552745581 4.6005976691431e-35
0.8249287058125218 5.044920030728411e-35
0.8441632205984669 5.532154726338881e-35
0.8638462184550629 6.066446198557254e-35
0.8839881564729563 6.652339157282914e-35
0.9045997355663667 7.294817237265291e-35
0.9256919061582187 7.999345389154266e-35
0.9472758739978306 8.771916364648217e-35
0.9693631061142522 9.619101691144562e-35
0.9919653369084147 1.0548107569485832e-34
1.0150945743873274 1.156683617027102e-34
1.0387631065436362 1.2683952850120086e-34
1.0629835078839296 1.3908959859638907e-34
1.0877686461092637 1.52522771700463e-34
1.1131316889514546 1.6725331105979516e-34
1.1390861111687691 1.8340651538393588e-34
1.16564570170473 2.0111978464281854e-34
1.1928245710138414 2.205437887978914e-34
1.2206371585581264 2.4184374940851204e-34
1.2490982404784545 2.652008450149114e-34
1.2782229374447416 2.9081375225211945e-34
1.3080267226891875 3.189003358035295e-34
1.3385254302268237 3.496995015690233e-34
1.369735263267732 3.8347322881069477e-34
1.4016728028254128 4.205087985618444e-34
1.4343550165258654 4.611212372541001e-34
1.4677992676220706 5.056559963482652e-34
1.5020233242186567 5.544918907621101e-34
1.5370453687116559 6.080443210893578e-34
1.5728840074483612 6.667688070183438e-34
1.6095582806124205 7.311648620056858e-34
1.6470876723394143 8.01780242163273e-34
1.6854921210682972 8.792156054996902e-34
1.7247920301341966 9.641296211478477e-34
1.7650082786082029 1.057244572038306e-33
1.8061622323899016 1.1593524986747227e-33
1.848275755558551 1.271321936270702e-33
1.8913712219889245 1.3941053025548893e-33
1.935471527238 1.528746999084529e-33
1.9806001007088037 1.6763922949785453e-33
2.0267809180978715 1.8382970686351565e-33
2.0740385141329463 2.0158384902975847e-33
2.1223979956076717 2.2105267363345302e-33
2.171885054720213 2.4240178348774442e-33
2.222525982722885 2.6581277520802108e-33
2.274347683890048 2.914847838820308e-33
2.327377689811681 3.1963617692308576e-33
2.3816441740202396 3.505064115144332e-33
2.437175966958554 3.843580714442774e-33
2.4940025712967335 4.214791006569252e-33
2.552154177606206 4.621852525186165e-33
2.611661680399223 5.068227756318832e-33
2.6725566945423505 5.557713590437646e-33
2.7348715720526675 6.094473619002574e-33
2.7986394192855935 6.683073550184999e-33
2.863894114523477 7.328520045014416e-33
2.9306703259742912 8.03630330429324e-33
2.999003530189995 8.812443768524591e-33
3.068930030914351 9.663543328087876e-33
3.1404869783702067 1.0596841479254272e-32
3.21371238899649 1.1620276903713769e-32
3.2886451656454048 1.2742554995404562e-32
3.3653251182505572 1.3973221909041313e-32
3.443792984976987 1.5322745760192986e-32
3.5240904538643507 1.6802605667610096e-32
3.6062601849747473 1.8425389395193963e-32
3.6903458330569543 2.02049004241607e-32
3.77639207073912 2.215627536615741e-32
3.8644446122622242 2.4296112716054734e-32
3.9545502377669295 2.664261403959085e-32
4.046756818146711 2.9215738796820987e-32
4.141113340480481 3.20373741183045e-32
4.237669934058216 3.5131520978155465e-32
4.336477897013409 3.852449834755576e-32
4.437589723576497 4.2245167065267915e-32
4.541059131963759 4.6325175329404816e-32
4.646941092916466 5.07992278986183e-32
4.755291858905486 5.570538129255444e-32
4.866168994016832 6.108536750254768e-32
4.979631404534034 6.69849489660817e-32
5.0957393702336 7.345430782440656e-32
5.214554576410165 8.054847277441498e-32
5.336140146648369 8.832778714553441e-32
5.4605606763588606 9.68584221831755e-32
5.587882267096237 1.062129399047344e-31
5.718172561677172 1.1647091031581326e-31
5.851500780117376 1.2771958823675538e-31
5.987937756406471 1.4005465549662122e-31
6.127555976140354 1.5358103480767909e-31
6.270429615030991 1.6841378224339366e-31
6.416634578314149 1.8467906591125236e-31
6.566248541075969 2.025152391451561e-31
6.719350989519823 2.220740173459072e-31
6.87602326319537 2.4352176848019828e-31
7.036348598212252 2.670409282150419e-31
