results/limits/Pino_l.dat
# %ECSV 1.0
# ---
# datatype:
# - {name: mx, unit: MeV, datatype: float64}
# - {name: sigma_10, unit: cm2, datatype: float64}
# - {name: sigma_9, unit: cm2, datatype: float64}
# - {name: sigma_7, unit: cm2, datatype: float64}
# - {name: sigma_6, unit: cm2, datatype: float64}
# - {name: sigma_5, unit: cm2, datatype: float64}
# - {name: sigma_4, unit: cm2, datatype: float64}
# - {name: sigma_3, unit: cm2, datatype: float64}
# - {name: sigma_2, unit: cm2, datatype: float64}
# schema: astropy-2.0
mx sigma_10 sigma_9 sigma_7 sigma_6 sigma_5 sigma_4 sigma_3 sigma_2
[from data line 80]
1.9989447971105317e-06 3.1490634877720846e-40 3.154372323966995e-40 4.291146313290851e-40 5.800595151580541e-40 8.94439546000405e-40 1.8696014660458894e-39 2.3588933689091803e-39 5.279810141198058e-40
2.045553350050195e-06 3.07144258437792e-40 3.0768511790018403e-40 4.193371818602042e-40 5.668427839398987e-40 8.740597083859911e-40 1.8270030675378722e-39 2.305149839307304e-39 5.15952993124986e-40
2.0932486549653353e-06 2.995745972708499e-40 3.001256084412313e-40 4.097825141261234e-40 5.53927202319797e-40 8.541442371330833e-40 1.785375310653188e-39 2.2526309789051996e-39 5.041990852215538e-40
2.1420560511935146e-06 2.9219256420629462e-40 2.9275390507604505e-40 4.004455521831722e-40 5.413059084609137e-40 8.346825516168495e-40 1.744696079562765e-39 2.2013088857004247e-39 4.927130458471289e-40
2.192001468898943e-06 2.8499347898899987e-40 2.855653296311816e-40 3.913213360031093e-40 5.289721970443609e-40 8.156643123164607e-40 1.704943762405419e-39 2.151156293539848e-39 4.8148877275419525e-40
2.2431114428485372e-06 2.77972778795964e-40 2.7855532131331284e-40 3.824050182184115e-40 5.169195154521659e-40 7.970794152856486e-40 1.666097239759777e-39 2.102146557613141e-39 4.705203027598754e-40
2.2954131265091837e-06 2.711260155422162e-40 2.7171943400970553e-40 3.736918620795287e-40 5.051414604334784e-40 7.789179869274539e-40 1.628135873429028e-39 2.054253640234714e-39 4.5980180859362215e-40
2.3489343064737076e-06 2.644488528076011e-40 2.6505333321908156e-40 3.651772386818639e-40 4.9363177457192445e-40 7.611703784533755e-40 1.5910394954642224e-39 2.0074520970803896e-39 4.493275957892108e-40
2.403703417223201e-06 2.579370631224232e-40 2.5855279327162692e-40 3.5685662457706472e-40 4.823843430517574e-40 7.438271609837002e-40 1.554788397490757e-39 1.9617170636577647e-39 4.390920996458933e-40
2.4597495562335635e-06 2.5158652514402613e-40 2.5221369461495527e-40 3.487255993637964e-40 4.713931903966701e-40 7.268791205061843e-40 1.5193633201933105e-39 1.9170242420708918e-39 4.290898823027259e-40
2.5171024994342686e-06 2.453932209088965e-40 2.4603202094004503e-40 3.407798433249135e-40 4.6065247728750855e-40 7.1031725296261055e-40 1.484745443093079e-39 1.8733498880992428e-39 4.193156298298357e-40
2.575792717027583e-06 2.3935323341417164e-40 2.4000385681372653e-40 3.3301513526614005e-40 4.501564974504916e-40 6.94132759442544e-40 1.4509163745790863e-39 1.8306707987032295e-39 4.097641493950687e-40
2.635851389676631e-06 2.3346274380384724e-40 2.341253848424873e-40 3.2542734997118186e-40 4.398996746183558e-40 6.783170415128568e-40 1.4178581420944815e-39 1.7889642994710397e-39 4.004303665745708e-40
2.6973104250709106e-06 2.277180291103524e-40 2.283928834054085e-40 3.180124563491833e-40 4.2987655962156115e-40 6.6286169667034215e-40 1.3855531826250287e-39 1.7482082328215696e-39 3.913093225152838e-40
2.760202474878063e-06 2.22115459728991e-40 2.228027241177427e-40 3.1076651508074776e-40 4.200818273849198e-40 6.4775851383404254e-40 1.353984333324304e-39 1.7083809459679217e-39 3.823961714627938e-40
2.8245609520908932e-06 2.1665149703880684e-40 2.1735136944074344e-40 3.0368567664894046e-40 4.10510274265274e-40 6.3299946916539946e-40 1.323134822470228e-39 1.669461279840105e-39 3.736861780649022e-40
2.8904200487788716e-06 2.113226911478179e-40 2.1203537041571712e-40 2.9676617919106752e-40 4.011568150959675e-40 6.185767214582298e-40 1.2929882604618506e-39 1.6314285572178828e-39 3.6517471492431858e-40
2.9578147542535346e-06 2.0612567864044535e-40 2.0685136439934747e-40 2.900043465813198e-40 3.920164806312552e-40 6.044826082970136e-40 1.2635286311756479e-39 1.5942625723109216e-39 3.56857260111533e-40
3.026780873657441e-06 2.0105718037623205e-40 2.0179607284970453e-40 2.833965864256034e-40 3.8308441480880026e-40 5.90709641763313e-40 1.2347402832769227e-39 1.5579435797444595e-39 3.4872939477042636e-40
3.097355046986562e-06 1.9611399936839087e-40 1.968662991916198e-40 2.76939388168304e-40 3.743558721958366e-40 5.772505047475771e-40 1.2066079227198473e-39 1.5224522841540518e-39 3.4078680083920865e-40
3.1695747685562034e-06 1.9129301879946756e-40 1.9205892681925974e-40 2.706293214085984e-40 3.6582621579767507e-40 5.640980466326278e-40 1.1791166029696363e-39 1.4877698297321803e-39 3.330252584017119e-40
3.2434784069208122e-06 1.8659119976013083e-40 1.873709168186655e-40 2.6446303360080923e-40 3.5749091372070896e-40 5.512452798711487e-40 1.1522517187556861e-39 1.4538777908728458e-39 3.2544064415793957e-40
3.319105225258239e-06 1.8200557954364635e-40 1.8279930624925843e-40 2.5843724880205398e-40 3.4934553772960142e-40 5.3868537610690646e-40 1.125998997377139e-39 1.4207581614059913e-39 3.180289285198829e-40
3.3964954022292982e-06 1.7753326958832812e-40 1.7834120606964888e-40 2.525487656583174e-40 3.413857603936207e-40 5.264116626009555e-40 1.1003444915449352e-39 1.3883933456159748e-39 3.1078617383125237e-40
3.4756900533236943e-06 1.7317145361269615e-40 1.7399379925661896e-40 2.4679445571606785e-40 3.3360735280921526e-40 5.14417618421165e-40 1.0752745707357323e-39 1.3567661489378558e-39 3.037085321934679e-40
3.5567312527036693e-06 1.6891738588770092e-40 1.6975433906148865e-40 2.4117126195400893e-40 3.2600618270647064e-40 5.026968719588789e-40 1.0507759182806048e-39 1.3258597686002687e-39 2.9679224343337263e-40
3.6396620555569646e-06 1.647683892703198e-40 1.65620147024609e-40 2.3567619678110073e-40 3.185782115624953e-40 4.912431957586993e-40 1.0268355163541166e-39 1.2956577848854081e-39 2.9003363310298177e-40
3.7245265209709786e-06 1.6072185366549408e-40 1.6158861142126915e-40 2.3030634082990618e-40 3.1131949315052642e-40 4.800505049327483e-40 1.0034406467558987e-39 1.2661441520744505e-39 2.83429110522387e-40
3.811369735340273e-06 1.5677523423575062e-40 1.5765718545199946e-40 2.250588412135738e-40 3.042261710918958e-40 4.6911285307774846e-40 9.805788804022718e-40 1.237303190589391e-39 2.7697516687015785e-40
3.900237836319859e-06 1.5292604978108152e-40 1.5382338560384604e-40 2.1993091005102915e-40 2.9729447688136495e-40 4.584244293037244e-40 9.582380713714081e-40 1.2091195776467772e-39 2.706683733316536e-40
3.991178037336996e-06 1.4917188113421845e-40 1.5008479002636918e-40 2.149198229863453e-40 2.9052072788548133e-40 4.479795550903913e-40 9.364063505575556e-40 1.18157834012371e-39 2.6450537926892033e-40
4.0842386526745176e-06 1.455103695950938e-40 1.4643903694643467e-40 2.1002291773694656e-40 2.8390132537765555e-40 4.377726813652452e-40 9.150721192982602e-40 1.154664846004539e-39 2.584829104341728e-40
4.179469123139017e-06 1.4193921541837157e-40 1.4288382313590905e-40 2.0523759267885544e-40 2.7743275262529643e-40 4.2779838543823325e-40 8.942240432512746e-40 1.1283647968729154e-39 2.525977672478847e-40
4.2769200423275275e-06 1.3845617630802165e-40 1.3941690238575981e-40 2.005613054761121e-40 2.711115730424048e-40 4.180513682271335e-40 8.738510463428553e-40 1.1026642200840676e-39 2.4684682307735873e-40
4.376643183506652e-06 1.3505906598850876e-40 1.3603608405706335e-40 1.959915716991956e-40 2.6493442830715806e-40 4.085264513798368e-40 8.539423049066255e-40 1.0775494616405196e-39 2.412270225982004e-40
4.478691527118417e-06 1.3174575282153734e-40 1.327392316777194e-40 1.9152596360284272e-40 2.5889803675611795e-40 3.992185745433312e-40 8.344872419213217e-40 1.0530071787042149e-39 2.3573538041810724e-40
4.583119288927478e-06 1.2851415834974672e-40 1.2952426146447283e-40 1.8716210865016916e-40 2.5299919130067587e-40 3.9012279266499555e-40 8.154755213588019e-40 1.0290243323895861e-39 2.3036897816472793e-40
4.689981948824612e-06 1.2536225604527632e-40 1.2638914105244322e-40 1.8289768843797467e-40 2.4723475806254336e-40 3.812342733948963e-40 7.968970428270608e-40 1.0055881814051517e-39 2.2512496561196e-40
4.799336280301815e-06 1.2228806996499913e-40 1.2333188812971038e-40 1.7873043738151321e-40 2.416016745561675e-40 3.725482944704055e-40 7.787419359828085e-40 9.82686274612745e-40 2.2000055648247533e-40
4.911240380614659e-06 1.1928967347536648e-40 1.2035056914241797e-40 1.7465814150083747e-40 2.3609694804337606e-40 3.640602412456692e-40 7.610005554889655e-40 9.60306444879169e-40 2.149930283121625e-40
5.0257537016479225e-06 1.1636518802353192e-40 1.1744329804668602e-40 1.7067863728040368e-40 2.30717654008885e-40 3.5576560423493363e-40 7.436634757781723e-40 9.384368022705857e-40 2.100997207305286e-40
5.142937081500915e-06 1.1351278192594765e-40 1.1460823507968648e-40 1.667898104933724e-40 2.2546093455855735e-40 3.476599766829521e-40 7.26721486089344e-40 9.170657280160269e-40 2.053180340514678e-40
5.262852776809252e-06 1.1073066919630104e-40 1.1184358556811335e-40 1.6298959509996282e-40 2.203239969405559e-40 3.3973905230158206e-40 7.101655855623785e-40 8.961818681668683e-40 2.006454278915724e-40
5.385564495820272e-06 1.0801710838314226e-40 1.0914759875091007e-40 1.5927597212374311e-40 2.1530411201400026e-40 3.319986228725733e-40 6.9398697844817914e-40 8.757741277903498e-40 1.9607941981834668e-40
5.511137432239651e-06 1.0537040146232636e-40 1.0651856665561453e-40 1.5564696859589206e-40 2.103986128479094e-40 3.2443457610873293e-40 6.781770694835719e-40 8.558316646001658e-40 1.916175840321319e-40
5.639638299867211e-06 1.0278889275699288e-40 1.039548230048824e-40 1.5210065653183735e-40 2.056048932598887e-40 3.170428934021333e-40 6.627274591939646e-40 8.363438835324634e-40 1.8725755008491666e-40
5.771135368040315e-06 1.0027096784057858e-40 1.0145474210652352e-40 1.486351518323077e-40 2.009204064748676e-40 3.0981964776412954e-40 6.476299396526953e-40 8.173004317777805e-40 1.8299700160048581e-40
5.905698497903673e-06 9.781505253839383e-41 9.9016737845551e-41 1.4524861336415788e-40 1.9634266374186447e-40 3.027610016337392e-40 6.3287648986307975e-40 7.986911914827938e-40 1.7883367507552543e-40
6.043399179524854e-06 9.541961189352205e-41 9.663926264131213e-41 1.4193924192879526e-40 1.918692330096269e-40 2.95863204934229e-40 6.184592717000766e-40 7.805062761816836e-40 1.74765358642011e-40
6.184310569875183e-06 9.308314919135916e-41 9.432080646635047e-41 1.3870527932523941e-40 1.874977376233296e-40 2.891225929544725e-40 6.043706256477373e-40 7.627360246869847e-40 1.7078989091869496e-40
6.32850753169624e-06 9.080420502625577e-41 9.20598959105017e-41 1.3554500747372305e-40 1.8322585522315947e-40 2.8253558482654966e-40 5.906030667601858e-40 7.453709961748736e-40 1.66905159851324e-40
6.47606667327258e-06 8.858135628976488e-41 8.985509316665599e-41 1.3245674733225167e-40 1.7905131615232653e-40 2.7609868077637185e-40 5.771492806560386e-40 7.2840196496845285e-40 1.6310910159406758e-40
6.627066389131828e-06 8.641321535478706e-41 8.770499522017821e-41 1.2943885821692048e-40 1.7497190262012045e-40 2.698084611166529e-40 5.64002119695547e-40 7.118199158495758e-40 1.593996994094448e-40
6.781586901693754e-06 8.429842912013454e-41 8.560823289763929e-41 1.2648973678084485e-40 1.7098544733930258e-40 2.6366158403117033e-40 5.511545990875492e-40 6.956160392693066e-40 1.5577498260134434e-40
6.939710303890459e-06 8.22356781626164e-41 8.356347002895603e-41 1.2360781620205318e-40 1.6708983239734591e-40 2.5765478381490683e-40 5.385998932824496e-40 6.79781726423908e-40 1.5223302537653533e-40
7.101520602780329e-06 8.022367593784777e-41 8.156940266306511e-41 1.2079156545249507e-40 1.6328298814234772e-40 2.5178486919441237e-40 5.263313322228023e-40 6.643085650343906e-40 1.4877194626528452e-40
7.267103764178904e-06 7.826116786129688e-41 7.962475816325196e-41 1.1803948826590456e-40 1.595628921171476e-40 2.460487216541766e-40 5.14342398028809e-40 6.491883345401579e-40 1.45389906237545e-40
7.436547758330399e-06 7.63469305889644e-41 7.772829451206358e-41 1.1535012253561232e-40 1.5592756789433503e-40 2.4044329369028577e-40 5.026267211706698e-40 6.3441300196833654e-40 1.420851086092123e-40
7.609942606644117e-06 7.447977121389044e-41 7.587879953313662e-41 1.1272203947606502e-40 1.5237508413486153e-40 2.3496560730242127e-40 4.9117807740693205e-40 6.199747173503664e-40 1.3885579764738528e-40
7.787380429520604e-06 7.265852649339893e-41 7.407509014734355e-41 1.101538428491938e-40 1.4890355349116694e-40 2.2961275231592342e-40 4.799903844051093e-40 6.058658106568767e-40 1.3570025772338361e-40
7.968955495292936e-06 7.088206208370687e-41 7.231601164745641e-41 1.0764416822988735e-40 1.4551113161775515e-40 2.2438188489419065e-40 4.690576983965714e-40 5.920787855227848e-40 1.326168124068108e-40
8.15476427030917e-06 6.914927194244479e-41 7.060043713377666e-41 1.0519168228246439e-40 1.421960162044208e-40 2.192702259997868e-40 4.583742110850436e-40 5.786063174711811e-40 1.2960382356500104e-40
8.344905470182516e-06 6.745907739128199e-41 6.89272666237171e-41 1.0279508207806793e-40 1.3895644601303675e-40 2.142750599368565e-40 4.4793424661254796e-40 5.654412489672312e-40 1.2665969050341231e-40
8.539480112236516e-06 6.581042664462153e-41 6.729542663267927e-41 1.004530943425994e-40 1.3579069993809688e-40 2.0939373289293385e-40 4.37732258475118e-40 5.525765857201726e-40 1.2378284911490268e-40
8.738591569173047e-06 6.420229403429183e-41 6.570386944959078e-41 9.816447483968537e-41 1.326970960965643e-40 2.046236515390875e-40 4.277628266107414e-40 5.400054930828623e-40 1.209717710366532e-40
8.942345623991688e-06 6.263367938279715e-41 6.415157256983148e-41 9.592800768373307e-41 1.2967399093383694e-40 1.999622816528085e-40 4.180206544937393e-40 5.27721292367163e-40 1.1822496284499149e-40
9.150850526189614e-06 6.110360735385495e-41 6.263753810812637e-41 9.374250468088695e-41 1.2671977832803536e-40 1.9540714670897725e-40 4.085005663447411e-40 5.157174573008579e-40 1.1554096529179586e-40
9.364217049271877e-06 5.961112684053685e-41 6.116079225425792e-41 9.160680472499457e-41 1.238328887745965e-40 1.909558266723826e-40 3.991975037458062e-40 5.0398760433008764e-40 1.1291835245779076e-40
9.58255854960264e-06 5.815531038705241e-41 5.972038476742617e-41 8.951977323435879e-41 1.210117886563776e-40 1.866059569484234e-40 3.901065260858475e-40 4.925255204580282e-40 1.1035573106885352e-40
9.805991026628606e-06 5.673525350696999e-41 5.831538836425429e-41 8.748030133844893e-41 1.1825497904303647e-40 1.8235522618174283e-40 3.812228016554461e-40 4.813250974201886e-40 1.07851739718541e-40
1.0034633184506672e-05 5.535007421334052e-41 5.69448983323635e-41 8.548730554324557e-41 1.155609953596854e-40 1.7820137620528453e-40 3.725416113928633e-40 4.703803910089649e-40 1.054050481525584e-40
1.0268606495168497e-05 5.399891241251195e-41 5.560803200252917e-41 8.353972701736069e-41 1.1292840635906585e-40 1.7414220017377831e-40 3.6405834316459724e-40 4.596855865946547e-40 1.0301435656346193e-40
1.0508035262855554e-05 5.268092933842453e-41 5.430392826471685e-41 8.163653104739366e-41 1.1035581337954555e-40 1.7017554153731274e-40 3.5576849002298746e-40 4.492350023327012e-40 1.0067839489816768e-40
1.07530466901589e-05 5.139530707531962e-41 5.303174717884959e-41 7.977670655845231e-41 1.0784184975754216e-40 1.6629929292876848e-40 3.4766764776054753e-40 4.390230861240445e-40 9.839592217794644e-41
1.1003770945598772e-05 5.014124795888086e-41 5.179066945684979e-41 7.795926541857382e-41 1.0538517979081432e-40 1.6251139496609202e-40 3.3975151259047768e-40 4.290444126774144e-40 9.616572587579002e-41
1.1260341232779899e-05 4.891797414437564e-41 5.057989612158452e-41 7.618324208646067e-41 1.0298449834383704e-40 1.5880983523930082e-40 3.3201587886940732e-40 4.192936805913013e-40 9.398662119858576e-41
1.1522893861159297e-05 4.77247270710729e-41 4.939864805592115e-41 7.444769300063561e-41 1.0063852998762359e-40 1.5519264719339565e-40 3.2445663682098415e-40 4.097657096462273e-40 9.18574505321739e-41
1.1791568318464117e-05 4.656076699537863e-41 4.824616561970228e-41 7.27516961076536e-41 9.83460283686016e-41 1.5165790910566058e-40 3.170697703956456e-40 4.004554378648242e-40 8.977708279080091e-41
