results/limits/Pino_f_6_phase.dat
# %ECSV 1.0
# ---
# datatype:
# - {name: mx, unit: MeV, datatype: float64}
# - {name: sigma_6, unit: cm2, datatype: float64}
# schema: astropy-2.0
mx sigma_6
3.162277660168379e-07 2.1729415590775723e-39
3.2360111549336787e-07 2.1729420517508427e-39
3.311463862505236e-07 2.1729425676669335e-39
3.388675869043115e-07 2.1729431079223834e-39
3.4676881953794695e-07 2.172943673665441e-39
3.548542818811901e-07 2.1729442660985488e-39
3.6312826954049566e-07 2.172944886480858e-39
3.715951782811629e-07 2.172945536130942e-39
3.8025950636269697e-07 2.172946216429568e-39
3.89125856928623e-07 2.1729469288226424e-39
3.9819894045202297e-07 2.1729476748243093e-39
4.0748357723809307e-07 2.1729484560201044e-39
4.169846999850535e-07 2.1729492740704064e-39
4.2670735640476865e-07 2.172950130713899e-39
4.3665671190447213e-07 2.1729510277713176e-39
4.4683805233101997e-07 2.1729519671492653e-39
4.572567867791303e-07 2.172952950844324e-39
4.6791845046510194e-07 2.1729539809472554e-39
4.788287076675383e-07 2.172955059647466e-39
4.899933547366384e-07 2.1729561892376398e-39
5.014183231736547e-07 2.172957372118627e-39
5.131096827821533e-07 2.17295861080457e-39
5.250736448927506e-07 2.1729599079282017e-39
5.373165656630395e-07 2.172961266246469e-39
5.4984494945446e-07 2.1729626886463708e-39
5.626654522879044e-07 2.1729641781511387e-39
5.757848853798981e-07 2.1729657379266185e-39
5.892102187612295e-07 2.1729673712880197e-39
6.029485849799565e-07 2.1729690817069512e-39
6.17007282890752e-07 2.1729708728188166e-39
6.313937815326057e-07 2.1729727484305237e-39
6.461157240969403e-07 2.1729747125286025e-39
6.611809319882495e-07 2.1729767692876516e-39
6.765974089794179e-07 2.1729789230792063e-39
6.923733454639272e-07 2.1729811784810883e-39
7.085171228072106e-07 2.1729835402870522e-39
7.250373177994646e-07 2.17298601351706e-39
7.419427072122865e-07 2.17298860342788e-39
7.592422724615558e-07 2.172991315524299e-39
7.769452043790388e-07 2.1729941555708424e-39
7.950609080952509e-07 2.1729971296039775e-39
8.135990080361694e-07 2.173000243944971e-39
8.325693530364543e-07 2.1730035052133483e-39
8.519820215718901e-07 2.173006920340937e-39
8.718473271138315e-07 2.1730104965865962e-39
8.921758236084957e-07 2.17301424155169e-39
9.12978311084014e-07 2.1730181631961932e-39
9.342658413882192e-07 2.1730222698556596e-39
9.560497240602198e-07 2.1730265702589164e-39
9.78341532338879e-07 2.1730310735466288e-39
1.0011531093113902e-06 2.1730357892907248e-39
1.0244965742052174e-06 2.1730407275147768e-39
1.048384328826741e-06 2.173045898715265e-39
1.0728290641500308e-06 2.1730513138839266e-39
1.0978437670592484e-06 2.173056984531131e-39
1.1234417272482566e-06 2.1730629227103027e-39
1.149636544281106e-06 2.1730691410436194e-39
1.1764421348171486e-06 2.1730756527488044e-39
1.2038727400046132e-06 2.173082471667233e-39
1.2319429330465773e-06 2.173089612293387e-39
1.2606676269433496e-06 2.1730970898056525e-39
1.2900620824153782e-06 2.1731049200986035e-39
1.3201419160108953e-06 2.1731131198167947e-39
1.3509231084026028e-06 2.1731217063901815e-39
1.38242201287781e-06 2.1731306980711486e-39
1.4146553640265304e-06 2.1731401139733485e-39
1.447640286632156e-06 2.1731499741123463e-39
1.4813943047694329e-06 2.173160299448187e-39
1.5159353511145682e-06 2.17317111192997e-39
1.5512817764724183e-06 2.1731824345425296e-39
1.587452359525819e-06 2.1731942913553417e-39
1.6244663168122348e-06 2.173206707573681e-39
1.6623433129330315e-06 2.1732197095922845e-39
1.7011034710007933e-06 2.1732333250514435e-39
1.740767383330235e-06 2.173247582895848e-39
1.7813561223783898e-06 2.1732625134361277e-39
1.8228912519398869e-06 2.173278148413363e-39
1.8653948386032614e-06 2.1732945210665872e-39
1.908889463474389e-06 2.1733116662035285e-39
1.9533982341732686e-06 2.173329620274659e-39
1.9989447971105317e-06 2.1733484214507582e-39
2.045553350050195e-06 2.1733681097041452e-39
2.0932486549653353e-06 2.173388726893719e-39
2.1420560511935146e-06 2.173410316854084e-39
2.192001468898943e-06 2.1734329254887986e-39
2.2431114428485372e-06 2.1734566008681113e-39
2.2954131265091837e-06 2.1734813933312626e-39
2.3489343064737076e-06 2.1735073555936683e-39
2.403703417223201e-06 2.1735345428591173e-39
2.4597495562335635e-06 2.1735630129373375e-39
2.5171024994342686e-06 2.173592826367057e-39
2.575792717027583e-06 2.173624046544942e-39
2.635851389676631e-06 2.1736567398605945e-39
2.6973104250709106e-06 2.1736909758379527e-39
2.760202474878063e-06 2.1737268272833904e-39
2.8245609520908932e-06 2.173764370440805e-39
2.8904200487788716e-06 2.173803685154049e-39
2.9578147542535346e-06 2.17384485503707e-39
3.026780873657441e-06 2.173887967652088e-39
3.097355046986562e-06 2.173933114696204e-39
3.1695747685562034e-06 2.1739803921968687e-39
3.2434784069208122e-06 2.1740299007165742e-39
3.319105225258239e-06 2.1740817455672917e-39
3.3964954022292982e-06 2.1741360370350333e-39
3.4756900533236943e-06 2.17419289061505e-39
3.5567312527036693e-06 2.174252427258227e-39
3.6396620555569646e-06 2.1743147736291115e-39
3.7245265209709786e-06 2.174380062376198e-39
3.811369735340273e-06 2.174448432415048e-39
3.900237836319859e-06 2.174520029224823e-39
3.991178037336996e-06 2.1745950051588985e-39
4.0842386526745176e-06 2.1746735197702314e-39
4.179469123139017e-06 2.1747557401521826e-39
4.2769200423275275e-06 2.174841841295515e-39
4.376643183506652e-06 2.1749320064623546e-39
4.478691527118417e-06 2.1750264275779728e-39
4.583119288927478e-06 2.1751253056411337e-39
4.689981948824612e-06 2.175228851154012e-39
4.799336280301815e-06 2.175337284572551e-39
4.911240380614659e-06 2.1754508367782714e-39
5.0257537016479225e-06 2.175569749572544e-39
5.142937081500915e-06 2.1756942761944117e-39
5.262852776809252e-06 2.175824681863115e-39
5.385564495820272e-06 2.175961244346491e-39
5.511137432239651e-06 2.1761042545564675e-39
5.639638299867211e-06 2.176254017173039e-39
5.771135368040315e-06 2.176410851298021e-39
5.905698497903673e-06 2.1765750911400492e-39
6.043399179524854e-06 2.176747086732364e-39
6.184310569875183e-06 2.1769272046849484e-39
6.32850753169624e-06 2.1771158289726528e-39
6.47606667327258e-06 2.1773133617611534e-39
6.627066389131828e-06 2.177520224272453e-39
6.781586901693754e-06 2.1777368576919936e-39
6.939710303890459e-06 2.1779637241192777e-39
7.101520602780329e-06 2.1782013075642453e-39
7.267103764178904e-06 2.178450114991564e-39
7.436547758330399e-06 2.1787106774152065e-39
7.609942606644117e-06 2.178983551045832e-39
7.787380429520604e-06 2.179269318493486e-39
7.968955495292936e-06 2.17956859002843e-39
8.15476427030917e-06 2.1798820049029082e-39
8.344905470182516e-06 2.1802102327369502e-39
8.539480112236516e-06 2.1805539749712617e-39
8.738591569173047e-06 2.180913966390713e-39
8.942345623991688e-06 2.1812909767217622e-39
9.150850526189614e-06 2.181685812307659e-39
9.364217049271877e-06 2.182099317865232e-39
9.58255854960264e-06 2.182532378327409e-39
9.805991026628606e-06 2.1829859207757592e-39
1.0034633184506672e-05 2.1834609164676192e-39
1.0268606495168497e-05 2.1839583829626136e-39
1.0508035262855554e-05 2.1844793863535643e-39
1.07530466901589e-05 2.185025043607174e-39
1.1003770945598772e-05 2.185596525020077e-39
1.1260341232779899e-05 2.186195056796135e-39
1.1522893861159297e-05 2.1868219237512996e-39
1.1791568318464117e-05 2.187478472152556e-39
1.206650734479802e-05 2.18816611269798e-39
1.2347857008475478e-05 2.1888863236451753e-39
1.263576678362426e-05 2.1896406540959278e-39
1.293038962959737e-05 2.1904307274452048e-39
1.3231882072236462e-05 2.191258245003245e-39
1.3540404287030327e-05 2.1921249897998378e-39
1.3856120184212054e-05 2.193032830580485e-39
1.4179197495840522e-05 2.1939837260047996e-39
1.4509807864912299e-05 2.194979729057851e-39
1.484812693655133e-05 2.1960229916860917e-39
1.5194334451324849e-05 2.197115769669945e-39
1.5548614340735104e-05 2.1982604277460542e-39
1.5911154824937624e-05 2.199459444992824e-39
1.6282148512737936e-05 2.2007154204937553e-39
1.6661792503919872e-05 2.2020310792940864e-39
1.7050288493959805e-05 2.2034092786669963e-39
1.7447842881182494e-05 2.204853014706783e-39
1.785466687641539e-05 2.206365429267527e-39
1.8270976615199758e-05 2.207949817266813e-39
1.869699327261814e-05 2.209609634375435e-39
1.91329431807992e-05 2.2113485051153085e-39
1.957905794916243e-05 2.213170231389253e-39
2.003557458746648e-05 2.2150788014678643e-39
2.0502735631726606e-05 2.2170783994603316e-39
2.0980789273068064e-05 2.219173415297898e-39
2.1469989489583918e-05 2.2213684552605418e-39
2.1970596181267336e-05 2.2236683530794633e-39
2.2482875308090033e-05 2.226078181650347e-39
2.3007099031300245e-05 2.2286032653945876e-39
2.354354585801526e-05 2.231249193308385e-39
2.4092500789185385e-05 2.2340218327423135e-39
2.4654255471007912e-05 2.2369273439570333e-39
2.5229108349871537e-05 2.239972195504038e-39
2.5817364830913554e-05 2.243163180483806e-39
2.641933744027406e-05 2.2465074337375812e-39
2.7035345991133382e-05 2.2500124500330642e-39
2.7665717753620915e-05 2.2536861033086973e-39
2.8310787628685666e-05 2.257536667046113e-39
2.8970898326020842e-05 2.2615728358454246e-39
2.964640054613707e-05 2.2658037482837312e-39
3.033765316668089e-05 2.2702390111432587e-39
3.104502343309761e-05 2.274888725102235e-39
3.176888715373972e-05 2.279763511988739e-39
3.25096288995246e-05 2.2848745437055648e-39
3.326764220824756e-05 2.290233572942643e-39
3.4043329793658724e-05 2.295852965802688e-39
3.483710375941493e-05 2.301745736475827e-39
3.5649385818020195e-05 2.307925584109768e-39
3.648060751487119e-05 2.3144069320339117e-39
3.73312104575266e-05 2.3212049695086812e-39
3.820164655032238e-05 2.3283356961853452e-39
3.90923782344573e-05 2.3358159694768635e-39
4.0003878733676586e-05 2.3436635550568874e-39
4.093663230568398e-05 2.351897180722165e-39
4.1891134499415887e-05 2.3605365938733177e-39
4.2867892418314344e-05 2.3696026228904728e-39
4.386742498973848e-05 2.379117242703719e-39
4.489026324065786e-05 2.3891036448838936e-39
4.5936950579773975e-05 2.399586312607214e-39
4.700804308621986e-05 2.4105911008776877e-39
4.8104109804991236e-05 2.422145322424529e-39
4.922573304926602e-05 2.4342778397281596e-39
5.0373508709772956e-05 2.4470191636680185e-39
5.154804657137365e-05 2.4604015593287552e-39
5.27499706370262e-05 2.4744591595486913e-39
5.397991945930254e-05 2.4892280868461794e-39
5.5238546479635675e-05 2.504746584415919e-39
5.6526520375476976e-05 2.5210551569490466e-39
5.784452541554797e-05 2.5381967220982083e-39
5.9193261823375433e-05 2.5562167734825058e-39
6.057344614930286e-05 2.57516355620763e-39
6.198581165117595e-05 2.5950882559644585e-39
6.34311086839044e-05 2.6160452028653066e-39
6.491010509810695e-05 2.6380920912819452e-39
6.642358664805138e-05 2.661290217063845e-39
6.797235740910648e-05 2.6857047336401633e-39
6.955724020492732e-05 2.7114049286451314e-39
7.117907704460117e-05 2.738464522855338e-39
7.283872956998614e-05 2.766961993389433e-39
7.453707951348025e-05 2.79698092329741e-39
7.627502916646401e-05 2.8286103798591357e-39
7.805350185866558e-05 2.8619453241211188e-39
7.987344244870308e-05 2.8970870544285072e-39
8.173581782606456e-05 2.934143686956807e-39
8.364161742479263e-05 2.9732306765168306e-39
8.559185374914618e-05 3.014471381198274e-39
8.758756291151902e-05 3.057997674733508e-39
8.96298051829007e-05 3.103950610805757e-39
9.17196655561724e-05 3.152481143896059e-39
9.385825432253677e-05 3.203750911663435e-39
9.604670766138824e-05 3.257933084283732e-39
9.828618824393714e-05 3.3152132866370004e-39
0.00010057788585090809 3.375790599732003e-39
0.00010292301800464121 3.4398786482916664e-39
0.00010532283061593165 3.507706781996024e-39
0.00010777859864595113 3.579521358491055e-39
0.00011029162678360347 3.655587136923715e-39
0.00011286325013867351 3.7361887914563476e-39
0.00011549483495113791 3.821632554948023e-39
0.00011818777931701482 3.9122480037666257e-39
0.0001209435139311377 4.008389995513241e-39
0.00012376350284724815 4.1104407722992395e-39
0.00012664924425581149 4.218812243115406e-39
0.00012960227127996844 4.333948459769793e-39
0.00013262415279004548 4.456328301845139e-39
0.00013571649423705693 4.5864683871348475e-39
0.0001388809385056415 4.724926225056431e-39
0.00014211916678688624 4.872303631609545e-39
0.00014543289947150178 5.0292504255394617e-39
0.0001488238970638237 5.196468426482915e-39
0.00015229396111712465 5.374715777008845e-39
0.00015584493519073535 5.5648116116197204e-39
0.00015947870582948208 5.767641096948736e-39
0.00016319720356596128 5.984160868573879e-39
0.00016700240394618395 6.215404891074464e-39
0.00017089632857913436 6.46249076918185e-39
0.000174881046210801 6.726626539131273e-39
0.00017895867382325032 7.009117970613584e-39
0.0001831313777593269 7.311376411066447e-39
0.00018740137487357792 7.63492720544702e-39
0.00019177093371001327 7.981418726107901e-39
0.000196242375707327 8.352632048970914e-39
0.00020081807643222024 8.750491313873552e-39
0.00020550046684148122 9.177074808763545e-39
0.0002102920345734925 9.634626819342895e-39
0.0002151953252698519 1.0125570287812823e-38
0.00022021294392780895 1.065252032652923e-38
0.00022534755628423554 1.1218298634614086e-38
0.0002306018902318662 1.1825948867829597e-38
0.00023597873726856003 1.2478753014232894e-38
0.0002414809539803547 1.318024883018776e-38
0.0002471114635590999 1.393424839308174e-38
0.00025287325735547713 1.474485782842262e-38
0.00025876939646823026 1.5616498269672777e-38
0.00026480301337045197 1.6553928109008637e-38
0.000270977313573789 1.756226659592495e-38
0.00027729557733145163 1.8647018837988886e-38
0.00028376116138093086 1.981410225382755e-38
0.0002903775007273506 2.1069874522352125e-38
0.00029714811046840066 2.2421163064040427e-38
0.00030407658766182135 2.387529607960029e-38
0.00031116661323643183 2.5440135158328627e-38
0.0003184219539477161 2.712410945280952e-38
0.00032584646437900766 2.893625139814169e-38
0.00033344408898933415 3.088623393255988e-38
0.0003412188642090111 3.2984409152062587e-38
0.0003491749205840977 3.524184830444214e-38
0.0003573164849708539 3.767038299791171e-38
0.0003656478827813646 4.028264746632366e-38
0.0003741735402815245 4.309212169676214e-38
0.0003828979869426037 4.6113175186057295e-38
0.000391825857847644 4.936111105049725e-38
0.000400961896153964 5.28522101677069e-38
0.0004103109556130814 5.66037749813418e-38
0.0004198780031493915 6.063417254797358e-38
0.00042966812149897106 6.496287635145132e-38
0.000439686511909911 6.961050635333118e-38
0.0004499384969056106 7.459886668901243e-38
0.00046042952311250296 7.995098035848992e-38
0.0004711651641537129 8.569112019878754e-38
0.00048215112361018567 9.184483536302086e-38
0.0004933932380508582 9.8438972469714e-38
0.0005048974801334842 1.0550169052673683e-37
0.0005166699617777604 1.1306246867853315e-37
0.0005287169374124361 1.211521057748944e-37
0.0005410448072981404 1.298027107163206e-37
0.0005536601209276797 1.3904768249709172e-37
0.0005665695805056229 1.489216788448513e-37
0.0005797800445090163 1.594605723471372e-37
0.0005932985313311235 1.7070139296338828e-37
0.000607132223010125 1.8268225584801791e-37
0.0006212884690447563 1.954422734586364e-37
0.0006357747902989163 2.09021450995837e-37
0.0006505988829973161 2.2346056431926684e-37
0.0006657686228142928 2.388010196109482e-37
0.0006812920690579615 2.550846942124471e-37
0.0006971774689519261 2.7235375824857634e-37
0.0007134332620168255 2.906504768672329e-37
0.0007300680845540431 3.100169931724168e-37
0.0007470907742339592 3.3049509220428045e-37
0.0007645103747911887 3.5212594662418457e-37
0.0007823361408292924 3.749498450910316e-37
0.00080057754273752 3.990059046635763e-37
0.0008192442717221943 4.243317689266331e-37
0.0008383462449554094 4.5096329391090095e-37
0.0008578936108437789 4.789342242491456e-37
0.0008778967544200344 5.082758623774715e-37
0.000898366302860337 5.390167339403803e-37
0.0009193131311302326 5.71182252882634e-37
0.0009407483677622533 6.047943899996926e-37
0.000962683400768232 6.398713489616775e-37
0.000985129883689471 6.764272540137245e-37
0.0010080997417879817 7.144718536791249e-37
0.0010316051783820807 7.540102448426954e-37
0.0010556586813297128 7.950426215635837e-37
0.0010802730296629402 8.375640528541388e-37
0.001105461300377127 8.815642934614255e-37
0.0011312368753784248 9.270276313995738e-37
0.0011576134485932472 9.73932775606088e-37
