results/limits/Pino_l.dat
# %ECSV 1.0
# ---
# datatype:
# - {name: mx, unit: MeV, datatype: float64}
# - {name: sigma_10, unit: cm2, datatype: float64}
# - {name: sigma_9, unit: cm2, datatype: float64}
# - {name: sigma_7, unit: cm2, datatype: float64}
# - {name: sigma_6, unit: cm2, datatype: float64}
# - {name: sigma_5, unit: cm2, datatype: float64}
# - {name: sigma_4, unit: cm2, datatype: float64}
# - {name: sigma_3, unit: cm2, datatype: float64}
# - {name: sigma_2, unit: cm2, datatype: float64}
# schema: astropy-2.0
mx sigma_10 sigma_9 sigma_7 sigma_6 sigma_5 sigma_4 sigma_3 sigma_2
[from data line 239]
7.805350185866558e-05 7.948612104816904e-42 9.137357608715485e-42 1.3912724041379744e-41 1.883392841182963e-41 2.9129398507283537e-41 6.145911769863562e-41 8.111527836623755e-41 1.9505262814912844e-41
7.987344244870308e-05 7.761794819491121e-42 8.93027515160821e-42 1.3598277081292332e-41 1.8409480832219924e-41 2.847688972608904e-41 6.010837494465764e-41 7.949876257401352e-41 1.9180267597769842e-41
8.173581782606456e-05 7.579560231658138e-42 8.727932828848894e-42 1.3291047898204036e-41 1.7994802215887924e-41 2.7839485651588767e-41 5.878949859864507e-41 7.79248017966593e-41 1.8866044603110076e-41
8.364161742479263e-05 7.401794495094271e-42 8.530223044771985e-42 1.2990872825894797e-41 1.7589671482963165e-41 2.7216846009470866e-41 5.750178336063156e-41 7.639258224327058e-41 1.8562469697530678e-41
8.559185374914618e-05 7.22838646988899e-42 8.337040644967775e-42 1.2697591915340822e-41 1.7193872576425615e-41 2.6608638262657145e-41 5.624454018887445e-41 7.490131384804901e-41 1.8269427592649628e-41
8.758756291151902e-05 7.059227642906203e-42 8.148282862011994e-42 1.2411048854316252e-41 1.6807194346349315e-41 2.601453743289015e-41 5.501709589376463e-41 7.345022996790663e-41 1.7986812025703833e-41
8.96298051829007e-05 6.89421208328907e-42 7.963849257961785e-42 1.213109087731849e-41 1.642943043441358e-41 2.543422592074919e-41 5.381879278456612e-41 7.20385870516523e-41 1.7714525961945128e-41
9.17196655561724e-05 6.733236374271315e-42 7.783641671292397e-42 1.1857568684664547e-41 1.6060379160114363e-41 2.4867393328203263e-41 5.264898829393992e-41 7.066566445561553e-41 1.7452481822638563e-41
9.385825432253677e-05 6.576199559527787e-42 7.607564164184585e-42 1.1590336361337504e-41 1.5699843411308222e-41 2.4313736285591337e-41 5.15070546049433e-41 6.933076403720956e-41 1.7200601739117604e-41
9.604670766138824e-05 6.423003086065331e-42 7.435522970547969e-42 1.13292512965201e-41 1.5347630535053436e-41 2.377295828681675e-41 5.039237830812475e-41 6.803321005953425e-41 1.6958817834512873e-41
9.828618824393714e-05 6.273550752787171e-42 7.267426447102993e-42 1.1074174109257545e-41 1.5003552233708385e-41 2.324476952303515e-41 4.930436004439814e-41 6.677234891047777e-41 1.6727072535734427e-41
0.00010057788585090809 6.127748657372785e-42 7.103185022271435e-42 1.0824968568102373e-41 1.4667424461993028e-41 2.272888672207098e-41 4.824241416417231e-41 6.554754891626489e-41 1.6505318916839674e-41
0.00010292301800464121 5.985505146960367e-42 6.942711148773119e-42 1.0581501518348883e-41 1.4339067320034886e-41 2.222503298272685e-41 4.720596839172104e-41 6.435820017434846e-41 1.6293521076528254e-41
0.00010532283061593165 5.846730770303827e-42 6.785919257114516e-42 1.0343642811195076e-41 1.401830496200135e-41 2.173293763198591e-41 4.619446349249916e-41 6.320371439826884e-41 1.609165455094287e-41
0.00010777859864595113 5.7113382305318375e-42 6.632725708873799e-42 1.0111265229801778e-41 1.37049654931116e-41 2.1252336061207609e-41 4.520735294855248e-41 6.208352478694193e-41 1.589970676815226e-41
0.00011029162678360347 5.57924233982844e-42 6.483048751646437e-42 9.884244420797098e-42 1.3398880876735476e-41 2.0782969582752258e-41 4.4244102642301843e-41 6.099708594618965e-41 1.5717677535648665e-41
0.00011286325013867351 5.450359975399787e-42 6.336808474891572e-42 9.662458825292927e-42 1.3099886839844778e-41 2.032458527986675e-41 4.330419053702597e-41 5.994387374140716e-41 1.554557958050934e-41
0.00011549483495113791 5.324610037805273e-42 6.193926768242427e-42 9.445789615583942e-42 1.280782278816978e-41 1.9876935878822156e-41 4.238710637493509e-41 5.8923385327944e-41 1.5383439131529539e-41
0.00011818777931701482 5.201913406417816e-42 6.05432727530038e-42 9.234120620482302e-42 1.25225316997419e-41 1.9439779567136438e-41 4.149235137288123e-41 5.793513903945902e-41 1.5231296545174182e-41
0.0001209435139311377 5.082192903002412e-42 5.917935357882538e-42 9.027338274232234e-42 1.224386006107413e-41 1.9012879912771642e-41 4.061943791784885e-41 5.697867442592137e-41 1.5089206997889188e-41
0.00012376350284724815 4.965373248197251e-42 5.78467805024497e-42 8.825331541402719e-42 1.1971657758480685e-41 1.8596005673560025e-41 3.9767889285221946e-41 5.605355227165731e-41 1.495724121071231e-41
0.00012664924425581149 4.851381026217619e-42 5.654484024125723e-42 8.627991866252221e-42 1.170577801371567e-41 1.8188930711789207e-41 3.8937239341488143e-41 5.51593546159794e-41 1.4835486255516497e-41
0.00012960227127996844 4.7401446441444354e-42 5.527283546235096e-42 8.435213103839438e-42 1.1446077285365065e-41 1.7791433824549587e-41 3.812703226414888e-41 5.429568486594024e-41 1.4724046406335144e-41
0.00013262415279004548 4.631594296971179e-42 5.403008443447127e-42 8.246891468388849e-42 1.1192415201617461e-41 1.7403298648184887e-41 3.733682228569732e-41 5.346216786482088e-41 1.4623044061221156e-41
0.00013571649423705693 4.5256619295838476e-42 5.2815920638111076e-42 8.062925471270741e-42 1.0944654471533123e-41 1.702431350922427e-41 3.6566173368882085e-41 5.265845005833676e-41 1.4532620728794344e-41
0.0001388809385056415 4.4222812016922764e-42 5.162969241650292e-42 7.883215867853766e-42 1.0702660816365966e-41 1.6654271322193618e-41 3.581465898788847e-41 5.188419962636607e-41 1.445293808686418e-41
0.00014211916678688624 4.3213874516314754e-42 5.0470762612833664e-42 7.707665600516393e-42 1.0466302887377854e-41 1.6292969454481512e-41 3.508186185167988e-41 5.113910680307926e-41 1.4384179114240268e-41
0.00014543289947150178 4.2229176618242863e-42 4.933850823243942e-42 7.536179746857665e-42 1.0235452196972847e-41 1.5940209618874404e-41 3.4367373632363803e-41 5.042288387518423e-41 1.4326549296180575e-41
0.0001488238970638237 4.1268104245521083e-42 4.823232011229016e-42 7.368665468997263e-42 1.0009983049496841e-41 1.5595797754683386e-41 3.367079473155557e-41 4.973526572473874e-41 1.4280277912029467e-41
0.00015229396111712465 4.033005905344417e-42 4.7151602561561004e-42 7.205031955526219e-42 9.789772459136612e-42 1.5259543922111776e-41 3.299173401906536e-41 4.907600995589111e-41 1.4245619400656177e-41
0.00015584493519073535 3.9414458124146275e-42 4.609577308890459e-42 7.045190383095949e-42 9.574700097116525e-42 1.493126218807425e-41 3.232980859966411e-41 4.844489732862095e-41 1.422285480933761e-41
0.00015947870582948208 3.8520733592120385e-42 4.506426204018794e-42 6.889053856527888e-42 9.364648216454544e-42 1.4610770523589484e-41 3.1684643568629123e-41 4.784173213514528e-41 1.421229333126536e-41
0.00016319720356596128 3.7648332335411663e-42 4.405651233075557e-42 6.736537370417745e-42 9.159501588317118e-42 1.4297890697302203e-41 3.105587179082593e-41 4.726634263436623e-41 1.4214273917267982e-41
0.00016700240394618395 3.679671562863747e-42 4.307197913044743e-42 6.587557758769082e-42 8.959147441104452e-42 1.3992448180372675e-41 3.0443133667115036e-41 4.671858154194296e-41 1.4229166986913085e-41
0.00017089632857913436 3.596535880991648e-42 4.211012957262918e-42 6.44203365195617e-42 8.763475398555929e-42 1.3694272047287197e-41 2.984607692205674e-41 4.619832656190715e-41 1.4257376215908826e-41
0.000174881046210801 3.515375096137249e-42 4.117044248678039e-42 6.299885432872016e-42 8.572377420037683e-42 1.34031948802299e-41 2.926435638871869e-41 4.5705480987371126e-41 1.4299340405000502e-41
0.00017895867382325032 3.436139456933172e-42 4.0252408108064734e-42 6.161035195083278e-42 8.385747743464276e-42 1.31190526803096e-41 2.869763380624726e-41 4.52399743239414e-41 1.435553546327276e-41
0.0001831313777593269 3.3587805207837404e-42 3.9355527823428227e-42 6.025406702574265e-42 8.203482830632632e-42 1.2841684778626891e-41 2.8145577621065654e-41 4.4801763006313395e-41 1.4426476397536014e-41
0.00018740137487357792 3.2832511212346954e-42 3.847931390848778e-42 5.892925350154448e-42 8.025481313271076e-42 1.257093375389117e-41 2.760786279948354e-41 4.439083117382328e-41 1.4512719478108323e-41
0.00019177093371001327 3.209505335922199e-42 3.762328927620576e-42 5.76351812507469e-42 7.85164394081446e-42 1.2306645348223973e-41 2.7084170642490266e-41 4.4007191488660787e-41 1.461486440699718e-41
0.000196242375707327 3.137498455362539e-42 3.67869872404833e-42 5.637113570928676e-42 7.681873531919069e-42 1.204866839262851e-41 2.6574188614964845e-41 4.3650886052878076e-41 1.4733556588943074e-41
0.00020081807643222024 3.067186951207505e-42 3.59699512752741e-42 5.5136417519249885e-42 7.516074926175137e-42 1.1796854731295886e-41 2.607761017983256e-41 4.33219873972215e-41 1.4869489467429446e-41
0.00020550046684148122 2.9985284455037233e-42 3.517173478975397e-42 5.393034218730427e-42 7.354154938255696e-42 1.155105915056906e-41 2.5594134643877156e-41 4.3020599547626184e-41 1.5023406929832441e-41
0.0002102920345734925 2.931481680300994e-42 3.4391900909973203e-42 5.275223976105302e-42 7.196022314925852e-42 1.1311139313656014e-41 2.5123467010549793e-41 4.2746859185738735e-41 1.5196105784261905e-41
0.0002151953252698519 2.866006487553774e-42 3.363002226557406e-42 5.1601454511458727e-42 7.041587692724363e-42 1.1076955695733593e-41 2.466531784367964e-41 4.2500936909899505e-41 1.538843830433256e-41
0.00022021294392780895 2.802063759687424e-42 3.2885680786042353e-42 5.047734463322168e-42 6.89076355853687e-42 1.084837152494996e-41 2.4219403141966134e-41 4.2283038588986026e-41 1.5601314861410542e-41
0.00022534755628423554 2.7396154206643856e-42 3.2158467503587615e-42 4.937928195639182e-42 6.743464211829928e-42 1.062525272633597e-41 2.3785444222361134e-41 4.209340684347504e-41 1.583570663567421e-41
0.0002306018902318662 2.6786243976048942e-42 3.1447982362748376e-42 4.830665166958938e-42 6.599605728626356e-42 1.0407467868865038e-41 2.3363167614913734e-41 4.1932322635552883e-41 1.6092648450738428e-41
0.00023597873726856003 2.619054593101966e-42 3.0753834038034116e-42 4.725885205803379e-42 6.459105927835888e-42 1.0194888117237775e-41 2.295230496724187e-41 4.180010699210843e-41 1.6373241721910956e-41
0.0002414809539803547 2.5608708580893122e-42 3.00756397570325e-42 4.62352942502351e-42 6.321884338810919e-42 9.987387185638491e-42 2.2552592960039932e-41 4.16971228700524e-41 1.667865760080901e-41
0.0002471114635590999 2.5040389653995494e-42 2.941302513031463e-42 4.523540197820236e-42 6.187862171048982e-42 9.78484129580799e-42 2.2163773232730424e-41 4.162377715921632e-41 1.7010140284679179e-41
0.00025287325735547713 2.448525584170834e-42 2.8765623989770216e-42 4.4258611349857245e-42 6.05696228581663e-42 9.58712913894375e-42 2.1785592319958275e-41 4.158052286548624e-41 1.7369010614943803e-41
0.00025876939646823026 2.3942982545440505e-42 2.8133078227167848e-42 4.330437062743669e-42 5.929109168548416e-42 9.394131838619822e-42 2.1417801595892841e-41 4.1567861424585987e-41 1.775667000190718e-41
0.00026480301337045197 2.3413253638055475e-42 2.75150376484329e-42 4.237214002122438e-42 5.804228903786752e-42 9.205732919211427e-42 2.1060157231487302e-41 4.1586345257706307e-41 1.8174604713621115e-41
0.000270977313573789 2.289576122141034e-42 2.6911159817898107e-42 4.146139148510638e-42 5.682249150131648e-42 9.021818273546976e-42 2.071242015667641e-41 4.1636580439063824e-41 1.8624390635367185e-41
0.00027729557733145163 2.239020540368354e-42 2.632110992485304e-42 4.057160852942694e-42 5.5630991183948617e-42 8.842276137880985e-42 2.0374356035017817e-41 4.1719229634812634e-41 1.9107698567344412e-41
0.00028376116138093086 2.1896294074556955e-42 2.574456064179788e-42 3.970228603549254e-42 5.446709548834571e-42 8.66699706392025e-42 2.0045735242646726e-41 4.1835015216768624e-41 1.9626300116851301e-41
0.0002903775007273506 2.1413742690369325e-42 2.51811919908543e-42 3.885293007436666e-42 5.333012690623987e-42 8.495873895428865e-42 1.9726332855523329e-41 4.1984722608815924e-41 2.0182074250976246e-41
0.00029714811046840066 2.094227406721327e-42 2.4630691215328162e-42 3.8023057738556327e-42 5.2219422815047097e-42 8.328801746726306e-42 1.9415928644356573e-41 4.2169203865296154e-41 2.0777014542723212e-41
0.00030407658766182135 2.0481618178932735e-42 2.4092752652045748e-42 3.7212196972291334e-42 5.113433529415734e-42 8.165677981279188e-42 1.9114307072245983e-41 4.2389381504820633e-41 2.1413237116871724e-41
0.00031116661323643183 2.0031511962949165e-42 2.3567077608387786e-42 3.641988641031541e-42 5.007423092364515e-42 8.006402191370937e-42 1.882125729743561e-41 4.2646252582739413e-41 2.2092989266946166e-41
0.0003184219539477161 1.9591699132591715e-42 2.3053374242109126e-42 3.564567522076927e-42 4.9038490615443237e-42 7.850876179995857e-42 1.8536573181404488e-41 4.2940893047745804e-41 2.2818658674290607e-41
0.00032584646437900766 1.916192999348236e-42 2.2551357440523765e-42 3.488912294407726e-42 4.8026509423127155e-42 7.699003941500842e-42 1.8260053298676086e-41 4.3274462381348533e-41 2.3592783122634904e-41
0.00033344408898933415 1.87419612674937e-42 2.206074870391719e-42 3.4149799339540246e-42 4.703769636643436e-42 7.55069164287543e-42 1.7991500945467995e-41 4.364820851642054e-41 2.441806055553453e-41
0.0003412188642090111 1.8331555922512917e-42 2.1581276030784735e-42 3.342728423401494e-42 4.607147425814828e-42 7.405847606118427e-42 1.7730724156669415e-41 4.406347311538501e-41 2.5297359323510185e-41
0.0003491749205840977 1.7930483006337836e-42 2.111267380264319e-42 3.2721167367343336e-42 4.5127279523257966e-42 7.26438228901076e-42 1.7477535715848253e-41 4.452169709478071e-41 2.623372845878323e-41
0.0003573164849708539 1.7538517486182058e-42 2.065468267056281e-42 3.2031048239747666e-42 4.420456202031297e-42 7.126208265809634e-42 1.7231753170662354e-41 4.5024426617252203e-41 2.723040782677659e-41
0.0003656478827813646 1.7155440093601947e-42 2.0207049443287422e-42 3.135653596094291e-42 4.330278486436785e-42 6.991240208335863e-42 1.6993198844877767e-41 4.557331937811884e-41 2.8290838166674986e-41
0.0003741735402815245 1.6781037172970174e-42 1.9769526974483017e-42 3.06972490951219e-42 4.2421424242357355e-42 6.85939486500612e-42 1.6761699850433593e-41 4.617015135506345e-41 2.941867103903432e-41
0.0003828979869426037 1.641510053539582e-42 1.9341874051931275e-42 3.005281550861384e-42 4.155996922783701e-42 6.730591039615565e-42 1.6537088098134834e-41 4.681682397990871e-41 3.061777896239653e-41
0.000391825857847644 1.6057427315886672e-42 1.89238552857799e-42 2.942287221332624e-42 4.071792159274947e-42 6.604749569282002e-42 1.6319200305864274e-41 4.751537180609565e-41 3.1892266126921015e-41
0.000400961896153964 1.5707819835004065e-42 1.8515240997792484e-42 2.880706521066239e-42 3.9894795613606866e-42 6.481793300870495e-42 1.6107878004903864e-41 4.826797069682291e-41 3.3246480366776294e-41
0.0004103109556130814 1.536608546411763e-42 1.811580711056605e-42 2.820504933346579e-42 3.909011787523953e-42 6.361647066724088e-42 1.5902967543935005e-41 4.907694657187924e-41 3.468502708395698e-41
0.0004198780031493915 1.5032036494086212e-42 1.7725335036687608e-42 2.761648808593934e-42 3.83034270674273e-42 6.244237658474469e-42 1.5704320088268184e-41 4.99447847641547e-41 3.62127860473426e-41
0.00042966812149897106 1.470549000731099e-42 1.7343611567984102e-42 2.7041053481915657e-42 3.753427378060234e-42 6.129493800424314e-42 1.5511791618070318e-41 5.087414000627728e-41 3.7834931810464747e-41
0.000439686511909911 1.4386267752960217e-42 1.6970428764809462e-42 2.6478425881357015e-42 3.6782220290712485e-42 6.017346120441014e-42 1.5325242919827865e-41 5.186784708551782e-41 3.9556958357158595e-41
0.0004499384969056106 1.4074196025171375e-42 1.660558384532596e-42 2.5928293824982132e-42 3.604684034801958e-42 5.90772712067252e-42 1.5144539575456168e-41 5.292893221143304e-41 4.1384708132150984e-41
0.00046042952311250296 1.3769105542927306e-42 1.624887907319553e-42 2.539035386314531e-42 3.53277189507651e-42 5.800571145652352e-42 1.4969551944998937e-41 5.406062506598213e-41 4.33244050917221e-41
