results/limits/Pino_h.dat
# %ECSV 1.0
# ---
# datatype:
# - {name: mx, unit: MeV, datatype: float64}
# - {name: sigma, unit: cm2, datatype: float64}
# schema: astropy-2.0
mx sigma
[from data line 6625]
1.8483604988129003 8.880126808288925e-31
1.8518114269960029 8.929873567684016e-31
1.8552687981350793 8.97989869416855e-31
1.8587326242592728 9.030203742476583e-31
1.8622029174201729 9.0807902759455e-31
1.8656796896918706 9.131659866647649e-31
1.8691629531710103 9.182814095372136e-31
1.8726527199768102 9.234254551750876e-31
1.876149002251115 9.285982834242372e-31
1.8796518121584498 9.338000550196152e-31
1.8831611618860398 9.390309315909518e-31
1.8866770636438681 9.44291075670217e-31
1.8901995296647098 9.495806506916092e-31
1.8937285722041908 9.54899820999112e-31
1.8972642035408067 9.60248751853051e-31
1.9008064359759775 9.656276094322293e-31
1.9043552818341014 9.710365608391827e-31
1.9079107534625757 9.764757741093974e-31
1.9114728632318494 9.819454182084508e-31
1.91504162353548 9.874456630472733e-31
1.9186170467901522 9.929766794822365e-31
1.9221991454357323 9.985386393116466e-31
1.9257879319353248 1.0041317153024198e-30
1.9293834187752907 1.0097560811771046e-30
1.9329856184653031 1.0154119116640608e-30
1.9365945435384033 1.0210993823312018e-30
1.9402102065510198 1.0268186698760629e-30
1.9438326200830245 1.0325699519619982e-30
1.9474617967377879 1.0383534070838106e-30
1.9510977491421992 1.044169214943867e-30
1.954740489946723 1.0500175561103177e-30
1.9583900318254532 1.0558986121852276e-30
1.9620463874761362 1.0618125657923689e-30
1.9657095696202238 1.0677596005605638e-30
1.9693795910029321 1.0737399010060835e-30
1.9730564643932604 1.0797536538366788e-30
1.9767402025840517 1.0858010428637206e-30
1.98043081839203 1.0918822595837625e-30
1.9841283246578605 1.0979974928711824e-30
1.9878327342461692 1.104146925498205e-30
1.9915440600456018 1.1103307558923294e-30
1.9952623149688788 1.1165491761145581e-30
1.998987511952817 1.1228023792961643e-30
2.002719663958387 1.1290905488683648e-30
2.0064587839707686 1.1354138899632751e-30
2.010204884999375 1.1417725995082372e-30
2.013957980077907 1.148166874965995e-30
2.017718082264411 1.15459691489959e-30
2.0214852046413037 1.1610629075660619e-30
2.0252593603154234 1.1675650620182407e-30
2.029040562418094 1.1741035828196983e-30
2.0328288241051427 1.1806786729840918e-30
2.0366241585569584 1.1872905366561115e-30
2.0404265789785514 1.1939393791178078e-30
2.0442360985995727 1.2006253917166083e-30
2.048052730674374 1.207348794999298e-30
2.0518764884820655 1.214109799240428e-30
2.055707385326537 1.2209086143208156e-30
2.0595454345365214 1.2277454512903768e-30
2.0633906494656324 1.234620522374633e-30
2.067243043492428 1.2415340318111757e-30
2.0711026300204303 1.2484861934328275e-30
2.0749694224781883 1.2554772323352198e-30
2.0788434343193334 1.26250736549622e-30
2.082724679022603 1.2695768111020881e-30
2.0866131700918995 1.2766857885542267e-30
2.09050892105635 1.2838345184759639e-30
2.0944119454703287 1.2910232056793585e-30
2.0983222569135154 1.2982520865247068e-30
2.1022398689909565 1.3055213884250676e-30
2.106164795333086 1.3128313369424944e-30
2.110097049595787 1.320182158895033e-30
2.1140366454604513 1.327574082363723e-30
2.117983596634 1.3350073310391278e-30
2.121937916848947 1.3424821259353019e-30
2.1258996198634565 1.3499987135477307e-30
2.1298687194613684 1.3575573270624974e-30
2.133845229452255 1.3651582009638677e-30
2.1378291636714857 1.3728015710415554e-30
2.1418205359802487 1.380487672635344e-30
2.145819360265609 1.3882167274026756e-30
2.1498256504405737 1.3959889929498206e-30
2.1538394204441134 1.4038047103441684e-30
2.157860684241225 1.411664121994938e-30
2.161889455822976 1.4195674716606305e-30
2.1659257492065684 1.4275149948366796e-30
2.1699695784353605 1.435506938197938e-30
2.1740209575789304 1.4435435583930329e-30
2.178079900733138 1.451625104637317e-30
2.182146422020147 1.4597518275330636e-30
2.1862205355884874 1.4679239668710828e-30
2.1903022556131173 1.476141783910412e-30
2.194391596295448 1.484405537262615e-30
2.1984885718634035 1.4927154829916791e-30
2.202593196571487 1.5010718666583028e-30
2.2067054847007994 1.509474959155241e-30
2.2108254505591063 1.5179250174652182e-30
2.2149531084808998 1.5264223023449372e-30
2.21908847282742 1.5349670775069786e-30
2.2232315579867206 1.5435596077752875e-30
2.2273823783737323 1.552200158793989e-30
2.2315409484302835 1.5608890028467044e-30
2.235707282625168 1.5696263975460559e-30
2.239881395454204 1.5784126235468885e-30
2.2440633014402627 1.587247954554424e-30
2.2482530151333324 1.5961326603562746e-30
2.252450551110564 1.6050670060703805e-30
2.2566559239763357 1.6140512822050768e-30
2.2608691483622803 1.623085767152968e-30
2.2650902389273475 1.6321707408550193e-30
2.269319210357869 1.6413064704870172e-30
2.2735560773675836 1.6504932447308704e-30
2.2778008546976998 1.6597313561701298e-30
2.2820535571169627 1.6690210910066205e-30
2.2863141994216765 1.6783627370336464e-30
2.2905827964357712 1.6877565739939768e-30
2.2948593630108665 1.6972028854533102e-30
2.2991439140262973 1.706701980238889e-30
2.303436464389178 1.7162541525767336e-30
2.3077370290344685 1.7258596983287623e-30
2.312045622925 1.7355189150017552e-30
2.3163622610515375 1.7452320830205607e-30
2.3206869584328502 1.7549995104460248e-30
2.325019730115732 1.7648215102787266e-30
2.329360591175071 1.774698386671962e-30
2.333709556713913 1.7846304454697293e-30
2.3380666418634886 1.7946179942160777e-30
2.342431861783278 1.8046613205047628e-30
2.3468052316610786 1.8147607461875e-30
2.3511867667130306 1.824916593678637e-30
2.355576482183686 1.8351291773905846e-30
2.3599743933460555 1.8453988134830615e-30
2.364380515501679 1.855725819872877e-30
2.368794863980649 1.8661104904424854e-30
2.373217454141681 1.8765531650538148e-30
2.37764830137218 1.8870541732613942e-30
2.3820874210882637 1.8976138400807736e-30
2.386534828734834 1.9082324923334008e-30
2.3909905397856415 1.9189104509625714e-30
2.395454569743313 1.929648030172205e-30
2.3999269341394194 1.9404455851705177e-30
2.4044076485345425 1.9513034500769454e-30
2.4088967285183034 1.9622219608669674e-30
2.413394189709428 1.9732014484083187e-30
2.417900047755817 1.984242237203761e-30
2.4224143183345728 1.9953446900864414e-30
2.426937017152066 2.0065091505355207e-30
2.4314681599440076 2.017735963937966e-30
2.4360077624754704 2.0290254536231493e-30
2.440555840540963 2.040377991122568e-30
2.4451124099644965 2.0517939284465505e-30
2.4496774865996116 2.0632736074998253e-30
2.454251086329452 2.074817386376047e-30
2.4588332250668112 2.0864256261640034e-30
2.463423918754207 2.0980986804240206e-30
2.468023183363907 2.1098369121249977e-30
2.472631034898 2.121640683662476e-30
2.477247489388465 2.1335103597096357e-30
2.4818725628971996 2.1454463070068093e-30
2.4865062715160873 2.1574488942986503e-30
2.4911486313670728 2.1695184923782035e-30
2.4957996586021833 2.1816554740943962e-30
2.500459369403605 2.1938602143143516e-30
2.505127779983748 2.206133090078703e-30
2.50980490658528 2.2184744804628162e-30
2.514490765481192 2.230884766574103e-30
2.5191853729748725 2.243364331698065e-30
2.523888745400134 2.2559135612329847e-30
2.5286008991212836 2.268532842700258e-30
2.533321850533197 2.2812225657650483e-30
2.5380516160613444 2.2939831222423977e-30
2.542790212161862 2.3068149061227424e-30
2.5475376553216256 2.3197183135661507e-30
2.552293962058277 2.3326937429314433e-30
2.5570591489202967 2.3457415947741606e-30
2.5618332324870776 2.3588622718647888e-30
2.56661622936895 2.3720561791978845e-30
2.571408156207262 2.385323724004192e-30
2.5762090296744264 2.398665315789771e-30
2.581018866473999 2.4120813662886374e-30
2.585837683340706 2.425572289530697e-30
2.5906654970405176 2.439138501826275e-30
2.595502324370722 2.4527804217932443e-30
2.600348182159953 2.4664984703545382e-30
2.6052030872682628 2.4802930707631182e-30
2.6100670565871993 2.494164648624126e-30
2.6149401070398297 2.5081136318547155e-30
2.6198222555808175 2.522140450778153e-30
2.624713519196497 2.5362455380733833e-30
2.6296139149049007 2.5504293288145003e-30
2.634523459755833 2.5646922604773676e-30
2.6394421708309483 2.5790347729532184e-30
2.644370065243775 2.5934573085778156e-30
2.649307160139794 2.6079603120738265e-30
2.6542534726965132 2.6225442307108758e-30
2.6592090201234946 2.637209514152819e-30
2.6641738196624307 2.651956614582495e-30
2.669147888587222 2.6667859866567233e-30
2.6741312442040024 2.6816980875629924e-30
2.6791239038512225 2.6966933769996145e-30
2.6841258848996983 2.71177231720727e-30
2.689137204752695 2.72693537287898e-30
2.694157880845952 2.742183011955413e-30
2.6991879306477626 2.7575157030849e-30
2.7042273716590506 2.7729339201940453e-30
2.7092762214133974 2.7884381376728532e-30
2.7143344974771195 2.8040288334237472e-30
2.7194022174493475 2.8197064878546697e-30
2.7244793989620524 2.835471584010331e-30
2.729566059680126 2.8513246076053264e-30
2.7346622173014556 2.8672660470198923e-30
2.7397678895569557 2.8832963933336873e-30
2.744883094210644 2.8994161403538273e-30
2.7500078490597204 2.915625784584525e-30
2.755142171934597 2.931925825290377e-30
2.760286080698975 2.9483167644668454e-30
2.765439593249923 2.9647991069022487e-30
2.7706027275179097 2.9813733601342853e-30
2.775775501466878 2.9980400345403393e-30
2.7809579330943284 3.0147996432869957e-30
2.786150040431345 3.0316527023753532e-30
2.7913518415426766 3.0485997306230423e-30
2.7965633545268163 3.065641249773498e-30
2.801784597516031 3.0827777844609386e-30
2.807015588676446 3.1000098619452344e-30
2.812256346208098 3.1173380128065377e-30
2.817506888345019 3.134762770299016e-30
2.82276723335527 3.1522846706385247e-30
2.828037399541017 3.169904253017564e-30
2.833317405238613 3.1876220596178086e-30
2.83860726881863 3.205438635579766e-30
2.843907008685938 3.223354529059289e-30
2.8492166432797847 3.2413702912328806e-30
2.854536191073829 3.259486476289871e-30
2.85986567057622 3.277703641506047e-30
2.8652051003296783 3.296022347270081e-30
2.870554498911528 3.314443156915828e-30
2.8759138849337766 3.3329666369950614e-30
2.8812832770431993 3.351593357141846e-30
2.8866626939213655 3.370323890130635e-30
2.892052154284726 3.389158811885341e-30
2.897451676884691 3.408098701510019e-30
2.902861280507665 3.427144141159327e-30
2.908280983975123 3.4462957172638136e-30
2.913710806143703 3.4655540167186866e-30
2.9191507659052265 3.4849196332320176e-30
2.9246008821867946 3.504393161932755e-30
2.9300611739508393 3.5239751981730904e-30
2.935531660195214 3.543666346641279e-30
2.941012359953223 3.5634672126965234e-30
2.946503292293707 3.583378404429319e-30
2.9520044763211253 3.6034005332311876e-30
2.957515931175589 3.623534214586103e-30
2.9630376760329433 3.643780066141146e-30
2.968569730104854 3.66413870980611e-30
2.974112112638837 3.684610770958086e-30
2.9796648429183423 3.705196882222221e-30
2.985227940262843 3.725897667969732e-30
2.9908014240278633 3.746713770616027e-30
2.9963853136050633 3.7676458267184314e-30
3.0019796284223275 3.7886944804207606e-30
3.0075843879437927 3.809860373624745e-30
3.0131996116699375 3.8311441679140876e-30
3.0188253191376657 3.85254649464178e-30
3.0244615299203383 3.8740680429922856e-30
3.030108263627861 3.895709433014691e-30
3.035765539906769 3.917471366664074e-30
3.041433378440261 3.939354487649615e-30
3.047111798948289 3.961359479113862e-30
3.052800821187618 3.9834870138362536e-30
3.0585004649519165 4.0057377670416985e-30
3.064210750071791 4.028112426352396e-30
3.0699316964148706 4.050611676691241e-30
3.075663323885898 4.073236203409382e-30
3.0814056524267586 4.095986707864579e-30
3.08715870201657 4.118863884172662e-30
3.09292249267177 4.141868432856278e-30
3.09869704444615 4.1650010606628904e-30
3.104482377430939 4.1882624807599035e-30
3.1102785117548994 4.211653396988314e-30
3.1160854675843526 4.235174534206558e-30
3.121903265123273 4.258826613017543e-30
3.127731924613374 4.2826103537448214e-30
3.1335714663341423 4.3065264904174265e-30
3.1394219106029264 4.3305757551145154e-30
3.1452832777750266 4.354758878382992e-30
3.151155588243729 4.3790766183407075e-30
3.1570388624403933 4.403529691303557e-30
3.1629331208345444 4.4281188862223914e-30
3.1688383839339056 4.452844907037644e-30
3.1747546722844877 4.477708561561275e-30
3.180682006470681 4.502710567596571e-30
3.1866204071152877 4.527851730449366e-30
3.192569894879621 4.553132782513561e-30
3.1985304904635603 4.5785545268211905e-30
3.2045022146056543 4.604117730972434e-30
3.210485088083149 4.629823174501844e-30
3.216479131712084 4.6556716494314174e-30
3.2224843663473814 4.681663945353834e-30
3.22850081288288 4.707800857964491e-30
3.2345284922514286 4.73408318730938e-30
3.2405674254249774 4.760511737776549e-30
3.246617633414612 4.7870873181344254e-30
3.2526791372706465 4.8138107416329266e-30
3.258751958082715 4.840682825916397e-30
3.2648361169798084 4.867704393198558e-30
3.2709316351303643 4.894876270036455e-30
3.2770385337423624 4.922199287820076e-30
3.2831568340633592 4.949674281676281e-30
3.2892865573805796 4.9773020926124836e-30
3.2954277250210127 5.0050835653956145e-30
3.3015803583514463 5.033019549651147e-30
3.3077444787785586 5.061110899249635e-30
3.3139201077490164 5.089358473168612e-30
3.3201072667495066 5.117763134840005e-30
3.32630597730684 5.146325752656582e-30
3.3325162609880103 5.1750471996991334e-30
3.338738139400299 5.203928353747367e-30
3.3449716341913076 5.232970097373591e-30
3.3512167670490536 5.2621733180180856e-30
3.3574735597020684 5.291538907969614e-30
3.3637420339194297 5.321067764428268e-30
3.3700222115108582 5.350760789429682e-30
3.376314114326815 5.380618889983691e-30
3.3826177642585358 5.410642978034395e-30
3.388933183238127 5.4408339705793075e-30
3.3952603932386647 5.471192789528786e-30
3.4015994162742276 5.501720361875397e-30
3.4079502743999948 5.532417619722207e-30
3.4143129897123443 5.563285500182585e-30
3.4206875843488875 5.594324945544993e-30
3.4270740804885675 5.625536903212523e-30
3.4334725003517566 5.656922325810686e-30
3.4398828662002914 5.68848217111519e-30
3.4463052003375734 5.7202174021545834e-30
3.452739525108664 5.7521289872557066e-30
3.4591858629003243 5.7842178998975556e-30
3.4656442361411104 5.816485119057195e-30
3.4721146673014753 5.848931628917849e-30
3.478597178893802 5.88155841913041e-30
3.4850917934725145 5.914366484650601e-30
3.4915985336341357 5.94735682592079e-30
3.4981174220174007 5.980530448903443e-30
3.5046484813032897 6.013888364858399e-30
3.5111917342151275 6.047431590763958e-30
3.5177472035186867 6.081161149064482e-30
3.524314912022222 6.115078067743093e-30
3.5308948825765722 6.1491833804715014e-30
3.5374871380752597 6.1834781265198616e-30
3.5440917014545286 6.2179633507041316e-30
3.550708595693445 6.2526401038236676e-30
3.5573378438139995 6.287509442096356e-30
3.563979468881144 6.322572427789749e-30
3.5706334940028914 6.3578301282156e-30
3.577299942330422 6.393283617965484e-30
3.583978837058116 6.428933976656461e-30
3.5906702014236584 6.464782288848294e-30
3.5973740587081426 6.500829646422276e-30
3.6040904322361045 6.537077146633568e-30
3.610819345375629 6.573525892769536e-30
3.6175608215384507 6.610176994136142e-30
3.6243148841799933 6.647031566129541e-30
3.631081556799478 6.684090729926664e-30
3.637860862939994 6.721355613270966e-30
3.644652826188607 6.758827349690706e-30
3.6514574701763984 6.796507079110231e-30
3.6582748185785694 6.834395947474312e-30
3.6651048951145455 6.872495107071136e-30
3.6719477235480147 6.910805716397839e-30
3.6788033276870316 6.949328940345214e-30
3.685671731384124 6.988065950068613e-30
3.692552958536331 7.027017922960444e-30
3.699447033085306 7.066186043134411e-30
3.7063539790174276 7.105571500916185e-30
3.7132738203638316 7.145175493124942e-30
3.720206581200522 7.184999223198244e-30
3.7271522856484767 7.225043900872287e-30
3.734110957873684 7.265310742752523e-30
3.7410826220872506 7.305800971901045e-30
3.7480673025455093 7.346515818041231e-30
3.755065023550057 7.387456517589255e-30
3.7620758094478624 7.42862431367009e-30
3.7690996846313722 7.470020456106483e-30
3.7761366735385526 7.511646201617936e-30
3.783186800652996 7.553502813705808e-30
3.7902500905040286 7.595591562724694e-30
3.797326567666751 7.637913725878212e-30
3.8044162567621527 7.680470587347189e-30
3.811519182457184 7.723263438301334e-30
3.818635369464873 7.766293576914845e-30
