results/limits/Pino_l_phase.dat
# %ECSV 1.0
# ---
# datatype:
# - {name: mx, unit: MeV, datatype: float64}
# - {name: sigma_10, unit: cm2, datatype: float64}
# - {name: sigma_9, unit: cm2, datatype: float64}
# - {name: sigma_7, unit: cm2, datatype: float64}
# - {name: sigma_6, unit: cm2, datatype: float64}
# - {name: sigma_5, unit: cm2, datatype: float64}
# - {name: sigma_4, unit: cm2, datatype: float64}
# - {name: sigma_3, unit: cm2, datatype: float64}
# - {name: sigma_2, unit: cm2, datatype: float64}
# schema: astropy-2.0
mx sigma_10 sigma_9 sigma_7 sigma_6 sigma_5 sigma_4 sigma_3 sigma_2
[from data line 478]
0.01926569962258253 4.3352087032258875e-49 5.4206970847147595e-49 1.0857780032749653e-48 2.1667465641590736e-48 1.3371722709069907e-47 5.5614794088128583e-45 5.978155956843991e-42 1.4845189798580018e-41
0.019714909816919448 4.3439150355723685e-49 5.4343160435632076e-49 1.0912536811820148e-48 2.1882028776918115e-48 1.3822155082803848e-47 6.043382002029804e-45 6.55399603887963e-42 1.627832845421754e-41
0.020174594055939365 4.352656453886081e-49 5.4480036793478785e-49 1.096784803451672e-48 2.2100703257412207e-48 1.4294594509667093e-47 6.56856326275098e-45 7.185377501952023e-42 1.7849850225698634e-41
0.02064499655852557 4.3614331686030626e-49 5.461760509596959e-49 1.1023722112118688e-48 2.2323601436345232e-48 1.4790351091207564e-47 7.14100741572222e-45 7.877661053402344e-42 1.9573118716637063e-41
0.021126367237910063 4.3702453919290875e-49 5.475587057196016e-49 1.1080167625870477e-48 2.2550839537807578e-48 1.531082422807557e-47 7.765072513104521e-45 8.636724971448081e-42 2.146278811491843e-41
0.021618961834446313 4.379093337898981e-49 5.489483850465224e-49 1.1137193331215159e-48 2.2782537814476293e-48 1.585750934536364e-47 8.445526010722757e-45 9.46901508411718e-42 2.3534927833432895e-41
0.02212304205147776 4.387977222314511e-49 5.503451423187888e-49 1.1194808162127481e-48 2.3018820712741e-48 1.6432005163411189e-47 9.18758376130594e-45 1.0381599574746347e-41 2.5807159188380356e-41
0.022638875694374342 4.396897262848778e-49 5.517490314733627e-49 1.1253021235601761e-48 2.3259817045573306e-48 1.7036021560728882e-47 9.996952754357562e-45 1.1382229080172289e-41 2.8298805277721863e-41
0.0231667368128109 4.405853678969489e-49 5.531601070062765e-49 1.1311841856250569e-48 2.3505660173546405e-48 1.767138807982629e-47 1.0879877964103716e-44 1.2479402592762183e-41 3.103105533463118e-41
0.02370690584636297 4.414846692026966e-49 5.545784239834742e-49 1.1371279521055218e-48 2.3756488194432486e-48 1.834006313122859e-47 1.184319370184014e-44 1.368243972679498e-41 3.4027144953924375e-41
0.024259669773497434 4.423876525235996e-49 5.560040380458847e-49 1.1431343924256155e-48 2.401244414183689e-48 1.904414395587378e-47 1.2894379907230348e-44 1.5001559963838005e-41 3.731255372446106e-41
0.024825322264037063 4.4329434037140184e-49 5.574370054183293e-49 1.149204496238809e-48 2.4273676193346603e-48 1.9785877411429458e-47 1.4041623855019976e-44 1.64479695511245e-41 4.0915221948565536e-41
0.025404163835180054 4.442047554470294e-49 5.588773829131439e-49 1.155339273946572e-48 2.4540337888706516e-48 2.0567671653896671e-47 1.529388779958081e-44 1.8033956792031668e-41 4.486578829187048e-41
0.025996502011157406 4.4511892064274764e-49 5.603252279421798e-49 1.1615397572337537e-48 2.4812588358561463e-48 2.139210879221969e-47 1.6660983130072472e-44 1.977299653913943e-41 4.919785038502034e-41
0.026602651486612925 4.460368590477827e-49 5.617805985196319e-49 1.1678069996189145e-48 2.5090592564337712e-48 2.2261958600543585e-47 1.8153651664234065e-44 2.1679864778624944e-41 5.394825059389839e-41
0.027222934293792744 4.4695859394395235e-49 5.632435532718221e-49 1.1741420770225178e-48 2.5374521549869005e-48 2.3180193380304663e-47 1.9783654769363229e-44 2.377076428058179e-41 5.915738938912785e-41
0.027857679973633073 4.4788414881351885e-49 5.647141514461611e-49 1.1805460883524932e-48 2.566455270541134e-48 2.4150004072559316e-47 2.1563871065416296e-44 2.606346238397707e-41 6.486956898035357e-41
0.02850722575083718 4.4881354733689595e-49 5.6619245291607695e-49 1.1870201561069335e-48 2.5960870044727112e-48 2.51748177299146e-47 2.350840353793588e-44 2.857744208817398e-41 7.113337013824638e-41
0.02917191671303455 4.497468133949972e-49 5.676785181906312e-49 1.1935654269969368e-48 2.626366449596226e-48 2.6258316467182046e-47 2.563269696829578e-44 3.1334067736129865e-41 7.800206540946475e-41
0.029852105994117403 4.506839710748559e-49 5.691724084224537e-49 1.2001830725872806e-48 2.6573134207082505e-48 2.7404458020510893e-47 2.795366667622863e-44 3.4356766698493973e-41 8.55340722393689e-41
0.030548154961852016 4.516250446656745e-49 5.706741854156885e-49 1.206874289959181e-48 2.6889484866683545e-48 2.861749805633861e-47 3.048983966550722e-44 3.767122860392899e-41 9.37934498567375e-41
0.031260433409864494 4.525700586647532e-49 5.721839116328708e-49 1.2136403023911347e-48 2.7212930041038077e-48 2.9902014384117824e-47 3.326150936880669e-44 4.13056238102264e-41 1.0285044414697747e-40
0.031989319754103004 4.5351903777967565e-49 5.737016502081582e-49 1.2204823600632266e-48 2.754369152829817e-48 3.1262933240523175e-47 3.629090530306961e-44 4.5290842974443527e-41 1.127820851485088e-40
0.0327352012338808 4.544720069268775e-49 5.752274649495082e-49 1.2274017407837848e-48 2.7881999730826436e-48 3.270555782781421e-47 3.960237907311375e-44 4.966075975975494e-41 1.2367284225461834e-40
0.03349847411760691 4.554289912407584e-49 5.767614203548064e-49 1.2343997507376284e-48 2.8228094046691574e-48 3.423559930534032e-47 4.3222608299840417e-44 5.445251891350988e-41 1.3561534269392268e-40
0.034279543913313774 4.563900160645618e-49 5.783035816111668e-49 1.2414777252589799e-48 2.8582223281428905e-48 3.585921045093477e-47 4.718082020139178e-44 5.970685216678899e-41 1.4871115940082747e-40
0.03507882558409363 4.573551069650335e-49 5.798540146154786e-49 1.2486370296299752e-48 2.894464608123464e-48 3.758302222829017e-47 5.150903672227184e-44 6.54684246424007e-41 1.630716749776039e-40
0.03589674376855814 4.5832428972242955e-49 5.814127859693167e-49 1.2558790599031716e-48 2.931563138883845e-48 3.941418351747963e-47 5.624234328820157e-44 7.178621471775848e-41 1.7881902909693947e-40
0.03673373300643846 4.592975903476764e-49 5.82979963009677e-49 1.2632052437522384e-48 2.9695458923377506e-48 4.1360404288735215e-47 6.141918346558512e-44 7.871393276537242e-41 1.9608718000614294e-40
0.037590237969445384 4.602750350689191e-49 5.845556137946564e-49 1.2706170413488148e-48 3.0084419685678435e-48 4.3430002524587593e-47 6.708168201943568e-44 8.631046950677658e-41 2.1502295572291263e-40
0.038466713697512506 4.612566503386876e-49 5.861398071272882e-49 1.2781159462691132e-48 3.0482816490448045e-48 4.563195522270293e-47 7.327599911856002e-44 9.4640409074914e-41 2.357874320465265e-40
0.03936362584054766 4.6224246284703995e-49 5.8773261256451194e-49 1.2857034864291792e-48 3.089096452696574e-48 4.797595384139871e-47 8.005271867840574e-44 1.0377457045055324e-40 2.585572187183534e-40
0.04028145090582124 4.632324995069874e-49 5.8933410042240904e-49 1.2933812250518782e-48 3.130919194997839e-48 5.047246458213672e-47 8.746727414385229e-44 1.1379061166774993e-40 2.835259820937779e-40
0.04122067651112274 4.642267874695726e-49 5.9094434179092415e-49 1.3011507616646224e-48 3.17378405026075e-48 5.313279393848828e-47 9.558041531910286e-44 1.2477369029671116e-40 3.1090609244705946e-40
0.04218180164382002 4.652253541212001e-49 5.925634085443426e-49 1.309013733131489e-48 3.217726617319722e-48 5.596915997942414e-47 1.0445872020454292e-43 1.368171877143111e-40 3.409304303712138e-40
0.043165336925959 4.662282270802753e-49 5.9419137334112265e-49 1.3169718147177425e-48 3.262783988816082e-48 5.899476987659035e-47 1.1417515618202047e-43 1.5002350332276188e-40 3.7385436763818236e-40
0.044171804885544536 4.672354342182332e-49 5.958283096589042e-49 1.3250267211926738e-48 3.308994824301777e-48 6.222390423080478e-47 1.24809695309118e-43 1.6450492547192051e-40 4.099579393685117e-40
0.04520174023414663 4.682470036386473e-49 5.97474291774838e-49 1.3331802079663566e-48 3.356399427396099e-48 6.567200880270167e-47 1.3644998894258357e-43 1.8038458649314358e-40 4.495482259870542e-40
0.046255690150979495 4.692629636958873e-49 5.991293948010523e-49 1.3414340722671478e-48 3.405039827245009e-48 6.935579430665269e-47 1.4919210741511208e-43 1.977975099680555e-40 4.9296196522564625e-40
0.047334214573604344 4.7028334299161935e-49 6.007936946840971e-49 1.3497901543577296e-48 3.4549598645495924e-48 7.329334498622413e-47 1.6314135104237896e-43 2.168917591401389e-40 5.4056841639051325e-40
0.048437886495410414 4.713081703786721e-49 6.024672682204196e-49 1.3582503387928713e-48 3.5062052824479985e-48 7.750423675396149e-47 1.7841313934334274e-43 2.37829696237369e-40 5.927725012579155e-40
0.04956729227003216 4.723374749644424e-49 6.04150193065918e-49 1.3668165557199481e-48 3.5588238225546496e-48 8.200966574874265e-47 1.95133986021506e-43 2.6078936341752177e-40 6.500182483145605e-40
0.05072303192286451 4.733712861129482e-49 6.058425477525962e-49 1.3754907822244e-48 3.612865326481595e-48 8.683258824088418e-47 2.1344256798370795e-43 2.8596599708230206e-40 7.127925696395813e-40
0.051905719469841495 4.744096334451273e-49 6.075444116907029e-49 1.3842750437216246e-48 3.668381843188639e-48 9.199787289923832e-47 2.334908974723114e-43 3.1357368844086908e-40 7.816294025543202e-40
0.05311598324364777 4.754525468431406e-49 6.092558651896247e-49 1.3931714153953102e-48 3.725427742533302e-48 9.753246652639347e-47 2.5544560726313206e-43 3.4384720444732398e-40 8.571142512689031e-40
0.05435446622753626 4.76500056460477e-49 6.109769894748378e-49 1.402182023688812e-48 3.784059835417277e-48 1.0346557446853722e-46 2.794893598426218e-43 3.7704398460087105e-40 9.398891671569762e-40
0.05562182639692926 4.775521927102624e-49 6.127078666853108e-49 1.411309047845896e-48 3.844337500953688e-48 1.0982885701641567e-46 3.0582239253177165e-43 4.134463305932335e-40 1.030658210020955e-39
0.056918737068984544 4.786089862828507e-49 6.1444857990371075e-49 1.4205547215062764e-48 3.9063228211092845e-48 1.1665664323404896e-46 3.346642116799694e-43 4.533638074282774e-40 1.1301934368014705e-39
0.058245887260312136 4.796704681361275e-49 6.161992131543197e-49 1.4299213343579936e-48 3.970080723307581e-48 1.2398616378347105e-46 3.662554503194036e-43 4.9713587643755334e-40 1.2393414686711576e-39
0.05960398205303182 4.807366695084824e-49 6.179598514256403e-49 1.4394112338472834e-48 4.035679131513841e-48 1.318578044578826e-46 4.008599050603446e-43 5.451347825879897e-40 1.3590306923726819e-39
0.06099374296936585 4.818076219139003e-49 6.197305806804717e-49 1.449026826949784e-48 4.10318912635901e-48 1.4031538229348057e-46 4.387667695315803e-43 5.977687206409682e-40 1.490279157055827e-39
0.06241590835496589 4.828833571573207e-49 6.215114878800012e-49 1.45877058200448e-48 4.1726851149006446e-48 1.4940644630322507e-46 4.802930833413416e-43 6.5548530709390985e-40 1.6342032337843855e-39
0.06387123377117784 4.839639073173892e-49 6.233026609761156e-49 1.46864503061381e-48 4.244245010660962e-48 1.5918260506543666e-46 5.257864173665061e-43 7.1877538743651e-40 1.7920271113709216e-39
0.06536049239645289 4.8504930477363606e-49 6.25104188953596e-49 1.4786527696114434e-48 4.317950424628968e-48 1.696998836080191e-46 5.75627818187206e-43 7.881772111059117e-40 1.965093209311294e-39
0.06688447543711816 4.8613958218635765e-49 6.269161618136737e-49 1.488796463102623e-48 4.393886867963368e-48 1.8101911225710104e-46 6.302350366873498e-43 8.642810096527856e-40 2.1548735963917347e-39
0.06844399254772507 4.872347725172196e-49 6.287386706171962e-49 1.4990788445765695e-48 4.472143967186453e-48 1.93206350368966e-46 6.900660682576719e-43 9.477340170599713e-40 2.3629825120955554e-39
0.0700398722611988 4.883349090314669e-49 6.305718074887052e-49 1.5095027190981004e-48 4.552815692717537e-48 2.06333348138464e-46 7.556230346873324e-43 1.0392459749163055e-39 2.5911900973170368e-39
0.0716729624290174 4.8944002528412766e-49 6.324156656264867e-49 1.5200709655777298e-48 4.6360006016568945e-48 2.2047804997805757e-46 8.27456440735306e-43 1.139595169272427e-39 2.8414374511764484e-39
0.07334413067165428 4.90550155145805e-49 6.342703393246079e-49 1.5307865391265496e-48 4.7218020957982516e-48 2.3572514329185393e-46 9.061698415585682e-43 1.249635050527858e-39 3.115853142010062e-39
0.07505426483952363 4.916653327901718e-49 6.3613592398575316e-49 1.5416524734977737e-48 4.810328695921377e-48 2.5216665683124225e-46 9.92424960667408e-43 1.370301492657901e-39 3.4167713129782406e-39
0.07680427348467332 4.927855927053641e-49 6.380125161442655e-49 1.5526718836193988e-48 4.90169433349424e-48 2.699026132162473e-46 1.086947301908965e-42 1.502620753527168e-39 3.746751536298656e-39
0.07859508634347626 4.939109696947576e-49 6.39900213472926e-49 1.5638479682201962e-48 4.996018660999484e-48 2.890417406427589e-46 1.1905323031806285e-42 1.6477182039999533e-39 4.108600584985476e-39
0.08042765483057629 4.950414988828268e-49 6.417991148113491e-49 1.575184012556119e-48 5.093427382191526e-48 3.097022492741902e-46 1.3040520841812568e-42 1.8068279000971134e-39 4.5053963072858525e-39
0.08230295254435131 4.961772157153714e-49 6.437093201690051e-49 1.5866833912378158e-48 5.1940526036896274e-48 3.320126783408447e-46 1.4284628455592157e-42 1.9813030796200462e-39 4.9405138068906166e-39
0.08422197578416211 4.973181559606343e-49 6.45630930750866e-49 1.5983495711657345e-48 5.298033209419426e-48 3.56112820545828e-46 1.5648129823551373e-42 2.1726276725259242e-39 5.4176541516091366e-39
0.08618574407966152 4.984643557280571e-49 6.475640489832727e-49 1.610186114576773e-48 5.4055152595312696e-48 3.821547310075202e-46 1.714251980711058e-42 2.3824289229612807e-39 5.940875854705475e-39
0.08819530073244539 4.996158514502166e-49 6.495087785162812e-49 1.6221966822078018e-48 5.516652415548785e-48 4.103038286607766e-46 1.878040173477955e-42 2.6124912303169052e-39 6.514629396677518e-39
0.09025171337033296 5.007726799045499e-49 6.514652242513979e-49 1.6343850365800158e-48 5.631606393636784e-48 4.407400987979253e-46 2.057559437657311e-42 2.8647713270359615e-39 7.143795081122658e-39
0.09235607451457113 5.019348782036358e-49 6.534334923504607e-49 1.6467550454099653e-48 5.750547448024038e-48 4.73659406262631e-46 2.2543249246211827e-42 3.141414922277727e-39 7.833724546693729e-39
0.09450950216026408 5.031024838171692e-49 6.554136902837825e-49 1.6593106851533365e-48 5.873654886775487e-48 5.0927492972181135e-46 2.4699979228377692e-42 3.444774953007965e-39 8.590286288247686e-39
0.09671314037033632 5.042755345529308e-49 6.5740592680785834e-49 1.672056044686009e-48 6.001117622279854e-48 5.478187284405749e-46 2.7063999624599284e-42 3.7774315977597e-39 9.419915574391803e-39
0.09896815988334524 5.0545406857946275e-49 6.59410312010667e-49 1.684995329129743e-48 6.133134759005656e-48 5.895434540811083e-46 2.965528281694966e-42 4.1422142233016175e-39 1.0329669186028394e-38
0.10127575873546546 5.066381244206185e-49 6.6142695733520045e-49 1.6981328638274938e-48 6.26991622127916e-48 6.347242212476163e-46 3.2495727864543423e-42 4.5422254508924715e-39 1.1327285441506355e-38
0.10363716289697593 5.078277409660517e-49 6.634559755892828e-49 1.7114730984766847e-48 6.411683424057823e-48 6.836606518161106e-46 3.560934647481334e-42 4.980867546829362e-39 1.2421250018956256e-38
0.10605362692358762 5.090229574683877e-49 6.654974809645004e-49 1.725020611425595e-48 6.558669989908254e-48 7.366791095310061e-46 3.902246693079797e-42 5.4618713617680965e-39 1.362086813569666e-38
0.10852643462295801 5.102238135530851e-49 6.675515890695154e-49 1.738780114141684e-48 6.71112251565632e-48 7.941351429324015e-46 4.276395770837816e-42 5.989328064973867e-39 1.493634369867296e-38
0.11105689973674641 5.114303492137213e-49 6.69618416928976e-49 1.7527564558583985e-48 6.869301392454564e-48 8.564161564120617e-46 4.686547268485029e-42 6.567723943434246e-39 1.6378866099185997e-38
0.11364636663857243 5.126426048347584e-49 6.716980830444136e-49 1.766954628409811e-48 7.033481683315106e-48 9.239443310971107e-46 5.136172002384677e-42 7.201978561836222e-39 1.7960705390190291e-38
0.11629621104824843 5.138606211817239e-49 6.737907073846201e-49 1.7813797712599225e-48 7.203954062484304e-48 9.97179819344698e-46 5.629075702297266e-42 7.897486607996761e-39 1.9695316655744445e-38
0.1190078407626656 5.15084439398645e-49 6.7589641140602725e-49 1.7960371767375513e-48 7.381025821392084e-48 1.07662423891605e-45 6.169431343132954e-42 8.660163779684934e-39 2.1597454460384978e-38
