results/limits/Pino_f_6.dat
# %ECSV 1.0
# ---
# datatype:
# - {name: mx, unit: MeV, datatype: float64}
# - {name: sigma_6, unit: cm2, datatype: float64}
# schema: astropy-2.0
mx sigma_6
[from data line 359]
0.0012404909310584848 2.257947587443429e-40
0.0012694149350204683 2.306339704505768e-40
0.0012990133477864558 2.3536008556500176e-40
0.0013293018942621524 2.3996061254196796e-40
0.001360296666004259 2.4442339479007428e-40
0.001392014129769518 2.487366886949013e-40
0.0014244711362630968 2.5288923880160327e-40
0.0014576849290909482 2.5687034894656844e-40
0.0014916731539209149 2.60669948330291e-40
0.0015264538678574353 2.642786520330194e-40
0.0015620455490348386 2.676878155075496e-40
0.0015984671064343198 2.7088958241920714e-40
0.0016357378899298156 2.7387692508885684e-40
0.0016738777005681136 2.7664367720642584e-40
0.0017129068010886602 2.7918455884816907e-40
0.0017528459266886532 2.814951937623193e-40
0.00179371629603914 2.8357211866672015e-40
0.0018355396225579732 2.8541278465656085e-40
0.0018783381259456144 2.8701555117380154e-40
0.0019221345439899109 2.8837967291797355e-40
0.001966952144646121 2.895052798807421e-40
0.0020128147383986056 2.9039335104290532e-40
0.002059746690910748 2.9104568247634266e-40
0.0021077729359698315 2.914648503525833e-40
0.0021569189887337423 2.916541693945896e-40
0.002207210959286545 2.9161764757766393e-40
0.0022586755665101248 2.913599377613427e-40
0.0023113401522792685 2.908862868030548e-40
0.0023652326959877285 2.902024828983333e-40
0.0024203818294129824 2.893148018104293e-40
0.0024768168519275916 2.88229952504189e-40
0.002534567746065232 2.869550228138895e-40
0.0025936651934496745 2.8549742567323843e-40
0.0026541405910951734 2.8386484632615674e-40
0.0027160260680869266 2.8206519099864017e-40
0.0027793545026504624 2.8010653737543552e-40
0.002844159539619031 2.7799708718441212e-40
0.0029104756083082714 2.7574512119055788e-40
0.0029783379408076585 2.7335895676655266e-40
0.0030477825906984404 2.7084690823876908e-40
0.0031188464522080173 2.6821725010210975e-40
0.0031915672798109355 2.6547818318484867e-40
0.0032659837082868936 2.6263780379800304e-40
0.003342135273246469 2.5970407585907457e-40
0.0034200624321353945 2.5668480596533428e-40
0.0034998065857286074 2.535876213445171e-40
0.0035814101001254554 2.504199506059865e-40
0.003664916329257761 2.471890071790315e-40
0.0037503696379226933 2.4390177532218596e-40
0.0038378154253526898 2.40564998564487e-40
0.003927300149334948 2.3718517043718774e-40
0.004018871350893299 2.3376852734371706e-40
0.00411257767954558 2.3032104341289262e-40
0.004208468919149921 2.2684842717995702e-40
0.004306596014353682 2.2335611993761556e-40
0.004407011097659079 2.1984929560460316e-40
0.004509767517119906 2.163328619604463e-40
0.004614919864684026 2.1281146310113102e-40
0.004722524005196735 2.0928948297630796e-40
0.004832637106080367 2.0577104987469952e-40
0.004945317667705937 2.022600417320795e-40
0.005060625554472947 1.9876009214376847e-40
0.005178622026613854 1.9527459697129757e-40
0.005299369772740128 1.918067214410007e-40
0.005422932943147155 1.8835940764031975e-40
0.0055493771838957115 1.8493538232545342e-40
0.00567876967168809 1.8153716496168534e-40
0.005811179149557424 1.7816707592522834e-40
0.0059466759633891655 1.748272448025672e-40
0.006085332099294114 1.7151961873012738e-40
0.006227221221852859 1.6824597072354078e-40
0.006372418713251954 1.6500790795186062e-40
0.006521001713332612 1.6180687991775098e-40
0.006673049160573193 1.5864418650994766e-40
0.006828641834027273 1.5552098589915524e-40
0.006987862396239558 1.5243830225302266e-40
0.00715079543716245 1.4939703324993092e-40
0.007317527519096606 1.4639795737504278e-40
0.007488147222679345 1.4344174098543987e-40
0.007662745193945353 1.4052894513418985e-40
0.007841414192484688 1.3766003214591041e-40
0.008024249140723652 1.348353719388021e-40
0.008211347174354735 1.3205524809026128e-40
0.008402807693942412 1.2931986364506116e-40
0.008598732417732204 1.2662934666672863e-40
0.008799225435691074 1.2398375553416362e-40
0.009004393264807849 1.2138308398677e-40
0.009214344905683071 1.1882726592240306e-40
0.009429191900438323 1.1631617995331123e-40
0.009649048391975805 1.1384965372597147e-40
0.009874031184619632 1.1142746801131256e-40
0.010104259806171096 1.0904936057227879e-40
0.01033985657141083 1.0671502981606005e-40
0.010580946647081629 1.0442413823857533e-40
0.010827658118386449 1.0217631566898033e-40
0.011080122057036918 9.997116232208532e-41
0.011338472590888495 9.780825166661304e-41
0.01160284697519928 9.568713311721917e-41
0.01187338566555036 9.360733455814316e-41
0.012150232392466372 9.156836470626258e-41
0.012433534237775993 8.956971532119072e-41
0.01272344171275288 8.761086326990381e-41
0.013020108838078586 8.5691272453199e-41
0.013323693225669961 8.381039560108591e-41
0.013634356162414448 8.196767594399708e-41
0.013952262695857842 8.016254876647874e-41
0.014277581721889965 7.83944428497872e-41
0.014610486074474885 7.666278180957287e-41
0.014951152617473332 7.496698533459532e-41
0.015299762338606094 7.33064703321626e-41
0.015656500445608335 7.168065198574709e-41
0.016021556464625875 7.008894472998457e-41
0.016395124340905766 6.85307631480264e-41
0.016777402541834602 6.700552279597735e-41
0.017168594162379338 6.551264095892303e-41
0.01756890703298664 6.405153734282542e-41
0.017978553829998065 6.262163470634861e-41
0.01839775218863974 6.122235943646431e-41
0.01882672481864659 5.985314207148333e-41
0.01926569962258253 5.85134177749638e-41
0.019714909816919448 5.720262676375537e-41
0.020174594055939365 5.592021469326009e-41
0.02064499655852557 5.466563300281448e-41
0.021126367237910063 5.343833922393263e-41
0.021618961834446313 5.223779725399043e-41
0.02212304205147776 5.10634775977797e-41
0.022638875694374342 4.991485757921843e-41
0.0231667368128109 4.879142152536289e-41
0.02370690584636297 4.769266092474092e-41
0.024259669773497434 4.661807456189881e-41
0.024825322264037063 4.5567168629940045e-41
0.025404163835180054 4.4539456822720427e-41
0.025996502011157406 4.3534460408260473e-41
0.026602651486612925 4.255170828483765e-41
0.027222934293792744 4.1590737021125007e-41
0.027857679973633073 4.065109088165626e-41
0.02850722575083718 3.9732321838812955e-41
0.02917191671303455 3.883398957245095e-41
0.029852105994117403 3.795566145820938e-41
0.030548154961852016 3.709691254547559e-41
0.031260433409864494 3.6257325525913943e-41
0.031989319754103004 3.543649069340421e-41
0.0327352012338808 3.46340058961787e-41
0.03349847411760691 3.3849476481890863e-41
0.034279543913313774 3.3082515236299506e-41
0.03507882558409363 3.233274231620173e-41
0.03589674376855814 3.159978517720648e-41
0.03673373300643846 3.0883278496894984e-41
0.037590237969445384 3.01828640938773e-41
0.038466713697512506 2.949819084321622e-41
0.03936362584054766 2.882891458865545e-41
0.04028145090582124 2.8174698052056586e-41
0.04122067651112274 2.7535210740419235e-41
0.04218180164382002 2.6910128850830196e-41
0.043165336925959 2.6299135173661473e-41
0.044171804885544536 2.5701918994312106e-41
0.04520174023414663 2.5118175993765263e-41
0.046255690150979495 2.4547608148211647e-41
0.047334214573604344 2.3989923627969e-41
0.048437886495410414 2.344483669590968e-41
0.04956729227003216 2.2912067605590277e-41
0.05072303192286451 2.2391342499261412e-41
0.051905719469841495 2.1882393305920398e-41
0.05311598324364777 2.1384957639555604e-41
0.05435446622753626 2.0898778697718107e-41
0.05562182639692926 2.0423605160544073e-41
0.056918737068984544 1.9959191090340193e-41
0.058245887260312136 1.9505295831833263e-41
0.05960398205303182 1.9061683913176455e-41
0.06099374296936585 1.862812494779439e-41
0.06241590835496589 1.8204393537141695e-41
0.06387123377117784 1.7790269174441334e-41
0.06536049239645289 1.738553614946232e-41
0.06688447543711816 1.6989983454388988e-41
0.06844399254772507 1.6603404690828593e-41
0.0700398722611988 1.6225597977997545e-41
0.0716729624290174 1.5856365862121862e-41
0.07334413067165428 1.54955152270823e-41
0.07505426483952363 1.5142857206329794e-41
0.07680427348467332 1.4798207096093415e-41
0.07859508634347626 1.446138426989839e-41
0.08042765483057629 1.413221209440883e-41
0.08230295254435131 1.3810517846606092e-41
0.08422197578416211 1.3496132632311242e-41
0.08618574407966152 1.3188891306056733e-41
0.08819530073244539 1.2888632392310386e-41
0.09025171337033296 1.2595198008052335e-41
0.09235607451457113 1.2308433786703352e-41
0.09450950216026408 1.2028188803401292e-41
0.09671314037033632 1.1754315501620434e-41
0.09896815988334524 1.1486669621127166e-41
0.10127575873546546 1.1225110127263715e-41
0.10363716289697593 1.0969499141550689e-41
0.10605362692358762 1.0719701873597737e-41
0.10852643462295801 1.047558655431062e-41
0.11105689973674641 1.0237024370382356e-41
0.11364636663857243 1.0003889400054737e-41
0.11629621104824843 9.776058550136287e-42
0.1190078407626656 9.553411494261693e-42
0.12178269640372161 9.335830612377385e-42
0.12462225218368743 9.123200931437311e-42
0.1275280166884199 8.915410067292619e-42
0.13050153367883624 8.712348167758464e-42
0.1335443829110759 8.51390785684098e-42
0.13665818097578622 8.319984180106985e-42
0.13984458215697693 8.13047455117916e-42
0.14310527931090045 7.945278699338726e-42
0.14644200476542463 7.764298618217959e-42
0.14985653124037576 7.587438515564741e-42
0.15335067278934078 7.414604764061017e-42
0.1569262857634292 7.245705853177265e-42
0.1605852697975066 7.080652342045044e-42
0.16432956881942368 6.919356813329667e-42
0.16816117208277714 6.761733828085077e-42
0.172082115223751 6.607699881573224e-42
0.1760944813425998 6.457173360030186e-42
0.1802004021103484 6.310074498361451e-42
0.18440205890129596 6.166325338748991e-42
0.18870168395192646 6.025849690152709e-42
0.1931015615468407 5.888573088689306e-42
0.1976040292323402 5.754422758871406e-42
0.20221147905830805 5.623327575690348e-42
0.20692635884904578 5.495218027525958e-42
0.21175117350374192 5.370026179866928e-42
0.2166884863272632 5.247685639825715e-42
0.22174092039197504 5.128131521431893e-42
0.22691115993131514 5.0113004116882994e-42
0.23220195176586036 4.897130337374454e-42
0.2376161067626448 4.785560732581956e-42
0.24315650132850383 4.676532406966807e-42
0.24882607893823822 4.569987514703868e-42
0.25462785169840935 4.4658695241288566e-42
0.2605649019475973 4.3641231880535206e-42
0.26664038389397104 4.264694514739951e-42
0.27285752529104135 4.16753073952009e-42
0.2792196291524867 4.0725802970468726e-42
0.2857300755069626 3.979792794163568e-42
0.2923923231938275 3.889118983378225e-42
0.2992099117007387 3.8005107369302383e-42
0.3061864630440946 3.713921021436435e-42
0.31332568369332287 3.6293038731042013e-42
0.32063136654003577 3.5466143734994074e-42
0.3281073929131 3.465808625857254e-42
0.3357577346406907 3.386843731924167e-42
0.343586456160426 3.309677769319305e-42
0.3515977166787018 3.234269769404354e-42
0.359795772380376 3.160579695650512e-42
0.368184978689974 3.088568422491834e-42
0.3767697925856183 3.0181977146542955e-42
0.38555477496691104 2.9494302069500914e-42
0.394544593078027 2.882229384527025e-42
0.4037440229873054 2.8165595635629386e-42
0.4131579521246571 2.752385872395355e-42
0.42279138187813525 2.689674233076786e-42
0.43264943025104924 2.6283913433462173e-42
0.4427373345810337 2.5685046590076407e-42
0.4530604543225162 2.5099823767065537e-42
0.4636242738940635 2.4527934170956004e-42
0.47443440559211736 2.3969074083807552e-42
0.48549659257266914 2.3422946702395028e-42
0.4968167119024568 2.2889261981028065e-42
0.5084007776813051 2.236773647792712e-42
0.5202549442372687 2.1858093205076498e-42
0.5323855093962742 2.136006148147703e-42
0.5447989178279997 2.0873376789721804e-42
0.557501764469769 2.0397780635821368e-42
0.5705007980302781 1.9933020412204822e-42
0.5838029245750183 1.9478849263826253e-42
0.5974152111952977 1.9035025957306397e-42
0.6113448897628128 1.8601314753041875e-42
0.6255993607717623 1.8177485280214694e-42
0.6401861972705483 1.7763312414637576e-42
0.6551131488851486 1.735857615937063e-42
0.6703881459363026 1.6963061528047595e-42
0.686019303652694 1.6576558430850247e-42
0.7020149264823721 1.619886156307132e-42
0.7183835125046995 1.5829770296208008e-42
0.7351337579451718 1.5469088571528453e-42
0.7522745617955077 1.511662479605564e-42
0.7698150305414633 1.4772191740914312e-42
0.7877644830008832 1.4435606441987213e-42
0.8061324552745581 1.4106690102828745e-42
0.8249287058125218 1.3785267999784848e-42
0.8441632205984669 1.3471169389269473e-42
0.8638462184550629 1.3164227417148366e-42
0.8839881564729563 1.2864279030183262e-42
0.9045997355663667 1.2571164889489003e-42
0.9256919061582187 1.2284729285958736e-42
0.9472758739978306 1.2004820057612126e-42
0.9693631061142522 1.1731288508823349e-42
0.9919653369084147 1.1463989331386036e-42
1.0150945743873274 1.1202780527373699e-42
1.0387631065436362 1.0947523333754833e-42
1.0629835078839296 1.0698082148723046e-42
1.0877686461092637 1.0454324459703104e-42
1.1131316889514546 1.0216120772995129e-42
1.1390861111687691 9.983344545019575e-43
1.16564570170473 9.755872115126742e-43
1.1928245710138414 9.533582639935365e-43
1.2206371585581264 9.316358029165478e-43
1.2490982404784545 9.104082882931635e-43
1.2782229374447416 8.896644430463455e-43
1.3080267226891875 8.6939324702208e-43
1.3385254302268237 8.495839311372315e-43
1.369735263267732 8.302259716605869e-43
1.4016728028254128 8.113090846241082e-43
1.4343550165258654 7.928232203614064e-43
1.4677992676220706 7.747585581705551e-43
1.5020233242186567 7.57105501098417e-43
1.5370453687116559 7.398546708437209e-43
1.5728840074483612 7.22996902776195e-43
1.6095582806124205 7.065232410690978e-43
1.6470876723394143 6.9042493394259914e-43
1.6854921210682972 6.74693429015463e-43
1.7247920301341966 6.59320368762582e-43
1.7650082786082029 6.442975860759561e-43
1.8061622323899016 6.296170999267586e-43
1.848275755558551 6.152711111261888e-43
1.8913712219889245 6.012519981828708e-43
1.935471527238 5.875523132545975e-43
1.9806001007088037 5.741647781922662e-43
2.0267809180978715 5.610822806739242e-43
2.0740385141329463 5.482978704268585e-43
2.1223979956076717 5.358047555357337e-43
2.171885054720213 5.2359629883482005e-43
2.222525982722885 5.116660143823915e-43
2.274347683890048 5.000075640154312e-43
2.327377689811681 4.886147539828139e-43
2.3816441740202396 4.774815316551732e-43
2.437175966958554 4.666019823097185e-43
2.4940025712967335 4.559703259882859e-43
2.552154177606206 4.4558091442696236e-43
2.611661680399223 4.354282280556454e-43
2.6725566945423505 4.255068730659604e-43
2.7348715720526675 4.15811578545963e-43
2.7986394192855935 4.063371936801169e-43
2.863894114523477 3.970786850130538e-43
2.9306703259742912 3.880311337756686e-43
2.999003530189995 3.791897332721319e-43
3.068930030914351 3.705497863264192e-43
3.1404869783702067 3.621067027870207e-43
3.21371238899649 3.538559970884926e-43
3.2886451656454048 3.4579328586855923e-43
3.3653251182505572 3.3791428563950383e-43
3.443792984976987 3.302148105126104e-43
3.5240904538643507 3.226907699744427e-43
3.6062601849747473 3.1533816671378866e-43
3.6903458330569543 3.08153094498111e-43
3.77639207073912 3.0113173609837632e-43
3.8644446122622242 2.94270361261163e-43
3.9545502377669295 2.875653247269687e-43
4.046756818146711 2.8101306429366947e-43
4.141113340480481 2.746100989240941e-43
4.237669934058216 2.6835302689671817e-43
4.336477897013409 2.6223852399848824e-43
4.437589723576497 2.5626334175882015e-43
4.541059131963759 2.5042430572383395e-43
4.646941092916466 2.4471831376990497e-43
4.755291858905486 2.391423344556409e-43
4.866168994016832 2.3369340541140453e-43
4.979631404534034 2.2836863176553076e-43
5.0957393702336 2.2316518460639878e-43
5.214554576410165 2.1808029947954552e-43
5.336140146648369 2.1311127491901897e-43
5.4605606763588606 2.0825547101219515e-43
5.587882267096237 2.0351030799729144e-43
5.718172561677172 1.9887326489283832e-43
5.851500780117376 1.9434187815837296e-43
5.987937756406471 1.8991374038565053e-43
6.127555976140354 1.8558649901967453e-43
6.270429615030991 1.8135785510886724e-43
6.416634578314149 1.7722556208371767e-43
6.566248541075969 1.7318742456325553e-43
6.719350989519823 1.6924129718872041e-43
6.87602326319537 1.6538508348380427e-43
7.036348598212252 1.616167347408642e-43
7.200412171461376 1.5793424893250931e-43
