results/limits/Pino_l.dat
# %ECSV 1.0
# ---
# datatype:
# - {name: mx, unit: MeV, datatype: float64}
# - {name: sigma_10, unit: cm2, datatype: float64}
# - {name: sigma_9, unit: cm2, datatype: float64}
# - {name: sigma_7, unit: cm2, datatype: float64}
# - {name: sigma_6, unit: cm2, datatype: float64}
# - {name: sigma_5, unit: cm2, datatype: float64}
# - {name: sigma_4, unit: cm2, datatype: float64}
# - {name: sigma_3, unit: cm2, datatype: float64}
# - {name: sigma_2, unit: cm2, datatype: float64}
# schema: astropy-2.0
mx sigma_10 sigma_9 sigma_7 sigma_6 sigma_5 sigma_4 sigma_3 sigma_2
[from data line 477]
0.01882672481864659 4.4089768329415176e-44 5.509363315607996e-44 1.0999704008801387e-43 2.1816100148006174e-43 1.3074097112517006e-42 4.9645129188107595e-40 4.786635339697903e-37 1.177541390227708e-36
0.01926569962258253 4.3171465167576735e-44 5.397312140005393e-44 1.0802925788562381e-43 2.152765230887316e-43 1.3198576397313236e-42 5.2649298124720894e-40 5.125860093843459e-37 1.2616233836316263e-36
0.019714909816919448 4.227245879876139e-44 5.287573170024759e-44 1.0609933758689012e-43 2.1244890309613607e-43 1.333049938125691e-42 5.584745340817419e-40 5.489256984016279e-37 1.3517182147318154e-36
0.020174594055939365 4.139234085289126e-44 5.180098185354007e-44 1.0420653269837701e-43 2.0967719028165506e-43 1.3470154170273876e-42 5.925257056956988e-40 5.878553033431893e-37 1.4482561603414887e-36
0.02064499655852557 4.053071165433815e-44 5.074839979972605e-44 1.0235011181798224e-43 2.069604548894561e-43 1.3617845595067588e-42 6.287851847845712e-40 6.295598803376262e-37 1.5516982972251293e-36
0.021126367237910063 3.968718003574259e-44 4.971752340648488e-44 1.0052935832563933e-43 2.0429778829527505e-43 1.3773896197454407e-42 6.674012218451108e-40 6.742377234600034e-37 1.6625387059999444e-36
0.021618961834446313 3.886136315585993e-44 4.870790025895445e-44 9.87435700805003e-44 2.016883026837599e-43 1.3938647280749023e-42 7.0853230236927486e-40 7.2210131216667455e-37 1.781306835721048e-36
0.02212304205147776 3.805288632131633e-44 4.771908745380492e-44 9.69920591244533e-44 1.9913113073629897e-43 1.4112460028452184e-42 7.523478680237537e-40 7.733783265440759e-37 1.9085700339407824e-36
0.022638875694374342 3.7261382812219083e-44 4.675065139771214e-44 9.527415139184825e-44 1.966254253292965e-43 1.4295716695775035e-42 7.990290892526947e-40 8.283127352405443e-37 2.0449362615960157e-36
0.0231667368128109 3.648649371152017e-44 4.580216761014129e-44 9.358918642528973e-44 1.941703592428414e-43 1.4488821878832345e-42 8.487696929864966e-40 8.871659612658837e-37 2.1910569959094173e-36
0.02370690584636297 3.572786773805163e-44 4.487322053033983e-44 9.193651709737231e-44 1.917651248797411e-43 1.4692203866654385e-42 9.017768494023917e-40 9.502181312647899e-37 2.3476303520645297e-36
0.024259669773497434 3.4985161083160913e-44 4.3963403328455773e-44 9.03155093382291e-44 1.894089339948945e-43 1.4906316081504034e-42 9.582721219638384e-40 1.017769414212097e-36 2.5154044218434846e-36
0.024825322264037063 3.4258037250861043e-44 4.307231772068969e-44 8.872554186877233e-44 1.8710101743499457e-43 1.513163861334205e-42 1.0184924852671956e-39 1.0901414559289766e-36 2.695180846804624e-36
0.025404163835180054 3.354616690142503e-44 4.219957378838952e-44 8.716600593950148e-44 1.84840624888559e-43 1.5368679854663083e-42 1.0826914155469014e-39 1.167678916312377e-36 2.8878186568941922e-36
0.025996502011157406 3.2849227698339943e-44 4.134478980100878e-44 8.563630507476375e-44 1.8262702464629716e-43 1.5617978242325395e-42 1.1511400590362026e-39 1.2507511165935977e-36 3.094238375161028e-36
0.026602651486612925 3.216690415855949e-44 4.0507592042839376e-44 8.413585482234971e-44 1.8045950337183714e-43 1.5880104113423044e-42 1.2241284837508133e-39 1.339753804528193e-36 3.315426420097395e-36
0.027222934293792744 3.149888750597677e-44 3.9687614643444286e-44 8.266408250831059e-44 1.7833736588284555e-43 1.6155661682699303e-42 1.3019670206596826e-39 1.4351110459589793e-36 3.552439826366898e-36
0.027857679973633073 3.0844875528045594e-44 3.8884499411701026e-44 8.122042699688872e-44 1.7625993494258719e-43 1.6445291149476618e-42 1.3849877006320963e-39 1.5372772517829336e-36 3.8064112972467796e-36
0.02850722575083718 3.0204572435489883e-44 3.8097895673387746e-44 7.980433845544996e-44 1.7422655106198123e-43 1.6749670942583215e-42 1.4735457940057216e-39 1.646739350039295e-36 4.078554625448415e-36
0.02917191671303455 2.957768872502391e-44 3.7327460112227604e-44 7.841527812431575e-44 1.7223657231223168e-43 1.7069520112289613e-42 1.5680214601080752e-39 1.764019113483773e-36 4.370170495082638e-36
0.029852105994117403 2.896394104502738e-44 3.6572856614323693e-44 7.705271809138951e-44 1.7028937414811139e-43 1.7405600878832974e-42 1.668821514586623e-39 1.88967565380204e-36 4.682652703547115e-36
0.030548154961852016 2.8363052064106236e-44 3.583375611590481e-44 7.571614107147633e-44 1.683843492420065e-43 1.775872134770365e-42 1.7763813229628128e-39 2.024308094378728e-36 5.0174948257907914e-36
0.031260433409864494 2.7774750342476916e-44 3.510983645431661e-44 7.440504019019785e-44 1.665209073288328e-43 1.81297384024995e-42 1.8911668294254975e-39 2.1685584344179853e-36 5.376297359440878e-36
0.031989319754103004 2.7198770206114445e-44 3.440078222218489e-44 7.311891877240579e-44 1.6469847506195821e-43 1.8519560786820315e-42 2.0136767305222802e-39 2.3231146181062955e-36 5.7607753797873964e-36
0.0327352012338808 2.6634851623604585e-44 3.370628462468367e-44 7.185729013499905e-44 1.6291649588027777e-43 1.8929152387379584e-42 2.1444448040964228e-39 2.488713823501464e-36 6.172766744044428e-36
0.03349847411760691 2.6082740085640424e-44 3.3026041339842297e-44 7.061967738405237e-44 1.6117442988660613e-43 1.9359535731256868e-42 2.2840424045555543e-39 2.6661459868739318e-36 6.614240880546355e-36
0.034279543913313774 2.554218648710476e-44 3.235975638182518e-44 6.940561321616717e-44 1.5947175373757123e-43 1.9811795711002094e-42 2.4330811363497313e-39 2.856257579349207e-36 7.087308202004027e-36
0.03507882558409363 2.501294701168821e-44 3.170713996711973e-44 6.82146397239533e-44 1.5780796054521021e-43 2.0287083552137052e-42 2.5922157183846896e-39 3.059955653951474e-36 7.594230206788056e-36
0.03589674376855814 2.44947830189802e-44 3.106790838357153e-44 6.704630820555928e-44 1.5618255979048782e-43 2.078662103848298e-42 2.762147053005122e-39 3.278212182361363e-36 8.13743029055274e-36
0.03673373300643846 2.3987460933986984e-44 3.0441783862205755e-44 6.590017897816348e-44 1.5459507724898015e-43 2.1311705011677574e-42 2.943625514157081e-39 3.5120687021631236e-36 8.719505341152279e-36
0.037590237969445384 2.3490752139016015e-44 2.982849445177263e-44 6.477582119534469e-44 1.5304505492898817e-43 2.1863712162236183e-42 3.1374544703828725e-39 3.762641296792016e-36 9.34323815814078e-36
0.038466713697512506 2.300443286788678e-44 2.922777389596159e-44 6.367281266825136e-44 1.5153205102236543e-43 2.2444104130563902e-42 3.344494059420898e-39 4.031125931996506e-36 1.0011610758573089e-35
0.03936362584054766 2.2528284102403436e-44 2.8639361513225367e-44 6.259073969049053e-44 1.5005563986837102e-43 2.3054432937441606e-42 3.565665232382604e-39 4.31880417436289e-36 1.0727818641271215e-35
0.04028145090582124 2.2062091471055496e-44 2.806300207915689e-44 6.152919686665886e-44 1.4861541193088356e-43 2.3696346764697182e-42 3.801954086764262e-39 4.6270493192187895e-36 1.1495286062296173e-35
0.04122067651112274 2.1605645149887173e-44 2.749844571136714e-44 6.048778694443974e-44 1.4721097378933922e-43 2.4371596108037706e-42 4.05441650892945e-39 4.9573329573161926e-36 1.231768243789199e-35
0.04218180164382002 2.1158739765492746e-44 2.694544775680806e-44 5.946612065019315e-44 1.458419481437806e-43 2.5082040325366764e-42 4.3241831481751575e-39 5.311232011510689e-36 1.319893985566487e-35
0.043165336925959 2.0721174300094032e-44 2.640376868148926e-44 5.846381652796705e-44 1.4450797383444211e-43 2.582965460535223e-42 4.612464746077413e-39 5.690436277373002e-36 1.4143271924608408e-35
0.044171804885544536 2.029275199865083e-44 2.5873173962536265e-44 5.748050078185556e-44 1.432087058763165e-43 2.661653738255045e-42 4.920557846509338e-39 6.096756503491032e-36 1.515519388795625e-35
0.04520174023414663 1.9873280277963278e-44 2.5353433982541895e-44 5.651580712164042e-44 1.4194381550919229e-43 2.7444918227044902e-42 5.249850913542791e-39 6.532133050388073e-36 1.6239544247340045e-35
0.046255690150979495 1.946257063772479e-44 2.4844323926160246e-44 5.556937661164282e-44 1.4071299026367746e-43 2.831716623833041e-42 5.6018308863942156e-39 6.998645169274287e-36 1.7401507888657283e-35
0.047334214573604344 1.9060438573476255e-44 2.4345623678894816e-44 5.464085752272328e-44 1.3951593404376801e-43 2.9235798975082235e-42 5.978090202664118e-39 7.498520945116283e-36 1.8646640884457145e-35
0.048437886495410414 1.866670349143068e-44 2.385711772803624e-44 5.372990518736194e-44 1.383523672265558e-43 3.020349195450325e-42 6.380334323358363e-39 8.034147951577363e-36 1.9980897078894045e-35
0.04956729227003216 1.8281188625120144e-44 2.3378595065701465e-44 5.283618185775775e-44 1.372220267797117e-43 3.12230887571602e-42 6.810389795579001e-39 8.608084668708656e-36 2.141065654676656e-35
0.05072303192286451 1.7903720953828875e-44 2.290984909392961e-44 5.195935656688467e-44 1.3612466639742626e-43 3.2297611775616986e-42 7.270212891343583e-39 9.223072718108983e-36 2.2942756114679336e-35
0.051905719469841495 1.7534131122773347e-44 2.2450677531792277e-44 5.109910499244271e-44 1.3506005665553463e-43 3.343027364776579e-42 7.761898863747805e-39 9.882049974006606e-36 2.4584522058461894e-35
0.05311598324364777 1.7172253364992846e-44 2.2000882324473325e-44 5.025510932364615e-44 1.3402798518660264e-43 3.462448941856727e-42 8.287691864638982e-39 1.0588164613033458e-35 2.6343805158250895e-35
0.05435446622753626 1.681792542491223e-44 2.1560269554276822e-44 4.942705813079115e-44 1.3302825687580286e-43 3.5883889476958383e-42 8.849995571133067e-39 1.1344790169792128e-35 2.822901823348308e-35
0.05562182639692926 1.6470988483541285e-44 2.112864935352202e-44 4.8614646237544e-44 1.3206069407846546e-43 3.72123333179941e-42 9.451384571698423e-39 1.215554167030827e-35 3.0249176376562214e-35
0.056918737068984544 1.6131287085276055e-44 2.070583581928537e-44 4.781757459589746e-44 1.3112513686024874e-43 3.861392418388073e-42 1.0094616566164211e-38 1.3024292920541472e-35 3.241394008356779e-35
0.058245887260312136 1.5798669066267096e-44 2.0291646929949516e-44 4.703555016373853e-44 1.30221443260935e-43 4.00930246414583e-42 1.0782645437904562e-38 1.3955195032574112e-35 3.4733661450079e-35
0.05960398205303182 1.5472985484320494e-44 1.9885904463520962e-44 4.626828578497733e-44 1.2934948958292649e-43 4.165427315792791e-42 1.1518635260622862e-38 1.495269627715898e-35 3.7219433689343723e-35
0.06099374296936585 1.5154090550300346e-44 1.948843391767814e-44 4.551550007218209e-44 1.2850917070558364e-43 4.33026017412166e-42 1.2305975306631562e-38 1.602156335754304e-35 3.9883144192032117e-35
0.06241590835496589 1.4841841560999167e-44 1.9099064431514951e-44 4.477691729167247e-44 1.2770040042662865e-43 4.5043254716365326e-42 1.3148296128313598e-38 1.7166904206310862e-35 4.2737531376481194e-35
0.06387123377117784 1.4536098833442716e-44 1.8717628708940256e-44 4.405226725102049e-44 1.2692311183191153e-43 4.6881808714736363e-42 1.4049486789585516e-38 1.8394192414319432e-35 4.579624562073195e-35
0.06536049239645289 1.4236725640604022e-44 1.8343962943702054e-44 4.334128518891051e-44 1.2617725769492568e-43 4.882419395869967e-42 1.5013713329683244e-38 1.9709293408528497e-35 4.907391454807041e-35
0.06688447543711816 1.394358814848904e-44 1.7977906745997242e-44 4.264371166731133e-44 1.254628109075497e-43 5.0876716930798406e-42 1.6045438547485546e-38 2.1118492503927797e-35 5.258621297575567e-35
0.06844399254772507 1.365655535457134e-44 1.7619303070637095e-44 4.195929246591449e-44 1.2477976494358757e-43 5.304608452324826e-42 1.7149443200906104e-38 2.262852496385728e-35 5.63499379259204e-35
0.0700398722611988 1.3375499027540763e-44 1.7267998146733127e-44 4.128777847879301e-44 1.2412813435678445e-43 5.5339429771017925e-42 1.8330848722652874e-38 2.4246608212238195e-35 6.038308892571857e-35
0.0716729624290174 1.3100293648343684e-44 1.6923841408871707e-44 4.062892561323665e-44 1.235079553151036e-43 5.776433927970164e-42 1.9595141560904887e-38 2.598047635204568e-35 6.470495411141556e-35
0.07334413067165428 1.2830816352480934e-44 1.6586685429744316e-44 3.998249469072091e-44 1.2291928617316872e-43 6.032888246795987e-42 2.0948199261227036e-38 2.7838417154975725e-35 6.933620248576419e-35
0.07505426483952363 1.256694687354227e-44 1.6256385854205698e-44 3.934825134996681e-44 1.2236220808489816e-43 6.304164275349639e-42 2.239631841436968e-38 2.9829311699274916e-35 7.429898277441251e-35
0.07680427348467332 1.230856748794582e-44 1.5932801334725542e-44 3.8725965952051333e-44 1.2183682565849366e-43 6.591175082139738e-42 2.3946244603521703e-38 3.196267684523925e-35 7.961702934163207e-35
0.07859508634347626 1.2055562960861051e-44 1.5615793468206498e-44 3.8115413487527597e-44 1.2134326765608448e-43 6.894892012420098e-42 2.560520449414602e-38 3.4248710751794454e-35 8.531577577437121e-35
0.08042765483057629 1.1807820493285645e-44 1.5305226734138705e-44 3.7516373485515667e-44 1.2088168774048325e-43 7.216348477433256e-42 2.7380940219771015e-38 3.66983416512553e-35 9.142247639257552e-35
0.08230295254435131 1.1565229670254922e-44 1.5000968434062837e-44 3.6928629924725817e-44 1.2045226527166624e-43 7.556644000156427e-42 2.9281746228088597e-38 3.9323280116664014e-35 9.796633682787702e-35
0.08422197578416211 1.1327682410156777e-44 1.4702888632312614e-44 3.635197114637627e-44 1.200552061557695e-43 7.916948536096651e-42 3.131650876347305e-38 4.21360750700215e-35 1.0497865342196165e-34
0.08618574407966152 1.1095072915132042e-44 1.4410860098011283e-44 3.5786189768970387e-44 1.196907437495675e-43 8.298507089045827e-42 3.349474817463998e-38 4.5150173801380505e-35 1.12492963225868e-34
0.08819530073244539 1.0867297622530892e-44 1.4124758248293603e-44 3.5231082604894527e-44 1.1935913982360565e-43 8.70264464315719e-42 3.582666424967085e-38 4.83799862836869e-35 1.2054520412685355e-34
0.09025171337033296 1.0644255157410439e-44 1.3844461092728752e-44 3.4686450578806546e-44 1.190606855873625e-43 9.130771434247414e-42 3.8323184795106004e-38 5.184095409286312e-35 1.2917388692529118e-34
0.09235607451457113 1.0425846286043839e-44 1.3569849178917582e-44 3.415209864777556e-44 1.1879570278004025e-43 9.58438858486803e-42 4.099601769131493e-38 5.554962426152944e-35 1.3842027944804227e-34
0.09450950216026408 1.0211973870423959e-44 1.3300805539239747e-44 3.362783572314492e-44 1.1856454483082597e-43 1.006509412943283e-41 4.385770667297801e-38 5.952372842002403e-35 1.4832860389190917e-34
0.09671314037033632 1.000254282373869e-44 1.303721563872608e-44 3.3113474594081436e-44 1.1836759809271484e-43 1.0574589457541028e-41 4.6921691101321197e-38 6.378226760367948e-35 1.5894624847903102e-34
0.09896815988334524 9.797460066797036e-45 1.2778967324032617e-44 3.2608831852783903e-44 1.1820528315426352e-43 1.1114686205607579e-41 5.020237001383448e-38 6.834560313073275e-35 1.7032399386248146e-34
0.10127575873546546 9.596634485384968e-45 1.252595077349195e-44 3.211372782131659e-44 1.1807805623393064e-43 1.1687313629010137e-41 5.371517075765313e-38 7.323555398750569e-35 1.8251625632819798e-34
0.10363716289697593 9.399976888532474e-45 1.2278058448220261e-44 3.1627986480040135e-44 1.1798641066197281e-43 1.229452648919939e-41 5.747662253470288e-38 7.84755011841619e-35 1.9558134771877423e-34
0.10605362692358762 9.20739996767133e-45 1.2035185044256484e-44 3.115143539760967e-44 1.1793087845519534e-43 1.2938513492604565e-41 6.15044352101909e-38 8.409049958272766e-35 2.095817546064647e-34
0.10852643462295801 9.018818256664729e-45 1.179722744571266e-44 3.068390566251204e-44 1.179120319902153e-43 1.362160632071415e-41 6.581758376119586e-38 9.010739773016307e-35 2.2458443702648486e-34
0.11105689973674641 8.834148092690461e-45 1.156408467891244e-44 3.0225231816115125e-44 1.1793048578126865e-43 1.434628929343586e-41 7.043639876907817e-38 9.65549662705939e-35 2.4066114862183303e-34
0.11364636663857243 8.653307577957456e-45 1.133565786749933e-44 2.977525178720159e-44 1.1798689836900224e-43 1.5115209710756288e-41 7.538266338833101e-38 1.0346403555154974e-34 2.5788878016497436e-34
0.11629621104824843 8.47621654224139e-45 1.1111850188490853e-44 2.933380682796208e-44 1.1808197432712493e-43 1.593118892084636e-41 8.067971725546514e-38 1.1086764308034742e-34 2.7634972696332358e-34
