results/limits/Pino_f_6_phase.dat
# %ECSV 1.0
# ---
# datatype:
# - {name: mx, unit: MeV, datatype: float64}
# - {name: sigma_6, unit: cm2, datatype: float64}
# schema: astropy-2.0
mx sigma_6
3.162277660168379e-07 2.810593313503008e-49
3.2360111549336787e-07 2.810593950751715e-49
3.311463862505236e-07 2.8105946180638703e-49
3.388675869043115e-07 2.810595316857793e-49
3.4676881953794695e-07 2.8105960486186853e-49
3.548542818811901e-07 2.8105968149018486e-49
3.6312826954049566e-07 2.810597617335933e-49
3.715951782811629e-07 2.8105984576264486e-49
3.8025950636269697e-07 2.8105993375593492e-49
3.89125856928623e-07 2.8106002590048445e-49
3.9819894045202297e-07 2.8106012239214056e-49
4.0748357723809307e-07 2.8106022343598454e-49
4.169846999850535e-07 2.8106032924677817e-49
4.2670735640476865e-07 2.810604400494117e-49
4.3665671190447213e-07 2.810605560793883e-49
4.4683805233101997e-07 2.810606775833177e-49
4.572567867791303e-07 2.8106080481944805e-49
4.6791845046510194e-07 2.810609380582091e-49
4.788287076675383e-07 2.8106107758278977e-49
4.899933547366384e-07 2.810612236897376e-49
5.014183231736547e-07 2.810613766895907e-49
5.131096827821533e-07 2.810615369075411e-49
5.250736448927506e-07 2.810617046841198e-49
5.373165656630395e-07 2.8106188037592448e-49
5.4984494945446e-07 2.8106206435637425e-49
5.626654522879044e-07 2.8106225701650927e-49
5.757848853798981e-07 2.8106245876581613e-49
5.892102187612295e-07 2.8106267003310096e-49
6.029485849799565e-07 2.810628912673993e-49
6.17007282890752e-07 2.8106312293893287e-49
6.313937815326057e-07 2.810633655401064e-49
6.461157240969403e-07 2.81063619586558e-49
6.611809319882495e-07 2.8106388561825164e-49
6.765974089794179e-07 2.810641642006239e-49
6.923733454639272e-07 2.810644559257935e-49
7.085171228072106e-07 2.8106476141380912e-49
7.250373177994646e-07 2.8106508131397825e-49
7.419427072122865e-07 2.8106541630623806e-49
7.592422724615558e-07 2.8106576710260577e-49
7.769452043790388e-07 2.8106613444869435e-49
7.950609080952509e-07 2.8106651912529134e-49
8.135990080361694e-07 2.810669219500215e-49
8.325693530364543e-07 2.8106734377908804e-49
8.519820215718901e-07 2.8106778550908877e-49
8.718473271138315e-07 2.8106824807892164e-49
8.921758236084957e-07 2.8106873247178564e-49
9.12978311084014e-07 2.810692397172646e-49
9.342658413882192e-07 2.810697708935215e-49
9.560497240602198e-07 2.810703271295872e-49
9.78341532338879e-07 2.81070909607762e-49
1.0011531093113902e-06 2.8107151956612787e-49
1.0244965742052174e-06 2.8107215830118466e-49
1.048384328826741e-06 2.810728271706006e-49
1.0728290641500308e-06 2.8107352759610296e-49
1.0978437670592484e-06 2.8107426106650164e-49
1.1234417272482566e-06 2.8107502914084785e-49
1.149636544281106e-06 2.8107583345175848e-49
1.1764421348171486e-06 2.8107667570888116e-49
1.2038727400046132e-06 2.8107755770252985e-49
1.2319429330465773e-06 2.810784813074947e-49
1.2606676269433496e-06 2.8107944848702546e-49
1.2900620824153782e-06 2.8108046129700733e-49
1.3201419160108953e-06 2.8108152189033184e-49
1.3509231084026028e-06 2.810826325214782e-49
1.38242201287781e-06 2.810837955513028e-49
1.4146553640265304e-06 2.8108501345206282e-49
1.447640286632156e-06 2.810862888126735e-49
1.4813943047694329e-06 2.810876243442138e-49
1.5159353511145682e-06 2.8108902288569206e-49
1.5512817764724183e-06 2.810904874100838e-49
1.587452359525819e-06 2.810920210306577e-49
1.6244663168122348e-06 2.8109362700759245e-49
1.6623433129330315e-06 2.8109530875491765e-49
1.7011034710007933e-06 2.8109706984776956e-49
1.740767383330235e-06 2.8109891403000173e-49
1.7813561223783898e-06 2.811008452221455e-49
1.8228912519398869e-06 2.8110286752975386e-49
1.8653948386032614e-06 2.811049852521327e-49
1.908889463474389e-06 2.8110720289149094e-49
1.9533982341732686e-06 2.8110952516251843e-49
1.9989447971105317e-06 2.811119570024181e-49
2.045553350050195e-06 2.811145035814134e-49
2.0932486549653353e-06 2.8111717031374763e-49
2.1420560511935146e-06 2.8111996286921177e-49
2.192001468898943e-06 2.8112288718520593e-49
2.2431114428485372e-06 2.8112594947938096e-49
2.2954131265091837e-06 2.8112915626287072e-49
2.3489343064737076e-06 2.811325143541556e-49
2.403703417223201e-06 2.8113603089357494e-49
2.4597495562335635e-06 2.811397133585334e-49
2.5171024994342686e-06 2.8114356957941848e-49
2.575792717027583e-06 2.81147607756278e-49
2.635851389676631e-06 2.8115183647628134e-49
2.6973104250709106e-06 2.8115626473200875e-49
2.760202474878063e-06 2.811609019406077e-49
2.8245609520908932e-06 2.8116575796385218e-49
2.8904200487788716e-06 2.8117084312915278e-49
2.9578147542535346e-06 2.8117616825156365e-49
3.026780873657441e-06 2.8118174465682825e-49
3.097355046986562e-06 2.8118758420551683e-49
3.1695747685562034e-06 2.8119369931830908e-49
3.2434784069208122e-06 2.8120010300247004e-49
3.319105225258239e-06 2.812068088795866e-49
3.3964954022292982e-06 2.812138312146134e-49
3.4756900533236943e-06 2.812211849462946e-49
3.5567312527036693e-06 2.8122888571903387e-49
3.6396620555569646e-06 2.81236949916269e-49
3.7245265209709786e-06 2.8124539469543218e-49
3.811369735340273e-06 2.812542380245697e-49
3.900237836319859e-06 2.8126349872069757e-49
3.991178037336996e-06 2.8127319648997744e-49
4.0842386526745176e-06 2.8128335196980168e-49
4.179469123139017e-06 2.8129398677287683e-49
4.2769200423275275e-06 2.8130512353339967e-49
4.376643183506652e-06 2.813167859554271e-49
4.478691527118417e-06 2.8132899886355164e-49
4.583119288927478e-06 2.8134178825597735e-49
4.689981948824612e-06 2.8135518136012796e-49
4.799336280301815e-06 2.8136920669089828e-49
4.911240380614659e-06 2.813838941116804e-49
5.0257537016479225e-06 2.8139927489829547e-49
5.142937081500915e-06 2.814153818059715e-49
5.262852776809252e-06 2.814322491395162e-49
5.385564495820272e-06 2.814499128268367e-49
5.511137432239651e-06 2.814684104959637e-49
5.639638299867211e-06 2.814877815557601e-49
5.771135368040315e-06 2.8150806728048017e-49
5.905698497903673e-06 2.8152931089837162e-49
6.043399179524854e-06 2.8155155768451702e-49
6.184310569875183e-06 2.815748550581192e-49
6.32850753169624e-06 2.8159925268444155e-49
6.47606667327258e-06 2.816248025816414e-49
6.627066389131828e-06 2.8165155923271856e-49
6.781586901693754e-06 2.8167957970284575e-49
6.939710303890459e-06 2.8170892376232672e-49
7.101520602780329e-06 2.81739654015473e-49
7.267103764178904e-06 2.8177183603567734e-49
7.436547758330399e-06 2.8180553850699237e-49
7.609942606644117e-06 2.8184083337253827e-49
7.787380429520604e-06 2.8187779599006647e-49
7.968955495292936e-06 2.8191650529504164e-49
8.15476427030917e-06 2.819570439716057e-49
8.344905470182516e-06 2.819994986318247e-49
8.539480112236516e-06 2.8204396000361306e-49
8.738591569173047e-06 2.8209052312778915e-49
8.942345623991688e-06 2.821392875646946e-49
9.150850526189614e-06 2.821903576108732e-49
9.364217049271877e-06 2.8224384252630298e-49
9.58255854960264e-06 2.822998567727171e-49
9.805991026628606e-06 2.8235852026356884e-49
1.0034633184506672e-05 2.8241995862623016e-49
1.0268606495168497e-05 2.8248430347704688e-49
1.0508035262855554e-05 2.8255169270989582e-49
1.07530466901589e-05 2.8262227079894074e-49
1.1003770945598772e-05 2.826961891163104e-49
1.1260341232779899e-05 2.8277360626545926e-49
1.1522893861159297e-05 2.828546884310279e-49
1.1791568318464117e-05 2.829396097460469e-49
1.206650734479802e-05 2.8302855267739215e-49
1.2347857008475478e-05 2.8312170843043305e-49
1.263576678362426e-05 2.8321927737388667e-49
1.293038962959737e-05 2.8332146948592847e-49
1.3231882072236462e-05 2.8342850482269205e-49
1.3540404287030327e-05 2.83540614010334e-49
1.3856120184212054e-05 2.8365803876191803e-49
1.4179197495840522e-05 2.8378103242045682e-49
1.4509807864912299e-05 2.8390986052949826e-49
1.484812693655133e-05 2.8404480143275963e-49
1.5194334451324849e-05 2.84186146904373e-49
1.5548614340735104e-05 2.8433420281142304e-49
1.5911154824937624e-05 2.8448928981054036e-49
1.6282148512737936e-05 2.8465174408042597e-49
1.6661792503919872e-05 2.8482191809231388e-49
1.7050288493959805e-05 2.8500018142047348e-49
1.7447842881182494e-05 2.8518692159500496e-49
1.785466687641539e-05 2.8538254499932123e-49
1.8270976615199758e-05 2.8558747781484886e-49
1.869699327261814e-05 2.8580216701565328e-49
1.91329431807992e-05 2.8602708141586428e-49
1.957905794916243e-05 2.862627127729614e-49
2.003557458746648e-05 2.8650957695018177e-49
2.0502735631726606e-05 2.8676821514152403e-49
2.0980789273068064e-05 2.8703919516305973e-49
2.1469989489583918e-05 2.873231128145081e-49
2.1970596181267336e-05 2.8762059331528812e-49
2.2482875308090033e-05 2.8793229281957158e-49
2.3007099031300245e-05 2.8825890001514707e-49
2.354354585801526e-05 2.886011378112564e-49
2.4092500789185385e-05 2.889597651209141e-49
2.4654255471007912e-05 2.893355787436176e-49
2.5229108349871537e-05 2.8972941535477128e-49
2.5817364830913554e-05 2.9014215360859854e-49
2.641933744027406e-05 2.905747163618146e-49
2.7035345991133382e-05 2.91028073025856e-49
2.7665717753620915e-05 2.9150324205603485e-49
2.8310787628685666e-05 2.9200129358661504e-49
2.8970898326020842e-05 2.925233522214699e-49
2.964640054613707e-05 2.930705999907182e-49
3.033765316668089e-05 2.93644279484515e-49
3.104502343309761e-05 2.9424569717604036e-49
3.176888715373972e-05 2.9487622694665126e-49
3.25096288995246e-05 2.955373138271705e-49
3.326764220824756e-05 2.9623047797038814e-49
3.4043329793658724e-05 2.9695731887102855e-49
3.483710375941493e-05 2.9771951985074384e-49
3.5649385818020195e-05 2.985188528270893e-49
3.648060751487119e-05 2.9935718338696952e-49
3.73312104575266e-05 3.0023647618670966e-49
3.820164655032238e-05 3.011588007027154e-49
3.90923782344573e-05 3.0212633735865936e-49
4.0003878733676586e-05 3.0314138405727933e-49
4.093663230568398e-05 3.0420636314721583e-49
4.1891134499415887e-05 3.0532382885786875e-49
4.2867892418314344e-05 3.064964752380345e-49
4.386742498973848e-05 3.077271446371225e-49
4.489026324065786e-05 3.090188367710548e-49
4.5936950579773975e-05 3.103747184185734e-49
4.700804308621986e-05 3.1179813379761563e-49
4.8104109804991236e-05 3.132926156757233e-49
4.922573304926602e-05 3.148618972731547e-49
5.0373508709772956e-05 3.165099250224949e-49
5.154804657137365e-05 3.1824087225416754e-49
5.27499706370262e-05 3.2005915388337174e-49
5.397991945930254e-05 3.219694421806582e-49
5.5238546479635675e-05 3.2397668371566004e-49
5.6526520375476976e-05 3.2608611757148106e-49
5.784452541554797e-05 3.283032949359594e-49
5.9193261823375433e-05 3.3063410018555787e-49
6.057344614930286e-05 3.3308477358803235e-49
6.198581165117595e-05 3.3566193576140757e-49
6.34311086839044e-05 3.3837261403919644e-49
6.491010509810695e-05 3.4122427090536892e-49
6.642358664805138e-05 3.4422483467736875e-49
6.797235740910648e-05 3.4738273263164864e-49
6.955724020492732e-05 3.507069267838075e-49
7.117907704460117e-05 3.5420695255466145e-49
7.283872956998614e-05 3.578929605745402e-49
7.453707951348025e-05 3.617757619009454e-49
7.627502916646401e-05 3.658668769496106e-49
7.805350185866558e-05 3.70178588466072e-49
7.987344244870308e-05 3.74723998894358e-49
8.173581782606456e-05 3.795170925314086e-49
8.364161742479263e-05 3.8457280289064175e-49
8.559185374914618e-05 3.899070857358289e-49
8.758756291151902e-05 3.955369982873487e-49
8.96298051829007e-05 4.014807851471905e-49
9.17196655561724e-05 4.0775797153697266e-49
9.385825432253677e-05 4.143894644949797e-49
9.604670766138824e-05 4.213976627339751e-49
9.828618824393714e-05 4.288065759216145e-49
0.00010057788585090809 4.36641954209794e-49
0.00010292301800464121 4.4493142890849274e-49
0.00010532283061593165 4.537046652737534e-49
0.00010777859864595113 4.629935284585815e-49
0.00011029162678360347 4.728322637598654e-49
0.00011286325013867351 4.832576923840417e-49
0.00011549483495113791 4.943094240492126e-49
0.00011818777931701482 5.060300878418346e-49
0.0001209435139311377 5.184655828518618e-49
0.00012376350284724815 5.3166535022131984e-49
0.00012664924425581149 5.456826683575565e-49
0.00012960227127996844 5.60574973183657e-49
0.00013262415279004548 5.764042054245156e-49
0.00013571649423705693 5.932371870574519e-49
0.0001388809385056415 6.111460291907709e-49
0.00014211916678688624 6.302085737718334e-49
0.00014543289947150178 6.505088716676689e-49
0.0001488238970638237 6.721376998055282e-49
0.00015229396111712465 6.951931202076524e-49
0.00015584493519073535 7.197810839036897e-49
0.00015947870582948208 7.460160828554786e-49
0.00016319720356596128 7.740218531822773e-49
0.00016700240394618395 8.039321331303301e-49
0.00017089632857913436 8.358914793892531e-49
0.000174881046210801 8.700561455200789e-49
0.00017895867382325032 9.065950264268955e-49
0.0001831313777593269 9.456906729774311e-49
0.00018740137487357792 9.875403810593481e-49
0.00019177093371001327 1.0323573595504019e-48
0.000196242375707327 1.0803719818840515e-48
0.00020081807643222024 1.1318331261094523e-48
0.00020550046684148122 1.1870096085776473e-48
0.0002102920345734925 1.2461917166348971e-48
0.0002151953252698519 1.3096928459692408e-48
0.00022021294392780895 1.377851248535539e-48
0.00022534755628423554 1.4510318972734357e-48
0.0002306018902318662 1.5296284741251875e-48
0.00023597873726856003 1.614065488146265e-48
0.0002414809539803547 1.7048005307679384e-48
0.0002471114635590999 1.8023266755002255e-48
0.00025287325735547713 1.9071750295350515e-48
0.00025876939646823026 2.0199174447980036e-48
0.00026480301337045197 2.1411693959749155e-48
0.000270977313573789 2.271593032875569e-48
0.00027729557733145163 2.4119004141585948e-48
0.00028376116138093086 2.562856928895644e-48
0.0002903775007273506 2.7252849116664254e-48
0.00029714811046840066 2.9000674558179864e-48
0.00030407658766182135 3.088152428163559e-48
0.00031116661323643183 3.290556686713849e-48
0.0003184219539477161 3.508370501006587e-48
0.00032584646437900766 3.7427621722133834e-48
0.00033344408898933415 3.994982847444518e-48
0.0003412188642090111 4.266371519535423e-48
0.0003491749205840977 4.558360200078274e-48
0.0003573164849708539 4.8724792495557563e-48
0.0003656478827813646 5.21036284413972e-48
0.0003741735402815245 5.573754554033723e-48
0.0003828979869426037 5.964513003163499e-48
0.000391825857847644 6.384617574551821e-48
0.000400961896153964 6.836174119853987e-48
0.0004103109556130814 7.321420625280089e-48
0.0004198780031493915 7.842732779498484e-48
0.00042966812149897106 8.40262938211831e-48
0.000439686511909911 9.00377752401609e-48
0.0004499384969056106 9.648997463146024e-48
0.00046042952311250296 1.034126711161863e-47
0.0004711651641537129 1.1083726041833089e-47
0.00048215112361018567 1.1879678911414097e-47
0.0004933932380508582 1.2732598198772262e-47
0.0005048974801334842 1.3646126133442163e-47
0.0005166699617777604 1.4624075698148323e-47
0.0005287169374124361 1.5670430573028194e-47
0.0005410448072981404 1.6789343886851953e-47
0.0005536601209276797 1.7985135635691699e-47
0.0005665695805056229 1.9262288626605404e-47
0.0005797800445090163 2.0625442802818924e-47
0.0005932985313311235 2.2079387807936023e-47
0.000607132223010125 2.3629053650207043e-47
0.0006212884690447563 2.5279499334158574e-47
0.0006357747902989163 2.703589933624274e-47
0.0006505988829973161 2.8903527813879835e-47
0.0006657686228142928 3.0887740453597326e-47
0.0006812920690579615 3.299395388409841e-47
0.0006971774689519261 3.5227622604163026e-47
0.0007134332620168255 3.759421340334091e-47
0.0007300680845540431 4.0099177285402387e-47
0.0007470907742339592 4.2747918940315607e-47
0.0007645103747911887 4.5545763849856e-47
0.0007823361408292924 4.849792315441748e-47
0.00080057754273752 5.160945645366211e-47
0.0008192442717221943 5.488523276062588e-47
0.0008383462449554094 5.832988987698873e-47
0.0008578936108437789 6.194779250546538e-47
0.0008778967544200344 6.574298946261252e-47
0.000898366302860337 6.971917040061453e-47
0.0009193131311302326 7.387962248855885e-47
0.0009407483677622533 7.822718754106096e-47
0.000962683400768232 8.2764220113553385e-47
0.000985129883689471 8.749254710785826e-47
0.0010080997417879817 9.241342944764217e-47
0.0010316051783820807 9.752752638995346e-47
0.0010556586813297128 1.0283486303539098e-46
0.0010802730296629402 1.083348015848909e-46
0.001105461300377127 1.1402601686524389e-46
0.0011312368753784248 1.199064766081525e-46
0.0011576134485932472 1.2597342691912572e-46
