results/limits/Pino_h.dat
# %ECSV 1.0
# ---
# datatype:
# - {name: mx, unit: MeV, datatype: float64}
# - {name: sigma, unit: cm2, datatype: float64}
# schema: astropy-2.0
mx sigma
[from data line 359]
1.55174045234281e-05 6.359128407717158e-41
1.554637584619381e-05 6.347405909654975e-41
1.557540125903248e-05 6.335736995795225e-41
1.5604480862931388e-05 6.32412166545324e-41
1.5633614759066455e-05 6.312559919790151e-41
1.56628030488024e-05 6.301051761775404e-41
1.5692045833693233e-05 6.289597196149308e-41
1.5721343215482524e-05 6.278196229385937e-41
1.575069529610391e-05 6.266848869656138e-41
1.5780102177681228e-05 6.25555512679091e-41
1.5809563962528994e-05 6.244315012244922e-41
1.5839080753152844e-05 6.233128539060206e-41
1.586865265224969e-05 6.221995721830299e-41
1.5898279762708187e-05 6.210881491589054e-41
1.5927962187609182e-05 6.199044644416785e-41
1.5957700030225877e-05 6.187258956488893e-41
1.5987493394024284e-05 6.175524401096696e-41
1.6017342382663697e-05 6.163840953785027e-41
1.6047247099996833e-05 6.152208592314355e-41
1.6077207650070314e-05 6.140627296622826e-41
1.6107224137125113e-05 6.129097048788514e-41
1.6137296665596726e-05 6.11761783299188e-41
1.616742534011563e-05 6.106189635478286e-41
1.6197610265507752e-05 6.094812444520638e-41
1.6227851546794628e-05 6.083486250382308e-41
1.6258149289193908e-05 6.072211045280096e-41
1.628850359811965e-05 6.060986823347418e-41
1.6318914579182825e-05 6.049813580597602e-41
1.6349382338191444e-05 6.038691314887476e-41
1.63799069811512e-05 6.027620025880983e-41
1.6410488614265605e-05 6.016599715013141e-41
1.644112734393648e-05 6.005630385454068e-41
1.647182327676427e-05 5.994712042073266e-41
1.6502576519548554e-05 5.983844691404073e-41
1.6533387179288195e-05 5.973028341608395e-41
1.6564255363181832e-05 5.962263002441571e-41
1.6595181178628344e-05 5.95154868521746e-41
1.662616473322703e-05 5.940885402773854e-41
1.665720613477807e-05 5.930273169437997e-41
1.668830549128302e-05 5.919712000992377e-41
1.6719462910944975e-05 5.909201914640835e-41
1.675067850216904e-05 5.898742928974828e-41
1.6781952373562826e-05 5.888335063939943e-41
1.6813284633936605e-05 5.877978340802783e-41
1.6844675392303804e-05 5.866761761463681e-41
1.6876124757881488e-05 5.855532024840376e-41
1.690763284009052e-05 5.844350374753454e-41
1.6939199748556066e-05 5.833216781614291e-41
1.6970825593108054e-05 5.822131218039689e-41
1.7002510483781376e-05 5.811093658815949e-41
1.703425453081639e-05 5.800104080862989e-41
1.706605784465924e-05 5.789162463198576e-41
1.709792053596238e-05 5.77826878690269e-41
1.7129842715584748e-05 5.76742303508204e-41
1.7161824494592266e-05 5.756625192834659e-41
1.7193865984258318e-05 5.74587524721461e-41
1.7225967296063928e-05 5.735173187196938e-41
1.725812854169826e-05 5.724519003642639e-41
1.729034983305912e-05 5.713912689263789e-41
1.732263128225311e-05 5.703354238588947e-41
1.7354973001596144e-05 5.692843647928563e-41
1.7387375103613936e-05 5.682380915340587e-41
1.741983770104218e-05 5.67196604059632e-41
1.745236090682706e-05 5.661599025146351e-41
1.7484944834125727e-05 5.651279872086661e-41
1.7517589596306495e-05 5.641008586125013e-41
1.7550295306949348e-05 5.630785173547413e-41
1.7583062079846422e-05 5.620609642184795e-41
1.7615890029002203e-05 5.61048200137996e-41
1.7648779268634025e-05 5.600402261954657e-41
1.7681729913172576e-05 5.590370436176841e-41
1.7714742077262083e-05 5.580386537728276e-41
1.7747815875760812e-05 5.570450581672214e-41
1.7780951423741585e-05 5.56056258442132e-41
1.781414883649195e-05 5.550722563705956e-41
1.784740822951475e-05 5.540930538542509e-41
1.7880729718528423e-05 5.531186529202124e-41
1.7914113419467572e-05 5.521490557179518e-41
1.7947559448483148e-05 5.511842645162225e-41
1.7981067921942945e-05 5.501985470939826e-41
1.8014638956432137e-05 5.491411386100882e-41
1.8048272668753462e-05 5.480882170083988e-41
1.8081969175927712e-05 5.470397790444137e-41
1.8115728595194287e-05 5.459958216878281e-41
1.8149551044011357e-05 5.44956342119169e-41
1.818343664005639e-05 5.439213377264306e-41
1.821738550122667e-05 5.428908061017172e-41
1.825139774563949e-05 5.418647450379091e-41
1.8285473491632667e-05 5.408431525253245e-41
1.8319612857765074e-05 5.398260267483958e-41
1.8353815962816816e-05 5.388133660823624e-41
1.838808292578977e-05 5.37805169089969e-41
1.84224138659081e-05 5.368014345181724e-41
1.8456808902618456e-05 5.358021612948721e-41
1.8491268155590492e-05 5.348073485256427e-41
1.8525791744717405e-05 5.338169954904803e-41
1.8560379790116123e-05 5.328311016405712e-41
1.8595032412127826e-05 5.318496665950655e-41
1.86297497313185e-05 5.308726901378646e-41
1.8664531868479102e-05 5.299001722144332e-41
1.869937894462616e-05 5.289321129286174e-41
1.87342910810021e-05 5.279685125394836e-41
1.8769268399075818e-05 5.270093714581677e-41
1.880431102054289e-05 5.260546902447523e-41
1.8839419067326092e-05 5.251044696051514e-41
1.8874592661575953e-05 5.241587103880138e-41
1.8909831925670942e-05 5.232174135816508e-41
1.894513698221801e-05 5.222805803109803e-41
1.898050795405314e-05 5.21348211834483e-41
1.9015944964241523e-05 5.204203095411921e-41
1.9051448136078133e-05 5.194968749476922e-41
1.9087017593088243e-05 5.185779096951408e-41
1.9122653459027632e-05 5.176634155463183e-41
1.9158355857883144e-05 5.167533943826919e-41
1.9194124913873217e-05 5.15847848201502e-41
1.9229960751448092e-05 5.149467791128795e-41
1.9265863495290363e-05 5.140501893369786e-41
1.930183327031553e-05 5.131580812011313e-41
1.9337870201672186e-05 5.122062713596099e-41
1.937397441474263e-05 5.112234823597026e-41
1.94101460351432e-05 5.102448601193504e-41
1.944638518872489e-05 5.092704015892947e-41
1.9482692001573503e-05 5.083001039202381e-41
1.9519066600010396e-05 5.073339644597109e-41
1.955550911059266e-05 5.063719807489656e-41
1.959201966011371e-05 5.054141505198656e-41
1.9628598375603647e-05 5.044604716917865e-41
1.9665245384329852e-05 5.035109423685271e-41
1.9701960813797207e-05 5.025655608352311e-41
1.9738744791748643e-05 5.016243255553173e-41
1.9775597446165714e-05 5.006872351674141e-41
1.981251890526879e-05 4.997542884823183e-41
1.984950929751764e-05 4.988254844799511e-41
1.9886568751611988e-05 4.979008223063302e-41
1.9923697396491717e-05 4.96980301270558e-41
1.996089536133745e-05 4.960639208418183e-41
1.9998162775571112e-05 4.951516806463797e-41
2.0035499768856142e-05 4.942435804646269e-41
2.0072906471098057e-05 4.933396202280919e-41
2.011038301244504e-05 4.924398000165015e-41
2.014792952328814e-05 4.915441200548485e-41
2.018554613426184e-05 4.906525807104675e-41
2.0223232976244656e-05 4.897651824901263e-41
2.0260990180359326e-05 4.888819260371441e-41
2.029881787797344e-05 4.880028121285128e-41
2.033671620069981e-05 4.871278416720425e-41
2.0374685280397103e-05 4.862570157035195e-41
2.0412725249170036e-05 4.853903353838901e-41
2.0450836239369975e-05 4.845278019964534e-41
2.048901838359551e-05 4.836694169440756e-41
2.052727181469267e-05 4.828151817464277e-41
2.0565596665755517e-05 4.819650980372379e-41
2.0603993070126717e-05 4.811191675615616e-41
2.0642461161397775e-05 4.802773921730816e-41
2.06810010734096e-05 4.794397738314198e-41
2.071961294025313e-05 4.78606314599471e-41
2.0758296896269512e-05 4.777770166407667e-41
2.0797053076050717e-05 4.769333598270327e-41
2.0835881614440125e-05 4.760203509549148e-41
2.087478264653275e-05 4.751112124097008e-41
2.0913756307675823e-05 4.742059413300538e-41
2.0952802733469413e-05 4.73304535040914e-41
2.0991922059766612e-05 4.724069910506159e-41
2.1031114422674165e-05 4.715133070480023e-41
2.1070379958553054e-05 4.706234808995464e-41
2.1109718804018725e-05 4.697375106464917e-41
2.1149131095941682e-05 4.688553945019886e-41
2.1188616971448104e-05 4.67977130848242e-41
2.122817656792006e-05 4.67102718233676e-41
2.1267810022996142e-05 4.662321553700962e-41
2.1307517474571895e-05 4.653654411298708e-41
2.1347299060800434e-05 4.645025745431121e-41
2.138715492009268e-05 4.636435547948805e-41
2.1427085191117974e-05 4.627883812223901e-41
2.1467090012804684e-05 4.619370533122247e-41
2.150716952434043e-05 4.610895706975746e-41
2.1547323865172696e-05 4.602459331554761e-41
2.158755317500945e-05 4.594061406040644e-41
2.162785759381937e-05 4.5857019309984707e-41
2.1668237261832448e-05 4.577380908349813e-41
2.1708692319540634e-05 4.5690983413456693e-41
2.1749222907698042e-05 4.5608542345395933e-41
2.1789829167321572e-05 4.552648593760915e-41
2.183051123969154e-05 4.5444814260880694e-41
2.187126926635191e-05 4.536352739822205e-41
2.1912103389110898e-05 4.528262544460827e-41
2.195301375004163e-05 4.5202108506716354e-41
2.1994000491482333e-05 4.512197670266582e-41
2.2035063756036998e-05 4.5042230161760397e-41
2.2076203686575985e-05 4.4962869024231307e-41
2.2117420426236263e-05 4.4883893440983214e-41
2.2158714118422047e-05 4.4805303573341145e-41
2.220008490680542e-05 4.472709959279926e-41
2.2241532935326572e-05 4.464928168077254e-41
2.228305834819447e-05 4.457185002834918e-41
2.2324661289887285e-05 4.4494804836045813e-41
2.2366341905153067e-05 4.4412277427273763e-41
2.2408100339009975e-05 4.4327843606066576e-41
2.244993673674692e-05 4.4243770070280367e-41
2.2491851243924208e-05 4.416005658102232e-41
2.2533844006373772e-05 4.4076702916313844e-41
2.257591517019982e-05 4.3993708870823656e-41
2.2618064881779463e-05 4.3911074255601555e-41
2.2660293287762982e-05 4.382879889781344e-41
2.2702600535074452e-05 4.374688264047681e-41
2.2744986770912385e-05 4.366532534219647e-41
2.2787452142749995e-05 4.3584126876902494e-41
2.2829996798335813e-05 4.350328713358766e-41
2.2872620885694377e-05 4.342280601604628e-41
2.2915324553126436e-05 4.3342683442614455e-41
2.295810794920963e-05 4.3262919345910627e-41
2.3000971222799124e-05 4.3183513672577216e-41
2.304391452302788e-05 4.310446638302383e-41
2.3086937999307315e-05 4.3025777451171065e-41
2.313004180132777e-05 4.2947446864195673e-41
2.31732260790592e-05 4.286947462227631e-41
2.3216490982751366e-05 4.2791860738341873e-41
2.325983666293474e-05 4.271460523781917e-41
2.330326327042069e-05 4.2637708158383694e-41
2.3346770956302203e-05 4.256116954971042e-41
2.3390359871954317e-05 4.2484989473226584e-41
2.3434030169034825e-05 4.24091680018655e-41
2.3477781999484535e-05 4.233370521982232e-41
2.3521615515527914e-05 4.2258601222310846e-41
2.35655308696738e-05 4.2183856115321636e-41
2.3609528214715617e-05 4.2109470015382514e-41
2.3653607703732048e-05 4.2035443049319883e-41
2.369776949008773e-05 4.1961775354021723e-41
2.3742013727433494e-05 4.1888467076202904e-41
2.378634056970703e-05 4.1815518372171593e-41
2.383075017113359e-05 4.174292940759726e-41
2.3875242686226212e-05 4.167070035728137e-41
2.391981826978642e-05 4.159316082737079e-41
2.3964477076904897e-05 4.151470325858448e-41
2.400921926296174e-05 4.1436583140049017e-41
2.405404498362714e-05 4.135880027681407e-41
2.4098954394862086e-05 4.128135448930364e-41
2.4143947652918586e-05 4.1204245613069186e-41
2.4189024914340436e-05 4.1127473498542714e-41
2.4234186335963646e-05 4.105103801079095e-41
2.4279432074917192e-05 4.0974939029269983e-41
2.4324762288623265e-05 4.0899176447581456e-41
2.437017713479797e-05 4.0823750173228684e-41
2.4415676771452016e-05 4.0748660127374e-41
2.446126135689097e-05 4.067390624459747e-41
2.4506931049715964e-05 4.0599488472655805e-41
2.455268600882439e-05 4.052540677224248e-41
2.4598526393410157e-05 4.045166111674929e-41
2.464445236296438e-05 4.0378251492028435e-41
2.4690464077276122e-05 4.0305177896155503e-41
2.47365616964326e-05 4.0232440339194533e-41
2.4782745380819927e-05 4.016003884296325e-41
2.4829015291123814e-05 4.00879734407996e-41
2.4875371588329827e-05 4.0016244177330213e-41
2.4921814433724085e-05 3.994485110823941e-41
2.4968343988893992e-05 3.98737943000395e-41
2.501496041572848e-05 3.9803073829843006e-41
2.5061663876418743e-05 3.9732689785135805e-41
2.5108454533458924e-05 3.9662642263551357e-41
2.5155332549646412e-05 3.9592931372647303e-41
2.5202298088082528e-05 3.9523557229682735e-41
2.5249351312173266e-05 3.9454519961396993e-41
2.5296492385629553e-05 3.9385819703790714e-41
2.534372147246801e-05 3.931745660190769e-41
2.5391038737011433e-05 3.9245445542008494e-41
2.543844434388957e-05 3.917203701853099e-41
2.5485938458039375e-05 3.9098947072519055e-41
2.553352124470575e-05 3.902617554913093e-41
2.5581192869442264e-05 3.895372230755573e-41
2.562895349811142e-05 3.888158722078295e-41
2.5676803296885393e-05 3.8809770175372096e-41
2.5724742432246764e-05 3.873827107122292e-41
2.5772771070988777e-05 3.8667089821347317e-41
2.582088938021609e-05 3.85962263516411e-41
2.58690975273455e-05 3.8525680600656916e-41
2.591739568010622e-05 3.8455452519378545e-41
2.5965784006540613e-05 3.838554207099544e-41
2.601426267500495e-05 3.831594923067828e-41
2.6062831854169653e-05 3.82466739853561e-41
2.6111491713020068e-05 3.817771633349387e-41
2.6160242420857192e-05 3.8109076284870966e-41
2.6209084147297955e-05 3.8040753860361503e-41
2.6258017062276015e-05 3.7972749091714985e-41
2.630704133604225e-05 3.7905062021338543e-41
2.6356157139165554e-05 3.783769270207998e-41
2.6405364642533072e-05 3.7770641197012683e-41
2.645466401735121e-05 3.770390757922078e-41
2.6504055435145856e-05 3.763749193158679e-41
2.6553539067763194e-05 3.757139434657953e-41
2.6603115087370195e-05 3.750561492604395e-41
2.6652783666455437e-05 3.7440153780991966e-41
2.670254497782937e-05 3.7374774029059994e-41
2.6752399194625083e-05 3.730539169882419e-41
2.680234649029908e-05 3.7236312881372154e-41
2.6852387038631538e-05 3.716753745220909e-41
2.690252101372709e-05 3.709906529981788e-41
2.695274859001559e-05 3.703089632544123e-41
2.7003069942252397e-05 3.696303044286506e-41
2.705348524551913e-05 3.6895467578202126e-41
2.7103994675224467e-05 3.682820766967632e-41
2.7154598407104404e-05 3.6761250667408676e-41
2.720529661722304e-05 3.6694596533203203e-41
2.7256089481973363e-05 3.662824524033405e-41
2.730697717807751e-05 3.656219677333387e-41
2.735795988258758e-05 3.6496451127782664e-41
2.7409037772886386e-05 3.643100831009763e-41
2.7460211026687754e-05 3.6365868337324516e-41
2.7511479822037362e-05 3.630103123692945e-41
2.756284433731325e-05 3.6236497046592237e-41
2.7614304751226655e-05 3.617226581400021e-41
2.7665861242822254e-05 3.6108337596644203e-41
2.7717513991479226e-05 3.604471246161447e-41
2.776926317691149e-05 3.5981390485398975e-41
2.7821108979168538e-05 3.5918371753682066e-41
2.7873051578635977e-05 3.585460427444092e-41
2.792509115603636e-05 3.5788713732340244e-41
2.7977227892429486e-05 3.572311507249469e-41
2.802946196921319e-05 3.5657808210094624e-41
2.808179356812416e-05 3.559279307221566e-41
2.8134222871238214e-05 3.5528069597612693e-41
2.818675006097111e-05 3.5463637736513954e-41
2.8239375320079356e-05 3.539949745041594e-41
2.829209883166049e-05 3.533564871187989e-41
2.8344920779153904e-05 3.527209150432838e-41
2.839784134634164e-05 3.5208825821842945e-41
2.8450860717348706e-05 3.51458516689631e-41
2.850397907664386e-05 3.5083169060485926e-41
2.855719660904045e-05 3.502077802126639e-41
2.86105134996967e-05 3.495867858601955e-41
2.8663929934116524e-05 3.4896870799123006e-41
2.8717446098150352e-05 3.4835354714420557e-41
2.8771062177995428e-05 3.4774130395027487e-41
2.8824778360196684e-05 3.471098022875828e-41
2.887859483164728e-05 3.4647911039229916e-41
2.8932511779589492e-05 3.458512559747506e-41
2.898652939161493e-05 3.452262386014962e-41
2.904064785566569e-05 3.4460405794772886e-41
2.909486736003458e-05 3.4398471379530535e-41
2.914918809336602e-05 3.4336820603078127e-41
2.9203610244656553e-05 3.427545346434547e-41
2.925813400325578e-05 3.421436997234174e-41
2.9312759558866643e-05 3.415357014596222e-41
2.9367487101546254e-05 3.40930540137953e-41
2.9422316821706752e-05 3.403232608648823e-41
2.947724891011559e-05 3.3970981706164775e-41
2.9532283557896403e-05 3.3909916436426597e-41
2.9587420956529827e-05 3.384913026030802e-41
2.9642661297853816e-05 3.3788623171058143e-41
2.9698004774064498e-05 3.3728395171949013e-41
2.9753451577717007e-05 3.3668130435739265e-41
2.9809001901725805e-05 3.360796389822906e-41
2.986465593936559e-05 3.354790447166434e-41
2.9920413884271844e-05 3.3487800972223994e-41
2.9976275930441753e-05 3.342797331387616e-41
3.0032242272234463e-05 3.3368421499012165e-41
3.008831310437223e-05 3.330914553977039e-41
3.014448862194068e-05 3.325014545784931e-41
