results/limits/Pino_l_N2only.dat
# %ECSV 1.0
# ---
# datatype:
# - {name: mx, unit: MeV, datatype: float64}
# - {name: sigma_10, unit: cm2, datatype: float64}
# - {name: sigma_9, unit: cm2, datatype: float64}
# - {name: sigma_7, unit: cm2, datatype: float64}
# - {name: sigma_6, unit: cm2, datatype: float64}
# - {name: sigma_5, unit: cm2, datatype: float64}
# - {name: sigma_4, unit: cm2, datatype: float64}
# - {name: sigma_3, unit: cm2, datatype: float64}
# - {name: sigma_2, unit: cm2, datatype: float64}
# schema: astropy-2.0
mx sigma_10 sigma_9 sigma_7 sigma_6 sigma_5 sigma_4 sigma_3 sigma_2
[from data line 478]
0.01926569962258253 3.4241325878477265e-44 4.280862906469534e-44 8.568310131049211e-44 1.7074596732993753e-43 1.0468413657175047e-42 4.175864241826079e-40 4.065561757383467e-37 1.0006532938778927e-36
0.019714909816919448 3.3528281511742414e-44 4.1938237518314e-44 8.415239046683754e-44 1.685032485051038e-43 1.0573047999948896e-42 4.429525027023809e-40 4.35378900961999e-37 1.0721117873305158e-36
0.020174594055939365 3.283021844441188e-44 4.108580270758633e-44 8.265111760615479e-44 1.6630487230096494e-43 1.0683814802117743e-42 4.699600935286417e-40 4.662558111036985e-37 1.1486806228303617e-36
0.02064499655852557 3.2146819674887945e-44 4.0250950219291523e-44 8.117870261892879e-44 1.6415010128430363e-43 1.0800955839294612e-42 4.987191972099669e-40 4.993336829592111e-37 1.2307255025488766e-36
0.021126367237910063 3.14777749498824e-44 3.943331351448234e-44 7.973457711997426e-44 1.6203821478234697e-43 1.0924726934611792e-42 5.293473982107343e-40 5.3476979297042695e-37 1.318638305737917e-36
0.021618961834446313 3.082278061994149e-44 3.8632533761586426e-44 7.831818420825721e-44 1.5996850862685148e-43 1.1055398791831097e-42 5.619703988530081e-40 5.7273266868086856e-37 1.4128389639532437e-36
0.02212304205147776 3.018153949807195e-44 3.7848259673076494e-44 7.692897823174088e-44 1.5794029490650565e-43 1.119325788262784e-42 5.967225913180632e-40 6.13402893978739e-37 1.5137774680427124e-36
0.022638875694374342 2.955376072142507e-44 3.708014734562999e-44 7.556642455715534e-44 1.5595290172761781e-43 1.1338607391645042e-42 6.337476704340691e-40 6.569739719874647e-37 1.621936021224382e-36
0.0231667368128109 2.8939159615956036e-44 3.632786010370754e-44 7.422999934457963e-44 1.5400567298304792e-43 1.1491768223150445e-42 6.73199290171e-40 7.03653249717661e-37 1.737831341695713e-36
0.02370690584636297 2.833745756399697e-44 3.559106834646983e-44 7.291918932673671e-44 1.5209796812935959e-43 1.1653080073380947e-42 7.152417669723053e-40 7.536629089258406e-37 1.86201713849678e-36
0.024259669773497434 2.774838187468435e-44 3.4869449397966877e-44 7.163349159289921e-44 1.5022916197217328e-43 1.182290257292598e-42 7.600508332759953e-40 8.072410278980754e-37 1.995086759576874e-36
0.024825322264037063 2.7171665657174916e-44 3.4162687360526044e-44 7.037241337731038e-44 1.4839864445971224e-43 1.2001616503784431e-42 8.078144448168802e-40 8.646427192340382e-37 2.1376760259004858e-36
0.025404163835180054 2.6607047696592714e-44 3.3470472971267854e-44 6.913547185202027e-44 1.4660582048453957e-43 1.2189625096030099e-42 8.58733645557697e-40 9.261413490976636e-37 2.2904662759764907e-36
0.025996502011157406 2.605427233264134e-44 3.279250346168554e-44 6.792219392404658e-44 1.4485010969349452e-43 1.2387355409339104e-42 9.130234943711583e-40 9.9202984373764e-37 2.454187621586925e-36
0.026602651486612925 2.551308934083212e-44 3.2128482420218996e-44 6.673211603676721e-44 1.431309463058449e-43 1.2595259804969665e-42 9.709140578886548e-40 1.0626220895447978e-36 2.6296224394954198e-36
0.027222934293792744 2.4983253816266402e-44 3.1478119657762567e-44 6.556478397545431e-44 1.41447778939683e-43 1.2813817514141923e-42 1.0326514742460998e-39 1.1382544333421482e-36 2.817609115615028e-36
0.027857679973633073 2.4464526059915294e-44 3.084113107603739e-44 6.441975267686367e-44 1.3980007044660158e-43 1.304353630914358e-42 1.0984990927945055e-39 1.2192872900709501e-36 3.019046052579027e-36
0.02850722575083718 2.395667146734837e-44 3.02172385387731e-44 6.32965860427919e-44 1.3818729775469568e-43 1.328495428388708e-42 1.168738695204082e-39 1.306106865578625e-36 3.23489596899553e-36
0.02917191671303455 2.3459460419850887e-44 2.960616974563271e-44 6.219485675751892e-44 1.3660895171995067e-43 1.3538641751067262e-42 1.2436718037775708e-39 1.3991270027313508e-36 3.4661905014967985e-36
0.029852105994117403 2.2972668177884005e-44 2.900765810882646e-44 6.111414610905367e-44 1.3506453698608059e-43 1.3805203263516336e-42 1.3236210832031862e-39 1.4987911596959845e-36 3.714035139586361e-36
0.030548154961852016 2.2496074776834495e-44 2.842144263235207e-44 6.005404381410229e-44 1.3355357185290062e-43 1.40852797678257e-42 1.4089318424217113e-39 1.6055745298433666e-36 3.979614511418838e-36
0.031260433409864494 2.2029464925003296e-44 2.7847267793808546e-44 5.901414784668067e-44 1.3207558815332364e-43 1.4379550898805225e-42 1.499973643758339e-39 1.7199863134220755e-36 4.2641980509870485e-36
0.031989319754103004 2.1572627903786605e-44 2.728488342872628e-44 5.799406427029535e-44 1.3063013113908486e-43 1.46887374238791e-42 1.5971420269799004e-39 1.8425721518614064e-36 4.569146069686249e-36
0.0327352012338808 2.1125357470001322e-44 2.673404461735969e-44 5.699340707361679e-44 1.2921675937531294e-43 1.501360384707671e-42 1.700860356484689e-39 1.9739167363501218e-36 4.895916263519854e-36
0.03349847411760691 2.068745176030825e-44 2.619451157389016e-44 5.601179800957286e-44 1.2783504464407769e-43 1.535496118286844e-42 1.8115818004178785e-39 2.1146466031647486e-36 5.246070684496819e-36
0.034279543913313774 2.0258713197686022e-44 2.5666049537986677e-44 5.504886643779035e-44 1.2648457185705908e-43 1.571366991072169e-42 1.929791451133209e-39 2.265433129109522e-36 5.621283206487221e-36
0.03507882558409363 1.9838948399916283e-44 2.5148428668673253e-44 5.410424917031388e-44 1.2516493897749845e-43 1.6090643121913514e-42 2.0560085970943838e-39 2.4269957414261803e-36 6.023347537247666e-36
0.03589674376855814 1.9427968090030195e-44 2.4641423940454505e-44 5.317759032053511e-44 1.2387575695160603e-43 1.6486849870837257e-42 2.1907891570306212e-39 2.6001053574906703e-36 6.454185793969266e-36
0.03673373300643846 1.9025587008680002e-44 2.4144815041651266e-44 5.226854115526359e-44 1.2261664964961694e-43 1.6903318743781758e-42 2.3347282879335318e-39 2.7855880707735645e-36 6.915857699267116e-36
0.037590237969445384 1.8631623828387504e-44 2.365838627489644e-44 5.137675994987514e-44 1.2138725381670648e-43 1.7341141658948112e-42 2.4884631793107267e-39 2.9843291006837596e-36 7.410570432421295e-36
0.038466713697512506 1.824590106963746e-44 2.3181926459748066e-44 5.050191184647243e-44 1.201872190339889e-43 1.7801477912302964e-42 2.6526760469992147e-39 3.197277025181302e-36 7.940689182696629e-36
0.03936362584054766 1.7868245018765362e-44 2.2715228837371854e-44 4.964366871499646e-44 1.1901620768984782e-43 1.828555848475322e-42 2.8280973407931233e-39 3.425448316422037e-36 8.50874846253048e-36
0.04028145090582124 1.749848564761207e-44 2.2258090977248974e-44 4.88017090172259e-44 1.1787389496186303e-43 1.879469062706918e-42 3.015509181159994e-39 3.669932201107656e-36 9.117464225457544e-36
0.04122067651112274 1.713645653489865e-44 2.1810314685867055e-44 4.79757176736059e-44 1.1675996880962358e-43 1.9330262739985947e-42 3.215749041412901e-39 3.9318958688423315e-36 9.769746872241711e-36
0.04218180164382002 1.67819947892874e-44 2.1371705917350845e-44 4.716538593284643e-44 1.1567412997873224e-43 1.989374956798292e-42 3.429713692877218e-39 4.2125900532874424e-36 1.0468715146246075e-35
0.043165336925959 1.6434940974094248e-44 2.09420746859912e-44 4.637041124423469e-44 1.1461609201633896e-43 2.0486717726383713e-42 3.658363431846389e-39 4.513355012984551e-36 1.1217711076504466e-35
0.044171804885544536 1.6095139033613883e-44 2.0521234980631475e-44 4.559049713260167e-44 1.1358558129855789e-43 2.11108315826409e-42 3.902726608466943e-39 4.83562694026478e-36 1.2020315938466953e-35
0.04520174023414663 1.576243622102427e-44 2.0109004680872532e-44 4.4825353075893615e-44 1.1258233707015461e-43 2.1767859513980764e-42 4.163904479135329e-39 5.180944829063492e-36 1.2880367399189688e-35
0.046255690150979495 1.5436683027838692e-44 1.970520547505662e-44 4.40746943852888e-44 1.116061114969114e-43 2.2459680564988876e-42 4.443076405535159e-39 5.550957834374443e-36 1.3801977863557762e-35
0.047334214573604344 1.511773311486562e-44 1.9309662779991464e-44 4.3338242087811944e-44 1.1065666973111763e-43 2.3188291530231277e-42 4.7415054251002077e-39 5.947433158603148e-36 1.4789554145533102e-35
0.048437886495410414 1.4805443244652085e-44 1.8922205662379213e-44 4.2615722811391435e-44 1.0973378999065226e-43 2.395581448863496e-42 5.060544219464419e-39 6.372264502539967e-36 1.584781855291209e-35
0.04956729227003216 1.4499673215372397e-44 1.8542666761912397e-44 4.1906868672311163e-44 1.088372636521649e-43 2.476450481811016e-42 5.4016415093629257e-39 6.827481121323383e-36 1.698183146343962e-35
0.05072303192286451 1.4200285796133706e-44 1.817088221600079e-44 4.1211417165007536e-44 1.0796689535889717e-43 2.5616759720798687e-42 5.766348906487934e-39 7.315257528764307e-36 1.8197015528359994e-35
0.051905719469841495 1.3907146663666914e-44 1.7806691586096364e-44 4.0529111054162695e-44 1.0712250314371974e-43 2.6515127291388147e-42 6.156328254988722e-39 7.837923896431872e-36 1.9499181611686865e-35
0.05311598324364777 1.3620124340374527e-44 1.7449937785580114e-44 3.98596982690481e-44 1.0630391856800098e-43 2.7462316163162063e-42 6.573359497647224e-39 8.397977197249904e-36 2.0894556591273625e-35
0.05435446622753626 1.3339090133704556e-44 1.7100467009178241e-44 3.9202931800072077e-44 1.0551098687696539e-43 2.8461205768871713e-42 7.019349104270949e-39 8.998093146851604e-36 2.2389813130287758e-35
0.05562182639692926 1.3063918076822728e-44 1.675812866387509e-44 3.8558569597485993e-44 1.0474356717224403e-43 2.951485725614014e-42 7.496339102534284e-39 9.641138999873505e-36 2.3992101594812572e-35
0.056918737068984544 1.2794484870555047e-44 1.6422775301290972e-44 3.7926374472206107e-44 1.0400153260236503e-43 3.0626525099956334e-42 8.006516754381845e-39 1.0330187262362707e-35 2.5709084253619103e-35
0.058245887260312136 1.2530669826573318e-44 1.6094262551493269e-44 3.730611399870667e-44 1.032847705719817e-43 3.179966945791176e-42 8.552224924195797e-39 1.1068530385891391e-35 2.7548971928217716e-35
0.05960398205303182 1.2272354811796423e-44 1.5772449058210342e-44 3.669756041994467e-44 1.0259318297069305e-43 3.3037969317191475e-42 9.135973188238831e-39 1.1859696513657988e-35 2.9520563265541317e-35
0.06099374296936585 1.2019424193982218e-44 1.545719641541786e-44 3.610049055427189e-44 1.0192668642236046e-43 3.4345336485980035e-42 9.76044973843052e-39 1.2707466353891082e-35 3.163328682358243e-35
0.06241590835496589 1.1771764788484051e-44 1.5148369105269856e-44 3.5514685704297166e-44 1.0128521255589027e-43 3.5725930485900603e-42 1.0428534137314942e-38 1.3615891261248938e-35 3.389724616417102e-35
0.06387123377117784 1.152926580614471e-44 1.4845834437343314e-44 3.4939931567658095e-44 1.0066870829851298e-43 3.7184174406398585e-42 1.1143310985149136e-38 1.4589312612721664e-35 3.632326818138023e-35
0.06536049239645289 1.1291818802308304e-44 1.4549462489171324e-44 3.437601814966362e-44 1.0007713619265816e-43 3.872477178663051e-42 1.1908084564404982e-38 1.5632382570686143e-35 3.8922954883610965e-35
0.06688447543711816 1.105931762691971e-44 1.4259126048033736e-44 3.3822739677770775e-44 9.951047473759571e-44 4.0352724595448835e-42 1.2726394531652163e-38 1.6750086332434845e-35 4.170873888334013e-35
0.06844399254772507 1.0831658375694499e-44 1.3974700553981926e-44 3.327989451785868e-44 9.896871875709162e-44 4.207335238550938e-42 1.3602032731799015e-38 1.7947765972635115e-35 4.4693942878516285e-35
0.0700398722611988 1.0608739342330542e-44 1.3696064044069222e-44 3.274728509226359e-44 9.8451879794408e-44 4.3892312703391577e-42 1.4539061215036346e-38 1.9231145992659364e-35 4.789284335929981e-35
0.0716729624290174 1.039046097174436e-44 1.3423097097762303e-44 3.2224717799540727e-44 9.795998653606277e-44 4.581562284393816e-42 1.5541831542580117e-38 2.0606360699091541e-35 5.132073889920168e-35
0.07334413067165428 1.0176725814304831e-44 1.3155682783507092e-44 3.1712002935917664e-44 9.749308526586138e-44 4.7849683043814795e-42 1.6615005473472744e-38 2.2079983542305546e-35 5.499402332873085e-35
0.07505426483952363 9.96743848104775e-45 1.2893706606427123e-44 3.1208954618406687e-44 9.705124035080527e-44 5.000130121657983e-42 1.7763577131306014e-38 2.3659058555459727e-35 5.893026414851668e-35
0.07680427348467332 9.762505599846085e-45 1.2637056457127258e-44 3.0715390709543595e-44 9.66345347605947e-44 5.2277719339373933e-42 1.8992896756805524e-38 2.5351134044266267e-35 6.314828655300252e-35
0.07859508634347626 9.56183577251888e-45 1.2385622561581044e-44 3.0231132743719893e-44 9.62430706225496e-44 5.468664160969988e-42 2.0308696159798997e-38 2.716429868870697e-35 6.766826348009129e-35
0.08042765483057629 9.365339532855501e-45 1.2139297432078177e-44 2.975600585507876e-44 9.587696981389644e-44 5.7236264499701227e-42 2.1717115992216152e-38 2.9107220229299174e-35 7.251181208407964e-35
0.08230295254435131 9.172929305537998e-45 1.1897975819209787e-44 2.928983870694335e-44 9.553637459349493e-44 5.993530884488222e-42 2.322473497247461e-38 3.118918692308037e-35 7.770209715889332e-35
0.08422197578416211 8.984519365940456e-45 1.1661554664868485e-44 2.8832463422747637e-44 9.522144827521601e-44 6.279305411437287e-42 2.483860120093657e-38 3.342015196741263e-35 8.326394191057627e-35
0.08618574407966152 8.800025800789194e-45 1.1429933056243116e-44 2.838371551844222e-44 9.493237594532787e-44 6.581937502065993e-42 2.6566265716118116e-38 3.5810781104270117e-35 8.922394670680472e-35
0.08819530073244539 8.619366469660467e-45 1.1203012180785376e-44 2.7943433836344303e-44 9.46693652264003e-44 6.902478063821275e-42 2.84158184520463e-38 3.837250363256979e-35 9.561061629812721e-35
0.09025171337033296 8.442460967304151e-45 1.098069528212898e-44 2.7511460480407484e-44 9.443264709041022e-44 7.242045621266722e-42 3.039592676864104e-38 4.1117567072621604e-35 1.0245449616551598e-34
0.09235607451457113 8.269230586769577e-45 1.0762887616940338e-44 2.70876407528811e-44 9.422247672389885e-44 7.601830785523615e-42 3.251587673929819e-38 4.4059095744115153e-35 1.0978831861875803e-34
0.09450950216026408 8.099598283320264e-45 1.0549496412681172e-44 2.6671823092335795e-44 9.40391344482294e-44 7.983101033083769e-42 3.478561739303538e-38 4.7211153537845363e-35 1.1764715935860332e-34
0.09671314037033632 7.93348863911929e-45 1.0340430826263579e-44 2.626385901302713e-44 9.388292669819078e-44 8.387205816313154e-42 3.721580812268763e-38 5.058881118142783e-35 1.260686052516869e-34
0.09896815988334524 7.770827828668731e-45 1.0135601903579019e-44 2.5863603045574655e-44 9.375418706241093e-44 8.815582029529077e-42 3.981786948577885e-38 5.420821832069032e-35 1.3509293409905235e-34
0.10127575873546546 7.61154358498664e-45 9.934922539881642e-45 2.5470912678930246e-44 9.365327738927408e-44 9.269759856197765e-42 4.2604037640914707e-38 5.808668076164297e-35 1.4476330731990667e-34
0.10363716289697593 7.455565166506594e-45 9.738307441008919e-45 2.508564830361321e-44 9.35805889622822e-44 9.751369024573753e-42 4.5587422679929923e-38 6.224274324226775e-35 1.5512597636441322e-34
0.10605362692358762 7.302823324683892e-45 9.545673085421044e-45 2.470767315618855e-44 9.353654374906469e-44 1.0262145500994054e-41 4.878207113464579e-38 6.669627813026413e-35 1.662305039603813e-34
0.10852643462295801 7.153250272293083e-45 9.356937687042197e-45 2.433685326496581e-44 9.352159572852164e-44 1.0803938652061183e-41 5.220303295705981e-38 7.146858047084002e-35 1.7813000116946207e-34
0.11105689973674641 7.006779652402605e-45 9.172021158885685e-45 2.397305739689744e-44 9.35362323008866e-44 1.1378718909109983e-41 5.586643329317768e-38 7.658246983925645e-35 1.9088138142535325e-34
0.11364636663857243 6.863346508010388e-45 8.990845077448131e-45 2.3616157005654327e-44 9.358097578581718e-44 1.1988585970665855e-41 5.978954939361968e-38 8.206239948527609e-35 2.045456327618263e-34
0.11629621104824843 6.722887252329035e-45 8.813332647853963e-45 2.3266026180859113e-44 9.36563850139639e-44 1.2635777581081475e-41 6.399089302869968e-38 8.793457329155139e-35 2.1918810951903416e-34
