results/limits/Pino_False_l.dat
# %ECSV 0.9
# ---
# datatype:
# - {name: mx, unit: MeV, datatype: float64}
# - {name: sigma_10, unit: cm2, datatype: float64}
# - {name: sigma_7, unit: cm2, datatype: float64}
# - {name: sigma_5, unit: cm2, datatype: float64}
# - {name: sigma_4, unit: cm2, datatype: float64}
# - {name: sigma_3, unit: cm2, datatype: float64}
# - {name: sigma_2, unit: cm2, datatype: float64}
# schema: astropy-2.0
mx sigma_10 sigma_7 sigma_5 sigma_4 sigma_3 sigma_2
1e-10 6.616413742330381e-34 6.616415353288785e-34 6.631662833876098e-34 7.967204061096037e-34 6.457503649496161e-33 5.796823706119294e-30
1.3848863713938747e-10 4.153301527735483e-34 4.153303203869148e-34 4.169532802689681e-34 5.436990240763026e-34 4.6641659504762825e-33 4.185821161806754e-30
1.9179102616724848e-10 2.651832952250208e-34 2.6518347623653937e-34 2.669536328388979e-34 3.825817315109691e-34 3.368185723572283e-33 3.0224703314630613e-30
2.656087782946684e-10 1.715982438631109e-34 1.715984449638109e-34 1.7356512800452594e-34 2.7394239391723157e-34 2.4321288154947492e-33 2.182452765494052e-30
3.6783797718286343e-10 1.1224499390260022e-34 1.1224522227982209e-34 1.1445591229762983e-34 1.97521725836725e-34 1.7561839496353343e-33 1.5759008605307914e-30
5.094138014816385e-10 7.40756533158886e-35 7.407591743108409e-35 7.656752180636546e-35 1.4265385976911947e-34 1.2681003102647344e-33 1.1379263321775644e-30
7.054802310718631e-10 4.925005258619358e-35 4.92503627594618e-35 5.203041431644324e-35 1.0303172270537307e-34 9.15668726008312e-34 8.21675196338737e-31
9.770099572992246e-10 3.2951195617803654e-35 3.295156455372165e-35 3.597031840628913e-35 7.440458732780093e-35 6.61186587527283e-34 5.933163454982159e-31
1.3530477745798075e-09 2.216575234410966e-35 2.2166195906801702e-35 2.5296544885935576e-35 5.372777341226156e-35 4.774303872936779e-34 4.284225361698658e-31
1.873817422860387e-09 1.4980640079997344e-35 1.4981178314235858e-35 1.8037801647487307e-35 3.8796048526741613e-35 3.447435063100145e-34 3.0935578959315443e-31
2.595024211399732e-09 1.0166282519575925e-35 1.0166940931136506e-35 1.2969504794006963e-35 2.8013878973385223e-35 2.489327617018149e-34 2.233799223714069e-31
3.5938136638046257e-09 6.924196940179866e-36 6.925008112511752e-36 9.357666009146878e-36 2.022826772315198e-35 1.7974961319079313e-34 1.6129837341410884e-31
4.977023564332114e-09 4.7312739596063215e-36 4.732279604072783e-36 6.75748688031091e-36 1.4606439878311674e-35 1.2979376634741245e-34 1.1647047078128078e-31
6.892612104349681e-09 3.2422129830841185e-36 3.243466518685459e-36 4.8800034341404945e-36 1.05470312423294e-35 9.37215983301415e-35 8.410110250570984e-32
9.545484566618328e-09 2.2275883434719648e-36 2.2291580340661238e-36 3.523930751084978e-36 7.615810879391602e-36 6.767457513396364e-35 6.072780089251256e-32
1.3219411484660288e-08 1.5340913223312167e-36 1.5360638114166242e-36 2.544602603471116e-36 5.4992323106277345e-36 4.886651814492629e-35 4.3850385529106275e-32
1.8307382802953696e-08 1.0587607428965607e-36 1.061244315395467e-36 1.837415240442203e-36 3.970890938355986e-36 3.528557959453066e-35 3.1663525951119524e-32
2.5353644939701113e-08 7.321402119340941e-37 7.352658573495206e-37 1.3267624425500702e-36 2.8673046078105652e-36 2.5479043202189783e-35 2.2863627535723226e-32
3.5111917342151277e-08 5.071892055286802e-37 5.111048416893098e-37 9.580293933545132e-37 2.070425919540043e-36 1.83979305844096e-35 1.65093889642322e-32
4.8626015800653535e-08 3.519354183905099e-37 3.5678390034062217e-37 6.917745848004866e-37 1.4950150187702831e-36 1.3284794439361106e-35 1.192111475708364e-32
6.734150657750828e-08 2.4457847884097827e-37 2.5044572511462375e-37 4.9951720954625735e-37 1.0795217962448926e-36 9.592696541535194e-36 8.60800969499425e-33
9.3260334688322e-08 1.7021072915804894e-37 1.770392599278958e-37 3.6069185967986227e-37 7.79502079894228e-37 6.926703253049851e-36 6.215679978978293e-33
1.2915496650148827e-07 1.1861112108762861e-37 1.2611849819878614e-37 2.6044872152412564e-37 5.628635775809789e-37 5.001640544678772e-36 4.488224613467062e-33
1.7886495290574352e-07 8.275505567737755e-38 9.045206685314774e-38 1.8806505863177882e-37 4.064330579783308e-37 3.611589695536556e-36 3.2408623866973084e-33
2.4770763559917087e-07 5.780415718655963e-38 6.515447538233205e-38 1.3579819503702976e-37 2.934775745976775e-37 2.6078607487263682e-36 2.340166384054341e-33
3.430469286314912e-07 4.041915274965062e-38 4.702273071334563e-38 9.805729157044979e-38 2.11914587422379e-37 1.8830875578665786e-36 1.6897915951503905e-33
4.7508101621027934e-07 2.82911182200334e-38 3.3954701049685615e-38 7.080530857374015e-38 1.5301952605014689e-37 1.3597431089186574e-36 1.220169203004533e-33
6.579332246575682e-07 1.982082102647577e-38 2.4519469333177753e-38 5.112717632099533e-38 1.1049254625624413e-37 9.818466709038495e-37 8.810649808505783e-34
9.111627561154887e-07 1.389882300966568e-38 1.7705528005658108e-38 3.691797876497313e-38 7.978465292872404e-38 7.089756924813256e-37 6.36205877994242e-34
1.261856883066021e-06 9.754336049502615e-39 1.2784944459008124e-38 2.6657796800109327e-38 5.761110639822953e-38 5.119419107102306e-37 4.593999847148344e-34
1.747528400007683e-06 6.851115269879783e-39 9.231793205163666e-39 1.9249126669063138e-38 4.1600062819611976e-38 3.696691596243325e-37 3.317348544337144e-34
2.4201282647943835e-06 4.815611729445629e-39 6.666115251125883e-39 1.3899483132753454e-38 3.0038864519527297e-38 2.6693891060125287e-37 2.3955449767852627e-34
3.3516026509388406e-06 3.3872990961937354e-39 4.813491451149713e-39 1.0036629408680767e-38 2.1690841632122885e-38 1.9276238914432686e-37 1.729986338867651e-34
4.641588833612773e-06 2.3842734923400532e-39 3.475754746364817e-39 7.247366562973826e-39 1.5663028907045382e-38 1.3920513545366918e-37 1.2494796612241727e-34
6.4280731172843194e-06 1.6793934494987965e-39 2.5098105579409347e-39 5.233334742597158e-39 1.1310647624964565e-38 1.0053827705967077e-37 9.026265201147168e-35
8.902150854450375e-06 1.183706596496593e-39 1.812334044553895e-39 3.7790984258597025e-39 8.16813535015218e-39 7.262572806480277e-38 6.523251520045862e-35
1.2328467394420658e-05 8.349221887615002e-40 1.3087179021995775e-39 2.7291018439521502e-39 5.899345904845116e-39 5.248176591619743e-38 4.718019592987296e-35
1.7073526474706886e-05 5.893829996368954e-40 9.450916231145214e-40 1.971029527515978e-39 4.261592512681837e-39 3.79516637075342e-38 3.417480828392728e-35
2.3644894126454072e-05 4.1646725320281e-40 6.8255896774294065e-40 1.4237920247406584e-39 3.0796876854683086e-39 2.748122325033388e-38 2.482552449195282e-35
3.274549162877725e-05 2.946796064973349e-40 4.9303716461816064e-40 1.0288514504210955e-39 2.2272023891575614e-39 1.995057528008534e-38 1.8133137819815094e-35
4.534878508128582e-05 2.0891628392389483e-40 3.562525864728347e-40 7.439584559664707e-40 1.6129383237782657e-39 1.4554518333864155e-38 1.338408056041029e-35
6.280291441834246e-05 1.4854585330438946e-40 2.5757117243702985e-40 5.3862936015781004e-40 1.1711624681766136e-39 1.0716725484424156e-38 1.0076527110630946e-35
8.697490026177834e-05 1.0605857983990338e-40 1.864306338275928e-40 3.908765057226956e-40 8.54549966556828e-40 8.028973061140979e-39 7.87336212876402e-36
0.00012045035402587811 7.612342333520961e-41 1.3520511989665337e-40 2.848355441678757e-40 6.290597819386821e-40 6.209716266458579e-39 6.584591788279999e-36
0.0001668100537200059 5.49532592282003e-41 9.83784794788961e-41 2.090258128923538e-40 4.701584541209853e-40 5.079541749541794e-39 6.198782829149285e-36
0.0002310129700083158 3.9888693368785405e-41 7.193840678041708e-41 1.5505623521437653e-40 3.5996232617445465e-40 4.555319299186005e-39 7.020182034606275e-36
0.00031992671377973844 2.9093429089929075e-41 5.294076758542054e-41 1.1668574300743476e-40 2.8510852580445712e-40 4.673203025784769e-39 1.0008671911855998e-35
0.00044306214575838776 2.130492245178626e-41 3.922432010195832e-41 8.924616112634441e-41 2.3551034720378515e-40 5.6736083229882945e-39 1.7492832352430092e-35
0.0006135907273413163 1.5650134837601966e-41 2.923696081261665e-41 6.936191775609129e-41 2.0401899827078622e-40 8.234269017888562e-39 3.492643390102257e-35
0.0008497534359086438 1.1522398319469065e-41 2.1897877195469657e-41 5.472686612348635e-41 1.8635685016123244e-40 1.404529566607304e-38 7.555897344586697e-35
0.0011768119524349966 8.497061028764033e-42 1.646341435048939e-41 4.381789639320672e-41 1.809174958454236e-40 2.7177536909850396e-38 1.7249464591380239e-34
0.0016297508346206436 6.273422224093695e-42 1.2416528443490577e-41 3.56267597911097e-41 1.888565872094937e-40 5.743615354861427e-38 4.102225363645983e-34
0.002257019719633917 4.635927575631416e-42 9.390745140434406e-42 2.9472669157147565e-41 2.152190807526845e-40 1.2895334334009063e-37 1.00829236101095e-33
0.0031257158496882354 3.428502025304958e-42 7.121641771798208e-42 2.488871997319562e-41 2.7234225615192394e-40 3.0263241228993224e-37 2.5429356423164394e-33
0.004328761281083053 2.5373459278175747e-42 5.4159136399688265e-42 2.1557404376049657e-41 3.885176849656344e-40 7.352679367753619e-37 6.533711090970805e-33
0.005994842503189409 1.8791154380395414e-42 4.131011627441888e-42 1.927731199778585e-41 6.2934972198477994e-40 1.8359886428154e-36 1.6999443504315132e-32
0.008302175681319735 1.3926049572476606e-42 3.161226214242344e-42 1.7953227825512775e-41 1.1496577855950813e-39 4.680685712367577e-36 4.458860364711498e-32
0.011497569953977356 1.0327899031996315e-42 2.4278804763653093e-42 1.761178385005615e-41 2.3189643714133302e-39 1.211060602407471e-35 1.1754729868992055e-31
0.01592282793341094 7.665116084499344e-43 1.872269994770405e-42 1.8458669560319464e-41 5.0324670610515864e-39 3.1647275589637773e-35 3.1084863838945677e-31
0.022051307399030412 5.6933036520712825e-43 1.450511009363625e-42 2.1021750349348631e-41 1.1509726357155503e-38 8.323132110355157e-35 8.235484652471696e-31
0.030538555088334123 4.232211857750615e-43 1.1297499267162092e-42 2.64928619413941e-41 2.7383523972238473e-38 2.197732403342554e-34 2.1842207529794753e-30
0.04229242874389499 3.148826218154853e-43 8.853606434913866e-43 3.7552277373255976e-41 6.720634165998732e-38 5.817300697145303e-34 5.796598236938895e-30
0.058570208180566734 2.3449373637219475e-43 6.988662512496704e-43 6.037808084447507e-41 1.69026342710022e-37 1.5420465934293502e-33 1.5388816992295877e-29
0.08111308307896856 1.7479960117325265e-43 5.5639562641282235e-43 1.0952106687737156e-40 4.3301582439720055e-37 4.0911017475248695e-33 4.086268282521414e-29
0.11233240329780265 1.3043802965313906e-43 4.4753714641671265e-43 2.1968049493281554e-40 1.1239072579258372e-36 1.0859129539608274e-32 1.0851745505908785e-28
0.15556761439304723 9.744363746036963e-44 3.6448910693759396e-43 4.748090713741278e-40 2.9428494680084773e-36 2.883181156614666e-32 2.8820423136567905e-28
0.21544346900318778 7.288234819419402e-44 3.0143417266096743e-43 1.0827124757649059e-39 7.749238018747535e-36 7.656298454195172e-32 7.654462462067954e-28
0.2983647240283334 5.458191087921201e-44 2.540868074845288e-43 2.5700047126213487e-39 2.0477616891666876e-35 2.033316294993708e-31 2.0329768389754395e-27
0.41320124001153347 4.093311872710419e-44 2.1938113451323958e-43 6.295814169112805e-39 5.422838073296632e-35 5.40021778241855e-31 5.399383751054211e-27
0.572236765935022 3.0743113706655727e-44 1.9528578956319954e-43 1.5811356373184986e-38 1.4378748740314133e-34 1.4342508958290415e-30 1.4339650430209718e-26
0.7924828983539153 2.3127078989157095e-44 1.8075843487483972e-43 4.046275262262031e-38 3.815336160041988e-34 3.8092196312951584e-30 3.808024766953565e-26
1.0974987654930546 1.7428235611457424e-44 1.758994056119563e-43 1.0494387857255488e-37 1.0128081029649735e-33 1.0116553637300284e-29 1.0111322070890952e-25
1.5199110829529332 1.3158717367488232e-44 1.824645429365371e-43 2.746440494622347e-37 2.6892206495790446e-33 2.686584934151061e-29 2.6843977502337574e-25
2.104904144512022 9.955852993510101e-45 2.051358418546679e-43 7.22938611997918e-37 7.141432721473043e-33 7.133836814435018e-29 7.125594927588061e-25
2.91505306282517 7.549823463580956e-45 2.5454298714732172e-43 1.9098693441897557e-36 1.8966047153356802e-32 1.894029297446196e-28 1.891330658667711e-24
4.03701725859655 5.73972140091092e-45 3.5452858516284086e-43 5.056667004356742e-36 5.03713630231717e-32 5.027956557100214e-28 5.020355206083159e-24
5.5908101825122225 4.3758196594138985e-45 5.598406278555262e-43 1.3406006141251706e-35 1.3378074503695162e-31 1.3346266607950537e-27 1.332734793315191e-23
7.742636826811277 3.346430822319262e-45 9.991107921027176e-43 3.556914442131297e-35 3.553002422600368e-31 3.5426407123262834e-27 3.538131943627906e-23
10.72267222010321 2.5681629294004902e-45 1.9786060418353416e-42 9.441593368582839e-35 9.43576990090743e-31 9.404131210128171e-27 9.392200302752531e-23
14.849682622544636 1.9786890511127766e-45 4.237377356975767e-42 2.5068693880713655e-34 2.5056785537926335e-30 2.4964809462648233e-26 2.4924533635528795e-22
20.565123083486515 1.531378701810677e-45 9.598322388252403e-42 6.657075592057407e-34 6.653131626723708e-30 6.62690522464877e-26 6.609818647173797e-22
28.48035868435793 1.191309103536722e-45 2.2666700147879792e-41 1.7679547992150207e-33 1.7663319397663627e-29 1.758641576195143e-25 1.7504908541071278e-21
39.44206059437648 9.322998624008421e-46 5.530156612940341e-41 4.6954388918081024e-33 4.6888926754802234e-29 4.664152637715567e-25 4.6236832616338536e-21
54.62277217684337 7.347074053547087e-46 1.3844520635365436e-40 1.2470548097508962e-32 1.244635112045709e-28 1.2354293633764876e-24 1.2151942212030626e-20
75.64633275546291 5.837841840129314e-46 3.5346799320533202e-40 3.311981501658033e-32 3.303805530024567e-28 3.264340506752823e-24 3.1639661505250135e-20
104.76157527896619 4.684585806503692e-46 9.152709812816906e-40 8.795716613517786e-32 8.76997126071341e-28 8.584964088468351e-24 8.097326091342526e-20
145.08287784959373 3.804294278547574e-46 2.3927705367560516e-39 2.3357255111746804e-31 2.3279232369935848e-27 2.23799103537623e-23 2.0101509287879967e-19
200.92330025650458 3.1349772938882718e-46 6.29419036073157e-39 6.201918250103145e-31 6.178099264993279e-27 5.740348031149461e-23 4.744379754517123e-19
278.2559402207126 2.63080506794107e-46 1.6621177561339842e-38 1.6465539483724115e-30 1.6387847817174964e-26 1.4305546289498735e-22 1.0383198881573069e-18
385.352859371052 2.2587045695692846e-46 4.399602455396294e-38 4.370959054881364e-30 4.3423651908911715e-26 3.3974012206691855e-22 2.0617635731773208e-18
533.6699231206302 1.996236277291829e-46 1.1662285089910024e-37 1.160244013796733e-29 1.1482073637936496e-25 7.500760487187855e-22 3.6900532533606016e-18
739.0722033525775 1.8308110512571383e-46 3.09399508562162e-37 3.079786986598892e-29 3.023912222676295e-25 1.5050695617812676e-21 6.029218635077367e-18
1023.5310218990269 1.7607123053135198e-46 8.212386357322343e-37 8.175283253146751e-29 7.903589595726223e-25 2.721283340481612e-21 9.214743365823097e-18
1417.474162926802 1.7992334188039034e-46 2.1804344968245163e-36 2.1700686569151384e-28 2.0369373966612e-24 4.4829420481177126e-21 1.3492868244206076e-17
1963.0406500402685 1.9852121020629195e-46 5.7901209890178924e-36 5.759225705368038e-28 5.11884317154684e-24 6.889063246655577e-21 1.9243855266782086e-17
2718.58824273294 2.408120492096338e-46 1.53769959674539e-35 1.5277173933375215e-27 1.232299656561623e-23 1.0119059933052211e-20 2.7075083657808567e-17
3764.935806792456 3.2681794418432065e-46 4.083898455792042e-35 4.0482986617360405e-27 2.7747830802255546e-23 1.447132194364892e-20 3.7809944054282987e-17
5214.0082879996735 5.022511763759704e-46 1.0846368788240653e-34 1.070571787813171e-26 5.704424220128979e-23 2.0388562938404054e-20 5.2665420491488287e-17
7220.8090183854565 8.740783726983826e-46 2.8806362729117634e-34 2.8200626091287385e-26 1.0569906269541511e-22 2.8492592612314326e-20 7.310031161574566e-17
10000.0 1.6963833426041366e-45 7.650243740304346e-34 7.373786269042737e-26 1.7769406989961369e-22 3.965024369428868e-20 1.0130157156993413e-16
