results/limits/Pino_l.dat
# %ECSV 0.9
# ---
# datatype:
# - {name: mx, unit: MeV, datatype: float64}
# - {name: sigma_10, unit: cm2, datatype: float64}
# - {name: sigma_9, unit: cm2, datatype: float64}
# - {name: sigma_7, unit: cm2, datatype: float64}
# - {name: sigma_6, unit: cm2, datatype: float64}
# - {name: sigma_5, unit: cm2, datatype: float64}
# - {name: sigma_4, unit: cm2, datatype: float64}
# - {name: sigma_3, unit: cm2, datatype: float64}
# - {name: sigma_2, unit: cm2, datatype: float64}
# schema: astropy-2.0
mx sigma_10 sigma_9 sigma_7 sigma_6 sigma_5 sigma_4 sigma_3 sigma_2
3.162277660168379e-07 2.320944202748192e-39 2.3210612962979872e-39 2.6789015611943957e-39 3.6214806850313876e-39 5.586115083891001e-39 1.2072322394527644e-38 1.0727547109833166e-37 9.62637930955039e-35
3.9903418316493815e-07 1.79835766929129e-39 1.7984988819294553e-39 2.122861437598819e-39 2.869961524134262e-39 4.426901048916552e-39 9.567110749988726e-39 8.501402930424174e-38 7.628751132972736e-35
5.035240306053045e-07 1.3941286704999967e-39 1.3942991240243235e-39 1.6823992177622395e-39 2.2743956153877493e-39 3.508243845550811e-39 7.581773812158706e-39 6.737223118336548e-38 6.045667617821121e-35
6.353752638084481e-07 1.0812741610526663e-39 1.0814800713724395e-39 1.3333278903388606e-39 1.8024199275101813e-39 2.7802238487752967e-39 6.008428805700813e-39 5.339142533933616e-38 4.791104367423496e-35
8.017526499665791e-07 8.390084690902671e-40 8.392573680026572e-40 1.0566655043121585e-39 1.4283873404260699e-39 2.203280612359695e-39 4.761580506717483e-39 4.2311897892935064e-38 3.7968886839337166e-35
1.0116970998767502e-06 6.513079353561715e-40 6.516089225046097e-40 8.373993809578082e-40 1.1319729838758873e-39 1.746063165740591e-39 3.773475450849512e-39 3.3531589748148363e-38 3.008995100849384e-35
1.2766169490574089e-06 5.058111578841695e-40 5.061751718028561e-40 6.636282519798375e-40 8.970697664090085e-40 1.3837264115542633e-39 2.990420225041743e-39 2.6573380871550954e-38 2.3846096556673862e-35
1.610907884206832e-06 3.929755288699181e-40 3.934156077783041e-40 5.259153137097379e-40 7.1091310579526655e-40 1.096581048896429e-39 2.3698637792642534e-39 2.1059163707984088e-38 1.889803378735201e-35
2.0327352016717117e-06 3.0542972100567593e-40 3.059611888454928e-40 4.167794976115665e-40 5.633872975057065e-40 8.690236611870462e-40 1.878085211985558e-39 1.668929690136205e-38 1.4976886054334738e-35
2.565020905680046e-06 2.3747615430677594e-40 2.3811660450071248e-40 3.302911581186582e-40 4.4647582669014745e-40 6.886888294036272e-40 1.488361383745543e-39 1.3226322842831012e-38 1.1869579052497179e-35
3.236689285040605e-06 1.847083781254108e-40 1.8547722349287606e-40 2.617507611787579e-40 3.5382575193643886e-40 5.457771967174246e-40 1.1795147873701471e-39 1.0482064282456669e-38 9.407262424833595e-36
4.0842386526745176e-06 1.4371658921424804e-40 1.4463379948138382e-40 2.0743387386838957e-40 2.8040249061353633e-40 4.325229803176073e-40 9.347627663749162e-40 8.307398814395819e-39 7.456134472572758e-36
5.153724655961632e-06 1.118608081554099e-40 1.1294431346376243e-40 1.6438891915182083e-40 2.2221624038695913e-40 3.4277196643962636e-40 7.408055490673191e-40 6.58415560831394e-39 5.910171420556105e-36
6.503262930552246e-06 8.709604182721133e-41 8.835731218665765e-41 1.3027683027606235e-40 1.7610517091122837e-40 2.71647105550493e-40 5.8710354175826065e-40 5.2186940324110313e-39 4.6853661566940035e-36
8.206187091305455e-06 6.78374261689404e-41 6.927530335765075e-41 1.032439576523147e-40 1.3956361746899024e-40 2.15283487608395e-40 4.653046092513749e-40 4.1368152575537354e-39 3.715163398783375e-36
1.035503366489132e-05 5.285613351887756e-41 5.445044701401395e-41 8.182133800561306e-41 1.1060591943676087e-40 1.706183247056722e-40 3.687902207685268e-40 3.2797303359871514e-39 2.9468432811752296e-36
1.3066570504423449e-05 4.1198977693242916e-41 4.290736347626365e-41 6.484486958134759e-41 8.765852062652667e-41 1.3522451923593345e-40 2.923157987058698e-40 2.6008656784693585e-39 2.3386569446355907e-36
1.648814192907418e-05 3.2126281601349916e-41 3.388786977191354e-41 5.139205363170753e-41 6.94744621019551e-41 1.0717877488252617e-40 2.3172572598693323e-40 2.0633323661975476e-39 1.857558668381788e-36
2.0805675382171716e-05 2.5063827556889585e-41 2.6810057700882934e-41 4.073186468887919e-41 5.506562139404526e-41 8.495708225125721e-41 1.8372752383176887e-40 1.6379218362063182e-39 1.4774116950285815e-36
2.6253784687830593e-05 1.9565670726590517e-41 2.1233502275179974e-41 3.228502530031125e-41 4.3649015948399523e-41 6.735189996276235e-41 1.4571292538066183e-40 1.3015191393784334e-39 1.1775710335609964e-36
3.312851891487241e-05 1.528533158007886e-41 1.682675239208924e-41 2.5592525468286726e-41 3.460425132451112e-41 5.340652723316087e-41 1.1561611549989334e-40 1.0358477689840627e-39 9.417678124231309e-37
4.180344961851453e-05 1.1953447715703208e-41 1.3338614472243936e-41 2.029067489532037e-41 2.7439799951974546e-41 4.2363097763330384e-41 9.180142016237301e-41 8.264782990061646e-40 7.5723778444494e-37
5.27499706370262e-05 9.360402334502121e-42 1.0575823804007347e-41 1.6091329863724012e-41 2.1766273776989636e-41 3.362135980404101e-41 7.297431648825059e-41 6.620478392935194e-40 6.140532519721897e-37
6.6562913529862e-05 7.342796551381368e-42 8.387464128109576e-42 1.2766215778596043e-41 1.7275230604191562e-41 2.6705985851812984e-41 5.811087862120366e-41 5.33649615630043e-40 5.046358515489904e-37
8.399287059458457e-05 5.772932854469601e-42 6.65455560225192e-42 1.0134485851369232e-41 1.3722349097853547e-41 2.1240606552556363e-41 4.640173631975431e-41 4.343628383542695e-40 4.23452569513864e-37
0.00010598698188825015 4.550741412688753e-42 5.282883805469033e-42 8.0528280987975e-42 1.0914037237716967e-41 1.69271115335813e-41 3.720735056243161e-41 3.5890362932842697e-40 3.6693961635705437e-37
0.00013374040261108214 3.5977565004688064e-42 4.197712182247347e-42 6.407569388916769e-42 8.696721402891525e-42 1.352903327705622e-41 3.002195816139293e-41 3.0338966596393452e-40 3.3377910455849156e-37
0.0001687612475788147 2.8527318322617652e-42 3.3396615727690017e-42 5.108343564128543e-42 6.948224160301097e-42 1.0858076778948628e-41 2.444401843394567e-41 2.652264669376618e-40 3.258031048769386e-37
0.00021295254185213622 2.2683167623536724e-42 2.66142998091254e-42 4.083016392488468e-42 5.5708211401533397e-42 8.763165388572497e-42 2.0151675756402863e-41 2.431458614804241e-40 3.5001383153570835e-37
0.0002687156307025227 1.808231046538152e-42 2.125213421871632e-42 3.273711394524767e-42 4.485804917722852e-42 7.12182756703401e-42 1.688303233178657e-41 2.374699240042655e-40 4.222773795457006e-37
0.0003390806681894053 1.444744943146225e-42 1.700769552404296e-42 2.6338997030220084e-42 3.629581933975293e-42 5.834178340751976e-42 1.4422692171141042e-41 2.5077397374286216e-40 5.731634293006474e-37
0.00042787127506942624 1.1565988903657359e-42 1.3640321943708625e-42 2.126434820397767e-42 2.951185709596619e-42 4.8194870173198123e-42 1.2595872377437241e-41 2.8931759527294456e-40 8.58708704757003e-37
0.0005399123135125903 9.27439982819809e-43 1.0960673254558994e-42 1.7221371507191305e-42 2.4105896833508644e-42 4.0142098159140354e-42 1.1267765735197943e-41 3.6588161653982024e-40 1.381478688859038e-36
0.0006812920690579615 7.446643554977698e-43 8.821499434810799e-43 1.398478402007141e-42 1.9770638651766072e-42 3.3699121366163723e-42 1.0343347487331666e-41 5.05157278130668e-40 2.333864235602796e-36
0.0008596930867190788 5.985281598576153e-43 7.108897819434532e-43 1.1382244588418625e-42 1.6273284103321444e-42 2.8504857725443002e-42 9.76521023611013e-42 7.537138140068115e-40 4.083272145996088e-36
0.0010848096388007434 4.814597276108492e-43 5.734599908952882e-43 9.281768797978402e-43 1.3437571524878161e-42 2.4291841393883722e-42 9.511405962382339e-42 1.1984856798337525e-39 7.338469368772844e-36
0.0013688745095370807 3.875376861040818e-43 4.629781530589793e-43 7.581485889731544e-43 1.1128910612837699e-42 2.0860846100050722e-42 9.59684855326755e-42 2.0020221842600722e-39 1.3482101251594712e-35
0.0017273237219129888 3.121013588604457e-43 3.740383053362836e-43 6.201956796949454e-43 9.243253479709129e-43 1.806182719327386e-42 1.0081832239334745e-41 3.4714872701072336e-39 2.523937581528289e-35
0.0021796353277791203 2.514614582205428e-43 3.0236539702190463e-43 5.080617469164505e-43 7.699147081152082e-43 1.578056113683535e-42 1.1092579616024005e-41 6.195311560545779e-39 4.802033080600438e-35
0.002750387840931946 2.0268430451681203e-43 2.445601990451783e-43 4.167782880836206e-43 6.432127619688319e-43 1.3929596730157835e-42 1.286289406597882e-41 1.1315040639173393e-38 9.260891440616351e-35
0.0034705958281810684 1.6342910042862992e-43 1.9790875881850906e-43 3.423740711731067e-43 5.390733649285171e-43 1.2442266487696707e-42 1.5814683742355892e-41 2.1068432138353705e-38 1.8055099357493312e-34
0.00437939523413049 1.318235270776047e-43 1.6023781140312696e-43 2.8165973499638103e-43 4.5336161030449625e-43 1.1268882683077535e-42 2.0711711084476584e-41 3.987756351912437e-38 3.5496651168662007e-34
0.0055261700198540875 1.0636739043834707e-43 1.2980338943970219e-43 2.3206490790535753e-43 3.827395909861983e-43 1.0374617249013689e-42 2.8951295152428983e-41 7.65307272255423e-38 7.022635287490128e-34
0.00697323567654597 8.585719193881491e-44 1.0520392520698e-43 1.9151281558893185e-43 3.2450416657511303e-43 9.7388996892131e-43 4.311329076071923e-41 1.4855812607925e-37 1.3957565730555207e-33
0.008799225435691074 6.932660543355913e-44 8.53118089406865e-44 1.5832235009427737e-43 2.7646192411400605e-43 9.356509422017135e-43 6.798793991768316e-41 2.9100995415348365e-37 2.7832956592170638e-33
0.011103363181676366 5.599923786042105e-44 6.9219110602088e-44 1.3113075203876045e-43 2.3683153864935456e-43 9.24098652739882e-43 1.1251527605736926e-40 5.740753868409122e-37 5.563319978656402e-33
0.014010855255980158 4.525098954272673e-44 5.619432616648346e-44 1.088320866472531e-43 2.041669046037914e-43 9.431706854189092e-43 1.9352259850982833e-40 1.138461399116537e-36 1.1138556311132111e-32
0.017679694142400303 3.6579981566419394e-44 4.564779487831394e-44 9.052801576468488e-44 1.7729644825392817e-43 1.0007274843319765e-42 3.4307176692375703e-40 2.266449173045804e-36 2.2326562330664747e-32
0.022309243744089834 2.958248433076422e-44 3.7103986480576793e-44 7.548825622825911e-44 1.5527540735441726e-43 1.1110378086888552e-42 6.23039664486462e-40 4.52462657533973e-36 4.4787158924360095e-32
0.028151072774477325 2.3933625211833847e-44 3.0179258950109403e-44 6.311873358653714e-44 1.373488666344512e-43 1.2994073762448787e-42 1.1541766637402244e-39 9.050628029136639e-36 8.989038345876219e-32
0.03552262494616661 1.9371912790455037e-44 2.4563987257007013e-44 5.293588611059484e-44 1.229241628509122e-43 1.6108788625802596e-42 2.174226501631134e-39 1.812920849538548e-35 1.8047885755674111e-31
0.044824468792893084 1.5686814701964895e-44 2.0008192741297302e-44 4.454590538612672e-44 1.1155207864497555e-43 2.1266891303462333e-42 4.1544254363824806e-39 3.634962009201195e-35 3.6244554194984975e-31
0.0565620644760902 1.2708781816458592e-44 1.630998046870201e-44 3.762795206633493e-44 1.02917204290167e-43 2.995383414954935e-42 8.03317553684312e-39 7.293089964024093e-35 7.279959255694499e-31
0.07137323037957849 1.0301233983333203e-44 1.3306231461772892e-44 3.192058117829976e-44 9.68392143740283e-44 4.4912761567646585e-42 1.568482506711601e-38 1.4639372716102168e-34 1.4623867375331173e-30
0.09006280202112776 8.354119633802147e-45 1.0865107086525985e-44 2.721076567892889e-44 9.328902286450664e-44 7.123893368292866e-42 3.086041100743252e-38 2.9394708726528093e-34 2.937833569432882e-30
0.11364636663857243 6.778738756292708e-45 8.880010660143135e-45 2.33250301794114e-44 9.242767257480536e-44 1.184482082339038e-41 6.107637621784585e-38 5.903480020918113e-34 5.9021896125493885e-30
0.14340544997832724 5.503580379979122e-45 7.264721407089309e-45 2.0122306584901222e-44 9.468299692012928e-44 2.0447266752649567e-41 1.2140783608321706e-37 1.185794655796235e-33 1.1858034586759062e-29
0.1809571541243322 4.4709749689554254e-45 5.949471942714148e-45 1.7488205899071572e-44 1.0089275432632222e-43 3.6352654597174294e-41 2.4210835905598198e-37 2.382061415724715e-33 2.3824320439150144e-29
0.22834203047182694 3.634401570065917e-45 4.8777853809302283e-45 1.533047089691308e-44 1.1256938714932877e-43 6.617243880326879e-41 4.8391776530222296e-37 4.785468818481353e-33 4.7866596713236496e-29
0.2881349628441459 2.956321158247124e-45 4.003924195918315e-45 1.357543802513861e-44 1.3239303783811699e-43 1.2282199518551561e-40 9.68816022168888e-37 9.614227094152012e-33 9.617128220423046e-29
0.36358508611685775 2.4064329583940657e-45 3.290831894262433e-45 1.2165399949402915e-44 1.6513875396655026e-43 2.3175064411092153e-40 1.9418093054668215e-36 1.9315934293064944e-32 1.9322163725717591e-28
0.45879234349670894 1.9602708441489913e-45 2.708471790679818e-45 1.1056831329172764e-44 2.194307626951426e-43 4.4343111790412074e-40 3.895061989194298e-36 3.8808192158970195e-32 3.882038071630617e-28
0.5789302765393113 1.5980732197746313e-45 2.2324858574563565e-45 1.021953363830817e-44 3.110575485057026e-43 8.584117599049387e-40 7.817291685052794e-36 7.797104037441996e-32 7.799247964252904e-28
0.7305271542664449 1.3038728786649877e-45 1.8431116336950558e-45 9.636894725716415e-45 4.691963637722263e-43 1.6775769015599953e-39 1.5694846557621646e-35 1.5665406556657357e-31 1.5668538875257338e-27
0.9218207178777464 1.0647638387449891e-45 1.5243072558895184e-45 9.307690965864397e-45 7.480686055538213e-43 3.3030168680000566e-39 3.151847043505761e-35 3.147345329160035e-31 3.147602066307693e-27
1.1632058178068951 8.703105915773588e-46 1.2630443853117081e-45 9.250272042283352e-45 1.2490086730679872e-42 6.5405622857971e-39 6.330610066175078e-35 6.323197984586454e-31 6.322653234421233e-27
1.4677992676220706 7.120719776605656e-46 1.0487366244900462e-45 9.510732938768567e-45 2.1631914093923392e-42 1.3006583350179068e-38 1.2716707459630751e-34 1.2703201556979783e-30 1.2699376303452132e-26
1.8521526088081706 5.8321734336762294e-46 8.72777306799696e-46 1.0178136134214111e-44 3.855854894406498e-42 2.594519712740703e-38 2.5546789069943434e-34 2.5519217583454362e-30 2.5505310986063787e-26
2.3371515179132776 4.782170083271187e-46 7.281656089094221e-46 1.1412674077614958e-44 7.033610493164393e-42 5.187002829205522e-38 5.132386112428952e-34 5.1261751478265834e-30 5.122180926292771e-26
2.949150729647068 3.925925864074506e-46 6.092040159064743e-46 1.3498163190753758e-44 1.307814527964398e-41 1.0386253335167327e-37 1.031135613086283e-33 1.0296461723446001e-29 1.0286632958709607e-25
3.721406147404331 3.2271552784896028e-46 5.1125345659606896e-46 1.6940853083547662e-44 2.471405309820439e-41 2.081984105120675e-37 2.0716668109180328e-33 2.068008644997138e-29 2.0658724760070175e-25
4.695881961786349 2.656445206399877e-46 4.305350772603999e-46 2.2656414927863024e-44 4.73477818607982e-41 4.176604254792429e-37 4.162239679831114e-33 4.1533050188385025e-29 4.149116192301895e-25
5.925530975545675 2.1899421510930157e-46 3.6396976143190636e-46 3.2323119297202153e-44 9.175339348255659e-41 8.382854734410042e-37 8.362444609901983e-33 8.341127869063616e-29 8.333505300714294e-25
7.477172047313224 1.808292041346929e-46 3.0904823235553023e-46 4.9044553853884e-44 1.7946076741373815e-40 1.6831042065445738e-36 1.6800970443188726e-32 1.675169066695659e-28 1.673814172603917e-24
9.435121013771044 1.4957837248725422e-46 2.6372597622415505e-46 7.859103753376575e-44 3.5356929384963576e-40 3.380114889877007e-36 3.3754060215588827e-32 3.3643781886951535e-28 3.361805662008428e-24
11.90577239378782 1.2396567912269966e-46 2.2633836577724967e-46 1.3175473698483544e-43 7.0045920895394444e-40 6.789225043670555e-36 6.781149203962661e-32 6.7571646834209675e-28 6.751388239613988e-24
15.02338084331858 1.0295420100638049e-46 1.955323024925512e-46 2.289195945227381e-43 1.393395347607724e-39 1.363813047992594e-35 1.3622630706513187e-31 1.3571536375344337e-27 1.355579727945242e-23
18.957356524063755 8.570088267550279e-47 1.7021148148497825e-46 4.090799456433069e-43 2.7801120416395548e-39 2.7398078040978374e-35 2.736492306706844e-31 2.7257083699313627e-27 2.720846907108018e-23
23.921470814626385 7.15199314312527e-47 1.4949306396420871e-46 7.477643733122592e-43 5.5587593865849255e-39 5.504341917785007e-35 5.496671967814634e-31 5.473757847251548e-27 5.457980540910147e-23
30.185472600499182 5.985319732033558e-47 1.3267416883904828e-46 1.392798541682503e-42 1.1131381697808513e-38 1.1058679031473139e-34 1.1040218704052999e-30 1.0990136358091376e-26 1.0938447717372423e-22
38.089746369540755 5.024619881083419e-47 1.1920723202926382e-46 2.6358954177939345e-42 2.231408449313864e-38 2.221815940724106e-34 2.2173388265950065e-30 2.2057965744613508e-26 2.1889507664288673e-22
48.06380863064389 4.2328714506264637e-47 1.0868402332150515e-46 5.05620091041567e-42 4.4763834147598904e-38 4.463909815355668e-34 4.453192019916833e-30 4.424572377649017e-26 4.370166804461784e-22
60.649647746945895 3.579907064354096e-47 1.008291113351642e-46 9.808233063373095e-42 8.98450946384034e-38 8.968529628516406e-34 8.943473623405486e-30 8.866724490768624e-26 8.692787652419302e-22
76.53117546501343 3.0411423410524175e-47 9.550510419156782e-47 1.9199563887661863e-41 1.8038941045285924e-37 1.801862037913639e-33 1.7961602211383627e-29 1.7741695103066345e-25 1.719186058775663e-21
96.57139052966039 2.596547237564972e-47 9.273458569533316e-47 3.7850230882890383e-41 3.6226755548817274e-37 3.620027240162723e-33 3.607367071873734e-29 3.541459112365575e-25 3.37007972020656e-21
121.85927384710897 2.2298153201539325e-47 9.274831723471283e-47 7.502064527086629e-41 7.276403256786708e-37 7.272558291910472e-33 7.244942198132909e-29 7.042497091920785e-25 6.518397108333657e-21
153.7689634694013 1.9276949933169603e-47 9.607795906466673e-47 1.492869184223293e-40 1.461673986494356e-36 1.4609738601815253e-32 1.454990995814974e-28 1.3922283128981681e-24 1.2361854432052366e-20
194.03442495579117 1.6794544473453106e-47 1.0372819786220881e-46 2.979320914913663e-40 2.9364002880777462e-36 2.934761551864204e-32 2.921692994044895e-28 2.7274240630975865e-24 2.2800329382568148e-20
244.8436746822229 1.4764588150097333e-47 1.174954681965494e-46 5.958120201282077e-40 5.899296659737394e-36 5.894885541773745e-32 5.8655467300493545e-28 5.270379744448675e-24 4.051795974090998e-20
308.95767617294 1.3118442731694277e-47 1.4056325359821018e-46 1.1932573907392734e-39 1.1852168484076733e-35 1.1839965798362958e-31 1.1770836869121281e-27 9.981397627684564e-24 6.876240525580702e-20
389.8603702549064 1.1802802498241714e-47 1.786243889344354e-46 2.3922220767654345e-39 2.381235387075145e-35 2.3779501139919833e-31 2.360567915724931e-27 1.8375043967802097e-23 1.1074994147805582e-19
491.94799164082207 1.0778184855276703e-47 2.4200536839413644e-46 4.799273322061115e-39 4.7841987854792075e-35 4.775743516073916e-31 4.728877434294199e-27 3.2574897389051727e-23 1.6911099675586478e-19
620.7679593624754 1.0018380893012095e-47 3.4967405436182245e-46 9.632970707357642e-39 9.612013897960993e-35 9.59125889416191e-31 9.457017246354346e-27 5.512166342816437e-23 2.4584039538823086e-19
783.3203223083892 9.511118657733512e-48 5.367514930295852e-46 1.9341446130821098e-38 1.9311397788073707e-34 1.926258750815361e-30 1.8861289704786303e-26 8.851139850000656e-23 3.4296363375537634e-19
988.438140350333 9.260466082228659e-48 8.686007452515225e-46 3.884324554203606e-38 3.879740224034684e-34 3.868649669273097e-30 3.7457438847036277e-26 1.347514087643919e-22 4.635075883921205e-19
1247.267470886043 9.291994775810214e-48 1.4676675800623757e-45 7.802043128339125e-38 7.794283341984039e-34 7.769651206503189e-30 7.38972132942055e-26 1.953711944609909e-22 6.120825748044419e-19
1573.8730431619044 9.6626516596139e-48 2.565784183686995e-45 1.5672771636545006e-37 1.5657741550040725e-33 1.5603456843982454e-29 1.4431412514387023e-25 2.719875290423961e-22 7.955331875224787e-19
1986.0025325859099 1.0479062140407357e-47 4.607597427909703e-45 3.1485673752451495e-37 3.1452619502113816e-33 3.1331652040661415e-29 2.7757050969600002e-25 3.6699739692536694e-22 1.0231384200623404e-18
2506.0509655300853 1.193144123976975e-47 8.456299864485081e-45 6.325568060600156e-37 6.317664926458608e-33 6.289797035533331e-29 5.221761080612907e-25 4.841911582438367e-22 1.30726092002746e-18
3162.2776601683795 1.4356997305847428e-47 1.580442075365038e-44 1.2708609558246828e-36 1.268905135508639e-32 1.2621220950688784e-28 9.525528360327661e-25 6.289526250934269e-22 1.6647115869342136e-18
