results/limits/Pino_h_phase.dat
# %ECSV 1.0
# ---
# datatype:
# - {name: mx, unit: MeV, datatype: float64}
# - {name: sigma, unit: cm2 MeV4, datatype: float64}
# schema: astropy-2.0
mx sigma
[from data line 358]
0.0012122259692915415 2.5970851663453453e-40
0.0012404909310584848 2.8329844962927757e-40
0.0012694149350204683 3.090839208981199e-40
0.0012990133477864558 3.3727254079539407e-40
0.0013293018942621524 3.680917282545311e-40
0.001360296666004259 4.017906089324009e-40
0.001392014129769518 4.386420960332816e-40
0.0014244711362630968 4.789451715341567e-40
0.0014576849290909482 5.230273872570588e-40
0.0014916731539209149 5.712476071210747e-40
0.0015264538678574353 6.239990139709299e-40
0.0015620455490348386 6.8171240663693804e-40
0.0015984671064343198 7.448598153503037e-40
0.0016357378899298156 8.13958466338314e-40
0.0016738777005681136 8.895751293780314e-40
0.0017129068010886602 9.723308853197682e-40
0.0017528459266886532 1.0629063541307278e-39
0.00179371629603914 1.1620474278860819e-39
0.0018355396225579732 1.2705715573841484e-39
0.0018783381259456144 1.3893746457228482e-39
0.0019221345439899109 1.5194386072887694e-39
0.001966952144646121 1.6618396562246338e-39
0.0020128147383986056 1.8177573946065054e-39
0.002059746690910748 1.9884847773339433e-39
0.0021077729359698315 2.1754390381741063e-39
0.0021569189887337423 2.3801736695688717e-39
0.002207210959286545 2.604391557781838e-39
0.0022586755665101248 2.8499593848045443e-39
0.0023113401522792685 3.1189234192398465e-39
0.0023652326959877285 3.4135268302235053e-39
0.0024203818294129824 3.7362286714299144e-39
0.0024768168519275916 4.089724696440754e-39
0.002534567746065232 4.4769701823542054e-39
0.0025936651934496745 4.9012049556070194e-39
0.0026541405910951734 5.365980832716304e-39
0.0027160260680869266 5.875191709181602e-39
0.0027793545026504624 6.433106552296103e-39
0.002844159539619031 7.044405578292664e-39
0.0029104756083082714 7.714219921307428e-39
0.0029783379408076585 8.44817513131487e-39
0.0030477825906984404 9.252438870726919e-39
0.0031188464522080173 1.0133773215034853e-38
0.0031915672798109355 1.1099592002009719e-38
0.0032659837082868936 1.215802371689818e-38
0.003342135273246469 1.3317980448122143e-38
0.0034200624321353945 1.4589233499607586e-38
0.0034998065857286074 1.5982496302475294e-38
0.0035814101001254554 1.7509515330897048e-38
0.003664916329257761 1.918316979498814e-38
0.0037503696379226933 2.101758095824585e-38
0.0038378154253526898 2.3028232008889922e-38
0.003927300149334948 2.523209950421144e-38
0.004018871350893299 2.7647797505452494e-38
0.00411257767954558 3.0295735628660967e-38
0.004208468919149921 3.319829235530745e-38
0.004306596014353682 3.638000507622361e-38
0.004407011097659079 3.9867778484726254e-38
0.004509767517119906 4.369111309084028e-38
0.004614919864684026 4.788235579965096e-38
0.004722524005196735 5.247697468446273e-38
0.004832637106080367 5.75138602912063e-38
0.004945317667705937 6.303565603617686e-38
0.005060625554472947 6.908912050661514e-38
0.005178622026613854 7.572552474496866e-38
0.005299369772740128 8.300108789520233e-38
0.005422932943147155 9.097745491579112e-38
0.0055493771838957115 9.972222042179425e-38
0.00567876967168809 1.0930950311074636e-37
0.005811179149557424 1.1982057565730186e-37
0.0059466759633891655 1.3134455543333497e-37
0.006085332099294114 1.4397916192751092e-37
0.006227221221852859 1.5783154730561722e-37
0.006372418713251954 1.7301920717529831e-37
0.006521001713332612 1.896709792993427e-37
0.006673049160573193 2.079281387536163e-37
0.006828641834027273 2.2794559884037885e-37
0.006987862396239558 2.498932279792703e-37
0.00715079543716245 2.739572937384564e-37
0.007317527519096606 3.00342046388946e-37
0.007488147222679345 3.292714552346354e-37
0.007662745193945353 3.6099111288665668e-37
0.007841414192484688 3.957703229646812e-37
0.008024249140723652 4.339043902089055e-37
0.008211347174354735 4.757171304194829e-37
0.008402807693942412 5.215636249420642e-37
0.008598732417732204 5.718332377391794e-37
0.008799225435691074 6.269529291245639e-37
0.009004393264807849 6.873908828357719e-37
0.009214344905683071 7.536604870387229e-37
0.009429191900438323 8.263247061319716e-37
0.009649048391975805 9.060008583353174e-37
0.009874031184619632 9.933658708295183e-37
0.010104259806171096 1.0891620282861617e-36
0.01033985657141083 1.1942033085823312e-36
0.010580946647081629 1.3093822716618037e-36
0.010827658118386449 1.4356776703249088e-36
0.011080122057036918 1.5741627505942288e-36
0.011338472590888495 1.7260144463657686e-36
0.01160284697519928 1.8925232926134928e-36
0.01187338566555036 2.0751044605541975e-36
0.012150232392466372 2.2753097784649264e-36
0.012433534237775993 2.49484092903156e-36
0.01272344171275288 2.735563921246336e-36
0.013020108838078586 2.999524880611445e-36
0.013323693225669961 3.288967752582561e-36
0.013634356162414448 3.6063529548805806e-36
0.013952262695857842 3.954378577375875e-36
0.014277581721889965 4.336003263161705e-36
0.014610486074474885 4.7544713713650426e-36
0.014951152617473332 5.213340570104621e-36
0.015299762338606094 5.71651209429516e-36
0.015656500445608335 6.268263925663781e-36
0.016021556464625875 6.873287177200558e-36
0.016395124340905766 7.536725991522147e-36
0.016777402541834602 8.264221292516142e-36
0.017168594162379338 9.061958762409952e-36
0.01756890703298664 9.936720830554038e-36
0.017978553829998065 1.0895946762293713e-35
0.01839775218863974 1.1947792450202897e-35
0.01882672481864659 1.3101202025536162e-35
0.01926569962258253 1.4365983389434798e-35
0.019714909816919448 1.5752891632943458e-35
0.020174594055939365 1.7273720513565216e-35
0.02064499655852557 1.894140276644515e-35
0.021126367237910063 2.0770120103418922e-35
0.021618961834446313 2.2775423835568546e-35
0.02212304205147776 2.497436714528993e-35
0.022638875694374342 2.738565013296814e-35
0.0231667368128109 3.002977887201655e-35
0.02370690584636297 3.2929239825191e-35
0.024259669773497434 3.610869110575339e-35
0.024825322264037063 3.959517221034061e-35
0.025404163835180054 4.3418334007515983e-35
0.025996502011157406 4.7610690938274517e-35
0.026602651486612925 5.22078975737078e-35
0.027222934293792744 5.724905188221828e-35
0.027857679973633073 6.277702778586163e-35
0.02850722575083718 6.883883983453206e-35
0.02917191671303455 7.548604309989846e-35
0.029852105994117403 8.277517169057915e-35
0.030548154961852016 9.076821961855665e-35
0.031260433409864494 9.953316810707344e-35
0.031989319754103004 1.0914456382528213e-34
0.0327352012338808 1.1968415296810585e-34
0.03349847411760691 1.3124157657478874e-34
0.034279543913313774 1.4391513300051035e-34
0.03507882558409363 1.578126140266447e-34
0.03589674376855814 1.7305222172161683e-34
0.03673373300643846 1.8976359618960152e-34
0.037590237969445384 2.080888310460838e-34
0.038466713697512506 2.281838097176203e-34
0.03936362584054766 2.502194483561214e-34
0.04028145090582124 2.7438316986428656e-34
0.04122067651112274 3.00880498095988e-34
0.04218180164382002 3.2993680602292836e-34
0.043165336925959 3.617992327375076e-34
0.044171804885544536 3.9673878559795575e-34
0.04520174023414663 4.3505264539661455e-34
0.046255690150979495 4.770666941591765e-34
0.047334214573604344 5.231382870763949e-34
0.048437886495410414 5.736592921463782e-34
0.04956729227003216 6.290594233827349e-34
0.05072303192286451 6.8980989594092515e-34
0.051905719469841495 7.564274342534172e-34
0.05311598324364777 8.29478667266954e-34
0.05435446622753626 9.09584948167945e-34
0.05562182639692926 9.974276395927056e-34
0.056918737068984544 1.0937539092787086e-33
0.058245887260312136 1.199383085454832e-33
0.05960398205303182 1.3152136260297572e-33
0.06099374296936585 1.442230760858673e-33
0.06241590835496589 1.5815148720936473e-33
0.06387123377117784 1.7342506839012418e-33
0.06536049239645289 1.901737339715401e-33
0.06688447543711816 2.085399452743124e-33
0.06844399254772507 2.2867992237188975e-33
0.0700398722611988 2.5076497289819887e-33
0.0716729624290174 2.7498294919054602e-33
0.07334413067165428 3.0153984616220785e-33
0.07505426483952363 3.306615534962743e-33
0.07680427348467332 3.6259577706497855e-33
0.07859508634347626 3.9761414591817917e-33
0.08042765483057629 4.3601452276312936e-33
0.08230295254435131 4.781235375885635e-33
0.08422197578416211 5.242993659842215e-33
0.08618574407966152 5.749347757882995e-33
0.08819530073244539 6.304604679777591e-33
0.09025171337033296 6.913487402192316e-33
0.09235607451457113 7.581175042428516e-33
0.09450950216026408 8.313346912109753e-33
0.09671314037033632 9.116230825540368e-33
0.09896815988334524 9.996656073648562e-33
0.10127575873546546 1.0962111514112619e-32
0.10363716289697593 1.2020809271787541e-32
0.10605362692358762 1.3181754591270788e-32
0.10852643462295801 1.4454822435776182e-32
0.11105689973674641 1.5850841483869633e-32
0.11364636663857243 1.7381686238546519e-32
0.11629621104824843 1.906037803213502e-32
0.1190078407626656 2.0901195786177754e-32
0.12178269640372161 2.29197974684203e-32
0.12462225218368743 2.513335328002548e-32
0.1275280166884199 2.7560691705910254e-32
0.13050153367883624 3.0222459670516097e-32
0.1335443829110759 3.3141298161305523e-32
0.13665818097578622 3.634203481384634e-32
0.13984458215697693 3.9851895096622157e-32
0.14310527931090045 4.370073389191625e-32
0.14644200476542463 4.7921289442607896e-32
0.14985653124037576 5.254946182496431e-32
0.15335067278934078 5.762461831613086e-32
0.1569262857634292 6.318992825379162e-32
0.1605852697975066 6.929273951322326e-32
0.16432956881942368 7.598494496238222e-32
0.16816117208277714 8.332347706754138e-32
0.172082115223751 9.137075751399071e-32
0.1760944813425998 1.0019523662513214e-31
0.1802004021103484 1.0987197560388552e-31
0.18440205890129596 1.2048328500654959e-31
0.18870168395192646 1.3211942488000553e-31
0.1931015615468407 1.4487937251766592e-31
0.1976040292323402 1.5887166436473826e-31
0.20221147905830805 1.742153192340937e-31
0.20692635884904578 1.9104085068565503e-31
0.21175117350374192 2.094913771806605e-31
0.2166884863272632 2.297238394538239e-31
0.22174092039197504 2.519103354584265e-31
0.22691115993131514 2.7623958423944026e-31
0.23220195176586036 3.029185311864716e-31
0.2376161067626448 3.3217410832087816e-31
0.24315650132850383 3.642551645901541e-31
0.24882607893823822 3.994345825887605e-31
0.25462785169840935 4.3801159971034245e-31
0.2605649019475973 4.803143534751517e-31
0.26664038389397104 5.267026726833868e-31
0.27285752529104135 5.7757113813610835e-31
0.2792196291524867 6.333524389584025e-31
0.2857300755069626 6.945210530738271e-31
0.2923923231938275 7.6159728313645295e-31
0.2992099117007387 8.351516822503402e-31
0.3061864630440946 9.158099071218373e-31
0.31332568369332287 1.004258039925861e-30
0.32063136654003577 1.1012484241542203e-30
0.3281073929131 1.2076060640860324e-30
0.3357577346406907 1.3242356423143866e-30
0.343586456160426 1.452129215020753e-30
0.3515977166787018 1.5923746504535075e-30
0.359795772380376 1.7461648823886962e-30
0.368184978689974 1.9148080572834364e-30
0.3767697925856183 2.0997386614341698e-30
0.38555477496691104 2.3025297227879605e-30
0.394544593078027 2.5249061911959624e-30
0.4037440229873054 2.7687596109223607e-30
0.4131579521246571 3.0361642102136774e-30
0.42279138187813525 3.329394544787274e-30
0.43264943025104924 3.6509448453154e-30
0.4427373345810337 4.003550233475531e-30
0.4530604543225162 4.390209987031724e-30
0.4636242738940635 4.814213051840982e-30
0.47443440559211736 5.279166017791038e-30
0.48549659257266914 5.789023796634416e-30
0.4968167119024568 6.348123262665747e-30
0.5084007776813051 6.961220142391869e-30
0.5202549442372687 7.63352946698016e-30
0.5323855093962742 8.370769931575363e-30
0.5447989178279997 9.179212538807808e-30
0.557501764469769 1.0065733940257285e-29
0.5705007980302781 1.1037874929597166e-29
0.5838029245750183 1.2103904584965466e-29
0.5974152111952977 1.3272890606159907e-29
0.6113448897628128 1.4554776444949792e-29
0.6255993607717623 1.596046588457828e-29
0.6401861972705483 1.750191578789334e-29
0.6551131488851486 1.9192237803027113e-29
0.6703881459363026 2.1045809891737344e-29
0.686019303652694 2.30783986290775e-29
0.7020149264823721 2.530729331468131e-29
0.7183835125046995 2.775145303642156e-29
0.7351337579451718 3.0431667937370013e-29
0.7522745617955077 3.337073605780895e-29
0.7698150305414633 3.659365725651659e-29
0.7877644830008832 4.0127845860833977e-29
0.8061324552745581 4.4003363854321627e-29
0.8249287058125218 4.825317658552086e-29
0.8441632205984669 5.291343317287651e-29
0.8638462184550629 5.802377399097836e-29
0.8839881564729563 6.362766785359736e-29
0.9045997355663667 6.977278176162492e-29
0.9256919061582187 7.651138636100465e-29
0.9472758739978306 8.390080055950389e-29
0.9693631061142522 9.200387908425662e-29
0.9919653369084147 1.0088954712726736e-28
1.0150945743873274 1.1063338662660444e-28
1.0387631065436362 1.213182791702043e-28
1.0629835078839296 1.3303511099088194e-28
1.0877686461092637 1.4588354604925013e-28
1.1131316889514546 1.5997287378044098e-28
1.1390861111687691 1.7542293871560747e-28
1.16564570170473 1.9236515988560954e-28
1.1928245710138414 2.109436486779739e-28
1.2206371585581264 2.313164346557235e-28
1.2490982404784545 2.536568097648558e-28
1.2782229374447416 2.7815480236449508e-28
1.3080267226891875 3.050187936177815e-28
1.3385254302268237 3.3447728999268877e-28
1.369735263267732 3.6678086694965172e-28
1.4016728028254128 4.022043003492406e-28
1.4343550165258654 4.410489037096451e-28
1.4677992676220706 4.836450911947837e-28
1.5020233242186567 5.303551881340779e-28
1.5370453687116559 5.815765129801605e-28
1.5728840074483612 6.377447569199194e-28
1.6095582806124205 6.9933768988592465e-28
1.6470876723394143 7.668792244918906e-28
1.6854921210682972 8.409438724600889e-28
1.7247920301341966 9.221616314473333e-28
1.7650082786082029 1.011223343837265e-27
1.8061622323899016 1.1088865730809015e-27
1.848275755558551 1.2159820475699223e-27
1.8913712219889245 1.333420726854996e-27
1.935471527238 1.4622015503139709e-27
1.9806001007088037 1.6034199341813322e-27
2.0267809180978715 1.758277089214635e-27
2.0740385141329463 1.9280902382544746e-27
2.1223979956076717 2.1143038205892907e-27
2.171885054720213 2.3185017784296783e-27
2.222525982722885 2.5424210300015552e-27
2.274347683890048 2.7879662438615964e-27
2.327377689811681 3.0572260401050455e-27
2.3816441740202396 3.3524907562749216e-27
2.437175966958554 3.6762719290900484e-27
2.4940025712967335 4.031323657704971e-27
2.552154177606206 4.4206660302173884e-27
2.611661680399223 4.847610812692709e-27
2.6725566945423505 5.315789619214561e-27
2.7348715720526675 5.829184802579897e-27
2.7986394192855935 6.392163328395502e-27
2.863894114523477 7.009513920710292e-27
2.9306703259742912 7.686487795147018e-27
2.999003530189995 8.428843326009935e-27
3.068930030914351 9.242895027311861e-27
3.1404869783702067 1.013556726435166e-26
3.21371238899649 1.1114453152721059e-26
3.2886451656454048 1.2187879145731266e-26
3.3653251182505572 1.3364975859652772e-26
3.443792984976987 1.4655755739202056e-26
3.5240904538643507 1.6071198223909195e-26
3.6062601849747473 1.7623343139790214e-26
3.6903458330569543 1.9325393110723366e-26
3.77639207073912 2.119182586064215e-26
3.8644446122622242 2.323851736179525e-26
3.9545502377669295 2.5482876876576267e-26
4.046756818146711 2.794399504160047e-26
4.141113340480481 3.064280625363525e-26
4.237669934058216 3.360226673864846e-26
4.336477897013409 3.68475498186403e-26
4.437589723576497 4.040626003720577e-26
4.541059131963759 4.430866796519342e-26
4.646941092916466 4.858796768372614e-26
4.755291858905486 5.328055913475597e-26
4.866168994016832 5.842635774082402e-26
4.979631404534034 6.406913392769393e-26
5.0957393702336 7.025688543781609e-26
5.214554576410165 7.704224560159543e-26
5.336140146648369 8.448293103917425e-26
5.4605606763588606 9.264223260095725e-26
5.587882267096237 1.0158955372282631e-25
5.718172561677172 1.1140100077530553e-25
5.851500780117376 1.221600304282394e-25
5.987937756406471 1.3395815953750585e-25
6.127555976140354 1.468957435920339e-25
6.270429615030991 1.6108283034275545e-25
6.416634578314149 1.7664009587438477e-25
6.566248541075969 1.9369987108238215e-25
6.719350989519823 2.124072672862742e-25
6.87602326319537 2.329214105539887e-25
7.036348598212252 2.5541679523632277e-25
