results/limits/Pino_l.dat
# %ECSV 1.0
# ---
# datatype:
# - {name: mx, unit: MeV, datatype: float64}
# - {name: sigma_10, unit: cm2, datatype: float64}
# - {name: sigma_9, unit: cm2, datatype: float64}
# - {name: sigma_7, unit: cm2, datatype: float64}
# - {name: sigma_6, unit: cm2, datatype: float64}
# - {name: sigma_5, unit: cm2, datatype: float64}
# - {name: sigma_4, unit: cm2, datatype: float64}
# - {name: sigma_3, unit: cm2, datatype: float64}
# - {name: sigma_2, unit: cm2, datatype: float64}
# schema: astropy-2.0
mx sigma_10 sigma_9 sigma_7 sigma_6 sigma_5 sigma_4 sigma_3 sigma_2
[from data line 801]
32.962338731536356 5.669647956952036e-47 1.2879710673384591e-46 1.7920396606486957e-42 1.4662986425960853e-38 1.4571500728073473e-34 1.4045101455598139e-30 1.672783035019397e-27 2.8186741761465032e-27
33.730907684518286 5.572053834401666e-47 1.2742490594591246e-46 1.908800691599643e-42 1.570915358354002e-38 1.5614630168512207e-34 1.5048249690829713e-30 1.7787823315689927e-27 2.9597108233514533e-27
34.51739703569462 5.476316339017754e-47 1.2608382015430904e-46 2.033463010073709e-42 1.6830107370292944e-38 1.6732435744678598e-34 1.6122925953986077e-30 1.890930322494676e-27 3.1061656718041185e-27
35.322224627433556 5.3823993812472535e-47 1.247734514844339e-46 2.16657476745866e-42 1.8031198706932327e-38 1.7930263342945762e-34 1.727421581748936e-30 2.0095267677693407e-27 3.258148499420813e-27
36.14581804475762 5.29026759669543e-47 1.2349341501201279e-46 2.3087227896969293e-42 1.9318161504294653e-38 1.9213841532192081e-34 1.8507564654674216e-30 2.1348806541250462e-27 3.415761213304601e-27
36.98861484250899 5.199886331455886e-47 1.2224333870785722e-46 2.4605353310391803e-42 2.069714007932405e-38 2.0589308955659876e-34 1.982880287905944e-30 2.2673099401762207e-27 3.579108865691238e-27
37.851062777811606 5.111221627744624e-47 1.2102286339250098e-46 2.6226850244662715e-42 2.217471853374939e-38 2.2063243683200718e-34 2.124417292795068e-30 2.4071411943363976e-27 3.7482703997766635e-27
38.733620047953465 5.02424020983164e-47 1.198316427009536e-46 2.795892042827028e-42 2.3757952235970993e-38 2.3642694664173476e-34 2.276035810897848e-30 2.554709883301183e-27 3.923344564770956e-27
39.63675553381552 4.938909470264301e-47 1.1866934305782635e-46 2.98092748574398e-42 2.545440155673822e-38 2.533521543129257e-34 2.4384513429562012e-30 2.710359157713503e-27 4.104401121941247e-27
40.5609490489765 4.855197456376131e-47 1.1753564366310156e-46 3.178617008415808e-42 2.72721680199769e-38 2.7148900216475835e-34 2.6124298553752135e-30 2.8744398134866157e-27 4.2915393991394354e-27
41.506691594626034 4.773072857075462e-47 1.1643023648884282e-46 3.389844709600115e-42 2.9219933041677645e-38 2.9092422651252615e-34 2.7987913007211527e-30 3.047310376808676e-27 4.484848246350919e-27
42.47448562042145 4.692504989907899e-47 1.1535282628716646e-46 3.615557297296863e-42 3.1306999442138395e-38 3.1175077236639905e-34 2.9984133803423165e-30 3.2293352656693936e-27 4.68440710617571e-27
43.46484529142686 4.613463788387331e-47 1.1430313060981338e-46 3.856768551978982e-42 3.35433359301152e-38 3.3406823780609925e-34 3.212235564034399e-30 3.4208857473358755e-27 4.89028741534568e-27
44.4782967612764 4.535919789589538e-47 1.1328087983968833e-46 4.1145641086381235e-42 3.593962477165515e-38 3.5798335015440485e-34 3.441263382595939e-30 3.622338319064121e-27 5.1025610339126885e-27
45.515378451706574 4.459844122003514e-47 1.1228581723476453e-46 4.3901065804363654e-42 3.850731287161325e-38 3.8361047622418985e-34 3.6865730123514534e-30 3.83407368868131e-27 5.3213125973334454e-27
46.576641338606535 4.385208493634814e-47 1.1131769898477215e-46 4.684641048387954e-42 4.125866651218095e-38 4.110721690763484e-34 3.949316173302774e-30 4.056478390578962e-27 5.546582431864373e-27
47.66264924473788 4.3119851803560536e-47 1.103762942811205e-46 4.9995009432442524e-42 4.4206830010245165e-38 4.404997539001034e-34 4.2307253545283706e-30 4.289939254262228e-27 5.778471242303983e-27
48.773979139279795 4.240147014499336e-47 1.0946138540054362e-46 5.33611434763069e-42 4.736588857413721e-38 4.7203395581398515e-34 4.532119393982241e-30 4.534849870369496e-27 6.017010413897985e-27
49.911221444358546 4.169667373685758e-47 1.0857276780297786e-46 5.6960107484946115e-42 5.075093566042125e-38 5.058255725857242e-34 4.854909433639376e-30 4.7916003602013735e-27 6.262293416195079e-27
51.07498034872413 4.1005201698872214e-47 1.077102502442325e-46 6.080828272075891e-42 5.437814515289058e-38 5.42036195483616e-34 5.2006052754112265e-30 5.060587252154391e-27 6.5143847371844e-27
52.265874128740876 4.0326798387156606e-47 1.068736549040334e-46 6.492321435921307e-42 5.826484870900546e-38 5.808389817014149e-34 5.570822158136164e-30 5.3422018461062876e-27 6.773347267453705e-27
53.48453547686238 3.9661213289352354e-47 1.0606281753007516e-46 6.932369454936588e-42 6.242961864372483e-38 6.2241948204492745e-34 5.967287987358074e-30 5.636838453437038e-27 7.039244088133296e-27
54.731611837765406 3.900820092192894e-47 1.0527758759875408e-46 7.40298514112119e-42 6.689235674716357e-38 6.669765278319366e-34 6.391851047020388e-30 5.944887886928313e-27 7.312142348677416e-27
56.00776575232122 3.8367520729627947e-47 1.0451782849329292e-46 7.90632443947126e-42 7.167438946088921e-38 7.147231812393794e-34 6.846488220134894e-30 6.266737373534626e-27 7.592124399621963e-27
57.31367520958723 3.7738936987005126e-47 1.037834177000274e-46 8.444696645579985e-42 7.679856986809055e-38 7.658877536342095e-34 7.333313747860225e-30 6.602771997462033e-27 7.879226409236518e-27
58.650034007005786 3.712221870202473e-47 1.0307424702366622e-46 9.020575353726505e-42 8.228938698543049e-38 8.207148967484284e-34 7.854588563125225e-30 6.953372102926326e-27 8.173532152389207e-27
60.017552119001664 3.6517139521667327e-47 1.0239022282239568e-46 9.636610187739921e-42 8.81730828793287e-38 8.794667719060455e-34 8.412730240582894e-30 7.318912397781143e-27 8.475135756066936e-27
61.416956074173925 3.5923477639510305e-47 1.0173126626374894e-46 1.0295639370669472e-41 9.447777816683383e-38 9.424243028813447e-34 9.010323585317431e-30 7.69976176958376e-27 8.784070961382238e-27
62.84898934128261 3.5341015705238415e-47 1.010973136022376e-46 1.1000703193306058e-41 1.0123360650135746e-37 1.0098885183665317e-33 9.650131907150785e-30 8.096282971805313e-27 9.100428288012775e-27
64.31441272423535 3.4769540736051223e-47 1.0048831647978616e-46 1.175505844589979e-41 1.0847285868651005e-37 1.082181990453606e-33 1.0335109018907646e-29 8.508828585291478e-27 9.424307891669072e-27
65.81400476628369 3.420884402992389e-47 9.990424225009711e-47 1.256219388202683e-41 1.1623013710732553e-37 1.1596503759926083e-33 1.1068412015377056e-29 8.937746324701901e-27 9.755796571685691e-27
67.34856216364385 3.3658721080688794e-47 9.934507432813829e-47 1.3425846788495732e-41 1.2454252121752316e-37 1.2426640681778633e-33 1.1853414844892542e-29 9.383376518541573e-27 1.009499571605584e-26
68.91890018876182 3.3118971494898263e-47 9.881081256602543e-47 1.435002074047429e-41 1.3344974487431736e-37 1.3316199662390353e-33 1.2693722745453798e-29 9.846041469066457e-27 1.0441912009031093e-26
70.52585312344742 3.2589398910435956e-47 9.830147365665364e-47 1.5339004626687992e-41 1.429943863689666e-37 1.4269433716758312e-33 1.3593187603195653e-29 1.0326067788017717e-26 1.0796726056465814e-26
72.17027470210763 3.2069810916839994e-47 9.781709156652863e-47 1.6397393035614515e-41 1.5322207206196581e-37 1.5290900200767378e-33 1.4555924247145817e-29 1.0823761520326324e-26 1.1159508190336164e-26
73.8530385653146 3.1560018977306542e-47 9.735771799932631e-47 1.753010810010928e-41 1.6418169459686238e-37 1.6385482582077516e-33 1.558632775464877e-29 1.1339422594365732e-26 1.1530416577979889e-26
75.57503872394936 3.105983835233729e-47 9.692342289183066e-47 1.874242290487208e-41 1.7592564673640309e-37 1.7558413767480306e-33 1.6689091848417447e-29 1.1873344503589079e-26 1.19094405829856e-26
77.33719003416762 3.0569088025003166e-47 9.651429494399094e-47 2.003998656863818e-41 1.885100719394303e-37 1.881530109788284e-33 1.7869228372529e-29 1.242580382182785e-26 1.2296814142961019e-26
79.14042868344033 3.0087590627788345e-47 9.61304421849635e-47 2.1428851120988744e-41 2.0199513287703147e-37 2.0162153130019193e-33 1.913208797982821e-29 1.2997072460778942e-26 1.2692671703354615e-26
80.98571268792693 2.9615172370986577e-47 9.577199257712107e-47 2.2915500302254864e-41 2.1644529917223116e-37 2.160540833246575e-33 2.0483382040210578e-29 1.358741333037698e-26 1.309701098052093e-26
82.87402240144569 2.9151662972619216e-47 9.543909466014376e-47 2.450688042418907e-41 2.31929655739462e-37 2.3151965832638313e-33 2.192920585751389e-29 1.4197078160917188e-26 1.3510104017152818e-26
84.80636103631147 2.869689558984446e-47 9.513191823744867e-47 2.6210433438932277e-41 2.4852223319858745e-37 2.4809218361182932e-33 2.3476063241646634e-29 1.4826311398678558e-26 1.3932022963031363e-26
86.78375519631766 2.8250706751830934e-47 9.485065510735748e-47 2.803413237436339e-41 2.6630236194379834e-37 2.6585087550606464e-33 2.5130892516203864e-29 1.5475349006997862e-26 1.436292471739108e-26
88.80725542214539 2.7812936294066203e-47 9.459551984156438e-47 2.9986519305239513e-41 2.853550515608835e-37 2.8488061756161264e-33 2.6901094008921627e-29 1.61444160575126e-26 1.4803043282543183e-26
90.8779367494899 2.738342729407375e-47 9.43667506136371e-47 3.2076746041655834e-41 3.057713974075651e-37 3.05272365789666e-33 2.879455912246084e-29 1.6833747358320525e-26 1.525236970008331e-26
92.99689928020044 2.6962026008511145e-47 9.416461008045964e-47 3.431461772935593e-41 3.276490163015327e-37 3.271235828414996e-33 3.081970097262771e-29 1.754353987079636e-26 1.571124119741612e-26
95.16526876673713 2.654858181162477e-47 9.39893863197212e-47 3.671063957034378e-41 3.5109251340001513e-37 3.505387032054152e-33 3.298548683118155e-29 1.8274035177066306e-26 1.6179753377071563e-26
97.38419721025556 2.614294713503319e-47 9.384139382676633e-47 3.9276066887174795e-41 3.762139825039003e-37 3.756296316310006e-33 3.5301472209372197e-29 1.9025402071579146e-26 1.6658134077717831e-26
99.6548634726365 2.5744977408818203e-47 9.372097457433084e-47 4.202295877029339e-41 4.031335421792897e-37 4.0251627715030776e-33 3.777783680109287e-29 1.9797886048042516e-26 1.7146546513074308e-26
101.97847390278609 2.535453100389542e-47 9.362849913893655e-47 4.496423556492031e-41 4.319799102606493e-37 4.3132712523384666e-33 4.042542237674645e-29 2.0591669220643032e-26 1.764516752638043e-26
104.35626297753925 2.4971469175644755e-47 9.35643678979587e-47 4.811374047235899e-41 4.6289101948330706e-37 4.621998507995624e-33 4.325577258823689e-29 2.1406956825310507e-26 1.8154235341018534e-26
106.78949395750668 2.4595656008775263e-47 9.35290123016525e-47 5.148630556026385e-41 4.960146771897485e-37 4.952819749862638e-33 4.6281174751513864e-29 2.2243983979976653e-26 1.867399075252438e-26
109.27945955821409 2.422695836340301e-47 9.352289622471667e-47 5.509782249750487e-41 5.315092722649227e-37 5.307315688097981e-33 4.95147037014452e-29 2.3102896378003887e-26 1.9204599545132418e-26
111.82748263689002 2.38652458223215e-47 9.35465174022685e-47 5.896531835185759e-41 5.6954453268168e-37 5.68718007041729e-33 5.297026785232962e-29 2.398396109033583e-26 1.974634644207116e-26
114.43491689526716 2.351039063944183e-47 9.360040895544479e-47 6.310703681296111e-41 6.103023372794865e-37 6.094227758871503e-33 5.666265741368573e-29 2.488738170393332e-26 2.0299442260710288e-26
117.10314759877073 2.316226768938283e-47 9.368514101218292e-47 6.75425252289356e-41 6.539775856589326e-37 6.530403382919953e-33 6.060759469641641e-29 2.581334646088035e-26 2.0864158542783816e-26
119.8335923124757 2.2820754418192316e-47 9.380132242911676e-47 7.229272787285732e-41 7.007791303524855e-37 6.997790609822737e-33 6.48217867748008e-29 2.676213552178792e-26 2.144068062584679e-26
122.62770165422418 2.248573079517917e-47 9.394960262092347e-47 7.738008588508347e-41 7.509307757297844e-37 7.498622076278361e-33 6.932298021251123e-29 2.773393431298068e-26 2.2029330188935247e-26
125.4869600653028 2.2157079265837417e-47 9.413067350387892e-47 8.282864436934729e-41 8.046723484148964e-37 8.035290028357049e-33 7.413001864575671e-29 2.8729015376649844e-26 2.263044839054324e-26
128.41288659908975 2.1834684705845055e-47 9.434527156083982e-47 8.866416715475862e-41 8.622608443349896e-37 8.610357720089361e-33 7.926290191724994e-29 2.9747641828126336e-26 2.3244156038091452e-26
131.40703572809028 2.1518434376119592e-47 9.459418003536537e-47 9.491425977250971e-41 9.239716578863041e-37 9.226571624661514e-33 8.474284790210106e-29 3.079004389202721e-26 2.3870840769798227e-26
134.4709981697896 2.1208217878913849e-47 9.487823126320094e-47 1.016085012353707e-40 9.900998990960633e-37 9.886874515967056e-33 9.059235645369397e-29 3.1856551026042414e-26 2.4510813855935366e-26
137.6064017317617 2.09039271149343e-47 9.519830914991343e-47 1.0877858525015442e-40 1.0609618050797432e-36 1.0594419482352544e-32 9.683527541586027e-29 3.294740056935502e-26 2.5164307639290936e-26
140.8149121764835 2.0605456241468153e-47 9.555535180406372e-47 1.164584715384545e-40 1.136896252544084e-36 1.1352584938776254e-32 1.0349686951104595e-28 3.4062948173004055e-26 2.5831711237537927e-26
144.09823410631301 2.0312701631502205e-47 9.59503543359324e-47 1.246845479892844e-40 1.2182663785694334e-36 1.2164990708242418e-32 1.1060389020740963e-28 3.5203488885079665e-26 2.651339617498484e-26
147.45811186910282 2.0025561833819634e-47 9.638437183250466e-47 1.3349580441905907e-40 1.3054613174228097e-36 1.303551524841684e-32 1.1818464820503446e-28 3.6369367183260793e-26 2.720952671118221e-26
150.89633048492877 1.9743937534060406e-47 9.685852252013589e-47 1.4293401876985935e-40 1.3988980617079693e-36 1.3968314104651037e-32 1.2626908746064754e-28 3.7560941503338253e-26 2.7920579530489195e-26
154.41471659442715 1.946773151673132e-47 9.73739911271077e-47 1.530439566364034e-40 1.4990234567532898e-36 1.4967839676380779e-32 1.348888608741854e-28 3.877858518958631e-26 2.864683229335421e-26
158.01513942924367 1.9196848628154344e-47 9.79320324591039e-47 1.6387358507588656e-40 1.606316337775472e-36 1.6038862389994574e-32 1.4407740827561608e-28 4.002268473250927e-26 2.9388818038098543e-26
161.6995118051102 1.8931195740337641e-47 9.853397520152637e-47 1.7547430172314276e-40 1.7212898200397854e-36 1.718649337778235e-32 1.5387003418699926e-28 4.1293665457131214e-26 3.014668295621002e-26
165.46979113807643 1.8670681715761185e-47 9.918122596351064e-47 1.8790118030677586e-40 1.844493752969164e-36 1.8416208769631983e-32 1.6430398753796478e-28 4.259194242165356e-26 3.092079453981687e-26
169.32798048443664 1.8415217373062853e-47 9.987527357951969e-47 2.012132337403292e-40 1.976517349938459e-36 1.9733875711587932e-32 1.7541854143132313e-28 4.3917974061354115e-26 3.171163447191891e-26
173.27612960490418 1.8164715453615675e-47 1.006176936854524e-46 2.1547369604659203e-40 2.117992006330231e-36 2.1145780233430326e-32 1.872550741476176e-28 4.5272237595996905e-26 3.251969463708259e-26
177.3163360535986 1.7919090588985783e-47 1.0141015358737187e-46 2.3075032446321136e-40 2.2695943193286013e-36 2.2658657095964963e-32 1.9985714989562387e-28 4.66552203969418e-26 3.334539339061364e-26
181.45074629242436 1.7678259269261398e-47 1.0225441744216599e-46 2.471157231742509e-40 2.4320493238924944e-36 2.427972175787494e-32 2.1327059816246315e-28 4.806743408001138e-26 3.418907985793362e-26
185.68155683143308 1.744213981224467e-47 1.0315235177076811e-46 2.6464769021576607e-40 2.6061339603828983e-36 2.6016704611797837e-32 2.275435929634604e-28 4.950944763422008e-26 3.505112300771379e-26
190.01101539577502 1.7210652333496702e-47 1.0410593132594753e-46 2.8342958921426036e-40 2.7926807904268703e-36 2.7877887649708105e-32 2.4272672961803783e-28 5.0981756303279184e-26 3.5932033171925067e-26
194.44142211985996 1.698371871722968e-47 1.0511724533817024e-46 3.03550747735622e-40 2.9925819787875853e-36 2.987214372893743e-32 2.588731028965141e-28 5.248505446403185e-26 3.6832289783581186e-26
198.9751307693619 1.6761262588037929e-47 1.0618850416460562e-46 3.2510688414939005e-40 3.206793560281666e-36 3.200897862195098e-32 2.7603837787780224e-28 5.40197929513957e-26 3.775220919588421e-26
203.61454999171644 1.6543209283462005e-47 1.0732204636802484e-46 3.4820056504954144e-40 3.436340012147916e-36 3.429857604594861e-32 2.942808602216821e-28 5.558676075052603e-26 3.8692465654213773e-26
