results/limits/Pino_h.dat
# %ECSV 1.0
# ---
# datatype:
# - {name: mx, unit: MeV, datatype: float64}
# - {name: sigma, unit: cm2, datatype: float64}
# schema: astropy-2.0
mx sigma
3.162277660168379e-07 9.706283175612653e-39
3.2360111549336787e-07 1.0272737680278509e-38
3.311463862505236e-07 1.0878340852623987e-38
3.388675869043115e-07 1.1525808075225599e-38
3.4676881953794695e-07 1.221804977145174e-38
3.548542818811901e-07 1.2958185203553062e-38
3.6312826954049566e-07 1.3749557269761012e-38
3.715951782811629e-07 1.459574837073518e-38
3.8025950636269697e-07 1.492682690688178e-38
3.89125856928623e-07 1.2411215467816502e-38
3.9819894045202297e-07 1.0342216457221064e-38
4.0748357723809307e-07 8.654368664590534e-39
4.169846999850535e-07 7.283219987884247e-39
4.2670735640476865e-07 6.17064956732576e-39
4.3665671190447213e-07 5.266940945396256e-39
4.4683805233101997e-07 4.5309493666421394e-39
4.572567867791303e-07 3.929324058474305e-39
4.6791845046510194e-07 3.435373149111099e-39
4.788287076675383e-07 3.0278879777679174e-39
4.899933547366384e-07 2.690074551953104e-39
5.014183231736547e-07 2.4086451868249724e-39
5.131096827821533e-07 2.1730753824679286e-39
5.250736448927506e-07 1.9750097488309934e-39
5.373165656630395e-07 1.8077936587095458e-39
5.4984494945446e-07 1.6661070038121543e-39
5.626654522879044e-07 1.5456790050735892e-39
5.757848853798981e-07 1.4430664897980335e-39
5.892102187612295e-07 1.3554814658329203e-39
6.029485849799565e-07 1.2806568229369666e-39
6.17007282890752e-07 1.2167414723100622e-39
6.313937815326057e-07 1.162218217937176e-39
6.461157240969403e-07 1.1158392057134202e-39
6.611809319882495e-07 1.0765749964941402e-39
6.765974089794179e-07 1.0435742301993223e-39
6.923733454639272e-07 1.0161315519340991e-39
7.085171228072106e-07 9.936620080020968e-40
7.250373177994646e-07 9.756805292075634e-40
7.419427072122865e-07 9.617854315133688e-40
7.592422724615558e-07 9.516451032980361e-40
7.769452043790388e-07 9.449872318703264e-40
7.950609080952509e-07 9.415900629721212e-40
8.135990080361694e-07 9.412752958636969e-40
8.325693530364543e-07 9.439023008926365e-40
8.519820215718901e-07 9.493634119821276e-40
8.718473271138315e-07 9.575800976141787e-40
8.921758236084957e-07 9.684998539495745e-40
9.12978311084014e-07 9.820936952452185e-40
9.342658413882192e-07 9.983541416279792e-40
9.560497240602198e-07 1.0172936240367284e-39
9.78341532338879e-07 1.0389432418833244e-39
1.0011531093113902e-06 1.0633518215810261e-39
1.0244965742052174e-06 1.0651760496722861e-39
1.048384328826741e-06 1.0577477011038183e-39
1.0728290641500308e-06 1.04697217640296e-39
1.0978437670592484e-06 1.0325259399315986e-39
1.1234417272482566e-06 1.0143002458753553e-39
1.149636544281106e-06 9.924132301799026e-40
1.1764421348171486e-06 9.67197859324461e-40
1.2038727400046132e-06 9.391669005577943e-40
1.2319429330465773e-06 9.08960842916449e-40
1.2606676269433496e-06 8.772877390025279e-40
1.2900620824153782e-06 8.44864462712621e-40
1.3201419160108953e-06 8.123670891739027e-40
1.3509231084026028e-06 7.803949530992245e-40
1.38242201287781e-06 7.49449598330088e-40
1.4146553640265304e-06 7.199271884709519e-40
1.447640286632156e-06 6.92121405438428e-40
1.4813943047694329e-06 6.662333743438788e-40
1.5159353511145682e-06 6.423854215648968e-40
1.5512817764724183e-06 6.2063614203448315e-40
1.587452359525819e-06 6.009950304285218e-40
1.6244663168122348e-06 5.834356364588239e-40
1.6623433129330315e-06 5.6790675389972595e-40
1.7011034710007933e-06 5.543415320376958e-40
1.740767383330235e-06 5.426646296160619e-40
1.7813561223783898e-06 5.327976512097739e-40
1.8228912519398869e-06 5.2466315019906275e-40
1.8653948386032614e-06 5.181874805374834e-40
1.908889463474389e-06 5.133027527417838e-40
1.9533982341732686e-06 5.0376706571446365e-40
1.9989447971105317e-06 4.917583826170233e-40
2.045553350050195e-06 4.803245660942333e-40
2.0932486549653353e-06 4.6930866736317605e-40
2.1420560511935146e-06 4.585881522251195e-40
2.192001468898943e-06 4.480747480768779e-40
2.2431114428485372e-06 4.37713226466663e-40
2.2954131265091837e-06 4.274789622723505e-40
2.3489343064737076e-06 4.173743035256578e-40
2.403703417223201e-06 4.07423969266198e-40
2.4597495562335635e-06 3.976698315649855e-40
2.5171024994342686e-06 3.881655081960872e-40
2.575792717027583e-06 3.789711878242999e-40
2.635851389676631e-06 3.70149040835871e-40
2.6973104250709106e-06 3.6175945897338355e-40
2.760202474878063e-06 3.5385824280614193e-40
2.8245609520908932e-06 3.4649474158264296e-40
2.8904200487788716e-06 3.3971086107097547e-40
2.9578147542535346e-06 3.3354079832042916e-40
3.026780873657441e-06 3.280113368469814e-40
3.097355046986562e-06 3.221547355281795e-40
3.1695747685562034e-06 3.1331562144933738e-40
3.2434784069208122e-06 3.0490293807981074e-40
3.319105225258239e-06 2.968813986256816e-40
3.3964954022292982e-06 2.8922158180145043e-40
3.4756900533236943e-06 2.819004653323037e-40
3.5567312527036693e-06 2.7490159194958695e-40
3.6396620555569646e-06 2.682148723219521e-40
3.7245265209709786e-06 2.6183606439948673e-40
3.811369735340273e-06 2.5576599623771234e-40
3.900237836319859e-06 2.50009616943548e-40
3.991178037336996e-06 2.4457496671279216e-40
4.0842386526745176e-06 2.3947215246481075e-40
4.179469123139017e-06 2.3471240235194454e-40
4.2769200423275275e-06 2.303072535132854e-40
4.376643183506652e-06 2.2626790628806313e-40
4.478691527118417e-06 2.2129164948108856e-40
4.583119288927478e-06 2.1547152658940037e-40
4.689981948824612e-06 2.0990925779765844e-40
4.799336280301815e-06 2.0459537697864394e-40
4.911240380614659e-06 1.995234272260377e-40
5.0257537016479225e-06 1.9468970070473715e-40
5.142937081500915e-06 1.900929299430305e-40
5.262852776809252e-06 1.857339316845399e-40
5.385564495820272e-06 1.8161521535216473e-40
5.511137432239651e-06 1.777405754106995e-40
5.639638299867211e-06 1.741146901483119e-40
5.771135368040315e-06 1.7074274893310718e-40
5.905698497903673e-06 1.6755194549845926e-40
6.043399179524854e-06 1.6321721413345168e-40
6.184310569875183e-06 1.5907969492413821e-40
6.32850753169624e-06 1.551338339368808e-40
6.47606667327258e-06 1.5137617783142808e-40
6.627066389131828e-06 1.4780509153817545e-40
6.781586901693754e-06 1.4442046694492266e-40
6.939710303890459e-06 1.4122342770676032e-40
7.101520602780329e-06 1.382160386310042e-40
7.267103764178904e-06 1.354010297758742e-40
7.436547758330399e-06 1.3278154544031348e-40
7.609942606644117e-06 1.2946329209605307e-40
7.787380429520604e-06 1.2625495295355555e-40
7.968955495292936e-06 1.2320137753738945e-40
8.15476427030917e-06 1.2030087125029386e-40
8.344905470182516e-06 1.1755295031389481e-40
8.539480112236516e-06 1.1495810985891062e-40
8.738591569173047e-06 1.1251759923565284e-40
8.942345623991688e-06 1.1023321116462532e-40
9.150850526189614e-06 1.0763163778374711e-40
9.364217049271877e-06 1.0501336113803101e-40
9.58255854960264e-06 1.0252560912605894e-40
9.805991026628606e-06 1.001674832231439e-40
1.0034633184506672e-05 9.793895823726567e-41
1.0268606495168497e-05 9.584069583190882e-41
1.0508035262855554e-05 9.380198628108456e-41
1.07530466901589e-05 9.15329329997404e-41
1.1003770945598772e-05 8.93782133455718e-41
1.1260341232779899e-05 8.733705329540501e-41
1.1522893861159297e-05 8.540941115370268e-41
1.1791568318464117e-05 8.359581909946386e-41
1.206650734479802e-05 8.161648478166119e-41
1.2347857008475478e-05 7.972087847521681e-41
1.263576678362426e-05 7.792746119908968e-41
1.293038962959737e-05 7.623634351148616e-41
1.3231882072236462e-05 7.446660110079339e-41
1.3540404287030327e-05 7.276695837862854e-41
1.3856120184212054e-05 7.11616575397654e-41
1.4179197495840522e-05 6.952898593488025e-41
1.4509807864912299e-05 6.797384126471217e-41
1.484812693655133e-05 6.643306720825564e-41
1.5194334451324849e-05 6.493668660230632e-41
1.5548614340735104e-05 6.346503297649925e-41
1.5911154824937624e-05 6.205738138417739e-41
1.6282148512737936e-05 6.063330816820517e-41
1.6661792503919872e-05 5.928711212479318e-41
1.7050288493959805e-05 5.794579209077532e-41
1.7447842881182494e-05 5.663035163008477e-41
1.785466687641539e-05 5.538802292248174e-41
1.8270976615199758e-05 5.412769907586211e-41
1.869699327261814e-05 5.289981878001993e-41
1.91329431807992e-05 5.174005068175012e-41
1.957905794916243e-05 5.057535126945427e-41
2.003557458746648e-05 4.942417665986292e-41
2.0502735631726606e-05 4.833624371331531e-41
2.0980789273068064e-05 4.726618556489827e-41
2.1469989489583918e-05 4.618755615795863e-41
2.1970596181267336e-05 4.516766819277202e-41
2.2482875308090033e-05 4.417794031030674e-41
2.3007099031300245e-05 4.3172203035556126e-41
2.354354585801526e-05 4.2221212897129447e-41
2.4092500789185385e-05 4.129245405878894e-41
2.4654255471007912e-05 4.036264305070939e-41
2.5229108349871537e-05 3.9484163696393175e-41
2.5817364830913554e-05 3.860140166890028e-41
2.641933744027406e-05 3.775168211452122e-41
2.7035345991133382e-05 3.6919727069212783e-41
2.7665717753620915e-05 3.610851493261772e-41
2.8310787628685666e-05 3.5313114810989705e-41
2.8970898326020842e-05 3.4540668835531577e-41
2.964640054613707e-05 3.378454156385908e-41
3.033765316668089e-05 3.3046029789667257e-41
3.104502343309761e-05 3.2325157479665604e-41
3.176888715373972e-05 3.162548189215205e-41
3.25096288995246e-05 3.0935443124300897e-41
3.326764220824756e-05 3.0264855099845454e-41
3.4043329793658724e-05 2.961480405421459e-41
3.483710375941493e-05 2.897174280870736e-41
3.5649385818020195e-05 2.8356887478229123e-41
3.648060751487119e-05 2.774145993782052e-41
3.73312104575266e-05 2.715484472719788e-41
3.820164655032238e-05 2.657111108266483e-41
3.90923782344573e-05 2.6009205412038827e-41
4.0003878733676586e-05 2.5459082653440467e-41
4.093663230568398e-05 2.4920580178400985e-41
4.1891134499415887e-05 2.4398554957169214e-41
4.2867892418314344e-05 2.388893134914721e-41
4.386742498973848e-05 2.339063277967506e-41
4.489026324065786e-05 2.290552670872417e-41
4.5936950579773975e-05 2.2432407738131399e-41
4.700804308621986e-05 2.1971279053465657e-41
4.8104109804991236e-05 2.1522434369563931e-41
4.922573304926602e-05 2.1086154243065542e-41
5.0373508709772956e-05 2.0659593832112883e-41
5.154804657137365e-05 2.0243073160596986e-41
5.27499706370262e-05 1.9838800510072196e-41
5.397991945930254e-05 1.9446029629443414e-41
5.5238546479635675e-05 1.9063606983802036e-41
5.6526520375476976e-05 1.8690702874869987e-41
5.784452541554797e-05 1.8327272089473533e-41
5.9193261823375433e-05 1.797445164037357e-41
6.057344614930286e-05 1.7631510998693432e-41
6.198581165117595e-05 1.7297409716673192e-41
6.34311086839044e-05 1.6973229197283302e-41
6.491010509810695e-05 1.6658329637650375e-41
6.642358664805138e-05 1.6352508701276928e-41
6.797235740910648e-05 1.6055680479693072e-41
6.955724020492732e-05 1.5767750616716307e-41
7.117907704460117e-05 1.5488695979800573e-41
7.283872956998614e-05 1.5217778634234227e-41
7.453707951348025e-05 1.4955467251675848e-41
7.627502916646401e-05 1.4701542564827184e-41
7.805350185866558e-05 1.4455458297990725e-41
7.987344244870308e-05 1.4217788556039066e-41
8.173581782606456e-05 1.398839273917345e-41
8.364161742479263e-05 1.3766594621072355e-41
8.559185374914618e-05 1.3552448726124751e-41
8.758756291151902e-05 1.3346484803982252e-41
8.96298051829007e-05 1.3148044946819366e-41
9.17196655561724e-05 1.295721714178421e-41
9.385825432253677e-05 1.2774251626971882e-41
9.604670766138824e-05 1.2598414288985866e-41
9.828618824393714e-05 1.243058828625499e-41
0.00010057788585090809 1.2269780398337646e-41
0.00010292301800464121 1.2116701415293366e-41
0.00010532283061593165 1.1971064620481534e-41
0.00010777859864595113 1.183286641111271e-41
0.00011029162678360347 1.1702138741797987e-41
0.00011286325013867351 1.157889178037218e-41
0.00011549483495113791 1.1463184587716194e-41
0.00011818777931701482 1.1355016426599669e-41
0.0001209435139311377 1.1254483174185525e-41
0.00012376350284724815 1.1161509699744278e-41
0.00012664924425581149 1.1076346770565099e-41
0.00012960227127996844 1.099905681431489e-41
0.00013262415279004548 1.0929721120572197e-41
0.00013571649423705693 1.0868464804442252e-41
0.0001388809385056415 1.0815425474707683e-41
0.00014211916678688624 1.0770773387492017e-41
0.00014543289947150178 1.0734630397875283e-41
0.0001488238970638237 1.0707174939790564e-41
0.00015229396111712465 1.0688661545051754e-41
0.00015584493519073535 1.0679300257245454e-41
0.00015947870582948208 1.0679360975079272e-41
0.00016319720356596128 1.0689159264618717e-41
0.00016700240394618395 1.0708962988570251e-41
0.00017089632857913436 1.0739024703446334e-41
0.000174881046210801 1.0779838989477986e-41
0.00017895867382325032 1.0831699150306681e-41
0.0001831313777593269 1.0895069566175128e-41
0.00018740137487357792 1.0970375791797577e-41
0.00019177093371001327 1.1058129750352153e-41
0.000196242375707327 1.1158838451799324e-41
0.00020081807643222024 1.12730345623665e-41
0.00020550046684148122 1.1401362843873072e-41
0.0002102920345734925 1.1544451340411626e-41
0.0002151953252698519 1.1702977066123896e-41
0.00022021294392780895 1.187767234314071e-41
0.00022534755628423554 1.2069317178876053e-41
0.0002306018902318662 1.2278738320847116e-41
0.00023597873726856003 1.2506812880469965e-41
0.0002414809539803547 1.2754477023834097e-41
0.0002471114635590999 1.3022717701993746e-41
0.00025287325735547713 1.3312583442647853e-41
0.00025876939646823026 1.3625188994383812e-41
0.00026480301337045197 1.3961711283204852e-41
0.000270977313573789 1.4323398117433748e-41
0.00027729557733145163 1.4711570851650662e-41
0.00028376116138093086 1.5127632416735094e-41
0.0002903775007273506 1.5573073873908552e-41
0.00029714811046840066 1.6049438144608058e-41
0.00030407658766182135 1.6558426262115113e-41
0.00031116661323643183 1.710181693148766e-41
0.0003184219539477161 1.7681482863648706e-41
0.00032584646437900766 1.829946187503343e-41
0.00033344408898933415 1.8957889658375643e-41
0.0003412188642090111 1.965902012552814e-41
0.0003491749205840977 2.0405308429104732e-41
0.0003573164849708539 2.1199324004993212e-41
0.0003656478827813646 2.2043812461282585e-41
0.0003741735402815245 2.2941684226453037e-41
0.0003828979869426037 2.389602808574681e-41
0.000391825857847644 2.4910115723081127e-41
0.000400961896153964 2.598741071506048e-41
0.0004103109556130814 2.7131581513209445e-41
0.0004198780031493915 2.8346509584940927e-41
0.00042966812149897106 2.963631386007656e-41
0.000439686511909911 3.100535579735616e-41
0.0004499384969056106 3.245827742475284e-41
0.00046042952311250296 3.4000048892280164e-41
0.0004711651641537129 3.563594499989257e-41
0.00048215112361018567 3.737162689823086e-41
0.0004933932380508582 3.9213158319846316e-41
0.0005048974801334842 4.1167012320309437e-41
0.0005166699617777604 4.3240138860611526e-41
0.0005287169374124361 4.5439937100555675e-41
0.0005410448072981404 4.777429290503993e-41
0.0005536601209276797 5.025159249416997e-41
0.0005665695805056229 5.288074098730291e-41
0.0005797800445090163 5.567119859611968e-41
0.0005932985313311235 5.863298534601193e-41
0.000607132223010125 6.177680475333111e-41
0.0006212884690447563 6.511408428578718e-41
0.0006357747902989163 6.865698935454789e-41
0.0006505988829973161 7.241863933531107e-41
0.0006657686228142928 7.641302882415279e-41
0.0006812920690579615 8.06551273074942e-41
0.0006971774689519261 8.516092216963789e-41
0.0007134332620168255 8.994742740335768e-41
0.0007300680845540431 9.50327345367368e-41
0.0007470907742339592 1.0043606930761296e-40
0.0007645103747911887 1.0617794829140976e-40
0.0007823361408292924 1.122802633799021e-40
0.00080057754273752 1.1876649644088865e-40
0.0008192442717221943 1.2566176822204704e-40
0.0008383462449554094 1.3299299885013617e-40
0.0008578936108437789 1.407889317097479e-40
0.0008778967544200344 1.4908019470278156e-40
0.000898366302860337 1.5789940795588317e-40
0.0009193131311302326 1.672813748372685e-40
0.0009407483677622533 1.7726327349822829e-40
0.000962683400768232 1.878849653728747e-40
0.000985129883689471 1.9918915336235266e-40
0.0010080997417879817 2.1122151889264525e-40
0.0010316051783820807 2.240308465366841e-40
0.0010556586813297128 2.3766917407245226e-40
0.0010802730296629402 2.5219207216610946e-40
0.001105461300377127 2.676589983165481e-40
0.0011312368753784248 2.841336716254852e-40
0.0011576134485932472 3.0168434677450885e-40
