results/limits/Pino_l.dat
# %ECSV 1.0
# ---
# datatype:
# - {name: mx, unit: MeV, datatype: float64}
# - {name: sigma_10, unit: cm2, datatype: float64}
# - {name: sigma_9, unit: cm2, datatype: float64}
# - {name: sigma_7, unit: cm2, datatype: float64}
# - {name: sigma_6, unit: cm2, datatype: float64}
# - {name: sigma_5, unit: cm2, datatype: float64}
# - {name: sigma_4, unit: cm2, datatype: float64}
# - {name: sigma_3, unit: cm2, datatype: float64}
# - {name: sigma_2, unit: cm2, datatype: float64}
# schema: astropy-2.0
mx sigma_10 sigma_9 sigma_7 sigma_6 sigma_5 sigma_4 sigma_3 sigma_2
[from data line 801]
32.962338731536356 5.6696479569374915e-47 1.2879710673335206e-46 1.7920395694948055e-42 1.4661962649233256e-38 1.4569633508885654e-34 1.404340179384049e-30 1.6726126363127852e-27 2.8184893411075066e-27
33.730907684518286 5.572053834387205e-47 1.2742490594541872e-46 1.9088005859161758e-42 1.5708016719987959e-38 1.5612632866003835e-34 1.5046429026071385e-30 1.7786024791523346e-27 2.959520176021641e-27
34.51739703569462 5.476316339003405e-47 1.2608382015381567e-46 2.0334628875171935e-42 1.6828846294506688e-38 1.6730299191320204e-34 1.6120975696051848e-30 1.8907407509822064e-27 3.105964483983303e-27
35.322224627433556 5.382399381233029e-47 1.2477345148394051e-46 2.1665746253043616e-42 1.8029801354433512e-38 1.7927977719887446e-34 1.7272126769573663e-30 2.0093268124088733e-27 3.257933738517044e-27
36.14581804475762 5.290267596681337e-47 1.2349341501151946e-46 2.308722624776498e-42 1.9316614806953577e-38 1.9211396322873636e-34 1.8505326971780457e-30 2.1346702575042812e-27 3.4155371750588865e-27
36.98861484250899 5.199886331441958e-47 1.2224333870736372e-46 2.4605351396680335e-42 2.0695429897312157e-38 2.058669289611079e-34 1.9826406020834058e-30 2.2670881607890893e-27 3.578879830500214e-27
37.851062777811606 5.11122162773085e-47 1.2102286339200683e-46 2.6226848023591124e-42 2.2172829583849753e-38 2.2060444708793395e-34 2.1241605612809846e-30 2.4069082606672315e-27 3.748054120419487e-27
38.733620047953465 5.024240209818048e-47 1.1983164270045888e-46 2.7958917849995347e-42 2.3755868016054474e-38 2.3639699852574873e-34 2.2757608259233883e-30 2.554464772625063e-27 3.923092568258504e-27
39.63675553381552 4.938909470250886e-47 1.1866934305733096e-46 2.9809271863982974e-42 2.5452104266193413e-38 2.533201094134399e-34 2.438156812019534e-30 2.710101744154384e-27 4.10414641133916e-27
40.5609490489765 4.855197456362896e-47 1.1753564366260512e-46 3.178616660807403e-42 2.726963847586195e-38 2.7145471222707026e-34 2.6121143948458517e-30 2.874169770786188e-27 4.291297285241932e-27
41.506691594626034 4.773072857062421e-47 1.164302364883454e-46 3.3898443058828035e-42 2.921715059034144e-38 2.9088753273720587e-34 2.798453429901459e-30 3.0470268386069724e-27 4.484619342125756e-27
42.47448562042145 4.692504989895062e-47 1.1535282628666767e-46 3.615556828342458e-42 3.130394186603278e-38 3.1171150465755748e-34 2.998051514868145e-30 3.2290386963874805e-27 4.684182369577783e-27
43.46484529142686 4.6134637883746795e-47 1.1430313060931293e-46 3.856768007167552e-42 3.353997934949702e-38 3.3402621396595227e-34 3.211848007912869e-30 3.420574624107436e-27 4.8900554282833866e-27
44.4782967612764 4.53591978957709e-47 1.1328087983918613e-46 4.1145634756139426e-42 3.5935943540846974e-38 3.579383750203148e-34 3.4408483213227884e-30 3.6220135107705724e-27 5.102312302405574e-27
45.515378451706574 4.459844121991261e-47 1.122858172342607e-46 4.390105844824098e-42 3.8503279469464504e-38 3.835623407440401e-34 3.6861285047174686e-30 3.833733548292008e-27 5.321039264872943e-27
46.576641338606535 4.385208493622771e-47 1.1131769898426603e-46 4.684640193462607e-42 4.1254251426339715e-38 4.110206493178549e-34 3.948840142200172e-30 4.0561231249181756e-27 5.546314187026574e-27
47.66264924473788 4.311985180344211e-47 1.103762942806119e-46 4.999499949547371e-42 4.420200161481556e-38 4.404446099893291e-34 4.2302155773082935e-30 4.289568634991279e-27 5.7781880675371275e-27
48.773979139279795 4.2401470144877004e-47 1.0946138540003209e-46 5.33611319252432e-42 4.736061300026559e-38 4.7197493079802226e-34 4.531573493531871e-30 4.534462962516727e-27 6.01673518778974e-27
49.911221444358546 4.1696673736743316e-47 1.0857276780246361e-46 5.6960094056427395e-42 5.074517665931329e-38 5.057623912140874e-34 4.854324867630605e-30 4.7911978192838856e-27 6.26201807345215e-27
51.07498034872413 4.100520169876007e-47 1.0771025024371533e-46 6.080826710841974e-42 5.437186395072284e-38 5.41968562902527e-34 5.1999793239697474e-30 5.0601679411243006e-27 6.514118208047243e-27
52.265874128740876 4.032679838704657e-47 1.068736549035127e-46 6.492319620668333e-42 5.825800385315352e-38 5.807665820547963e-34 5.570151911976139e-30 5.341765971015257e-27 6.773091438839439e-27
53.48453547686238 3.966121328924445e-47 1.0606281752955097e-46 6.932367344214138e-42 6.242216583968045e-38 6.223419769754122e-34 5.9665703364718264e-30 5.6363863100526255e-27 7.039000480220628e-27
54.731611837765406 3.9008200921823e-47 1.0527758759822594e-46 7.402982686721602e-42 6.68842486854686e-38 6.668935548747122e-34 6.391082665767252e-30 5.944417372145934e-27 7.311887254131978e-27
56.00776575232122 3.8367520729524047e-47 1.0451782849276063e-46 7.906321585333936e-42 7.166557563336012e-38 7.146343521012429e-34 6.845665552252593e-30 6.266250103356897e-27 7.591839132937497e-27
57.31367520958723 3.773893698690317e-47 1.0378341769949067e-46 8.444693326519976e-42 7.678899637254884e-38 7.657926523496105e-34 7.33243299077622e-30 6.602267671054873e-27 7.878927853909932e-27
58.650034007005786 3.712221870192472e-47 1.0307424702312503e-46 9.020571493959746e-42 8.227899631809794e-38 8.206130777037537e-34 7.853645654056694e-30 6.952849943524427e-27 8.173234591272382e-27
60.017552119001664 3.651713952156942e-47 1.023902228218491e-46 9.636605699172885e-42 8.816181371397684e-38 8.793577577226145e-34 8.411720836517296e-30 7.318372768724807e-27 8.474843247912332e-27
61.416956074173925 3.592347763941426e-47 1.0173126626319703e-46 1.029563415091676e-41 9.446556511971053e-38 9.423075821471058e-34 9.009243043660614e-30 7.699204777016114e-27 8.78378199380551e-27
62.84898934128261 3.534101570514428e-47 1.0109731360168e-46 1.1000697123393149e-41 1.0122037988083523e-37 1.009763543205646e-33 9.648975266751838e-30 8.095707519555906e-27 9.10014737019722e-27
64.31441272423535 3.4769540735958938e-47 1.0048831647922259e-46 1.1755051387602454e-41 1.0845854422631694e-37 1.0820481739223285e-33 1.0333870982825941e-29 8.508236190002551e-27 9.424033578780954e-27
65.81400476628369 3.420884402983352e-47 9.990424224952724e-47 1.256218567479074e-41 1.1621465568213754e-37 1.1595070892889198e-33 1.1067086921386703e-29 8.937136467513391e-27 9.755528739937735e-27
67.34856216364385 3.3658721080600325e-47 9.934507432756174e-47 1.3425837245871792e-41 1.245257885395923e-37 1.2425106376517537e-33 1.1851996644478801e-29 9.38274747466171e-27 1.0094667168908994e-26
68.91890018876182 3.3118971494811617e-47 9.881081256544153e-47 1.4350009645995965e-41 1.3343167116971389e-37 1.3314556701891227e-33 1.269220498358042e-29 9.84539830296309e-27 1.0441627481219061e-26
70.52585312344742 3.258939891035096e-47 9.830147365606253e-47 1.533899172910504e-41 1.429748760318978e-37 1.4267674369168738e-33 1.3591563383248498e-29 1.0325405301965002e-26 1.0796436382772393e-26
72.17027470210763 3.206981091675674e-47 9.781709156592975e-47 1.639737804338605e-41 1.5320102328551556e-37 1.5289016182619312e-33 1.455418620610664e-29 1.0823084778742428e-26 1.1159216513342889e-26
73.8530385653146 3.156001897722487e-47 9.735771799871918e-47 1.753009067504469e-41 1.6415899897836658e-37 1.638346501888212e-33 1.558446803685075e-29 1.1338727757041192e-26 1.1530102142954156e-26
75.57503872394936 3.105983835225727e-47 9.692342289121474e-47 1.87424026547919e-41 1.759011888555343e-37 1.7556253151505293e-33 1.668710206697061e-29 1.187263451152393e-26 1.1909182079549049e-26
77.33719003416762 3.056908802492471e-47 9.651429494336586e-47 2.0039963038909912e-41 1.8848372890692114e-37 1.8812987242913483e-33 1.7867099578538036e-29 1.2425076660980832e-26 1.2296542367361992e-26
79.14042868344033 3.0087590627711466e-47 9.6130442184329e-47 2.1428823784770154e-41 2.019667738518013e-37 2.0159675122886527e-33 1.9129810627724725e-29 1.2996331117948115e-26 1.269236559330982e-26
80.98571268792693 2.9615172370911133e-47 9.577199257647646e-47 2.29154685492564e-41 2.1641478484450997e-37 2.160275448111109e-33 2.048094594957454e-29 1.3586658586588047e-26 1.3096729807024793e-26
82.87402240144569 2.9151662972545196e-47 9.543909465948864e-47 2.450684354773895e-41 2.3189683777732858e-37 2.3149123610466697e-33 2.1926600169363872e-29 1.4196306148614673e-26 1.3509810391610687e-26
84.80636103631147 2.869689558977184e-47 9.513191823678246e-47 2.6210390621098875e-41 2.484869536551306e-37 2.4806174347442475e-33 2.347327638563712e-29 1.4825531265871502e-26 1.393176183404774e-26
86.78375519631766 2.8250706751759515e-47 9.485065510667938e-47 2.8034082668856524e-41 2.662644526219191e-37 2.6581827366505903e-33 2.5127912150384777e-29 1.5474548532098872e-26 1.436266211421219e-26
88.80725542214539 2.781293629399607e-47 9.459551984087409e-47 2.9986461617774295e-41 2.853143333325166e-37 2.8484569996428925e-33 2.6897906996067273e-29 1.6143613514800705e-26 1.480271960870982e-26
90.8779367494899 2.73834272940047e-47 9.436675061293406e-47 3.2076679107421617e-41 3.0572767948387353e-37 3.0523496738514547e-33 2.879115144574963e-29 1.6832921185670178e-26 1.5252105009889758e-26
92.99689928020044 2.696202600844333e-47 9.4164610079743e-47 3.431454008718573e-41 3.2760209545037476e-37 3.270835267951157e-33 3.081605773721981e-29 1.7542712718289274e-26 1.5710972457222253e-26
95.16526876673713 2.654858181155805e-47 9.39893863189906e-47 3.6710549533127247e-41 3.5104217310671216e-37 3.504958000568602e-33 3.298159215274812e-29 1.8273184206995097e-26 1.617948656259107e-26
97.38419721025556 2.614294713496754e-47 9.384139382602057e-47 3.9275962507999946e-41 3.761599920710542e-37 3.755836783924696e-33 3.5297309180529763e-29 1.90245541433228e-26 1.6657866256126328e-26
99.6548634726365 2.5744977408753484e-47 9.372097457356945e-47 4.2022837803738105e-41 4.0307565576109585e-37 4.0246705634025744e-33 3.7773387450807954e-29 1.9797023638605704e-26 1.7146234345252793e-26
101.97847390278609 2.535453100383163e-47 9.36284991381588e-47 4.4964095422842677e-41 4.319178658268233e-37 4.312744038417461e-33 4.042066759324028e-29 2.0590800090957754e-26 1.7644893364516742e-26
104.35626297753925 2.497146917558189e-47 9.356436789716361e-47 4.811357817345623e-41 4.628245377074182e-37 4.621433791767635e-33 4.325069202849979e-29 2.1406084924161374e-26 1.815401210032406e-26
106.78949395750668 2.4595656008713105e-47 9.35290123008393e-47 5.148611767258392e-41 4.959434602563649e-37 4.952214856577839e-33 4.627574678956356e-29 2.2243090324856777e-26 1.8673793185758545e-26
109.27945955821409 2.422695836334168e-47 9.35228962238843e-47 5.509760507299822e-41 5.314330025896123e-37 5.3066677520134424e-33 4.9508905383065853e-29 2.3102010041292355e-26 1.9204462915609597e-26
111.82748263689002 2.386524582226093e-47 9.354651740141604e-47 5.896506685195057e-41 5.694628715374868e-37 5.686486021159111e-33 5.296407482836444e-29 2.3983072015931064e-26 1.974615836283508e-26
114.43491689526716 2.351039063938194e-47 9.360040895457129e-47 6.31067460240206e-41 6.102149233230616e-37 6.093484306823416e-33 5.66560437861985e-29 2.4886477722572722e-26 2.029919188944604e-26
117.10314759877073 2.3162267689323517e-47 9.36851410112869e-47 6.754218916636757e-41 6.538840333490372e-37 6.529607003571637e-33 6.060053297619486e-29 2.581245128284693e-26 2.086385479599717e-26
119.8335923124757 2.2820754418133625e-47 9.380132242819725e-47 7.229233967244694e-41 7.006790282530904e-37 6.996937527001863e-33 6.481424779135736e-29 2.67612239389021e-26 2.1440482229963836e-26
122.62770165422418 2.2485730795121025e-47 9.394960261997938e-47 7.737963768003812e-41 7.508236846894439e-37 7.497708244189517e-33 6.931493318698496e-29 2.773303036935549e-26 2.2029118155114255e-26
125.4869600653028 2.2157079265779767e-47 9.413067350290873e-47 8.282812715134437e-41 8.045577996135214e-37 8.034311112336394e-33 7.412143085668427e-29 2.872811191153474e-26 2.263017471106379e-26
128.41288659908975 2.1834684705787867e-47 9.43452715598422e-47 8.86635706171332e-41 8.621383371885222e-37 8.60930907599227e-33 7.925373870097765e-29 2.9746726896791536e-26 2.3243939721877577e-26
131.40703572809028 2.151843437606288e-47 9.459418003433907e-47 9.491357213353182e-41 9.238406577991716e-37 9.225448276781185e-33 8.473307254590333e-29 3.078913888533189e-26 2.3870623069079543e-26
134.4709981697896 2.1208217878857564e-47 9.487823126214412e-47 1.0160770903936896e-40 9.89959835050558e-37 9.885671133381516e-33 9.058193013975294e-29 3.185563393846115e-26 2.4510548480420165e-26
137.6064017317617 2.0903927114878382e-47 9.51983091488243e-47 1.0877767314404103e-40 1.0608120670507674e-36 1.059313035358989e-32 9.682415730824573e-29 3.2946500091213116e-26 2.5164089219832295e-26
140.8149121764835 2.0605456241412603e-47 9.55553518029404e-47 1.1645742202098397e-40 1.1367361887268705e-36 1.135120394467058e-32 1.0348501628302925e-28 3.4062036634263065e-26 2.5831548871617593e-26
144.09823410631301 2.031270163144702e-47 9.595035433477315e-47 1.2468334113015314e-40 1.2180952924070209e-36 1.2163511292865463e-32 1.1059125613063034e-28 3.5202589588191315e-26 2.651309661884618e-26
147.45811186910282 2.0025561833764794e-47 9.638437183130721e-47 1.3349441754471536e-40 1.305278464419131e-36 1.303393038793911e-32 1.1817118494291209e-28 3.636846219024943e-26 2.720934225083799e-26
150.89633048492877 1.9743937534005786e-47 9.68585225188981e-47 1.429324261126413e-40 1.3987026460114008e-36 1.3966616273992992e-32 1.2625474418361167e-28 3.756004816205897e-26 2.7920362169648196e-26
154.41471659442715 1.9467731516677108e-47 9.737399112582714e-47 1.5304212894337085e-40 1.4988146274945103e-36 1.4966020813492467e-32 1.3487358425555289e-28 3.877769109151082e-26 2.864663444569219e-26
158.01513942924367 1.91968486281004e-47 9.793203245777822e-47 1.638714891734402e-40 1.6060931851422934e-36 1.6036913857591262e-32 1.4406114194648794e-28 4.0021797284749364e-26 2.938852910343294e-26
161.6995118051102 1.8931195740283965e-47 9.853397520015244e-47 1.7547190003326477e-40 1.7210513710704464e-36 1.7184405922370473e-32 1.5385271885427551e-28 4.1292789705884326e-26 3.0146372466946655e-26
165.46979113807643 1.867068171570776e-47 9.918122596208612e-47 1.8789843031044276e-40 1.8442389670442487e-36 1.841397247762237e-32 1.64285560738028e-28 4.2591057737483456e-26 3.092059653845863e-26
169.32798048443664 1.8415217373009621e-47 9.987527357804098e-47 2.0121008738337412e-40 1.976245113950219e-36 1.9731479962304045e-32 1.7539893807171702e-28 4.3917129377431624e-26 3.171161288112586e-26
173.27612960490418 1.8164715453562653e-47 1.0061769368391623e-46 2.1547009908302076e-40 2.1177011295066044e-36 2.1143213648767583e-32 1.872342258084421e-28 4.527136517670168e-26 3.251963188847867e-26
177.3163360535986 1.791909058893294e-47 1.014101535857745e-46 2.3074621573069332e-40 2.2692835276875972e-36 2.265590748649101e-32 1.9983498491021766e-28 4.6654380219876154e-26 3.334528909526638e-26
181.45074629242436 1.7678259269208782e-47 1.0225441744050374e-46 2.471110337962478e-40 2.431717254300828e-36 2.4276776065102537e-32 2.1324704115087124e-28 4.806658658118493e-26 3.418893517270163e-26
185.68155683143308 1.7442139812192238e-47 1.0315235176903675e-46 2.6464234272448834e-40 2.6057791541911116e-36 2.6013548846381364e-32 2.2751856533453118e-28 4.9508599739565e-26 3.50510007993619e-26
190.01101539577502 1.7210652333444492e-47 1.0410593132414239e-46 2.83423496588391e-40 2.7923016866509285e-36 2.7874506825263247e-32 2.42700150061645e-28 5.0980936594436863e-26 3.593189810641726e-26
194.44142211985996 1.6983718717177636e-47 1.0511724533628667e-46 3.0354381234650664e-40 2.99217690680498e-36 2.986852179115272e-32 2.5884488593876413e-28 5.248419776827385e-26 3.6832179320898046e-26
198.9751307693619 1.6761262587986098e-47 1.0618850416263779e-46 3.25098996609166e-40 3.206360732007742e-36 3.2005098372711263e-32 2.760084343974317e-28 5.401899266456393e-26 3.7752022366931585e-26
203.61454999171644 1.6543209283410349e-47 1.0732204636596786e-46 3.4819160295446024e-40 3.435877513655622e-36 3.429441906208742e-32 2.9424909746418527e-28 5.558594120251118e-26 3.869226064433844e-26
