results/limits/Pino_l.dat
# %ECSV 1.0
# ---
# datatype:
# - {name: mx, unit: MeV, datatype: float64}
# - {name: sigma_10, unit: cm2, datatype: float64}
# - {name: sigma_9, unit: cm2, datatype: float64}
# - {name: sigma_7, unit: cm2, datatype: float64}
# - {name: sigma_6, unit: cm2, datatype: float64}
# - {name: sigma_5, unit: cm2, datatype: float64}
# - {name: sigma_4, unit: cm2, datatype: float64}
# - {name: sigma_3, unit: cm2, datatype: float64}
# - {name: sigma_2, unit: cm2, datatype: float64}
# schema: astropy-2.0
mx sigma_10 sigma_9 sigma_7 sigma_6 sigma_5 sigma_4 sigma_3 sigma_2
[from data line 720]
5.0957393702336 2.512718937921559e-46 4.1073756647852175e-46 2.5800521926683463e-44 6.041155820670511e-41 5.398588333829851e-37 5.2064649461325554e-33 7.377417547659878e-30 1.8373772056656743e-29
5.214554576410165 2.4650504708571474e-46 4.039405781957082e-46 2.670873711619557e-44 6.449897610490088e-41 5.784452484625005e-37 5.5791833103988935e-33 7.905231956531155e-30 1.9688497553985817e-29
5.336140146648369 2.4183231481360435e-46 3.9727202028509875e-46 2.7666351608350284e-44 6.887000378547615e-41 6.197922432122951e-37 5.9785833130693595e-33 8.470807830990451e-30 2.1097304922857172e-29
5.4605606763588606 2.3725180027058025e-46 3.9072943292813114e-46 2.8676281264096174e-44 7.354463152140641e-41 6.640973978464896e-37 6.406574917337607e-33 9.076846973691073e-30 2.260692736492916e-29
5.587882267096237 2.3276164558235e-46 3.8431040568857455e-46 2.974162598591479e-44 7.854427107594794e-41 7.115724361711462e-37 6.865204797591514e-33 9.726244530974655e-30 2.42245790468122e-29
5.718172561677172 2.283600309016782e-46 3.780125765258639e-46 3.0865681479086197e-44 8.389185717520187e-41 7.624442381175805e-37 7.356666123756358e-33 1.0422102829441426e-29 2.595798893359091e-29
5.851500780117376 2.2404517362131125e-46 3.718336308290164e-46 3.205195176547743e-44 8.961195623521598e-41 8.169559247649949e-37 7.88330904577867e-33 1.1167746211866018e-29 2.781544162052221e-29
5.987937756406471 2.1981532760333017e-46 3.65771300470714e-46 3.3304162499586894e-44 9.573088286288215e-41 8.753680210421623e-37 8.447651928337998e-33 1.1966736920187147e-29 2.9805813238787026e-29
6.127555976140354 2.1566878242460997e-46 3.598233628811432e-46 3.4626275140290954e-44 1.0227682468707528e-40 9.379597016692557e-37 9.052393389459349e-33 1.28228921192845e-29 3.193861250473141e-29
6.270429615030991 2.1160386263804372e-46 3.5398764014120604e-46 3.602250203576059e-44 1.0927997611634664e-40 1.0050301262991929e-36 9.700425200535577e-33 1.3740302153343537e-29 3.422403220370467e-29
6.416634578314149 2.0761892704918472e-46 3.4826199809469904e-46 3.749732248338212e-44 1.167726816621764e-40 1.076899870244449e-36 1.0394846109381314e-32 1.4723350087789315e-29 3.667299289073447e-29
6.566248541075969 2.0371236800800737e-46 3.426443454790926e-46 3.905549983123948e-44 1.2478958951256637e-40 1.1539124576323678e-36 1.1138976652348656e-32 1.5776732654380204e-29 3.929719296695479e-29
6.719350989519823 1.9988261071544218e-46 3.3713263307453932e-46 4.07020996928276e-44 1.3336781608978307e-40 1.2364360043221557e-36 1.1936375026258795e-32 1.6905482715141192e-29 4.2109172803802667e-29
6.87602326319537 1.9612811254439384e-46 3.3172485287073923e-46 4.244250935218637e-44 1.4254712237859368e-40 1.3248649784414263e-36 1.2790854095957026e-32 1.8114993302994568e-29 4.5122366729887916e-29
7.036348598212252 1.924473623749297e-46 3.2641903725131496e-46 4.428245844260231e-44 1.5237010286766448e-40 1.4196220869629984e-36 1.370649961872856e-32 1.941104339899766e-29 4.835116855397407e-29
7.200412171461376 1.8883887994334087e-46 3.2121325819535724e-46 4.622804098843266e-44 1.6288238800709066e-40 1.5211602973452835e-36 1.4687689772617565e-32 2.0799825563226984e-29 5.181100583089676e-29
7.368301145867304 1.8530121520479026e-46 3.1610562649578023e-46 4.828573890650316e-44 1.741328611496981e-40 1.6299650039057333e-36 1.5739116081913556e-32 2.2287975510306257e-29 5.551840295856869e-29
7.540104716695753 1.8183294770924533e-46 3.1109429099418085e-46 5.046244707092673e-44 1.8617389101300943e-40 1.7465563492890205e-36 1.686580583974863e-32 2.3882603846212042e-29 5.949107298135465e-29
7.715914158940838 1.784326859904434e-46 3.0617743783186646e-46 5.276550005311769e-44 1.9906158077300957e-40 1.8714917121333704e-36 1.8073146134882885e-32 2.5591330025460615e-29 6.374798914792914e-29
7.8958228758172275 1.7509906696758966e-46 3.0135328971672934e-46 5.520270065725241e-44 2.128560349803779e-40 2.0053683728334848e-36 1.9366909597426051e-32 2.742231878177574e-29 6.830948558569057e-29
8.07992644838296 1.7183075535953743e-46 2.9662010520567472e-46 5.77823503804912e-44 2.276216455750909e-40 2.1488263701501848e-36 2.0753281986437747e-32 2.9384319132545855e-29 7.319734805580865e-29
8.2683226863193 1.6862644311117537e-46 2.919761780022864e-46 6.051328193692646e-44 2.4342739836662827e-40 2.3025515623297855e-36 2.2238891751148708e-32 3.1486706190318304e-29 7.843492038313178e-29
8.461111679894604 1.654848488317831e-46 2.8741983626944818e-46 6.340489399452526e-44 2.603472014449038e-40 2.4672789073742936e-36 2.383084170696129e-32 3.3739525953797704e-29 8.404721285669316e-29
8.658395853139817 1.6240471724508291e-46 2.8294944195662354e-46 6.646718828528649e-44 2.7846023709189323e-40 2.64379597815172e-36 2.5536742977486136e-32 3.615354332302039e-29 9.006102928827271e-29
8.860280018263818 1.593848186507557e-46 2.7856339014151896e-46 6.97108092604845e-44 2.9785133887635097e-40 2.8329467291588707e-36 2.7364751364679447e-32 3.874029350113385e-29 9.650507876795542e-29
9.066871431337571 1.564239483971827e-46 2.742601083858574e-46 7.314708647526631e-44 3.1861139573441063e-40 3.0356355329528905e-36 2.9323606320753873e-32 4.1512137152304617e-29 1.0341013731432788e-28
9.278279849276613 1.5352092636515988e-46 2.700380561049903e-46 7.678807990003428e-44 3.408377849679486e-40 3.2528315055569994e-36 3.142267270792474e-32 4.44823193922767e-29 1.1080916205857703e-28
9.494617588152204 1.5067459646237981e-46 2.6589572395109997e-46 8.064662837004018e-44 3.646348362308697e-40 3.4855731415287036e-36 3.36719855453973e-32 4.7665033112281525e-29 1.1873747749703865e-28
9.715999582862075 1.4788382612843136e-46 2.6183163320971837e-46 8.473640139951754e-44 3.901143287216719e-40 3.7349732808591354e-36 3.6082297957225964e-32 5.10754867682559e-29 1.2723293693112904e-28
9.942543448192506 1.4514750585011423e-46 2.5784433520933614e-46 8.907195460249736e-44 4.173960239594796e-40 4.002224431459556e-36 3.866513254996887e-32 5.472997696831198e-29 1.3633607438142848e-28
10.17436954130415 1.424645486868389e-46 2.5393241074384032e-46 9.366878897932834e-44 4.466082366908861e-40 4.2886044726916476e-36 4.143283646544839e-32 5.864596638147287e-29 1.4609033926520746e-28
10.411601025674827 1.3983388980591542e-46 2.5009446950757706e-46 9.854341434589201e-44 4.778884466573497e-40 4.595482767220578e-36 4.439864037143641e-32 6.284216712446599e-29 1.5654229190633843e-28
10.654363936533231 1.3725448602750237e-46 2.4632914954276363e-46 1.0371341720168012e-43 5.113839541482685e-40 4.924326710422715e-36 4.757672167190131e-32 6.73386300603432e-29 1.6774179360622715e-28
10.902787247818345 1.3472531537903882e-46 2.426351166990724e-46 1.0919753335338999e-43 5.4725258247431585e-40 5.2767087486724436e-36 5.098227223860743e-32 7.215684057488472e-29 1.7974226492269844e-28
11.157002940700098 1.322453766589373e-46 2.3901106410515205e-46 1.1501572563259754e-43 5.8566343072000975e-40 5.6543139000750776e-36 5.4631570987419e-32 7.731982125118185e-29 1.926009800556648e-28
11.417146073697703 1.2981368900936014e-46 2.3545571165186157e-46 1.2118926706953208e-43 6.267976803749604e-40 6.058947813615859e-36 5.854206164578124e-32 8.285224167477179e-29 2.0637927820938e-28
11.683354854432924 1.274292914978813e-46 2.319678054870391e-46 1.2774082991012427e-43 6.708494597009241e-40 6.492545405269765e-36 6.273243608266022e-32 8.878053613049029e-29 2.2114282097425274e-28
11.955770713056356 1.250912427078478e-46 2.2854611752158806e-46 1.3469458089046799e-43 7.1802676996797124e-40 6.957180112376707e-36 6.722272359879714e-32 9.513303008709281e-29 2.369620619076413e-28
12.234538377385784 1.2279862033726229e-46 2.251894449466964e-46 1.4207628321182578e-43 7.685524779889126e-40 7.455073810542687e-36 7.203438660348336e-32 1.0194007514199886e-28 2.539124390404568e-28
12.519805949796487 1.2055052080600198e-46 2.2189660976198952e-46 1.4991340569042018e-43 8.226653796982835e-40 7.98860744049703e-36 7.719042313468059e-32 1.0923419380396464e-28 2.720746998095236e-28
12.811724985904382 1.1834605887120608e-46 2.1866645831446156e-46 1.5823523958973496e-43 8.806213398618983e-40 8.560332395730301e-36 8.271547671195913e-32 1.1705023501017898e-28 2.9153545793402677e-28
13.110450575083778 1.1618436725065956e-46 2.154978608479712e-46 1.6707302367902208e-43 9.426945133671468e-40 9.172982725376015e-36 8.863595404663273e-32 1.254255402233032e-28 3.1238749008466896e-28
13.416141422862523 1.1406459625399927e-46 2.123897110631713e-46 1.7646007810043064e-43 1.0091786539343555e-39 9.829488210698503e-36 9.498015117111442e-32 1.3440012140730626e-28 3.347300869796856e-28
13.72895993523834 1.1198591342158755e-46 2.093409256876803e-46 1.8643194766877155e-43 1.0803885165075608e-39 1.053298837772664e-35 1.017783885897193e-31 1.440168522878801e-28 3.5866973712811817e-28
14.04907230496112 1.0994750317088707e-46 2.063504440563454e-46 1.9702655527271674e-43 1.1566613600311544e-39 1.1286847513050076e-35 1.0906315609608823e-31 1.5432167267551004e-28 3.8432051657287953e-28
14.37664859982702 1.0794856645018395e-46 2.0341722770144918e-46 2.0828436609430263e-43 1.2383585577988513e-39 1.2094670754592783e-35 1.1686926794870118e-31 1.6536380723174967e-28 4.11804467303855e-28
14.711862853031292 1.059883203995024e-46 2.0054025995270622e-46 2.202485634153297e-43 1.3258673230758835e-39 1.2960321334317987e-35 1.2523402914548003e-31 1.7719600095874454e-28 4.412525766648933e-28
15.054893155627816 1.0406599801855943e-46 1.9771854554690676e-46 2.329652368347596e-43 1.4196025582465993e-39 1.3887939055329194e-35 1.3419741359119067e-31 1.8987476989128196e-28 4.7280496294669385e-28
15.405921751144481 1.021808478416201e-46 1.9495111024708025e-46 2.464835837808164e-43 1.5200088363303017e-39 1.4881960091733128e-35 1.4380225500860584e-31 2.034606710363543e-28 5.06611833217185e-28
15.765135132404664 1.003321336190973e-46 1.9223700047103523e-46 2.608561252654898e-43 1.6275625243411535e-39 1.5947138205957822e-35 1.5409445150486139e-31 2.180185907413776e-28 5.428340256211986e-28
16.132724140606275 9.851913400576684e-47 1.8957528292916366e-46 2.7613893689773277e-43 1.7427740586462766e-39 1.7088567484995782e-35 1.651231847699609e-31 2.33618054112422e-28 5.816438894718826e-28
16.50888406671095 9.674114225545051e-47 1.8696504427138076e-46 2.9239189624522513e-43 1.8661903832029172e-39 1.8311706704306613e-35 1.7694115495410249e-31 2.5033355607679533e-28 6.232259729089597e-28
16.89381475519735 9.499746592203908e-47 1.844053907430918e-46 3.096789477134493e-43 1.9983975623344942e-39 1.9622405435897338e-35 1.8960483234557595e-31 2.682449164679666e-28 6.677780091016314e-28
17.287720710233557 9.328742656671612e-47 1.818954478500791e-46 3.280683861952872e-43 2.1400235805398e-39 2.1026932025436842e-35 2.0317472705111662e-31 2.8743766009956045e-28 7.1551176746166e-28
17.690811204325115 9.161035947125939e-47 1.794343600322041e-46 3.4763316083487724e-43 2.2917413427240543e-39 2.2532003572201757e-35 2.1771567796673933e-31 3.080034241271885e-28 7.666540655277369e-28
18.103300389496336 8.996561335728917e-47 1.7702129034583206e-46 3.684512003463878e-43 2.4542718891987678e-39 2.414481805522537e-35 2.332971624191937e-31 3.3004039412135868e-28 8.214478560434616e-28
18.52540741106398 8.835255011134023e-47 1.7465542015488799e-46 3.906057614321552e-43 2.62838784082425e-39 2.5873088759283897e-35 2.499936279570727e-31 3.5365377173853077e-28 8.801534603968707e-28
18.957356524063755 8.677054451563684e-47 1.7233594883046136e-46 4.141858019557599e-43 2.81491709076924e-39 2.772508116535459e-35 2.678848478763743e-31 3.7895627569429723e-28 9.430493564326367e-28
19.399377212391464 8.521898398445138e-47 1.7006209345888064e-46 4.392863806445828e-43 3.0147467605409556e-39 2.9709652481959525e-35 2.870563021786271e-31 4.060686759670702e-28 1.0104343204735934e-27
19.85170431072216 8.369726830592837e-47 1.6783308855818834e-46 4.660090852237344e-43 3.228827439202898e-39 3.183629400644042e-35 3.0759958578210826e-31 4.351203720518695e-28 1.0826277329228901e-27
20.314578129271972 8.220480938926407e-47 1.6564818580295362e-46 4.9446249101962e-43 3.458177726051547e-39 3.4115176518739593e-35 3.2961284593533213e-31 4.662500055236361e-28 1.1599722757582368e-27
20.788244581469023 8.074103101712525e-47 1.635066537573564e-46 5.2476265221736204e-43 3.7038890984742035e-39 3.65571989247602e-35 3.5320125092323237e-31 4.9960611784743945e-28 1.2428342210497796e-27
21.272955314601134 7.930536860320229e-47 1.6140777761650254e-46 5.570336281125688e-43 3.96713112826514e-39 3.917404038192068e-35 3.784774923057802e-31 5.353478608870873e-28 1.3316066025102108e-27
21.76896784350983 7.789726895478658e-47 1.593508589559194e-46 5.9140804686529935e-43 4.249157071343472e-39 4.1978216156162275e-35 4.055623230877377e-31 5.736457501607892e-28 1.4267094231872403e-27
22.27654568740161 7.651619004026842e-47 1.573352154891902e-46 6.280277094432108e-43 4.5513098576017386e-39 4.4983137477512097e-35 4.345851343917913e-31 6.146824734899648e-28 1.5285933422943317e-27
22.79595850984919 7.516160076145444e-47 1.5536018083371032e-46 6.670442366327323e-43 4.875028509527593e-39 4.82031756804238e-35 4.656845733908683e-31 6.586537600846158e-28 1.6377400680251496e-27
23.327482262057103 7.383298073060188e-47 1.5342510428452567e-46 7.086197622025454e-43 5.221855020291196e-39 5.165373093559746e-35 4.990092054524499e-31 7.057693123039022e-28 1.754666037177313e-27
23.871399329467756 7.2529820052074335e-47 1.515293505962493e-46 7.529276755236998e-43 5.593441724188801e-39 5.535130590193993e-35 5.347182236586819e-31 7.562537968664087e-28 1.8799239833374758e-27
24.427998681785848 7.125161910851885e-47 1.4967229977304586e-46 8.001534171862609e-43 5.99155919468673e-39 5.931358465084042e-35 5.729822090937629e-31 8.103479061656646e-28 2.0141052621342422e-27
24.997576026500827 6.999788835147657e-47 1.478533468666834e-46 8.50495331404877e-43 6.418104707834066e-39 6.355951724015055e-35 6.139839455338078e-31 8.683095130608282e-28 2.157843785037391e-27
25.580433965988984 6.876814809632671e-47 1.4607190178266058e-46 9.041655792758271e-43 6.875111311515616e-39 6.810941034226203e-35 6.579192924297904e-31 9.3041488209425e-28 2.3118177099474755e-27
26.176882158278623 6.756192832148293e-47 1.4432738909442832e-46 9.613911172378218e-43 7.364757543914595e-39 7.298502435961649e-35 7.049981203590074e-31 9.969599771705838e-28 2.4767529923835874e-27
26.787237481563718 6.637876847174407e-47 1.4261924786573391e-46 1.0224147453988813e-42 7.889377847660008e-39 7.820967749200089e-35 7.5544531341629745e-31 1.0682618685528668e-27 2.653426918152375e-27
27.411824202553472 6.521821726572249e-47 1.4094693148111595e-46 1.087496230724e-42 8.451473729459824e-39 8.380835725320681e-35 8.095018433358775e-31 1.1446602359623678e-27 2.8426714712244746e-27
28.050974148747212 6.407983250725875e-47 1.3930990748460716e-46 1.1569135104341642e-42 9.053725718588427e-39 8.980783997024775e-35 8.674259204777226e-31 1.2265189660654394e-27 3.0453772311760143e-27
28.705026884726152 6.296318090074177e-47 1.3770765742668833e-46 1.2309639813487869e-42 9.699006181416967e-39 9.623681883648285e-35 9.294942271825978e-31 1.314227874822208e-27 3.262497517068023e-27
29.374329892555654 6.1867837870255425e-47 1.3613967671956648e-46 1.3099658813121082e-42 1.039039305326979e-38 1.0312604113088355e-34 9.960032393918815e-31 1.4082045630171958e-27 3.4950514729118736e-27
30.05923875639388 6.07933873824688e-47 1.3460547450085284e-46 1.3942597692819815e-42 1.1131184553279052e-38 1.1050845525949695e-34 1.0672706428468278e-30 1.5088963690416965e-27 3.744131698677763e-27
30.760117351404876 5.973942177319691e-47 1.3310457350572347e-46 1.484210111128477e-42 1.192491495261056e-38 1.184193683221028e-34 1.1436368506425369e-30 1.6167824885940887e-27 4.010906627490891e-27
31.477338037076432 5.870554157755044e-47 1.3163650994767064e-46 1.5802069786924845e-42 1.2775371471473683e-38 1.268966149573699e-34 1.225466629389693e-30 1.7323762460289043e-27 4.296625096497138e-27
