results/limits/Pino_l_N2only.dat
# %ECSV 1.0
# ---
# datatype:
# - {name: mx, unit: MeV, datatype: float64}
# - {name: sigma_10, unit: cm2, datatype: float64}
# - {name: sigma_9, unit: cm2, datatype: float64}
# - {name: sigma_7, unit: cm2, datatype: float64}
# - {name: sigma_6, unit: cm2, datatype: float64}
# - {name: sigma_5, unit: cm2, datatype: float64}
# - {name: sigma_4, unit: cm2, datatype: float64}
# - {name: sigma_3, unit: cm2, datatype: float64}
# - {name: sigma_2, unit: cm2, datatype: float64}
# schema: astropy-2.0
mx sigma_10 sigma_9 sigma_7 sigma_6 sigma_5 sigma_4 sigma_3 sigma_2
[from data line 720]
5.0957393702336 2.512718938007297e-46 4.107375664801186e-46 2.5800521925869075e-44 6.041154336445546e-41 5.397970278073056e-37 5.2062087463171034e-33 7.391614531544186e-30 1.8435982073112392e-29
5.214554576410165 2.4650504709561657e-46 4.0394057819728616e-46 2.670873711526139e-44 6.44989588228944e-41 5.783779051167905e-37 5.578928420139479e-33 7.920805099811074e-30 1.9755876584113732e-29
5.336140146648369 2.418323148246562e-46 3.9727202028666065e-46 2.7666351607279697e-44 6.886998366272962e-41 6.197189288203305e-37 5.978332076186413e-33 8.487882213550062e-30 2.1170266827343332e-29
5.4605606763588606 2.3725180028261685e-46 3.907294329296761e-46 2.867628126287014e-44 7.354460809123802e-41 6.640176499754509e-37 6.406330104039895e-33 9.095558299195979e-30 2.2685918073454995e-29
5.587882267096237 2.3276164559521363e-46 3.843104056901038e-46 2.97416259845115e-44 7.854424379528515e-41 7.114857615036923e-37 6.864969664388511e-33 9.746739975009957e-30 2.4310079941827568e-29
5.718172561677172 2.2836003091522374e-46 3.780125765273779e-46 3.086568147748078e-44 8.389182541217097e-41 7.623501106217845e-37 7.356444480931485e-33 1.0444541953932399e-29 2.60505210767356e-29
5.851500780117376 2.2404517363540295e-46 3.718336308305161e-46 3.20519517636414e-44 8.961191925474125e-41 8.168537837552714e-37 7.88310533331822e-33 1.1192301941788376e-29 2.791556630610767e-29
5.987937756406471 2.1981532761784104e-46 3.657713004721982e-46 3.3304162497487657e-44 9.573083980997884e-41 8.752572691237686e-37 8.447471301312694e-33 1.1993596602106267e-29 2.9914136460602335e-29
6.127555976140354 2.1566878243942463e-46 3.598233628826134e-46 3.462627513789107e-44 1.022767745674793e-40 9.378397025585164e-37 9.052241813965762e-33 1.2852258663912072e-29 3.205579104347425e-29
6.270429615030991 2.1160386265305363e-46 3.539876401426621e-46 3.6022502033017165e-44 1.0927991777405888e-40 1.0049002025110234e-36 9.700309561428254e-33 1.377239525432872e-29 3.435077395531251e-29
6.416634578314149 2.0761892706429273e-46 3.482619980961407e-46 3.749732248024608e-44 1.1677261375344989e-40 1.076759300638187e-36 1.0394774331164536e-32 1.475840754366867e-29 3.6810062492374996e-29
6.566248541075969 2.037123680231222e-46 3.4264434548052095e-46 3.905549982765446e-44 1.24789510475779e-40 1.1537604748063899e-36 1.1138957834747225e-32 1.5815011796985428e-29 3.944541985287589e-29
6.719350989519823 1.9988261073048076e-46 3.371326330759551e-46 4.0702099688728734e-44 1.3336772411056321e-40 1.2362717918470118e-36 1.193641959615243e-32 1.6947261932777003e-29 4.2269451402380474e-29
6.87602326319537 1.961281125592822e-46 3.317248528721421e-46 4.244250934749925e-44 1.4254701534947626e-40 1.324687667920651e-36 1.279097397755151e-32 1.81605736967439e-29 4.529566496742678e-29
7.036348598212252 1.9244736238960203e-46 3.2641903725270515e-46 4.428245843724152e-44 1.523699783414357e-40 1.4194307549099952e-36 1.3706708424037143e-32 1.9460750566228656e-29 4.853853544577727e-29
7.200412171461376 1.888388799577392e-46 3.2121325819673404e-46 4.622804098229996e-44 1.6288224314286951e-40 1.5209539618639342e-36 1.4688003014550696e-32 2.085401150924189e-29 5.20135740423335e-29
7.368301145867304 1.8530121521886124e-46 3.1610562649714396e-46 4.828573889948569e-44 1.7413269265065694e-40 1.6297426211616367e-36 1.5739551412526953e-32 2.2347020730851788e-29 5.573740246188896e-29
7.540104716695753 1.8183294772294468e-46 3.1109429099553265e-46 5.046244706289455e-44 1.8617369505448097e-40 1.7463168097573612e-36 1.6866383316466017e-32 2.3946919549218617e-29 5.972783241359079e-29
7.715914158940838 1.7843268600373275e-46 3.0617743783320584e-46 5.276550004392088e-44 1.9906135291954854e-40 1.871233836608669e-36 1.807388851781797e-32 2.566136055374274e-29 6.400395080739628e-29
7.8958228758172275 1.7509906698043727e-46 3.013532897180568e-46 5.52027006467191e-44 2.12855770090142e-40 2.0050909081855138e-36 1.9367842681252803e-32 2.749854420871096e-29 6.858621105003659e-29
8.07992644838296 1.7183075537191614e-46 2.966201052069893e-46 5.778235036842314e-44 2.276213376896754e-40 2.1485279848094212e-36 2.0754434970626908e-32 2.946725807752193e-29 7.349653087716446e-29
8.2683226863193 1.6862644312306514e-46 2.9197617800358896e-46 6.051328192309502e-44 2.4342704058424106e-40 2.3022308414849237e-36 2.2240297652786424e-32 3.1576918855107464e-29 7.875839718964192e-29
8.461111679894604 1.6548484884316817e-46 2.8741983627073836e-46 6.340489397866727e-44 2.603467857744522e-40 2.4669343478632482e-36 2.3832537820807096e-32 3.383761740959772e-29 8.439697839541014e-29
8.658395853139817 1.624047172559523e-46 2.8294944195790085e-46 6.646718826709824e-44 2.784597542852595e-40 2.6434259830267164e-36 2.5538771388408e-32 3.626016704867236e-29 9.043924479430031e-29
8.860280018263818 1.5938481866110392e-46 2.7856339014278343e-46 6.97108092396159e-44 2.978507782357304e-40 2.8325496019051918e-36 2.7367159518140965e-32 3.8856155241463734e-29 9.691409758159724e-29
9.066871431337571 1.5642394840700619e-46 2.7426010838710783e-46 7.314708645131405e-44 3.186107448912079e-40 3.03520947133983e-36 2.9326447657597275e-32 4.1637999043407187e-29 1.0385250708741406e-28
9.278279849276613 1.5352092637446144e-46 2.7003805610622893e-46 7.678807987253159e-44 3.4083702962923754e-40 3.252374595098851e-36 3.1426007370348985e-32 4.4619004489144757e-29 1.1128766091308332e-28
9.494617588152204 1.506745964711635e-46 2.658957239523261e-46 8.064662833844921e-44 3.6463395988892557e-40 3.4850833485324055e-36 3.3675881161708975e-32 4.781343023756834e-29 1.1925512267314788e-28
9.715999582862075 1.4788382613670496e-46 2.618316332109316e-46 8.473640136321712e-44 3.901133123215128e-40 3.734448445034541e-36 3.6086830513719255e-32 5.123655577342881e-29 1.2779300210221866e-28
9.942543448192506 1.4514750585788782e-46 2.578443352105352e-46 8.907195456076999e-44 4.173948455187018e-40 4.001662258067457e-36 3.867038735912726e-32 5.49047544917293e-29 1.369421373403718e-28
10.17436954130415 1.4246454869412606e-46 2.539324107450278e-46 9.366878893134493e-44 4.466068708653957e-40 4.2880025242038695e-36 4.143890924055839e-32 5.883557201447909e-29 1.4674629026896754e-28
10.411601025674827 1.3983388981272997e-46 2.50094469508751e-46 9.854341429069469e-44 4.778868642457913e-40 4.5948384544659046e-36 4.440563841872117e-32 6.304781011441004e-29 1.572523558312318e-28
10.654363936533231 1.3725448603386114e-46 2.4632914954392313e-46 1.0371341713816182e-43 5.113821215271098e-40 4.92363728319185e-36 4.7584765212369397e-32 6.756161664707732e-29 1.685105863388066e-28
10.902787247818345 1.3472531538495878e-46 2.4263511670021933e-46 1.0919753328027061e-43 5.4725046095460206e-40 5.275971285754867e-36 5.099149587298745e-32 7.239858192150517e-29 1.8057483183716814e-28
11.157002940700098 1.322453766644369e-46 2.3901106410628538e-46 1.1501572554839642e-43 5.856609758157466e-40 5.6535252987004e-36 5.464212531885407e-32 7.758184197033384e-29 1.9350279767962333e-28
11.417146073697703 1.2981368901445922e-46 2.3545571165298098e-46 1.2118926697253696e-43 6.267948409719779e-40 6.058104778272323e-36 5.855411507638567e-32 8.313618921342908e-29 2.07356320541906e-28
11.683354854432924 1.2742929150259951e-46 2.3196780548814517e-46 1.277408297983535e-43 6.708461771138345e-40 6.491644435872776e-36 6.27461768015645e-32 8.908819104427404e-29 2.2220166419759515e-28
11.955770713056356 1.2509124271220578e-46 2.285461175226813e-46 1.3469458076162895e-43 7.18022976871482e-40 6.956217491760614e-36 6.723836178094958e-32 9.546631690636557e-29 2.381098364690959e-28
12.234538377385784 1.2279862034127983e-46 2.2518944494777524e-46 1.4207628306326442e-43 7.68548097208321e-40 7.454045591250316e-36 7.205215684037004e-32 1.0230107446744023e-28 2.551569288702336e-28
12.519805949796487 1.2055052080969928e-46 2.2189660976305576e-46 1.4991340551906424e-43 8.226603228424052e-40 7.987509430842023e-36 7.721058712004536e-32 1.0962515554287745e-28 2.7342448056499872e-28
12.811724985904382 1.1834605887460369e-46 2.1866645831551387e-46 1.5823523939202635e-43 8.806155057800265e-40 8.559160145109455e-36 8.273832620772822e-32 1.1747359246625487e-28 2.9299986838334466e-28
13.110450575083778 1.1618436725377712e-46 2.154978608490098e-46 1.6707302345084056e-43 9.426877864098087e-40 9.17173150881096e-36 8.866181415665228e-32 1.2588392565500257e-28 3.139767247595417e-28
13.416141422862523 1.140645962568557e-46 2.123897110641968e-46 1.7646007783700182e-43 1.0091709019957363e-39 9.828153012588278e-36 9.500938395278476e-32 1.348963831726535e-28 3.3645538559215706e-28
13.72895993523834 1.1198591342420148e-46 2.0934092568869272e-46 1.864319473645652e-43 1.0803795888254447e-39 1.0531563874796717e-35 1.0181139703630124e-31 1.4455407314656465e-28 3.605433701678543e-28
14.04907230496112 1.0994750317327628e-46 2.0635044405734463e-46 1.9702655492132304e-43 1.1566510847180594e-39 1.1285328056487259e-35 1.0910038852550212e-31 1.5490318996147809e-28 3.8635589544457072e-28
14.37664859982702 1.0794856645236638e-46 2.0341722770243583e-46 2.0828436568829296e-43 1.2383467390757937e-39 1.2093050351360147e-35 1.1691122283780344e-31 1.6599323521517898e-28 4.140164271539731e-28
14.711862853031292 1.0598832040149357e-46 2.0054025995368005e-46 2.2024856294609237e-43 1.3258537381778506e-39 1.2958593627650821e-35 1.2528126045216291e-31 1.7787725449312157e-28 4.436572703592132e-28
15.054893155627816 1.0406599802037556e-46 1.9771854554786806e-46 2.3296523629230813e-43 1.419586953966339e-39 1.3886097304419168e-35 1.3425053661059544e-31 1.9061209109455468e-28 4.754202022927209e-28
15.405921751144481 1.0218084784327546e-46 1.949511102480291e-46 2.4648358315357164e-43 1.5199909251645077e-39 1.4879997150617167e-35 1.4386195281353677e-31 2.0425865792376315e-28 5.094571505010082e-28
15.765135132404664 1.003321336206059e-46 1.9223700047197202e-46 2.608561245400208e-43 1.627541980200512e-39 1.5945046501637704e-35 1.5416148202501124e-31 2.18882228846929e-28 5.459309195401609e-28
16.132724140606275 9.851913400714146e-47 1.895752829300887e-46 2.7613893605845726e-43 1.742750512088146e-39 1.7086338994826378e-35 1.6519838856913606e-31 2.345527509082189e-28 5.850159696979354e-28
16.50888406671095 9.674114225670373e-47 1.869650442722935e-46 2.923918952740653e-43 1.8661634161427604e-39 1.8309332932704554e-35 1.7702546376976187e-31 2.5134517889848312e-28 6.268992514672147e-28
16.89381475519735 9.499746592318188e-47 1.844053907439927e-46 3.0967894658942673e-43 1.998366702189368e-39 1.9619877390437128e-35 1.896992784603584e-31 2.6933983387686815e-28 6.717810997622591e-28
17.287720710233557 9.328742656775904e-47 1.8189544785096832e-46 3.280683848940541e-43 2.1399882937545518e-39 2.1024240192420893e-35 2.032804535719386e-31 2.8862278736020448e-28 7.198761921549374e-28
17.690811204325115 9.161035947221203e-47 1.7943436003308215e-46 3.4763315932817113e-43 2.291701027628127e-39 2.252913789181124e-35 2.178339500932948e-31 3.0928627301782566e-28 7.714145757143444e-28
18.103300389496336 8.996561335816037e-47 1.7702129034669916e-46 3.684511986013964e-43 2.454225868138859e-39 2.4141767896383294e-35 2.334293797904713e-31 3.314291278410134e-28 8.266427673613665e-28
18.52540741106398 8.835255011213825e-47 1.7465542015574453e-46 3.906057594107783e-43 2.628335351515507e-39 2.586984289439165e-35 2.501413381717028e-31 3.551572648972671e-28 8.858249330013597e-28
18.957356524063755 8.677054451636932e-47 1.723359488313074e-46 4.141857996137517e-43 2.814857276805125e-39 2.772162774509301e-35 2.68049761290442e-31 3.8058417993065633e-28 9.492441510749562e-28
19.399377212391464 8.521898398512491e-47 1.7006209345971645e-46 4.392863779305521e-43 3.014678660999652e-39 2.9705979010385404e-35 2.872403080931304e-31 4.078314942314166e-28 1.017203766570759e-27
19.85170431072216 8.369726830654908e-47 1.6783308855901462e-46 4.660090820779824e-43 3.2287499772857984e-39 3.183238731665031e-35 3.0780477014054653e-31 4.370295363714236e-28 1.0900288419764175e-27
20.314578129271972 8.220480938983757e-47 1.6564818580377035e-46 4.9446248737279074e-43 3.4580896966873526e-39 3.411102274942135e-35 3.298415106624952e-31 4.683179655880887e-28 1.168067712108216e-27
20.788244581469023 8.074103101765671e-47 1.6350665375816367e-46 5.2476264798886375e-43 3.703789154820321e-39 3.6552783498010284e-35 3.534559350459188e-31 5.018464397984272e-28 1.251693650256205e-27
21.272955314601134 7.930536860369632e-47 1.614077776173009e-46 5.570336232087461e-43 3.967017767036346e-39 3.916934798276503e-35 3.787609950068474e-31 5.377753314385239e-28 1.3413066536143232e-27
21.76896784350983 7.78972689552473e-47 1.5935085895670878e-46 5.9140804117729835e-43 4.249028616896417e-39 4.197323071429354e-35 4.058777288577376e-31 5.762764945523822e-28 1.4373353565355322e-27
22.27654568740161 7.651619004069931e-47 1.5733521548997132e-46 6.280277028444978e-43 4.5511644447025114e-39 4.4977842151836595e-35 4.349358404543813e-31 6.175340867992653e-28 1.5402390807633962e-27
22.79595850984919 7.516160076185879e-47 1.5536018083448326e-46 6.6704422897620216e-43 4.874864064728577e-39 4.819755284710379e-35 4.660743195915962e-31 6.617454503113487e-28 1.6505100324467004e-27
23.327482262057103 7.383298073098283e-47 1.5342510428529038e-46 7.0861975331716e-43 5.2216692418427813e-39 5.164776218038127e-35 4.994421068151509e-31 7.091220556149537e-28 1.7686756564458265e-27
23.871399329467756 7.252982005243409e-47 1.5152935059700606e-46 7.529276652105627e-43 5.593232060410429e-39 5.534497201768885e-35 5.351988058298364e-31 7.5989051313032425e-28 1.8953011591919186e-27
24.427998681785848 7.125161910886006e-47 1.4967229977379532e-46 8.00153405214065e-43 5.991322820721642e-39 5.93068656413002e-35 5.735154469112496e-31 8.142936570880991e-28 2.030992212166119e-27
24.997576026500827 6.999788835180101e-47 1.4785334686742562e-46 8.504953175045814e-43 6.41783850071148e-39 6.355239233116477e-35 6.145753049728309e-31 8.725917070470591e-28 2.176397848930063e-27
25.580433965988984 6.876814809663657e-47 1.4607190178339571e-46 9.04165563134472e-43 6.87481182344372e-39 6.810185800179765e-35 6.58574776201091e-31 9.350635125688774e-28 2.3322135695646603e-27
26.176882158278623 6.756192832177925e-47 1.4432738909515692e-46 9.613910984913173e-43 7.364420973727545e-39 7.297702232816817e-35 7.057243174521389e-31 1.0020078870033588e-27 2.49918466736617e-27
26.787237481563718 6.637876847202851e-47 1.4261924786645557e-46 1.0224147236236151e-42 7.889000010341157e-39 7.82012028251595e-35 7.562494529028044e-31 1.0737450367639081e-27 2.6781097937117897e-27
27.411824202553472 6.52182172659963e-47 1.409469314818313e-46 1.0874962054270445e-42 8.451050023663483e-39 8.379938637842467e-35 8.103918527713272e-31 1.1506180929296879e-27 2.869844778146066e-27
28.050974148747212 6.407983250752298e-47 1.3930990748531625e-46 1.156913481041896e-42 9.053251092081183e-39 8.979834876011238e-35 8.68410489267336e-31 1.232994752500374e-27 3.0753067219602976e-27
28.705026884726152 6.296318090099743e-47 1.3770765742739132e-46 1.2309639471936029e-42 9.698475094358161e-39 9.622678270112726e-35 9.305828753002139e-31 1.3212690371539275e-27 3.2954783848452015e-27
29.374329892555654 6.186783787050306e-47 1.3613967672026375e-46 1.3099658416169673e-42 1.0389799439249698e-38 1.0311543513251214e-34 9.972063918708022e-31 1.4158631779198123e-27 3.531412885598932e-27
30.05923875639388 6.079338738270945e-47 1.3460547450154408e-46 1.3942597231423769e-42 1.1130521778030441e-38 1.1049725425240448e-34 1.0685997104955937e-30 1.5172296347823721e-27 3.7842387393748206e-27
30.760117351404876 5.973942177343092e-47 1.331045735064095e-46 1.4842100574914576e-42 1.192417577030678e-38 1.184075471220118e-34 1.145104317467106e-30 1.625853260874485e-27 4.055165255562765e-27
31.477338037076432 5.870554157777859e-47 1.3163650994835143e-46 1.5802069163321837e-42 1.2774547978522674e-38 1.2688414854441295e-34 1.2270861472412433e-30 1.742253621613199e-27 4.345488322123291e-27
