results/limits/Pino_h.dat
# %ECSV 1.0
# ---
# datatype:
# - {name: mx, unit: MeV, datatype: float64}
# - {name: sigma, unit: cm2, datatype: float64}
# schema: astropy-2.0
mx sigma
[from data line 358]
0.0012122259692915415 4.2906359903930445e-40
0.0012404909310584848 4.558389736993516e-40
0.0012694149350204683 4.843786706589031e-40
0.0012990133477864558 5.148032426094427e-40
0.0013293018942621524 5.472417072362453e-40
0.001360296666004259 5.818320175069211e-40
0.001392014129769518 6.1872159738819e-40
0.0014244711362630968 6.580683180290768e-40
0.0014576849290909482 7.000413393142787e-40
0.0014916731539209149 7.448218668362706e-40
0.0015264538678574353 7.92603663731563e-40
0.0015620455490348386 8.435939146431711e-40
0.0015984671064343198 8.980146660467275e-40
0.0016357378899298156 9.561038486647332e-40
0.0016738777005681136 1.01811612556177e-39
0.0017129068010886602 1.0843237975029016e-39
0.0017528459266886532 1.155018547334583e-39
0.00179371629603914 1.2305130790400952e-39
0.0018355396225579732 1.3111420673934527e-39
0.0018783381259456144 1.397263450865387e-39
0.0019221345439899109 1.48926085625819e-39
0.001966952144646121 1.5875453846875115e-39
0.0020128147383986056 1.69255686303972e-39
0.002059746690910748 1.8047661716987223e-39
0.0021077729359698315 1.924678067001159e-39
0.0021569189887337423 2.052832962434675e-39
0.002207210959286545 2.189809226359293e-39
0.0022586755665101248 2.3362267643896385e-39
0.0023113401522792685 2.4927494599048654e-39
0.0023652326959877285 2.6600878866484254e-39
0.0024203818294129824 2.8390036191161952e-39
0.0024768168519275916 3.0303122208769654e-39
0.002534567746065232 3.234886836335683e-39
0.0025936651934496745 3.453663299865796e-39
0.0026541405910951734 3.687643537198214e-39
0.0027160260680869266 3.937900782941557e-39
0.0027793545026504624 4.205584983502222e-39
0.002844159539619031 4.49192731904157e-39
0.0029104756083082714 4.798247221458698e-39
0.0029783379408076585 5.1259575744643945e-39
0.0030477825906984404 5.476572116642222e-39
0.0031188464522080173 5.851712404405104e-39
0.0031915672798109355 6.253115309037641e-39
0.0032659837082868936 6.682641790443747e-39
0.003342135273246469 7.142285005613022e-39
0.0034200624321353945 7.634180640645408e-39
0.0034998065857286074 8.160616180602087e-39
0.0035814101001254554 8.724042615503572e-39
0.003664916329257761 9.327085362426619e-39
0.0037503696379226933 9.972557366875285e-39
0.0038378154253526898 1.0663472070555339e-38
0.003927300149334948 1.1403057907276129e-38
0.004018871350893299 1.2194773850657372e-38
0.00411257767954558 1.3042325383569082e-38
0.004208468919149921 1.3949682872286337e-38
0.004306596014353682 1.4921099778819103e-38
0.004407011097659079 1.5961133322201058e-38
0.004509767517119906 1.707466624702341e-38
0.004614919864684026 1.8266929707278572e-38
0.004722524005196735 1.9543528562744852e-38
0.004832637106080367 2.091046805496332e-38
0.004945317667705937 2.2374182205273942e-38
0.005060625554472947 2.394156466765154e-38
0.005178622026613854 2.5620001691918716e-38
0.005299369772740128 2.741740722771851e-38
0.005422932943147155 2.93422606440362e-38
0.0055493771838957115 3.1403647259586843e-38
0.00567876967168809 3.361130169342131e-38
0.005811179149557424 3.5975654310207046e-38
0.0059466759633891655 3.8507880948514326e-38
0.006085332099294114 4.121995627741954e-38
0.006227221221852859 4.412471096120267e-38
0.006372418713251954 4.723589291731189e-38
0.006521001713332612 5.056823295772947e-38
0.006673049160573193 5.413751510549597e-38
0.006828641834027273 5.79606519488653e-38
0.006987862396239558 6.205576539680563e-38
0.00715079543716245 6.644227320851139e-38
0.007317527519096606 7.114098174244896e-38
0.007488147222679345 7.617418533574409e-38
0.007662745193945353 8.156577279267112e-38
0.007841414192484688 8.734134147519135e-38
0.008024249140723652 9.352831955669852e-38
0.008211347174354735 1.0015609704063013e-37
0.008402807693942412 1.0725616620549173e-37
0.008598732417732204 1.1486227209291166e-37
0.008799225435691074 1.2301057368184496e-37
0.009004393264807849 1.3173981660485515e-37
0.009214344905683071 1.4109151840061273e-37
0.009429191900438323 1.511101668453362e-37
0.009649048391975805 1.6184343244415054e-37
0.009874031184619632 1.7334239650163847e-37
0.010104259806171096 1.856617949413707e-37
0.01033985657141083 1.9886028012121463e-37
0.010580946647081629 2.130007009453731e-37
0.010827658118386449 2.281504035061943e-37
0.011080122057036918 2.443815527172314e-37
0.011338472590888495 2.61771477457666e-37
0.01160284697519928 2.8040304003865855e-37
0.01187338566555036 3.0036503233150183e-37
0.012150232392466372 3.217526003085427e-37
0.012433534237775993 3.446676987678996e-37
0.01272344171275288 3.6921957871038777e-37
0.013020108838078586 3.955253096675273e-37
0.013323693225669961 4.237103393805181e-37
0.013634356162414448 4.539090934822057e-37
0.013952262695857842 4.862656181853821e-37
0.014277581721889965 5.2093426899854315e-37
0.014610486074474885 5.580804486640745e-37
0.014951152617473332 5.978813979605735e-37
0.015299762338606094 6.405270431630768e-37
0.015656500445608335 6.862209041025495e-37
0.016021556464625875 7.351810672958635e-37
0.016395124340905766 7.87641228725221e-37
0.016777402541834602 8.438518111831496e-37
0.017168594162379338 9.040811618035669e-37
0.01756890703298664 9.68616835078419e-37
0.017978553829998065 1.037766967989262e-36
0.01839775218863974 1.1118617533266593e-36
0.01882672481864659 1.1912550186895216e-36
0.01926569962258253 1.2763259184197567e-36
0.019714909816919448 1.3674807467180129e-36
0.020174594055939365 1.4651548804989103e-36
0.02064499655852557 1.569814861392583e-36
0.021126367237910063 1.681960626807842e-36
0.021618961834446313 1.8021279006497808e-36
0.02212304205147776 1.9308907552839917e-36
0.022638875694374342 2.0688643568225146e-36
0.0231667368128109 2.2167079070848696e-36
0.02370690584636297 2.3751277959569136e-36
0.024259669773497434 2.5448809797138773e-36
0.024825322264037063 2.7267786009198707e-36
0.025404163835180054 2.9216898677567933e-36
0.025996502011157406 3.130546210819816e-36
0.026602651486612925 3.3543457377124584e-36
0.027222934293792744 3.5941580064383404e-36
0.027857679973633073 3.851129140580001e-36
0.02850722575083718 4.1264873106629734e-36
0.02917191671303455 4.421548607946798e-36
0.029852105994117403 4.737723338739326e-36
0.030548154961852016 5.076522769298411e-36
0.031260433409864494 5.439566353711221e-36
0.031989319754103004 5.8285894790969996e-36
0.0327352012338808 6.245451765413184e-36
0.03349847411760691 6.692145959426203e-36
0.034279543913313774 7.170807465413155e-36
0.03507882558409363 7.683724558191294e-36
0.03589674376855814 8.233349327319132e-36
0.03673373300643846 8.822309404841366e-36
0.037590237969445384 9.453420532630287e-36
0.038466713697512506 1.0129700029412565e-35
0.03936362584054766 1.0854381222012103e-35
0.04028145090582124 1.1630928909694407e-35
0.04122067651112274 1.2463055935651562e-35
0.04218180164382002 1.3354740944888448e-35
0.043165336925959 1.431024741341507e-35
0.044171804885544536 1.5334144039804335e-35
0.04520174023414663 1.6431326596605874e-35
0.046255690150979495 1.7607041346151616e-35
0.047334214573604344 1.8866910132741833e-35
0.048437886495410414 2.021695727125423e-35
0.04956729227003216 2.1663638360746307e-35
0.05072303192286451 2.3213871160882166e-35
0.051905719469841495 2.4875068678849847e-35
0.05311598324364777 2.665517462506938e-35
0.05435446622753626 2.856270140722609e-35
0.05562182639692926 3.0606770844343087e-35
0.056918737068984544 3.2797157795669543e-35
0.058245887260312136 3.514433691304185e-35
0.05960398205303182 3.7659532740313743e-35
0.06099374296936585 4.0354773399491476e-35
0.06241590835496589 4.324294812034194e-35
0.06387123377117784 4.6337868888600194e-35
0.06536049239645289 4.965433650774343e-35
0.06688447543711816 5.3208211390136e-35
0.06844399254772507 5.7016489416068e-35
0.0700398722611988 6.109738322522452e-35
0.0716729624290174 6.547040932489773e-35
0.07334413067165428 7.015648143274738e-35
0.07505426483952363 7.517801051273657e-35
0.07680427348467332 8.055901196219347e-35
0.07859508634347626 8.63252204699995e-35
0.08042765483057629 9.250421311012365e-35
0.08230295254435131 9.912554124079268e-35
0.08422197578416211 1.062208718381508e-34
0.08618574407966152 1.1382413896267544e-34
0.08819530073244539 1.2197170606372212e-34
0.09025171337033296 1.3070253989337887e-34
0.09235607451457113 1.4005839688788422e-34
0.09450950216026408 1.5008402287917268e-34
0.09671314037033632 1.6082736711180703e-34
0.09896815988334524 1.7233981157119312e-34
0.10127575873546546 1.846764167409169e-34
0.10363716289697593 1.978961849484371e-34
0.10605362692358762 2.1206234255685464e-34
0.10852643462295801 2.272426423698208e-34
0.11105689973674641 2.435096876744057e-34
0.11364636663857243 2.609412795048487e-34
0.11629621104824843 2.7962078872420772e-34
0.1190078407626656 2.996375547749624e-34
0.12178269640372161 3.210873129698837e-34
0.12462225218368743 3.440726523683232e-34
0.1275280166884199 3.6870350642500897e-34
0.13050153367883624 3.9509767876659905e-34
0.1335443829110759 4.233814066228973e-34
0.13665818097578622 4.536899645582326e-34
0.13984458215697693 4.861683114532341e-34
0.14310527931090045 5.209717837730891e-34
0.14644200476542463 5.58266838476463e-34
0.14985653124037576 5.9823184910793695e-34
0.15335067278934078 6.410579588987143e-34
0.1569262857634292 6.869499948958918e-34
0.1605852697975066 7.3612744748738795e-34
0.16432956881942368 7.888255202085133e-34
0.16816117208277714 8.452962545020215e-34
0.172082115223751 9.058097350811754e-34
0.1760944813425998 9.706553816242553e-34
0.1802004021103484 1.0401433328082809e-33
0.18440205890129596 1.1146059294872347e-33
0.18870168395192646 1.1943993040345928e-33
0.1931015615468407 1.2799050834412666e-33
0.1976040292323402 1.3715322143110107e-33
0.20221147905830805 1.4697189184210992e-33
0.20692635884904578 1.574934788348263e-33
0.21175117350374192 1.6876830331131643e-33
0.2166884863272632 1.808502884463777e-33
0.22174092039197504 1.937972175281981e-33
0.22691115993131514 2.0767101029836384e-33
0.23220195176586036 2.2253801899203242e-33
0.2376161067626448 2.3846934566384163e-33
0.24315650132850383 2.5554118213157994e-33
0.24882607893823822 2.738351743110534e-33
0.25462785169840935 2.934388125905358e-33
0.2605649019475973 3.144458501813165e-33
0.26664038389397104 3.369567513401044e-33
0.27285752529104135 3.6107917176777144e-33
0.2792196291524867 3.8692847325119797e-33
0.2857300755069626 4.146282752875793e-33
0.2923923231938275 4.4431104605690536e-33
0.2992099117007387 4.7611873573267385e-33
0.3061864630440946 5.102034551212084e-33
0.31332568369332287 5.467282028391012e-33
0.32063136654003577 5.858676445181439e-33
0.3281073929131 6.278089477753064e-33
0.3357577346406907 6.727526769197406e-33
0.343586456160426 7.209137516627304e-33
0.3515977166787018 7.725224744269083e-33
0.359795772380376 8.278256311425725e-33
0.368184978689974 8.870876707875576e-33
0.3767697925856183 9.505919692789776e-33
0.38555477496691104 1.0186421840589867e-32
0.394544593078027 1.0915637047339668e-32
0.4037440229873054 1.1697052087859786e-32
0.4131579521246571 1.2534403272712044e-32
0.42279138187813525 1.343169430514673e-32
0.43264943025104924 1.4393215410694626e-32
0.4427373345810337 1.542356383655013e-32
0.4530604543225162 1.6527665816131995e-32
0.4636242738940635 1.7710800104265665e-32
0.47443440559211736 1.8978623197613556e-32
0.48549659257266914 2.0337196352314166e-32
0.4968167119024568 2.179301453899403e-32
0.5084007776813051 2.3353037465858198e-32
0.5202549442372687 2.502472281896614e-32
0.5323855093962742 2.681606187774466e-32
0.5447989178279997 2.8735617677731707e-32
0.557501764469769 3.0792565898721917e-32
0.5705007980302781 3.299673867708462e-32
0.5838029245750183 3.535867154649785e-32
0.5974152111952977 3.7889653732564644e-32
0.6113448897628128 4.0601782047598333e-32
0.6255993607717623 4.350801861220602e-32
0.6401861972705483 4.662225273609354e-32
0.6551131488851486 4.995936718584922e-32
0.6703881459363026 5.353530920655712e-32
0.686019303652694 5.736716659045502e-32
0.7020149264823721 6.147324920733651e-32
0.7183835125046995 6.58731763321963e-32
0.7351337579451718 7.05879702011443e-32
0.7522745617955077 7.56401563129568e-32
0.7698150305414633 8.105387056673302e-32
0.7877644830008832 8.685497506410625e-32
0.8061324552745581 9.307118042197968e-32
0.8249287058125218 9.97321770745447e-32
0.8441632205984669 1.068697804260433e-31
0.8638462184550629 1.1451807890000656e-31
0.8839881564729563 1.2271359684468308e-31
0.9045997355663667 1.314954675117983e-31
0.9256919061582187 1.4090562316473832e-31
0.9472758739978306 1.5098899205116133e-31
0.9693631061142522 1.6179371027146687e-31
0.9919653369084147 1.7337135586915867e-31
1.0150945743873274 1.8577718893485556e-31
1.0387631065436362 1.9907041755743996e-31
1.0629835078839296 2.133144782401342e-31
1.0877686461092637 2.2857733753307044e-31
1.1131316889514546 2.449318148833869e-31
1.1390861111687691 2.6245592871278717e-31
1.16564570170473 2.8123326626046615e-31
1.1928245710138414 3.013533810975216e-31
1.2206371585581264 3.2291221739147914e-31
1.2490982404784545 3.460125652091391e-31
1.2782229374447416 3.7076454763900704e-31
1.3080267226891875 3.972861429751308e-31
1.3385254302268237 4.257037430579995e-31
1.369735263267732 4.56152752036693e-31
1.4016728028254128 4.88778226970489e-31
1.4343550165258654 5.237355639155482e-31
1.4677992676220706 5.611912326068367e-31
1.5020233242186567 6.013235627642217e-31
1.5370453687116559 6.443235863572781e-31
1.5728840074483612 6.90395938939286e-31
1.6095582806124205 7.397598247313487e-31
1.6470876723394143 7.926500496949527e-31
1.6854921210682972 8.493181273178478e-31
1.7247920301341966 9.100334622513805e-31
1.7650082786082029 9.750846171698464e-31
1.8061622323899016 1.0447806685709845e-30
1.848275755558551 1.1194526577907154e-30
1.8913712219889245 1.1994551437732048e-30
1.935471527238 1.2851678644894451e-30
1.9806001007088037 1.3769975146676335e-30
2.0267809180978715 1.4753796443831292e-30
2.0740385141329463 1.5807807080988538e-30
2.1223979956076717 1.693700225600778e-30
2.171885054720213 1.8146730998684278e-30
2.222525982722885 1.9442721525119925e-30
2.274347683890048 2.0831107241345593e-30
2.327377689811681 2.2318455833012113e-30
2.3816441740202396 2.391179938879391e-30
2.437175966958554 2.561866690173733e-30
2.4940025712967335 2.7447119182173076e-30
2.552154177606206 2.9405786100412254e-30
2.611661680399223 3.1503906327111266e-30
2.6725566945423505 3.375136976413152e-30
2.7348715720526675 3.615876298666732e-30
2.7986394192855935 3.873741773038859e-30
2.863894114523477 4.149946270243378e-30
2.9306703259742912 4.445787893692429e-30
2.999003530189995 4.76265588714001e-30
3.068930030914351 5.102036924002962e-30
3.1404869783702067 5.465521896241462e-30
3.21371238899649 5.8548130459206564e-30
3.2886451656454048 6.271731650728122e-30
3.3653251182505572 6.718226223577159e-30
3.443792984976987 7.196381224854892e-30
3.5240904538643507 7.708426377133021e-30
3.6062601849747473 8.256746587047268e-30
3.6903458330569543 8.84389252422729e-30
3.77639207073912 9.472591893219478e-30
3.8644446122622242 1.0145761442494095e-29
3.9545502377669295 1.0866519755023058e-29
4.046756818146711 1.1638200847965038e-29
4.141113340480481 1.2464368810682643e-29
4.237669934058216 1.3348832770373976e-29
4.336477897013409 1.4295664046472664e-29
4.437589723576497 1.5309212925740594e-29
4.541059131963759 1.639412751609419e-29
4.646941092916466 1.755537338542053e-29
4.755291858905486 1.8798254483631823e-29
4.866168994016832 2.0128435352953791e-29
4.979631404534034 2.1551964690987012e-29
5.0957393702336 2.3075300352245174e-29
5.214554576410165 2.4705335830971904e-29
5.336140146648369 2.6449428322450433e-29
5.4605606763588606 2.83154285180666e-29
5.587882267096237 3.031171190225609e-29
5.718172561677172 3.2447212150913865e-29
5.851500780117376 3.473145616863944e-29
5.987937756406471 3.717460169243305e-29
6.127555976140354 3.978747547353582e-29
6.270429615030991 4.2581615271217795e-29
6.416634578314149 4.556931383536061e-29
6.566248541075969 4.876366363073126e-29
6.719350989519823 5.21786060816669e-29
6.87602326319537 5.58289813591167e-29
7.036348598212252 5.973058278054179e-29
