results/limits/Stanford_f_6_phase.dat
# %ECSV 1.0
# ---
# datatype:
# - {name: mx, unit: MeV, datatype: float64}
# - {name: sigma_6, unit: cm2, datatype: float64}
# schema: astropy-2.0
mx sigma_6
3.162277660168379e-07 3.8164816560806654e-29
3.2360111549336787e-07 4.1798827882764865e-29
3.311463862505236e-07 4.578156133609208e-29
3.388675869043115e-07 5.0146590343542303e-29
3.4676881953794695e-07 5.493072582357676e-29
3.548542818811901e-07 6.01743286293395e-29
3.6312826954049566e-07 6.592165215172767e-29
3.715951782811629e-07 7.22212179991786e-29
3.8025950636269697e-07 7.912622794795083e-29
3.89125856928623e-07 8.66950156657669e-29
3.9819894045202297e-07 9.499154204891283e-29
4.0748357723809307e-07 1.0408593838476422e-28
4.169846999850535e-07 1.140551019578788e-28
4.2670735640476865e-07 1.2498334916380705e-28
4.3665671190447213e-07 1.3696313168403953e-28
4.4683805233101997e-07 1.5009582181190792e-28
4.572567867791303e-07 1.644925736066496e-28
4.6791845046510194e-07 1.8027526719889286e-28
4.788287076675383e-07 1.975775442770307e-28
4.899933547366384e-07 2.16545943559496e-28
5.014183231736547e-07 2.373411459091561e-28
5.131096827821533e-07 2.6013933967748417e-28
5.250736448927506e-07 2.851337178892495e-28
5.373165656630395e-07 3.1253611999986172e-28
5.4984494945446e-07 3.4257883218652695e-28
5.626654522879044e-07 3.755165614835057e-28
5.757848853798981e-07 4.116286005496967e-28
5.892102187612295e-07 4.512212014783079e-28
6.029485849799565e-07 4.946301788363343e-28
6.17007282890752e-07 5.422237640713428e-28
6.313937815326057e-07 5.944057355604464e-28
6.461157240969403e-07 6.5161885092223805e-28
6.611809319882495e-07 7.1434861078001265e-28
6.765974089794179e-07 7.8312738598938655e-28
6.923733454639272e-07 8.715659831020003e-28
7.085171228072106e-07 9.555052515235274e-28
7.250373177994646e-07 1.0475403864120153e-27
7.419427072122865e-07 1.1484527648984852e-27
7.592422724615558e-07 1.2590992045663514e-27
7.769452043790388e-07 1.380419248276866e-27
7.950609080952509e-07 1.5134431525039668e-27
8.135990080361694e-07 1.6593006471152278e-27
8.325693530364543e-07 1.8192305411077086e-27
8.519820215718901e-07 1.9945912559908238e-27
8.718473271138315e-07 2.1868723764099752e-27
8.921758236084957e-07 2.3977073162487492e-27
9.12978311084014e-07 2.6288872079391583e-27
9.342658413882192e-07 2.8823761331098375e-27
9.560497240602198e-07 3.1603278241195743e-27
9.78341532338879e-07 3.465103978521866e-27
1.0011531093113902e-06 3.799294342235802e-27
1.0244965742052174e-06 4.165738732236563e-27
1.048384328826741e-06 4.567551186077677e-27
1.0728290641500308e-06 5.008146443648724e-27
1.0978437670592484e-06 5.491268986408366e-27
1.1234417272482566e-06 6.021024881076768e-27
1.149636544281106e-06 6.601916698646964e-27
1.1764421348171486e-06 7.238881805708982e-27
1.2038727400046132e-06 7.937334353776995e-27
1.2319429330465773e-06 8.703211323757328e-27
1.2606676269433496e-06 9.543023017203306e-27
1.2900620824153782e-06 1.0463908423791242e-26
1.3201419160108953e-06 1.1473695935977375e-26
1.3509231084026028e-06 1.2580969927210479e-26
1.38242201287781e-06 1.3795143760030447e-26
1.4146553640265304e-06 1.5126539844993614e-26
1.447640286632156e-06 1.658647743139203e-26
1.4813943047694329e-06 1.8187368876480954e-26
1.5159353511145682e-06 1.9942825212012806e-26
1.5512817764724183e-06 2.1867771906028457e-26
1.587452359525819e-06 2.3978575804527155e-26
1.6244663168122348e-06 2.6293184332640937e-26
1.6623433129330315e-06 2.8831278139472994e-26
1.7011034710007933e-06 3.1614438484755204e-26
1.740767383330235e-06 3.466633079119227e-26
1.7813561223783898e-06 3.801290592362745e-26
1.8228912519398869e-06 4.168262090704769e-26
1.8653948386032614e-06 4.570668096084952e-26
1.908889463474389e-06 5.011930490783142e-26
1.9533982341732686e-06 5.495801621556555e-26
1.9989447971105317e-06 6.026396214547662e-26
2.045553350050195e-06 6.608226372430867e-26
2.0932486549653353e-06 7.24623995145097e-26
2.1420560511935146e-06 7.945862644779816e-26
2.192001468898943e-06 8.713044130150883e-26
2.2431114428485372e-06 9.554308674242314e-26
2.2954131265091837e-06 1.047681062424972e-25
2.3489343064737076e-06 1.1488395258646615e-25
2.403703417223201e-06 1.2597665514656773e-25
2.4597495562335635e-06 1.381405516001304e-25
2.5171024994342686e-06 1.514790903137052e-25
2.575792717027583e-06 1.6610571021800453e-25
2.635851389676631e-06 1.821448056577565e-25
2.6973104250709106e-06 1.9973278442241846e-25
2.760202474878063e-06 2.190192279572119e-25
2.8245609520908932e-06 2.4016816362181087e-25
2.8904200487788716e-06 2.633594598183742e-25
2.9578147542535346e-06 2.8879035585444995e-25
3.026780873657441e-06 3.166771395521365e-25
3.097355046986562e-06 3.4725698687286323e-25
3.1695747685562034e-06 3.8078997920371e-25
3.2434784069208122e-06 4.1756131546209995e-25
3.319105225258239e-06 4.578837378343299e-25
3.3964954022292982e-06 5.021001917763816e-25
3.4756900533236943e-06 5.50586742904736e-25
3.5567312527036693e-06 6.037557755802692e-25
3.6396620555569646e-06 6.620595003917075e-25
3.7245265209709786e-06 7.259938003720051e-25
3.811369735340273e-06 7.961024486509115e-25
3.900237836319859e-06 8.72981733422929e-25
3.991178037336996e-06 9.572855295602935e-25
4.0842386526745176e-06 1.0497308600034764e-24
4.179469123139017e-06 1.1511039942253696e-24
4.2769200423275275e-06 1.2622671356380296e-24
4.376643183506652e-06 1.3841657548133688e-24
4.478691527118417e-06 1.5178366308731975e-24
4.583119288927478e-06 1.6644166694550296e-24
4.689981948824612e-06 1.8251525722214215e-24
4.799336280301815e-06 2.0014114401602722e-24
4.911240380614659e-06 2.1946924008394736e-24
5.0257537016479225e-06 2.4066393584944077e-24
5.142937081500915e-06 2.6390549753737504e-24
5.262852776809252e-06 2.893916003252302e-24
5.385564495820272e-06 3.1733900954393722e-24
5.511137432239651e-06 3.479854242314812e-24
5.639638299867211e-06 3.81591498710034e-24
5.771135368040315e-06 4.184430593782433e-24
5.905698497903673e-06 4.588535355708875e-24
6.043399179524854e-06 5.0316662515202875e-24
6.184310569875183e-06 5.517592175096018e-24
6.32850753169624e-06 6.050445988042138e-24
6.47606667327258e-06 6.634759667248582e-24
6.627066389131828e-06 7.275502846380662e-24
6.781586901693754e-06 7.97812507892347e-24
6.939710303890459e-06 8.748602182221653e-24
7.101520602780329e-06 9.593487056424285e-24
7.267103764178904e-06 1.0519965410440158e-23
7.436547758330399e-06 1.1535916868623274e-23
7.609942606644117e-06 1.2649981977741591e-23
7.787380429520604e-06 1.387163568380288e-23
7.968955495292936e-06 1.5211267903312117e-23
8.15476427030917e-06 1.6680271874084674e-23
8.344905470182516e-06 1.8291141036216792e-23
8.539480112236516e-06 2.005757526738487e-23
8.738591569173047e-06 2.1994597374511177e-23
8.942345623991688e-06 2.4118680832934485e-23
9.150850526189614e-06 2.644788985805204e-23
9.364217049271877e-06 2.9002033000178723e-23
9.58255854960264e-06 3.1802831567814863e-23
9.805991026628606e-06 3.4874104311059986e-23
1.0034633184506672e-05 3.824196993381416e-23
1.0268606495168497e-05 4.1935069156376825e-23
1.0508035262855554e-05 4.598480821482376e-23
1.07530466901589e-05 5.042562586646353e-23
1.1003770945598772e-05 5.529528616939882e-23
1.1260341232779899e-05 6.063519952429021e-23
1.1522893861159297e-05 6.64907747048235e-23
1.1791568318464117e-05 7.291180486809091e-23
1.206650734479802e-05 7.995289082344892e-23
1.2347857008475478e-05 8.767390515434209e-23
1.263576678362426e-05 9.61405011359886e-23
1.293038962959737e-05 1.054246707702699e-22
1.3231882072236462e-05 1.156053566764212e-22
1.3540404287030327e-05 1.267691230340778e-22
1.3856120184212054e-05 1.3901089127330164e-22
1.4179197495840522e-05 1.5243474676125258e-22
1.4509807864912299e-05 1.671548233277275e-22
1.484812693655133e-05 1.8329627314238946e-22
1.5194334451324849e-05 2.00996330175081e-22
1.5548614340735104e-05 2.2040547626000035e-22
1.5911154824937624e-05 2.416887196624299e-22
1.6282148512737936e-05 2.650269969970995e-22
1.6661792503919872e-05 2.906187103822303e-22
1.7050288493959805e-05 3.1868141288481267e-22
1.7447842881182494e-05 3.4945365653237984e-22
1.785466687641539e-05 3.8319701858047913e-22
1.8270976615199758e-05 4.20198323200378e-22
1.869699327261814e-05 4.607720774378448e-22
1.91329431807992e-05 5.052631420755203e-22
1.957905794916243e-05 5.540496600475204e-22
2.003557458746648e-05 6.075462672104939e-22
2.0502735631726606e-05 6.662076126768728e-22
2.0980789273068064e-05 7.305322185288912e-22
2.1469989489583918e-05 8.010667115957223e-22
2.1970596181267336e-05 8.784104631348749e-22
2.2482875308090033e-05 9.632206756706148e-22
2.3007099031300245e-05 1.0562179600699433e-21
2.354354585801526e-05 1.1581924500137519e-21
2.4092500789185385e-05 1.2700105056081253e-21
2.4654255471007912e-05 1.392622062813455e-21
2.5229108349871537e-05 1.5270686908326529e-21
2.5817364830913554e-05 1.6744924255397102e-21
2.641933744027406e-05 1.8361454536404082e-21
2.7035345991133382e-05 2.013400729291482e-21
2.7665717753620915e-05 2.2077636128424265e-21
2.8310787628685666e-05 2.4208846300333324e-21
2.8970898326020842e-05 2.654573459150284e-21
2.964640054613707e-05 2.9108142642446033e-21
3.033765316668089e-05 3.191782503636053e-21
3.104502343309761e-05 3.499863355404496e-21
3.176888715373972e-05 3.8376719149927785e-21
3.25096288995246e-05 4.208075335097825e-21
3.326764220824756e-05 4.614217094209194e-21
3.4043329793658724e-05 5.059543597668864e-21
3.483710375941493e-05 5.547833335280928e-21
3.5649385818020195e-05 6.083228840361805e-21
3.648060751487119e-05 6.670271718227642e-21
3.73312104575266e-05 7.313941038925622e-21
3.820164655032238e-05 8.019695415181708e-21
3.90923782344573e-05 8.79351911951397e-21
4.0003878733676586e-05 9.641972625369873e-21
4.093663230568398e-05 1.0572247996590118e-20
4.1891134499415887e-05 1.1592229587773728e-20
4.2867892418314344e-05 1.2710560562813331e-20
4.386742498973848e-05 1.3936715787297678e-20
4.489026324065786e-05 1.5281081702889636e-20
4.5936950579773975e-05 1.675504384855891e-20
4.700804308621986e-05 1.8371082759382306e-20
4.8104109804991236e-05 2.0142879037721283e-20
4.922573304926602e-05 2.2085428473181347e-20
5.0373508709772956e-05 2.4215168164026493e-20
5.154804657137365e-05 2.655011468692767e-20
5.27499706370262e-05 2.9110015459298176e-20
5.397991945930254e-05 3.191651454520249e-20
5.5238546479635675e-05 3.499333427500983e-20
5.6526520375476976e-05 3.8366474174602627e-20
5.784452541554797e-05 4.2064428845859325e-20
5.9193261823375433e-05 4.611842658481543e-20
6.057344614930286e-05 5.056269070104311e-20
6.198581165117595e-05 5.543472567604031e-20
6.34311086839044e-05 6.077563050174207e-20
6.491010509810695e-05 6.663044176031503e-20
6.642358664805138e-05 7.304850923557062e-20
6.797235740910648e-05 8.008390711394811e-20
6.955724020492732e-05 8.779588410831612e-20
7.117907704460117e-05 9.62493561557434e-20
7.283872956998614e-05 1.0551544565118593e-19
7.453707951348025e-05 1.156720715817345e-19
7.627502916646401e-05 1.26804595287442e-19
7.805350185866558e-05 1.3900652702419048e-19
7.987344244870308e-05 1.523802989848569e-19
8.173581782606456e-05 1.6703811090712312e-19
8.364161742479263e-05 1.8310285501961248e-19
8.559185374914618e-05 2.007091276118549e-19
8.758756291151902e-05 2.2000433520278943e-19
8.96298051829007e-05 2.4114990402631003e-19
9.17196655561724e-05 2.6432260226763935e-19
9.385825432253677e-05 2.8971598533457284e-19
9.604670766138824e-05 3.1754197544616497e-19
9.828618824393714e-05 3.4803258764284916e-19
0.00010057788585090809 3.8144181555517884e-19
0.00010292301800464121 4.180476913001497e-19
0.00010532283061593165 4.581545352133316e-19
0.00010777859864595113 5.020954123800445e-19
0.00011029162678360347 5.502348145179138e-19
0.00011286325013867351 6.029715871076758e-19
0.00011549483495113791 6.607421236638576e-19
0.00011818777931701482 7.240238505307389e-19
0.0001209435139311377 7.933390279124818e-19
0.00012376350284724815 8.692588944690894e-19
0.00012664924425581149 9.524081855363195e-19
0.00012960227127996844 1.0434700572062046e-18
0.00013262415279004548 1.143191451019638e-18
0.00013571649423705693 1.2523889369560932e-18
0.0001388809385056415 1.371955075252029e-18
0.00014211916678688624 1.5028653406515628e-18
0.00014543289947150178 1.646185656220849e-18
0.0001488238970638237 1.8030805871389275e-18
0.00015229396111712465 1.9748222485239896e-18
0.00015584493519073535 2.16279998598007e-18
0.00015947870582948208 2.3685308906201654e-18
0.00016319720356596128 2.5936712156458877e-18
0.00016700240394618395 2.8400287652790083e-18
0.00017089632857913436 3.1095763323128765e-18
0.000174881046210801 3.4044662650559937e-18
0.00017895867382325032 3.727046249450036e-18
0.0001831313777593269 4.079876397373639e-18
0.00018740137487357792 4.4657477382005154e-18
0.00019177093371001327 4.8877022140662586e-18
0.000196242375707327 5.34905428834403e-18
0.00020081807643222024 5.853414277298907e-18
0.00020550046684148122 6.404713525309052e-18
0.0002102920345734925 7.007231545391018e-18
0.0002151953252698519 7.665625252593829e-18
0.00022021294392780895 8.384960426219083e-18
0.00022534755628423554 9.170745532086914e-18
0.0002306018902318662 1.0028968050842057e-17
0.00023597873726856003 1.0966133450465592e-17
0.0002414809539803547 1.1989306951683742e-17
0.0002471114635590999 1.3106158228547126e-17
0.00025287325735547713 1.4325009191090292e-17
0.00025876939646823026 1.565488499124098e-17
0.00026480301337045197 1.7105568388980668e-17
0.000270977313573789 1.8687657615488153e-17
0.00027729557733145163 2.041262784903173e-17
0.00028376116138093086 2.229289641851696e-17
0.0002903775007273506 2.4341891831870028e-17
0.00029714811046840066 2.6574126701133678e-17
0.00030407658766182135 2.9005274620143114e-17
0.00031116661323643183 3.165225102863799e-17
0.0003184219539477161 3.453329803428801e-17
0.00032584646437900766 3.766807317622719e-17
0.00033344408898933415 4.107774201454604e-17
0.0003412188642090111 4.4785074410799163e-17
0.0003491749205840977 4.881454431795175e-17
0.0003573164849708539 5.3192432776080616e-17
0.0003656478827813646 5.794693380248476e-17
0.0003741735402815245 6.31082627334413e-17
0.0003828979869426037 6.870876652182067e-17
0.000391825857847644 7.478303533571921e-17
0.000400961896153964 8.136801476407768e-17
0.0004103109556130814 8.8503117765759e-17
0.0004198780031493915 9.623033537578771e-17
0.00042966812149897106 1.0459434508886589e-16
0.000439686511909911 1.1364261562031577e-16
0.0004499384969056106 1.234255066657098e-16
0.00046042952311250296 1.339963620869782e-16
0.0004711651641537129 1.4541159481697573e-16
0.00048215112361018567 1.577307615411255e-16
0.0004933932380508582 1.7101662526957227e-16
0.0005048974801334842 1.8533520339149267e-16
0.0005166699617777604 2.0075579905572038e-16
0.0005287169374124361 2.1735101332550213e-16
0.0005410448072981404 2.3519673557519044e-16
0.0005536601209276797 2.5437210938340787e-16
0.0005665695805056229 2.749594712349514e-16
0.0005797800445090163 2.970442593508953e-16
0.0005932985313311235 3.207148896501463e-16
0.000607132223010125 3.4606259636784243e-16
0.0006212884690447563 3.7318123470589945e-16
0.0006357747902989163 4.0216704293048344e-16
0.0006505988829973161 4.331183617783277e-16
0.0006657686228142928 4.661353095896818e-16
0.0006812920690579615 5.013194108961067e-16
0.0006971774689519261 5.387731783476013e-16
0.0007134332620168255 5.785996462670488e-16
0.0007300680845540431 6.209018570026313e-16
0.0007470907742339592 6.6578229982971e-16
0.0007645103747911887 7.133423046271581e-16
0.0007823361408292924 7.636813918490381e-16
0.00080057754273752 8.168965819500537e-16
0.0008192442717221943 8.730816690772774e-16
0.0008383462449554094 9.323264626298735e-16
0.0008578936108437789 9.947160035280002e-16
0.0008778967544200344 1.0603297611780005e-15
0.000898366302860337 1.1292408190626428e-15
0.0009193131311302326 1.2015150572836669e-15
0.0009407483677622533 1.2772103409509586e-15
0.000962683400768232 1.3563757244585237e-15
0.000985129883689471 1.4390506811388868e-15
0.0010080997417879817 1.5252643698447406e-15
0.0010316051783820807 1.6150349485608874e-15
0.0010556586813297128 1.7083689456439018e-15
0.0010802730296629402 1.8052606979422567e-15
0.001105461300377127 1.9056918693598785e-15
0.0011312368753784248 2.009631054572627e-15
0.0011576134485932472 2.117033479117935e-15
0.0011846050332435167 2.227840802608101e-15
