results/limits/Stanford_l_N2only.dat
# %ECSV 1.0
# ---
# datatype:
# - {name: mx, unit: MeV, datatype: float64}
# - {name: sigma_10, unit: cm2, datatype: float64}
# - {name: sigma_9, unit: cm2, datatype: float64}
# - {name: sigma_7, unit: cm2, datatype: float64}
# - {name: sigma_6, unit: cm2, datatype: float64}
# - {name: sigma_5, unit: cm2, datatype: float64}
# - {name: sigma_4, unit: cm2, datatype: float64}
# - {name: sigma_3, unit: cm2, datatype: float64}
# - {name: sigma_2, unit: cm2, datatype: float64}
# schema: astropy-2.0
mx sigma_10 sigma_9 sigma_7 sigma_6 sigma_5 sigma_4 sigma_3 sigma_2
1e-05 3.268936036619581e-42 4.437785317347912e-42 1.5332007640864163e-41 1.373740294579115e-40 1.1311385744211216e-38 2.005829624325439e-36 8.156672678868493e-34 1.9610677151161685e-33
1.0186101701559753e-05 3.2159952217026765e-42 4.3692167503781214e-42 1.5194951949671203e-41 1.3886561651040141e-40 1.152967130875785e-38 2.0707077251113343e-36 8.606945968492502e-34 2.0719625953886975e-33
1.0375666787451848e-05 3.1639259251744536e-42 4.301743107213353e-42 1.5060272569838452e-41 1.4040194428788904e-40 1.1752444530428765e-38 2.138166250852186e-36 9.082562100389739e-34 2.189152767992607e-33
1.056875971184805e-05 3.1127136339778125e-42 4.235346576127321e-42 1.4927942451743733e-41 1.419838687321785e-40 1.1979808320412337e-38 2.208324220470684e-36 9.584957645329755e-34 2.312996061183579e-33
1.0765446128423159e-05 3.0623440789023214e-42 4.170009639222941e-42 1.4797935136791445e-41 1.43612258463981e-40 1.221186843210506e-38 2.2813066978161855e-36 1.0115650792121018e-33 2.443870650904036e-33
1.09657929126781e-05 3.012803230457567e-42 4.105715067534634e-42 1.4670224752574625e-41 1.4528799454012611e-40 1.2448733556475596e-38 2.3572451187633796e-36 1.0676245987910349e-33 2.5821762180005785e-33
1.1169868184678226e-05 2.964077294816814e-42 4.0424459162129995e-42 1.4544786008245562e-41 1.4701197020418886e-40 1.2690515421168088e-38 2.4362776367364366e-36 1.1268438842374501e-33 2.728335171257697e-33
1.1377741332214902e-05 2.9161527098296794e-42 3.98018551979042e-42 1.4421594190095448e-41 1.4878509063275485e-40 1.293732889350512e-38 2.5185494877180287e-36 1.1894021310813392e-33 2.88279393999134e-33
1.1589483034398118e-05 2.8690161411026866e-42 3.9189174875262394e-42 1.4300625157343822e-41 1.5060827267976697e-40 1.3189292087557754e-38 2.6042133758634333e-36 1.2554887172007157e-33 3.0460243401584987e-33
1.1805165285688056e-05 2.822654478146556e-42 3.858625698830203e-42 1.4181855338138695e-41 1.5248244462161358e-40 1.3446526475457772e-38 2.6934298809044767e-36 1.3253037817601e-33 3.218525018163996e-33
1.2024861420374123e-05 2.7770548305890002e-42 3.799294298762709e-42 1.4065261725768128e-41 1.544085459058326e-40 1.3709157003135663e-38 2.7863678885963333e-36 1.3990588370736983e-33 3.4008229767838295e-33
1.2248646137509308e-05 2.732204524452037e-42 3.74090769361078e-42 1.395082187508451e-41 1.5638752690649964e-40 1.3977312210675702e-38 2.8832050455320443e-36 1.476977415265696e-33 3.5934751878751406e-33
1.2476595526308685e-05 2.688091098492593e-42 3.683450546538261e-42 1.3838513899142618e-41 1.5842034868956319e-40 1.4251124357488935e-38 2.9841282397258736e-36 1.5592957517068224e-33 3.797070296809085e-33
1.2708787092020594e-05 2.6447023006053937e-42 3.62690777330914e-42 1.3728316466052753e-41 1.605079827915551e-40 1.4530729552514208e-38 3.08933410844707e-36 1.646263507318808e-33 4.0122304238433975e-33
1.294529978227916e-05 2.6020260842870594e-42 3.571264538082692e-42 1.3620208796050402e-41 1.626514110152512e-40 1.4816267889666408e-38 3.199029574870384e-36 1.7381445319572423e-33 4.239613067947949e-33
1.3186214013947486e-05 2.560050605160305e-42 3.516506249279198e-42 1.3514170658783838e-41 1.6485162524599152e-40 1.5107883588762695e-38 3.313432415199797e-36 1.835217671209297e-33 4.479913118910798e-33
1.3431611700460154e-05 2.518764217557307e-42 3.462618555515122e-42 1.3410182370821542e-41 1.6710962729245215e-40 1.5405725142166562e-38 3.4327718580163256e-36 1.9377776190753197e-33 4.733864983882752e-33
1.3681576279674705e-05 2.478155471161159e-42 3.4095873416065337e-42 1.3308224793380925e-41 1.6942642875573981e-40 1.5709945467402486e-38 3.557289217701399e-36 2.0461358191440552e-33 5.002244834869597e-33
1.3936192742241435e-05 2.4382131077044422e-42 3.3573987246395965e-42 1.3208279330280524e-41 1.7180305093070246e-40 1.6020702066004815e-38 3.6872385638928457e-36 2.1606214170195093e-33 5.285872984050818e-33
1.4195547660501015e-05 2.3989260577239613e-42 3.30603905010707e-42 1.3110327926117564e-41 1.7424052474334324e-40 1.6338157188876945e-38 3.8228874290423885e-36 2.2815822669142767e-33 5.585616394194921e-33
1.4459729217920196e-05 2.360283437370602e-42 3.255494888109562e-42 1.3014353064672865e-41 1.7673989072818498e-40 1.6662478008451132e-38 3.9645175562619034e-36 2.4093859954902587e-33 5.902391331855519e-33
1.4728827239075018e-05 2.3222745452734933e-42 3.205753029620631e-42 1.2920337767545794e-41 1.7930219904932917e-40 1.6993836797951137e-38 4.112425689769927e-36 2.544421126202395e-33 6.237166171468311e-33
1.5002933220192168e-05 2.2848888594574355e-42 3.1568004828144806e-42 1.2828265593021172e-41 1.8192850956883132e-40 1.733241111807597e-38 4.266924410382131e-36 2.6870982675867074e-33 6.590964358932017e-33
1.5282140360258708e-05 2.2481160343127354e-42 3.108624469455311e-42 1.2738120635171022e-41 1.8461989196582915e-40 1.7678384011437677e-38 4.428343018628444e-36 2.8378513691294115e-33 6.964867543743937e-33
1.556654359271062e-05 2.2119458976165756e-42 3.061212421347227e-42 1.264988752319364e-41 1.8737742590962832e-40 1.803194420510123e-38 4.5970284682263225e-36 2.9971390485606596e-33 7.360018889276523e-33
1.5856239617711373e-05 2.176368447604942e-42 3.0145519768436716e-42 1.2563551420992656e-41 1.9020220128969354e-40 1.8393286321593292e-38 4.773346352795361e-36 3.165445994635408e-33 7.777626571327553e-33
1.6151326935030895e-05 2.1413738500943793e-42 2.968630977415433e-42 1.2479098026999333e-41 1.930953185051569e-40 1.87626110987618e-38 4.957681948861726e-36 3.3432844496944046e-33 8.21896747565119e-33
1.6451905877536607e-05 2.1069524356526103e-42 2.9234374642761846e-42 1.2396513574240726e-41 1.9605788881610985e-40 1.914012561888896e-38 5.1504413183746145e-36 3.531195776543044e-33 8.685391105787932e-33
1.6758078645307688e-05 2.0730946968172413e-42 2.878959675064598e-42 1.2315784830657095e-41 1.9909103475854046e-40 1.9526043547478597e-38 5.352052474139533e-36 3.729752114443529e-33 9.178323713153892e-33
1.706994934038408e-05 2.039791285361733e-42 2.8351860405821223e-42 1.2236899099671803e-41 2.02195890624339e-40 1.9920585382159368e-38 5.5629666117662325e-36 3.9395581292885885e-33 9.699272662030569e-33
1.7387624002162504e-05 2.0070330096077805e-42 2.792105181585374e-42 1.2159844221016953e-41 2.0537360300733443e-40 2.0323978712167886e-38 5.783659411933581e-36 4.1612528633136175e-33 1.0249831042815885e-32
1.7711210643450867e-05 1.974810831783382e-42 2.7497059056323556e-42 1.2084608571818514e-41 2.0862533141582036e-40 2.0736458488896754e-38 6.0146324169883196e-36 4.3955116900080745e-33 1.0831682547655642e-32
1.804081928719381e-05 1.9431158654257574e-42 2.7079772039814995e-42 1.2011181067944336e-41 2.1195224895152193e-40 2.1158267308018194e-38 6.256414486122875e-36 4.643048380209638e-33 1.1446606623379057e-32
1.8376562003881724e-05 1.9119393728283793e-42 2.666908248542678e-42 1.193955116561895e-41 2.1535554305442773e-40 2.1589655703717915e-38 6.509563333617402e-36 4.904617285704579e-33 1.2096483917510271e-32
1.8718552949655793e-05 1.8812727625313615e-42 2.626488388879302e-42 1.186970886330889e-41 2.1883641631236777e-40 2.203088245560052e-38 6.774667154884835e-36 5.181015647017348e-33 1.2783302034024292e-32
1.906690840512252e-05 1.851107586854439e-42 2.5867071492606255e-42 1.1801644703882594e-41 2.2239608733370556e-40 2.2482214908856547e-38 7.052346345326575e-36 5.473086032453127e-33 1.3509161616465344e-32
1.9421746814890246e-05 1.8214355394718585e-42 2.5475542257634465e-42 1.1735349777048927e-41 2.260357916809695e-40 2.2943929308308663e-38 7.343255317288415e-36 5.7817189158577394e-33 1.4276282777045366e-32
1.978318882784162e-05 1.792248453028424e-42 2.509019483422343e-42 1.167081572207844e-41 2.2975678286276777e-40 2.341631114698734e-38 7.64808442070653e-36 6.107855400984973e-33 1.5087011891401438e-32
2.0151357338155584e-05 1.7635382967960088e-42 2.471092953427625e-42 1.1608034730811678e-41 2.335603333808441e-40 2.389965552991788e-38 7.96756197334877e-36 6.452490100809525e-33 1.5943828779809163e-32
2.052637752709252e-05 1.73529717436986e-42 2.4337648303702256e-42 1.1546999550958904e-41 2.3744773582869813e-40 2.439426755383448e-38 8.302456406890034e-36 6.816674180597845e-33 1.684935429683136e-32
2.09083769055575e-05 1.707517321403969e-42 2.3970254695326837e-42 1.1487703489695527e-41 2.414203040378077e-40 2.490046270357498e-38 8.653578535414004e-36 7.201518574051356e-33 1.7806358352633714e-32
2.1297485357455188e-05 1.6801911033849042e-42 2.360865384225504e-42 1.1430140417557913e-41 2.454793742671309e-40 2.5418567265945177e-38 9.021783953304559e-36 7.608197382364724e-33 1.881776839051682e-32
2.1693835183851823e-05 1.6533110134434006e-42 2.3252752431680993e-42 1.1374304772644053e-41 2.496263064313046e-40 2.5948918761884214e-38 9.407975569885174e-36 8.03795146660317e-33 1.9886678346613799e-32
2.209756114795903e-05 1.6268696702030818e-42 2.290245867913553e-42 1.1320191565123665e-41 2.5386248536271416e-40 2.649186639780342e-38 9.813106288579365e-36 8.49209224439365e-33 2.1016358119176567e-32
2.2508800520954618e-05 1.600859815665694e-42 2.2557682303164943e-42 1.1267796382062463e-41 2.5818932210247223e-40 2.7047771537015357e-38 1.0238181838804646e-35 8.972005702550214e-33 2.2210263576433533e-32
2.2927693128656486e-05 1.5752743131321754e-42 2.2218334500433028e-42 1.1217115392565177e-41 2.6260825521526306e-40 2.7617008192218256e-38 1.0684263769277507e-35 9.479156637915452e-33 2.347204713365216e-32
2.335438139906477e-05 1.5501061451590365e-42 2.188432792124019e-42 1.1168145353242253e-41 2.6712075212299512e-40 2.819996354004834e-38 1.1152472611895701e-35 1.0015093139397085e-32 2.480556893177799e-32
2.3789010410788956e-05 1.525348411549359e-42 2.1555576645451577e-42 1.1120883614004581e-41 2.717283104522812e-40 2.8797038458766206e-38 1.1643991225883814e-35 1.0581451324918447e-32 2.621490865186731e-32
2.4231727942376007e-05 1.5009943273779035e-42 2.123199615882832e-42 1.1075328124191365e-41 2.7643245939091116e-40 2.940864809019827e-38 1.2160068332434957e-35 1.1179960347780643e-32 2.770437800147325e-32
2.4682684522556925e-05 1.4770372210496585e-42 2.0913503329753924e-42 1.103147743903536e-41 2.8123476104869305e-40 3.003522242711203e-38 1.2702022250660656e-35 1.1812447687760204e-32 2.927853391120547e-32
2.5142033481427965e-05 1.45347053239135e-42 2.0600016386350563e-42 1.0989330726470572e-41 2.861368118183247e-40 3.0677206927264864e-38 1.327124484627171e-35 1.2480844743135556e-32 3.0942192481852287e-32
2.5609931002584567e-05 1.4302878107752848e-42 2.0291454893977452e-42 1.094888777428648e-41 2.9114024373230833e-40 3.1335063155431423e-38 1.3869205705060261e-35 1.3187192740758554e-32 3.270044372475638e-32
2.6086536176225506e-05 1.4074827132750025e-42 1.9987739733105617e-42 1.091014899763367e-41 2.962467258123252e-40 3.2009269454782347e-38 1.449745654393565e-35 1.3933648982260012e-32 3.4558667140560377e-32
2.6572011053245066e-05 1.3850490028521956e-42 1.96887930775625e-42 1.0873115446884833e-41 3.0145796540794046e-40 3.2700321649058395e-38 1.5157635872988458e-35 1.4722493445506401e-32 3.6522548184004333e-32
2.706652070033241e-05 1.3629805465743438e-42 1.939453837313995e-42 1.0837788815855681e-41 3.067757095220232e-40 3.340873377706223e-38 1.5851473922822e-35 1.5556135761514107e-32 3.8598095665173e-32
2.7570233256095827e-05 1.3412713138625702e-42 1.910490031655997e-42 1.0804171450389477e-41 3.122017461207726e-40 3.4135038861066667e-38 1.6580797852193923e-35 1.643712258817407e-32 4.07916601404506e-32
2.8083319988231698e-05 1.3199153747691856e-42 1.881980483479178e-42 1.0772266357309262e-41 3.177379054268243e-40 3.487978971082604e-38 1.7347537251866557e-35 1.7368145403356713e-32 4.310995334947602e-32
2.860595535175745e-05 1.298906898284403e-42 1.853917906471438e-42 1.0742077213741184e-41 3.233860611944682e-40 3.564355976496518e-38 1.8153729961463379e-35 1.835204874124945e-32 4.556006875759062e-32
2.9138317048327887e-05 1.2782401506717672e-42 1.8262951333119094e-42 1.0713608376812348e-41 3.291481319665859e-40 3.642694397161405e-38 1.9001528217082462e-35 1.939183889713513e-32 4.814950326665213e-32
2.9680586086656024e-05 1.2579094938317465e-42 1.7991051137045627e-42 1.0686864893726093e-41 3.3502608231350115e-40 3.7230559710258493e-38 1.989320514842557e-35 2.0490693127256176e-32 5.088618016067132e-32
3.0232946844057763e-05 1.237909383693077e-42 1.7723409124447147e-42 1.0661852512217518e-41 3.4102192405447105e-40 3.805504775687856e-38 2.0831161645263627e-35 2.1651969371920308e-32 5.377847335649748e-32
3.079558712914223e-05 1.2182343686313321e-42 1.7459957075177698e-42 1.063857769139128e-41 3.4713771746310393e-40 3.890107329456084e-38 2.1817933614186747e-35 2.2879216531609408e-32 5.683523303378249e-32
3.13686982456688e-05 1.1988790879142818e-42 1.72006278822974e-42 1.0617047612943727e-41 3.5337557245848398e-40 3.976932697188635e-38 2.2856199647775381e-35 2.4176185327543302e-32 6.006581272267007e-32
3.1952475057592136e-05 1.1798382701735815e-42 1.6945355533689628e-42 1.0597270192770521e-41 3.5973764978424937e-40 4.0660526011519506e-38 2.3948789129585615e-35 2.554683977993897e-32 6.348009793211757e-32
3.254711605531848e-05 1.1611067319023219e-42 1.6694075093984906e-42 1.0579254092960615e-41 3.6622616217830708e-40 4.1575415371557113e-38 2.5098690799673453e-35 2.6995369339099425e-32 6.708853640648129e-32
3.315282342319423e-05 1.1426793759780318e-42 1.6446722686786743e-42 1.0563008734176769e-41 3.728433755362306e-40 4.2514768962330453e-38 2.6309061806783414e-35 2.852620170645924e-32 7.090217010296619e-32
3.3769803108250876e-05 1.1245511902106832e-42 1.6203235477193893e-42 1.0548544308422149e-41 3.795916100717264e-40 4.347939092150389e-38 2.7583237274816357e-35 3.014401638483068e-32 7.493266898782146e-32
3.4398264890229283e-05 1.1067172459152594e-42 1.5963551654614354e-42 1.0535871792191772e-41 3.864732414778243e-40 4.447011695046582e-38 2.89247404127586e-35 3.1853758999323993e-32 7.919236675472381e-32
3.5038422452906755e-05 1.0891726965085085e-42 1.5727610415866124e-42 1.0525002960006892e-41 3.934907020926671e-40 4.5487815715171013e-38 3.0337293198914214e-35 3.366065643277281e-32 8.369429857467098e-32
3.56904934567523e-05 1.0719127761294125e-42 1.549535194855967e-42 1.0515950398329472e-41 4.0064648207395276e-40 4.6533390314768457e-38 3.182482767203908e-35 3.557023282199393e-32 8.845224099293767e-32
3.6354699612933176e-05 1.0549327982830283e-42 1.526671741475783e-42 1.0508727519852929e-41 4.079431305861765e-40 4.760777982152727e-38 3.339149786382452e-35 3.758832646383739e-32 9.348075409520004e-32
3.7031266758699235e-05 1.0382281545072572e-42 1.5041648934908053e-42 1.0503348578164525e-41 4.153832570049178e-40 4.871196089577026e-38 3.504169240914418e-35 3.9721107682775596e-32 9.879522607189722e-32
3.7720424934170016e-05 1.0217943130621802e-42 1.4820089572042687e-42 1.0499828682773443e-41 4.2296953214241656e-40 4.984694947972683e-38 3.6780047872545864e-35 4.197509771471802e-32 1.0441192031722915e-31
3.8422408460550606e-05 1.0056268176415646e-42 1.4601983316242673e-42 1.0498183814497596e-41 4.307046894986687e-40 5.101380257443192e-38 3.8611462831660534e-35 4.435718866484945e-32 1.1034802520694786e-31
3.913745601980384e-05 9.897212861061537e-43 1.4387275069360184e-42 1.0498430841200902e-41 4.385915265422378e-40 5.221362010402907e-38 4.0541112760519097e-35 4.68746646005814e-32 1.1662170670731062e-31
3.986581073580439e-05 9.740734092383984e-43 1.4175910629996064e-42 1.050058753387143e-41 4.466329060248559e-40 5.344754687207197e-38 4.257446575820818e-35 4.953522384417132e-32 1.232521639762058e-31
4.0607720257003697e-05 9.586789495182288e-43 1.3967836678727524e-42 1.0504672583029358e-41 4.54831757333814e-40 5.471677461467949e-38 4.4717299170888626e-35 5.234700253324708e-32 1.302596881266466e-31
4.1363436840632776e-05 9.435337399195528e-43 1.3763000763582216e-42 1.0510705615452296e-41 4.6319107788599715e-40 5.602254415566422e-38 4.6975717157929445e-35 5.531859952134535e-32 1.3766572433248555e-31
