results/limits/Stanford_l_phase.dat
# %ECSV 1.0
# ---
# datatype:
# - {name: mx, unit: MeV, datatype: float64}
# - {name: sigma_10, unit: cm2, datatype: float64}
# - {name: sigma_9, unit: cm2, datatype: float64}
# - {name: sigma_7, unit: cm2, datatype: float64}
# - {name: sigma_6, unit: cm2, datatype: float64}
# - {name: sigma_5, unit: cm2, datatype: float64}
# - {name: sigma_4, unit: cm2, datatype: float64}
# - {name: sigma_3, unit: cm2, datatype: float64}
# - {name: sigma_2, unit: cm2, datatype: float64}
# schema: astropy-2.0
mx sigma_10 sigma_9 sigma_7 sigma_6 sigma_5 sigma_4 sigma_3 sigma_2
[from data line 558]
0.12178269640372161 2.7174597117578134e-35 9.489820996517106e-32 2.9537752769794773e-24 2.95295457925991e-20 2.9519533644128176e-16 2.855117123225067e-12 4.0537867055286255e-09 1.0110860382524343e-08
0.12462225218368743 2.906144896775124e-35 1.0198769593251317e-31 3.23900840770684e-24 3.2381485019171714e-20 3.237050990958393e-16 3.130862376041673e-12 4.445298644231485e-09 1.1087360341173593e-08
0.1275280166884199 3.110363471642465e-35 1.0956408760492109e-31 3.55178718565094e-24 3.550886174698909e-20 3.5496830863335867e-16 3.4332388541430264e-12 4.874622449269224e-09 1.2158169776143845e-08
0.13050153367883624 3.331514619993563e-35 1.176609037820379e-31 3.89477188318978e-24 3.8938277759050363e-20 3.8925089333410035e-16 3.764818604954025e-12 5.345409995927361e-09 1.333239710971494e-08
0.1335443829110759 3.5711292469719246e-35 1.26314505838496e-31 4.270879741311062e-24 4.269890447539566e-20 4.2684446920273165e-16 4.128422126517364e-12 5.8616659176334525e-09 1.4620030605308371e-08
0.13665818097578622 3.830882472937777e-35 1.3556438031741385e-31 4.683309615774714e-24 4.682272941271753e-20 4.680688037354532e-16 4.527142196948262e-12 6.427781439779855e-09 1.6032022755019928e-08
0.13984458215697693 4.1126072821710303e-35 1.4545346290235661e-31 5.1355694445824444e-24 5.1344830855283955e-20 5.13274561705195e-16 4.96437043155633e-12 7.04857208637572e-09 1.758038432667292e-08
0.14310527931090045 4.4183094335405336e-35 1.5602846974344764e-31 5.631505635650906e-24 5.630367172973254e-20 5.628462429211352e-16 5.443825696735306e-12 7.7293180229973e-09 1.9278284986265202e-08
0.14644200476542463 4.750183741375293e-35 1.6734029065662493e-31 6.175336691100518e-24 6.174143584257114e-20 6.172055434724729e-16 5.969586619775097e-12 8.475810215260098e-09 2.1140168425355223e-08
0.14985653124037576 5.110631843884545e-35 1.7944436322823401e-31 6.771687798579478e-24 6.77043737929438e-20 6.768148136928187e-16 6.5461250341517365e-12 9.294397915512297e-09 2.3181870801266844e-08
0.15335067278934078 5.502281604375582e-35 1.9240113991144563e-31 7.425631324314055e-24 7.424320789666641e-20 7.421811060382374e-16 7.178345130437901e-12 1.0192044250551104e-08 2.542075938267664e-08
0.1569262857634292 5.928008272513477e-35 2.0627654898220294e-31 8.142729394074271e-24 8.141355799335528e-20 8.138604317263897e-16 7.871624626342324e-12 1.1176384676162897e-08 2.787587834556655e-08
0.1605852697975066 6.390957585545291e-35 2.2114251416614745e-31 8.929081254785783e-24 8.927641505825426e-20 8.924624952617262e-16 8.631860558843536e-12 1.2255791994260801e-08 3.0568110937453994e-08
0.16432956881942368 6.894570951750566e-35 2.3707752184873972e-31 9.791375280672518e-24 9.789866125867821e-20 9.78655893250592e-16 9.46551956691652e-12 1.3439447745910044e-08 3.352035754421285e-08
0.16816117208277714 7.442612951818562e-35 2.5416722772622774e-31 1.073694562241502e-23 1.0735363644141779e-19 1.0731737773698947e-15 1.0379692663533661e-11 1.4737419978368588e-08 3.6757729654814973e-08
0.172082115223751 8.039201302892012e-35 2.7250512999894253e-31 1.1773835109976483e-23 1.177217671551464e-19 1.1768201424753249e-15 1.1382156053989884e-11 1.616074959689231e-08 4.0307765237991457e-08
0.1760944813425998 8.688839586336598e-35 2.9219329278006603e-31 1.2910863184833253e-23 1.2909124596771672e-19 1.2904766174894348e-15 1.2481436817093874e-11 1.7721543620993425e-08 4.420066133982015e-08
0.1802004021103484 9.39645293410111e-35 3.1334311688692506e-31 1.4157700308103295e-23 1.415587755429568e-19 1.4151099036669989e-15 1.3686884847765945e-11 1.9433077330844366e-08 4.8469528854907295e-08
0.18440205890129596 1.016742697064906e-34 3.3607625621760418e-31 1.552495241595895e-23 1.5523041318488658e-19 1.5517802171961618e-15 1.500875451353052e-11 2.1309910205780174e-08 5.315068169749962e-08
0.18870168395192646 1.1007650321179397e-34 3.60525504710085e-31 1.70242486629101e-23 1.702224482678398e-19 1.7016500605488138e-15 1.6458289490657452e-11 2.33680063773684e-08 5.828393723272586e-08
0.1931015615468407 1.19235610259486e-34 3.868358482146885e-31 1.8668341318587577e-23 1.8666240119564634e-19 1.8659942087122558e-15 1.804781935058577e-11 2.5624871765905893e-08 6.391295831925297e-08
0.1976040292323402 1.292219719024927e-34 4.1516560237225785e-31 2.047121491946231e-23 2.0469011491039414e-19 2.04621062060551e-15 1.979086509469507e-11 2.80997039220663e-08 7.008562704083333e-08
0.20221147905830805 1.4011252339593857e-34 4.456876216113294e-31 2.244820388935814e-23 2.244589310908642e-19 2.2438321971076825e-15 2.1702252877474222e-11 3.08135534946962e-08 7.685444743552088e-08
0.20692635884904578 1.5199135860315978e-34 4.785906546509103e-31 2.4616123592103603e-23 2.461370006696515e-19 2.4605398818212924e-15 2.3798240716567575e-11 3.378950413779562e-08 8.427699421547193e-08
0.21175117350374192 1.6495039067447985e-34 5.140808377269775e-31 2.6993414630925e-23 2.6990872681683156e-19 2.6981770860554787e-15 2.609665801062152e-11 3.7052870602423754e-08 9.241640684316218e-08
0.2166884863272632 1.790900738955042e-34 5.52383269124558e-31 2.960029693308833e-23 2.959763057782582e-19 2.9587650920266817e-15 2.8617054518410526e-11 4.0631410262032124e-08 1.0134191711294618e-07
0.22174092039197504 1.9452019309862768e-34 5.937438142623004e-31 3.2458944834465554e-23 3.2456147770857323e-19 3.244520555299814e-15 3.138086964173118e-11 4.455556346573745e-08 1.1112944863459256e-07
0.22691115993131514 2.1136072611307153e-34 6.3843100210977295e-31 3.5593672615383454e-23 3.5590738201986166e-19 3.557874052034749e-15 3.4411611813610127e-11 4.885870823944331e-08 1.218622521028889e-07
0.23220195176586036 2.2974278774241317e-34 6.867381796012568e-31 3.903114391352937e-23 3.902806514966139e-19 3.9014910130924705e-15 3.77350609721215e-11 5.3577447764648495e-08 1.3363162232059e-07
0.2376161067626448 2.4980966007628713e-34 7.389857986520212e-31 4.2800597058664215e-23 4.2797366563125956e-19 4.2782942498118215e-15 4.137948642877669e-11 5.8751919714962716e-08 1.465376697383507e-07
0.24315650132850383 2.7171792164015906e-34 7.955239856610567e-31 4.693409404400994e-23 4.693070403219283e-19 4.691488842613224e-15 4.537588759007973e-11 6.442613804027857e-08 1.6069017292484606e-07
0.24882607893823822 2.9563867865734765e-34 8.56735340091401e-31 5.1466795060478106e-23 5.146323731989361e-19 5.14458958503004e-15 4.975825939507467e-11 7.064836984349955e-08 1.7620951856392988e-07
0.25462785169840935 3.217589125505865e-34 9.230378947705277e-31 5.643725250373623e-23 5.643351836833327e-19 5.6414503744061346e-15 5.456387658096814e-11 7.747153898997312e-08 1.9322770812788052e-07
0.2605649019475973 3.5028295249987345e-34 9.94888570899568e-31 6.188774416206134e-23 6.18838244841586e-19 6.186297519236003e-15 5.983361583035862e-11 8.495368350244093e-08 2.1188949870123346e-07
0.26664038389397104 3.8143408178133483e-34 1.0727868484384198e-30 6.786463443202825e-23 6.786051955236256e-19 6.783765848396608e-15 6.56123050182476e-11 9.315845143312769e-08 2.3235363977339471e-07
0.27285752529104135 4.154562912271762e-34 1.1572786015332391e-30 7.441875787551752e-23 7.44144375919805e-19 7.43893705381754e-15 7.194909406077465e-11 1.0215562740664899e-07 2.547941865296992e-07
0.2792196291524867 4.526161961796537e-34 1.2489607537367055e-30 8.160586624474809e-23 8.160132977773655e-19 8.15738437761e-15 7.889788712729796e-11 1.1202174628856175e-07 2.794020304492145e-07
0.2857300755069626 4.932051188744817e-34 1.3484858727376454e-30 8.948709007545078e-23 8.948232603180405e-19 8.94521875571914e-15 8.651778893991e-11 1.2284072685570603e-07 3.0638647979054894e-07
0.2923923231938275 5.375413645250969e-34 1.4565676052839521e-30 9.812946735097682e-23 9.812446368463206e-19 9.80914166622574e-15 9.48736159200459e-11 1.3470459753852598e-07 3.3597706972144526e-07
0.2992099117007387 5.859726948933198e-34 1.5739863992805111e-30 1.0760650858131018e-22 1.076012525513534e-18 1.075650161798228e-14 1.0403644254425779e-10 1.477142721544907e-07 3.6842549713501027e-07
0.3061864630440946 6.388790166780767e-34 1.7015958317705856e-30 1.1799882362043485e-22 1.1799330174630763e-18 1.1795356810984024e-14 1.1408420739275646e-10 1.619804103952193e-07 4.040077668566612e-07
0.31332568369332287 6.966753075740594e-34 1.840329700310283e-30 1.2939481450756499e-22 1.2938901252036316e-18 1.2934544396798732e-14 1.2510238303345092e-10 1.7762436894928704e-07 4.4302656391247476e-07
0.32063136654003577 7.5981479237547816e-34 1.991209336123875e-30 1.4189140580153717e-22 1.4188530859275464e-18 1.4183753487188546e-14 1.3718468215834815e-10 1.9477920409729597e-07 4.858137541784614e-07
0.3281073929131 8.287923776262814e-34 2.15535229813004e-30 1.5559489443126594e-22 1.5558848599663209e-18 1.5553610110081618e-14 1.504338792742302e-10 2.1359083837460696e-07 5.327332942435776e-07
0.3357577346406907 9.041483844451547e-34 2.3339814221737244e-30 1.7062184594483468e-22 1.7061510932425294e-18 1.7055766803948776e-14 1.6496267725579532e-10 2.3421929093123385e-07 5.841843001447178e-07
0.343586456160426 9.864725815555957e-34 2.528434654765842e-30 1.8710007150624426e-22 1.8709298871986612e-18 1.870300028423396e-14 1.8089465197137196e-10 2.568400187416791e-07 6.406043925810467e-07
0.3515977166787018 1.0764085382248833e-33 2.740176467931031e-30 2.0516974608864172e-22 2.0516229806673814e-18 2.0509323224448634e-14 1.9836533342508517e-10 2.816454516451954e-07 7.024735255756664e-07
0.359795772380376 1.1746583279311126e-33 2.9708093836811734e-30 2.249845613722577e-22 2.24976727881323e-18 2.2490099506815855e-14 2.1752332045636435e-10 3.088465750318385e-07 7.703179339743111e-07
0.368184978689974 1.281987597930069e-33 3.2220874581800834e-30 2.4671305248676437e-22 2.4670481204898498e-18 2.4662176851220788e-14 2.3853156352172003e-10 3.3867475117710567e-07 8.447146761757707e-07
0.3767697925856183 1.3992310277290676e-33 3.495931019589619e-30 2.7054005231796987e-22 2.7053138212378217e-18 2.704403219627745e-14 2.615687708144643e-10 3.7138371569573636e-07 9.262966136404732e-07
0.38555477496691104 1.5272981654939698e-33 3.7944422038173014e-30 2.9666823942803263e-22 2.9665911524294105e-18 2.9655926438717455e-14 2.8683090489774205e-10 4.0725170250920823e-07 1.015757710934909e-06
0.394544593078027 1.6671797420110778e-33 4.1199221079778115e-30 3.2531983990191435e-22 3.2531023596627963e-18 3.252007456009667e-14 3.1453282816306713e-10 4.465837801204515e-07 1.1138588628136106e-06
0.4037440229873054 1.819954387019752e-33 4.474890552103514e-30 3.567385732790203e-22 3.567284621982323e-18 3.566084015355081e-14 3.4491018428513366e-10 4.897145229636308e-07 1.221434557037568e-06
0.4131579521246571 1.9867958064565555e-33 4.862106405945916e-30 3.911916806772229e-22 3.91181033304582e-18 3.910493816726088e-14 3.7822135914830896e-10 5.370107955903637e-07 1.339399818626633e-06
0.42279138187813525 2.1689804894541583e-33 5.2845911011615016e-30 4.2897224521661745e-22 4.289610305253947e-18 4.288166686770519e-14 4.1474972438570456e-10 5.888749381183289e-07 1.4687581549312556e-06
0.43264943025104924 2.3678958391621417e-33 5.7456524690181085e-30 4.704015814912676e-22 4.703897664392828e-18 4.7023146705726394e-14 4.548059476819905e-10 6.457480464731711e-07 1.6106097371354335e-06
0.4427373345810337 2.5850488908997324e-33 6.248914378819903e-30 5.158321399533593e-22 5.1581968933182614e-18 5.15646106556905e-14 4.987308009218488e-10 7.081139594875897e-07 1.766161344786405e-06
0.4530604543225162 2.8220754364605094e-33 6.798344337091946e-30 5.656502911809906e-22 5.656371674565356e-18 5.6544682547948087e-14 5.46897852210137e-10 7.76503081117754e-07 1.936735899077791e-06
0.4636242738940635 3.0807498274931593e-33 7.398289254477032e-30 6.2027983902719385e-22 6.202660021655532e-18 6.200572826374747e-14 5.997168626146988e-10 8.514972032475114e-07 2.123784491775539e-06
0.47443440559211736 3.3629951113638226e-33 8.053509554606716e-30 6.801854376758598e-22 6.801708449549103e-18 6.799419732484251e-14 6.576370900070601e-10 9.337341965871835e-07 2.3288980851484247e-06
0.48549659257266914 3.6708938629462565e-33 8.769220045609212e-30 7.458766417194242e-22 7.458612475247698e-18 7.456102776330514e-14 7.211512049466711e-10 1.0239135705713908e-06 2.5538213793357268e-06
0.4968167119024568 4.006699378961882e-33 9.55113364715707e-30 8.179122520776266e-22 8.178960076809302e-18 8.176208056551594e-14 7.907994926053835e-10 1.1228024393859678e-06 2.80046769267259e-06
0.5084007776813051 4.372847501196292e-33 1.0405508114112802e-29 8.969049738392841e-22 8.968878271595611e-18 8.965860529798856e-14 8.671743562813511e-10 1.23124191620119e-06 3.0709349100376048e-06
0.5202549442372687 4.771968811424451e-33 1.1339199263897036e-29 9.835266996662683e-22 9.835085950094733e-18 9.831776826790719e-14 9.50925425746114e-10 1.3501543661665217e-06 3.3675235731033886e-06
0.5323855093962742 5.2069012940612445e-33 1.2359718714158738e-29 1.0785142570192902e-21 1.0784951347958723e-17 1.0781322705021437e-13 1.042765114047054e-09 1.4805512961366614e-06 3.6927565587075213e-06
0.5447989178279997 5.6807035067653904e-33 1.34752969160397e-29 1.1826756726673247e-21 1.1826554690849524e-17 1.1822575672538557e-13 1.143474674453501e-09 1.6235419545175517e-06 4.0494005283881486e-06
0.557501764469769 6.196667733962749e-33 1.4694948976440994e-29 1.2968967688631066e-21 1.2968754155985586e-17 1.2964390927306132e-13 1.2539105780849211e-09 1.7803423864270894e-06 4.440488513554941e-06
0.5705007980302781 6.758334404445298e-33 1.6028557767855555e-29 1.4221493454367288e-21 1.4221267692674952e-17 1.421648315021933e-13 1.3750124248977974e-09 1.9522866659675773e-06 4.869347930761393e-06
0.5838029245750183 7.369505301867351e-33 1.7486947570926488e-29 1.5594986277043808e-21 1.5594747501234888e-17 1.5589500958976888e-13 1.507810144833663e-09 2.1408371206462814e-06 5.339626083216472e-06
0.5974152111952977 8.034258424539838e-33 1.9081982533678802e-29 1.710112982354803e-21 1.7100877191400633e-17 1.7095124033813216e-13 1.6534333917801286e-09 2.3475976692220633e-06 5.855323427731027e-06
0.6113448897628128 8.75696244626878e-33 2.082666199425641e-29 1.8752734553664295e-21 1.8752467161182937e-17 1.8746158464278962e-13 1.8131207654724378e-09 2.5743269152564875e-06 6.420826232347949e-06
0.6255993607717623 9.542290769605265e-33 2.2735234199659217e-29 2.0563850857143655e-21 2.056356773349643e-17 2.0556649847819838e-13 1.988230750341682e-09 2.8229536784407373e-06 7.0409453142160845e-06
0.6401861972705483 1.0395236498428259e-32 2.4823309431850703e-29 2.2549882075511218e-21 2.254958217758052e-17 2.2541996273187067e-13 2.1802526432239716e-09 3.0955925101070025e-06 7.720954738017308e-06
0.6551131488851486 1.1321127068358589e-32 2.7107998046543726e-29 2.472772170549152e-21 2.47274039118776e-17 2.471908547717194e-13 2.390819819103628e-09 3.394562528355387e-06 8.466638794101396e-06
0.6703881459363026 1.2325639361467478e-32 2.9608053492460316e-29 2.7115895909981886e-21 2.711555901447829e-17 2.7106437307122894e-13 2.621723510029463e-09 3.722406981800428e-06 9.284340793926885e-06
0.686019303652694 1.341481317461371e-32 3.234402515041398e-29 2.9734716587527743e-21 2.97343592921032e-17 2.972435673844861e-13 2.8749276049050017e-09 4.0819142627870995e-06 1.0181015480735058e-05
0.7020149264823721 1.4595067651262402e-32 3.533844317088028e-29 3.2606464470257492e-21 3.260608537725055e-17 3.259511691018655e-13 3.152586352613688e-09 4.476143042854818e-06 1.1164291721838768e-05
0.7183835125046995 1.587321478261407e-32 3.8615986767071143e-29 3.575555865114268e-21 3.575515625500975e-17 3.5743128594803934e-13 3.457060753068629e-09 4.908445545274657e-06 1.2242530554442753e-05
0.7351337579451718 1.7256475816205295e-32 4.220372200313732e-29 3.920879178554656e-21 3.9208364463558966e-17 3.9195175319592484e-13 3.7909412980575435e-09 5.382499833229137e-06 1.3424905718069594e-05
0.7522745617955077 1.8752495627791613e-32 4.613130687479731e-29 4.2995536107560006e-21 4.2995082109903605e-17 4.2980619313122305e-13 4.157067890299463e-09 5.902338091526686e-06 1.4721474194153231e-05
