results/limits/Stanford_f_6.dat
# %ECSV 1.0
# ---
# datatype:
# - {name: mx, unit: MeV, datatype: float64}
# - {name: sigma_6, unit: cm2, datatype: float64}
# schema: astropy-2.0
mx sigma_6
3.162277660168379e-07 1.4573427347597174e-33
3.2360111549336787e-07 1.4988019987960754e-33
3.311463862505236e-07 1.5417657605849566e-33
3.388675869043115e-07 1.5863078058831576e-33
3.4676881953794695e-07 1.63250639638677e-33
3.548542818811901e-07 1.680444605992127e-33
3.6312826954049566e-07 1.7302106512763702e-33
3.715951782811629e-07 1.7818982285995282e-33
3.8025950636269697e-07 1.835606898789395e-33
3.89125856928623e-07 1.8914425006473234e-33
3.9819894045202297e-07 1.9495175390983257e-33
4.0748357723809307e-07 2.009951687808271e-33
4.169846999850535e-07 2.072872248194818e-33
4.2670735640476865e-07 2.1384146873415954e-33
4.3665671190447213e-07 2.2067232251199352e-33
4.4683805233101997e-07 2.2779513709186483e-33
4.572567867791303e-07 2.352262659361788e-33
4.6791845046510194e-07 2.4298312392490603e-33
4.788287076675383e-07 2.510842703423708e-33
4.899933547366384e-07 2.5954948223497995e-33
5.014183231736547e-07 2.6839984245241862e-33
5.131096827821533e-07 2.776578262190737e-33
5.250736448927506e-07 2.873474016181713e-33
5.373165656630395e-07 2.9749413061076936e-33
5.4984494945446e-07 3.0812528605490285e-33
5.626654522879044e-07 3.1926996238468075e-33
5.757848853798981e-07 3.3095920826191386e-33
5.892102187612295e-07 3.432261623140648e-33
6.029485849799565e-07 3.561061971339588e-33
6.17007282890752e-07 3.696370784275218e-33
6.313937815326057e-07 3.838591311357262e-33
6.461157240969403e-07 3.988154180726019e-33
6.611809319882495e-07 4.145519337264871e-33
6.765974089794179e-07 4.3111780970575325e-33
6.923733454639272e-07 4.4856553363781176e-33
7.085171228072106e-07 4.669511877362409e-33
7.250373177994646e-07 4.8633469883177115e-33
7.419427072122865e-07 5.067801136619601e-33
7.592422724615558e-07 5.283558856696605e-33
7.769452043790388e-07 5.511351879673604e-33
7.950609080952509e-07 5.7519624617929195e-33
8.135990080361694e-07 6.006226971665219e-33
8.325693530364543e-07 6.275039700144623e-33
8.519820215718901e-07 6.559356978497734e-33
8.718473271138315e-07 6.860201567221283e-33
8.921758236084957e-07 7.178667372818506e-33
9.12978311084014e-07 7.515924490714676e-33
9.342658413882192e-07 7.873224618661686e-33
9.560497240602198e-07 8.25190685019597e-33
9.78341532338879e-07 8.653403883565139e-33
1.0011531093113902e-06 9.079248675509094e-33
1.0244965742052174e-06 9.531081569984347e-33
1.048384328826741e-06 1.0010657934855712e-32
1.0728290641500308e-06 1.0519856344432952e-32
1.0978437670592484e-06 1.1060687346517969e-32
1.1234417272482566e-06 1.163530285514911e-32
1.149636544281106e-06 1.2246006214217054e-32
1.1764421348171486e-06 1.289526297957798e-32
1.2038727400046132e-06 1.3585712471533003e-32
1.2319429330465773e-06 1.4320180152401356e-32
1.2606676269433496e-06 1.510169088846068e-32
1.2900620824153782e-06 1.593348315952332e-32
1.3201419160108953e-06 1.6819024283976278e-32
1.3509231084026028e-06 1.776202673204667e-32
1.38242201287781e-06 1.8766465605151635e-32
1.4146553640265304e-06 1.9836597364839054e-32
1.447640286632156e-06 2.0976979900764797e-32
1.4813943047694329e-06 2.21924940335546e-32
1.5159353511145682e-06 2.348836655524811e-32
1.5512817764724183e-06 2.48701949173801e-32
1.587452359525819e-06 2.634397368461512e-32
1.6244663168122348e-06 2.791612288029531e-32
1.6623433129330315e-06 2.959351835930403e-32
1.7011034710007933e-06 3.138352435333451e-32
1.740767383330235e-06 3.329402834403806e-32
1.7813561223783898e-06 3.533347843065934e-32
1.8228912519398869e-06 3.7510923370683336e-32
1.8653948386032614e-06 3.9836055484803345e-32
1.908889463474389e-06 4.2319256631214966e-32
1.9533982341732686e-06 4.4971647468868026e-32
1.9989447971105317e-06 4.7805140245314314e-32
2.045553350050195e-06 5.083249536071938e-32
2.0932486549653353e-06 5.40673819793901e-32
2.1420560511935146e-06 5.75244429776378e-32
2.192001468898943e-06 6.121936453852473e-32
2.2431114428485372e-06 6.516895072637748e-32
2.2954131265091837e-06 6.939120339721876e-32
2.3489343064737076e-06 7.39054078271188e-32
2.403703417223201e-06 7.873222446772497e-32
2.4597495562335635e-06 8.3893787267492e-32
2.5171024994342686e-06 8.941380902860357e-32
2.575792717027583e-06 9.531769430308275e-32
2.635851389676631e-06 1.0163266036778347e-31
2.6973104250709106e-06 1.0838786685645785e-31
2.760202474878063e-06 1.1561455466854386e-31
2.8245609520908932e-06 1.233461948186511e-31
2.8904200487788716e-06 1.3161864793823099e-31
2.9578147542535346e-06 1.404703351918703e-31
3.026780873657441e-06 1.499424214251867e-31
3.097355046986562e-06 1.6007901141978321e-31
3.1695747685562034e-06 1.7092736019340167e-31
3.2434784069208122e-06 1.8253809835049874e-31
3.319105225258239e-06 1.9496547356047488e-31
3.3964954022292982e-06 2.082676093178373e-31
3.4756900533236943e-06 2.225067822211805e-31
3.5567312527036693e-06 2.3774971909643846e-31
3.6396620555569646e-06 2.5406791538463493e-31
3.7245265209709786e-06 2.7153797631604623e-31
3.811369735340273e-06 2.9024198250107977e-31
3.900237836319859e-06 3.1026788168837897e-31
3.991178037336996e-06 3.3170990855860646e-31
4.0842386526745176e-06 3.5466903455105286e-31
4.179469123139017e-06 3.7925344991340063e-31
4.2769200423275275e-06 4.0557908021945285e-31
4.376643183506652e-06 4.337701398645855e-31
4.478691527118417e-06 4.639597251777209e-31
4.583119288927478e-06 4.9629044997508225e-31
4.689981948824612e-06 5.309151266001047e-31
4.799336280301815e-06 5.67997495702464e-31
4.911240380614659e-06 6.0771300824425786e-31
5.0257537016479225e-06 6.502496634704921e-31
5.142937081500915e-06 6.958089068484315e-31
5.262852776809252e-06 7.446065922667788e-31
5.385564495820272e-06 7.968740130927403e-31
5.511137432239651e-06 8.528590070136342e-31
5.639638299867211e-06 9.128271399424194e-31
5.771135368040315e-06 9.770629746438027e-31
5.905698497903673e-06 1.0458714301419813e-30
6.043399179524854e-06 1.1195792384058982e-30
6.184310569875183e-06 1.1985365052695945e-30
6.32850753169624e-06 1.2831183830447013e-30
6.47606667327258e-06 1.3737268628190738e-30
6.627066389131828e-06 1.4707926949946426e-30
6.781586901693754e-06 1.574777447246449e-30
6.939710303890459e-06 1.6861757097267586e-30
7.101520602780329e-06 1.805517458047789e-30
7.267103764178904e-06 1.933370585327279e-30
7.436547758330399e-06 2.0703436153880923e-30
7.609942606644117e-06 2.2170886100578027e-30
7.787380429520604e-06 2.3743042845146604e-30
7.968955495292936e-06 2.5427393453625977e-30
8.15476427030917e-06 2.72319606762339e-30
8.344905470182516e-06 2.9165341277085288e-30
8.539480112236516e-06 3.1236747101300343e-30
8.738591569173047e-06 3.345604908546554e-30
8.942345623991688e-06 3.583382441133002e-30
9.150850526189614e-06 3.838140703429009e-30
9.364217049271877e-06 4.111094182500088e-30
9.58255854960264e-06 4.403544258305484e-30
9.805991026628606e-06 4.716885419935765e-30
1.0034633184506672e-05 5.052611926366564e-30
1.0268606495168497e-05 5.412324943488768e-30
1.0508035262855554e-05 5.7977401914449724e-30
1.07530466901589e-05 6.2106961387241905e-30
1.1003770945598772e-05 6.653162782073431e-30
1.1260341232779899e-05 7.127251054065115e-30
1.1522893861159297e-05 7.635222903145216e-30
1.1791568318464117e-05 8.179502094181757e-30
1.206650734479802e-05 8.762685780955881e-30
1.2347857008475478e-05 9.387556905703725e-30
1.263576678362426e-05 1.0057097484743711e-29
1.293038962959737e-05 1.0774502843427984e-29
1.3231882072236462e-05 1.1543196868160691e-29
1.3540404287030327e-05 1.2366848348048897e-29
1.3856120184212054e-05 1.3249388483915821e-29
1.4179197495840522e-05 1.4195029647886124e-29
1.4509807864912299e-05 1.520828548307661e-29
1.484812693655133e-05 1.6293992437862828e-29
1.5194334451324849e-05 1.7457332838923006e-29
1.5548614340735104e-05 1.8703859610359465e-29
1.5911154824937624e-05 2.0039522758335128e-29
1.6282148512737936e-05 2.1470697745495066e-29
1.6661792503919872e-05 2.3004215890538676e-29
1.7050288493959805e-05 2.4647396936884516e-29
1.7447842881182494e-05 2.640808394488594e-29
1.785466687641539e-05 2.8294680672944415e-29
1.8270976615199758e-05 3.031619162457025e-29
1.869699327261814e-05 3.248226495123811e-29
1.91329431807992e-05 3.480323841338342e-29
1.957905794916243e-05 3.729018861811109e-29
2.003557458746648e-05 3.9954983765235334e-29
2.0502735631726606e-05 4.2810340151602244e-29
2.0980789273068064e-05 4.5869882699616015e-29
2.1469989489583918e-05 4.9148209799844093e-29
2.1970596181267336e-05 5.266096276163473e-29
2.2482875308090033e-05 5.642490021842927e-29
2.3007099031300245e-05 6.04579778192011e-29
2.354354585801526e-05 6.477943359239493e-29
2.4092500789185385e-05 6.940987938013592e-29
2.4654255471007912e-05 7.437139877290143e-29
2.5229108349871537e-05 7.968765200450765e-29
2.5817364830913554e-05 8.538398829951676e-29
2.641933744027406e-05 9.148756619963317e-29
2.7035345991133382e-05 9.802748243253127e-29
2.7665717753620915e-05 1.0503490992589646e-28
2.8310787628685666e-05 1.125432456116676e-28
2.8970898326020842e-05 1.2058826871030503e-28
2.964640054613707e-05 1.292083102330945e-28
3.033765316668089e-05 1.3844443449083843e-28
3.104502343309761e-05 1.483406334595324e-28
3.176888715373972e-05 1.5894403488640607e-28
3.25096288995246e-05 1.7030512513362013e-28
3.326764220824756e-05 1.824779877597258e-28
3.4043329793658724e-05 1.9552055896082378e-28
3.483710375941493e-05 2.0949490104502073e-28
3.5649385818020195e-05 2.24467495200711e-28
3.648060751487119e-05 2.405095549048337e-28
3.73312104575266e-05 2.5769736141863477e-28
3.820164655032238e-05 2.7611262288280916e-28
3.90923782344573e-05 2.958428586974632e-28
4.0003878733676586e-05 3.1698181089799357e-28
4.093663230568398e-05 3.396298844260663e-28
4.1891134499415887e-05 3.638946182871733e-28
4.2867892418314344e-05 3.8989118973148736e-28
4.386742498973848e-05 4.1774295373396965e-28
4.489026324065786e-05 4.475820202144708e-28
4.5936950579773975e-05 4.795498715771172e-28
4.700804308621986e-05 5.137980233517158e-28
4.8104109804991236e-05 5.504887308790985e-28
4.922573304926602e-05 5.89795745190069e-28
5.0373508709772956e-05 6.31905121431409e-28
5.154804657137365e-05 6.7701608341295195e-28
5.27499706370262e-05 7.25341948076262e-28
5.397991945930254e-05 7.771111139894835e-28
5.5238546479635675e-05 8.325681180382991e-28
5.6526520375476976e-05 8.919747651510892e-28
5.784452541554797e-05 9.556113357154857e-28
5.9193261823375433e-05 1.0237778760014495e-27
6.057344614930286e-05 1.0967955771603809e-27
6.198581165117595e-05 1.1750082484785883e-27
6.34311086839044e-05 1.2587838914520126e-27
6.491010509810695e-05 1.3485163809949154e-27
6.642358664805138e-05 1.4446272610112253e-27
6.797235740910648e-05 1.5475676617316668e-27
6.955724020492732e-05 1.6578203467452657e-27
7.117907704460117e-05 1.7759018981154903e-27
7.283872956998614e-05 1.9023650484707585e-27
7.453707951348025e-05 2.037801169471796e-27
7.627502916646401e-05 2.182842926657402e-27
7.805350185866558e-05 2.3381671110508982e-27
7.987344244870308e-05 2.5044976588799088e-27
8.173581782606456e-05 2.682608870902399e-27
8.364161742479263e-05 2.8733288439153046e-27
8.559185374914618e-05 3.0775431272741285e-27
8.758756291151902e-05 3.296198618468783e-27
8.96298051829007e-05 3.5303077117841035e-27
9.17196655561724e-05 3.7809527158084276e-27
9.385825432253677e-05 4.049290554966834e-27
9.604670766138824e-05 4.336557772422209e-27
9.828618824393714e-05 4.644075852116179e-27
0.00010057788585090809 4.973256876081955e-27
0.00010292301800464121 5.3256095400524944e-27
0.00010532283061593165 5.70274554325316e-27
0.00010777859864595113 6.1063863755122676e-27
0.00011029162678360347 6.538370522438812e-27
0.00011286325013867351 7.000661110660157e-27
0.00011549483495113791 7.495354017411769e-27
0.00011818777931701482 8.024686466179026e-27
0.0001209435139311377 8.591046134926697e-27
0.00012376350284724815 9.196980800755357e-27
0.00012664924425581149 9.845208547045248e-27
0.00012960227127996844 1.0538628559144799e-26
0.00013262415279004548 1.1280332535224644e-26
0.00013571649423705693 1.2073616738057976e-26
0.0001388809385056415 1.2921994717504604e-26
0.00014211916678688624 1.3829210725262742e-26
0.00014543289947150178 1.4799253854276992e-26
0.0001488238970638237 1.5836372924054145e-26
0.00015229396111712465 1.6945092140086708e-26
0.00015584493519073535 1.813022754964888e-26
0.00015947870582948208 1.9396904318152278e-26
0.00016319720356596128 2.075057484585507e-26
0.00016700240394618395 2.219703774426223e-26
0.00017089632857913436 2.374245768787917e-26
0.000174881046210801 2.53933861545326e-26
0.00017895867382325032 2.7156783061516606e-26
0.0001831313777593269 2.904003930423292e-26
0.00018740137487357792 3.105100019365407e-26
0.00019177093371001327 3.319798978674653e-26
0.000196242375707327 3.548983609486849e-26
0.00020081807643222024 3.793589714759903e-26
0.00020550046684148122 4.0546087880153467e-26
0.0002102920345734925 4.3330907802075283e-26
0.0002151953252698519 4.6301469391583776e-26
0.00022021294392780895 4.946952715967747e-26
0.00022534755628423554 5.28475072675921e-26
0.0002306018902318662 5.644853765761359e-26
0.00023597873726856003 6.028647851793362e-26
0.0002414809539803547 6.437595300555719e-26
0.0002471114635590999 6.873237797963548e-26
0.00025287325735547713 7.337199473737941e-26
0.00025876939646823026 7.83118992427503e-26
0.00026480301337045197 8.357007201194757e-26
0.000270977313573789 8.916540700755125e-26
0.00027729557733145163 9.511773952904583e-26
0.00028376116138093086 1.0144787252110832e-25
0.0002903775007273506 1.0817760110176444e-25
0.00029714811046840066 1.1532973497402252e-25
0.00030407658766182135 1.2292811793271232e-25
0.00031116661323643183 1.3099764427910347e-25
0.0003184219539477161 1.3956427152103242e-25
0.00032584646437900766 1.4865502872655525e-25
0.00033344408898933415 1.5829801992041671e-25
0.0003412188642090111 1.68522421741728e-25
0.0003491749205840977 1.793584750071263e-25
0.0003573164849708539 1.9083746876519147e-25
0.0003656478827813646 2.0299171666665433e-25
0.0003741735402815245 2.1585452428526938e-25
0.0003828979869426037 2.29460146994079e-25
0.000391825857847644 2.438437367548216e-25
0.000400961896153964 2.5904127772374098e-25
0.0004103109556130814 2.750895089227144e-25
0.0004198780031493915 2.920258334455265e-25
0.00042966812149897106 3.0988821327133318e-25
0.000439686511909911 3.2871504806552093e-25
0.0004499384969056106 3.4854503815413844e-25
0.00046042952311250296 3.694170295725594e-25
0.0004711651641537129 3.913698414435544e-25
0.00048215112361018567 4.144420741537395e-25
0.0004933932380508582 4.386718984655219e-25
0.0005048974801334842 4.640968242916091e-25
0.0005166699617777604 4.90753449802733e-25
0.0005287169374124361 5.186771900522563e-25
0.0005410448072981404 5.479019856228185e-25
0.0005536601209276797 5.784599918703886e-25
0.0005665695805056229 6.103812490549206e-25
0.0005797800445090163 6.436933349258094e-25
0.0005932985313311235 6.784210016169195e-25
0.000607132223010125 7.145857958979785e-25
0.0006212884690447563 7.522056702219821e-25
0.0006357747902989163 7.912945819776451e-25
0.0006505988829973161 8.318620871900748e-25
0.0006657686228142928 8.739129309833534e-25
0.0006812920690579615 9.174466393255327e-25
0.0006971774689519261 9.624571165364237e-25
0.0007134332620168255 1.0089322524661208e-24
0.0007300680845540431 1.0568535461891753e-24
0.0007470907742339592 1.1061957501243391e-24
0.0007645103747911887 1.1569265416516883e-24
0.0007823361408292924 1.2090062273931531e-24
0.00080057754273752 1.2623874863715873e-24
0.0008192442717221943 1.3170151591858016e-24
0.0008383462449554094 1.372826087599364e-24
0.0008578936108437789 1.4297490113983436e-24
0.0008778967544200344 1.4877045280936354e-24
0.000898366302860337 1.5466051193341737e-24
0.0009193131311302326 1.6063552492261162e-24
0.0009407483677622533 1.666851539190966e-24
0.000962683400768232 1.7279830185779373e-24
0.000985129883689471 1.7896314575813963e-24
0.0010080997417879817 1.8516717783289676e-24
0.0010316051783820807 1.9139725474344634e-24
0.0010556586813297128 1.9763965455589345e-24
0.0010802730296629402 2.0388014126737796e-24
0.001105461300377127 2.1010403632869826e-24
0.0011312368753784248 2.1629629659962106e-24
0.0011576134485932472 2.2244159826061407e-24
