results/limits/Stanford_h.dat
# %ECSV 1.0
# ---
# datatype:
# - {name: mx, unit: MeV, datatype: float64}
# - {name: sigma, unit: cm2, datatype: float64}
# schema: astropy-2.0
mx sigma
[from data line 4891]
671.6846648479252 9.629192341298553e-16
674.1643033877697 9.6647401477999e-16
676.6530959363464 9.700419185111904e-16
679.1510762872417 9.736229937655134e-16
681.658278358797 9.772172891750395e-16
684.1747361945647 9.808248535360705e-16
686.7004839637802 9.844457358355664e-16
689.2355559618152 9.88079985239536e-16
691.7799866106525 9.91727651098599e-16
694.3338104593496 9.953887829299785e-16
696.8970621845039 9.99063430439243e-16
699.4697765907324 1.0027516435853382e-15
702.0519886111341 1.0064534723691374e-15
704.6437333077735 1.0101689670902037e-15
707.2450458721527 1.0138981781932716e-15
709.8559616256853 1.0176411563124256e-15
712.476516020185 1.0213979522491751e-15
715.1067446383369 1.0251686170913431e-15
717.7466831941894 1.028953201954003e-15
720.3963675336357 1.0327517582720676e-15
723.0558336348959 1.0365643376005283e-15
725.7251176090153 1.0403909917158773e-15
728.4042557003442 1.0442317725776047e-15
731.0932842870384 1.048086732337134e-15
733.7922398815509 1.0519559233364318e-15
736.5011591311217 1.0558393981184673e-15
739.2200788182863 1.0597372093772417e-15
741.9490358613634 1.0636494100912431e-15
744.6880673149664 1.0675760534144748e-15
747.4372103705019 1.0715171925694916e-15
750.196502356671 1.0754728811120134e-15
752.9659807399837 1.0794431727540882e-15
755.745683125265 1.0834281214043238e-15
758.5356472561592 1.0874277811704341e-15
761.3359110156542 1.0914422063733037e-15
764.1465124265832 1.0954714514982308e-15
766.9674896521517 1.0995155712740993e-15
769.7988809964513 1.103574620607025e-15
772.640724904975 1.1076486546133442e-15
775.49305996515 1.1117377286122122e-15
778.3559249068496 1.115841898128613e-15
781.2293586029297 1.1199612188816044e-15
784.1134000697515 1.1240957468143277e-15
787.0080884677076 1.128245538060242e-15
789.9134631017639 1.1324106489683264e-15
792.8295634219811 1.1365911360937858e-15
795.7564290240612 1.1407870562012639e-15
798.6940996498805 1.1449984662544385e-15
801.6426151880244 1.149225423464192e-15
804.6020156743402 1.1534679851968426e-15
807.5723412924682 1.1577262090736241e-15
810.5536323743979 1.1620001529045824e-15
813.5459294010116 1.1662898747363543e-15
816.5492730026284 1.170595432803421e-15
819.5637039595681 1.1749168855739122e-15
822.5892632026912 1.1792542917240989e-15
825.6259918139664 1.183607710149804e-15
828.6739310270236 1.1879771999607088e-15
831.7331222277086 1.1923628204895957e-15
834.8036069546569 1.1967646310714911e-15
837.8854268998441 1.2011826921154392e-15
840.9786239091641 1.2056170629716418e-15
844.0832399829918 1.210067804060827e-15
847.1993172767488 1.2145349758268222e-15
850.3268981014874 1.219018638915895e-15
853.4660249244513 1.2235188542117846e-15
856.6167403696646 1.2280356828213079e-15
859.7790872185054 1.2325691860747029e-15
862.9531084102811 1.2371194255280998e-15
866.138847042824 1.2416864629666573e-15
869.3363463730624 1.2462703603899718e-15
872.54564981762 1.250871180078131e-15
875.7668009534007 1.2554889844657603e-15
878.9998435181743 1.26012383626362e-15
882.2448214111836 1.2647757983355581e-15
885.5017786937254 1.269444934068139e-15
888.7707595897618 1.274131306634429e-15
892.0518084865155 1.2788349797487413e-15
895.344969935066 1.28355601727261e-15
898.650288650969 1.2882944833129007e-15
901.9678095148472 1.2930504422073536e-15
905.2975775730135 1.2978239585365876e-15
908.6396380380772 1.3026150971153537e-15
911.9940362895519 1.3074239229991736e-15
915.3608178744848 1.3122505014854169e-15
918.7400285080605 1.3170948981049044e-15
922.1317140742344 1.3219571786481855e-15
925.5359206263506 1.3268374091272634e-15
928.9526943877611 1.3317356558060484e-15
932.3820817524651 1.336651985204193e-15
935.8241292857332 1.3415864640679841e-15
939.2788837247336 1.346539159402314e-15
942.746391979181 1.351510138456593e-15
946.226701131957 1.3564994687276452e-15
949.7198584397639 1.3615072179632395e-15
953.22591133376 1.366533454159478e-15
956.7449074201978 1.3715782455639573e-15
960.2768944810847 1.3766416606765696e-15
963.8219204748152 1.3817237682489349e-15
967.3800335368367 1.386824637277126e-15
970.9512819802964 1.3919443370585717e-15
974.5357142966922 1.3970829370736255e-15
978.1333791565442 1.4022405071060973e-15
981.7443254100403 1.407417117188579e-15
985.3686020877134 1.412612837610359e-15
989.0062584011004 1.4178277389206498e-15
992.6573437434055 1.4230618919285992e-15
996.3219076901839 1.4283153677054485e-15
1000.0 1.4335882375838889e-15
