results/limits/Stanford_l.dat
# %ECSV 1.0
# ---
# datatype:
# - {name: mx, unit: MeV, datatype: float64}
# - {name: sigma_10, unit: cm2, datatype: float64}
# - {name: sigma_9, unit: cm2, datatype: float64}
# - {name: sigma_7, unit: cm2, datatype: float64}
# - {name: sigma_6, unit: cm2, datatype: float64}
# - {name: sigma_5, unit: cm2, datatype: float64}
# - {name: sigma_4, unit: cm2, datatype: float64}
# - {name: sigma_3, unit: cm2, datatype: float64}
# - {name: sigma_2, unit: cm2, datatype: float64}
# schema: astropy-2.0
mx sigma_10 sigma_9 sigma_7 sigma_6 sigma_5 sigma_4 sigma_3 sigma_2
[from data line 721]
5.214554576410165 1.920607447313592e-39 2.3035990007467677e-36 1.9607534925969133e-28 4.468448450362617e-25 5.713702398426567e-23 5.6575730730881335e-21 1.3818540030450603e-19 8.773558371042514e-20
5.336140146648369 1.9824749872705496e-39 2.4559340190365054e-36 2.0977423982332906e-28 4.618431988924485e-25 5.847668042623672e-23 5.789495843798229e-21 1.4140744230619232e-19 8.978110546631665e-20
5.4605606763588606 2.0468040860261643e-39 2.6188338141193255e-36 2.2441376136921184e-28 4.771753815590082e-25 5.984740587989238e-23 5.924494408513049e-21 1.447045286589836e-19 9.187455978304361e-20
5.587882267096237 2.1137140329062808e-39 2.7930468028008145e-36 2.4005656849106964e-28 4.928460437991632e-25 6.124992846464092e-23 6.062640552489297e-21 1.480786477737559e-19 9.401685895378786e-20
5.718172561677172 2.1833307879107127e-39 2.979374829362953e-36 2.5676926419905783e-28 5.088600696191618e-25 6.268499318490948e-23 6.2040075720846016e-21 1.515312304591641e-19 9.620891881222277e-20
5.851500780117376 2.2557873929648776e-39 3.1786769863920685e-36 2.7462262281813794e-28 5.252225858999211e-25 6.41533623628021e-23 6.3486706918518306e-21 1.5506455706126673e-19 9.845221858039609e-20
5.987937756406471 2.3312244103991567e-39 3.391873708971023e-36 2.9369182248593966e-28 5.419389713946831e-25 6.565581599610022e-23 6.496706633975445e-21 1.5868000591182978e-19 1.0074797580697083e-19
6.127555976140354 2.4097903905573134e-39 3.61995116180641e-36 3.140566873090503e-28 5.590148651244214e-25 6.719315222321511e-23 6.648194174990602e-21 1.6237997815782494e-19 1.0309672775492957e-19
6.270429615030991 2.4916423705728078e-39 3.8639659402628994e-36 3.3580193918655358e-28 5.764561741829001e-25 6.876618769745513e-23 6.803213688714458e-21 1.6616603695040313e-19 1.0550099840731572e-19
6.416634578314149 2.5769464064995594e-39 4.1250501077784884e-36 3.590174592525625e-28 5.94269080993911e-25 7.037575806408036e-23 6.961847629604201e-21 1.70040553992909e-19 1.0796106337651254e-19
6.566248541075969 2.665878141142352e-39 4.404416593743145e-36 3.837985588248298e-28 6.124600500418278e-25 7.202271836467945e-23 7.124180180226005e-21 1.7400523016258212e-19 1.104780809993434e-19
6.719350989519823 2.758623410102323e-39 4.7033649776477517e-36 4.10246259673913e-28 6.310358341227597e-25 7.370794352877107e-23 7.29029767685167e-21 1.7806251888108176e-19 1.1305387586162724e-19
6.87602326319537 2.8553788887357674e-39 5.023287687157362e-36 4.384675833462198e-28 6.500034801440396e-25 7.543232880216293e-23 7.460288290092283e-21 1.8221426438361556e-19 1.1568976250736997e-19
7.036348598212252 2.956352782920771e-39 5.365676639742671e-36 4.6857584918424585e-28 6.693703345222539e-25 7.719679025372456e-23 7.634242389528997e-21 1.864628873753827e-19 1.1838714438396218e-19
7.200412171461376 3.06176556673682e-39 5.732130359624728e-36 5.00690980587915e-28 6.89144048212233e-25 7.900226524097979e-23 7.812252381500577e-21 1.9081060376638087e-19 1.211475610186209e-19
7.368301145867304 3.171850770388806e-39 6.124361604061171e-36 5.34939818951962e-28 7.093325814143766e-25 8.084971291385559e-23 7.994412819005267e-21 1.9525965125267887e-19 1.239727699944577e-19
7.540104716695753 3.2868558219494676e-39 6.544205535437708e-36 5.714564445953164e-28 7.299442079998581e-25 8.274011472789777e-23 8.180820491214232e-21 1.998124375190784e-19 1.2686305692101802e-19
7.715914158940838 3.4070429467550617e-39 6.993628478238926e-36 6.103825038694889e-28 7.509875196944894e-25 8.467447496073621e-23 8.371574427155381e-21 2.04471363659236e-19 1.2982115660489475e-19
7.8958228758172275 3.5326901285687324e-39 7.474737302769156e-36 6.518675414938134e-28 7.724714300629836e-25 8.66538212486739e-23 8.56677598120356e-21 2.0923894778958204e-19 1.3284815097791583e-19
8.07992644838296 3.664092136926149e-39 7.989789480490998e-36 6.960693370162599e-28 7.944051783320242e-25 8.867920512952162e-23 8.766528857436225e-21 2.141177164883528e-19 1.359456484767989e-19
8.2683226863193 3.8015616254003735e-39 8.541203859060719e-36 7.431542441396595e-28 8.167983330909012e-25 9.075170260012448e-23 8.97093915523283e-21 2.1911017095172e-19 1.3911545938665044e-19
8.461111679894604 3.945430305868509e-39 9.131572208580884e-36 7.932975314849671e-28 8.396607959068143e-25 9.28724146945037e-23 9.180115492916846e-21 2.242190383901645e-19 1.4235918883514597e-19
8.658395853139817 4.0960502042337277e-39 9.763671594278078e-36 8.466837231863734e-28 8.630028048885004e-25 9.504246806640489e-23 9.394169042843456e-21 2.2944719054304764e-19 1.4567873452860635e-19
8.860280018263818 4.253795003454443e-39 1.0440477634764887e-35 9.035069375285517e-28 8.86834938230689e-25 9.726301556962983e-23 9.613213408092197e-21 2.347969637853664e-19 1.4907504301156772e-19
9.066871431337571 4.4190614801593856e-39 1.1165178709280001e-35 9.639712216453682e-28 9.11168117777155e-25 9.953523691406538e-23 9.837365123561428e-21 2.402718043487095e-19 1.5255164857698286e-19
9.278279849276613 4.59227104158555e-39 1.1941191181836566e-35 1.028290880103286e-27 9.360136126178231e-25 1.018603392300803e-22 1.0066743090219113e-20 2.4587393024820314e-19 1.5610802330226252e-19
9.494617588152204 4.773871370067573e-39 1.2772175715071812e-35 1.096690794993709e-27 9.613830427673998e-25 1.0423955778232243e-22 1.0301469370626773e-20 2.5160706234899495e-19 1.597480070404363e-19
9.715999582862075 4.964338182834034e-39 1.3662054751800226e-35 1.1694067349583134e-27 9.872883829271657e-25 1.0667415654777772e-22 1.0541668466142433e-20 2.5747348932166343e-19 1.6347288014578708e-19
9.942543448192506 5.1641771154318495e-39 1.4615031247855264e-35 1.2466856503731297e-27 1.0137419663793714e-24 1.091654289649762e-22 1.0787468167685661e-20 2.6347699697850856e-19 1.6728447815104455e-19
10.17436954130415 5.373925737705904e-39 1.563560874578688e-35 1.3287859517233271e-27 1.040756489010487e-24 1.1171469855327224e-22 1.1038998939943287e-20 2.696203152665914e-19 1.7118519332228634e-19
10.411601025674827 5.5941557119114715e-39 1.6728612885392437e-35 1.4159777680149835e-27 1.0683450135055936e-24 1.14323319663665e-22 1.1296394472373273e-20 2.7590692488377277e-19 1.751764213131815e-19
10.654363936533231 5.825475103233794e-39 1.7899214453927248e-35 1.5085431818962114e-27 1.0965209737163798e-24 1.1699267817644423e-22 1.1559791530361145e-20 2.823402277793883e-19 1.792607849746994e-19
10.902787247818345 6.068530853736475e-39 1.915295408620193e-35 1.6067764380023442e-27 1.1252981792267284e-24 1.1972419223040786e-22 1.1829329957527218e-20 2.889232990281854e-19 1.83440849091044e-19
11.157002940700098 6.324011431561502e-39 2.0495768732660026e-35 1.710984120902639e-27 1.1546908201336486e-24 1.225193130125415e-22 1.2105153116294138e-20 2.956602426926927e-19 1.8771830291983102e-19
11.417146073697703 6.592649668061967e-39 2.1934020021982246e-35 1.821485298914581e-27 1.184713472044707e-24 1.2537952546462752e-22 1.2387407315875135e-20 3.025537860530442e-19 1.9209493892861953e-19
11.683354854432924 6.875225796469011e-39 2.347452465381855e-35 1.9386116299713076e-27 1.2153811013266846e-24 1.2830634915873421e-22 1.2676242763416282e-20 3.096085326268251e-19 1.9657391500600522e-19
11.955770713056356 7.172570706680259e-39 2.5124586966953986e-35 2.0627074256833562e-27 1.2467090705871241e-24 1.3130133900791171e-22 1.2971812670528594e-20 3.168273363619969e-19 2.0115748340631132e-19
12.234538377385784 7.485569431813771e-39 2.689203383861331e-35 2.194129669734153e-27 1.2787131444322223e-24 1.34366086185577e-22 1.3274274275706644e-20 3.242148152477164e-19 2.0584727346037542e-19
12.519805949796487 7.815164883303279e-39 2.8785252081750497e-35 2.3332479867941255e-27 1.3114094954775795e-24 1.375022188887006e-22 1.3583788100249614e-20 3.317742616180584e-19 2.106474052610114e-19
12.811724985904382 8.162361852523575e-39 3.081322851911075e-35 2.480444558237888e-27 1.3448147106494832e-24 1.407114032717244e-22 1.3900518728469196e-20 3.3951024270526113e-19 2.1555995875888867e-19
13.110450575083778 8.52823129823358e-39 3.2985592925644303e-35 2.6361139811069462e-27 1.3789457977588685e-24 1.439953442711552e-22 1.4224634284916726e-20 3.47426320025853e-19 2.205857261697709e-19
13.416141422862523 8.913914940516503e-39 3.5312664044562455e-35 2.800663066983077e-27 1.4138201923774564e-24 1.473557865709091e-22 1.455630712434963e-20 3.5552729755886204e-19 2.257285943771823e-19
13.72895993523834 9.320630183386743e-39 3.7805498897014217e-35 2.974510577728311e-27 1.4494557649999754e-24 1.5079451546506067e-22 1.4895713277139685e-20 3.6381681061030346e-19 2.309914263584264e-19
14.04907230496112 9.749675389829211e-39 4.0475945621103567e-35 3.1580868954113514e-27 1.485870828521347e-24 1.543133578723354e-22 1.5243033208401806e-20 3.72299810834151e-19 2.363769934546901e-19
14.37664859982702 1.0202435534746768e-38 4.3336700092833623e-35 3.351833624179189e-27 1.523084146011348e-24 1.5791418325571074e-22 1.5598451400333993e-20 3.8098065546965627e-19 2.4188833672196198e-19
14.711862853031292 1.0680388263120837e-38 4.640136659963603e-35 3.556203122349088e-27 1.5611149388085635e-24 1.615989046331742e-22 1.5962156627520956e-20 3.898637684339778e-19 2.475289280385805e-19
15.054893155627816 1.1185110382651746e-38 4.968452285651064e-35 3.77165796359012e-27 1.5999828949311991e-24 1.6536947960501005e-22 1.633434216784512e-20 3.989540564319313e-19 2.533003098706222e-19
15.405921751144481 1.1718284822242803e-38 5.320178967554967e-35 3.998670326733813e-27 1.6397081778070133e-24 1.692279113771463e-22 1.6715205737423002e-20 4.0825628611325063e-19 2.592064713818977e-19
15.765135132404664 1.2281708089940322e-38 5.696990562185533e-35 4.237721314497672e-27 1.6803114353313e-24 1.7317624983461676e-22 1.7104949688706342e-20 4.1777543326956325e-19 2.652504189861904e-19
16.132724140606275 1.287729826634713e-38 6.100680701268632e-35 4.4893002022181656e-27 1.7218138092532804e-24 1.7721659262761407e-22 1.7503781088009484e-20 4.275165736586469e-19 2.714348385610005e-19
16.50888406671095 1.3507103572103656e-38 6.533171364219176e-35 4.75390361856457e-27 1.7642369448956645e-24 1.8135108628166541e-22 1.7911911782922634e-20 4.374847272603597e-19 2.7776416955445405e-19
16.89381475519735 1.4173311550788497e-38 6.996522064145173e-35 5.032034661132968e-27 1.807603001212814e-24 1.8558192735068386e-22 1.8329558642554544e-20 4.476853359274273e-19 2.842401868045828e-19
17.287720710233557 1.4878258911543295e-38 7.492939691284481e-35 5.3242019507891384e-27 1.8519346611877862e-24 1.899113635775126e-22 1.8756943608198737e-20 4.581240282160438e-19 2.9086890515157445e-19
17.690811204325115 1.5624442078888716e-38 8.024789060917576e-35 5.630918629627379e-27 1.8972551425720096e-24 1.9434169506260474e-22 1.9194293554653873e-20 4.688056618027463e-19 2.9764963064074745e-19
18.103300389496336 1.6414528500582702e-38 8.594604216163973e-35 5.952701308423746e-27 1.9435882089822085e-24 1.9887527555596e-22 1.9641841115569035e-20 4.797369577803878e-19 3.0459058798407473e-19
18.52540741106398 1.7251368767997344e-38 9.205100539675828e-35 6.290068970469178e-27 1.990958181332381e-24 2.0351451359855085e-22 2.0099823708609945e-20 4.909224058189839e-19 3.116919542471454e-19
18.957356524063755 1.8138009607370697e-38 9.859187732105575e-35 6.643541839653591e-27 2.0393899496451213e-24 2.0826187393730704e-22 2.056848502548412e-20 5.02369354669768e-19 3.1895979981714024e-19
19.399377212391464 1.9077707804445667e-38 1.0559983719363467e-34 7.013640221612942e-27 2.088908985196427e-24 2.1311987869019623e-22 2.104807370725494e-20 5.140825891678491e-19 3.263970057170114e-19
19.85170431072216 2.0073945129457582e-38 1.1310829555116606e-34 7.400883327630797e-27 2.1395413530515913e-24 2.180911088203696e-22 2.1538844828427192e-20 5.260693833602082e-19 3.3400728737518895e-19
20.314578129271972 2.113044433419638e-38 1.2115305389732883e-34 7.805788091778603e-27 2.1913137249469376e-24 2.2317820540043015e-22 2.204105895543634e-20 5.383354732489474e-19 3.4179531017363355e-19
20.788244581469023 2.2251186297973423e-38 1.2977247581965273e-34 8.228867992467379e-27 2.244253392561654e-24 2.2838387108062846e-22 2.2554982940593595e-20 5.508875246545305e-19 3.4976450969329333e-19
21.272955314601134 2.3440428404785986e-38 1.3900767035127358e-34 8.670631890144746e-27 2.2983882811605464e-24 2.337108715112478e-22 2.3080889928232168e-20 5.637326071291081e-19 3.579199001050108e-19
21.76896784350983 2.47027242398277e-38 1.48902688453564e-34 9.13158289328834e-27 2.353746963617455e-24 2.391620367684695e-22 2.3619059062330722e-20 5.768765904326983e-19 3.662663629602686e-19
22.27654568740161 2.6042944699760606e-38 1.5950473355823295e-34 9.612217265102044e-27 2.4103586748415615e-24 2.4474026295916675e-22 2.4169776654556962e-20 5.903279294027796e-19 3.7480587153322296e-19
22.79595850984919 2.7466300617881804e-38 1.7086438717459067e-34 1.0113023383400534e-26 2.4682533265732967e-24 2.5044851360335233e-22 2.473333476350488e-20 6.040918175686715e-19 3.8354535184967213e-19
23.327482262057103 2.8978367012509655e-38 1.830358506395706e-34 1.0634480766061846e-26 2.5274615226146845e-24 2.562898214045988e-22 2.5310033323676552e-20 6.181775445054974e-19 3.9248783377289575e-19
23.871399329467756 3.058510907462389e-38 1.9607720416512984e-34 1.1177059174125638e-26 2.588014574427813e-24 2.6226728966178813e-22 2.5900178296179336e-20 6.325910071651547e-19 4.016392585318753e-19
24.427998681785848 3.2292910019047933e-38 2.1005068442018434e-34 1.1741217804120508e-26 2.64994451718188e-24 2.683840940871155e-22 2.650408353639994e-20 6.47341082753139e-19 4.110035607524481e-19
24.997576026500827 3.410860093231176e-38 2.250229819726552e-34 1.2327404580509933e-26 2.7132841261905985e-24 2.746434843617653e-22 2.7122069636420344e-20 6.624346784669862e-19 4.2058705283939905e-19
25.580433965988984 3.6039492759809953e-38 2.410655600119358e-34 1.293605555826873e-26 2.778066933798689e-24 2.8104878596441517e-22 2.7754465122968735e-20 6.778805858718121e-19 4.3039518298407506e-19
26.176882158278623 3.809341058503004e-38 2.582549958735977e-34 1.3567594444543764e-26 2.84432724668377e-24 2.8760340185199875e-22 2.8401605766094935e-20 6.936862382999016e-19 4.404320490056139e-19
26.787237481563718 4.027873036450896e-38 2.7667334699688104e-34 1.422243224713464e-26 2.9121001636163625e-24 2.9431081435438354e-22 2.906383563144452e-20 7.098609898199984e-19 4.50700383556485e-19
27.411824202553472 4.2604418293842487e-38 2.9640854306202736e-34 1.4900967056169104e-26 2.981421593650164e-24 3.0117458691951176e-22 2.9741506206373533e-20 7.264121678490349e-19 4.612082078027932e-19
28.050974148747212 4.5080072992573164e-38 3.1755480617932413e-34 1.5603583963869783e-26 3.0523282747919642e-24 3.0819836613029065e-22 3.0434977832618524e-20 7.433497290962628e-19 4.719609944655392e-19
28.705026884726152 4.771597070918068e-38 3.4021310113544393e-34 1.633065512573811e-26 3.1248577931145847e-24 3.1538588353498673e-22 3.114461882082082e-20 7.606822491547967e-19 4.829647508632472e-19
29.374329892555654 5.05231137617597e-38 3.6449161784591656e-34 1.7082539964850097e-26 3.1990486023591422e-24 3.227409576747937e-22 3.187080610026822e-20 7.784186166222892e-19 4.942263355148775e-19
30.05923875639388 5.351328244536123e-38 3.90506288316044e-34 1.7859585519296597e-26 3.274940044018084e-24 3.3026749612955704e-22 3.26139255907103e-20 7.965686807955737e-19 5.057507412459066e-19
30.760117351404876 5.669909065347019e-38 4.183813405769823e-34 1.8662126931138636e-26 3.3525723679060074e-24 3.37969497559064e-22 3.3374372057844356e-20 8.15141952564709e-19 5.1754303806955825e-19
31.477338037076432 6.009404547877509e-38 4.4824989223983345e-34 1.9490488073622337e-26 3.431986753238234e-24 3.458510538449037e-22 3.41525494990354e-20 8.341482656248331e-19 5.296104608971742e-19
32.21128185504559 6.371261107733844e-38 4.802545864992992e-34 2.0344982311834313e-26 3.513225330220425e-24 3.539163522652322e-22 3.494887136652426e-20 8.535978133900106e-19 5.419586368546921e-19
