results/limits/Stanford_l_phase.dat
# %ECSV 1.0
# ---
# datatype:
# - {name: mx, unit: MeV, datatype: float64}
# - {name: sigma_10, unit: cm2, datatype: float64}
# - {name: sigma_9, unit: cm2, datatype: float64}
# - {name: sigma_7, unit: cm2, datatype: float64}
# - {name: sigma_6, unit: cm2, datatype: float64}
# - {name: sigma_5, unit: cm2, datatype: float64}
# - {name: sigma_4, unit: cm2, datatype: float64}
# - {name: sigma_3, unit: cm2, datatype: float64}
# - {name: sigma_2, unit: cm2, datatype: float64}
# schema: astropy-2.0
mx sigma_10 sigma_9 sigma_7 sigma_6 sigma_5 sigma_4 sigma_3 sigma_2
[from data line 80]
1.9989447971105317e-06 8.474246295411747e-39 1.10267375691873e-38 2.7705088611821923e-38 9.656096269993103e-38 1.108524383770491e-35 3.429204152502012e-32 2.4516567865261556e-29 6.053161260433603e-29
2.045553350050195e-06 8.49392777899079e-39 1.1060084286918641e-38 2.7915362234179933e-38 9.864238368600903e-38 1.2022297349826978e-35 3.681773375147538e-32 2.6871224250681383e-29 6.637546206673965e-29
2.0932486549653353e-06 8.513700901601532e-39 1.109363331596452e-38 2.812880294029146e-38 1.0079876732086624e-37 1.3044475227446334e-35 3.9541207583297887e-32 2.945267320055897e-29 7.278360040495353e-29
2.1420560511935146e-06 8.53356630400853e-39 1.1127386501990181e-38 2.834548085784166e-38 1.0303363576506771e-37 1.4159694031899057e-35 4.247962857344448e-32 3.228278900373991e-29 7.981052123960877e-29
2.192001468898943e-06 8.553524634077138e-39 1.1161345714338978e-38 2.856546812314304e-38 1.0535070968870755e-37 1.537660579869584e-35 4.565174375456889e-32 3.5385557175896664e-29 8.751598091083614e-29
2.2431114428485372e-06 8.573576544591382e-39 1.1195512844126696e-38 2.8788838950529013e-38 1.0775392114966386e-37 1.6704666021469767e-35 4.907802891074559e-32 3.8787278295344403e-29 9.596550673676425e-29
2.2954131265091837e-06 8.593722695738816e-39 1.1229889806848587e-38 2.901566970452864e-38 1.1024742740868738e-37 1.8154207980032078e-35 5.278084986563506e-32 4.251679152213093e-29 1.052309543587859e-28
2.3489343064737076e-06 8.613963752525753e-39 1.1264478540302443e-38 2.924603897494042e-38 1.1283562575627623e-37 1.9736524007886962e-35 5.678463914553716e-32 4.6605719701309846e-29 1.1539111891447424e-28
2.403703417223201e-06 8.634300387602841e-39 1.12992810075098e-38 2.948002765494002e-38 1.155231694327791e-37 2.1463954344424961e-35 6.111608950408322e-32 5.108873813466059e-29 1.2653240523633698e-28
2.4597495562335635e-06 8.654733279041649e-39 1.1334299195021034e-38 2.9717719022364057e-38 1.1831498473026423e-37 2.3349984269201172e-35 6.580436593677202e-32 5.60038693066948e-29 1.3874956277734366e-28
2.5171024994342686e-06 8.675263111390088e-39 1.1369535114068986e-38 2.9959198824307406e-38 1.2121628937244257e-37 2.5409350270049977e-35 7.088133796830518e-32 6.139280607146752e-29 1.5214649151455724e-28
2.575792717027583e-06 8.695890576592849e-39 1.1404990801652097e-38 3.0204555365195686e-38 1.2423261227741347e-37 2.765815605314448e-35 7.638183416538356e-32 6.730126604859715e-29 1.6683712568549064e-28
2.635851389676631e-06 8.716616372196926e-39 1.1440668319645534e-38 3.0453879598486153e-38 1.2736981481727424e-37 3.011399926131224e-35 8.23439210143848e-32 7.377938024265143e-29 1.82946402874624e-28
2.6973104250709106e-06 8.737441202869402e-39 1.1476569755901545e-38 3.070726522217201e-38 1.3063411369878004e-37 3.2796109826773837e-35 8.880920850764928e-32 8.088211919078158e-29 2.00611326692624e-28
2.760202474878063e-06 8.758365780277796e-39 1.1512697224995047e-38 3.096480877826503e-38 1.3403210560035271e-37 3.572550094581354e-35 9.582318500704785e-32 8.866976026308318e-29 2.199821320879038e-28
2.8245609520908932e-06 8.779390822511493e-39 1.1549052867695812e-38 3.1226609756443075e-38 1.3757079371289992e-37 3.8925133725460055e-35 1.0343558419918321e-31 9.720840008970478e-29 2.41223563201983e-28
2.8904200487788716e-06 8.800517054470105e-39 1.1585638852048276e-38 3.149277070206126e-38 1.4125761634523102e-37 4.2420096615854564e-35 1.117007872277538e-31 1.0657051647311148e-28 2.645162746387885e-28
2.9578147542535346e-06 8.821745208369809e-39 1.162245737361533e-38 3.1763397328734237e-38 1.4510047776946687e-37 4.623780080622513e-35 1.2067826338427448e-31 1.1683558456433342e-28 2.900583680666395e-28
3.026780873657441e-06 8.843076023646854e-39 1.1659510656165363e-38 3.203859863570289e-38 1.49107781497846e-37 5.040819282694117e-35 1.3043305306385656e-31 1.2809075254354711e-28 3.1806707722274126e-28
3.097355046986562e-06 8.864510246757306e-39 1.1696800951913592e-38 3.2318487030222904e-38 1.5328846619989344e-37 5.496398566441367e-35 1.4103629704984645e-31 1.4043158255202779e-28 3.487806156537506e-28
3.1695747685562034e-06 8.886048631030567e-39 1.173433054170661e-38 3.260317845521195e-38 1.5765204448818606e-37 5.994090975902305e-35 1.5256581658202252e-31 1.5396286317695466e-28 3.8246020290884608e-28
3.2434784069208122e-06 8.907691937671454e-39 1.1772101735787765e-38 3.289279252240808e-38 1.6220864482207825e-37 6.537798531787863e-35 1.6510674909201216e-31 1.6879950039912841e-28 4.1939228641960015e-28
3.319105225258239e-06 8.92944093513216e-39 1.181011687456161e-38 3.3187452651319603e-38 1.6696905680197971e-37 7.131781743299699e-35 1.787522449610448e-31 1.850674945817433e-28 4.598909779672295e-28
3.3964954022292982e-06 8.951296399241084e-39 1.184837832832708e-38 3.3487286214232383e-38 1.7194478015224884e-37 7.780691555000722e-35 1.9360423116956601e-31 2.0290501180860463e-28 5.04300725459167e-28
3.4756900533236943e-06 8.973259113345547e-39 1.1886888498393573e-38 3.379242468758837e-38 1.7714807771876618e-37 8.489603888109702e-35 2.097742482770679e-31 2.2246355868550755e-28 5.529992427454483e-28
3.5567312527036693e-06 8.995329869292027e-39 1.1925649817549864e-38 3.4103003810042256e-38 1.8259203283802857e-37 9.264056939649789e-35 2.273843677874198e-31 2.4390927059472244e-28 6.064007223908888e-28
3.6396620555569646e-06 9.017509466095611e-39 1.1964664750313838e-38 3.4419163747529735e-38 1.882906114684026e-37 1.011009140590049e-34 2.4656819763857962e-31 2.6742432436066137e-28 6.649593587336396e-28
3.7245265209709786e-06 9.039798710912305e-39 1.2003935793507258e-38 3.4741049265701005e-38 1.942587295113613e-37 1.1034293798289065e-34 2.6747198430170675e-31 2.9320848734295394e-28 7.291732111999161e-28
3.811369735340273e-06 9.062198417659221e-39 1.204346547635764e-38 3.506880991008516e-38 2.005123257914093e-37 1.2043843019889935e-34 2.9025582078910154e-31 3.214808161292122e-28 7.995884407280623e-28
3.900237836319859e-06 9.084709410733289e-39 1.2083256362350673e-38 3.540260019437905e-38 2.0706844120836738e-37 1.3146560368726016e-34 3.150949707740905e-31 3.5248151927915576e-28 8.768039553460644e-28
3.991178037336996e-06 9.10733252141925e-39 1.2123311048679781e-38 3.5742579797272354e-38 2.139453046251747e-37 1.4350963129658497e-34 3.4218132000486156e-31 3.8647399996170065e-28 9.614765044133667e-28
4.0842386526745176e-06 9.13006858876654e-39 1.2163632166778948e-38 3.608891376824549e-38 2.2116242610880323e-37 1.56663219094163e-34 3.717249672750488e-31 4.237470958586073e-28 1.0543262648588272e-27
4.179469123139017e-06 9.152918460015971e-39 1.220422238284862e-38 3.64417727427981e-38 2.2874069820181055e-37 1.7102721858778503e-34 4.039559683963547e-31 4.646175353856063e-28 1.1561429669301624e-27
4.2769200423275275e-06 9.175882993723782e-39 1.2245084400326752e-38 3.6801333167599827e-38 2.367025059680414e-37 1.867112791167166e-34 4.391262479176603e-31 5.094326311241043e-28 1.2677926115649049e-27
4.376643183506652e-06 9.19896305288908e-39 1.2286220956891266e-38 3.7167777536073865e-38 2.4507184662861414e-37 2.0383454152521447e-34 4.7751169475587985e-31 5.585732333719287e-28 1.390224836519489e-27
4.478691527118417e-06 9.222159512981196e-39 1.2327634828947268e-38 3.7541294634959355e-38 2.538744596843219e-37 2.225263740023739e-34 5.194144594605214e-31 6.124569689309447e-28 1.5244809939036531e-27
4.583119288927478e-06 9.245473256183613e-39 1.2369328829373937e-38 3.792207980242599e-38 2.631379685086823e-37 2.4292715069399342e-34 5.651654725545434e-31 6.715417926872895e-28 1.6717030078477956e-27
4.689981948824612e-06 9.268905175180065e-39 1.2411305809673073e-38 3.8310335198356174e-38 2.728920344928818e-37 2.6518907336388907e-34 6.151272052555843e-31 7.363298821835002e-28 1.833143087624349e-27
4.799336280301815e-06 9.292456168583516e-39 1.2453568659411356e-38 3.870627008743288e-38 2.8316852493073773e-37 2.894770360025125e-34 6.696966959501918e-31 8.073719083148474e-28 2.0101743788596984e-27
4.911240380614659e-06 9.316127148083548e-39 1.249612030861577e-38 3.911010113571866e-38 2.940016959495367e-37 3.1596953185305242e-34 7.293088680420995e-31 8.85271718471691e-28 2.204302643428241e-27
5.0257537016479225e-06 9.339919032121786e-39 1.2538963726933524e-38 3.9522052721449303e-38 3.0542839192225357e-37 3.448596018522501e-34 7.944401672698243e-31 9.70691471961253e-28 2.417179067378649e-27
5.142937081500915e-06 9.363832749284137e-39 1.2582101924910608e-38 3.9942357260811624e-38 3.1748826293953006e-37 3.763558229741556e-34 8.656125493012181e-31 1.0643572713890695e-27 2.650614305837129e-27
5.262852776809252e-06 9.387869238172844e-39 1.262553795481945e-38 4.037125554950642e-38 3.3022400207708526e-37 4.106833344320282e-34 9.43397851389922e-31 1.1670653379046829e-27 2.906593884368419e-27
5.385564495820272e-06 9.412029446310658e-39 1.2669274910758824e-38 4.0808997120972544e-38 3.4368160436753316e-37 4.4808489915038085e-34 1.028422585119565e-30 1.2796887828179278e-27 3.1872950877531096e-27
5.511137432239651e-06 9.436314331925293e-39 1.271331593054791e-38 4.1255840622170953e-38 3.5791064957637836e-37 4.888219973948887e-34 1.1213731908745777e-30 1.4031850332115128e-27 3.4951054799080394e-27
5.639638299867211e-06 9.460724861776403e-39 1.2757664194919683e-38 4.1712054207906326e-38 3.7296461109207845e-37 5.331759489610113e-34 1.2230017985543802e-30 1.5386039746867487e-27 3.832643212422497e-27
5.771135368040315e-06 9.48526201342951e-39 1.2802322929533555e-38 4.217791595470541e-38 3.889011934713389e-37 5.814490599185384e-34 1.3341325433711445e-30 1.6870968805085666e-27 4.2027792944702584e-27
5.905698497903673e-06 9.509926775444156e-39 1.2847295405526198e-38 4.2653714295352126e-38 4.05782701435378e-37 6.33965789622368e-34 1.455668490286806e-30 1.849926203108529e-27 4.608662013549866e-27
6.043399179524854e-06 9.534720144569209e-39 1.2892584939671544e-38 4.3139748475226746e-38 4.2367644339298236e-37 6.910739335844249e-34 1.5885992257955588e-30 2.028476311215496e-27 5.053743714740243e-27
6.184310569875183e-06 9.559643130386611e-39 1.293819489574614e-38 4.3636329031682327e-38 4.426551728742697e-37 7.53145817911034e-34 1.7340091814452152e-30 2.2242652639520364e-27 5.5418101662828465e-27
6.32850753169624e-06 9.58469675170693e-39 1.298412868573176e-38 4.4143778297769064e-38 4.6279757159784374e-37 8.205795014063285e-34 1.8930867596953723e-30 2.438957722041398e-27 6.077012761266777e-27
6.47606667327258e-06 9.609882039020675e-39 1.3030389769772742e-38 4.466243093168444e-38 4.841887782663933e-37 8.937999821945904e-34 2.067134339527811e-30 2.67437910594384e-27 6.663903829322005e-27
6.627066389131828e-06 9.635200031111011e-39 1.3076981656912204e-38 4.5192634473433423e-38 5.069209675948414e-37 9.732604068849434e-34 2.2575792467049603e-30 2.932531121358591e-27 7.307475358707424e-27
6.781586901693754e-06 9.660651780131951e-39 1.3123907907516e-38 4.5734749930263647e-38 5.310939845243892e-37 1.059443281964404e-33 2.465985781739207e-30 3.215608784119319e-27 8.01320145809203e-27
6.939710303890459e-06 9.686238349423305e-39 1.317117213255292e-38 4.628915239254244e-38 5.568160390687916e-37 1.1528616893255737e-33 2.6940684076788483e-30 3.526019089341111e-27 8.787084919327695e-27
7.101520602780329e-06 9.711960813625684e-39 1.3218777995612756e-38 4.6856231681854823e-38 5.8420446777999445e-37 1.2540605106541394e-33 2.9437062096035577e-30 3.8664014835737016e-27 9.63570827717318e-27
7.267103764178904e-06 9.737820256355936e-39 1.326672921273833e-38 4.743639303321345e-38 6.133865684129459e-37 1.3636176688817598e-33 3.2169587485762024e-30 4.2396503141164404e-27 1.0566289800340742e-26
7.436547758330399e-06 9.763817777812801e-39 1.3315029554636097e-38 4.803005781339087e-38 6.445005150187974e-37 1.4821453990534013e-33 3.5160834446183985e-30 4.648939446430857e-27 1.1586744890090001e-26
7.609942606644117e-06 9.789954482816442e-39 1.3363682846411784e-38 4.863766427751548e-38 6.776963614062545e-37 1.6102915657809012e-33 3.8435546363020215e-30 5.0977492590694465e-27 1.2705753408692612e-26
7.787380429520604e-06 9.816231493825363e-39 1.3412692969731873e-38 4.925966836622544e-38 7.131371416883268e-37 1.7487410499077046e-33 4.2020844787574195e-30 5.5898962457120215e-27 1.3932833510405767e-26
7.968955495292936e-06 9.842649945229623e-39 1.346206386335993e-38 4.989654454580247e-38 7.510000774809544e-37 1.8982172330475517e-33 4.594645857528581e-30 6.1295654760837765e-27 1.5278422602919932e-26
8.15476427030917e-06 9.869210979889321e-39 1.3511799523619878e-38 5.054878669389648e-38 7.914779022476219e-37 2.0594836151762007e-33 5.024497512916102e-30 6.721346191951624e-27 1.6753966128160054e-26
8.344905470182516e-06 9.89591575665672e-39 1.3561904006766492e-38 5.121690903359889e-38 8.347803142955819e-37 2.233345607294286e-33 5.495211588044585e-30 7.370270840807789e-27 1.8372014917196413e-26
8.539480112236516e-06 9.922765445318514e-39 1.361238142883331e-38 5.190144711882476e-38 8.811355710319408e-37 2.4206525482434133e-33 6.0107038348192006e-30 8.081857879528346e-27 2.0146331948045107e-26
8.738591569173047e-06 9.949761226434749e-39 1.3663235967170476e-38 5.260295887416328e-38 9.307922382881899e-37 2.6223000017130188e-33 6.575266734039036e-30 8.862158711709888e-27 2.2092009413493804e-26
8.942345623991688e-06 9.976904298935689e-39 1.3714471861993135e-38 5.332202569255456e-38 9.840211098272696e-37 2.8392323963280807e-33 7.193605811296078e-30 9.717809158337418e-27 2.4225597095753468e-26
9.150850526189614e-06 1.00041958686161e-38 1.3766093417252008e-38 5.405925359440372e-38 1.0411173135657918e-36 3.072446077966309e-33 7.870879456929241e-30 1.0656085899299113e-26 2.6565243139172615e-26
9.364217049271877e-06 1.0031637158642146e-38 1.3818105001692056e-38 5.481527445196267e-38 1.1024026225837934e-36 3.3229928491598036e-33 8.612742588395713e-30 1.1684968365951692e-26 2.9130848418721906e-26
9.58255854960264e-06 1.0059229405097562e-38 1.3870511050251492e-38 5.559074728310793e-38 1.1682279906639962e-36 3.591984075228497e-33 9.425394525950811e-30 1.281320661113108e-26 3.19442358171651e-26
9.805991026628606e-06 1.0086973855419982e-38 1.3923316065139878e-38 5.638635961889135e-38 1.2389763339113705e-36 3.8805954406478914e-33 1.0315631488521451e-29 1.4050395734082848e-26 3.5029335851234334e-26
1.0034633184506672e-05 1.0114871774458197e-38 1.3976524617703722e-38 5.720282894958204e-38 1.3150655819615812e-36 4.190072441833183e-33 1.1290904155574306e-29 1.5407057493055185e-26 3.8412390224975815e-26
1.0268606495168497e-05 1.0142924438020957e-38 1.4030141348538944e-38 5.804090425421775e-38 1.3969520244040667e-36 4.521736704220122e-33 1.2359380784302562e-29 1.6894729800056004e-26 4.212217504246999e-26
1.0508035262855554e-05 1.0171133135977587e-38 1.4084170970266347e-38 5.890136761906436e-38 1.4851339803340866e-36 4.876993212155344e-33 1.3530016418315956e-29 1.8526064858810106e-26 4.6190245578077304e-26
1.07530466901589e-05 1.019949917636591e-38 1.4138618267752035e-38 5.978503595074651e-38 1.580155821419093e-36 5.257338539793166e-33 1.481262877605385e-29 2.031493678082354e-26 5.065120468660913e-26
1.1003770945598772e-05 1.0228023876824594e-38 1.4193488100294995e-38 6.069276279022805e-38 1.6826123815336412e-36 5.664370170378468e-33 1.6217981463682798e-29 2.2276559594728032e-26 5.554299713601975e-26
1.1260341232779899e-05 1.0256708574010605e-38 1.4248785402566185e-38 6.162544023427634e-38 1.7931537888973765e-36 6.099796990131992e-33 1.7757875219870896e-29 2.4427616652977865e-26 6.090723236694558e-26
1.1522893861159297e-05 1.028555461562003e-38 1.4304515186190793e-38 6.25840009715056e-38 1.912490759759811e-36 6.565451041743514e-33 1.9445247967662467e-29 2.67864025362929e-26 6.67895384236608e-26
1.1791568318464117e-05 1.0314563369319647e-38 1.4360682541606737e-38 6.356942044061814e-38 2.0414003960337483e-36 7.063300621997251e-33 2.1294284524044902e-29 2.9372978663205243e-26 7.32399500678033e-26
1.206650734479802e-05 1.0343736214365239e-38 1.4417292638940265e-38 6.458271911903076e-38 2.1807325329067665e-36 7.595464808305248e-33 2.3320536899587103e-29 3.220934392820116e-26 8.031333437588615e-26
