results/limits/Stanford_l_phase.dat
# %ECSV 1.0
# ---
# datatype:
# - {name: mx, unit: MeV, datatype: float64}
# - {name: sigma_10, unit: cm2, datatype: float64}
# - {name: sigma_9, unit: cm2, datatype: float64}
# - {name: sigma_7, unit: cm2, datatype: float64}
# - {name: sigma_6, unit: cm2, datatype: float64}
# - {name: sigma_5, unit: cm2, datatype: float64}
# - {name: sigma_4, unit: cm2, datatype: float64}
# - {name: sigma_3, unit: cm2, datatype: float64}
# - {name: sigma_2, unit: cm2, datatype: float64}
# schema: astropy-2.0
mx sigma_10 sigma_9 sigma_7 sigma_6 sigma_5 sigma_4 sigma_3 sigma_2
[from data line 239]
7.805350185866558e-05 1.3417613336104815e-38 2.1177481880589292e-38 7.168134856319462e-37 1.7637605160792557e-33 4.3833749571251625e-30 3.9732972331072006e-26 5.637646475465555e-23 1.4061192549585627e-22
7.987344244870308e-05 1.3467020540180888e-38 2.1300690496118762e-38 7.549290909201178e-37 1.9144301198085736e-33 4.7929413299779655e-30 4.3569029399714006e-26 6.182124377740394e-23 1.5419212218072152e-22
8.173581782606456e-05 1.3516792915783501e-38 2.1425335384777833e-38 7.956797749277448e-37 2.076972436460963e-33 5.2414166136067265e-30 4.777550762494641e-26 6.779187475567799e-23 1.6908388447354448e-22
8.364161742479263e-05 1.3566934521079328e-38 2.1551441569870693e-38 8.392770183755955e-37 2.2521974419625606e-33 5.732528161661263e-30 5.238817907035403e-26 7.433914405432744e-23 1.8541388244396838e-22
8.559185374914618e-05 1.3617449479457634e-38 2.167903464948419e-38 8.859510288614334e-37 2.4409592712547485e-33 6.2703618740269556e-30 5.744627050187943e-26 8.151874294857139e-23 2.033210198701828e-22
8.758756291151902e-05 1.366834197641979e-38 2.1808140813024595e-38 9.35952506506228e-37 2.6441585474464643e-33 6.859396756845008e-30 6.299279703087404e-26 8.939174133228262e-23 2.2295761575087187e-22
8.96298051829007e-05 1.3719616255245567e-38 2.1938786857645044e-38 9.89554581370602e-37 2.8627450609279244e-33 7.504542817808734e-30 6.907492798608776e-26 9.802510718552972e-23 2.4449069994883063e-22
9.17196655561724e-05 1.3771276629091134e-38 2.207100020583102e-38 1.047054939323137e-36 3.097720868052098e-33 8.211182617753956e-30 7.574438811870302e-26 1.0749227620867297e-22 2.6810343395881667e-22
9.385825432253677e-05 1.382332747065198e-38 2.220480892314232e-38 1.1087781545936395e-36 3.3501438847243245e-33 8.985216831000354e-30 8.305789754814055e-26 1.178737764613991e-22 2.9399666886743123e-22
9.604670766138824e-05 1.3875773224149757e-38 2.234024173680208e-38 1.1750782489283164e-36 3.62113205534574e-33 9.833114203753603e-30 9.107765421136194e-26 1.2925791334909326e-22 3.223906538299089e-22
9.828618824393714e-05 1.3928618398269725e-38 2.2477328054618558e-38 1.2463414990856359e-36 3.911868180444424e-33 1.0761966332108375e-29 9.987186289274747e-26 1.4174152074531483e-22 3.535269095020254e-22
0.00010057788585090809 1.3981867567958466e-38 2.2616097984907313e-38 1.3229895163871175e-36 4.2236054899266e-33 1.1779547727394994e-29 1.0951531535556867e-25 1.5543078466942237e-22 3.8767028243735723e-22
0.00010292301800464121 1.40355253865251e-38 2.2756582356939892e-38 1.4054826241692308e-36 4.5576740495381466e-33 1.2894381677694262e-29 1.2009002649554925e-25 1.7044214650561196e-22 4.251111978748632e-22
0.00010532283061593165 1.408959656892499e-38 2.289881274193845e-38 1.4943235612889848e-36 4.915488089448436e-33 1.4115812466501487e-29 1.3168593193981558e-25 1.8690329346350728e-22 4.661681301223056e-22
0.00010777859864595113 1.4144085909906015e-38 2.3042821474986198e-38 1.5900615423277542e-36 5.298554342728785e-33 1.545408456067045e-29 1.4440165301048425e-25 2.0495424468462437e-22 5.111903114973617e-22
0.00011029162678360347 1.419899827415783e-38 2.3188641677646791e-38 1.6932967078247254e-36 5.7084814817111004e-33 1.6920429443195173e-29 1.5834533558381708e-25 2.2474854226748906e-22 5.605607029543837e-22
0.00011286325013867351 1.4254338607952735e-38 2.333630728121027e-38 1.804685000775398e-36 6.146990737162139e-33 1.8527160824420682e-29 1.7363556993987414e-25 2.464545572850139e-22 6.1469925152215905e-22
0.00011549483495113791 1.4310111926467026e-38 2.3485853051213811e-38 1.924943508763026e-36 6.61592778665939e-33 2.0287779045988252e-29 1.9040239947434226e-25 2.7025692197053184e-22 6.7406646242857205e-22
0.00011818777931701482 1.4366323329866051e-38 2.363731461201847e-38 2.054856314475982e-36 7.117275995249848e-33 2.2217085559884554e-29 2.0878842680640748e-25 2.963581001891439e-22 7.391673161332636e-22
0.0001209435139311377 1.4422977997125737e-38 2.3790728473094165e-38 2.1952809010182743e-36 7.653171095091519e-33 2.4331308462043708e-29 2.289500267511794e-25 3.249801096380026e-22 8.105555637990459e-22
0.00012376350284724815 1.4480081186984115e-38 2.394613205579551e-38 2.3471551623762377e-36 8.225917388662818e-33 2.664824013916794e-29 2.510586763964247e-25 3.5636641031427243e-22 8.888384374642663e-22
0.00012664924425581149 1.4537638244157417e-38 2.410356372085638e-38 2.511505073688277e-36 8.838005567862939e-33 2.918738820513579e-29 2.7530241365644617e-25 3.907839753982154e-22 9.746818151907068e-22
0.00012960227127996844 1.4595654597866821e-38 2.4263062797533083e-38 2.6894530806103788e-36 9.492132245103725e-33 3.1970141009092963e-29 3.0188743670131476e-25 4.285255621547411e-22 1.0688158850928551e-21
0.00013262415279004548 1.4654135761583345e-38 2.442466961312905e-38 2.8822272721173595e-36 1.0191221300599622e-32 3.501994911922814e-29 3.3103985783882166e-25 4.6991220213097515e-22 1.172041356330179e-21
0.00013571649423705693 1.4713087339313114e-38 2.458842552399436e-38 3.091171406591782e-36 1.0938447163144e-32 3.8362524327605026e-29 3.6300762679174952e-25 5.152959318657601e-22 1.2852362699786291e-21
0.0001388809385056415 1.477251502740069e-38 2.47543729474137e-38 3.3177558670498274e-36 1.1737260153506576e-32 4.2026057867439554e-29 3.98062639727264e-25 5.6506278733498e-22 1.4093634677058776e-21
0.00014211916678688624 1.483242460935084e-38 2.4922555394793116e-38 3.5635896279411214e-36 1.2591414038483393e-32 4.604145969605717e-29 4.365030519589914e-25 6.196360875768322e-22 1.5454787817124046e-21
0.00014543289947150178 1.4892821967291052e-38 2.5093017505976593e-38 3.8304333231912605e-36 1.3504995962384563e-32 5.044262088198451e-29 4.7865581403422735e-25 6.794800354853697e-22 1.6947400157462886e-21
0.0001488238970638237 1.4953713076762846e-38 2.526580508476179e-38 4.120213513099545e-36 1.4482458946895e-32 5.52667013238784e-29 5.248794527486198e-25 7.451036663587623e-22 1.858416793479666e-21
0.00015229396111712465 1.501510401068537e-38 2.544096513600559e-38 4.4350382565043275e-36 1.5528657172682385e-32 6.05544452417397e-29 5.755671206902895e-25 8.170651777130714e-22 2.0379013578287436e-21
0.00015584493519073535 1.5077000942091136e-38 2.5618545903555657e-38 4.777214104335711e-36 1.6648884291613292e-32 6.635052713852961e-29 6.311499404018264e-25 8.959766774026341e-22 2.2347204136043794e-21
0.00015947870582948208 1.5139410148010943e-38 2.5798596910223576e-38 5.1492646414513946e-36 1.784891504070133e-32 7.27039311564601e-29 6.921006714434528e-25 9.825093902045736e-22 2.45054811365316e-21
0.00016319720356596128 1.5202338007397832e-38 2.598116899882065e-38 5.553950715620407e-36 1.913505047197437e-32 7.966836706661735e-29 7.589377316735914e-25 1.0773993673311174e-21 2.687220299389291e-21
0.00016700240394618395 1.5265791004438777e-38 2.6166314374834255e-38 5.9942925057907226e-36 2.0514167140477746e-32 8.730272641646998e-29 8.32229606835046e-25 1.181453747269243e-21 2.9467501164342127e-21
0.00017089632857913436 1.5329775733519894e-38 2.63540866506714e-38 6.473593596559843e-36 2.1993770640041573e-32 9.567158272440949e-29 9.125996860548453e-25 1.2955576213446605e-21 3.2313451385455415e-21
0.000174881046210801 1.5394298899210022e-38 2.654454089180106e-38 6.995467242145879e-36 2.358205391387823e-32 1.0484573997244287e-28 1.0007315643704529e-24 1.4206815623831845e-21 3.543426145428037e-21
0.00017895867382325032 1.5459367317432304e-38 2.673773366426674e-38 7.563865021396749e-36 2.5287960814553075e-32 1.1490283405714431e-28 1.0973748573494726e-24 1.5578898804572063e-21 3.885647714023242e-21
0.0001831313777593269 1.5524987921610623e-38 2.6933723084365407e-38 8.183108105478713e-36 2.7121255434333044e-32 1.2592799230984625e-28 1.2033515772312554e-24 1.7083496758972194e-21 4.260920798319031e-21
0.00018740137487357792 1.559116776044945e-38 2.713256887000558e-38 8.8579213822038e-36 2.909259778591166e-32 1.3801455671373995e-28 1.3195631250127864e-24 1.8733407668388997e-21 4.6724374904052684e-21
0.00019177093371001327 1.565791400461827e-38 2.7334332394173933e-38 9.593470705462297e-36 3.121362645738596e-32 1.5126487692511735e-28 1.4469979575468735e-24 2.0542665751724106e-21 5.123698171954011e-21
0.000196242375707327 1.5725233946725474e-38 2.753907674038451e-38 1.0395403565186833e-35 3.3497048948571435e-32 1.6579117991161684e-28 1.5867399955317022e-24 2.252666064430962e-21 5.618541289421969e-21
0.00020081807643222024 1.5793135004430403e-38 2.7746866760285875e-38 1.1269893502646832e-35 3.5956740433986457e-32 1.8171652351912698e-28 1.7399778431122246e-24 2.4702268300297725e-21 6.1611760034184686e-21
0.00020550046684148122 1.5861624724423294e-38 2.7957769133554917e-38 1.2223688628079602e-35 3.860785179581948e-32 1.991758421503186e-28 1.9080148982257306e-24 2.708799454209949e-21 6.756217992470957e-21
0.0002102920345734925 1.5930710782808474e-38 2.817185243025312e-38 1.326416463214976e-35 4.146692783537997e-32 2.1831709340364052e-28 2.092280439270998e-24 2.9704132471955434e-21 7.408728714251026e-21
0.0002151953252698519 1.6000400990452967e-38 2.838918717538029e-38 1.439938272034362e-35 4.455203665101088e-32 2.3930251540730355e-28 2.2943417822510123e-24 3.2572935082409392e-21 8.124258457675399e-21
0.00022021294392780895 1.6070703293077e-38 2.8609845916114505e-38 1.563815293953175e-35 4.7882911298599434e-32 2.6231000564480743e-28 2.5159176127914955e-24 3.571880454801863e-21 8.908893555602059e-21
0.00022534755628423554 1.614162577824562e-38 2.8833903292024644e-38 1.699010340845016e-35 5.14811048942963e-32 2.875346328251194e-28 2.7588926047862988e-24 3.916849978497987e-21 9.769308153867239e-21
0.0002306018902318662 1.6213176673758183e-38 2.906143610737806e-38 1.8465756009772254e-35 5.537016049909355e-32 3.1519029483492387e-28 3.025333451741934e-24 4.295136406868069e-21 1.0712820983123419e-20
0.00023597873726856003 1.6285364354170702e-38 2.9292523407218823e-38 2.0076609148867728e-35 5.95757971896601e-32 3.4551153672256897e-28 3.317506445744775e-24 4.709957462486569e-21 1.1747457611285093e-20
0.0002414809539803547 1.6358197342942902e-38 2.9527246555935607e-38 2.1835228235034722e-35 6.412611390410701e-32 3.7875554429813344e-28 3.637896754762266e-24 5.164841633426149e-21 1.2882018710297141e-20
0.0002471114635590999 1.6431684314833668e-38 2.976568931907203e-38 2.3755344593602728e-35 6.905181275672919e-32 4.15204330205287e-28 3.9892295613062346e-24 5.663658186538611e-21 1.4126154914559335e-20
0.00025287325735547713 1.6505834100943557e-38 3.0007937948844973e-38 2.5851963571885115e-35 7.438644371702543e-32 4.551671311266595e-28 4.37449324293348e-24 6.210650079798384e-21 1.5490448910125114e-20
0.00025876939646823026 1.6580655691844918e-38 3.0254081272802034e-38 2.8141482658979847e-35 8.016667269747454e-32 4.989830364718736e-28 4.796964791396148e-24 6.81047005314926e-21 1.6986505451648952e-20
0.00026480301337045197 1.665615823806021e-38 3.0504210786228543e-38 3.0641820497715603e-35 8.643257530049284e-32 5.470238708679611e-28 5.260237686305806e-24 7.468220204344662e-21 1.8627050071523332e-20
0.000270977313573789 1.673235105912781e-38 3.0758420748560713e-38 3.337255772770327e-35 9.322795872332487e-32 5.99697355127752e-28 5.768252461947525e-24 8.189495388604619e-21 2.0426037326290296e-20
0.00027729557733145163 1.6809243643408791e-38 3.1016808283553746e-38 3.635509065919747e-35 1.0060071448066022e-31 6.574505723563636e-28 6.3253302251082344e-24 8.980430808213373e-21 2.2398769493505158e-20
0.00028376116138093086 1.6886845653986112e-38 3.127947348393788e-38 3.9612798841468767e-35 1.0860320494079882e-31 7.20773768803811e-28 6.93620941025814e-24 9.847754198610431e-21 2.4562026733067002e-20
0.0002903775007273506 1.6965166930057445e-38 3.1546519520156847e-38 4.3171227651963413e-35 1.1729268692712859e-31 7.902045218387953e-28 7.606086085203129e-24 1.0798843055549526e-20 2.693420982186316e-20
0.00029714811046840066 1.7044217493144312e-38 3.181805275401071e-38 4.7058287097806117e-35 1.2673177592312016e-31 8.663323103346231e-28 8.340658148534888e-24 1.1841787387952056e-20 2.953549667047235e-20
0.00030407658766182135 1.7124007551305594e-38 3.2094182856990274e-38 5.130446808547584e-35 1.3698895480079447e-31 9.49803526409184e-28 9.146173795501154e-24 1.2985458531195366e-20 3.238801395566266e-20
0.00031116661323643183 1.7204547503191406e-38 3.237502293364402e-38 5.594307747842684e-35 1.4813913138620158e-31 1.0413269714061212e-27 1.0029484667074639e-23 1.4239584609751265e-20 3.5516025337544297e-20
0.0003184219539477161 1.7285847941651767e-38 3.2660689650351343e-38 6.101049332548471e-35 1.602642494555679e-31 1.14167988215804e-27 1.0998104127539508e-23 1.561483328145304e-20 3.894613783839016e-20
0.00032584646437900766 1.7367919659345942e-38 3.295130336964433e-38 6.65464417052517e-35 1.7345395844496693e-31 1.251714539745515e-27 1.2060271175544372e-23 1.7122902480332845e-20 4.2707528171304336e-20
0.00033344408898933415 1.7450773651094534e-38 3.3246988290284994e-38 7.259429668805918e-35 1.8780634739798009e-31 1.3723655161391811e-27 1.3225020524342976e-23 1.8776619918663492e-20 4.683219091589399e-20
0.0003412188642090111 1.7534421123275903e-38 3.35478725935182e-38 7.920140497106994e-35 2.0342874936951336e-31 1.5046576205869742e-27 1.450225944951838e-23 2.059005219768448e-20 5.13552106596975e-20
0.0003491749205840977 1.7618873492604562e-38 3.385408859591018e-38 8.641943679135396e-35 2.2043862314654814e-31 1.6497146139799872e-27 1.5902852064106492e-23 2.2578624463980354e-20 5.631506044233296e-20
0.0003573164849708539 1.7704142397636733e-38 3.416577290854575e-38 9.430476475526592e-35 2.3896451957070704e-31 1.8087687641004375e-27 1.743871172624825e-23 2.4759251612677684e-20 6.175392899945266e-20
0.0003656478827813646 1.779023969827409e-38 3.448306660369418e-38 1.0291887225965208e-34 2.5914714074194047e-31 1.983171324045881e-27 1.9122902375267514e-23 2.715048216749949e-20 6.771807962501954e-20
0.0003741735402815245 1.7877177485905547e-38 3.480611538872352e-38 1.1232879317884086e-34 2.811405009557236e-31 2.174404022364769e-27 2.0969749652483088e-23 2.977265605349138e-20 7.425824368436198e-20
0.0003828979869426037 1.796496808442517e-38 3.51350697879396e-38 1.2260758450943097e-34 3.051131992971332e-31 2.384091663374354e-27 2.2994962759096257e-23 3.264807761458343e-20 8.14300521505432e-20
0.000391825857847644 1.805362405918749e-38 3.54700853323035e-38 1.3383483361761012e-34 3.312498144407899e-31 2.614015943585444e-27 2.5215768075690397e-23 3.580120533065807e-20 8.929450879224797e-20
0.000400961896153964 1.8143158221934444e-38 3.581132275838331e-38 1.4609720170127259e-34 3.5975243362258264e-31 2.866130602948176e-27 2.7651055691455934e-23 3.925885986425045e-20 9.791850907901296e-20
0.0004103109556130814 1.8233583636739252e-38 3.6158948215674735e-38 1.594890049947382e-34 3.908423286188511e-31 3.1425780392722112e-27 3.0321540084570716e-23 4.3050452199503975e-20 1.0737540920009094e-19
0.0004198780031493915 1.8324913624797058e-38 3.6513133483896054e-38 1.7411283512887285e-34 4.247617928633806e-31 3.445707526786491e-27 3.3249936317117405e-23 4.72082338091532e-20 1.177456500251077e-19
0.00042966812149897106 1.841716177261613e-38 3.687405620019854e-38 1.900802199101251e-34 4.617761553664559e-31 3.778095194974025e-27 3.646115325462501e-23 5.176757099360327e-20 1.291174413541988e-19
0.000439686511909911 1.8510341938579855e-38 3.724190009699696e-38 2.0751232559662804e-34 5.0217598830495965e-31 4.142565936098734e-27 3.9982505439141765e-23 5.676724570488087e-20 1.4158751222609655e-19
0.0004499384969056106 1.8604468257947764e-38 3.7616855250519837e-38 2.265407014975802e-34 5.462795270524401e-31 4.542217428769313e-27 4.3843945427797867e-23 6.224978542813196e-20 1.5526193370087138e-19
0.00046042952311250296 1.869955515142709e-38 3.799911834157221e-38 2.473080674369392e-34 5.944353231002383e-31 4.980446481541947e-27 4.807831856991489e-23 6.826182492207618e-20 1.7025702110454284e-19
