results/limits/Stanford_l.dat
# %ECSV 1.0
# ---
# datatype:
# - {name: mx, unit: MeV, datatype: float64}
# - {name: sigma_10, unit: cm2, datatype: float64}
# - {name: sigma_9, unit: cm2, datatype: float64}
# - {name: sigma_7, unit: cm2, datatype: float64}
# - {name: sigma_6, unit: cm2, datatype: float64}
# - {name: sigma_5, unit: cm2, datatype: float64}
# - {name: sigma_4, unit: cm2, datatype: float64}
# - {name: sigma_3, unit: cm2, datatype: float64}
# - {name: sigma_2, unit: cm2, datatype: float64}
# schema: astropy-2.0
mx sigma_10 sigma_9 sigma_7 sigma_6 sigma_5 sigma_4 sigma_3 sigma_2
[from data line 883]
218.19200787898666 1.49934867731346e-35 1.4782696255307942e-31 2.3593448295935665e-25 2.3969942925995873e-23 2.3975236140138902e-21 2.367360733970443e-19 5.782113633053078e-18 3.671182469211502e-18
223.27949892173046 1.6061066868706695e-35 1.5836375113362185e-31 2.4160833417515744e-25 2.452901806981619e-23 2.4534258402060593e-21 2.422559528518429e-19 5.9169362357409594e-18 3.756793911717972e-18
228.48561284787684 1.7204935480124438e-35 1.6964929510108114e-31 2.4741078199594402e-25 2.5101124877604315e-23 2.5106315109554697e-21 2.4790453652914057e-19 6.054899835194015e-18 3.8443763504442206e-18
233.81311553717836 1.843055050300911e-35 1.8173652195823247e-31 2.533448937994599e-25 2.5686567295423772e-23 2.56917101831071e-21 2.536848262452932e-19 6.196080858978541e-18 3.9340059541440566e-18
239.2648373602396 1.9743760422838726e-35 1.94682066558742e-31 2.594138078886427e-25 2.628565635422161e-23 2.629075462876436e-21 2.5959989299777215e-19 6.3405545038773506e-18 4.0257458777055185e-18
244.8436746822229 2.1150832266488692e-35 2.085465266857909e-31 2.656207350988462e-25 2.6898710335076955e-23 2.6903766704002492e-21 2.656528792397668e-19 6.4883971517018694e-18 4.119612747945748e-18
250.55259140161598 2.265848155361122e-35 2.233947357539369e-31 2.719689604470845e-25 2.752605493829671e-23 2.753107208692698e-21 2.7184700066797495e-19 6.639686856441582e-18 4.215677378567232e-18
256.3946205248776 2.42739043908731e-35 2.3929605372142775e-31 2.7846184482398893e-25 2.8168023456473474e-23 2.8173004051542784e-21 2.781855501913714e-19 6.794511780102621e-18 4.3142260438099544e-18
262.37286577779935 2.600481186229169e-35 2.5632467736191534e-31 2.851028267292084e-25 2.882495695153609e-23 2.882990364289791e-21 2.846718977506069e-19 6.952962946207658e-18 4.41554981368601e-18
268.49050325443824 2.7859466879858184e-35 2.7455997110880487e-31 2.918954240510073e-25 2.949720443593981e-23 2.9502119857552476e-21 2.913094913831884e-19 7.115131576722887e-18 4.519834404183144e-18
274.7507831044972 2.9846723670369456e-35 2.9408681975235636e-31 2.9884323589085366e-25 3.018512305809793e-23 3.019000983005727e-21 2.981018601278017e-19 7.281113085323616e-18 4.627291523182747e-18
281.15703126004934 3.1976070086956773e-35 3.1499600433905743e-31 3.059499444338092e-25 3.088907829212706e-23 3.0893939022855896e-21 3.050526160651099e-19 7.451007661130872e-18 4.7381611935851285e-18
287.7126512025234 3.425767294726478e-35 3.3738460269467106e-31 3.132193168655711e-25 3.160944413201615e-23 3.1614281420641873e-21 3.121654564334969e-19 7.624920941257957e-18 4.8527139038020046e-18
294.4211257708895 3.670242661465879e-35 3.6135641606662688e-31 3.206552073370447e-25 3.2346603290322064e-23 3.2351419729277483e-21 3.1944416582408826e-19 7.802964777483126e-18 4.971252549833903e-18
301.2860190120053 3.93220050542921e-35 3.870224234579287e-31 3.2826155897735913e-25 3.3100947401497503e-23 3.310574557938265e-21 3.2689261845934624e-19 7.985258101131898e-18 5.094114148781311e-18
308.3109780741064 4.212891761242048e-35 4.145012653033901e-31 3.3604240595626774e-25 3.387287722995954e-23 3.3877659734706277e-21 3.345147805594768e-19 8.17192788885104e-18 5.221671320732612e-18
315.4997351444457 4.51365687850857e-35 4.439197582194792e-31 3.440018755969102e-25 3.466280288300893e-23 3.466757230539163e-21 3.423147128007759e-19 8.363110230444334e-18 5.354333553145865e-18
322.8561094321127 4.835932226129011e-35 4.754134426412146e-31 3.521441905399388e-25 3.547114402871368e-23 3.5475902966254055e-21 3.502965728699155e-19 8.558951498386935e-18 5.492548277787339e-18
330.38400919708465 5.181256954613668e-35 5.09127165243003e-31 3.604736709600605e-25 3.629833011887232e-23 3.630308118018772e-21 3.584646181180413e-19 8.7596096171131e-18 5.636801803913126e-18
338.08743382658884 5.551280349121224e-35 5.452156981247156e-31 3.689947368360569e-25 3.7144800617176e-23 3.714954642682352e-21 3.6682320831840054e-19 8.96525542875694e-18 5.7876201618989745e-18
345.970475959878 5.947769708284681e-35 5.838443968292256e-31 3.77711910275399e-25 3.801100523268942e-23 3.801574843656124e-21 3.7537680853110033e-19 9.176074150789681e-18 5.94556991851704e-18
354.0373236625486 6.372618786390109e-35 6.2518989934256214e-31 3.86629817894596e-25 3.889740415877653e-23 3.890214743010279e-21 3.841299920784977e-19 9.392266920005063e-18 6.111259028466598e-18
362.2922626515567 6.827856839153297e-35 6.694408683121091e-31 3.957531932564541e-25 3.9804468317595706e-23 3.980921436361531e-21 3.930874436346414e-19 9.614052416612747e-18 6.285337786846142e-18
370.7396785721134 7.315658316210112e-35 7.167987788013117e-31 4.0508687936545728e-25 4.073267961029638e-23 4.073743117965612e-21 4.0225396243217653e-19 9.841668561850674e-18 6.468499944508531e-18
379.3840593276699 7.83835324651112e-35 7.6747875398022656e-31 4.146358312225196e-25 4.168253117304865e-23 4.168729106399559e-21 4.116344655901462e-19 1.0075374282548588e-17 6.661484043327138e-18
388.22999746422977 8.398438366104926e-35 8.217104512291248e-31 4.244051184403909e-25 4.2654527639042573e-23 4.265929870847453e-21 4.2123399156620364e-19 1.0315451336477564e-17 6.865075022041791e-18
397.28219261025527 8.998589041321804e-35 8.797390012061409e-31 4.343999279210315e-25 4.36491854065963e-23 4.3653970580039676e-21 4.3105770373691617e-19 1.0562206193101464e-17 7.080106136262064e-18
406.54545397346374 9.641672044148343e-35 9.418260024985174e-31 4.446255665963199e-25 4.4667032913515035e-23 4.467183519610057e-21 4.411108941100317e-19 1.0815971965483297e-17 7.307461229019224e-18
416.02470289584096 1.033075924063029e-34 1.0082505745389775e-30 4.550874642334805e-25 4.5708610917847503e-23 4.57134334063574e-21 4.513989871728859e-19 1.1077110390562278e-17 7.548077381502247e-18
425.7249754682287 1.106914225747532e-34 1.0793104715226464e-30 4.657911763066668e-25 4.677447278518831e-23 4.677931868125186e-21 4.619275438814501e-19 1.1346013856757349e-17 7.802947967680327e-18
435.6514252058753 1.1860348196669362e-34 1.155323260104115e-30 4.767423869361682e-25 4.7865184782678883e-23 4.787005740719731e-21 4.72702265794939e-19 1.1623107479821173e-17 8.073126131661727e-18
445.8093257863709 1.2708156472891892e-34 1.2366275636868983e-30 4.879469118967505e-25 4.898132637986389e-23 4.898622918874797e-21 4.837289993613789e-19 1.1908851230002479e-17 8.35972870300278e-18
456.2040738514225 1.361661685383968e-34 1.3235843761364695e-30 4.994107016966828e-25 5.0123490556562574e-23 5.012842715787206e-21 4.950137403600366e-19 1.2203742115818383e-17 8.663940562792775e-18
466.841191873956 1.459006878926981e-34 1.4165784477512117e-30 5.1113984472903095e-25 5.1292284117918025e-23 5.129725829049722e-21 5.065626385072288e-19 1.250831643202861e-17 8.987019472155006e-18
477.72633109207 1.563316212067969e-34 1.5160197463103942e-30 5.231405704968647e-25 5.248832801679353e-23 5.249334373050124e-21 5.183820022326379e-19 1.2823152081690158e-17 9.330301374719703e-18
488.86527451139875 1.6750879270078565e-34 1.622344995982025e-30 5.354192529140284e-25 5.371225768368481e-23 5.371731912132521e-21 5.304783036339604e-19 1.3148870984402292e-17 9.695206185508246e-18
500.26393997748045 1.7948559013307894e-34 1.736019296813141e-30 5.479824136832146e-25 5.496472336432619e-23 5.496983494539258e-21 5.428581836184432e-19 1.348614158499067e-17 1.0083244080372028e-17
511.92838331976236 1.923192195086409e-34 1.8575378274377247e-30 5.608367257530812e-25 5.624639046516823e-23 5.625155687151998e-21 5.555284572406297e-19 1.3835681478893754e-17 1.0496022302509317e-17
523.8648015689132 2.0607097797203683e-34 1.987427633519308e-30 5.739890168562257e-25 5.755793990691072e-23 5.756316611051215e-21 5.684961192464602e-19 1.419826017238789e-17 1.0935252505501628e-17
536.079536249153 2.2080654618106504e-34 2.1262495042931053e-30 5.874462731298577e-25 5.890006848628014e-23 5.890535977913932e-21 5.817683498347289e-19 1.457470199750585e-17 1.1402758655652139e-17
548.5790767473477 2.3659630154873192e-34 2.2745999393817753e-30 6.012156428210684e-25 6.02734892462421e-23 6.027885127269707e-21 5.953525206477947e-19 1.4965889203072114e-17 1.1900485520073255e-17
561.3700637606607 2.5351565383985146e-34 2.4331132078261547e-30 6.1530444007863505e-25 6.167893185484716e-23 6.168437064635963e-21 6.092562010043907e-19 1.5372765244702356e-17 1.2430507770883734e-17
574.4592928245908 2.7164540471400375e-34 2.6024635009923282e-30 6.297201488333435e-25 6.311714299290992e-23 6.3122665005536585e-21 6.234871643883482e-19 1.5796338297913394e-17 1.2995039739982811e-17
587.8537179232724 2.9107213291950537e-34 2.7833671806853995e-30 6.444704267688845e-25 6.458888675072935e-23 6.4594498905455315e-21 6.380533952081128e-19 1.6237685019685442e-17 1.3596445863132327e-17
601.560455183956 3.118886069638668e-34 2.9765851234128696e-30 6.595631093853835e-25 6.609494503405901e-23 6.61006547601915e-21 6.529630958429743e-19 1.669795458493905e-17 1.4237251856479706e-17
615.5867866576306 3.341942272155979e-34 3.182925161292127e-30 6.750062141577185e-25 6.763611797954469e-23 6.764193326138031e-21 6.682246939930829e-19 1.7178373025464893e-17 1.4920156673186584e-17
629.940164187797 3.5809549953066506e-34 3.403244619581975e-30 6.908079447908195e-25 6.921322437984966e-23 6.921915380684466e-21 6.838468503515347e-19 1.7680247899909572e-17 1.5648045292498515e-17
644.6282133694491 3.8370654264509854e-34 3.638452950232417e-30 7.069766955741681e-25 7.082710211869358e-23 7.083315493938377e-21 6.998384666180254e-19 1.8204973324506793e-17 1.6424002398410922e-17
659.6587376003637 4.111496317338413e-34 3.889514460184976e-30 7.235210558378211e-25 7.247860861603671e-23 7.248479479597392e-21 7.162086938749348e-19 1.875403539538482e-17 1.7251327010079517e-17
675.039722226853 4.405557807056428e-34 4.157451132412793e-30 7.404498145122873e-25 7.416862128364494e-23 7.41749515676353e-21 7.329669413480711e-19 1.932901803450901e-17 1.813354813131542e-17
690.7793387861822 4.72065365985436e-34 4.4433455368612355e-30 7.577719647946793e-25 7.589803799128013e-23 7.590452397023171e-21 7.501228855758204e-19 1.99316092926634e-17 1.9074441491925597e-17
706.885949347905 5.058287947299287e-34 4.748343827530638e-30 7.754967089235875e-25 7.766777754376095e-23 7.767443172647251e-21 7.676864800119901e-19 2.056360814436366e-17 2.007804745934293e-17
723.368110956425 5.42007220630097e-34 5.073658820930398e-30 7.936334630652199e-25 7.947878016915007e-23 7.948561605939593e-21 7.856679650893225e-19 2.1226931811253583e-17 2.1148690204972084e-17
740.2345801771418 5.8077331067667505e-34 5.42057315002365e-30 8.121918623133787e-25 8.133200801832601e-23 8.133904019761943e-21 8.040778787724396e-19 2.192362365238876e-17 2.229099821599428e-17
757.4943177485981 6.2231206650271904e-34 5.790442486572468e-30 8.31181765805912e-25 8.322844567620573e-23 8.32356898926519e-21 8.229270676308415e-19 2.2655861661877958e-17 2.3509926250066807e-17
775.1564933430986 6.668217041718583e-34 6.184698823483238e-30 8.506132619603688e-25 8.516910068489059e-23 8.517657394857008e-21 8.422266984646733e-19 2.3425967616651495e-17 2.4810778837459198e-17
793.2304904383309 7.145145965530968e-34 6.60485380734047e-30 8.704966738316022e-25 8.715500407901197e-23 8.716272476436861e-21 8.619882705180336e-19 2.42364169196761e-17 2.6199235442731316e-17
811.7259113025749 7.656182827142067e-34 7.052502109806261e-30 8.908425645941834e-25 8.918721093356322e-23 8.919519888930557e-21 8.822236283170078e-19 2.5089849186752915e-17 2.768137740612193e-17
830.6525820961508 8.203765490771378e-34 7.529324824954369e-30 9.116617431525008e-25 9.126680092450867e-23 9.127507759156976e-21 9.029449751719868e-19 2.5989079628134643e-17 2.926371679342182e-17
850.0205580918159 8.790505874118231e-34 8.037092877908437e-30 9.329652698815499e-25 9.339487890246752e-23 9.340346744061103e-21 9.241648873865517e-19 2.6937111279594495e-17 3.095322729230495e-17
869.8401290168822 9.419202351007349e-34 8.577670428369087e-30 9.547644625014224e-25 9.557257547977824e-23 9.558150090347777e-21 9.458963292179348e-19 2.793714814128872e-17 3.275737730292578e-17
890.1218245198946 1.0092853034871346e-33 9.15301825075573e-30 9.770709020886422e-25 9.780104763125564e-23 9.781033695552325e-21 9.681526686371924e-19 2.8992609286793625e-17 3.468416538112034e-17
910.8764197647733 1.0814670005267226e-33 9.765197070767281e-30 9.998964392274917e-25 1.0008147930895957e-22 1.0009116170584629e-20 9.909476939403525e-19 3.010714400907825e-17 3.6742158203817885e-17
932.1149411553916 1.1588094543972576e-33 1.0416370836198524e-29 1.02325320030464e-24 1.0241508207130444e-22 1.0242518903784974e-20 1.0142956312653662e-18 3.128464807491942e-17 3.8940531238343545e-17
953.848672193633 1.2416813451852894e-33 1.1108809897853611e-29 1.0471535939503712e-24 1.0480309572684113e-22 1.0481366126530252e-20 1.038211163073324e-18 3.2529281164389655e-17 4.1289112310224053e-17
976.0891594740359 1.3304776522656805e-33 1.1844894074398639e-29 1.0716103176298468e-24 1.0724678899305682e-22 1.0725784980431407e-20 1.0627094476564147e-18 3.384548557757463e-17 4.379842827796749e-17
998.8482188182152 1.4256215255200317e-33 1.2627115573018763e-29 1.0966363643878936e-24 1.0974746017054102e-22 1.0975905586162974e-20 1.0878061397393433e-18 3.523800629662653e-17 4.6479755038135083e-17
1022.1379415523157 1.5275662891067532e-33 1.345808173581985e-29 1.1222450297509116e-24 1.1230643783287911e-22 1.1231861113968187e-20 1.1135174122455102e-18 3.671191249765676e-17 4.934517109994254e-17
1045.9707009308356 1.6367975871006913e-33 1.4340517580079457e-29 1.148449918789527e-24 1.1492508153263733e-22 1.149378785588308e-20 1.1398599793040861e-18 3.827262061384384e-17 5.240761498567956e-17
1070.3591587102305 1.753835680966515e-33 1.5277268098741175e-29 1.1752649533457785e-24 1.1760478252381774e-22 1.1761825299725712e-20 1.1668511205794289e-18 3.9925919058509964e-17 5.56809467315208e-17
1095.3162718757928 1.8792379095201124e-33 1.6271300286006384e-29 1.2027043794286525e-24 1.2034696450116737e-22 1.2036116204896996e-20 1.1945087070098244e-18 4.167799472483205e-17 5.91800137828936e-17
1120.8552995253765 2.013601322768798e-33 1.732570485155346e-29 1.2307827747818867e-24 1.2315308435673245e-22 1.231680668004181e-20 1.2228512280485686e-18 4.353546138733856e-17 6.292072159956679e-17
1146.98980991363 2.1575655018073933e-33 1.8443697585857912e-29 1.2595150566280862e-24 1.2602463295406567e-22 1.2604046262620501e-20 1.2518978205068643e-18 4.55053901394373e-17 6.692010930813321e-17
1173.7336876604738 2.311815577786116e-33 1.9628620338348067e-29 1.288916489593219e-24 1.289631359204927e-22 1.2897988000442069e-20 1.2816682991048528e-18 4.7595342010964627e-17 7.119643076368017e-17
1201.1011411276565 2.4770854638613516e-33 2.08839415697709e-29 1.3190026938157457e-24 1.3197015445786522e-22 1.3198788535212918e-20 1.312183188844528e-18 4.9813402920186884e-17 7.576924140829444e-17
1229.1067099673062 2.6541613149949837e-33 2.2213256440211243e-29 1.3497896532446572e-24 1.3504728617222822e-22 1.3506608188156008e-20 1.343463759326153e-18 5.216822112586895e-17 8.065949134175983e-17
1257.7652728464884 2.8438852314860843e-33 2.362028639476915e-29 1.381293724130841e-24 1.3819616592284647e-22 1.382161104775748e-20 1.3755320611383209e-18 5.466904735700469e-17 8.588962504949467e-17
1287.0920553518754 3.047159223204254e-33 2.5108878210005933e-29 1.4135316437162711e-24 1.4141846669104058e-22 1.4143965059699756e-20 1.4084109644608034e-18 5.732577781063639e-17 9.14836882646074e-17
1317.1026380787234 3.264949452650677e-33 2.668300246597711e-29 1.4465205391256508e-24 1.447159004692962e-22 1.447384211904248e-20 1.442124200029156e-18 6.014900022193346e-17 9.746744247504861e-17
1347.812964908458 3.498290776205839e-33 2.8346751411027475e-29 1.4802779364652325e-24 1.4809021917112084e-22 1.481141816471379e-20 1.4766964026203542e-18 6.315004322542324e-17 1.0386848762339492e-16
