results/limits/Stanford_l.dat
# %ECSV 1.0
# ---
# datatype:
# - {name: mx, unit: MeV, datatype: float64}
# - {name: sigma_10, unit: cm2, datatype: float64}
# - {name: sigma_9, unit: cm2, datatype: float64}
# - {name: sigma_7, unit: cm2, datatype: float64}
# - {name: sigma_6, unit: cm2, datatype: float64}
# - {name: sigma_5, unit: cm2, datatype: float64}
# - {name: sigma_4, unit: cm2, datatype: float64}
# - {name: sigma_3, unit: cm2, datatype: float64}
# - {name: sigma_2, unit: cm2, datatype: float64}
# schema: astropy-2.0
mx sigma_10 sigma_9 sigma_7 sigma_6 sigma_5 sigma_4 sigma_3 sigma_2
[from data line 160]
1.263576678362426e-05 6.702875794012339e-39 9.189918933466159e-39 3.47035823050287e-38 4.030767892989753e-37 3.641876025723708e-35 7.705967546803468e-33 4.081338744026411e-30 9.943998225555706e-30
1.293038962959737e-05 6.567941238954513e-39 9.014002312547676e-39 3.436159536096759e-38 4.0979973520326586e-37 3.7315246768806916e-35 8.049038732155731e-33 4.3679929410437976e-30 1.0653315870589292e-29
1.3231882072236462e-05 6.435770518169231e-39 8.841575989466934e-39 3.4027767393634244e-38 4.167461743568478e-37 3.82356428666561e-35 8.410604132114027e-33 4.675035810899778e-30 1.1413352898884694e-29
1.3540404287030327e-05 6.306306336206253e-39 8.672569355571322e-39 3.3702001629333616e-38 4.23921043653143e-37 3.918068126824629e-35 8.791796542497307e-33 5.0039239710805596e-30 1.2227738707641636e-29
1.3856120184212054e-05 6.179492596439547e-39 8.506913251783271e-39 3.338420464502557e-38 4.313293401594757e-37 4.015112211744103e-35 9.193823938630181e-33 5.356218247995996e-30 1.3100362512592068e-29
1.4179197495840522e-05 6.055274375796934e-39 8.344539938520074e-39 3.3074286353107857e-38 4.3897612044474584e-37 4.114775422257339e-35 9.617974718767867e-33 5.733591135216789e-30 1.4035391851723742e-29
1.4509807864912299e-05 5.933597900025178e-39 8.18538306624351e-39 3.277215998837621e-38 4.468665002705577e-37 4.2171396358359995e-35 1.0065623323247264e-32 6.137834785835872e-30 1.5037292550649544e-29
1.484812693655133e-05 5.8144105194801896e-39 8.029377646625952e-39 3.247774209718832e-38 4.550056546913714e-37 4.322289863523632e-35 1.0538236256507854e-32 6.570869576831017e-30 1.611085007102266e-29
1.5194334451324849e-05 5.697660685430347e-39 7.87646002432002e-39 3.2190952528859487e-38 4.633988186074123e-37 4.4303143939900035e-35 1.1037378541073649e-32 7.034753286425369e-30 1.726119236806643e-29
1.5548614340735104e-05 5.5832979268620896e-39 7.726567849318944e-39 3.1911714429320784e-38 4.720512878114149e-37 4.5413049451079127e-35 1.1564720634673179e-32 7.531690928436844e-30 1.849381442489591e-29
1.5911154824937624e-05 5.471272827777627e-39 7.579640049895247e-39 3.163995423707228e-38 4.809684205667542e-37 4.655356823478064e-35 1.2122045843907068e-32 8.064045290530741e-30 1.9814604528301999e-29
1.6282148512737936e-05 5.361537004973424e-39 7.435616806105677e-39 3.137560168146481e-38 4.901556397501176e-37 4.772569092353715e-35 1.2711258270263874e-32 8.634348226505799e-30 2.122987227735217e-29
1.6661792503919872e-05 5.25404308629011e-39 7.294439523850208e-39 3.111858978334707e-38 4.996184355866913e-37 4.893044748443935e-35 1.333439132684481e-32 9.245312757747365e-30 2.2746379053057628e-29
1.7050288493959805e-05 5.148744689322946e-39 7.156050809473666e-39 3.086885485811538e-38 5.093623689998497e-37 5.016890908103677e-35 1.3993616866897152e-32 9.899846039463556e-30 2.4371369950643036e-29
1.7447842881182494e-05 5.045596400583719e-39 7.020394444898427e-39 3.0626336521206406e-38 5.19393075590715e-37 5.144219003450122e-35 1.4691254968192915e-32 1.0601063256523208e-29 2.6112608739736694e-29
1.785466687641539e-05 4.944553755103975e-39 6.887415363277036e-39 3.039097769607378e-38 5.29716270255751e-37 5.275144988977557e-35 1.5429784420427522e-32 1.1352302512547571e-29 2.7978414685238555e-29
1.8270976615199758e-05 4.845573216470353e-39 6.75705962515382e-39 3.016272462469274e-38 5.403377524429313e-37 5.409789559278859e-35 1.6211853966180513e-32 1.2157140786183272e-29 2.997770266950669e-29
1.869699327261814e-05 4.7486121572829874e-39 6.629274395124728e-39 2.9941526880637153e-38 5.512634120391066e-37 5.548278378518805e-35 1.704029434957802e-32 1.3019411027330178e-29 3.212002519271272e-29
1.91329431807992e-05 4.653628840027655e-39 6.504007918984945e-39 2.972733738477616e-38 5.6249923587321665e-37 5.690742322345156e-35 1.791813123065673e-32 1.3943220480525342e-29 3.441561907115491e-29
1.957905794916243e-05 4.560582398353034e-39 6.381209501354036e-39 2.952011242363853e-38 5.740513148120877e-37 5.837317732965798e-35 1.8848599027553784e-32 1.493297031420492e-29 3.6875452647564405e-29
2.003557458746648e-05 4.469432818744483e-39 6.260829483768489e-39 2.9319811670494695e-38 5.8592585141791735e-37 5.988146688166175e-35 1.9835155753074491e-32 1.5993376663071341e-29 3.9511280592269466e-29
2.0502735631726606e-05 4.3801409225857556e-39 6.14281922323191e-39 2.9126398209207615e-38 5.981291681294695e-37 6.14337728508996e-35 2.0881498916917217e-32 1.7129493166665096e-29 4.2335697415995547e-29
2.0980789273068064e-05 4.2926683486005795e-39 6.027131071213181e-39 2.8939838560904996e-38 6.106677159225135e-37 6.303163939657861e-35 2.1991582569914147e-32 1.834673513073612e-29 4.5362200020774577e-29
2.1469989489583918e-05 4.206977535665796e-39 5.913718353083201e-39 2.8760102713526913e-38 6.235480833995126e-37 6.46766770255508e-35 2.316963557206982e-32 1.9650905410400508e-29 4.860525052323107e-29
2.1970596181267336e-05 4.1230317059883383e-39 5.8025353479809477e-39 2.858716415430302e-38 6.367770062540096e-37 6.637056592777033e-35 2.4420181172001834e-32 2.1048222149794428e-29 5.20803460294754e-29
2.2482875308090033e-05 4.0407948486381975e-39 5.6935372690998406e-39 2.8420999905214976e-38 6.5036137705180546e-37 6.811505949786474e-35 2.574805799161587e-32 2.2545348507335438e-29 5.580409313913346e-29
2.3007099031300245e-05 3.960231703429913e-39 5.586680244385595e-39 2.826159056150051e-38 6.643082552689791e-37 6.991198805402597e-35 2.715844251652126e-32 2.4149424503582325e-29 5.979428563909087e-29
2.354354585801526e-05 3.881307745144925e-39 5.481921297636881e-39 2.810892033325533e-38 6.786248775260398e-37 7.176326276614946e-35 2.8656873199846646e-32 2.586810115770223e-29 6.406999228260622e-29
2.4092500789185385e-05 3.803989168087913e-39 5.379218330000331e-39 2.7962977090189374e-38 6.933186679582673e-37 7.367087980592174e-35 3.0249276294768024e-32 2.7709577053685366e-29 6.865164413590923e-29
2.4654255471007912e-05 3.7282428709696186e-39 5.278530101851609e-39 2.7823752409594183e-38 7.0839724866431675e-37 7.563692473238146e-35 3.1941993539279084e-32 2.9682637539969773e-29 7.356113660766027e-29
2.5229108349871537e-05 3.6540364421095754e-39 5.1798162150544496e-39 2.7691241627576844e-38 7.238684501786537e-37 7.76635771273599e-35 3.374181182551358e-32 3.179669671609702e-29 7.882192933914211e-29
2.5817364830913554e-05 3.5813381449516024e-39 5.083037095589672e-39 2.756544389361596e-38 7.3974032191802955e-37 7.975311549615017e-35 3.5655994995365205e-32 3.4061842442347574e-29 8.445916261881158e-29
2.641933744027406e-05 3.510116903885713e-39 4.988153976546456e-39 2.744636222849283e-38 7.5602114255808e-37 8.190792244976206e-35 3.7692317914235657e-32 3.6488884554883223e-29 9.049977421069192e-29
2.7035345991133382e-05 3.4403422903696496e-39 4.895128881468219e-39 2.733400358565079e-38 7.727194303028904e-37 8.413049018619724e-35 3.9859102985569707e-32 3.908940654063093e-29 9.69726291341233e-29
2.7665717753620915e-05 3.371984509343942e-39 4.803924608045695e-39 2.72283789160311e-38 7.898439530179833e-37 8.642342628933295e-35 4.216525928042677e-32 4.187582090920114e-29 1.0390865863456856e-28
2.8310787628685666e-05 3.305014385933995e-39 4.714504712149901e-39 2.712950323643379e-38 8.074037382053134e-37 8.878945986523617e-35 4.4620324468766227e-32 4.486142852152923e-29 1.1134100583461941e-28
2.8970898326020842e-05 3.23940335243331e-39 4.6268334921978125e-39 2.703739570144589e-38 8.254080828073931e-37 9.123144803705089e-35 4.723450975244486e-32 4.806048217006111e-29 1.1930518514300665e-28
2.964640054613707e-05 3.175123435561731e-39 4.540875973843878e-39 2.69520796789774e-38 8.43866562836295e-37 9.375238282101379e-35 5.001874801419763e-32 5.148825470629137e-29 1.2783925189471039e-28
3.033765316668089e-05 3.112147243992935e-39 4.456597894990371e-39 2.687358282943942e-38 8.62789042831818e-37 9.635539840766733e-35 5.298474541217253e-32 5.516111204172292e-29 1.3698398334674682e-28
3.104502343309761e-05 3.0504479561454046e-39 4.373965691110073e-39 2.680193718859347e-38 8.8218568516134e-37 9.904377887395868e-35 5.614503666599309e-32 5.909659137494294e-29 1.4678307404679058e-28
3.176888715373972e-05 2.989999308231363e-39 4.29294648087457e-39 2.6737179254095546e-38 9.020669591816008e-37 1.0182096635364818e-34 5.951304429789487e-32 6.33134850148284e-29 1.5728334460780203e-28
3.25096288995246e-05 2.9307755825580508e-39 4.213508052081851e-39 2.6679350075749347e-38 9.22443650289737e-37 1.046905696953068e-34 6.310314211132627e-32 6.783193019319511e-29 1.6853496104062997e-28
3.326764220824756e-05 2.872751596076151e-39 4.135618847876896e-39 2.6628495349477203e-38 9.433268688971154e-37 1.0765637363917697e-34 6.693072320960146e-32 7.267350533043543e-29 1.8059168425887083e-28
3.4043329793658724e-05 2.8159026891699863e-39 4.059247953259116e-39 2.658466551500517e-38 9.64728059364878e-37 1.1072234854629714e-34 7.101227287882507e-32 7.786133314115661e-29 1.9351111254477556e-28
3.483710375941493e-05 2.7602047146843824e-39 3.984365081870609e-39 2.6547915857250617e-38 9.866590089445024e-37 1.1389266071557992e-34 7.536544668253492e-32 8.342019117360797e-29 2.073549707702203e-28
3.5649385818020195e-05 2.7056340271832368e-39 3.9109405630593986e-39 2.651830661138726e-38 1.0091318567700041e-36 1.1717168332698e-34 8.000915414034526e-32 8.937663019672598e-29 2.2218939011819856e-28
3.648060751487119e-05 2.65216747243478e-39 3.83894532921182e-39 2.649590307155046e-38 1.0321591029508616e-36 1.205640080515139e-34 8.496364838956212e-32 9.575910112567804e-29 2.380852418453407e-28
3.73312104575266e-05 2.599782377118753e-39 3.768350903348479e-39 2.6480775703130443e-38 1.0557536178161153e-36 1.2407445737170178e-34 9.02506222572719e-32 1.0259809093294256e-28 2.5511844813642775e-28
3.820164655032238e-05 2.5484565387508497e-39 3.699129386978194e-39 2.6473000258586e-38 1.079928651360692e-36 1.2770809765902488e-34 9.589331120107508e-32 1.099262684205866e-28 2.733703858237525e-28
3.90923782344573e-05 2.498168215819693e-39 3.6312534482046e-39 2.647265789669304e-38 1.1046978429447593e-36 1.3147025305822063e-34 1.0191660360938483e-31 1.1777864021486877e-28 2.929282123669333e-28
4.0003878733676586e-05 2.448896118131938e-39 3.564696310080023e-39 2.6479835305123703e-38 1.1300752312960363e-36 1.3536652023170312e-34 1.0834715898748104e-31 1.2619271819449297e-28 3.1388536157678905e-28
4.093663230568398e-05 2.4006193973610138e-39 3.4994317392015516e-39 2.649462482623081e-38 1.1560752648635466e-36 1.394027840211241e-34 1.1521353459308234e-31 1.3520869858398979e-28 3.3634190693528766e-28
4.1891134499415887e-05 2.3533176377952594e-39 3.435434034544131e-39 2.6517124585890377e-38 1.1827128125694734e-36 1.4358523408706662e-34 1.2254632112573445e-31 1.448696541290779e-28 3.6040510248879297e-28
4.2867892418314344e-05 2.306970847281133e-39 3.372678016525801e-39 2.6547438625229725e-38 1.2100031750037016e-36 1.4792038259215363e-34 1.3037828811749212e-31 1.5522173983849978e-28 3.861898584079646e-28
4.386742498973848e-05 2.2615594483574255e-39 3.311139016300174e-39 2.6585677035043476e-38 1.2379620961033563e-36 1.524150829974335e-34 1.3874453971884759e-31 1.663144134912239e-28 4.138192897181504e-28
4.489026324065786e-05 2.2170642695763876e-39 3.2507928652714e-39 2.6631956092671715e-38 1.2666057753574653e-36 1.5707655004683772e-34 1.4768268162356591e-31 1.7820067200042694e-28 4.434253389031415e-28
4.5936950579773975e-05 2.173466537007834e-39 3.191615884826988e-39 2.6686398401083765e-38 1.2959508805747131e-36 1.6191238101978645e-34 1.5723299992933322e-31 1.9093730444333306e-28 4.7514932887699015e-28
4.700804308621986e-05 2.1307478659223133e-39 3.133584876283894e-39 2.674913302988053e-38 1.3260145612502994e-36 1.6693057833768338e-34 1.6743865278833137e-31 2.045851635639068e-28 5.09142748576407e-28
4.8104109804991236e-05 2.0888902526495844e-39 3.076677111043446e-39 2.6820295657894337e-38 1.3568144625662998e-36 1.7213957361613877e-34 1.7834587576288672e-31 2.192094561748266e-28 5.455678285101661e-28
4.922573304926602e-05 2.0478760666086352e-39 3.0208703209507024e-39 2.690002871702953e-38 1.3883687400585675e-36 1.7754825326127454e-34 1.9000420186712956e-31 2.348800549400092e-28 5.845984821937729e-28
5.0373508709772956e-05 2.0076880425056547e-39 2.9661426888540296e-39 2.698848153695094e-38 1.4206960749822631e-36 1.831659857154887e-34 2.0246669734561634e-31 2.5167183176186605e-28 6.264209535266251e-28
5.154804657137365e-05 1.9683092726963626e-39 2.912472839360618e-39 2.708581049018846e-38 1.4538156904076092e-36 1.8900265046556956e-34 2.1579021431544625e-31 2.696650156920154e-28 6.712348749994809e-28
5.27499706370262e-05 1.929723199709216e-39 2.859839829783952e-39 2.7192179137185886e-38 1.4877473680772598e-36 1.950686689341338e-34 2.3003566147880876e-31 2.8894557580596513e-28 7.192540771724056e-28
5.397991945930254e-05 1.8919136089261206e-39 2.8082231412791416e-39 2.7307758370782665e-38 1.5225114660570354e-36 2.0137503738402696e-34 2.452682941996197e-31 3.096056318837928e-28 7.707076818607535e-28
5.5238546479635675e-05 1.85486462141726e-39 2.7576026701622212e-39 2.743272655957355e-38 1.5581289372124e-36 2.079333619746338e-34 2.6155802533036223e-31 3.3174389426292346e-28 8.258411885434374e-28
5.6526520375476976e-05 1.818560686926796e-39 2.7079587194095835e-39 2.7567269689551076e-38 1.5946213485441522e-36 2.1475589611903508e-34 2.789797582746226e-31 3.5546613506688564e-28 8.849175990232354e-28
5.784452541554797e-05 1.7829865770062638e-39 2.6592719903337588e-39 2.771158150339238e-38 1.6320109014181893e-36 2.2185558030167906e-34 2.9761374387718664e-31 3.8088569323959087e-28 9.48218697398224e-28
5.9193261823375433e-05 1.7481273782924934e-39 2.611523574431894e-39 2.786586363671087e-38 1.6703204527259497e-36 2.2924608452774153e-34 3.1754596284752333e-31 4.081240156117419e-28 1.0160463929285494e-27
6.057344614930286e-05 1.71396848592703e-39 2.564694945403274e-39 2.803032575055238e-38 1.709573537014163e-36 2.3694185358772746e-34 3.388685355446532e-31 4.373112365680507e-28 1.0887241284214347e-27
6.198581165117595e-05 1.680495597114046e-39 2.518767951332441e-39 2.8205185659376964e-38 1.7497943896248315e-36 2.4495815533412306e-34 3.616801610822992e-31 4.685867992154406e-28 1.166598438634461e-27
6.34311086839044e-05 1.6476947048138046e-39 2.4737248070343544e-39 2.839066945373013e-38 1.791007970888855e-36 2.5331113218117485e-34 3.8608658785343703e-31 5.021001208649661e-28 1.2500405904581343e-27
6.491010509810695e-05 1.6155520915688028e-39 2.429548086558307e-39 2.8587011616776037e-38 1.8332399914195198e-36 2.620178560541637e-34 4.122011177236739e-31 5.38011305900396e-28 1.3394482597096204e-27
6.642358664805138e-05 1.5840543234598154e-39 2.3862207158472145e-39 2.8794455133833983e-38 1.876516938554969e-36 2.710963870309723e-34 4.401451463039736e-31 5.764919101755522e-28 1.4352476646739428e-27
6.797235740910648e-05 1.5531882441890256e-39 2.3437259655490934e-39 2.901325159403742e-38 1.9208661040018513e-36 2.8056583593638156e-34 4.700487418856107e-31 6.177257586995604e-28 1.5378951623237987e-27
6.955724020492732e-05 1.5229409692876388e-39 2.302047443977512e-39 2.924366128321732e-38 1.966315612735746e-36 2.90446431168467e-34 5.020512658055492e-31 6.619098235985003e-28 1.6478799487385545e-27
7.117907704460117e-05 1.4932998804452633e-39 2.2611690902179385e-39 2.9485953267101623e-38 2.0128944532173327e-36 3.007595900567895e-34 5.363020372079725e-31 7.092551623871641e-28 1.765725738962858e-27
7.283872956998614e-05 1.464252619958542e-39 2.2210751673769535e-39 2.9740405463921913e-38 2.0606325089869252e-36 3.1152799507390013e-34 5.7296104538082465e-31 7.599879261094886e-28 1.8919940399627577e-27
7.453707951348025e-05 1.4357870852964647e-39 2.1817502559713024e-39 3.000730470552845e-38 2.1095605917038514e-36 3.227756752451068e-34 6.121997130726779e-31 8.143504355970702e-28 2.0272856975960656e-27
