results/limits/Stanford_h_phase.dat
# %ECSV 1.0
# ---
# datatype:
# - {name: mx, unit: MeV, datatype: float64}
# - {name: sigma, unit: cm2 MeV4, datatype: float64}
# schema: astropy-2.0
mx sigma
[from data line 2171]
0.029805393436772933 3.0058412984600797e-12
0.029915425131895435 3.0504739975780955e-12
0.030025863027793583 3.0957694367851204e-12
0.030136708624026814 3.1417374435670366e-12
0.030247963425690475 3.18838802057785e-12
0.030359628943436225 3.2357312888083193e-12
0.030471706693492532 3.283777545935617e-12
0.030584198197685358 3.3325372284150263e-12
0.030697104983458665 3.382020924216746e-12
0.030810428583895256 3.4322393854924985e-12
0.030924170537737546 3.483203519018902e-12
0.031038332389408577 3.5349244037796376e-12
0.03115291568903279 3.587413273487592e-12
0.031267921992457204 3.640681544123224e-12
0.03138335286127252 3.6947407662005986e-12
0.0314992098628343 3.749602682216857e-12
0.03161549457028432 3.805279233282541e-12
0.03173220856257183 3.8617825196558195e-12
0.031849353424475035 3.919124788493382e-12
0.03196693074662264 3.977318528452828e-12
0.032084942125515395 4.036376349450962e-12
0.03220338916354788 4.096311101377288e-12
0.032322273469030126 4.1571358086423275e-12
0.03244159665620952 4.218863686253322e-12
0.03256136034529272 4.281508142176408e-12
0.03268156616246764 4.345082774942756e-12
0.032802215739925616 4.409601418310849e-12
0.032923310715883426 4.475078050135271e-12
0.03304485273460562 4.541526931592488e-12
0.03316684344642683 4.608962498014936e-12
0.033289284507774144 4.6773993946218444e-12
0.033412177581189764 4.746852486386686e-12
0.03353552433535331 4.817336862545153e-12
0.03365932644510467 4.888867826057176e-12
0.03378358559146665 4.961460941244886e-12
0.03390830346166796 5.035131961490627e-12
0.034033481749165866 5.109896887612102e-12
0.034159122153669376 5.185771988484216e-12
0.03428522638116226 5.262773713410821e-12
0.0344117961439262 5.340918814229487e-12
0.03453883316056412 5.420224286303181e-12
0.0346663391560234 5.500707320308504e-12
0.03479431586161937 5.582385435189185e-12
0.0349227650150588 5.665276338591377e-12
0.0350516883604635 5.749398062971229e-12
0.035181087648394054 5.834768891903346e-12
0.03531096463587348 5.921407367400357e-12
0.03544132108641117 6.009332288240461e-12
0.03557215877002679 6.098562790889539e-12
0.03570347946327434 6.189118238041587e-12
0.035835284949266334 6.281018319965756e-12
0.035967577017697885 6.374282983046762e-12
0.03610035746487107 6.468932521827826e-12
0.036233628093719356 6.564987455942484e-12
0.03636739071383197 6.662468703601119e-12
0.0365016471414787 6.7613973913652805e-12
0.03663639919963426 6.8617950345567505e-12
0.036771648718003244 6.963683463980561e-12
0.0369073975330449 7.0670847939727616e-12
0.037043647487998044 7.172021496063567e-12
0.037180400432906234 7.278516359367805e-12
0.03731765822464267 7.386592535408305e-12
0.03745542272693556 7.496273524824565e-12
0.03759369581039333 7.607583105912195e-12
0.0377324793525302 7.720545465570375e-12
0.03787177523779144 7.835185186275241e-12
0.038011585357579106 7.951527106741732e-12
0.03815191161027769 8.069596614353017e-12
0.038292755901279854 8.18941925519322e-12
0.03843412014301245 8.311021131636834e-12
0.03857600625496228 8.434428575704776e-12
0.03871841616370229 8.559668493666347e-12
0.0388613518029177 8.686768065533625e-12
0.039004815113432206 8.815754869831282e-12
0.039148808043234534 8.946656970549077e-12
0.03929333254750459 9.079502786117237e-12
0.03943839058864023 9.214321186351174e-12
0.03958398413628382 9.35114148697905e-12
0.03973011516734895 9.489993344680557e-12
0.03987678566604746 9.630906945562011e-12
0.040023997623916126 9.773912985401866e-12
0.04017175303984384 9.919042448804496e-12
0.04032005392009877 1.0066326858169258e-11
0.040468902278355486 1.0215798294043362e-11
0.040618300135722527 1.0367489130624511e-11
0.04076824952076957 1.0521432387048768e-11
0.04091875246955515 1.0677661498115702e-11
0.04106981102565425 1.0836210442387594e-11
0.041221427240186015 1.0997113577474754e-11
0.041373603171841786 1.1160405927372591e-11
0.04152634088691278 1.1326122941824837e-11
0.04167964245931833 1.1494300626660424e-11
0.041833509970633925 1.1664975479155526e-11
0.041987945510119716 1.1838184696895637e-11
0.042142951174748554 1.2013965815881637e-11
0.04229852906923468 1.2192357014887638e-11
0.04245468130606224 1.2373397133747141e-11
0.04261141000551394 1.2557125487333562e-11
0.0427687172957 1.2743581865990011e-11
0.04292660531258677 1.2932806895124141e-11
0.04308507620002597 1.3124841706723767e-11
0.04324413210978367 1.331972793672653e-11
0.04340377520156955 1.3517507928403534e-11
0.043564007643066324 1.371822472724164e-11
0.043724831609958964 1.3921921938017352e-11
0.04388624928596438 1.4128643785739758e-11
0.04404826286286107 1.4338435077613995e-11
0.044210874540518794 1.4551341609369247e-11
0.04437408652692865 1.4767409387984315e-11
0.04453790103823276 1.4986685612358822e-11
0.044702320298754594 1.5209217650267416e-11
0.04486734654102905 1.5435054118473446e-11
0.045032982005832785 1.566424386967949e-11
0.04519922894221481 1.5896836828422227e-11
0.04536608960752672 1.6132883466355247e-11
0.045533566267453585 1.6372435110832406e-11
0.04570166119604462 1.661554369121835e-11
0.04587037667574404 1.6862262139401502e-11
0.04603971499742223 1.711264409882345e-11
0.04620967846040657 1.7366743840847624e-11
0.04638026937251285 1.7624616618847975e-11
0.04655149005007651 1.788631845481863e-11
0.04672334281798429 1.8151906201161325e-11
0.04689583000970547 1.8421437634386424e-11
0.04706895396732382 1.869497112595936e-11
0.04724271704156928 1.8972566365178386e-11
0.047417121591849874 1.9254283365512817e-11
0.04759216998628393 1.9540183544376153e-11
0.04776786460173194 1.9830329033644712e-11
0.04794420782382904 2.0124782728383774e-11
0.04812120204701733 2.0423608712674486e-11
0.048298849674578356 2.0726871865622435e-11
0.04847715311866594 2.1034638046350448e-11
0.04865611480033864 2.1346974118379886e-11
0.04883573714959281 2.1663947827632945e-11
0.04901602260539553 2.1985628262591765e-11
0.049196973615717725 2.2312085392661412e-11
0.04937859263756755 2.2643389820145474e-11
0.04956088213702349 2.2979613619615458e-11
0.04974384458926801 2.3320829980954028e-11
0.04992748247862115 2.3667112934946857e-11
0.050111798298574185 2.4018537795483313e-11
0.0502967945518237 2.4375180690615023e-11
0.05048247375030524 2.4737119320614538e-11
0.05066883841522765 2.5104432300324428e-11
0.05085589107710725 2.5477199308112203e-11
0.05104363427580214 2.5855501490641472e-11
0.05123207056054689 2.623942084406354e-11
0.05142120248998686 2.662904090921156e-11
0.051611032632213116 2.702444635315746e-11
0.051801563564797246 2.742572307684113e-11
0.05199279787482652 2.7832958051926545e-11
0.052184738158938725 2.8246240072548842e-11
0.052377387023357654 2.866565880422802e-11
0.052570747083928386 2.9091305252046085e-11
0.052764820966152814 2.9523271921656846e-11
0.05295961130522546 2.996165281011736e-11
0.05315512074606897 3.0406542989439685e-11
0.05335135194337023 3.0858039311985485e-11
0.053548307561616326 3.1316239724122686e-11
0.05374599027513073 3.178124373001797e-11
0.05394440276810979 3.2253152414869924e-11
0.05414354773465885 3.2732068402702623e-11
0.05434342787882907 3.321809551575884e-11
0.05454404591465407 3.371133937671845e-11
0.05474540456618673 3.4211907562082105e-11
0.05494750656753641 3.471990842361834e-11
0.05515035466290572 3.523545224326948e-11
0.055353951606628045 3.575865129738398e-11
0.055558300163204836 3.628961933082147e-11
0.055763403107343124 3.682847122950203e-11
0.05596926322399342 3.737532446437213e-11
0.05617588330838718 3.7930297785866394e-11
0.05638326616607499 3.849351158406916e-11
0.0565914146129646 3.906508851398259e-11
0.05680033147535912 3.9645152563934266e-11
0.0570100195899956 4.0233829839588916e-11
0.05722048180408323 4.0831248174393454e-11
0.057431720975342195 4.143753709346529e-11
0.0576437399720424 4.2052828531608155e-11
0.057856541673042626 4.2677256684122305e-11
0.05807012896782928 4.331095631402021e-11
0.05828450475655587 4.3954065751425636e-11
0.05849967195008229 4.460672457635161e-11
0.05871563347001432 4.526907460528036e-11
0.05893239224874355 4.5941259279639484e-11
0.059149951229486776 4.662342517802575e-11
0.05936831336632627 4.731572033777296e-11
0.05958748162424979 4.8018295189227844e-11
0.059807458979190785 4.873130212982072e-11
0.06002824841806907 4.945489636338338e-11
0.060249852938831 5.0189234928368564e-11
0.060472275550490395 5.093447771822197e-11
0.06069551927316939 5.1690786173388766e-11
0.060919587138139344 5.245832470559126e-11
0.06114448218786227 5.3237260419422767e-11
0.06137020747603174 5.4027762113529906e-11
0.06159676606761463 5.483000162311084e-11
0.061824161038892676 5.5644153327159924e-11
0.062052395477504144 5.647039413937188e-11
0.06228147248248606 5.7308903551864054e-11
0.06251139516431586 5.815986369479289e-11
0.06274216664495393 5.90234594002131e-11
0.06297379005788588 5.989987832712001e-11
0.06320626854816505 6.078931073614884e-11
0.0634396052724555 6.169195020431414e-11
0.06367380339907443 6.260799288635778e-11
0.06390886610803552 6.353763733014159e-11
0.06414479659109193 6.448108580305272e-11
0.06438159805177991 6.54385432560509e-11
0.06461927370546194 6.641021731689533e-11
0.06485782677937059 6.73963198564342e-11
0.06509726051265233 6.839706443424414e-11
0.06533757815641143 6.941266878673145e-11
0.06557878297375436 7.044335353016612e-11
0.0658208782398337 7.148934251490614e-11
0.06606386724189288 7.255086275403615e-11
0.06630775327931075 7.362814529640822e-11
0.06655253966364634 7.47214243725404e-11
0.06679822971868403 7.583093751690319e-11
0.06704482678047832 7.695692444766059e-11
0.06729233419739941 7.809963157023639e-11
0.06754075533017857 7.925930565692001e-11
0.06779009355195373 8.043619983409821e-11
0.0680403522483155 8.16305693509817e-11
0.06829153481735281 8.284267353358347e-11
0.06854364466969927 8.407277570071906e-11
0.0687966852285794 8.532114319555849e-11
0.06905065992985512 8.658804699671722e-11
0.0693055722220726 8.787376341334219e-11
0.0695614255665087 8.917857094068812e-11
0.06981822343721822 9.050275215002678e-11
0.07007596932108105 9.18465962003027e-11
0.07033466671784945 9.321039502468009e-11
0.07059431914019577 9.459444363631181e-11
0.07085493011375982 9.599904392494915e-11
0.07111650317719695 9.742450053280457e-11
0.071379041882226 9.887112279267431e-11
0.07164254979367782 1.0033922591776764e-10
0.07190703048954318 1.0182912924878375e-10
0.07217248756102174 1.033411546869266e-10
0.07243892461257065 1.0487563118453979e-10
0.07270634526195348 1.0643289349871996e-10
0.07297475314028957 1.0801327934456354e-10
0.07324415189210298 1.09617130129073e-10
0.07351454517537222 1.1124479756708818e-10
0.07378593666157983 1.1289663365160465e-10
0.07405833003576218 1.1457299685041885e-10
0.07433172899655983 1.1627425125724488e-10
0.07460613725626726 1.1800076740050732e-10
0.0748815585408836 1.1975291992999553e-10
0.07515799659016315 1.2153108974221905e-10
0.07543545515766602 1.2333566368955414e-10
0.07571393801080954 1.2516703134789202e-10
0.07599344893091883 1.2702559412564447e-10
0.07627399171327849 1.289117528744541e-10
0.07655557016718408 1.3082591944368014e-10
0.0768381881159937 1.3276850836796526e-10
0.07712184939718035 1.3473994170506784e-10
0.07740655786238339 1.3674064756680706e-10
0.0776923173774613 1.3877106278361147e-10
0.07797913182254392 1.4083162589011098e-10
0.07826700509208553 1.4292278657719376e-10
0.07855594109491719 1.450449977308835e-10
0.07884594375430015 1.4719872167987662e-10
0.07913701700797905 1.493844238440223e-10
0.07942916480823534 1.5160258055885634e-10
0.07972239112194118 1.538536764222866e-10
0.0800166999306129 1.5613819548978136e-10
0.08031209523046537 1.584566377950362e-10
0.08060858103246615 1.6080950628422652e-10
0.08090616136238989 1.6319731060029518e-10
0.08120484026087334 1.6562057073239556e-10
0.08150462178346966 1.6807981312457088e-10
0.08180551000070391 1.7057557410049424e-10
0.08210750899812816 1.7310838985702335e-10
0.0824106228763769 1.75678818173784e-10
0.08271485575122312 1.7828741081760486e-10
0.08302021175363353 1.8093473918224194e-10
0.0833266950298252 1.8362137708971544e-10
0.08363430974132162 1.863479074691753e-10
0.08394306006500915 1.8911492417679166e-10
0.08425295019319413 1.9192302487886431e-10
0.08456398433365926 1.9477282437458498e-10
0.08487616670972103 1.9766493731240018e-10
0.08518950156028708 2.0059999631704197e-10
0.08550399313991355 2.035786369103202e-10
0.08581964571886333 2.0660150520752638e-10
0.0861364635831634 2.0966925932289748e-10
0.08645445103466345 2.127825649842028e-10
0.08677361239109409 2.1594210162694808e-10
0.08709395198612584 2.1914855059870577e-10
0.08741547416942741 2.224026114582576e-10
0.0877381833067252 2.2570499018365103e-10
0.08806208377986238 2.2905640598423475e-10
0.08838717998685837 2.3245758515136292e-10
0.0887134763419689 2.359092678014016e-10
0.08904097727574542 2.394122040779788e-10
0.08936968723509557 2.429671522689393e-10
0.08969961068334356 2.465748873257172e-10
0.0900307521002906 2.5023619203359365e-10
0.09036311598227612 2.5395186374454127e-10
0.09069670684223828 2.5772270778271025e-10
0.09103152920977564 2.6154954367652103e-10
0.09136758763120853 2.6543320292630183e-10
0.09170488666964068 2.693745277182053e-10
0.09204343090502162 2.7337437563164407e-10
0.09238322493420822 2.7743361747345275e-10
0.09272427337102758 2.815531338697829e-10
0.09306658084633947 2.8573382026391607e-10
0.0934101520080992 2.8997658240365186e-10
0.09375499152142111 2.9428234484848894e-10
0.09410110406864126 2.986520428848517e-10
0.09444849434938153 3.0308662422620867e-10
0.09479716708061317 3.075870509741315e-10
0.0951471269967209 3.121543053773507e-10
0.0954983788495675 3.1678937678696113e-10
0.09585092740855775 3.214932694291862e-10
0.09620477746070362 3.262670143100696e-10
0.09655993381068906 3.311116387230186e-10
0.09691640128093561 3.3602820596532545e-10
0.09727418471166731 3.4101776899266867e-10
0.09763328896097682 3.460814239812386e-10
0.09799371890489128 3.512202659986112e-10
0.0983554794374384 3.564354158283445e-10
0.09871857547071332 3.617280033893229e-10
0.09908301193494475 3.67099179645396e-10
0.09944879377856226 3.7255010542891814e-10
0.0998159259682634 3.78081974122246e-10
0.10018441348908101 3.8369598185242415e-10
0.10055426134445149 3.8939335096659086e-10
0.10092547455628148 3.9517531756589083e-10
0.10129805816501752 4.0104313988615324e-10
0.10167201722971382 4.069980922738052e-10
0.10204735682810032 4.130414663752207e-10
0.10242408205665306 4.1917457390963525e-10
0.10280219803066182 4.2539875600299727e-10
0.10318170988430093 4.317153528274805e-10
0.10356262277069843 4.3812574992295046e-10
0.10394494186200536 4.446313265135411e-10
0.10432867234946745 4.5123349723657117e-10
0.10471381944349403 4.5793370798455694e-10
0.10510038837373013 4.647334091855033e-10
0.10548838438912692 4.716340767191832e-10
0.1058778127580123 4.786372069693973e-10
0.10626867876816401 4.857443274737411e-10
0.10666098772687962 4.929569723337508e-10
0.10705474496105018 5.002767241338303e-10
0.10744995581723184 5.077051587517314e-10
0.10784662566171781 5.152438979864195e-10
0.10824475988061279 5.228945763945281e-10
0.10864436387990432 5.306588574664222e-10
0.10904544308553772 5.385384275318462e-10
0.10944800294348911 5.465350002794116e-10
0.10985204891983871 5.546503052932895e-10
0.11025758650084658 5.628861194062122e-10
0.11066462119302534 5.712442211389872e-10
0.11107315852321656 5.797264293023528e-10
0.11148320403866506 5.883345884366209e-10
0.11189476330709357 5.970705572868904e-10
0.11230784191677994 6.059362640225254e-10
0.11272244547663118 6.149335926246865e-10
0.11313857961626127 6.2406452802402e-10
0.1135562499860668 6.333310514233506e-10
0.11397546225730311 6.427351655109864e-10
0.11439622212216265 6.522789165987886e-10
0.11481853529385154 6.619643807247513e-10
0.11524240750666649 6.717936647414158e-10
0.1156678445160743 6.817689013021924e-10
0.11609485209878807 6.918922419218533e-10
0.1165234360528474 7.021659113051424e-10
0.11695360219769627 7.125921280193379e-10
0.11738535637426145 7.231731705959435e-10
0.11781870444503345 7.339113137904586e-10
0.11825365229414421 7.448089123913485e-10
0.11869020582744863 7.558683248210628e-10
