results/limits/Stanford_l_N2only.dat
# %ECSV 1.0
# ---
# datatype:
# - {name: mx, unit: MeV, datatype: float64}
# - {name: sigma_10, unit: cm2, datatype: float64}
# - {name: sigma_9, unit: cm2, datatype: float64}
# - {name: sigma_7, unit: cm2, datatype: float64}
# - {name: sigma_6, unit: cm2, datatype: float64}
# - {name: sigma_5, unit: cm2, datatype: float64}
# - {name: sigma_4, unit: cm2, datatype: float64}
# - {name: sigma_3, unit: cm2, datatype: float64}
# - {name: sigma_2, unit: cm2, datatype: float64}
# schema: astropy-2.0
mx sigma_10 sigma_9 sigma_7 sigma_6 sigma_5 sigma_4 sigma_3 sigma_2
[from data line 318]
0.003520031472796679 2.8153287660594957e-44 1.0522568182977898e-43 4.5758577667339064e-40 3.173713185023155e-37 2.48355517382736e-33 2.3946708199230742e-29 3.3999248783558847e-26 8.480010813067365e-26
0.003585539857459817 2.7815182780798637e-44 1.0513971778286912e-43 4.681159240329926e-40 3.3295390810214527e-37 2.6245139472164332e-33 2.5308671724318667e-29 3.593298858354549e-26 8.962319641093215e-26
0.0036522673643081755 2.748220589940642e-44 1.050720853990241e-43 4.7893672184467485e-40 3.493660253811245e-37 2.7734843490665785e-33 2.674809771234524e-29 3.797671170347905e-26 9.472060251702957e-26
0.0037202366814130658 2.7154281669799313e-44 1.0502292934002001e-43 4.900580365699929e-40 3.666536872064754e-37 2.930921946034615e-33 2.8269391906159694e-29 4.0136673551324657e-26 1.0010792854164567e-25
0.0037894709190746676 2.683133597851396e-44 1.0499240286497355e-43 5.014901319845614e-40 3.848655103418107e-37 3.097308213656464e-33 2.9877210629329284e-29 4.241948531744739e-26 1.0580166396163264e-25
0.003859993617679767 2.6513295926453504e-44 1.049806679850945e-43 5.1324368716742555e-40 4.040528591320486e-37 3.273152009904214e-33 3.157647503815709e-29 4.483213421008139e-26 1.1181923610885026e-25
0.003931828755705771 2.620008981042993e-44 1.0498789562192088e-43 5.253298153760274e-40 4.242700015765196e-37 3.4589911325526184e-33 3.337238618429843e-29 4.738200484171229e-26 1.1817906351158309e-25
0.004005000757873611 2.5891647105033625e-44 1.050142657689363e-43 5.377600838533652e-40 4.455742742667022e-37 3.655393965121515e-33 3.5270440934076155e-29 5.0076901831828606e-26 1.2490061226979642e-25
0.004079534503452449 2.5587898444824646e-44 1.0505996765645592e-43 5.505465346165646e-40 4.680262566922055e-37 3.862961216432276e-33 3.7276448793224756e-29 5.292507369522912e-26 1.3200445563679603e-25
0.004155455334718876 2.528877560684202e-44 1.051251999196511e-43 5.637017062787823e-40 4.916899554472275e-37 4.0823277591023956e-33 3.9396549688555935e-29 5.59352380889991e-26 1.3951233698964825e-25
0.004232789065573549 2.4994211493426094e-44 1.0521017076956731e-43 5.7723865695929365e-40 5.1663299890006e-37 4.314164572605592e-33 4.163723276097452e-29 5.911660849543291e-26 1.4744723638110407e-25
0.004311561990318229 2.4704140115349415e-44 1.0531509816697143e-43 5.911709883396579e-40 5.429268429202272e-37 4.559180796844649e-33 4.4005356227366e-29 6.247892242257554e-26 1.5583344087673235e-25
0.004391800892596086 2.44184965752525e-44 1.0544020999884627e-43 6.0551287092709485e-40 5.706469882916651e-37 4.8181259025223385e-33 4.6508168372146367e-29 6.603247120869448e-26 1.646966188925402e-25
0.004473533054498463 2.413721705137964e-44 1.055857442573329e-43 6.202790705896634e-40 5.998732104761892e-37 5.0917919849537316e-33 4.9153329732728915e-29 6.978813152191279e-26 1.7406389876062359e-25
0.004556786265841064 2.386023878161106e-44 1.05751949220896e-43 6.354849764314146e-40 6.306898024292319e-37 5.381016188340409e-33 5.194893654680909e-29 7.375739865141252e-26 1.8396395176331135e-25
0.004641588833612777 2.3587500047787397e-44 1.0593908363747213e-43 6.5114663007957205e-40 6.631858312098575e-37 5.686683267926809e-33 5.490354553323672e-29 7.795242169210738e-26 1.9442707988995635e-25
0.0047279695916003905 2.3318940160322346e-44 1.0614741690933399e-43 6.6728075645984655e-40 6.974554091692871e-37 6.00972829788111e-33 5.802620008232576e-29 8.238604073048023e-26 2.0548530858498519e-25
0.004815957910192351 2.3054499443100106e-44 1.0637722927938139e-43 6.839047961402502e-40 7.3359798054676245e-37 6.351139533188362e-33 6.132645793576065e-29 8.70718261453979e-26 2.171724847710748e-25
0.004905583706365045 2.2794119218653546e-44 1.0662881201854809e-43 7.010369393283999e-40 7.717186243488414e-37 6.711961434316065e-33 6.481442044082719e-29 9.202412014420098e-26 2.2952438044750063e-25
0.004996877453854884 2.253774179361958e-44 1.0690246761398392e-43 7.186961616120283e-40 8.119283744379952e-37 7.093297863909467e-33 6.850076346850385e-29 9.725808066119762e-26 2.425788021807366e-25
0.00508987019351968 2.2285310444468385e-44 1.0719850995764979e-43 7.369022615375755e-40 8.543445578091132e-37 7.49631546530116e-33 7.239677009004952e-29 1.0278972775292544e-25 2.563757068224378e-25
0.005184593543892913 2.2036769403502886e-44 1.0751726453493644e-43 7.556759001271122e-40 8.99091152088268e-37 7.922247233176028e-33 7.651436511210631e-29 1.0863599263219307e-25 2.7095732380900344e-25
0.005281079711934331 2.1792063845125115e-44 1.078590686128861e-43 7.750386424395142e-40 9.462991633468233e-37 8.372396287320038e-33 8.086615157601578e-29 1.1481476949097542e-25 2.863682844170358e-25
0.0053793615039807036 2.1551139872366278e-44 1.0822427142757568e-43 7.950130012879112e-40 9.9610702538634e-37 8.848139861004082e-33 8.546544933307384e-29 1.213449702707911e-25 3.0265575837033984e-25
0.005479472336900287 2.1313944503677606e-44 1.08613234370187e-43 8.156224832317586e-40 1.048661021715323e-36 9.35093351620974e-33 9.032633581378539e-29 1.2824658254819355e-25 3.1986959821656728e-25
0.0055814462494549605 2.1080425659978288e-44 1.090263311712629e-43 8.368916369687033e-40 1.1041157315084822e-36 9.882315598599536e-33 9.546368911591518e-29 1.3554073071256105e-25 3.3806249191543408e-25
0.005685317913873753 2.0850532151958174e-44 1.0946394808262063e-43 8.588461042585129e-40 1.1626345009124734e-36 1.0443911945866711e-32 1.0089323354320942e-28 1.4324974062342835e-25 3.572901241055323e-25
0.005791122647641758 2.0624213667632118e-44 1.099264840563664e-43 8.815126735189905e-40 1.2243899411397906e-36 1.1037440863876015e-32 1.0663158773417688e-28 1.513972079452679e-25 3.776113465433492e-25
0.0058988964255085 2.0401420760142956e-44 1.1041435092042664e-43 9.049193362417503e-40 1.2895644548745056e-36 1.1664718385826666e-32 1.126963155282443e-28 1.6000807036888141e-25 3.9908835823617995e-25
0.006008675891719687 2.0182104835810692e-44 1.1092797354998372e-43 9.290953463842544e-40 1.3583507926000885e-36 1.232766383053367e-32 1.1910597972496751e-28 1.6910868394044726e-25 4.217868958202595e-25
0.0061204983724766964 1.9966218142425085e-44 1.1146779003418306e-43 9.540712829035123e-40 1.4309526405514033e-36 1.3028305676841543e-32 1.2588019890085751e-28 1.7872690373186285e-25 4.457764347668521e-25
0.006234401888627864 1.9753713757779314e-44 1.1203425183744834e-43 9.798791156063148e-40 1.5075852420895204e-36 1.3768787772149305e-32 1.3303970745771213e-28 1.888921690992874e-25 4.711304020321222e-25
0.006350425168595962 1.9544545578442008e-44 1.1262782395472325e-43 1.0065522745009776e-39 1.588476054400482e-36 1.455137589405054e-32 1.4060641908625671e-28 1.9963559379084537e-25 4.9792640080166895e-25
0.006468607661546328 1.933866830876541e-44 1.1324898505993625e-43 1.0341257228462357e-39 1.6738654425272865e-36 1.5378464685172258e-32 1.4860349383934408e-28 2.109900611793003e-25 5.262464480176455e-25
0.00658898955079995 1.9136037450127515e-44 1.138982276469669e-43 1.0626360341041608e-39 1.7640074128585054e-36 1.6252584982437693e-32 1.5705540902000123e-28 2.2299032491116875e-25 5.56177225415432e-25
0.00671161176749628 1.893660929040588e-44 1.1457605816237902e-43 1.092121473015995e-39 1.8591703883179556e-36 1.717641156318785e-32 1.6598803410131073e-28 2.356731152803623e-25 5.878103448382964e-25
0.0068365160045102385 1.8740340893680868e-44 1.1528299712917082e-43 1.1226220810323429e-39 1.9596380276272382e-36 1.8152771331869195e-32 1.754287099074254e-28 2.490772516519244e-25 6.21242628642061e-25
0.006963744730628222 1.8547190090166768e-44 1.1601957926079078e-43 1.1541797663426129e-39 2.0657100911480754e-36 1.9184651972346332e-32 1.854063322980832e-28 2.6324376127997786e-25 6.565764060480606e-25
0.007093341204987997 1.8357115466368356e-44 1.1678635356465942e-43 1.186838398762751e-39 2.1777033559539217e-36 2.0275211092322526e-32 1.959514406127628e-28 2.782160048835668e-25 6.939198263514789e-25
0.007225349491787214 1.8170076355461515e-44 1.1758388343444273e-43 1.2206439097552149e-39 2.295952582930804e-36 2.142778588785601e-32 2.0709631114517924e-28 2.9403980936473204e-25 7.333871899436842e-25
0.0073598144752657635 1.7986032827895822e-44 1.1841274673033064e-43 1.2556443978711405e-39 2.420811538866982e-36 2.2645903357554644e-32 2.18875055934241e-28 3.1076360807507116e-25 7.75099298161815e-25
0.007496781874966877 1.7804945682217767e-44 1.1927353584658883e-43 1.2918902399212946e-39 2.5526540766589315e-36 2.3933291097711152e-32 2.313237271738311e-28 3.28438589060085e-25 8.191838230363779e-25
0.007636298261282242 1.762677643611286e-44 1.2016685776566999e-43 1.3294342082002485e-39 2.691875276939266e-36 2.529388871142044e-32 2.4448042756099836e-28 3.471188517350663e-25 8.657756980685957e-25
0.00777841107128649 1.745148731766521e-44 1.2109333409820833e-43 1.3683315941070268e-39 2.8388926546202714e-36 2.6731859866601325e-32 2.583854269203124e-28 3.668615724720908e-25 9.150175312336273e-25
0.007923168624866254 1.72790412568333e-44 1.2205360110824637e-43 1.4086403385252725e-39 2.994147434045065e-36 2.8251605039827434e-32 2.730812854613347e-28 3.8772717960491317e-25 9.670600414737024e-25
0.008070620141149499 1.7109401877140487e-44 1.2304830972310214e-43 1.4504211693471618e-39 3.15810589664888e-36 2.985777498497544e-32 2.8861298404648676e-28 4.0977953838745454e-25 1.0220625200172733e-24
0.008220815755240541 1.6942533487579266e-44 1.2407812552733035e-43 1.4937377465474426e-39 3.33126080525443e-36 3.155528496791391e-32 3.0502806186802323e-28 4.330861464719716e-25 1.0801933179361076e-24
0.00837380653526649 1.6778401074728104e-44 1.251437287403028e-43 1.5386568152376128e-39 3.514132909360116e-36 3.3349329810802067e-32 3.2237676195551425e-28 4.577183405052335e-25 1.1416303614326646e-24
0.008529644499741026 1.661697029507982e-44 1.2624581417701053e-43 1.5852483671552027e-39 3.70727253602782e-36 3.524539979204759e-32 3.407121849592197e-28 4.837515144750748e-25 1.206561696434982e-24
0.008688382635251185 1.6458207467580688e-44 1.273850911917714e-43 1.6335858110693926e-39 3.911261271238578e-36 3.72492974505867e-32 3.600904516800238e-28 5.112653504755963e-25 1.2751860641658615e-24
0.008850074914473439 1.630207956637934e-44 1.285622836046361e-43 1.683746152612269e-39 4.1267137368619494e-36 3.936715534592422e-32 3.8057087484343644e-28 5.403440625973849e-25 1.347713509448179e-24
0.009014776314524917 1.6148554213785057e-44 1.2977812961038645e-43 1.7358101840743695e-39 4.354279468676822e-36 4.1605454828289987e-32 4.02216140643388e-28 5.71076654689204e-25 1.4243660236080847e-24
0.009182542835656282 1.5997599673434382e-44 1.3103338167015261e-43 1.7898626847345476e-39 4.594644901191439e-36 4.397104587636635e-32 4.2509250061152535e-28 6.035571927801519e-25 1.5053782239440053e-24
0.009353431520292386 1.584918484366595e-44 1.3232880638580265e-43 1.8459926323270807e-39 4.8485354653364787e-36 4.6471168063302604e-32 4.492699743992389e-28 6.378850929960782e-25 1.5909980718410705e-24
0.00952750047242729 1.570327925110302e-44 1.336651843574138e-43 1.9042934262839666e-39 5.116717805451186e-36 4.911347271519073e-32 4.7482256409312785e-28 6.741654258515296e-25 1.6814876317289877e-24
0.009704808877380306 1.5559853044443153e-44 1.350433100242876e-43 1.9648631234272952e-39 5.400002122347349e-36 5.190604632982519e-32 5.018284807198646e-28 7.125092378486099e-25 1.777123873206433e-24
0.009885417021919573 1.5418876988455304e-44 1.3646399149014673e-43 2.027804686825553e-39 5.699244649621543e-36 5.485743532742391e-32 5.303703836337326e-28 7.530338913670594e-25 1.8781995187869706e-24
0.010069386314760271 1.5280322458183694e-44 1.3792805033333156e-43 2.0932262485691956e-39 6.015350270794552e-36 5.797667220907117e-32 5.60535633519578e-28 7.958634238859451e-25 1.985023939861424e-24
0.010256779307444218 1.514416143335891e-44 1.3943632140300754e-43 2.1612413872643396e-39 6.349275285287125e-36 6.127330320294366e-32 5.924165597855423e-28 8.411289276364104e-25 2.0979241036189233e-24
0.010447659715608041 1.5010366493016108e-44 1.4098965260259656e-43 2.23196942108971e-39 6.70203033169722e-36 6.47574174829412e-32 6.261107431640056e-28 8.889689508475448e-25 2.217245573825001e-24
0.010642092440647247 1.487891081032044e-44 1.4258890466185267e-43 2.305535717310848e-39 7.074683477325457e-36 6.843967804915522e-32 6.617213143857577e-28 9.395299218135238e-25 2.3433535685199874e-24
0.01084014359178331 1.4749768147600412e-44 1.4423495089922258e-43 2.3820720191970597e-39 7.46836348340355e-36 7.233135436468884e-32 6.9935726984152285e-28 9.92966597079943e-25 2.476634077874915e-24
0.011041880508541602 1.4622912851589103e-44 1.459286769763485e-43 2.4617167913413437e-39 7.884263256019468e-36 7.644435684872999e-32 7.391338051970714e-28 1.0494425351212242e-24 2.617495045626678e-24
0.01124737178364752 1.449831984887408e-44 1.4767098064679216e-43 2.5446155844410837e-39 8.323643493300049e-36 8.079127333144599e-32 7.811726679829868e-28 1.1091305969588604e-24 2.7663676177083965e-24
0.011456687286348714 1.4375964641556787e-44 1.4946277150129087e-43 2.6309214206583172e-39 8.787836540013585e-36 8.538540758228566e-32 8.256025302383307e-28 1.1722134752528005e-24 2.9237074618968254e-24
0.011669898186171476 1.4255823303121658e-44 1.5130497071206333e-43 2.7207952007428917e-39 9.278250461389247e-36 9.024082002961437e-32 8.725593823487875e-28 1.238884253485462e-24 3.0899961625160953e-24
0.011887076977119033 1.4137872474516433e-44 1.531985107789129e-43 2.81440613416978e-39 9.796373348620887e-36 9.537237079631369e-32 9.221869492847059e-28 1.3093469969498199e-24 3.265742694466428e-24
0.012108297502320394 1.4022089360444193e-44 1.5514433528007332e-43 2.911932193614002e-39 1.0343777869232659e-35 1.0079576518307374e-31 9.746371305131235e-28 1.3838173773505706e-24 3.4514849810898384e-24
0.01233363497913776 1.3908451725868514e-44 1.5714339863094139e-43 3.013560595162462e-39 1.0922126076232523e-35 1.065276017385877e-31 1.030070464930189e-27 1.4625233329300673e-24 3.647791540640834e-24
0.012563166024741201 1.3796937892732817e-44 1.5919666585402187e-43 3.119488305742466e-39 1.1533174490771882e-35 1.125854230637819e-31 1.08865662223705e-27 1.5457057661395376e-24 3.855263226401744e-24
0.012796968682159416 1.3687526736895213e-44 1.6130511236357475e-43 3.229922579331728e-39 1.2178779473867791e-35 1.1898776950558878e-31 1.1505749222632833e-27 1.6336192809910968e-24 4.074535065768914e-24
0.01303512244681509 1.358019768528053e-44 1.6346972376858683e-43 3.345081523604011e-39 1.2860902903626755e-35 1.2575423590459631e-31 1.2160148838272689e-27 1.726532962347282e-24 4.306278203938532e-24
0.013277708293554291 1.3474930713250757e-44 1.6569149569781722e-43 3.4651946987598714e-39 1.358161817534663e-35 1.329055315702789e-31 1.2851768048136031e-27 1.8247311995335246e-24 4.551201958141651e-24
0.013524808704178755 1.337170634219591e-44 1.6797143365073986e-43 3.590503750391578e-39 1.4343116542859475e-35 1.4046354366737237e-31 1.358272375242932e-27 1.9285145567943224e-24 4.810055988715726e-24
0.013776507695490535 1.327050563734703e-44 1.7031055287826605e-43 3.7212630783374096e-39 1.5147713820523343e-35 1.484514042074072e-31 1.435525325210731e-27 2.0382006932574537e-24 5.083632593657899e-24
0.014032890847858732 1.3171310205813104e-44 1.7270987829714443e-43 3.857740543592195e-39 1.5997857466375465e-35 1.5689356085045245e-31 1.5171721096782693e-27 2.1541253352221082e-24 5.3727691336834444e-24
0.01429404533431761 1.307410219484436e-44 1.751704444419144e-43 4.000218215458834e-39 1.689613406812428e-35 1.658158517337697e-31 1.6034626322116656e-27 2.2766433037467566e-24 5.6783505952114575e-24
0.014560059950206485 1.2978864290323562e-44 1.7769329545822554e-43 4.148993161250483e-39 1.7845277254892684e-35 1.752455845564208e-31 1.694661009884357e-27 2.406129600682173e-24 6.0013122991231594e-24
0.014831025143361045 1.2885579715488322e-44 1.802794851412308e-43 4.304378280984555e-39 1.8848176058926435e-35 1.8521162016188712e-31 1.791046381684127e-27 2.5429805564735818e-24 6.342642763583266e-24
