results/limits/Stanford_h.dat
# %ECSV 1.0
# ---
# datatype:
# - {name: mx, unit: MeV, datatype: float64}
# - {name: sigma, unit: cm2, datatype: float64}
# schema: astropy-2.0
mx sigma
1e-05 8.980504715321786e-34
1.0036916706151159e-05 9.078796424200965e-34
1.0073969696621643e-05 9.178173448864949e-34
1.0111159474528228e-05 9.278647801353319e-34
1.0148486544845115e-05 9.380231674532126e-34
1.0185951414410618e-05 9.482937367039561e-34
1.0223554591934197e-05 9.586777314073328e-34
1.0261296588003294e-05 9.691764088908064e-34
1.0299177915090215e-05 9.797910404429508e-34
1.0337199087559224e-05 9.905229114686384e-34
1.037536062167337e-05 1.0013733216458625e-33
1.041366303560163e-05 1.0123435850531665e-33
1.0452106849425901e-05 1.0234350303764282e-33
1.0490692585147977e-05 1.034649001113984e-33
1.0529420766696805e-05 1.0459868556400477e-33
1.056829191993541e-05 1.057449967412844e-33
1.0607306572668202e-05 1.0690397251422891e-33
1.0646465254648068e-05 1.0807575329594547e-33
1.0685768497583504e-05 1.09260481058794e-33
1.0725216835145986e-05 1.1045829911080808e-33
1.076481080297704e-05 1.1166935281190231e-33
1.0804550938695673e-05 1.128937889238913e-33
1.08444377819056e-05 1.1413175583052217e-33
1.0884471874202513e-05 1.1538340356334961e-33
1.0924653759181584e-05 1.1664888377896156e-33
1.096498398244467e-05 1.1792834972836875e-33
1.1005463091607877e-05 1.1922195665571159e-33
1.104609163630893e-05 1.2052986136825644e-33
1.1086870168214569e-05 1.2185222240221377e-33
1.1127799241028195e-05 1.2318920005248821e-33
1.1168879410497206e-05 1.245409564322451e-33
1.1210111234420711e-05 1.2590765543035778e-33
1.1251495272657026e-05 1.2728946275812946e-33
1.1293032087131209e-05 1.2868654595974407e-33
1.1334722241842831e-05 1.300990744494676e-33
1.1376566302873567e-05 1.3152721952191035e-33
1.1418564838394803e-05 1.3297115437181495e-33
1.1460718418675522e-05 1.3443105397514857e-33
1.1503027616089865e-05 1.3590709552405446e-33
1.154549300512505e-05 1.3739945805144607e-33
1.1588115162389119e-05 1.389083225748441e-33
1.163089466661869e-05 1.4043387212220637e-33
1.1673832098686978e-05 1.4197629157686062e-33
1.1716928041611498e-05 1.4353576808375321e-33
1.1760183080562142e-05 1.451124909646248e-33
1.180359780286906e-05 1.4670665151406318e-33
1.1847172798030557e-05 1.483184431512766e-33
1.189090865772127e-05 1.4994806144371228e-33
1.1934805975800007e-05 1.5159570413092386e-33
1.1978865348317977e-05 1.5326157113897348e-33
1.2023087373526816e-05 1.54945864632484e-33
1.2067472651886637e-05 1.5664878901410215e-33
1.2112021786074345e-05 1.5837055095588215e-33
1.215673538099164e-05 1.601113594253953e-33
1.2201614043773386e-05 1.618714257112481e-33
1.2246658383795795e-05 1.6365096344887448e-33
1.2291869012684615e-05 1.6545018849587248e-33
1.2337246544323621e-05 1.6726931916044685e-33
1.2382791594862741e-05 1.6910857650020503e-33
1.24285047827266e-05 1.7096818380031936e-33
1.2474386728622844e-05 1.728483668260795e-33
1.2520438055550491e-05 1.7474935385045164e-33
1.256665938880857e-05 1.7667137568195627e-33
1.2613051356004406e-05 1.7861466569283852e-33
1.2659614587062315e-05 1.8057945981627377e-33
1.270634971423209e-05 1.8256599661006772e-33
1.2753257372097507e-05 1.845745173629795e-33
1.2800338197585116e-05 1.8660526598999066e-33
1.2847592829972686e-05 1.8865848911546132e-33
1.289502191089807e-05 1.907344361032502e-33
1.2942626084367834e-05 1.928333590871574e-33
1.2990405996765926e-05 1.949555130017058e-33
1.3038362296862639e-05 1.971011555407947e-33
1.30864956358232e-05 1.9927054707118672e-33
1.313480666721681e-05 2.014639514264793e-33
1.318329604702543e-05 2.036816350575164e-33
1.3231964433652608e-05 2.059238673749453e-33
1.3280812487932609e-05 2.081909207821196e-33
1.3329840873139172e-05 2.1048307070835052e-33
1.337905025499471e-05 2.1280059564254574e-33
1.342844130167926e-05 2.1514377714606415e-33
1.3478014683839479e-05 2.1751289988232264e-33
1.3527771074597909e-05 2.199082517869136e-33
1.3577711149562045e-05 2.223301239306648e-33
1.3627835586833414e-05 2.247788106178236e-33
1.3678145067016984e-05 2.272546094220037e-33
1.3728640273230183e-05 2.297578212225099e-33
1.3779321891112363e-05 2.3228875024108815e-33
1.3830190608834034e-05 2.3484770377842496e-33
1.3881247117106117e-05 2.37434993095445e-33
1.3932492109189529e-05 2.4005093270069464e-33
1.3983926280904356e-05 2.4269584056013742e-33
1.4035550330639517e-05 2.4537003817204896e-33
1.4087364959362149e-05 2.4807385060627133e-33
1.4139370870627038e-05 2.5080760648218965e-33
1.4191568770586386e-05 2.5357163807864514e-33
1.4243959367999157e-05 2.5636628152392234e-33
1.4296543374240903e-05 2.59191876574933e-33
1.4349321503313348e-05 2.6204876676306904e-33
1.4402294471853979e-05 2.6493729943614574e-33
1.4455462999145997e-05 2.678578257456368e-33
1.4508827807127839e-05 2.708107008421943e-33
1.456238962040319e-05 2.737962837878394e-33
1.461614916625073e-05 2.7681493762479828e-33
1.4670107174633927e-05 2.7986702929534278e-33
1.4724264378211155e-05 2.8295292997381826e-33
1.4778621512345393e-05 2.860730150337151e-33
1.4833179315114439e-05 2.892276638403938e-33
1.4887938527320821e-05 2.924172600842228e-33
1.4942899892501784e-05 2.956421917097433e-33
1.499806415693958e-05 2.989028509339583e-33
1.5053432069671377e-05 3.021996343707437e-33
1.5109004382499626e-05 3.055329430256224e-33
1.5164781850002188e-05 3.089031823500206e-33
1.5220765229542482e-05 3.1231076229993936e-33
1.5276955281279994e-05 3.15756097347683e-33
1.5333352768180333e-05 3.192396063745013e-33
1.538995845602583e-05 3.227617134053678e-33
1.5446773113425828e-05 3.263228469198372e-33
1.550379751182702e-05 3.299234401579522e-33
1.5561032425524172e-05 3.335639311731691e-33
1.5618478631670344e-05 3.3724476288583823e-33
1.5676136910287696e-05 3.409663831373117e-33
1.5734008044277974e-05 3.447292447446314e-33
1.579209281943303e-05 3.485338055558255e-33
1.5850392024445745e-05 3.523805285058389e-33
1.590890645092046e-05 3.562698816633102e-33
1.596763689338395e-05 3.6020233827689055e-33
1.6026584149296126e-05 3.6417837692083975e-33
1.6085749019060764e-05 3.6819848144927534e-33
1.6145132306036595e-05 3.7226314109227545e-33
1.6204734816547947e-05 3.7637285051561145e-33
1.6264557359895943e-05 3.805281098811842e-33
1.632460074836937e-05 3.847294249081009e-33
1.6384865797255623e-05 3.889773069344374e-33
1.6445353324852004e-05 3.932722729797078e-33
1.6506064152476555e-05 3.976148458079932e-33
1.656699910447947e-05 4.020055539918103e-33
1.6628159008254162e-05 4.064449319766606e-33
1.668954469424841e-05 4.109335201463052e-33
1.6751156995975864e-05 4.154718648887816e-33
1.68129967500271e-05 4.200605186631231e-33
1.6875064796081214e-05 4.2470003940948054e-33
1.6937361976917116e-05 4.293909925204542e-33
1.6999889138424882e-05 4.3413394909789034e-33
1.7062647129617468e-05 4.3892948656483185e-33
1.712563680264197e-05 4.437781887601999e-33
1.718885901279143e-05 4.4868064601012586e-33
1.7252314618516356e-05 4.536374552000454e-33
1.7316004481436267e-05 4.58649219847598e-33
1.73799294663516e-05 4.637165501763568e-33
1.744409044125535e-05 4.6884006319035937e-33
1.7508488277344758e-05 4.740203827494626e-33
1.7573123849033367e-05 4.792581396455613e-33
1.7637998033962634e-05 4.8455397167962014e-33
1.7703111713014087e-05 4.899085237395956e-33
1.776846577032117e-05 4.953224478792005e-33
1.7834061093281156e-05 5.007964033975436e-33
1.789989857256744e-05 5.063310569196825e-33
1.796597910214134e-05 5.1192708247802786e-33
1.8032303579264503e-05 5.1758516089224254e-33
1.809887290451096e-05 5.233059818328899e-33
1.816568798177926e-05 5.290902421252568e-33
1.8232749718304993e-05 5.349386462610717e-33
1.8300059024672822e-05 5.4085190656022914e-33
1.8367616814829094e-05 5.468307432578194e-33
1.8435424006094143e-05 5.528758845920976e-33
1.8503481519174643e-05 5.5898806689342834e-33
1.8571790278176357e-05 5.6516803467425274e-33
1.8640351210616397e-05 5.714165407200049e-33
1.870916524743607e-05 5.777343461810894e-33
1.8778233323013412e-05 5.841222206658485e-33
1.884755637517577e-05 5.905809423345641e-33
1.8917135345212785e-05 5.971112979945348e-33
1.8986971177888876e-05 6.037140831961603e-33
1.9057064821456343e-05 6.103901023301486e-33
1.912741722766811e-05 6.171401687257646e-33
1.919802935179055e-05 6.239651047501744e-33
1.926890215261673e-05 6.308657419089268e-33
1.934003659247909e-05 6.378429203270294e-33
1.9411433637262807e-05 6.44897489519492e-33
1.94830942564188e-05 6.52030310095774e-33
1.9555019422976755e-05 6.592422511360066e-33
1.962721011355862e-05 6.665341913777471e-33
1.969966730839155e-05 6.739070193232896e-33
1.9772391991321496e-05 6.813616333482234e-33
1.984538514982645e-05 6.888989418111644e-33
1.9918647775029724e-05 6.965198631646943e-33
1.9992180861713682e-05 7.042253260675876e-33
2.0065985408332954e-05 7.120162694982195e-33
2.014006241702824e-05 7.198936428692882e-33
2.0214412893639824e-05 7.278584061437855e-33
2.0289037847721093e-05 7.35911529952244e-33
2.03639382925525e-05 7.440539957113349e-33
2.043911524515519e-05 7.522867957437388e-33
2.0514569726304694e-05 7.606109333993507e-33
2.0590302760545083e-05 7.69027423177884e-33
2.0666315376202524e-05 7.775372908527529e-33
2.074260860539957e-05 7.861415735964229e-33
2.0819183484069015e-05 7.94841319450592e-33
2.0896041051967857e-05 8.036375883230302e-33
2.0973182352691704e-05 8.12531453334859e-33
2.1050608433688604e-05 8.215239985300214e-33
2.112832034627356e-05 8.30616319999008e-33
2.12063191456427e-05 8.398095260127348e-33
2.1284605890887438e-05 8.49104737157907e-33
2.1363181645009193e-05 8.585030864739423e-33
2.1442047474933455e-05 8.680057195913353e-33
2.1521204451524584e-05 8.776137948716423e-33
2.1600653649600222e-05 8.873284835489645e-33
2.168039614794575e-05 8.97150969873008e-33
2.1760433029329234e-05 9.070824512537848e-33
2.1840765380515806e-05 9.17124138407845e-33
2.1921394292282698e-05 9.272772555062098e-33
2.200232085943393e-05 9.375430403239041e-33
2.2083546180815055e-05 9.479227443911402e-33
2.2165071359328367e-05 9.584176331462437e-33
2.2246897501947548e-05 9.690289860901982e-33
2.232902571973298e-05 9.797580969429843e-33
2.241145712784673e-05 9.906062721952562e-33
2.2494192845567533e-05 1.0015748358209607e-32
2.257723399630631e-05 1.0126651252968308e-32
2.2660581707621068e-05 1.0238784928107396e-32
2.2744237111232525e-05 1.0352163055772802e-32
2.2828201343039337e-05 1.0466799460047692e-32
2.2912475543133382e-05 1.0582708118640896e-32
2.2997060855815575e-05 1.0699903164594947e-32
2.3081958429611023e-05 1.0818398888011976e-32
2.3167169417284943e-05 1.0938209737799847e-32
2.3252694975858194e-05 1.1059350323437049e-32
2.333853626662282e-05 1.1181835416757139e-32
2.3424694455158175e-05 1.1305679953753809e-32
2.351117071134635e-05 1.1430899036404856e-32
2.35979662093884e-05 1.1557507934517596e-32
2.3685082127820144e-05 1.1685522087593993e-32
2.3772519649528024e-05 1.1814957106716613e-32
2.38602799617655e-05 1.1945828776456128e-32
2.394836425616879e-05 1.2078153044086308e-32
2.4036773728773378e-05 1.2211946054172834e-32
2.412550958003013e-05 1.2347224127718308e-32
2.4214573014821423e-05 1.2484003762683328e-32
2.4303965242477866e-05 1.2622301640372397e-32
2.439368747679432e-05 1.2762134627471053e-32
2.4483740936046718e-05 1.290351977810687e-32
2.4574126843008484e-05 1.304647433593258e-32
2.4664846424966947e-05 1.319101573623235e-32
2.4755900913740395e-05 1.3337161608052238e-32
2.484729154569437e-05 1.3484929776353167e-32
2.4939019561758825e-05 1.3634338264189046e-32
2.5031086207444823e-05 1.3785405294908276e-32
2.5123492732861277e-05 1.393814929437969e-32
2.5216240392732312e-05 1.4092588893244154e-32
2.530933044641386e-05 1.4248742929189853e-32
2.540276415791114e-05 1.4406630443484122e-32
2.549654279589567e-05 1.4566270693746124e-32
2.5590667633722325e-05 1.4727683158754945e-32
2.5685139949446985e-05 1.4890887527618405e-32
2.5779961025843497e-05 1.5055903708255104e-32
2.5875132150421437e-05 1.5222751829827086e-32
2.5970654615443443e-05 1.5391452245198633e-32
2.6066529717942596e-05 1.5562025533422305e-32
2.6162758759740423e-05 1.5734492502253772e-32
2.6259343047464124e-05 1.5908874190692952e-32
2.6356283892564692e-05 1.608519187155497e-32
2.645358261133458e-05 1.6263467054068705e-32
2.6551240524925383e-05 1.6443721486504142e-32
2.6649258959366122e-05 1.6625977158829946e-32
2.6747639245581084e-05 1.681025630495852e-32
2.6846382719407717e-05 1.6996581406270987e-32
2.694549072161516e-05 1.7184975194521618e-32
2.7044964597922025e-05 1.737546065363405e-32
2.7144805699015022e-05 1.7568061022964715e-32
2.7245015380567162e-05 1.7762799800141806e-32
2.7345595003255982e-05 1.795970074393547e-32
2.7446545932782418e-05 1.8158787877161323e-32
2.7547869539888897e-05 1.836008548961442e-32
2.7649567200378353e-05 1.8563618141037482e-32
2.7751640295132716e-05 1.876941066412114e-32
2.7854090210131524e-05 1.897748816753742e-32
2.7956918336471108e-05 1.918787602607996e-32
2.8060126070383055e-05 1.9400599921266322e-32
2.8163714813253532e-05 1.9615685808615534e-32
2.8267685971642183e-05 1.9833159931699378e-32
2.8372040957301016e-05 2.0053048825751756e-32
2.8476781187194006e-05 2.027537932091151e-32
2.8581908083515856e-05 2.0500178545499366e-32
2.8687423073711713e-05 2.0727473929333063e-32
2.879332759049639e-05 2.095729320608095e-32
2.8899623071873632e-05 2.1189664414454297e-32
2.900631096115605e-05 2.1424615913798537e-32
2.9113392706984262e-05 2.1662176373783854e-32
2.9220869763346965e-05 2.190237478270926e-32
2.9328743589600502e-05 2.2145240451043947e-32
2.9437015650488497e-05 2.2390803013135574e-32
2.9545687416162173e-05 2.2639092432132786e-32
2.9654760362199816e-05 2.289013901057033e-32
2.9764235969627252e-05 2.3143973383702132e-32
2.987411572493776e-05 2.3400626527302957e-32
2.9984401120112084e-05 2.3660129760465705e-32
3.009509365263911e-05 2.3922514751856302e-32
3.0206194825535718e-05 2.4187813522082197e-32
3.0317706147367615e-05 2.4456058447128712e-32
3.042962913226963e-05 2.472728226280566e-32
3.0541965299966104e-05 2.500151806872803e-32
3.0654716175791876e-05 2.527879933155648e-32
3.076788329071283e-05 2.5559159891551634e-32
3.0881468181346466e-05 2.5842633964260514e-32
3.099547238998324e-05 2.612925614550258e-32
3.110989746460698e-05 2.641906141559536e-32
3.1224744958916336e-05 2.671208514362932e-32
3.134001643234572e-05 2.7008363091788924e-32
3.145571345008626e-05 2.7307931419721486e-32
3.157183758310751e-05 2.7610826688956343e-32
3.168839040817828e-05 2.7917085867370563e-32
3.180537350788847e-05 2.822674633202243e-32
3.192278847067039e-05 2.853984586248425e-32
3.2040636890820124e-05 2.8856422688084435e-32
3.215892036851963e-05 2.917651544770745e-32
3.2277640509857944e-05 2.9500163209674586e-32
3.239679892685346e-05 2.982740547651869e-32
3.2516397237475605e-05 3.015828218980998e-32
3.263643706566663e-05 3.0492833735035747e-32
3.27569200413641e-05 3.083110094653585e-32
3.2877847800522504e-05 3.1173125112490527e-32
3.299922198513594e-05 3.1518947979966443e-32
3.312104424326022e-05 3.1868611760016824e-32
3.3243316229035017e-05 3.222215913283834e-32
3.336603960270682e-05 3.257963325298729e-32
3.3489216030650926e-05 3.294107775465083e-32
3.3612847185394546e-05 3.3306536756979697e-32
3.3736934745639314e-05 3.367605486703706e-32
3.3861480396283876e-05 3.4049677191991386e-32
3.3986485828447225e-05 3.442744933885086e-32
3.4111952739491154e-05 3.480941742111695e-32
3.4237882833043755e-05 3.5195628064813565e-32
3.4364277819022356e-05 3.5586128414183384e-32
3.4491139413656515e-05 3.598096613744769e-32
3.461846933951185e-05 3.638018943263222e-32
3.4746269325512815e-05 3.6783847033454503e-32
3.4874541106966714e-05 3.719198821527994e-32
3.500328642558702e-05 3.7604662801142146e-32
3.5132507029516844e-05 3.8021921167829717e-32
3.526220467335314e-05 3.8443814252043404e-32
3.539238111816996e-05 3.887039355661799e-32
3.5523038131542884e-05 3.9301711156816937e-32
3.565417748757282e-05 3.9737819706694834e-32
3.578580096690981e-05 4.017877244553001e-32
3.591791035677781e-05 4.062462320433174e-32
3.60505074509983e-05 4.107542640888624e-32
3.618359405001516e-05 4.15312370958171e-32
3.631717196091896e-05 4.1992110911954817e-32
3.645124299747119e-05 4.245810412172242e-32
3.658580898012948e-05 4.292927361490017e-32
3.672087173607166e-05 4.340567691357495e-32
3.685643309922116e-05 4.388737217917068e-32
