results/limits/Stanford_l_phase.dat
# %ECSV 1.0
# ---
# datatype:
# - {name: mx, unit: MeV, datatype: float64}
# - {name: sigma_10, unit: cm2, datatype: float64}
# - {name: sigma_9, unit: cm2, datatype: float64}
# - {name: sigma_7, unit: cm2, datatype: float64}
# - {name: sigma_6, unit: cm2, datatype: float64}
# - {name: sigma_5, unit: cm2, datatype: float64}
# - {name: sigma_4, unit: cm2, datatype: float64}
# - {name: sigma_3, unit: cm2, datatype: float64}
# - {name: sigma_2, unit: cm2, datatype: float64}
# schema: astropy-2.0
mx sigma_10 sigma_9 sigma_7 sigma_6 sigma_5 sigma_4 sigma_3 sigma_2
[from data line 80]
1.9989447971105317e-06 8.339226740941967e-36 1.085104935551655e-35 2.7263665434997414e-35 9.502246385195953e-35 1.090862344788143e-32 3.374566890294111e-29 2.4125947159312992e-26 5.956716679048236e-26
2.045553350050195e-06 8.358594640863948e-36 1.0883864762401574e-35 2.7470588782910025e-35 9.707072170772393e-35 1.1830746954040659e-32 3.6231119457481736e-29 2.6443086974526334e-26 6.531790662126843e-26
2.0932486549653353e-06 8.378052719739554e-36 1.0916879257189566e-35 2.7680628753659343e-35 9.919274783779607e-35 1.283663854532683e-32 3.891120037734912e-29 2.898340588464008e-26 7.162394455394243e-26
2.1420560511935146e-06 8.397601608124082e-36 1.0950094656138919e-35 2.789385435759117e-35 1.01392008284411e-34 1.3934088649075743e-32 4.180280371798404e-29 3.176842965703472e-26 7.853890596621183e-26
2.192001468898943e-06 8.417241943560498e-36 1.0983512798808874e-35 2.811033658167537e-35 1.0367216443649486e-34 1.5131611448540897e-32 4.492437781692228e-29 3.482176164789303e-26 8.612159510475392e-26
2.2431114428485372e-06 8.436974368432063e-36 1.1017135546184206e-35 2.8330148457793716e-35 1.0603708570273134e-34 1.6438511783657904e-32 4.8296072219048806e-29 3.8169283390314524e-26 9.443649524566797e-26
2.2954131265091837e-06 8.456799532407615e-36 1.1050964783240721e-35 2.855336513376475e-35 1.0849086310653581e-34 1.7864958294836732e-32 5.193989639497031e-29 4.1839374552091855e-26 1.0355431715959973e-25
2.3489343064737076e-06 8.476718089897966e-36 1.1085002416901412e-35 2.87800639472214e-35 1.1103782387669433e-34 1.9422063395647045e-32 5.587989358930888e-29 4.5863154133771244e-26 1.1355260054688356e-25
2.403703417223201e-06 8.496730702836468e-36 1.1119250378911142e-35 2.901032450247418e-35 1.1368254711381298e-34 2.1121970709336013e-32 6.014233126197921e-29 5.027474495805207e-26 1.2451637355806843e-25
2.4597495562335635e-06 8.516838038491031e-36 1.1153710624168719e-35 2.9244228750499976e-35 1.1642988061970416e-34 2.297795065547308e-32 6.47559097247122e-29 5.51115636999451e-26 1.3653887600992966e-25
2.5171024994342686e-06 8.53704077050271e-36 1.1188385131862158e-35 2.948186107219136e-35 1.1928495898446356e-34 2.5004504926495795e-32 6.975199072737306e-29 6.041463892427152e-26 1.4972235244869619e-25
2.575792717027583e-06 8.557339579791488e-36 1.1223275906534549e-35 2.9723308365025935e-35 1.2225322303433763e-34 2.721748064938932e-32 7.516484791562367e-29 6.62289598351167e-26 1.6417892180589958e-25
2.635851389676631e-06 8.5777351527904e-36 1.1258384977209353e-35 2.996866013330607e-35 1.2534044075260512e-34 2.9634195085008424e-32 8.103194126526225e-29 7.260385870337154e-26 1.8003153104450563e-25
2.6973104250709106e-06 8.598228182939112e-36 1.1293714398473218e-35 3.021800858214163e-35 1.2855272979568133e-34 3.2273571776451825e-32 8.739421779962502e-29 7.959343022458717e-26 1.9741500090654256e-25
2.760202474878063e-06 8.618819370566202e-36 1.1329266251209693e-35 3.047144871534746e-35 1.3189658173758695e-34 3.515628911826433e-32 9.429644111779695e-29 8.725699137387284e-26 2.1647717265783594e-25
2.8245609520908932e-06 8.639509422319786e-36 1.1365042642079816e-35 3.072907843743959e-35 1.353788881878945e-34 3.8304942379813914e-32 1.0178755250314237e-28 9.565958566854046e-26 2.3738016558339135e-25
2.8904200487788716e-06 8.660299051549701e-36 1.1401045704584732e-35 3.0990998659925367e-35 1.3900696894137603e-34 4.1744220278776796e-32 1.0992106664852296e-28 1.048725361274606e-25 2.6030175593037276e-25
2.9578147542535346e-06 8.681188978805781e-36 1.1437277599305584e-35 3.1257313412092074e-35 1.4278860233195531e-34 4.5501097263881884e-32 1.1875550532552493e-28 1.1497405162981935e-25 2.854368890275191e-25
3.026780873657441e-06 8.702179931742886e-36 1.1473740514579619e-35 3.152812995650355e-35 1.4673205797931705e-34 4.960504272959205e-32 1.2835487264533955e-28 1.2604989183012972e-25 3.1299933744258266e-25
3.097355046986562e-06 8.723272644923853e-36 1.1510436666737674e-35 3.1803558909438796e-35 1.5084613213380997e-34 5.408824844866735e-32 1.387891759103478e-28 1.3819409628496859e-25 3.43223519282978e-25
3.1695747685562034e-06 8.744467859675342e-36 1.1547368300285777e-35 3.2083714366505337e-35 1.5514018584424153e-34 5.898587557096097e-32 1.5013499644013259e-28 1.5150978399252035e-25 3.7636649210566423e-25
3.2434784069208122e-06 8.765766325073949e-36 1.1584537688658338e-35 3.236871403367604e-35 1.5962418619395435e-34 6.433632259743925e-32 1.6247611517776927e-28 1.661100301448886e-25 4.12710139395965e-25
3.319105225258239e-06 8.787168797328171e-36 1.1621947134970408e-35 3.26586793640251e-35 1.6430875087343372e-34 7.018151579626334e-32 1.7590419834618762e-28 1.8211882755057678e-25 4.525635682147626e-25
3.3964954022292982e-06 8.808676039905192e-36 1.1659598971755122e-35 3.295373570042495e-35 1.6920519638276e-34 7.656722358142261e-32 1.905195489306119e-28 1.9967214090315118e-25 4.962657384058463e-25
3.4756900533236943e-06 8.830288823671313e-36 1.1697495562061992e-35 3.325401242451287e-35 1.7432559018477557e-34 8.354339642224129e-32 2.064319303228519e-28 2.18919062864594e-25 5.441883457317465e-25
3.5567312527036693e-06 8.852007927856584e-36 1.1735639299918343e-35 3.3559643112229376e-35 1.7968280716012134e-34 9.116453389201717e-32 2.237614690703182e-28 2.4002308179412323e-25 5.967389834570438e-25
3.6396620555569646e-06 8.87383413874544e-36 1.177403261057507e-35 3.387076569625642e-35 1.8529059074855745e-34 9.949008049376793e-32 2.426396443453383e-28 2.6316347190595887e-25 6.5436460927428785e-25
3.7245265209709786e-06 8.895768250633529e-36 1.1812677951072263e-35 3.418752263570355e-35 1.9116361919757554e-34 1.085848519176552e-31 2.6321037248460416e-28 2.8853681768081082e-25 7.175553470648109e-25
3.811369735340273e-06 8.917811064469877e-36 1.1851577810339434e-35 3.4510061093401745e-35 1.9731757737954002e-34 1.1851949338497883e-31 2.8563119575000825e-28 3.163586854934943e-25 7.868486558241538e-25
3.900237836319859e-06 8.939963391516363e-36 1.1890734711018439e-35 3.4838533121192273e-35 2.0376923468284506e-34 1.2937097171420019e-31 3.1007458535142218e-28 3.468654566780875e-25 8.628339012219276e-25
3.991178037336996e-06 8.962226049812925e-36 1.193015120892181e-35 3.5173095853615766e-35 2.105365295312725e-34 1.4122310270108279e-31 3.367293697352603e-28 3.8031633761983127e-25 9.461573686774437e-25
4.0842386526745176e-06 8.984599865040485e-36 1.1969829893557082e-35 3.5513911710431207e-35 2.176386611393057e-34 1.541671153338382e-31 3.658023002062446e-28 4.169955639705536e-25 1.0375277605925419e-24
4.179469123139017e-06 9.007085670940828e-36 1.200977338864432e-35 3.5861148608415127e-35 2.2509618917012985e-34 1.6830225426046412e-31 3.9751976711343755e-28 4.572148177350021e-25 1.1377222244999124e-24
4.2769200423275275e-06 9.02968431239088e-36 1.2049984354547796e-35 3.621498018292512e-35 2.3293114202798347e-34 1.83736421785219e-31 4.321296811100692e-28 5.01315877788296e-25 1.2475929634066665e-24
4.376643183506652e-06 9.052396638639644e-36 1.209046548532621e-35 3.657558601972984e-35 2.4116713458799317e-34 2.0058686048988894e-31 4.699035353948572e-28 5.496735263679611e-25 1.3680744845594196e-24
4.478691527118417e-06 9.075223511207664e-36 1.2131219513148407e-35 3.6943151897642953e-35 2.498294962453441e-34 2.1898087734955134e-31 5.111386663744161e-28 6.026987362581769e-25 1.5001915482799207e-24
4.583119288927478e-06 9.098165798222652e-36 1.2172249206076165e-35 3.7317870042525183e-35 2.589454102523378e-34 2.3905660993887335e-31 5.561607318795722e-28 6.608421657829394e-25 1.6450678845038339e-24
4.689981948824612e-06 9.121224378145282e-36 1.221355737017851e-35 3.7699939393260134e-35 2.685440654073561e-34 2.609638350019556e-31 6.0532642790022015e-28 7.24597991326253e-25 1.803935751143651e-24
4.799336280301815e-06 9.144400135270981e-36 1.2255146848982865e-35 3.8089565880331676e-35 2.786568212649245e-34 2.848648192852035e-31 6.590264668389567e-28 7.9450810998376635e-25 1.9781464155956197e-24
4.911240380614659e-06 9.167693966763446e-36 1.2297020525832304e-35 3.8486962717677646e-35 2.8931738815192653e-34 3.1093521211184745e-31 7.1768884249632095e-28 8.711667480889607e-25 2.169181648538892e-24
5.0257537016479225e-06 9.191106776430836e-36 1.233918132305886e-35 3.889235070853159e-35 3.005620234026022e-34 3.3936497871131927e-31 7.817824094352724e-28 9.552255148126171e-25 2.3786663277940262e-24
5.142937081500915e-06 9.214639478063967e-36 1.238163220324172e-35 3.9305958566009993e-35 3.124297453655613e-34 3.703593728157986e-31 8.518208070416875e-28 1.0473989438198754e-24 2.6083822594498148e-24
5.262852776809252e-06 9.238292995310402e-36 1.2424376170021667e-35 3.972802324923314e-35 3.249625668908296e-34 4.041399465117126e-31 9.283667615275253e-28 1.1484705701261806e-24 2.8602833338355063e-24
5.385564495820272e-06 9.262068260596079e-36 1.2467416268199425e-35 4.0158790315841616e-35 3.382057501754868e-34 4.409455947994231e-31 1.0120368023125814e-27 1.2592995938218984e-24 3.1365121452104613e-24
5.511137432239651e-06 9.285966216881339e-36 1.251075558559953e-35 4.059851429179302e-35 3.5220808503421287e-34 4.810336317984084e-31 1.1035064327761943e-27 1.3808281873731446e-24 3.439418216607989e-24
5.639638299867211e-06 9.309987815522526e-36 1.2554397252276563e-35 4.104745905940089e-35 3.670221928678273e-34 5.246808950561354e-31 1.203515799186394e-27 1.5140895086297358e-24 3.77157798479711e-24
5.771135368040315e-06 9.334134018509678e-36 1.2598344442495744e-35 4.1505898264618736e-35 3.827048588304993e-34 5.721848740216073e-31 1.3128759058685103e-27 1.660216487702783e-24 4.135816715369692e-24
5.905698497903673e-06 9.358405798651691e-36 1.264260037527495e-35 4.1974115744651763e-35 3.993173949468217e-34 6.238648584622434e-31 1.4324754293156328e-27 1.820451462460393e-24 4.5352325343868375e-24
6.043399179524854e-06 9.382804136816306e-36 1.2687168314542207e-35 4.24524059770252e-35 4.1692603720556316e-34 6.800631024891842e-31 1.5632881890117815e-27 1.9961567445844067e-24 4.973222780962553e-24
6.184310569875183e-06 9.407330026499867e-36 1.2732051570479247e-35 4.2941074551322876e-35 4.356023799600978e-34 7.4114599996378075e-31 1.7063813383352024e-27 2.188826206070981e-24 5.4535129049661986e-24
6.32850753169624e-06 9.431984470280309e-36 1.277725350070498e-35 4.344043866488576e-35 4.554238512988869e-34 8.075052674479758e-31 1.8629243450148947e-27 2.4000979847242333e-24 5.980188155640473e-24
6.47606667327258e-06 9.456768482229407e-36 1.2822777510233522e-35 4.3950827643826454e-35 4.7647423341581556e-34 8.795591316016178e-31 2.034198837322341e-27 2.6317684167120042e-24 6.557728330675985e-24
6.627066389131828e-06 9.481683084579471e-36 1.2868627052198653e-35 4.447258349082009e-35 4.98844232412728e-34 9.577535190816195e-31 2.221609399541636e-27 2.8858073147011207e-24 7.191045881343073e-24
6.781586901693754e-06 9.50672931272062e-36 1.2914805630239183e-35 4.50060614612119e-35 5.226321024085851e-34 1.0425632486339727e-30 2.4266954082980295e-27 3.164374721496431e-24 7.885527697732482e-24
6.939710303890459e-06 9.531908213050546e-36 1.2961316797790586e-35 4.5551630669081464e-35 5.4794432931480425e-34 1.1344932272545225e-30 2.651144010223837e-27 3.469839281733614e-24 8.647080929646853e-24
7.101520602780329e-06 9.55722084308769e-36 1.3008164160070956e-35 4.610967472501463e-35 5.748963801685194e-34 1.2340796550683932e-30 2.896804351071809e-27 3.804798387851068e-24 9.482183232793821e-24
7.267103764178904e-06 9.582668269183712e-36 1.305535137391566e-35 4.6680592407443856e-35 6.03613524498739e-34 1.3418912470028935e-30 3.165703177067076e-27 4.172100271721567e-24 1.0397937867731345e-23
7.436547758330399e-06 9.608251574007964e-36 1.3102882149952765e-35 4.726479836953531e-35 6.342317348394324e-34 1.4585304834062156e-30 3.4600619409210146e-27 4.57486822983736e-24 1.1402134120202183e-23
7.609942606644117e-06 9.633971844777589e-36 1.315076025234287e-35 4.7862723883730073e-35 6.668986742028029e-34 1.5846349065101055e-30 3.782315557747656e-27 5.016527188130715e-24 1.2503313556859013e-23
7.787380429520604e-06 9.65983018606704e-36 1.3198989500906133e-35 4.847481762619703e-35 7.017747790911075e-34 1.7208784850009712e-30 4.135132970105446e-27 5.500832832363157e-24 1.3710842679894363e-23
7.968955495292936e-06 9.68582771419222e-36 1.3247573771650095e-35 4.91015465035809e-35 7.390344474610728e-34 1.8679730749055224e-30 4.5214396967676156e-27 6.031903551846069e-24 1.5034992598535447e-23
8.15476427030917e-06 9.711965553804124e-36 1.3296516997225533e-35 4.974339652461462e-35 7.788673419678231e-34 2.0266700114095198e-30 4.944442556760796e-27 6.614255468288585e-24 1.6487026395307262e-23
8.344905470182516e-06 9.738244845291104e-36 1.3345823169259213e-35 5.040087371931023e-35 8.2147981981062e-34 2.1977618729582677e-30 5.40765677851106e-27 7.252840847560333e-24 1.8079294929794693e-23
8.539480112236516e-06 9.764666739801724e-36 1.3395496338204199e-35 5.107450510864094e-35 8.670965015877801e-34 2.3820844659389226e-30 5.914935724531151e-27 7.953090221362355e-24 1.9825341895478645e-23
8.738591569173047e-06 9.791232399086257e-36 1.344554061485322e-35 5.176483972782371e-35 9.159619927493451e-34 2.580519085089307e-30 6.470503483833456e-27 8.720958576714587e-24 2.1740019022328616e-23
8.942345623991688e-06 9.817943002972496e-36 1.3495960171862386e-35 5.247244970650693e-35 9.6834277252078e-34 2.7939951115212958e-30 7.078990609210401e-27 9.562976006545325e-24 2.3839612406070322e-23
9.150850526189614e-06 9.844799738043365e-36 1.3546759244607876e-35 5.319793140941633e-35 1.0245292665669055e-33 3.023493016405655e-30 7.745473302740008e-27 1.0486303251927385e-23 2.6141981037978492e-23
9.364217049271877e-06 9.871803807976411e-36 1.359794213222775e-35 5.394190664122887e-35 1.0848381211805038e-33 3.270047843980671e-30 8.475516382487852e-27 1.1498792608513712e-23 2.866670871381952e-23
9.58255854960264e-06 9.898956429160934e-36 1.3649513198998676e-35 5.47050239197368e-35 1.1496146984230115e-33 3.534753252262862e-30 9.27522039538715e-27 1.2609054715180066e-23 3.1435270613941476e-23
9.805991026628606e-06 9.926258829159236e-36 1.3701476875396834e-35 5.548795982160936e-35 1.2192358134247415e-33 3.818766193631855e-30 1.0151273276699272e-26 1.3826531793148406e-23 3.447121597188096e-23
1.0034633184506672e-05 9.953712252667363e-36 1.37538376599338e-35 5.629142040539501e-35 1.2941127369786436e-33 4.1233123200983764e-30 1.1111006994752813e-26 1.5161577958252317e-23 3.7800368384507985e-23
1.0268606495168497e-05 9.981317955166697e-36 1.380660011926721e-35 5.711614271670252e-35 1.3746944886450673e-33 4.449692199735515e-30 1.2162459662488765e-26 1.662554728978061e-23 4.145104546831403e-23
1.0508035262855554e-05 1.0009077205975167e-35 1.3859768890932025e-35 5.79628963808738e-35 1.461471447837101e-33 4.7992884313757376e-30 1.3314443643453497e-26 1.82308904048095e-23 4.545429972975113e-23
1.07530466901589e-05 1.0036991292289724e-35 1.3913348683557418e-35 5.88324852888192e-35 1.5549793127877176e-33 5.173573744365399e-30 1.457662023108721e-26 1.9991260359627987e-23 4.9844182698842916e-23
1.1003770945598772e-05 1.0065061510755195e-35 1.3967344279019518e-35 5.972574938209598e-35 1.6558034399262895e-33 5.574120169364159e-30 1.5959581535796442e-26 2.19216287788479e-23 5.46580345722951e-23
1.1260341232779899e-05 1.0093289176731688e-35 1.4021760533365529e-35 6.064356654375814e-35 1.764583599026472e-33 6.00260936503197e-30 1.7474940275931978e-26 2.4038413200273236e-23 5.993680183053022e-23
1.1522893861159297e-05 1.0121675616442543e-35 1.4076602378370774e-35 6.158685460195953e-35 1.8820191825470797e-33 6.460844184254686e-30 1.9135428235544257e-26 2.6359616718389936e-23 6.572538552948689e-23
1.1791568318464117e-05 1.0150222175763603e-35 1.4131874823367593e-35 6.255657345380804e-35 2.0088749108922387e-33 6.950761563085953e-30 2.095500422595562e-26 2.890498111459686e-23 7.207302323055785e-23
1.206650734479802e-05 1.0178930211975067e-35 1.4187582956106983e-35 6.355372731752745e-35 2.145987078886832e-33 7.474446815830385e-30 2.294897246867327e-26 3.1696154776582534e-23 7.903370781708695e-23
