results/limits/Stanford_h_phase.dat
# %ECSV 1.0
# ---
# datatype:
# - {name: mx, unit: MeV, datatype: float64}
# - {name: sigma, unit: cm2 MeV4, datatype: float64}
# schema: astropy-2.0
mx sigma
[from data line 4163]
45.93380543376486 205.73615053767924
46.10337791352514 208.7900032286973
46.27357639902608 211.89098510299198
46.44440320127478 215.0373462243553
46.61586063980952 218.23008809229205
46.78795104273193 221.47047028459224
46.96067674673787 224.7593368423352
47.13404009714976 228.09658844312415
47.308043447948194 231.4837747089195
47.482689161803606 234.92080847113712
47.65797961010902 238.40920465138274
47.83391717301145 241.94886038891454
48.01050423944494 245.5411474930731
48.18774320716269 249.18701296377733
48.365636482769325 252.8874691914931
48.54418648175424 256.64313480664947
48.72339562852363 260.4534299164091
48.90326635643412 264.32120540444356
49.08380110782545 268.24540459248703
49.265002334053406 272.22951027821875
49.44687249552364 276.2704598775012
49.62941406172485 280.3735252809488
49.81262951126194 284.5361644747012
49.99652133189042 288.7613114541006
50.18109202054937 293.0483389813895
50.36634408339606 297.40160318648446
50.55228003583965 301.81730357394787
50.73890240257507 306.2979833794038
50.92621371761799 310.8466368672604
51.11421652433843 315.4625718516453
51.302913375496004 320.14695390105067
51.49230683327426 324.89975124089545
51.682399469315186 329.7232839300093
51.873193864754846 334.6205883266827
52.064692610257566 339.58907776398723
52.256898306051895 344.6307292187053
52.449813561965556 349.7469924308478
52.643440997460566 354.94215404631547
52.837783241669584 360.21261611430265
53.03284293343072 365.56065481800056
53.22862272132412 370.9876321258052
53.42512526370763 376.4983844134673
53.622353228752544 382.08907961042564
53.8203092944806 387.7618095771934
54.01899614879949 393.5203111677396
54.21841648954006 399.36216878598174
54.41857302449272 405.29215970039525
54.61946847144378 411.31145230846056
54.82110555821317 417.41765097497074
55.02348702269059 423.61776554082525
55.226615612873466 429.904575580338
55.43049408690392 436.2909600929062
55.6351252131059 442.76693260872906
55.84051177002353 449.3424621600876
56.04665654645795 456.0156906194755
56.253562341506004 462.7857421686024
56.46123196459785 469.6561861945643
56.66966823553479 476.6303947379635
56.8788739845284 483.7074855536519
57.08885205223796 490.89167974204713
57.299605289809904 498.1798624027411
57.51113655891615 505.57758933598967
57.723448731792615 513.0842700469387
57.93654469127904 520.7031382283633
58.150427330857184 528.4352865167618
58.36509955469094 536.2809174135665
58.580564277665424 544.2437115004599
58.79682442542619 552.3275637228251
59.01388293441978 560.5275597419324
59.231742751932664 568.8506232790721
59.450406836132075 577.2987846064312
59.66987815610583 585.8698775402152
59.89015969190227 594.5666835723459
60.111254434571585 603.3981571109827
60.333165386205444 612.3551061421534
60.55589555997863 621.4492311723141
60.77944798018955 630.6762050947932
61.00382568230098 640.0429845499107
61.22903171298198 649.5430806893388
61.45506913014892 659.1915854450424
61.68194100300661 668.979870102868
61.90965041209084 678.9143394841108
62.13820044930925 688.9907948804624
62.36759421798415 699.2246454323329
62.59783483289428 709.6068566855909
62.82892542031675 720.1413511091307
63.060869118070364 730.8356288582904
63.29366907555721 741.6876921168999
63.52732845380632 752.7003233801859
63.76185042551618 763.8775621789125
63.997238175097465 775.2204873425436
64.23349489871718 786.7321766828804
64.47062380434097 798.412416721062
64.70862811177764 810.2667686614501
64.94751105272249 822.2996213627932
65.18727587080073 834.5070898117541
65.42792582161255 846.8970565764517
65.66946417277617 859.4766543494351
65.91189420397322 872.236691198238
66.1552192069928 885.1906042980621
66.3994424857758 898.333891550753
66.64456735646074 911.6722232623831
66.8905971474277 925.208837934358
67.13753519934441 938.9469465013249
67.38538486521128 952.8906066095009
67.63414951040644 967.0382927044868
67.88383251273251 981.3992918929147
68.13443726246122 995.9700554668938
68.3859671623805 1010.7671272519696
68.63842562784028 1025.7695550849803
68.89181608679839 1041.0025548378464
69.14614197986813 1056.4555568814355
69.40140676036384 1072.1450462863193
69.65761389434877 1088.0617670937304
69.91476686068178 1104.2151607670746
70.17286915106403 1120.6166661320083
70.43192427008752 1137.2493081355087
70.69193573528148 1154.1449717819544
70.95290707716107 1171.281371443146
71.21484183927502 1188.6725144063391
71.4777435782532 1206.324305599606
71.74161586385597 1224.2373410981909
72.00646227902149 1242.4116433157644
72.2722864199154 1260.8661330875027
72.5390918959792 1279.5887810234265
72.80688232997876 1298.5895298775956
73.0756613580547 1317.859810475145
73.34543262977039 1337.4292649031156
73.61619980816268 1357.287875339425
73.88796656979112 1377.4435687399682
74.16073660478747 1397.8974186614
74.43451361690687 1418.6573633137748
74.70930132357685 1439.7279144995534
74.98510345594893 1461.0989547812517
75.26192375894884 1482.7924475200061
75.53976599132683 1504.8135158775715
75.81863392570975 1527.1595959851916
76.09853134865168 1549.8262866456394
76.37946206068496 1572.8457482264287
76.6614298763729 1596.2026479619258
76.94443862436027 1619.9018036380844
77.22849214742641 1643.9560081251782
77.51359430253693 1668.3691463862763
77.79974896089563 1693.1447008503958
78.08696000799812 1718.286385772051
78.37523134368337 1743.7927393121975
78.66456688218774 1769.6949618539174
78.9549705521977 1795.9567834215775
79.24644629690259 1822.642940216976
79.53899807404937 1849.691691458062
79.83262985599511 1877.1679975776483
80.1273456297619 1905.0304636670364
80.4231493970907 1933.322658210461
80.72004517449501 1962.016983142918
81.01803699331668 1991.1570552343007
81.31712889977928 2020.7281467532953
81.61732495504418 2050.7323864268715
81.91862923526524 2081.184619958822
82.22104583164365 2112.0931905713683
82.52457885048459 2143.4476520347666
82.82923241325173 2175.2778598814807
83.13501065662435 2207.571326398756
83.44191773255291 2240.3598562147195
83.7499578083151 2273.618540382404
84.05913506657342 2307.4055181896592
84.36945370543074 2341.6441216096628
84.68091793848846 2376.4206624153408
84.9935319949032 2411.71815139365
85.30730011944368 2447.4983884956355
85.62222657254968 2483.8574758347754
85.93831563038836 2520.7304764246164
86.25557158491361 2558.178058220711
86.57399874392384 2596.139490112482
86.89360143111986 2634.7083665990285
87.21438398616489 2673.8184380941357
87.53635076474205 2713.5324838539173
87.85950613861472 2753.8031363408854
88.18385449568541 2794.711021873333
88.50940024005479 2836.2156290861744
88.83614779208271 2878.328291522131
89.16410158844684 2921.061243764843
89.4932660822041 2964.4448353103603
89.82364574285072 3008.448621725709
90.15524505638217 3053.097196029524
90.48806852535557 3098.4539288536357
90.82212066894921 3144.4604186278502
91.15740602302529 3191.1692610215855
91.49392914019086 3238.54156633862
91.8316945898592 3286.6197121399687
92.17070695831306 3335.425962651465
92.51097084876552 3384.9603600434116
92.85249088142375 3435.20360765441
93.1952716935512 3486.214610351583
93.53931793953002 3537.971532737176
93.88463429092536 3590.5076449183957
94.23122543654827 3643.797599366088
94.57909608251873 3697.955751298193
94.92825095233098 3752.8409174230296
95.27869478691605 3808.566149888323
95.6304323447075 3865.1301466644954
95.98346840170548 3922.55449374462
96.33780775154095 3980.771946425152
96.6934552055422 4039.865331434385
97.05041559279852 4099.84525061739
97.40869376022724 4160.706887635331
97.7682945726389 4222.523880407881
98.12922291280269 4285.233905387418
98.49148368151424 4348.842813448388
98.85508179766045 4413.44076253225
99.22002219828775 4478.948860972859
99.58630983866851 4545.453733245434
99.95394969236774 4612.95903464281
100.32294675131203 4681.457806385968
100.69330602585569 4750.9868123615215
101.06503254485021 4821.516724164155
101.43813135571197 4893.116043642543
101.81260752449012 4965.744157923957
102.1884661359368 5039.476479804944
102.5657122935746 5114.2981078373505
102.94435111976722 5190.245769973386
103.32438775578845 5267.2965742702
103.70582736189134 5345.57776026883
104.08867511737972 5424.926251578265
104.47293622067689 5505.4883525858195
104.85861588939764 5587.25856793297
105.24571936041846 5670.178406172803
105.63425188994805 5754.431339538883
106.02421875360014 5839.80359363212
106.41562524646342 5926.568189381666
106.80847668317497 6014.566336236903
107.20277839799175 6103.894469841297
107.5985357448624 6194.516944192047
107.99575409750142 6286.5067264430645
108.39443884946044 6379.795847694632
108.79459541420297 6474.5947759205965
109.19622922517723 6570.673399034126
109.59934573588927 6668.272706983024
110.00395041997861 6767.290402939569
110.4100487712907 6867.765081893213
110.81764630395318 6969.6849694394
111.22674855245002 7073.215222941861
111.63736107169598 7178.243369570025
112.04948943711366 7284.849899972733
112.46313924470739 7392.9325262358725
112.87831611114076 7502.761536131968
113.29502567381225 7614.204476487983
113.71327359093107 7727.15783272445
114.13306554159533 7841.933749444458
114.55440722586857 7958.380239868438
114.97730436485632 8076.531494358827
115.40176270078554 8196.569359235971
115.82778799708059 8318.258609711038
116.25538603844329 8441.786585783695
116.6845626309306 8567.15436735442
117.11532360203286 8694.31464159509
117.5476748007545 8823.462658198918
117.98162209769164 8954.443973964893
118.41717138511339 9087.398573127644
118.8543285770412 9222.373163693244
119.2930996093284 9359.258003764366
119.73349043974248 9498.265709185285
120.17550704804414 9639.27371824974
120.61915543607005 9782.381244789194
121.06444162781374 9927.658919019943
121.51137166950654 10075.056629965728
121.95995162970154 10224.663954035512
122.41018759935385 10376.437935725562
122.86208569190521 10530.524181108725
123.31565204336611 10686.916677080726
123.77089281239846 10845.710967888977
124.2278141804009 11006.64099543021
124.68642235159076 11170.078572355607
125.14672355309006 11335.995682375184
125.60872403500927 11504.214801607053
126.07243007053152 11675.115732703733
126.53784795599941 11848.392739856401
127.00498401099857 12024.379017640957
127.47384457844524 12203.003138708485
127.94443602467159 12384.222317088419
128.41676473951145 12568.02503071753
128.8908371363888 12754.567040857019
129.3666596524029 12943.965457710685
129.84423874841738 13136.244825618225
130.32358090914727 13331.302530132692
130.80469264324623 13529.325457644007
131.28758048339682 13730.178756044956
131.77225098639704 13933.952134750994
132.2587107332512 14140.776026966003
132.74696632925853 14350.929603795601
133.23702440410202 14563.931629100245
133.7288916119404 14780.162061927384
134.2225746314962 14999.598530082174
134.7180801661485 15222.484512004386
135.21541494402297 15448.410254961962
135.71458571808253 15677.888019806227
136.21559926622086 15910.732799490468
136.71846239135238 16146.909078791565
137.22318192150635 16386.503580984143
137.72976470991895 16629.937456548276
138.23821763512538 16876.973329792436
138.74854760105526 17127.42128008106
139.26076153712407 17381.775473756825
139.77486639832932 17639.81811541086
140.29086916534408 17901.70870282313
140.80877684461083 18167.758308360175
141.3285964684385 18437.34982792528
141.85033509509688 18711.25565545811
142.3739998089118 18988.945888187063
142.89959772036318 19270.95438314729
143.42713596617932 19557.267180686333
143.95662170943586 19847.451854896113
144.48806213965224 20142.32673695657
145.02146447288823 20441.358350438473
145.55683595184416 20744.995803684393
146.09418384595682 21052.943511977115
146.63351545150027 21365.494712035263
147.17483809168402 21682.891491773204
147.71815911675154 22004.83198427897
148.26348590408216 22331.40588330413
148.8108258582889 22663.003540905764
149.36018641132108 22999.803629387614
149.91157502256428 23341.19066221232
150.46499917894081 23687.545775017716
151.02046639501344 24039.238205725782
151.57798421308502 24396.26093868861
152.13756020330297 24758.529753409945
152.69920196376123 25126.390720570747
153.26291712060248 25499.143271599467
153.82871332812385 25877.695948922796
154.3965982688784 26261.90854759656
154.96657965378145 26652.193773644693
155.53866522221463 27047.745802172692
156.11286274212983 27449.624945528863
156.6891800101569 27856.871943339716
157.26762485170698 28270.70761516546
157.8482051210811 28690.54588757146
158.4309287015757 29116.690070164143
159.01580350558882 29548.861666912748
159.60283747472977 29987.890609815353
160.19203857992434 30433.23933743533
160.78341482152535 30884.75479745171
161.3769742294203 31343.549298798054
161.97272486313935 31808.44752955762
162.5706748119672 32280.854328106136
163.17083219505008 32760.250993999663
163.77320516150854 33246.62350605762
164.37780189054698 33740.81877035951
164.98463059156364 34241.27586902447
165.5936995042646 34749.53433272345
166.2050168987728 35265.959220472185
166.81859107574286 35790.060493541685
167.43443036647255 36321.029059786735
168.05254313301512 36860.478564375444
168.6729377682951 37407.78492778373
169.2956226962196 37963.53634673856
169.92060637179497 38526.46487534857
170.54789728124075 39099.0840009796
171.1775039421037 39679.18636926499
171.809434903376 40268.95777582223
172.44369874560846 40867.090542634214
173.0803040810295 41473.76281767661
173.71925955366112 42089.21199729245
174.36057383943503 42714.802139760395
175.00425564631283 43348.50322312042
175.6503137144029 43991.9390664008
176.29875681607825 44645.31440331869
176.94959375609798 45308.06819100688
177.60283337172407 45981.1733041726
178.25848453284377 46663.46168390628
178.91655614208912 47357.04428921083
179.57705713495662 48060.45729853011
180.23999647993108 48773.18873704373
180.9053831786046 49497.51804921453
181.57322626580137 50232.76517828357
182.24353480969896 50978.44721670855
182.91631791195078 51735.972495771304
183.5915847078119 52503.29929202484
184.26934436626027 53283.20680951826
184.94960609012386 54074.45404849578
185.63237911620442 54876.96457910471
186.31767271540176 55692.53673521295
187.00549619284234 56519.71851434692
187.69585888800265 57357.37859804983
188.3887701748384 58210.241425813416
189.08423946191107 59074.589295755184
189.78227619251413 59952.5550975403
190.48288984480422 60842.05949221605
191.18608993192663 61745.323894595946
191.89188600214723 62661.57876528608
192.60028763898092 63592.7465496861
193.31130446132062 64537.421219979005
194.02494612357057 65495.3191798831
194.7412223157744 66467.681832199
195.4601427637493 67454.34555043139
196.18171722921699 68456.59073592829
196.90595550993504 69472.17142030312
197.63286743983278 70504.20741604001
198.3624628891415 71550.04633218666
199.09475176453137 72614.20783386141
199.82974400924468 73692.2626843603
200.56744960322973 74786.83737637791
201.30787856327913 75896.03707792422
202.0510409431625 77023.12469140865
202.79694683376593 78167.60229894053
203.5456063632278 79328.33475120984
204.29702969707486 80505.95986602771
205.0512270383634 81701.09255580217
205.8082086278144 82914.76450356905
206.56798474395532 84145.85610859246
207.3305657032587 85395.3092100543
208.0959618602808 86662.4697272321
208.86418360780507 87950.44742959767
209.6352413769802 89256.89462791184
210.4091456374643 90581.77204253372
211.18590689756618 91925.1202019012
211.96553570438653 93291.08944226915
212.74804264396414 94677.70104750537
213.53343834141629 96083.60127801917
214.32173346108596 97508.99829235872
215.11293870668536 98958.2771582517
215.90706482144006 100425.15401603298
216.70412258823728 101917.29411262678
217.50412282977118 103429.53764867972
218.3070764086884 104966.76067301593
219.11299422773865 106524.9214436725
219.92188722991926 108107.79008023937
220.73376639862678 109712.68891684996
221.54864275780488 111341.8382900621
222.3665273720927 112996.69350476167
223.18743134697806 114674.00764809367
224.0113658289449 116374.28460060943
224.83834200562757 118102.66740517518
225.66837110596157 119858.57906217013
226.5014644003345 121636.13430427953
