results/limits/Stanford_h_phase.dat
# %ECSV 1.0
# ---
# datatype:
# - {name: mx, unit: MeV, datatype: float64}
# - {name: sigma, unit: cm2 MeV4, datatype: float64}
# schema: astropy-2.0
mx sigma
[from data line 2550]
0.12045259568447597 7.889981170032693e-07
0.12089726699247878 8.007136676533058e-07
0.12134357988048299 8.126031915701084e-07
0.12179154040866073 8.246692619949606e-07
0.12224115465955733 8.369144906815657e-07
0.12269242873817185 8.493415357613394e-07
0.12314536877204176 8.619531223649007e-07
0.12359998091132536 8.747519664518453e-07
0.12405627132888458 8.87740858505379e-07
0.12451424622037052 9.00922615601428e-07
0.12497391180430556 9.143000977944449e-07
0.1254352743221696 9.278762261479537e-07
0.12589834003848402 9.416539309330711e-07
0.12636311524089594 9.556362358888442e-07
0.1268296062402655 9.698261501582427e-07
0.1272978193707494 9.842267675580647e-07
0.12776776098988873 9.98841195341802e-07
0.12823943747869454 1.0136726437351199e-06
0.12871285524173362 1.0287243226389463e-06
0.12918802070721744 1.0439995015181786e-06
0.12966494032708725 1.0595014806940167e-06
0.13014362057710352 1.0752336649129705e-06
0.13062406795693307 1.091199430538638e-06
0.13110628899023657 1.1074022730463046e-06
0.131590290224759 1.1238457019912268e-06
0.1320760782324163 1.1405333016046535e-06
0.13256365960938665 1.157468678343804e-06
0.13305304097619913 1.1746555578358657e-06
0.13354422897782275 1.1920975932314393e-06
0.13403723028375877 1.2097986348529374e-06
0.13453205158812884 1.2277625144583843e-06
0.135028699609768 1.245993150754806e-06
0.13552718109231496 1.2644944799718465e-06
0.13602750280430292 1.28327050826269e-06
0.13652967153925344 1.3023253457341761e-06
0.13703369411576632 1.3216631378332748e-06
0.1375395773776143 1.3412880374577032e-06
0.13804732819383497 1.3612043706311212e-06
0.1385569534588234 1.3814164369479092e-06
0.13906846009242732 1.4019286043615089e-06
0.13958185504004023 1.4227453438367622e-06
0.1400971452726949 1.4438712076470293e-06
0.14061433778716 1.465310744381035e-06
0.14113343960603286 1.4870686483399473e-06
0.14165445777783667 1.5091496145454438e-06
0.14217739937711557 1.5315584576888746e-06
0.14270227150452966 1.5543000349549253e-06
0.14322908128695352 1.577379306672319e-06
0.1437578358775706 1.6008012524111027e-06
0.14428854245597247 1.6245709996274824e-06
0.1448212082282554 1.64869369912728e-06
0.14535584042711722 1.673174606353476e-06
0.14589244631195777 1.698018983832785e-06
0.146431033168975 1.7232322765574797e-06
0.14697160831126596 1.7488199562514877e-06
0.14751417907892528 1.7747875865795654e-06
0.14805875283914388 1.8011407793914186e-06
0.14860533698631115 1.8278852716394338e-06
0.1491539389421129 1.8550269329411653e-06
0.1497045661556343 1.882571592147043e-06
0.15025722610346004 1.910525242418041e-06
0.150811926289775 1.938893960630905e-06
0.15136867424646827 1.967683924221394e-06
0.15192747753323302 1.9969013840850576e-06
0.15248834373767112 2.026552701192942e-06
0.15305128047539548 2.0566442885754383e-06
0.15361629539013236 2.0871826595581697e-06
0.1541833961538274 2.1181745525626424e-06
0.15475259046674725 2.149626572120455e-06
0.15532388605758637 2.1815456510078875e-06
0.1558972906835711 2.2139386553979427e-06
0.15647281213056383 2.2468126727538695e-06
0.1570504582131711 2.2801747960516693e-06
0.15763023677484714 2.314032353968342e-06
0.1582121556880026 2.348392616624919e-06
0.15879622285411046 2.3832630847922698e-06
0.15938244620381237 2.418651262099439e-06
0.15997083369702858 2.4545650465237643e-06
0.1605613933230635 2.491012031421094e-06
0.1611541331007163 2.528000201070816e-06
0.16174906107838902 2.5655375919723827e-06
0.1623461853341947 2.603632385748639e-06
0.16294551397606943 2.6422928069254475e-06
0.16354705514187984 2.6815273213021006e-06
0.16415081699953585 2.7213443805861156e-06
0.16475680774710064 2.761752666140654e-06
0.1653650356129009 2.8027609937765542e-06
0.16597550885564097 2.844378215203755e-06
0.16658823576451223 2.886613414823336e-06
0.1672032246593081 2.9294757478253856e-06
0.1678204838905358 2.9729745262173362e-06
0.16844002183952902 3.0171191873619415e-06
0.16906184691856385 3.061919329907806e-06
0.16968596757097032 3.1073847312875197e-06
0.17031239227124959 3.153525219836942e-06
0.17094112952518778 3.2003508424654883e-06
0.17157218786997064 3.2478717530564787e-06
0.17220557587430135 3.2960982472549508e-06
0.17284130213851595 3.345040831290407e-06
0.1734793752946991 3.3947102368189535e-06
0.17411980400680352 3.445117107071047e-06
0.17476259697076518 3.4962724956469207e-06
0.17540776291462348 3.548187413630567e-06
0.17605531059863896 3.600873211668752e-06
0.17670524881541108 3.6543413549271396e-06
0.17735758639000002 3.708603382431374e-06
0.17801233218004386 3.7636711642369105e-06
0.17866949507588117 3.819556607876872e-06
0.17932908400067077 3.876271894876543e-06
0.17999110791051168 3.933829354297081e-06
0.18065557579456742 3.9922413644384134e-06
0.18132249667518507 4.051520805034744e-06
0.1819918796080203 4.1116804746936345e-06
0.1826637336821593 4.172733353268419e-06
0.18333806802024108 4.234692773305937e-06
0.1840148917785839 4.297572355383032e-06
0.1846942141473066 4.361385441829924e-06
0.18537604435045615 4.426146202922169e-06
0.18606039164613153 4.491868514289595e-06
0.18674726532660849 4.5585667328524445e-06
0.18743667471846837 4.626255234662821e-06
0.18812862918272155 4.694948957901181e-06
0.18882313811493745 4.764662574942172e-06
0.18952021094537072 4.83541151825581e-06
0.1902198571390883 4.907210806845476e-06
0.1909220861961006 4.9800762858721325e-06
0.19162690765148735 5.054023699660856e-06
0.19233433107552989 5.129069231449358e-06
0.19304436607383976 5.205228944826913e-06
0.19375702228748823 5.282519620967083e-06
0.1944723093931397 5.360957939935345e-06
0.19519023710318006 5.440560885265425e-06
0.19591081516585138 5.521345986838023e-06
0.19663405336538295 5.603330624626167e-06
0.19735996152212307 5.686532442441113e-06
0.1980885494926751 5.770969817008994e-06
0.19881982717002813 5.85666091531068e-06
0.19955380448369414 5.943624509232733e-06
0.20029049139984156 6.031879294303534e-06
0.20102989792142947 6.121444584204209e-06
0.20177203408834618 6.212339856839422e-06
0.2025169099775423 6.3045847378055315e-06
0.20326453570317043 6.39819921340549e-06
0.20401492141672142 6.493203926981846e-06
0.2047680773071607 6.589619231519666e-06
0.20552401360106973 6.687466389624489e-06
0.20628274056278148 6.786766138899726e-06
0.20704426849452268 6.8875404385306975e-06
0.2078086077365525 6.989811043702233e-06
0.20857576866730165 7.093600460651521e-06
0.20934576170351638 7.198930873536021e-06
0.21011859730039628 7.305825343984823e-06
0.2108942859517395 7.414306909695536e-06
0.21167283819008384 7.524399453056855e-06
0.21245426458684835 7.636126755046014e-06
0.21323857575247965 7.749512901409466e-06
0.2140257823365947 7.864582647448009e-06
0.21481589502812387 7.98136122703668e-06
0.21560892455545946 8.09987366983757e-06
0.21640488168659758 8.22014594782889e-06
0.2172037772292876 8.342203988475287e-06
0.2180056220311776 8.466074490611699e-06
0.21881042697996014 8.591784218748723e-06
0.21961820300352347 8.719360773205825e-06
0.22042896107009613 8.848831378401145e-06
0.2212427121883991 8.980224912147558e-06
0.22205946740779403 9.11356912233339e-06
0.22287923781843166 9.248893315038605e-06
0.22370203455140583 9.386226993818053e-06
0.2245278687789009 9.525599669507074e-06
0.22535675171434655 9.667042148197878e-06
0.22618869461256882 9.810584499869286e-06
0.22702370876994146 9.956258736132773e-06
0.22786180552454255 1.0104095649328973e-05
0.22870299625630475 1.0254127800801929e-05
0.2295472923871731 1.040638784601992e-05
0.2303947053812587 1.0560908760664094e-05
0.23124524674499297 1.07177240267212e-05
0.23209892802728715 1.0876867873038027e-05
0.2329557608196854 1.1038374619533197e-05
0.23381575675652538 1.120227969710644e-05
0.234678927515095 1.136861849771068e-05
0.23554528481578937 1.153742706135641e-05
0.23641484042227343 1.170874251692516e-05
0.23728760614163763 1.1882601609035125e-05
0.2381635938245619 1.2059041915690983e-05
0.23904281536547492 1.2238102668969847e-05
0.2399252827027142 1.2419822174871371e-05
0.24081100781869166 1.2604239690040673e-05
0.24170000274005238 1.2791395795019143e-05
0.24259227953784124 1.298133053877448e-05
0.24348785032766557 1.3174086157553576e-05
0.24438672726985794 1.336970332675585e-05
0.2452889225696449 1.356822571721719e-05
0.2461944484773087 1.3769695341812718e-05
0.24710331728835705 1.3974157059030407e-05
0.2480155413436886 1.418165425204986e-05
0.24893113302975917 1.4392232681944229e-05
0.24985010477875313 1.460593830805394e-05
0.2507724690687485 1.482281652363769e-05
0.25169823842388966 1.5042915605020593e-05
0.2526274254145561 1.5266282492283745e-05
0.25356004265753135 1.54929665103234e-05
0.2544961028161782 1.572301617302501e-05
0.2554356186006062 1.5956481833247503e-05
0.25637860276784796 1.619341374373746e-05
0.25732506812203104 1.6433864440827784e-05
0.25827502751454984 1.6677885224197865e-05
0.25922849384424407 1.6925529034178273e-05
0.2601854800575696 1.7176850507324385e-05
0.26114599914877795 1.743190351727299e-05
0.2621100641600911 1.769074415685878e-05
0.26307768818187705 1.795342780049957e-05
0.2640488843528307 1.8220012036362384e-05
0.2650236658601507 1.849055477805963e-05
0.26600204593971694 1.876511436496794e-05
0.2669840378762738 1.9043751121110378e-05
0.26796965500360664 1.932652520872521e-05
0.26895891070472616 1.961349797956155e-05
0.26995181841204896 1.9904732334377583e-05
0.2709483916075778 2.0200290562122228e-05
0.271948643823089 2.050023733324703e-05
0.27295258864031124 2.0804638986799683e-05
0.2739602396911145 2.1113559889344803e-05
0.2749716106576929 2.1427067335942662e-05
0.27598671527274893 2.1745230892734466e-05
0.2770055673196843 2.206811817750764e-05
0.27802818063278184 2.2395800046649797e-05
0.279054569097398 2.2728347324546002e-05
0.28008474665014926 2.3065832444383218e-05
0.2811187272790998 2.3408329592426366e-05
0.2821565250239554 2.375591173403814e-05
0.28319815397624953 2.410865502014782e-05
0.2842436282795387 2.446663637949041e-05
0.28529296212959276 2.4829932883627544e-05
0.28634616977458593 2.5198624226818844e-05
0.2874032655152944 2.557278924311024e-05
0.2884642637052855 2.5952511320764644e-05
0.28952917875111733 2.6337871247592496e-05
0.2905980251125321 2.6728953115967368e-05
0.2916708173026507 2.7125841427807423e-05
0.29274756988817435 2.7528624164563728e-05
0.29382829748957706 2.7937387210262355e-05
0.2949130147813089 2.835221916704519e-05
0.29600173649199285 2.8773212079312096e-05
0.29709447740462364 2.9200455648627598e-05
0.2981912523567721 2.9634043086151862e-05
0.2992920762407822 3.007406907542913e-05
0.3003969640039773 3.0520627578540404e-05
0.30150593064886144 3.097381828402071e-05
0.302618991233321 3.143373769204625e-05
0.30373616087083366 3.190048732345183e-05
0.3048574547306686 3.2374166069226844e-05
0.30598288803809687 3.285487874240493e-05
0.307112476074596 3.334272971135979e-05
0.3082462341780561 3.383782409070868e-05
0.30938417774299193 3.434027092957256e-05
0.31052632222074755 3.4850177042322995e-05
0.31167268311970986 3.536765482984509e-05
0.31282327600551785 3.589281695888754e-05
0.3139781165012717 3.6425778202248895e-05
0.31513722028774954 3.6966651822401215e-05
0.31630060310361513 3.7515556200823235e-05
0.31746828074563616 3.8072612117912846e-05
0.3186402690688968 3.863793947008289e-05
0.31981658398701107 3.921166013154815e-05
0.32099724147234265 3.9793901245239106e-05
0.32218225755622004 4.038478705529296e-05
0.323371648329152 4.0984446283654535e-05
0.324565429941051 4.159301104906928e-05
0.3257636186014468 4.221061102045549e-05
0.3269662305797116 4.283738096009105e-05
0.3281732822052786 4.3473458898906026e-05
0.3293847898678619 4.4118982483506904e-05
0.3306007700176839 4.477408843301007e-05
0.33182123916569284 4.543892374824469e-05
0.3330462138837922 4.6113631194360915e-05
0.33427571080506324 4.679835586153363e-05
0.33550974662398925 4.7493246742765747e-05
0.3367483380966867 4.819846058829478e-05
0.3379915020411273 4.891414068801739e-05
0.3392392553373714 4.964045120445294e-05
0.3404916149277949 5.037754470424165e-05
0.3417485978173172 5.112558335806494e-05
0.34301022107363716 5.188472868163373e-05
0.34427650182745906 5.2655147797717204e-05
0.3455474572727304 5.343700610388977e-05
0.34682310466687283 5.4230474731862925e-05
0.3481034613310148 5.5035723941771504e-05
0.34938854465023134 5.5852929989901894e-05
0.35067837207377467 5.66822716710356e-05
0.3519729611153161 5.752392615557284e-05
0.3532723293531816 5.837807968146319e-05
0.35457649443058825 5.924491636749591e-05
0.35588547405588916 6.012462259733819e-05
0.35719928600280787 6.101739254556425e-05
0.3585179481106848 6.19234188365127e-05
0.3598414782847174 6.284289768664361e-05
0.36116989449620096 6.377603090604264e-05
0.3625032147827778 6.472301766147628e-05
0.3638414572486764 6.568406822053492e-05
0.36518464006496226 6.665938843778022e-05
0.3665327814697825 6.764918827317568e-05
0.3678858997686112 6.865369208001569e-05
0.3692440133345032 6.967310590048214e-05
0.3706071406083376 7.070765561613255e-05
0.37197530009907354 7.175757206448367e-05
0.37334851038399897 7.282307373343715e-05
0.37472679010898086 7.390439918205407e-05
0.37611015798872366 7.500177997066566e-05
0.3774986328070172 7.611545468312503e-05
0.3788922334169973 7.724566772036263e-05
0.3802909787413992 7.839266162683214e-05
0.38169488777281246 7.955668467625045e-05
0.3831039795739441 8.073799659597508e-05
0.3845182732778712 8.193684613106193e-05
0.3859377880883062 8.315349861183077e-05
0.38736254327985536 8.438821702043245e-05
0.3887925581982782 8.564126774227298e-05
0.3902278522607553 8.691292400389713e-05
0.3916684449561461 8.820346535715148e-05
0.39311435584525883 8.951316741979285e-05
0.3945656045611138 9.084231907430075e-05
0.39602221080920746 9.219120657247878e-05
0.39748419436778504 9.35601184520888e-05
0.3989515750881064 9.494935946990309e-05
0.40042437289471333 9.635923146995978e-05
0.4019026077857058 9.779003444161609e-05
0.4033862998330067 9.924208618472676e-05
0.40487546918264056 0.00010071569722574837
0.40637013605500416 0.00010221119395315101
0.40787032074513907 0.00010372888731753829
0.4093760436230126 0.00010526912068303424
0.41088732513378806 0.000106832229022383
0.41240418579810806 0.0001084185448562523
0.4139266462123705 0.00011002841222644377
0.4154547270490062 0.0001116621887401632
0.41698844905676485 0.00011332022041705576
0.41852783306099045 0.00011500287289874732
0.42007289996390984 0.00011671050974302382
0.42162367074491397 0.00011844350861178172
0.4231801664608403 0.00012020223142074635
0.42474240824626447 0.00012198707287813438
0.4263104173137807 0.00012379841865283784
0.4278842149542958 0.0001256366576528961
0.42946382253731535 0.0001275021900960593
0.4310492615112317 0.00012939542597368905
0.432640553403621 0.00013131677807732
0.4342377198215286 0.000133266654907307
0.43584078245176866 0.00013524548387194166
0.43744976306121586 0.00013725369836185226
0.4390646834970984 0.00013929172776007686
0.4406855656873006 0.00014136002565288855
0.44231243164065415 0.00014345903158383008
0.4439453034472424 0.0001455892064692942
0.4455842032786982 0.00014775100667284953
0.447229153388502 0.00014994491285041288
0.44888017611229036 0.00015217138901257515
0.45053729386815217 0.00015443093105422652
0.45220052915693904 0.00015672402350060778
0.4538699045625685 0.00015905116184074242
0.45554544275232756 0.0001614128606864904
0.4572271664771872 0.000163809631285332
0.4589150985721037 0.00016624197639481295
0.46060926195633534 0.00016871045003581837
0.4623096796337507 0.00017121556716700136
0.4640163746931382 0.0001737578872410537
0.46572937030852646 0.0001763379636734549
0.46744868973949083 0.00017895634680576688
0.4691743563314765 0.00018161360382769844
0.4709063935161123 0.00018431032453969717
0.4726448248115259 0.00018704707882052088
0.4743896738226702 0.00018982447972066164
0.47614096424163577 0.00019264311680655465
0.47789871984797955 0.00019550361149739832
0.4796629645090448 0.0001984065715086527
0.4814337221802822 0.00020135264848162597
0.483211016905582 0.00020434246404938934
0.48499487281759257 0.00020737668162559028
0.48678531413805515 0.0002104559427727472
0.48858236517812953 0.0002135809234913904
