results/limits/Stanford_l_phase.dat
# %ECSV 1.0
# ---
# datatype:
# - {name: mx, unit: MeV, datatype: float64}
# - {name: sigma_10, unit: cm2, datatype: float64}
# - {name: sigma_9, unit: cm2, datatype: float64}
# - {name: sigma_7, unit: cm2, datatype: float64}
# - {name: sigma_6, unit: cm2, datatype: float64}
# - {name: sigma_5, unit: cm2, datatype: float64}
# - {name: sigma_4, unit: cm2, datatype: float64}
# - {name: sigma_3, unit: cm2, datatype: float64}
# - {name: sigma_2, unit: cm2, datatype: float64}
# schema: astropy-2.0
mx sigma_10 sigma_9 sigma_7 sigma_6 sigma_5 sigma_4 sigma_3 sigma_2
[from data line 558]
0.12178269640372161 2.2395961272437915e-36 7.821041931211778e-33 2.4343557486607783e-25 2.4336793701200304e-21 2.4328542182753183e-17 2.3530465693145746e-13 3.3409308579966194e-10 8.332871931027292e-10
0.12462225218368743 2.3951011409169098e-36 8.405322362230129e-33 2.6694308123957273e-25 2.6687221204993934e-21 2.667817606153789e-17 2.5803021925136605e-13 3.6635956680377035e-10 9.13765498491475e-10
0.1275280166884199 2.5634080075855204e-36 9.02973115749543e-33 2.927207638575251e-25 2.9264650698335537e-21 2.925473543802073e-17 2.829505956748073e-13 4.01742315145387e-10 1.0020163252911925e-09
0.13050153367883624 2.745669865319652e-36 9.697030770984301e-33 3.209878692349581e-25 3.2091006057382266e-21 3.208013680811218e-17 3.102777616517561e-13 4.4054230035540277e-10 1.0987903446958267e-09
0.1335443829110759 2.943148410554302e-36 1.0410217927669542e-32 3.5198482197099378e-25 3.5190328926271615e-21 3.517841372314215e-17 3.4024416870544913e-13 4.830895645491279e-10 1.204910740062242e-09
0.13665818097578622 3.157224194785855e-36 1.1172546913480899e-32 3.859752559638845e-25 3.85889818369649e-21 3.85759198413824e-17 3.7310470833839127e-13 5.297460108429184e-10 1.3212801617140199e-09
0.13984458215697693 3.389407873159197e-36 1.198755627547455e-32 4.232482781442407e-25 4.231587457946085e-21 4.2301555222105824e-17 4.091389007392219e-13 5.809085109502678e-10 1.4488884778352561e-09
0.14310527931090045 3.64135249310514e-36 1.2859096128095364e-32 4.641208904619593e-25 4.640270639889172e-21 4.638700844122159e-17 4.48653236515221e-13 6.370122300485886e-10 1.5888210672758483e-09
0.14644200476542463 3.91486691223066e-36 1.379136055871832e-32 5.089407610340976e-25 5.08842431058705e-21 5.086703360839165e-17 4.91983855990509e-13 6.985344309325915e-10 1.7422683077822419e-09
0.14985653124037576 4.211930442173451e-36 1.4788918459502e-32 5.580890749910133e-25 5.5798602160714085e-21 5.577973535538312e-17 5.394993056017184e-13 7.659983876331063e-10 1.910535337254347e-09
0.15335067278934078 4.534708838127774e-36 1.5856752023169183e-32 6.119838717136458e-25 6.1187586391841455e-21 6.116690244219115e-17 5.916037645227411e-13 8.399779666822129e-10 2.0950534802303197e-09
0.1569262857634292 4.885571738909947e-36 1.7000294732720158e-32 6.710835541464763e-25 6.709703492498597e-21 6.707435856822108e-17 6.487404376961115e-13 9.211024446478369e-10 2.2973922636691476e-09
0.1605852697975066 5.267111705846769e-36 1.8225474186518458e-32 7.358907921077434e-25 7.357721351067999e-21 7.355235256847946e-17 7.113953297945828e-13 1.0100618665252245e-09 2.5192727817258583e-09
0.16432956881942368 5.682164977732061e-36 1.953875884494854e-32 8.069568083789536e-25 8.068324312909922e-21 8.065598687424726e-17 7.801013892752008e-13 1.1076129295976084e-09 2.7625823711397455e-09
0.16816117208277714 6.133834136103971e-36 2.0947208027593447e-32 8.848860474488218e-25 8.847556686101289e-21 8.844568422699805e-17 8.554430224172005e-13 1.2145853926117427e-09 3.02939059685072e-09
0.172082115223751 6.625512800130449e-36 2.2458527394502516e-32 9.703413596536274e-25 9.702046829699544e-21 9.69877059132318e-17 9.380611056680895e-13 1.3318891924673486e-09 3.3219670022803617e-09
0.1760944813425998 7.160912599221e-36 2.4081128565970382e-32 1.064049599816256e-24 1.0639063139720265e-20 1.0635471143594208e-16 1.0286583987631455e-12 1.4605221299375047e-09 3.6428002788766998e-09
0.1802004021103484 7.744092583962814e-36 2.582419264734986e-32 1.166807759596777e-24 1.1666575372273048e-20 1.1662637153972272e-16 1.1280054738791365e-12 1.6015782880709352e-09 3.994619263097138e-09
0.18440205890129596 8.379491320138148e-36 2.769774575228804e-32 1.2794899278905872e-24 1.2793324246726103e-20 1.2789006400827137e-16 1.2369474453592726e-12 1.7562575872709625e-09 4.380416768463812e-09
0.18870168395192646 9.071961921901113e-36 2.9712732101519376e-32 1.4030545221966024e-24 1.4028893759164838e-20 1.402415965557812e-16 1.3564109614891199e-12 1.9258757124428237e-09 4.803474345623213e-09
0.1931015615468407 9.826810304170359e-36 3.18811007129991e-32 1.5385525216169299e-24 1.538379351167558e-20 1.5378602984285056e-16 1.4874121646727753e-12 2.1118754151066615e-09 5.267390471813175e-09
0.1976040292323402 1.0649836925840731e-35 3.421589918020507e-32 1.6871364626026566e-24 1.6869548669108703e-20 1.6863857674154308e-16 1.6310653890876758e-12 2.3158388626063105e-09 5.776111351971796e-09
0.20221147905830805 1.1547382410792677e-35 3.673137331171547e-32 1.850070132655793e-24 1.849879689554647e-20 1.8492557137403328e-16 1.7885925331866865e-12 2.5395009454878473e-09 6.3339641096910636e-09
0.20692635884904578 1.2526377360051777e-35 3.94430788450554e-32 2.0287393710417994e-24 2.0285396360653847e-20 2.0278554881283856e-16 1.9613335025145112e-12 2.784764104544688e-09 6.9456937684874095e-09
0.21175117350374192 1.3594396801671492e-35 4.2368004511052436e-32 2.2246639612331212e-24 2.2244544663267917e-20 2.2237043391671596e-16 2.1507577080797757e-12 3.053714656574429e-09 7.616503971124148e-09
0.2166884863272632 1.4759719681905693e-35 4.5524701798996895e-32 2.439510329804627e-24 2.4392905819682954e-20 2.438468107864129e-16 2.3584763444790522e-12 3.348640227252457e-09 8.35210046027881e-09
0.22174092039197504 1.603139392460759e-35 4.893343372280013e-32 2.6751059760391283e-24 2.674875455866279e-20 2.6739736522945513e-16 2.5862563413571955e-12 3.6720495598620218e-09 9.158740485016346e-09
0.22691115993131514 1.7419307510103684e-35 5.261633111434515e-32 2.9334547628760068e-24 2.933212923011671e-20 2.932224133326303e-16 2.8360351476977646e-12 4.0266935065031676e-09 1.0043285156573467e-08
0.23220195176586036 1.8934266273161117e-35 5.659757017963466e-32 3.2167541756889905e-24 3.216500439171551e-20 3.215416267476603e-16 3.1099374187153916e-12 4.415588720676764e-09 1.1013258541849948e-08
0.2376161067626448 2.0588078816191193e-35 6.090356098338091e-32 3.5274138932606674e-24 3.5271476517680976e-20 3.5259588915450603e-16 3.4102929714928036e-12 4.842043151272869e-09 1.2076911249920627e-08
0.24315650132850383 2.2393649568198884e-35 6.556315921473478e-32 3.868076306775014e-24 3.8677969187383093e-20 3.866493474572052e-16 3.739656624062919e-12 5.3096842107347185e-09 1.3243290688413853e-08
0.24882607893823822 2.4365080259319646e-35 7.060789683245899e-32 4.241639145573075e-24 4.241345934159478e-20 4.2399167358543988e-16 4.100830071460978e-12 5.822489835377915e-09 1.4522318533436328e-08
0.25462785169840935 2.651778097524523e-35 7.607222603827044e-32 4.651279707763793e-24 4.65097195876016e-20 4.649404867307206e-16 4.496885313493667e-12 6.3848217488871964e-09 1.5924873694611845e-08
0.2605649019475973 2.886859151817127e-35 8.199380402164215e-32 5.100482319921872e-24 5.1001592794214726e-20 5.098440983729146e-16 4.931191204523244e-12 7.00146315854997e-09 1.746288633614906e-08
0.26664038389397104 3.143591379331561e-35 8.841379545482232e-32 5.593068106701404e-24 5.592728978635456e-20 5.59084488224853e-16 5.4074422366818815e-12 7.677659622585636e-09 1.9149439807182362e-08
0.27285752529104135 3.4239856320430226e-35 9.537718858983195e-32 6.1332266017107494e-24 6.132870545271853e-20 6.130804642459002e-16 5.9296891033934526e-12 8.419162445212395e-09 2.099887887673689e-08
0.2792196291524867 3.7302392219683067e-35 1.0293317891873507e-31 6.725552589108673e-24 6.725178715895154e-20 6.722913455344932e-16 6.502374320159275e-12 9.232279252179355e-09 2.302693587804259e-08
0.2857300755069626 4.064753083141738e-35 1.1113554784856917e-31 7.375084145834702e-24 7.374691516878509e-20 7.372207652601461e-16 7.130369006360709e-12 1.0123926214747518e-08 2.525086096437134e-08
0.2923923231938275 4.4301505299779127e-35 1.200431106208588e-31 8.087346211494828e-24 8.086933834018935e-20 8.084210261595506e-16 7.819015011438974e-12 1.1101687861788738e-08 2.7689571290980984e-08
0.2992099117007387 4.829297643219838e-35 1.297201878986752e-31 8.868397159383763e-24 8.867963983344944e-20 8.864977560510627e-16 8.574169942840591e-12 1.2173881011904266e-08 3.03638104731164e-08
0.3061864630440946 5.26532542631146e-35 1.4023712728761948e-31 9.724880455677625e-24 9.724425370074812e-20 9.7211507199312e-16 9.402257113545973e-12 1.3349625690525202e-08 3.329632546578966e-08
0.31332568369332287 5.741653920528467e-35 1.5167088777189438e-31 1.0664081759987407e-23 1.0663603588847967e-19 1.0660012883869036e-15 1.0310320750604611e-11 1.4638923516758256e-08 3.651206207442497e-08
0.32063136654003577 6.262018380857321e-35 1.6410564242845906e-31 1.1693989115913752e-23 1.1693486614069207e-19 1.168954933986493e-15 1.1306084191410777e-11 1.6052740332321427e-08 4.003837104602554e-08
0.3281073929131 6.83049758268659e-35 1.7763349494574763e-31 1.2823362991525603e-23 1.2822834839982987e-19 1.2818517535506024e-15 1.239801760339225e-11 1.7603102352126305e-08 4.390524788571645e-08
0.3357577346406907 7.451544585907612e-35 1.9235522541668094e-31 1.4061810143785286e-23 1.406125494477717e-19 1.4056520917687556e-15 1.3595409401041858e-11 1.930319756446597e-08 4.8145585766731573e-08
0.343586456160426 8.130019973157179e-35 2.0838110078694126e-31 1.5419864137796864e-23 1.5419280409512911e-19 1.5414089424462824e-15 1.4908444097304962e-11 2.11674862669078e-08 5.279545122646283e-08
0.3515977166787018 8.871227724591373e-35 2.2583181561036673e-31 1.6909077502771293e-23 1.6908463673578582e-19 1.6902771609502315e-15 1.6348291405978997e-11 2.3211827576732965e-08 5.789439970585174e-08
0.359795772380376 9.680953983186954e-35 2.448394418391598e-31 1.8542116748182283e-23 1.8541471150535175e-19 1.853522962598434e-15 1.7927198109743352e-11 2.5453609868106848e-08 6.348580088274221e-08
0.368184978689974 1.0565508835608583e-34 2.655485401221665e-31 2.033287170732102e-23 2.0332192571124163e-19 2.0325348532827885e-15 1.9658593780700037e-11 2.7911900877487583e-08 6.961721306129351e-08
0.3767697925856183 1.1531771298255237e-34 2.881173744253888e-31 2.2296575394073674e-23 2.2295860839475457e-19 2.2288356110589998e-15 2.1557206665818707e-11 3.0607612241491364e-08 7.634079355849268e-08
0.38555477496691104 1.2587237418045255e-34 3.1271919241159993e-31 2.444993157486304e-23 2.4449179604575977e-19 2.444095039003016e-15 2.363918703204187e-11 3.356367462622203e-08 8.371373550764841e-08
0.394544593078027 1.3740072308972945e-34 3.395436391439504e-31 2.681125502643076e-23 2.681046351747257e-19 2.68014398621424e-15 2.5922242776853443e-11 3.680523027149826e-08 9.179874809771827e-08
0.4037440229873054 1.4999165504806e-34 3.6879838574858115e-31 2.9400631909915647e-23 2.9399798604557815e-19 2.9389903797502975e-15 2.8425794488495118e-11 4.035985315031359e-08 1.0066460568990653e-07
0.4131579521246571 1.6374190110388167e-34 4.007108046492419e-31 3.224008691882235e-23 3.2239209414937795e-19 3.222835933742471e-15 3.117113705584638e-11 4.425777842771832e-08 1.1038672012866207e-07
0.42279138187813525 1.7875666318919105e-34 4.355299073255625e-31 3.535377451689089e-23 3.5352850257409804e-19 3.5340952666616776e-15 3.418162456983786e-11 4.853216498976657e-08 1.2104779553526416e-07
0.43264943025104924 1.951502842216506e-34 4.735283088991204e-31 3.876817586656052e-23 3.876720212830954e-19 3.875415587480372e-15 3.748286072720282e-11 5.321936578485871e-08 1.3273850258690175e-07
0.4427373345810337 2.130469666116938e-34 5.150046707860952e-31 4.25123381939721e-23 4.2511312075216896e-19 4.2497006239925665e-15 4.110293026420819e-11 5.8359256420763136e-08 1.4555829809571222e-07
0.4530604543225162 2.3258152424267e-34 5.6028597528579745e-31 4.6618104254572753e-23 4.661702266199799e-19 4.6601335616010914e-15 4.507262081966536e-11 6.399555017282193e-08 1.5961621069490992e-07
0.4636242738940635 2.5390019041708504e-34 6.097304733117163e-31 5.112040186951307e-23 5.111926150369239e-19 5.11020598706841e-15 4.942570287770209e-11 7.017619545566251e-08 1.7503183220347317e-07
0.47443440559211736 2.771614532043325e-34 6.637304954762671e-31 5.605752554252561e-23 5.605632288251254e-19 5.6037460406455875e-15 5.4199202054000925e-11 7.695376242391633e-08 1.9193628187665059e-07
0.48549659257266914 3.0253694814336005e-34 7.227158205186793e-31 6.147147024733161e-23 6.147020153381284e-19 6.144951783443304e-15 5.94337218236448e-11 8.438590119154713e-08 2.1047334928593892e-07
0.4968167119024568 3.302123808249072e-34 7.8715727907237635e-31 6.740828959680836e-23 6.740695081383493e-19 6.73842700216061e-15 6.517378982298651e-11 9.253583352233357e-08 2.308007206820315e-07
0.5084007776813051 3.6038850130263566e-34 8.575706043971629e-31 7.391847971931131e-23 7.391706657462562e-19 7.389219583666473e-15 7.146822900702964e-11 1.0147287981100211e-07 2.530912933788854e-07
0.5202549442372687 3.932821091386556e-34 9.345208191161121e-31 8.105741469074455e-23 8.105592259431833e-19 8.102865043383633e-15 7.837057865417413e-11 1.1127305683924437e-07 2.7753466666285856e-07
0.5323855093962742 4.291270969966652e-34 1.018626993669281e-30 8.888582019253454e-23 8.888424423329123e-19 8.885433874974594e-15 8.593955233043937e-11 1.2201972800798447e-07 3.043387635868856e-07
0.5447989178279997 4.681755360980988e-34 1.1105674412041611e-30 9.747028980156768e-23 9.746862472205825e-19 9.74358316176714e-15 9.423953707305787e-11 1.338043120942277e-07 3.337315987353013e-07
0.557501764469769 5.106987602705765e-34 1.2110851423218987e-30 1.0688382861440775e-22 1.0688206878376965e-18 1.0684610920721915e-14 1.0334111900310269e-10 1.4672702953269882e-07 3.659631395821223e-07
0.5705007980302781 5.569885541752281e-34 1.3209945945793646e-30 1.172065275750535e-22 1.1720466695864896e-18 1.1716523512196754e-14 1.1332173530996775e-10 1.608978281242814e-07 4.0130761537147304e-07
0.5838029245750183 6.073582420505689e-34 1.4411878817452198e-30 1.2852617729480479e-22 1.2852420942247675e-18 1.2848097001152395e-14 1.2426626773443508e-10 1.7643722568227972e-07 4.400656188262683e-07
0.5974152111952977 6.621439123833771e-34 1.5726427883236801e-30 1.4093906878765468e-22 1.4093698671822608e-18 1.408895720338558e-14 1.3626781677256251e-10 1.9347740927188623e-07 4.825668478456899e-07
0.6113448897628128 7.217056096996058e-34 1.7164306555838675e-30 1.5455077953832937e-22 1.5454857582151576e-18 1.5449658265638085e-14 1.4942846169927931e-10 2.1216331431601798e-07 5.29172796985827e-07
0.6255993607717623 7.864284927638608e-34 1.873725753696668e-30 1.6947710592215898e-22 1.6947477255684315e-18 1.694177587586147e-14 1.6386016209424838e-10 2.3265390461059933e-07 5.802799500439851e-07
0.6401861972705483 8.567240685457534e-34 2.0458146050299866e-30 1.8584499467501226e-22 1.8584252306433387e-18 1.8578000378565714e-14 1.7968565844970368e-10 2.5512345103640695e-07 6.36322969391984e-07
0.6551131488851486 9.330313979863864e-34 2.2341073606239465e-30 2.03793673656188e-22 2.03791054558124e-18 2.0372249812628102e-14 1.970395654675079e-10 2.797630838572361e-07 6.977785676820904e-07
0.6703881459363026 1.0158183416780083e-33 2.4401495871321628e-30 2.234758263534966e-22 2.2347304982708896e-18 2.2339787321866085e-14 2.160695076494027e-10 3.067824050672982e-07 7.651695293263408e-07
0.686019303652694 1.1055826698578643e-33 2.665634863064301e-30 2.4505885340630162e-22 2.4505590875381747e-18 2.4497347264508533e-14 2.36937339022649e-10 3.3641122019673675e-07 8.390690299255276e-07
0.7020149264823721 1.2028534166375736e-33 2.9124200121860644e-30 2.687263816082995e-22 2.6872325731090315e-18 2.686328606207441e-14 2.5982060214420194e-10 3.6890160985247105e-07 9.201058030581173e-07
0.7183835125046995 1.3081919926995275e-33 3.182538973403471e-30 2.946796610674982e-22 2.946763447172428e-18 2.945772186801568e-14 2.8491387897010453e-10 4.045298477258117e-07 1.0089689241301755e-06
0.7351337579451718 1.422193537612744e-33 3.4782223980924914e-30 3.2313950362125657e-22 3.231359818444134e-18 3.23027283431623e-14 3.124306650436513e-10 4.435990616248248e-07 1.1064144474603083e-06
0.7522745617955077 1.5454881042924986e-33 3.801914551831953e-30 3.543479807212091e-22 3.5434423909667395e-18 3.542250438662153e-14 3.4260501112569724e-10 4.864415643136046e-07 1.2132712198046885e-06
