results/limits/Stanford_f_6_phase.dat
# %ECSV 1.0
# ---
# datatype:
# - {name: mx, unit: MeV, datatype: float64}
# - {name: sigma_6, unit: cm2, datatype: float64}
# schema: astropy-2.0
mx sigma_6
[from data line 359]
0.0012404909310584848 2.4593685424648498e-15
0.0012694149350204683 2.5799042277141465e-15
0.0012990133477864558 2.7034757528577428e-15
0.0013293018942621524 2.829957934972012e-15
0.001360296666004259 2.959213236275102e-15
0.001392014129769518 3.0910923667254146e-15
0.0014244711362630968 3.2254349959786552e-15
0.0014576849290909482 3.36207055949455e-15
0.0014916731539209149 3.5008191568485454e-15
0.0015264538678574353 3.641492530756218e-15
0.0015620455490348386 3.783895107255693e-15
0.0015984671064343198 3.927825101899263e-15
0.0016357378899298156 4.073075660830498e-15
0.0016738777005681136 4.219436035362695e-15
0.0017129068010886602 4.366692770706477e-15
0.0017528459266886532 4.5146308998102186e-15
0.00179371629603914 4.663035126521039e-15
0.0018355396225579732 4.811690985802727e-15
0.0018783381259456144 4.960385964435232e-15
0.0019221345439899109 5.108910586212375e-15
0.001966952144646121 5.257059433023823e-15
0.0020128147383986056 5.404632105215119e-15
0.002059746690910748 5.551434112478528e-15
0.0021077729359698315 5.6972776842116035e-15
0.0021569189887337423 5.841982499411577e-15
0.002207210959286545 5.985376326708055e-15
0.0022586755665101248 6.12729558911839e-15
0.0023113401522792685 6.267585826575493e-15
0.0023652326959877285 6.406102077170397e-15
0.0024203818294129824 6.542709171698545e-15
0.0024768168519275916 6.677281950252756e-15
0.002534567746065232 6.80970538153351e-15
0.0025936651934496745 6.9398746233955355e-15
0.0026541405910951734 7.067695008525394e-15
0.0027160260680869266 7.193081951337488e-15
0.0027793545026504624 7.315960809420973e-15
0.002844159539619031 7.436266684288604e-15
0.0029104756083082714 7.553944158848493e-15
0.0029783379408076585 7.668947024886973e-15
0.0030477825906984404 7.781237934932257e-15
0.0031188464522080173 7.890788053669844e-15
0.0031915672798109355 7.997576657553633e-15
0.0032659837082868936 8.101590744391703e-15
0.003342135273246469 8.202824586874596e-15
0.0034200624321353945 8.3012793165611e-15
0.0034998065857286074 8.396962474919894e-15
0.0035814101001254554 8.489887572899296e-15
0.003664916329257761 8.580073648284384e-15
0.0037503696379226933 8.667544822196264e-15
0.0038378154253526898 8.75232988458098e-15
0.003927300149334948 8.834461846395149e-15
0.004018871350893299 8.913977566329233e-15
0.00411257767954558 8.990917324340905e-15
0.004208468919149921 9.065324455431866e-15
0.004306596014353682 9.137244996673243e-15
0.004407011097659079 9.20672730948894e-15
0.004509767517119906 9.273821793006599e-15
0.004614919864684026 9.338580536088631e-15
0.004722524005196735 9.401057051073703e-15
0.004832637106080367 9.461305991602828e-15
0.004945317667705937 9.519382888738227e-15
0.005060625554472947 9.57534393829004e-15
0.005178622026613854 9.629245750306888e-15
0.005299369772740128 9.68114517985275e-15
0.005422932943147155 9.731099114144225e-15
0.0055493771838957115 9.779164336202514e-15
0.00567876967168809 9.825397340051332e-15
0.005811179149557424 9.869854198972816e-15
0.0059466759633891655 9.91259045432824e-15
0.006085332099294114 9.953661009752962e-15
0.006227221221852859 9.993119999339192e-15
0.006372418713251954 1.0031020734801214e-14
0.006521001713332612 1.0067415611371474e-14
0.006673049160573193 1.0102356058897106e-14
0.006828641834027273 1.0135892451751441e-14
0.006987862396239558 1.0168074106303977e-14
0.00715079543716245 1.019894920702449e-14
0.007317527519096606 1.0228564796846491e-14
0.007488147222679345 1.025696673167777e-14
0.007662745193945353 1.0284199688460061e-14
0.007841414192484688 1.0310307123873664e-14
0.008024249140723652 1.0335331297342094e-14
0.008211347174354735 1.0359313229772949e-14
0.008402807693942412 1.038229273592899e-14
0.008598732417732204 1.0404308428374991e-14
0.008799225435691074 1.0425397723141522e-14
0.009004393264807849 1.0445596815622139e-14
0.009214344905683071 1.0464940760030922e-14
0.009429191900438323 1.0483463438280502e-14
0.009649048391975805 1.0501197579978019e-14
0.009874031184619632 1.0518174803593447e-14
0.010104259806171096 1.0534425647842647e-14
0.01033985657141083 1.054997954911829e-14
0.010580946647081629 1.0564864887863868e-14
0.010827658118386449 1.0579109058755506e-14
0.011080122057036918 1.0592738415461658e-14
0.011338472590888495 1.0605778345021817e-14
0.01160284697519928 1.0618253311804362e-14
0.01187338566555036 1.0630186802244188e-14
0.012150232392466372 1.0641601457403726e-14
0.012433534237775993 1.0652519061182441e-14
0.01272344171275288 1.0662960480976645e-14
0.013020108838078586 1.0672945834527544e-14
0.013323693225669961 1.0682494433806319e-14
0.013634356162414448 1.0691624837781566e-14
0.013952262695857842 1.0700354823032685e-14
0.014277581721889965 1.0708701494813296e-14
0.014610486074474885 1.0716681262448836e-14
0.014951152617473332 1.0724309844616106e-14
0.015299762338606094 1.0731602359669073e-14
0.015656500445608335 1.0738573287475629e-14
0.016021556464625875 1.0745236499807254e-14
0.016395124340905766 1.075160532573015e-14
0.016777402541834602 1.0757692502993158e-14
0.017168594162379338 1.0763510264633678e-14
0.01756890703298664 1.0769070344137119e-14
0.017978553829998065 1.077438396189362e-14
0.01839775218863974 1.0779461866862405e-14
0.01882672481864659 1.0784314346656674e-14
0.01926569962258253 1.0788951287277321e-14
0.019714909816919448 1.079338210364612e-14
0.020174594055939365 1.0797615848488463e-14
0.02064499655852557 1.0801661202617135e-14
0.021126367237910063 1.0805526418139594e-14
0.021618961834446313 1.0809219432290813e-14
0.02212304205147776 1.0812747841551671e-14
0.022638875694374342 1.0816118924608997e-14
0.0231667368128109 1.0819339597849753e-14
0.02370690584636297 1.0822416529843416e-14
0.024259669773497434 1.0825356026622717e-14
0.024825322264037063 1.0828164230588816e-14
0.025404163835180054 1.0830846954977577e-14
0.025996502011157406 1.0833409729714066e-14
0.026602651486612925 1.0835857907427651e-14
0.027222934293792744 1.0838196578236488e-14
0.027857679973633073 1.0840430572035715e-14
0.02850722575083718 1.084256457756125e-14
0.02917191671303455 1.0844603040828148e-14
0.029852105994117403 1.0846550201514774e-14
0.030548154961852016 1.0848410125140113e-14
0.031260433409864494 1.085018668307988e-14
0.031989319754103004 1.0851883632528903e-14
0.0327352012338808 1.0853504491709126e-14
0.03349847411760691 1.0855052684453347e-14
0.034279543913313774 1.085653140807998e-14
0.03507882558409363 1.0857943828738517e-14
0.03589674376855814 1.085929285504018e-14
0.03673373300643846 1.0860581390735758e-14
0.037590237969445384 1.0861812034872432e-14
0.038466713697512506 1.0862987427070419e-14
0.03936362584054766 1.0864110051827897e-14
0.04028145090582124 1.0865182306417136e-14
0.04122067651112274 1.0866206396806038e-14
0.04218180164382002 1.0867184445048436e-14
0.043165336925959 1.0868118581267325e-14
0.044171804885544536 1.0869010705716118e-14
0.04520174023414663 1.0869862780536544e-14
0.046255690150979495 1.0870676565842959e-14
0.047334214573604344 1.0871453721393555e-14
0.048437886495410414 1.0872195985774521e-14
0.04956729227003216 1.087290484304131e-14
0.05072303192286451 1.0873581897506956e-14
0.051905719469841495 1.0874228478836674e-14
0.05311598324364777 1.087484594927936e-14
0.05435446622753626 1.087543571610231e-14
0.05562182639692926 1.0875998911046138e-14
0.056918737068984544 1.0876536766030531e-14
0.058245887260312136 1.0877050455909852e-14
0.05960398205303182 1.0877541031544264e-14
0.06099374296936585 1.0878009563783631e-14
0.06241590835496589 1.0878456959167705e-14
0.06387123377117784 1.0878884254719725e-14
0.06536049239645289 1.0879292323520443e-14
0.06688447543711816 1.087968203959035e-14
0.06844399254772507 1.0880054134425954e-14
0.0700398722611988 1.0880409634495198e-14
0.0716729624290174 1.088074905877798e-14
0.07334413067165428 1.0881073225250964e-14
0.07505426483952363 1.0881382700270488e-14
0.07680427348467332 1.088167836169064e-14
0.07859508634347626 1.0881960647069904e-14
0.08042765483057629 1.0882230263130474e-14
0.08230295254435131 1.0882487717011331e-14
0.08422197578416211 1.0882733604636163e-14
0.08618574407966152 1.088296839027081e-14
0.08819530073244539 1.0883192603533352e-14
0.09025171337033296 1.0883406817885836e-14
0.09235607451457113 1.088361134882511e-14
0.09450950216026408 1.0883806577147704e-14
0.09671314037033632 1.0883993049754905e-14
0.09896815988334524 1.0884171224404376e-14
0.10127575873546546 1.0884341248225406e-14
0.10363716289697593 1.0884503687228912e-14
0.10605362692358762 1.0884658883588084e-14
0.10852643462295801 1.0884807032179893e-14
0.11105689973674641 1.0884948382567684e-14
0.11364636663857243 1.088508346973145e-14
0.11629621104824843 1.088521246538918e-14
0.1190078407626656 1.0885335703882352e-14
0.12178269640372161 1.0885453125610232e-14
0.12462225218368743 1.088556569513319e-14
0.1275280166884199 1.0885673008274726e-14
0.13050153367883624 1.0885775390974461e-14
0.1335443829110759 1.0885873253703036e-14
0.13665818097578622 1.0885966655978888e-14
0.13984458215697693 1.0886055989521046e-14
0.14310527931090045 1.0886140969935681e-14
0.14644200476542463 1.0886222512081009e-14
0.14985653124037576 1.0886300164482286e-14
0.15335067278934078 1.0886374337354824e-14
0.1569262857634292 1.0886445213237347e-14
0.1605852697975066 1.0886512888792268e-14
0.16432956881942368 1.088657754800629e-14
0.16816117208277714 1.0886639180265156e-14
0.172082115223751 1.0886698139300599e-14
0.1760944813425998 1.0886754588681867e-14
0.1802004021103484 1.0886808098597428e-14
0.18440205890129596 1.0886859439270064e-14
0.18870168395192646 1.0886908516655292e-14
0.1931015615468407 1.0886955273051829e-14
0.1976040292323402 1.0887000044517102e-14
0.20221147905830805 1.0887042753742604e-14
0.20692635884904578 1.0887083345195824e-14
0.21175117350374192 1.0887122296753781e-14
0.2166884863272632 1.0887159378420394e-14
0.22174092039197504 1.0887194969333023e-14
0.22691115993131514 1.0887228871422367e-14
0.23220195176586036 1.0887261262073299e-14
0.2376161067626448 1.0887292175238888e-14
0.24315650132850383 1.0887321618201166e-14
0.24882607893823822 1.0887349968201177e-14
0.25462785169840935 1.088737683815875e-14
0.2605649019475973 1.0887402310797247e-14
0.26664038389397104 1.0887427020413014e-14
0.27285752529104135 1.0887450329743811e-14
0.2792196291524867 1.0887472791962726e-14
0.2857300755069626 1.0887494142925102e-14
0.2923923231938275 1.0887514584932396e-14
0.2992099117007387 1.088753408354625e-14
0.3061864630440946 1.088755260080315e-14
0.31332568369332287 1.0887570704513299e-14
0.32063136654003577 1.0887587652434924e-14
0.3281073929131 1.0887603700931726e-14
0.3357577346406907 1.0887619218183679e-14
0.343586456160426 1.088763377737848e-14
0.3515977166787018 1.0887648124614338e-14
0.359795772380376 1.088766179287686e-14
0.368184978689974 1.0887674436829223e-14
0.3767697925856183 1.0887686646037807e-14
0.38555477496691104 1.0887698674729795e-14
0.394544593078027 1.08877098091016e-14
0.4037440229873054 1.08877204686026e-14
0.4131579521246571 1.0887730512224551e-14
0.42279138187813525 1.088774065495234e-14
0.43264943025104924 1.0887749712398604e-14
0.4427373345810337 1.0887758990802476e-14
0.4530604543225162 1.0887767175217403e-14
0.4636242738940635 1.088777535756131e-14
0.47443440559211736 1.0887783075843724e-14
0.48549659257266914 1.0887790342806155e-14
0.4968167119024568 1.088779762580863e-14
0.5084007776813051 1.0887804493211356e-14
0.5202549442372687 1.0887810766741354e-14
0.5323855093962742 1.0887816764168306e-14
0.5447989178279997 1.0887823070555845e-14
0.557501764469769 1.088782807818753e-14
0.5705007980302781 1.0887833851449532e-14
0.5838029245750183 1.0887838932372243e-14
0.5974152111952977 1.0887843900283458e-14
0.6113448897628128 1.088784826130926e-14
0.6255993607717623 1.0887853084255502e-14
0.6401861972705483 1.0887857223747652e-14
0.6551131488851486 1.0887860929926615e-14
0.6703881459363026 1.0887864843614847e-14
0.686019303652694 1.0887868159804262e-14
0.7020149264823721 1.0887872658636267e-14
0.7183835125046995 1.0887875552027495e-14
0.7351337579451718 1.0887878975784002e-14
0.7522745617955077 1.0887882501083986e-14
0.7698150305414633 1.0887884979816089e-14
0.7877644830008832 1.0887887179514253e-14
0.8061324552745581 1.0887890677789119e-14
0.8249287058125218 1.088789320669942e-14
0.8441632205984669 1.0887894726290527e-14
0.8638462184550629 1.0887897659706427e-14
0.8839881564729563 1.0887899543966002e-14
0.9045997355663667 1.0887902339545997e-14
0.9256919061582187 1.088790427663408e-14
0.9472758739978306 1.0887905970201164e-14
0.9693631061142522 1.0887907369110512e-14
0.9919653369084147 1.0887909433742944e-14
1.0150945743873274 1.0887910923185662e-14
1.0387631065436362 1.0887913485327802e-14
1.0629835078839296 1.0887914542403582e-14
1.0877686461092637 1.0887915997155744e-14
1.1131316889514546 1.0887916741186194e-14
1.1390861111687691 1.0887918032845326e-14
1.16564570170473 1.0887920562034438e-14
1.1928245710138414 1.0887921660987193e-14
1.2206371585581264 1.0887922036641761e-14
1.2490982404784545 1.088792439628787e-14
1.2782229374447416 1.0887924964820383e-14
1.3080267226891875 1.0887924944966682e-14
1.3385254302268237 1.0887926167034564e-14
1.369735263267732 1.0887928501839365e-14
1.4016728028254128 1.08879296667867e-14
1.4343550165258654 1.0887928694801066e-14
1.4677992676220706 1.0887930772520761e-14
1.5020233242186567 1.0887931336017742e-14
1.5370453687116559 1.0887931813140903e-14
1.5728840074483612 1.0887932727985765e-14
1.6095582806124205 1.0887934378623955e-14
1.6470876723394143 1.0887933424237126e-14
1.6854921210682972 1.0887934374558918e-14
1.7247920301341966 1.0887936106181205e-14
1.7650082786082029 1.0887934293903728e-14
1.8061622323899016 1.0887935613667985e-14
1.848275755558551 1.088793810813251e-14
1.8913712219889245 1.0887936731554951e-14
1.935471527238 1.0887937294073222e-14
1.9806001007088037 1.0887937942723754e-14
2.0267809180978715 1.0887939181818015e-14
2.0740385141329463 1.0887940212306768e-14
2.1223979956076717 1.0887938555358631e-14
2.171885054720213 1.0887939889793765e-14
2.222525982722885 1.088793843894397e-14
2.274347683890048 1.0887941619683007e-14
2.327377689811681 1.0887942002278489e-14
2.3816441740202396 1.0887939669132588e-14
2.437175966958554 1.0887940053051983e-14
2.4940025712967335 1.0887940244713614e-14
2.552154177606206 1.0887941030648175e-14
2.611661680399223 1.0887941663170086e-14
2.6725566945423505 1.0887942257250466e-14
2.7348715720526675 1.0887940775711099e-14
2.7986394192855935 1.0887942833541467e-14
2.863894114523477 1.0887942217526193e-14
2.9306703259742912 1.0887942495179144e-14
2.999003530189995 1.0887942583522196e-14
3.068930030914351 1.0887945240879076e-14
3.1404869783702067 1.0887942469453956e-14
3.21371238899649 1.0887942431255084e-14
3.2886451656454048 1.0887943903166962e-14
3.3653251182505572 1.0887942946568718e-14
3.443792984976987 1.0887941498436329e-14
3.5240904538643507 1.08879453296536e-14
3.6062601849747473 1.0887944963888115e-14
3.6903458330569543 1.088794286434242e-14
3.77639207073912 1.0887946039049982e-14
3.8644446122622242 1.0887944004360625e-14
3.9545502377669295 1.0887945686936294e-14
4.046756818146711 1.0887946048654988e-14
4.141113340480481 1.0887948829971532e-14
4.237669934058216 1.0887942632006835e-14
4.336477897013409 1.0887944469494977e-14
4.437589723576497 1.0887946105583219e-14
4.541059131963759 1.0887946539369044e-14
4.646941092916466 1.0887947213797749e-14
4.755291858905486 1.0887944651366191e-14
4.866168994016832 1.0887941318717848e-14
4.979631404534034 1.0887947380435278e-14
5.0957393702336 1.0887944646182633e-14
5.214554576410165 1.0887946504243501e-14
5.336140146648369 1.088794358804183e-14
5.4605606763588606 1.0887943876303959e-14
5.587882267096237 1.0887951736548192e-14
5.718172561677172 1.088794316936294e-14
5.851500780117376 1.0887946945931414e-14
5.987937756406471 1.0887945387932008e-14
6.127555976140354 1.0887941175821061e-14
6.270429615030991 1.0887949674324385e-14
6.416634578314149 1.0887950325508585e-14
6.566248541075969 1.088794455364554e-14
6.719350989519823 1.0887950124384377e-14
