results/limits/Stanford_h.dat
# %ECSV 1.0
# ---
# datatype:
# - {name: mx, unit: MeV, datatype: float64}
# - {name: sigma, unit: cm2, datatype: float64}
# schema: astropy-2.0
mx sigma
[from data line 1433]
0.0019645299389123754 6.588559180983619e-27
0.001971782336360376 6.661506183037123e-27
0.001979061507270924 6.735258778560561e-27
0.001986367550482825 6.809825830750661e-27
0.001993700565199762 6.885216299919125e-27
0.002001060650991652 6.96143924455772e-27
0.0020084479077959842 7.038503822415101e-27
0.0020158624359191877 7.116419291585889e-27
0.0020233043360379887 7.195195011611819e-27
0.0020307737092007767 7.274840444595244e-27
0.002038270656828985 7.355364350160774e-27
0.0020457952807184554 7.436776167545088e-27
0.002053347683040829 7.519086590295382e-27
0.0020609279663449287 7.602305496082665e-27
0.002068536233558155 7.686442870645924e-27
0.002076172587987886 7.771508808974752e-27
0.002083837133322872 7.857513516505161e-27
0.00209152997363465 7.944467310328755e-27
0.002099251213378953 8.032380620415511e-27
0.0021070009573971303 8.121263990850136e-27
0.0021147793109175766 8.211128081082468e-27
0.002122586379557148 8.301983667191585e-27
0.0021304222693226066 8.393841643164413e-27
0.0021382870866120556 8.486713022188476e-27
0.0021461809382163828 8.580608937959205e-27
0.0021541039313207203 8.675540006769072e-27
0.002162056173505885 8.771515839590548e-27
0.0021700377727498486 8.868550146723753e-27
0.002178048837429203 8.966654547203042e-27
0.0021860894763206275 9.065840786914638e-27
0.0021941597986023767 9.166120739981371e-27
0.002202259913855748 9.267506410162703e-27
0.002210389932066579 9.370009932270629e-27
0.002218549963626737 9.473643573601265e-27
0.0022267401193356265 9.578419735382686e-27
0.00223496051040168 9.684350954238642e-27
0.0022432112484438763 9.791449903668951e-27
0.0022514924454932563 9.899729395546474e-27
0.002259804213994439 1.0009202381630774e-26
0.00226814666680716 1.011988195509897e-26
0.002276519917207787 1.023178135209353e-26
0.002284924078890871 1.0344913953287736e-26
0.0022933592659706856 1.0459293285468609e-26
0.0023018255929827735 1.0574932316271002e-26
0.002310323174885512 1.0691841535572511e-26
0.0023188521270616604 1.0810038647354845e-26
0.002327412565319935 1.0929537763358969e-26
0.0023360046058965803 1.1050353148976866e-26
0.0023446283654569443 1.1172499224923692e-26
0.002353283961097071 1.12959905689289e-26
0.002361971510345279 1.1420841917445974e-26
0.002370691131163764 1.1547068167381537e-26
0.0023794429419501995 1.1674684377843773e-26
0.002388227061539342 1.1803705771910417e-26
0.0023970436092046535 1.1934147738416722e-26
0.0024058927046599083 1.2066025833763242e-26
0.0024147744680608255 1.2199355783744219e-26
0.0024236890200067 1.2334153485396397e-26
0.0024326364815420378 1.2470435008868633e-26
0.002441616974158208 1.2608216599312785e-26
0.002450630619795078 1.2747514678795434e-26
0.0024596775408426814 1.2888345848231754e-26
0.002468757860142871 1.303072688934076e-26
0.002477871700990999 1.317467051059193e-26
0.002487019187137577 1.332019504831155e-26
0.002496200442789965 1.3467320430215763e-26
0.0025054155926140546 1.3616064157316396e-26
0.002514664761735961 1.3766443920557893e-26
0.0025239480757437314 1.391847760287817e-26
0.0025332656606890354 1.4072183281291752e-26
0.0025426176430888856 1.422757922899715e-26
0.002552004149927355 1.4384683917507242e-26
0.0025614253086572955 1.454351601880377e-26
0.0025708812472020823 1.470409440751638e-26
0.0025803720939573333 1.4866438163125444e-26
0.002589897977792663 1.50305665721904e-26
0.002599459028053431 1.519649913060283e-26
0.0026090553745624933 1.5364255545864997e-26
0.0026186871476219786 1.553385573939433e-26
0.002628354478015039 1.570531984885344e-26
0.002638057497007638 1.5878668230507045e-26
0.0026477963363503295 1.6053921461605176e-26
0.0026575711282800455 1.6231100342793556e-26
0.0026673820055219 1.6410219444994955e-26
0.002677229101290977 1.6591302384578507e-26
0.0026871125492941485 1.6774374054385843e-26
0.00269703248373189 1.6959456138923585e-26
0.0027069890393000957 1.7146570557148704e-26
0.0027169823511919234 1.7335739465003014e-26
0.0027270125550996095 1.7526985257975596e-26
0.002737079787216326 1.772033057369443e-26
0.00274718418423802 1.7915798294546884e-26
0.002757325883365285 1.8113411550330096e-26
0.0027675050223052063 1.83131937209307e-26
0.0027777217392732385 1.8515168439035124e-26
0.002787976172995085 1.8719359592870456e-26
0.002798268462708574 1.8925791328976194e-26
0.0028085987481655636 1.9134488055007574e-26
0.002818967169633821 1.9345474442570247e-26
0.0028293738678989372 1.955877543008744e-26
0.0028398189842662393 1.9774416225699662e-26
0.002850302660562703 1.999242231019696e-26
0.0028608250391388918 2.021281721450842e-26
0.0028713862628708714 2.0435617499289474e-26
0.0028819864751621622 2.0660860268971167e-26
0.0028926258199456828 2.0888572079133634e-26
0.0029033044416857017 2.1118779771288752e-26
0.002914022485379811 2.1351510475958776e-26
0.0029247800965608774 2.15867916157891e-26
0.00293557742129903 2.182465090869657e-26
0.0029464146062036403 2.2065116371053112e-26
0.0029572917984253106 2.2308216320905204e-26
0.002968209145657883 2.2553979381230163e-26
0.0029791667961404297 2.280243448322858e-26
0.0029901648986592733 2.3053610869654629e-26
0.0030012036025500077 2.3307538098184068e-26
0.0030122830576995215 2.3564246044820226e-26
0.0030234034145480452 2.382376490733918e-26
0.0030345648240911764 2.4086125208773473e-26
0.003045767437881941 2.4351357800936175e-26
0.0030570114080328468 2.4619493867984737e-26
0.0030682968872179587 2.4890547563405363e-26
0.0030796240286749556 2.5164566826893426e-26
0.003090992986207223 2.5441583941822373e-26
0.0031024039141859367 2.5721631398095873e-26
0.0031138569675521572 2.6004742033946385e-26
0.0031253523018189466 2.62909490396738e-26
0.0031368900730734594 2.658028596142576e-26
0.0031484704379790766 2.6872786705021234e-26
0.0031600935537775283 2.7168485539817257e-26
0.003171759578291026 2.7467417102619546e-26
0.003183468669924418 2.776961640163801e-26
0.0031952209876673233 2.807511882048642e-26
0.0032070166910962996 2.838396012222841e-26
0.0032188559403770094 2.8696176453469457e-26
0.0032307388962663905 2.9011804348495405e-26
0.003242665720114852 2.9330880733458964e-26
0.003254636573868447 2.965342793293999e-26
0.003266651620071082 2.9979492031334623e-26
0.003278711021866722 3.0309116388895295e-26
0.003290814943001604 3.064233947208596e-26
0.0033029635478264707 3.097920015803634e-26
0.003315157001298784 3.131973773893388e-26
0.0033273954689849775 3.166399192646674e-26
0.0033396791170627023 3.201200285631672e-26
0.003352008112323079 3.2363811092703473e-26
0.0033643826221729754 3.2719457632980946e-26
0.0033768028146372612 3.307898391228546e-26
0.0033892688583611018 3.3442431808237914e-26
0.0034017809226122406 3.3809843645699407e-26
0.0034143391772833136 3.4181262201581817e-26
0.0034269437928941327 3.45567142829047e-26
0.0034395949405940174 3.4936252906331775e-26
0.003452292792164113 3.5319927815310187e-26
0.0034650375200197215 3.570778356818735e-26
0.003477829297212656 3.6099865197152574e-26
0.0034906682974335684 3.649621821329143e-26
0.003503554695014324 3.6896888611699124e-26
0.0035164886649303633 3.730192287665164e-26
0.0035294703828030747 3.771136798683616e-26
0.003542500024902194 3.8125271420642177e-26
0.0035555777681481764 3.854368116151223e-26
0.003568703790114612 3.8966640922088246e-26
0.0035818782690306343 3.9394186884755614e-26
0.0035951013837833366 3.9826384728921546e-26
0.0036083733139202156 4.02632844399508e-26
0.003621694239651587 4.070493653296444e-26
0.0036350643418530467 4.1151392058478856e-26
0.0036484838020679248 4.160270260810934e-26
0.0036619528025097453 4.205892032033879e-26
0.0036754715260647153 4.252009788635376e-26
0.0036890401562941874 4.298628084469385e-26
0.0037026588774371648 4.345751924926388e-26
0.0037163278744128015 4.393387770968514e-26
0.003730047332822907 4.4415411125452605e-26
0.0037438174389544847 4.49021749764268e-26
0.003757638379782235 4.5394225329005816e-26
0.0037715103429711125 4.589161197896419e-26
0.0037854335168788643 4.6394393225743335e-26
0.0037994080905586047 4.6902631932771206e-26
0.0038134342537613575 4.7416383441107995e-26
0.0038275121969386485 4.793570814955047e-26
0.0038416421112450884 4.846065827495775e-26
0.0038558241885409635 4.89913017977428e-26
0.003870058621394857 4.9527700192927706e-26
0.0038843456030862402 5.006991499658693e-26
0.0038986853276081123 5.0618008393211646e-26
0.00391307798966963 5.1172035609202255e-26
0.00392752378469875 5.173204648902511e-26
0.003942022908844895 5.229812459556512e-26
0.003956575558981596 5.287033468294478e-26
0.003971181932709178 5.344874218514571e-26
0.003985842228357443 5.403341322319188e-26
0.0040005566449883585 5.462441461241654e-26
0.0040153253823987725 5.522181386981382e-26
0.004030148641123108 5.582567922147539e-26
0.004045026622436095 5.643607961011458e-26
0.004059959528355507 5.705308470267843e-26
0.004074947561644897 5.767674599363349e-26
0.004089990925816364 5.830711602412801e-26
0.004105089825133295 5.894430051908986e-26
0.004120244464613155 5.958837193789443e-26
0.004135455050030265 6.023940349613917e-26
0.0041507217879185945 6.089746917357628e-26
0.004166044885574579 6.156264372213942e-26
0.0041814245510599125 6.223500267406205e-26
0.004196860993204389 6.291462235009207e-26
0.004212354421608728 6.360157986780197e-26
0.004227905046647438 6.42959531499976e-26
0.004243513079471651 6.499782093322408e-26
0.004259178732012 6.570726277637374e-26
0.0042749022169815 6.642435906939496e-26
0.004290683747878424 6.714919104210393e-26
0.004306523538989227 6.788183094003633e-26
0.004322421805391423 6.862228857315636e-26
0.0043383787629565265 6.937072466509994e-26
0.00435439462835298 7.012722359447814e-26
0.004370469619049089 7.089187061316627e-26
0.004386603953315994 7.166475185538274e-26
0.004402797850230606 7.244595434687304e-26
0.004419051529678602 7.323556601420288e-26
0.004435365212357404 7.403367569416006e-26
0.004451739119779171 7.4840373143267e-26
0.004468173474273826 7.565574904740676e-26
0.004484668498992047 7.647989503156122e-26
0.004501224417908317 7.731290366966735e-26
0.004517841455823956 7.815486849458901e-26
0.0045345198383701735 7.900588400820958e-26
0.004551259792011149 7.986604569164467e-26
0.004568061544047079 8.07354500155765e-26
0.004584925322617284 8.161419445071417e-26
0.004601851356703295 8.250237109333872e-26
0.004618839876131968 8.339994844000316e-26
0.004635891111578614 8.430715506733201e-26
0.0046530052945701105 8.522409208815978e-26
0.004670182657488058 8.615086165066572e-26
0.0046874234335719306 8.708756694902912e-26
0.0047047278569222585 8.80343122342119e-26
0.004722096162503781 8.899120282486709e-26
0.004739528586148652 8.995834511837931e-26
0.0047570253645596436 9.093584660203638e-26
0.004774586735313349 9.192381586433399e-26
0.004792212936863432 9.292236260641831e-26
0.0048099042085438335 9.393159765366386e-26
0.004827660790572042 9.495163296739351e-26
0.004845482924052349 9.59825816567397e-26
0.0048633708509791184 9.702455799064984e-26
0.004881324814240094 9.807767741003972e-26
0.004899345057619665 9.91420565400917e-26
0.004917431825802198 1.0021781320270781e-25
0.004935585364375353 1.0130506642911305e-25
0.004953805919833413 1.0240383088948574e-25
0.004972093739580654 1.0351421909448062e-25
0.004990449071934671 1.0463645415253724e-25
0.005008872166129769 1.057706593601014e-25
0.005027363272320348 1.0691695926005816e-25
0.005045922641584285 1.0807547965443315e-25
0.005064550525926375 1.0924634761724866e-25
0.005083247178281712 1.1042969150753228e-25
0.00510201285251915 1.1162564098248704e-25
0.005120847803444739 1.1283432701082025e-25
0.005139752286805202 1.14055881886237e-25
0.00515872655929138 1.1529043924109703e-25
0.005177770878541739 1.1653813406024277e-25
0.00519688550314586 1.1779910269499627e-25
0.005216070692647945 1.1907348287733118e-25
0.005235326707550366 1.2036141373422161e-25
0.005254653809317166 1.2166303580216696e-25
0.005274052260377635 1.2297849104190226e-25
0.005293522324129861 1.2430792285329162e-25
0.0053130642649443114 1.2565147609040837e-25
0.005332678348167434 1.270091365855233e-25
0.005352364840125234 1.2838105880886712e-25
0.005372124008126909 1.29767525702663e-25
0.005391956120468475 1.3116868709763368e-25
0.005411861446436403 1.3258469431710176e-25
0.005431840256311296 1.340157001920431e-25
0.00545189282137153 1.3546185907632241e-25
0.005472019413896953 1.3692332686212214e-25
0.005492220307172586 1.3840026099556182e-25
0.005512495775492317 1.3989282049251349e-25
0.005532846094162659 1.4140116595461796e-25
0.005553271539506443 1.4292545958549973e-25
0.005573772388866604 1.4446586520719108e-25
0.005594348920609933 1.4602254827676384e-25
0.005615001414130853 1.475956759031727e-25
0.0056357301498552404 1.4918541686431813e-25
0.005656535409244189 1.5079194162432212e-25
0.005677417474797864 1.524154223510335e-25
0.0056983766300593205 1.5405603293375492e-25
0.00571941315961838 1.5571392645895062e-25
0.005740527349115455 1.5738891430185603e-25
0.0057617194852454595 1.5908153765619427e-25
0.005782989855761687 1.607919761715243e-25
0.005804338749479715 1.6252041125857658e-25
0.005825766456281354 1.6426702610682782e-25
0.005847273267118542 1.6603200570229705e-25
0.005868859474017322 1.6781553684557258e-25
0.005890525370081802 1.6961780817007065e-25
0.005912271249498127 1.7143901016052948e-25
0.0059340974075385 1.7327933517174646e-25
0.005956004140565151 1.7513897744755573e-25
0.00597799174603439 1.7701813314005914e-25
0.006000060522500636 1.7891700032910722e-25
0.006022210769620469 1.8083577904203955e-25
0.006044442788156717 1.8277467127368707e-25
0.00606675687998251 1.847338810066382e-25
0.0060891533480854 1.867136142317781e-25
0.006111632496571468 1.8871407896910197e-25
0.006134194630669447 1.9073503217173715e-25
0.006156840056734897 1.9277704761081205e-25
0.006179569082254321 1.9484039639665673e-25
0.006202382015849364 1.96925293191613e-25
0.006225279167281004 1.9903195472866256e-25
0.006248260847453749 2.0116059983200291e-25
0.006271327368419879 2.033114494378989e-25
0.006294479043383653 2.0548472661580906e-25
0.006317716186705582 2.0768065658980246e-25
0.006341039113906684 2.098994667602608e-25
0.0063644481416728 2.121413867258812e-25
0.006387943587858849 2.1440664830597113e-25
0.006411525771493172 2.16695485563056e-25
0.006435195012781858 2.190081348257959e-25
0.006458951633113085 2.2134483471221606e-25
0.0064827959550615094 2.2370582615326557e-25
0.006506728302392609 2.2609098215401195e-25
0.0065307490000671015 2.2850066357957054e-25
0.006554858374245353 2.309353337059336e-25
0.006579056752291801 2.3339524102135496e-25
0.006603344462779423 2.358806363733616e-25
0.0066277218354941604 2.38391772992096e-25
0.006652189201439423 2.409289065139949e-25
0.006676746892840575 2.434922950057921e-25
0.0067013952431494404 2.460821989888602e-25
0.006726134587048859 2.4869888146390045e-25
0.006750965260457189 2.513426079359744e-25
0.006775887600532894 2.540136464398989e-25
0.006800901945679116 2.5671226756600236e-25
0.006826008635548263 2.5943874448625003e-25
0.006851208011046651 2.621929510027128e-25
0.006876500414339085 2.6497529599279855e-25
0.00690188618885354 2.677862893484308e-25
0.006927365679285812 2.706262127646765e-25
0.006952939231604193 2.734953505732552e-25
0.0069786071930542 2.7639398976864987e-25
0.0070043699121632415 2.793224200345876e-25
0.0070302277387453834 2.8228093377091655e-25
0.007056181023906083 2.852698261208723e-25
0.007082230120046982 2.8828939499874938e-25
0.0071083753808706554 2.913399411179785e-25
0.007134617161385436 2.9442169921423584e-25
0.007160955817910231 2.9753447767583396e-25
0.007187391708079353 3.0067911210721097e-25
0.007213925190847404 3.0385591273939964e-25
0.007240556626494107 3.070651926720413e-25
0.007267286376629226 3.1030726790183143e-25
0.007294114804197466 3.1358245735139383e-25
0.007321042273483404 3.1689108289859253e-25
0.007348069150116451 3.2023346940629303e-25
0.007375195801075783 3.2360978362560275e-25
0.007402422594695348 3.2702013822415297e-25
0.007429749900668863 3.304652123244802e-25
0.007457178090054821 3.3394534137807734e-25
0.00748470753528157 3.3746086391244443e-25
0.007512338610152314 3.4101212156183217e-25
