results/limits/Stanford_f_6.dat
# %ECSV 1.0
# ---
# datatype:
# - {name: mx, unit: MeV, datatype: float64}
# - {name: sigma_6, unit: cm2, datatype: float64}
# schema: astropy-2.0
mx sigma_6
[from data line 359]
0.0012404909310584848 9.535223124497502e-28
0.0012694149350204683 9.765307220203945e-28
0.0012990133477864558 9.990451609220988e-28
0.0013293018942621524 1.02100599512986e-27
0.001360296666004259 1.0423551344289844e-27
0.001392014129769518 1.0630364062310205e-27
0.0014244711362630968 1.082995915969178e-27
0.0014576849290909482 1.1021823866965558e-27
0.0014916731539209149 1.1205474767243804e-27
0.0015264538678574353 1.1380460697632231e-27
0.0015620455490348386 1.15463653566978e-27
0.0015984671064343198 1.1702809577753837e-27
0.0016357378899298156 1.1849453266460035e-27
0.0016738777005681136 1.198599696630137e-27
0.0017129068010886602 1.2112183049046831e-27
0.0017528459266886532 1.222779653639652e-27
0.00179371629603914 1.2332665534048273e-27
0.0018355396225579732 1.242666130737809e-27
0.0018783381259456144 1.2509697988880425e-27
0.0019221345439899109 1.25817319498409e-27
0.001966952144646121 1.2642760851241715e-27
0.0020128147383986056 1.2692822392051075e-27
0.002059746690910748 1.273199279656303e-27
0.0021077729359698315 1.2760385052619053e-27
0.0021569189887337423 1.2778146945742233e-27
0.002207210959286545 1.2785458909841444e-27
0.0022586755665101248 1.2782531740528464e-27
0.0023113401522792685 1.2769604183736285e-27
0.0023652326959877285 1.2746940453086094e-27
0.0024203818294129824 1.2714827687639302e-27
0.0024768168519275916 1.267357338462443e-27
0.002534567746065232 1.2623502853302287e-27
0.0025936651934496745 1.2564956662634184e-27
0.0026541405910951734 1.2498288175873657e-27
0.0027160260680869266 1.2423861132293748e-27
0.0027793545026504624 1.2342047322380897e-27
0.002844159539619031 1.2253224364909578e-27
0.0029104756083082714 1.2157773600039962e-27
0.0029783379408076585 1.2056078103138982e-27
0.0030477825906984404 1.194852083107961e-27
0.0031188464522080173 1.1835482908659382e-27
0.0031915672798109355 1.171734204641245e-27
0.0032659837082868936 1.1594471107429598e-27
0.003342135273246469 1.1467236808588228e-27
0.0034200624321353945 1.1335998567370122e-27
0.0034998065857286074 1.120110747536663e-27
0.0035814101001254554 1.1062905413504941e-27
0.003664916329257761 1.092172428202459e-27
0.0037503696379226933 1.077788536087519e-27
0.0038378154253526898 1.0631698777082165e-27
0.003927300149334948 1.0483463081771407e-27
0.004018871350893299 1.033346492743771e-27
0.00411257767954558 1.0181978835424329e-27
0.004208468919149921 1.002926704966516e-27
0.004306596014353682 9.875579467542594e-28
0.004407011097659079 9.721153640745837e-28
0.004509767517119906 9.56621484057056e-28
0.004614919864684026 9.410976176997667e-28
0.004722524005196735 9.255638769654167e-28
0.004832637106080367 9.100391961294789e-28
0.004945317667705937 8.94541356969068e-28
0.005060625554472947 8.790870170904848e-28
0.005178622026613854 8.636917409652908e-28
0.005299369772740128 8.483700332096371e-28
0.005422932943147155 8.33135373650395e-28
0.0055493771838957115 8.180002538324446e-28
0.00567876967168809 8.029762143155159e-28
0.005811179149557424 7.880738830990845e-28
0.0059466759633891655 7.733030139590671e-28
0.006085332099294114 7.586725252896946e-28
0.006227221221852859 7.441905386609345e-28
0.006372418713251954 7.298644171236461e-28
0.006521001713332612 7.157008030882366e-28
0.006673049160573193 7.0170565540662525e-28
0.006828641834027273 6.878842860511324e-28
0.006987862396239558 6.742413954446529e-28
0.00715079543716245 6.607811072859985e-28
0.007317527519096606 6.475070018929526e-28
0.007488147222679345 6.34422149001718e-28
0.007662745193945353 6.215291388417872e-28
0.007841414192484688 6.088301124803553e-28
0.008024249140723652 5.963267907838302e-28
0.008211347174354735 5.840205021980555e-28
0.008402807693942412 5.719122094256591e-28
0.008598732417732204 5.600025347299942e-28
0.008799225435691074 5.4829178421557865e-28
0.009004393264807849 5.3677997087220745e-28
0.009214344905683071 5.254668364798579e-28
0.009429191900438323 5.143518723888708e-28
0.009649048391975805 5.03434339212554e-28
0.009874031184619632 4.927132854659247e-28
0.010104259806171096 4.821875651903612e-28
0.01033985657141083 4.718558545395124e-28
0.010580946647081629 4.617166673916539e-28
0.010827658118386449 4.517683702416727e-28
0.011080122057036918 4.420091958909243e-28
0.011338472590888495 4.324372565351969e-28
0.01160284697519928 4.230505559539042e-28
0.01187338566555036 4.138470009509909e-28
0.012150232392466372 4.0482441202947405e-28
0.012433534237775993 3.9598053341454476e-28
0.01272344171275288 3.873130423618434e-28
0.013020108838078586 3.7881955787463088e-28
0.013323693225669961 3.7049764879252554e-28
0.013634356162414448 3.6234484134752955e-28
0.013952262695857842 3.5435862614952254e-28
0.014277581721889965 3.465364647027338e-28
0.014610486074474885 3.3887579539875906e-28
0.014951152617473332 3.3137403911814047e-28
0.015299762338606094 3.240286043534554e-28
0.015656500445608335 3.168368919760423e-28
0.016021556464625875 3.097962995932663e-28
0.016395124340905766 3.029042255963193e-28
0.016777402541834602 2.961580728290547e-28
0.017168594162379338 2.89555251994482e-28
0.01756890703298664 2.83093184713266e-28
0.017978553829998065 2.7676930641139523e-28
0.01839775218863974 2.7058106881050233e-28
0.01882672481864659 2.6452594233281192e-28
0.01926569962258253 2.5860141816485294e-28
0.019714909816919448 2.5280501018608996e-28
0.020174594055939365 2.47134256674164e-28
0.02064499655852557 2.415867218398729e-28
0.021126367237910063 2.3615999719524315e-28
0.021618961834446313 2.3085170276958683e-28
0.02212304205147776 2.2565948816846555e-28
0.022638875694374342 2.205810335160675e-28
0.0231667368128109 2.1561405026211224e-28
0.02370690584636297 2.107562818807452e-28
0.024259669773497434 2.0600550445136424e-28
0.024825322264037063 2.0135952716728796e-28
0.025404163835180054 1.9681619271785672e-28
0.025996502011157406 1.923733776136339e-28
0.026602651486612925 1.8802899242553269e-28
0.027222934293792744 1.8378098195319534e-28
0.027857679973633073 1.796273253265174e-28
0.02850722575083718 1.75566036053073e-28
0.02917191671303455 1.7159516200621213e-28
0.029852105994117403 1.6771278535834165e-28
0.030548154961852016 1.6391702247978946e-28
0.031260433409864494 1.6020602378632538e-28
0.031989319754103004 1.5657797355552578e-28
0.0327352012338808 1.5303108970159288e-28
0.03349847411760691 1.4956362352559554e-28
0.034279543913313774 1.4617385943519022e-28
0.03507882558409363 1.4286011463790546e-28
0.03589674376855814 1.3962073881227395e-28
0.03673373300643846 1.3645411375497578e-28
0.037590237969445384 1.3335865302851246e-28
0.038466713697512506 1.303328015647211e-28
0.03936362584054766 1.2737503527273082e-28
0.04028145090582124 1.2448386063036249e-28
0.04122067651112274 1.216578142682719e-28
0.04218180164382002 1.188954625406456e-28
0.043165336925959 1.1619540108849306e-28
0.044171804885544536 1.1355625439934657e-28
0.04520174023414663 1.109766753615105e-28
0.046255690150979495 1.0845534481345643e-28
0.047334214573604344 1.0599097109073874e-28
0.048437886495410414 1.0358228957081297e-28
0.04956729227003216 1.0122806221763189e-28
0.05072303192286451 9.89270771247192e-29
0.051905719469841495 9.667814805927904e-29
0.05311598324364777 9.448011400753514e-29
0.05435446622753626 9.233183872151249e-29
0.05562182639692926 9.023221026803151e-29
0.056918737068984544 8.818014058004657e-29
0.058245887260312136 8.617456501273848e-29
0.05960398205303182 8.421444190045634e-29
0.06099374296936585 8.229875211965765e-29
0.06241590835496589 8.042649865532074e-29
0.06387123377117784 7.85967061722418e-29
0.06536049239645289 7.680842059085097e-29
0.06688447543711816 7.50607086663058e-29
0.06844399254772507 7.335265757785808e-29
0.0700398722611988 7.16833745168511e-29
0.0716729624290174 7.005198628518374e-29
0.07334413067165428 6.84576388975415e-29
0.07505426483952363 6.689949718979656e-29
0.07680427348467332 6.537674443174116e-29
0.07859508634347626 6.388858195026244e-29
0.08042765483057629 6.243422874980048e-29
0.08230295254435131 6.10129211518182e-29
0.08422197578416211 5.96239124242651e-29
0.08618574407966152 5.826647243380358e-29
0.08819530073244539 5.693988728955602e-29
0.09025171337033296 5.564345900306987e-29
0.09235607451457113 5.437650514928593e-29
0.09450950216026408 5.31383585343742e-29
0.09671314037033632 5.192836687168728e-29
0.09896815988334524 5.074589245983434e-29
0.10127575873546546 4.959031187130432e-29
0.10363716289697593 4.846101564247273e-29
0.10605362692358762 4.735740797319444e-29
0.10852643462295801 4.627890642975274e-29
0.11105689973674641 4.5224941654267863e-29
0.11364636663857243 4.419495708075167e-29
0.11629621104824843 4.318840865495912e-29
0.1190078407626656 4.2204764561172224e-29
0.12178269640372161 4.12435049539483e-29
0.12462225218368743 4.030412169524014e-29
0.1275280166884199 3.938611809698851e-29
0.13050153367883624 3.848900866885391e-29
0.1335443829110759 3.761231887089265e-29
0.13665818097578622 3.6755584872111266e-29
0.13984458215697693 3.5918353312851496e-29
0.14310527931090045 3.5100181073174004e-29
0.14644200476542463 3.430063504536929e-29
0.14985653124037576 3.351929191177108e-29
0.15335067278934078 3.275573792659704e-29
0.1569262857634292 3.2009568703407325e-29
0.1605852697975066 3.1280389005582095e-29
0.16432956881942368 3.056781254323131e-29
0.16816117208277714 2.98714617722355e-29
0.172082115223751 2.9190967699642203e-29
0.1760944813425998 2.852596969168185e-29
0.1802004021103484 2.787611528685286e-29
0.18440205890129596 2.724106001273258e-29
0.18870168395192646 2.662046720658364e-29
0.1931015615468407 2.601400784036167e-29
0.1976040292323402 2.5421360348838923e-29
0.20221147905830805 2.4842210462238926e-29
0.20692635884904578 2.4276251041801532e-29
0.21175117350374192 2.3723181919566142e-29
0.2166884863272632 2.3182709741230744e-29
0.22174092039197504 2.2654547812682926e-29
0.22691115993131514 2.2138415949918716e-29
0.23220195176586036 2.1634040332130967e-29
0.2376161067626448 2.114115335817616e-29
0.24315650132850383 2.065949350616468e-29
0.24882607893823822 2.0188805196155677e-29
0.25462785169840935 1.9728838655920536e-29
0.2605649019475973 1.927934978967464e-29
0.26664038389397104 1.8840100049694803e-29
0.27285752529104135 1.8410856310913953e-29
0.2792196291524867 1.7991390748124154e-29
0.2857300755069626 1.7581480716106737e-29
0.2923923231938275 1.718090863229086e-29
0.2992099117007387 1.6789461862161174e-29
0.3061864630440946 1.6406932607089993e-29
0.31332568369332287 1.6033117794861231e-29
0.32063136654003577 1.5667818972410903e-29
0.3281073929131 1.531084220126326e-29
0.3357577346406907 1.4961997955011048e-29
0.343586456160426 1.462110101935215e-29
0.3515977166787018 1.4287970394206268e-29
0.359795772380376 1.396242919811007e-29
0.368184978689974 1.3644304574762077e-29
0.3767697925856183 1.3333427601616627e-29
0.38555477496691104 1.3029633200629956e-29
0.394544593078027 1.2732760050904556e-29
0.4037440229873054 1.24426505034227e-29
0.4131579521246571 1.2159150497591483e-29
0.42279138187813525 1.188210947976742e-29
0.43264943025104924 1.161138032354871e-29
0.4427373345810337 1.1346819251911374e-29
0.4530604543225162 1.1088285761092078e-29
0.4636242738940635 1.0835642546184308e-29
0.47443440559211736 1.0588755428429252e-29
0.48549659257266914 1.0347493284146199e-29
0.4968167119024568 1.0111727975270703e-29
0.5084007776813051 9.881334281467844e-30
0.5202549442372687 9.656189833781342e-30
0.5323855093962742 9.436175049782534e-30
0.5447989178279997 9.22117307020125e-30
0.557501764469769 9.011069696971062e-30
0.5705007980302781 8.805753332704353e-30
0.5838029245750183 8.605114921515936e-30
0.5974152111952977 8.409047891211396e-30
0.6113448897628128 8.217448096762481e-30
0.6255993607717623 8.030213765094011e-30
0.6401861972705483 7.847245441089182e-30
0.6551131488851486 7.668445934858964e-30
0.6703881459363026 7.493720270171639e-30
0.686019303652694 7.322975634081584e-30
0.7020149264823721 7.156121327686016e-30
0.7183835125046995 6.99306871800466e-30
0.7351337579451718 6.833731190957163e-30
0.7522745617955077 6.678024105397581e-30
0.7698150305414633 6.525864748208776e-30
0.7877644830008832 6.377172290399815e-30
0.8061324552745581 6.231867744219032e-30
0.8249287058125218 6.0898739212251305e-30
0.8441632205984669 5.9511153913260784e-30
0.8638462184550629 5.815518442737837e-30
0.8839881564729563 5.683011042861102e-30
0.9045997355663667 5.553522800044175e-30
0.9256919061582187 5.426984926215969e-30
0.9472758739978306 5.303330200369472e-30
0.9693631061142522 5.182492932875608e-30
0.9919653369084147 5.064408930608527e-30
1.0150945743873274 4.949015462864679e-30
1.0387631065436362 4.836251228057138e-30
1.0629835078839296 4.7260563211673555e-30
1.0877686461092637 4.618372201938841e-30
1.1131316889514546 4.513141663792134e-30
1.1390861111687691 4.410308803450467e-30
1.16564570170473 4.3098189912531186e-30
1.1928245710138414 4.211618842148119e-30
1.2206371585581264 4.115656187341198e-30
1.2490982404784545 4.021880046594521e-30
1.2782229374447416 3.930240601151145e-30
1.3080267226891875 3.840689167280608e-30
1.3385254302268237 3.753178170422645e-30
1.369735263267732 3.667661119922368e-30
1.4016728028254128 3.5840925843393534e-30
1.4343550165258654 3.502428167318814e-30
1.4677992676220706 3.422624484013269e-30
1.5020233242186567 3.34463913803918e-30
1.5370453687116559 3.2684306989606546e-30
1.5728840074483612 3.193958680283289e-30
1.6095582806124205 3.1211835179516834e-30
1.6470876723394143 3.050066549334221e-30
1.6854921210682972 2.980569992688483e-30
1.7247920301341966 2.9126569270926665e-30
1.7650082786082029 2.846291272835182e-30
1.8061622323899016 2.7814377722502196e-30
1.848275755558551 2.7180619709899957e-30
1.8913712219889245 2.6561301997235737e-30
1.935471527238 2.595609556252403e-30
1.9806001007088037 2.536467888033253e-30
2.0267809180978715 2.4786737750991797e-30
2.0740385141329463 2.422196513369562e-30
2.1223979956076717 2.3670060983401914e-30
2.171885054720213 2.3130732091450277e-30
2.222525982722885 2.260369192980716e-30
2.274347683890048 2.2088660498862934e-30
2.327377689811681 2.1585364178691206e-30
2.3816441740202396 2.1093535583701263e-30
2.437175966958554 2.0612913420596094e-30
2.4940025712967335 2.014324234957205e-30
2.552154177606206 1.968427284867405e-30
2.611661680399223 1.923576108124652e-30
2.6725566945423505 1.879746876639944e-30
2.7348715720526675 1.8369163052427933e-30
2.7986394192855935 1.79506163931146e-30
2.863894114523477 1.7541606426848988e-30
2.9306703259742912 1.714191585850292e-30
2.999003530189995 1.6751332343994007e-30
3.068930030914351 1.6369648377482337e-30
3.1404869783702067 1.599666118113346e-30
3.21371238899649 1.5632172597396182e-30
3.2886451656454048 1.5275988983731458e-30
3.3653251182505572 1.492792110974219e-30
3.443792984976987 1.4587784056644568e-30
3.5240904538643507 1.4255397119031149e-30
3.6062601849747473 1.3930583708871236e-30
3.6903458330569543 1.3613171261698609e-30
3.77639207073912 1.3302991144936684e-30
3.8644446122622242 1.2999878568312197e-30
3.9545502377669295 1.2703672496309845e-30
4.046756818146711 1.2414215562621631e-30
4.141113340480481 1.2131353986545239e-30
4.237669934058216 1.1854937491287248e-30
4.336477897013409 1.1584819224127598e-30
4.437589723576497 1.1320855678402808e-30
4.541059131963759 1.1062906617267248e-30
4.646941092916466 1.0810834999190616e-30
4.755291858905486 1.0564506905153765e-30
4.866168994016832 1.0323791467502303e-30
4.979631404534034 1.0088560800422248e-30
5.0957393702336 9.858689931998687e-31
5.214554576410165 9.634056737823248e-31
5.336140146648369 9.414541876113737e-31
5.4605606763588606 9.200028724312235e-31
5.587882267096237 8.990403317127805e-31
5.718172561677172 8.785554285990593e-31
5.851500780117376 8.58537279988581e-31
5.987937756406471 8.38975250753535e-31
6.127555976140354 8.198589480897174e-31
6.270429615030991 8.011782159951623e-31
6.416634578314149 7.829231298746135e-31
6.566248541075969 7.650839912668956e-31
6.719350989519823 7.476513226924532e-31
6.87602326319537 7.306158626182513e-31
7.036348598212252 7.139685605374333e-31
7.200412171461376 6.977005721610575e-31
7.368301145867304 6.818032547194104e-31
