results/limits/Stanford_l_phase.dat
# %ECSV 1.0
# ---
# datatype:
# - {name: mx, unit: MeV, datatype: float64}
# - {name: sigma_10, unit: cm2, datatype: float64}
# - {name: sigma_9, unit: cm2, datatype: float64}
# - {name: sigma_7, unit: cm2, datatype: float64}
# - {name: sigma_6, unit: cm2, datatype: float64}
# - {name: sigma_5, unit: cm2, datatype: float64}
# - {name: sigma_4, unit: cm2, datatype: float64}
# - {name: sigma_3, unit: cm2, datatype: float64}
# - {name: sigma_2, unit: cm2, datatype: float64}
# schema: astropy-2.0
mx sigma_10 sigma_9 sigma_7 sigma_6 sigma_5 sigma_4 sigma_3 sigma_2
[from data line 807]
37.851062777811606 2.241323190062295e-24 2.2349702352479764e-20 2.234906004789381e-12 2.2348984803204232e-08 0.00022341468600867322 2.160857691067374 3068.054936078595 7652.271162265139
38.733620047953465 2.457464190436754e-24 2.4508115957811778e-20 2.4507443316291763e-12 2.450736080790758e-08 0.00024499118720694375 2.369544726792517 3364.355471138763 8391.297055557214
39.63675553381552 2.6944734034664378e-24 2.6875070027244404e-20 2.6874365610914315e-12 2.6874275137178516e-08 0.000268652370314272 2.5983947205447038 3689.2840195829367 9201.726273045102
40.5609490489765 2.9543595444370266e-24 2.9470645253107916e-20 2.946990755815707e-12 2.946980834985598e-08 0.0002945989733859882 2.8493492025720046 4045.5972282212156 10090.434378996375
41.506691594626034 3.2393233819774616e-24 3.231684272717655e-20 3.2316070182439507e-12 3.231596139634236e-08 0.0003230509319345755 3.124535380141677 4436.3153740405205 11064.954477925321
42.47448562042145 3.551796657108095e-24 3.543797198303378e-20 3.54371629369709e-12 3.5437043648063305e-08 0.0003542512579192829 3.4263036549687755 4864.775632651017 12133.610075511328
43.46484529142686 3.894414976627521e-24 3.8860382032148775e-20 3.885953476105098e-12 3.885940395567493e-08 0.0003884633512326792 3.757201620024259 5334.5951581216505 13305.42299318457
44.4782967612764 4.270119092096719e-24 4.261347176480575e-20 4.261258445684944e-12 4.261244102244206e-08 0.00042598110003644004 4.120071749568958 5849.809786418234 14590.45931901067
45.515378451706574 4.6820936452641705e-24 4.672907928931498e-20 4.672815004767325e-12 4.6727992764561793e-08 0.0004671227764182324 4.517992358197014 6414.790207162952 15999.620325245822
46.576641338606535 5.1338231394587284e-24 5.124204137742994e-20 5.1241068220648714e-12 5.1240895751963225e-08 0.0005122366289182489 4.954331691523441 7034.3187633244315 17544.83402033489
47.66264924473788 5.629162135659968e-24 5.61908938972047e-20 5.61898747441325e-12 5.618968562336081e-08 0.0005617078843241749 5.4328156472582245 7713.685603767025 19239.294970360337
48.773979139279795 6.1723437689195845e-24 6.161795821870232e-20 6.161689088594551e-12 6.161668350419877e-08 0.000615959611559998 5.957536130703478 8458.700546653225 21097.493888464276
49.911221444358546 6.7679069167676e-24 6.7568614578207e-20 6.7567496794584684e-12 6.756726939030873e-08 0.0006754454579662728 6.532880800353737 9275.593329997535 23134.968842103117
51.07498034872413 7.421019941191754e-24 7.409453395427226e-20 7.409336331917242e-12 7.409311395698232e-08 0.0007406819565219276 7.163845542021833 10171.4572724352 25369.411821403577
52.265874128740876 8.137137515405538e-24 8.125025384844146e-20 8.124902786616927e-12 8.124875442720959e-08 0.0008122142960423704 7.855703399597154 11153.779210512585 27819.496319700636
53.48453547686238 8.922437016070654e-24 8.909753483093381e-20 8.909625087041287e-12 8.909595102805581e-08 0.0008906598710920296 8.614425788015769 12231.037550348576 30506.368980062078
54.731611837765406 9.783563980690448e-24 9.770282052883771e-20 9.77014758380822e-12 9.770114704217536e-08 0.0009766828910416085 9.446436913102294 13412.353585063069 33452.77991933985
56.00776575232122 1.0727673891127839e-23 1.0713765586790408e-19 1.0713624759257442e-11 1.0713588705228228e-07 0.0010709985611061933 10.35865421039923 14707.548911121621 36683.22593467957
57.31367520958723 1.1763075363501879e-23 1.1748510928946298e-19 1.1748363439342886e-11 1.1748323903846055e-07 0.0011744372817201526 11.35910927889109 16128.027049918031 40226.14942353765
58.650034007005786 1.2898457209451524e-23 1.2883205666487642e-19 1.2883051198538214e-11 1.2883007845318842e-07 0.0012878675152368684 12.456201850883884 17685.714210322847 44111.29645830088
60.017552119001664 1.4143455606975692e-23 1.412748456703904e-19 1.4127322789895707e-11 1.412727525028664e-07 0.0014122524096944198 13.65924745474733 19393.836877779824 48371.65623089966
61.416956074173925 1.550866122049378e-23 1.5491936719814876e-19 1.5491767286360618e-11 1.549171515607197e-07 0.0015486505127044541 14.978484319618666 21266.93161782544 53043.48550451808
62.84898934128261 1.7005554403476023e-23 1.698804102995757e-19 1.698786357805731e-11 1.6987806414183329e-07 0.0016982093233718113 16.42501100983356 23320.75652745704 58166.08775765887
64.31441272423535 1.8647088833947856e-23 1.8628749289075318e-19 1.8628563437100597e-11 1.862850075316449e-07 0.0018622235789704377 18.011350171267686 25573.091660238817 63783.8095857992
65.81400476628369 2.044707700417313e-23 2.0427872307602657e-19 2.0427677656470113e-11 2.0427608919534539e-07 0.002042073889682122 19.75085500904365 28042.89632434652 69943.93885380235
67.34856216364385 2.2420836583034054e-23 2.2400725940050094e-19 2.2400522071830425e-11 2.2400446697434546e-07 0.0022392913188348258 21.65833390495076 30751.19593437905 76698.91666104949
68.91890018876182 2.4585295659877658e-23 2.456423627803454e-19 2.4564022754045874e-11 2.456394010078829e-07 0.0024555678985810478 23.750152124655177 33721.22641851204 84106.69751839883
70.52585312344742 2.695857473315292e-23 2.6936521941788137e-19 2.693629830376386e-11 2.693620766929121e-07 0.0026927148735445346 26.043827951961553 36977.86079699134 92229.31913362021
72.17027470210763 2.9561172426193543e-23 2.953807927474851e-19 2.953784504069791e-11 2.9537745653705936e-07 0.0029527811794907966 28.559178609660854 40549.23619724317 101136.9604745867
73.8530385653146 3.241531771988821e-23 3.2391134907031287e-19 3.239088957046612e-11 3.239078058487895e-07 0.0032379887220025656 31.317694277530638 44465.86506458778 110905.72497173857
75.57503872394936 3.554433556581836e-23 3.5519012278695483e-19 3.5518755317068535e-11 3.551863580834994e-07 0.0035506690512448515 34.34192561325676 48759.76554483402 121615.47153860486
77.33719003416762 3.897614408277252e-23 3.8949625968249977e-19 3.8949356822309063e-11 3.8949225772015997e-07 0.0038936126732147342 37.658862276532034 53469.258420968385 133361.77897956548
79.14042868344033 4.2738973358438984e-23 4.2711204363579195e-19 4.2710922455944496e-11 4.271077875067341e-07 0.004269641466044889 41.29579735705969 58633.09529562092 146241.30063932136
80.98571268792693 4.686544434760281e-23 4.683636522071762e-19 4.683606994059415e-11 4.683591235721385e-07 0.004682016094059395 45.284267866611714 64296.0534278571 160365.7189145082
82.87402240144569 5.138985610572386e-23 5.135940542733169e-19 5.135909614086425e-11 5.13589233408683e-07 0.00513416507874514 49.65743432456255 70505.21518481753 175852.46554863395
84.80636103631147 5.635204991725378e-23 5.63201624143461e-19 5.631983844740547e-11 5.631964895827254e-07 0.005630070805996308 54.45381420414536 77315.26890825058 192837.9429299188
86.78375519631766 6.179266861776736e-23 6.175927689487454e-19 6.175893755051408e-11 6.175872976300732e-07 0.006173795964385868 59.712701662813146 84782.0057010274 211461.30392769165
88.80725542214539 6.775886495842695e-23 6.772389803721764e-19 6.772354258070108e-11 6.772331472697266e-07 0.0067700538654336465 65.47968365650847 92970.15138279765 231883.98617376693
90.8779367494899 7.430138937705309e-23 7.426477282136071e-19 7.426440048130432e-11 7.426415062279272e-07 0.007423917479734027 71.80382574900997 101949.37081199458 254279.7461354569
92.99689928020044 8.147538380027813e-23 8.143703991951165e-19 8.143664988978827e-11 8.143637590244488e-07 0.008140898798119862 78.73843968985858 111795.35771755088 278837.3773484527
95.16526876673713 8.93423363520161e-23 8.930218351934105e-19 8.930177495197861e-11 8.930147450492119e-07 0.008927144146719985 86.34297249359291 122592.51687408201 305767.4002356936
97.38419721025556 9.796851262791393e-23 9.792646575414497e-19 9.792603776395019e-11 9.792570830339054e-07 0.009789277484393873 94.68149081895652 134431.81217495716 335296.69482134585
99.6548634726365 1.0742869659671563e-22 1.0738466583430433e-18 1.0738421748548391e-10 1.0738385620607559e-06 0.010734774187069435 103.82629619570137 147415.89964706707 367681.30337667605
101.97847390278609 1.1780139305437607e-22 1.1775528545942945e-18 1.177548157822494e-10 1.1775441961456687e-06 0.011771481754819957 113.85328932306942 161652.54553338268 403190.0139548763
104.35626297753925 1.291763313367688e-22 1.2912804846195715e-18 1.2912755642805103e-10 1.2912712200083679e-06 0.012908369517346717 124.84922119051 177264.9216663157 442130.03887150285
106.78949395750668 1.4165072586603312e-22 1.4160016486401716e-18 1.4159964939727492e-10 1.4159917301225758e-06 0.014155155170122918 136.9080809505619 194386.47685398368 484834.2230355528
109.27945955821409 1.5532752853797752e-22 1.5527458267874448e-18 1.5527404266034399e-10 1.5527352027293597e-06 0.01552213001332095 150.12940563691748 213158.53696379787 531655.0581338457
111.82748263689002 1.7032553310679355e-22 1.7027008968902682e-18 1.7026952393579962e-10 1.7026895110181127e-06 0.017021168783890633 164.62804721891624 233744.17249915484 582999.2708178124
114.43491689526716 1.8677296132617958e-22 1.867149023054369e-18 1.8671430957589198e-10 1.867136814198147e-06 0.01866508876188707 180.52797390420145 256319.3974904777 639305.8711825198
117.10314759877073 2.0480917414203937e-22 2.0474837572970053e-18 2.0474775471959753e-10 2.0474706589713257e-06 0.020467820727682867 197.96392362987265 281075.51717489795 701052.008294656
119.8335923124757 2.245870857215474e-22 2.2452341904153576e-18 2.2452276839005375e-10 2.2452201304251916e-06 0.022444650389677342 217.08373914140176 308222.4434160628 768761.2394353864
122.62770165422418 2.462741439424656e-22 2.4620747376706828e-18 2.462067920435474e-10 2.4620596374898965e-06 0.024612316205956386 238.0493141197174 337990.03804566304 843006.8806315104
125.4869600653028 2.700573255205865e-22 2.6998750968875143e-18 2.699867953861521e-10 2.6998588709365295e-06 0.026989508796261677 261.0414234733145 370634.9710668274 924429.112226627
128.41288659908975 2.9613537862054363e-22 2.960622693286535e-18 2.9606152087619345e-10 2.9606052486626983e-06 0.029596095655671104 286.2522248007298 406430.07399045705 1013708.424220598
131.40703572809028 3.247281890235727e-22 3.2465163160394184e-18 3.2465084735404213e-10 3.2464975516754167e-06 0.03245405719952 313.89431177867624 445677.1941255697 1111597.6771411274
134.4709981697896 3.5608915171894883e-22 3.56008982261117e-18 3.5600816046423565e-10 3.560069627896197e-06 0.03558872338542299 344.21267471958066 488724.1765618432 1218964.4581090903
137.6064017317617 3.9047287419675628e-22 3.903889231855844e-18 3.903880620269249e-10 3.903867486961801e-06 0.039025545747245996 377.45347981639173 535920.5359417719 1336680.5184051117
140.8149121764835 4.281836030080578e-22 4.280956907482869e-18 4.280947882998941e-10 4.280933481215616e-06 0.04279493757666783 413.91088318037066 587683.9245304081 1465787.5565809747
144.09823410631301 4.69532312309243e-22 4.6944025300632886e-18 4.694393072680794e-10 4.694377280046131e-06 0.04692798510942382 453.8855496101266 644441.2358354976 1607350.320480753
147.45811186910282 5.148768086118257e-22 5.14780405838249e-18 5.147794146904724e-10 5.147776829007069e-06 0.051460455768039176 497.7234201511376 706683.6480297444 1762593.895262574
150.89633048492877 5.646062104461073e-22 5.645052579860322e-18 5.645042191969736e-10 5.645023201307911e-06 0.05643124719851491 545.8007112421149 774945.3252585214 1932850.580696398
154.41471659442715 6.191220850733715e-22 6.190163716754897e-18 6.190152829488932e-10 6.190132005053346e-06 0.061880501976980015 598.5056802349686 849777.5277412862 2119495.317181969
158.01513942924367 6.789192816202796e-22 6.7880857928481654e-18 6.788074381384546e-10 6.788051545519528e-06 0.06785768651451818 656.3167642313459 931859.5557935504 2324222.399744381
161.6995118051102 7.444706893112874e-22 7.443547666053804e-18 7.44353570506284e-10 7.443510664205031e-06 0.07441007332251737 719.6911810249117 1021840.5818779467 2548650.979219795
165.46979113807643 8.163679351211809e-22 8.162465434535922e-18 8.162452896753912e-10 8.162425437438319e-06 0.08159680326786709 789.2009386575613 1120532.7613269037 2794806.7145221177
169.32798048443664 8.952082268529188e-22 8.95081108185287e-18 8.95079793885907e-10 8.950767827531139e-06 0.0894775758893393 865.4234486227535 1228755.9214663818 3064734.399872834
173.27612960490418 9.8165863097789e-22 9.815255154369554e-18 9.81524137632125e-10 9.815208356986914e-06 0.09811907397829052 949.0036641468772 1347425.7875373107 3360718.015839342
177.3163360535986 1.0764676386485817e-21 1.0763282418554828e-17 1.0763267973889928e-09 1.0763231765376583e-05 0.10759611975845335 1040.6652627128421 1477569.8600006169 3685320.3301393585
181.45074629242436 1.1804223128879849e-21 1.180276340541364e-17 1.1802748261300484e-09 1.1802708555959341e-05 0.1179873917930788 1141.169220161406 1620268.5967199178 4041236.1956109414
185.68155683143308 1.2944269928953409e-21 1.2942741331600512e-17 1.294272545312927e-09 1.2942681912890437e-05 0.12938329151052738 1251.3898954044475 1776763.4404735072 4431561.989916762
190.01101539577502 1.4194352135738845e-21 1.41927514206081e-17 1.4192734771277024e-09 1.4192687025994428e-05 0.1418791387411855 1372.2492179367623 1948363.3762764155 4859562.55299322
194.44142211985996 1.5564861006123435e-21 1.5563184812245302e-17 1.5563167354017106e-09 1.5563114998589264e-05 0.1555788095718451 1504.7518730145991 2136494.888423462 5328795.788743629
198.9751307693619 1.7068026532735105e-21 1.7066271261103133e-17 1.706625295312081e-09 1.706619554130575e-05 0.17060455997899418 1650.0803154344294 2342836.864094489 5843449.138468318
203.61454999171644 1.8716479436959807e-21 1.871464134495381e-17 1.8714622144480775e-09 1.871455918754765e-05 0.18708265281884123 1809.4557543692417 2569123.2151739583 6407847.284804269
208.36214459577587 2.052401359608995e-21 2.0522088787979725e-17 2.052206865026429e-09 2.0521999613080734e-05 0.20515097845944236 1984.211859810304 2817247.529016895 7026713.169228089
213.2204368613011 2.2506475853945158e-21 2.2504460198300718e-17 2.2504439075672248e-09 2.2504363369798406e-05 0.22496794912608928 2175.880788311407 3089385.2105549295 7705472.636052006
218.19200787898666 2.4679426100739194e-21 2.467731541856384e-17 2.4677293262342568e-09 2.467721024699599e-05 0.24668911038250624 2385.966970193086 3387672.2981259786 8449453.342347128
223.27949892173046 2.706311757945541e-21 2.7060907292631834e-17 2.706088404941878e-09 2.7060793015687068e-05 0.2705169218266021 2616.428586392715 3714889.0797219337 9265589.817666028
228.48561284787684 2.9677179014087847e-21 2.9674864419066105e-17 2.9674840033528552e-09 2.967474020646944e-05 0.2966476027515149 2869.163461875566 4073730.147993003 10160602.85223601
233.81311553717836 3.2542862342780142e-21 3.25404385867635e-17 3.2540413001339326e-09 3.254030353452045e-05 0.32529359883723674 3146.2263625558344 4467112.925373621 11141769.013142176
239.2648373602396 3.568511257015349e-21 3.568257451550891e-17 3.568254766891149e-09 3.568242763198739e-05 0.35670427251378356 3450.029111641712 4898461.7956764875 12217629.318731481
244.8436746822229 3.913181265979553e-21 3.912915485470552e-17 3.912912668152771e-09 3.91289950503567e-05 0.39115835552402944 3783.2675911322394 5371604.458480547 13397730.72814121
250.55259140161598 4.291111316265536e-21 4.290832993788751e-17 4.290830036956986e-09 4.290815602531361e-05 0.4289372555525844 4148.66356462533 5890405.360887482 14691711.855324008
256.3946205248776 4.705450096248586e-21 4.705158647682893e-17 4.70515554420052e-09 4.7051397159905536e-05 0.47035573273712183 4549.261379278642 6459186.964465597 16110353.68324733
262.37286577779935 5.160048360994223e-21 5.1597431528876576e-17 5.1597398949889764e-09 5.1597225375652075e-05 0.5157987267899578 4988.784156220958 7083235.475800347 17666840.945253473
268.49050325443824 5.658349367275452e-21 5.658029762779687e-17 5.6580263425477125e-09 5.6580073088977325e-05 0.5656104460754492 5470.561064652102 7767277.755914932 19372963.268011283
