results/limits/Stanford_l.dat
# %ECSV 1.0
# ---
# datatype:
# - {name: mx, unit: MeV, datatype: float64}
# - {name: sigma_10, unit: cm2, datatype: float64}
# - {name: sigma_9, unit: cm2, datatype: float64}
# - {name: sigma_7, unit: cm2, datatype: float64}
# - {name: sigma_6, unit: cm2, datatype: float64}
# - {name: sigma_5, unit: cm2, datatype: float64}
# - {name: sigma_4, unit: cm2, datatype: float64}
# - {name: sigma_3, unit: cm2, datatype: float64}
# - {name: sigma_2, unit: cm2, datatype: float64}
# schema: astropy-2.0
mx sigma_10 sigma_9 sigma_7 sigma_6 sigma_5 sigma_4 sigma_3 sigma_2
[from data line 398]
0.0030477825906984404 7.811947964180855e-41 2.6858701751135394e-40 9.691071292078262e-37 5.539981884676022e-34 4.068760429594172e-30 3.8736597701148393e-26 3.2947639209688826e-23 3.7445110235871863e-23
0.0031188464522080173 7.692114296972361e-41 2.678843069524167e-40 9.961739589962437e-37 5.8709386417292356e-34 4.3592179620315715e-30 4.1486877872720994e-26 3.4639822619014683e-23 3.878972693720265e-23
0.0031915672798109355 7.574542122934729e-41 2.672505518391005e-40 1.0241362308368116e-36 6.223665639417201e-34 4.670448178049066e-30 4.443128689545326e-26 3.6400074867030574e-23 4.0166184988276493e-23
0.0032659837082868936 7.45918950899359e-41 2.6668617188749517e-40 1.0530303892812783e-36 6.599669945572518e-34 5.003937452195616e-30 4.758338960844414e-26 3.822986697297821e-23 4.1574779227906987e-23
0.003342135273246469 7.346015372339322e-41 2.661916334671693e-40 1.0828946573690692e-36 7.000565514392201e-34 5.361278518093441e-30 5.095768212777406e-26 4.013059242043721e-23 4.3015810363148144e-23
0.0034200624321353945 7.234979464018223e-41 2.6576745058544807e-40 1.1137691350959926e-36 7.4280808291701935e-34 5.7441780772918614e-30 5.45696538219417e-26 4.2103655486098266e-23 4.4489780823429774e-23
0.0034998065857286074 7.126042352877971e-41 2.6541418590867167e-40 1.1456959038385656e-36 7.884067091538047e-34 6.154464952185815e-30 5.843585312790609e-26 4.4150383515813205e-23 4.599712284744934e-23
0.0035814101001254554 7.019165409860675e-41 2.651324518201652e-40 1.1787191371205366e-36 8.370506996254712e-34 6.594098821868913e-30 6.25739574988614e-26 4.627207055587066e-23 4.753834489448777e-23
0.003664916329257761 6.914310792637259e-41 2.6492291151451916e-40 1.212885218134821e-36 8.889524133381907e-34 7.065179582562576e-30 6.700284766588908e-26 4.8469982706151e-23 4.911393704163691e-23
0.0037503696379226933 6.81144143057672e-41 2.6478628012762737e-40 1.2482428644625693e-36 9.443393062677352e-34 7.569957377233169e-30 7.17426864447646e-26 5.074533307116229e-23 5.0724140798949246e-23
0.0038378154253526898 6.710521010044161e-41 2.6472332590177026e-40 1.2848432604617e-36 1.0034550108249494e-33 8.110843342190631e-30 7.681500234673818e-26 5.309929262186425e-23 5.236957021266483e-23
0.003927300149334948 6.611513960021664e-41 2.6473487138485724e-40 1.3227401978300161e-36 1.066560492495876e-33 8.690421121869213e-30 8.224277823126898e-26 5.553299978064931e-23 5.40507982040283e-23
0.004018871350893299 6.514385438046175e-41 2.648217946627376e-40 1.361990224883193e-36 1.1339352891738788e-33 9.311459206640834e-30 8.805054524573409e-26 5.804754194723762e-23 5.576848192829084e-23
0.00411257767954558 6.419101316458685e-41 2.64985030623293e-40 1.4026528051256964e-36 1.2058788390964758e-33 9.976924152420843e-30 9.426448234026373e-26 6.064398629321698e-23 5.752275736340987e-23
0.004208468919149921 6.325628168959228e-41 2.6522557225077928e-40 1.4447904857330472e-36 1.2827119037232113e-33 1.0689994745012331e-29 1.0091252159056705e-25 6.332335861571045e-23 5.931488417668867e-23
0.004306596014353682 6.233933257462347e-41 2.655444719486558e-40 1.4884690766073847e-36 1.3647780923449396e-33 1.1454077176619724e-29 1.080244596164161e-25 6.608661965824903e-23 6.114494712503299e-23
0.004407011097659079 6.143984519247731e-41 2.6594284288886372e-40 1.5337578407147516e-36 1.4524454957015285e-33 1.227282130676505e-29 1.1563207543724923e-25 6.893478466399572e-23 6.301387535876878e-23
0.004509767517119906 6.055750554401055e-41 2.6642186038523383e-40 1.5807296964625013e-36 1.5461084364063943e-33 1.3150138084981242e-29 1.237692548446579e-25 7.186871148128743e-23 6.492241046348508e-23
0.004614919864684026 5.969200613540003e-41 2.6698276328840705e-40 1.6294614329288632e-36 1.646189344535093e-33 1.4090218218169856e-29 1.3247212193619994e-25 7.488939492847351e-23 6.687121169974118e-23
0.004722524005196735 5.884304585820699e-41 2.6762685539932164e-40 1.6800339388142085e-36 1.7531407673340537e-33 1.5097552171400826e-29 1.4177917759685634e-25 7.799765337830709e-23 6.886085490847514e-23
0.004832637106080367 5.801032987220003e-41 2.6835550689799346e-40 1.732532446045293e-36 1.8674475226472474e-33 1.617695159725857e-29 1.517314457677883e-25 8.119441843728342e-23 7.089240686227716e-23
0.004945317667705937 5.719356949088978e-41 2.6917015578394587e-40 1.787046789030008e-36 1.9896290063462067e-33 1.733357229559179e-29 1.623726272652829e-25 8.44805451082489e-23 7.296645764718571e-23
0.005060625554472947 5.639248206973353e-41 2.7007230932428735e-40 1.8436716806312975e-36 2.120241664785782e-33 1.857293881277546e-29 1.7374926176598477e-25 8.785686421824062e-23 7.508403630027271e-23
0.005178622026613854 5.560679089696645e-41 2.710635455050378e-40 1.902507006005213e-36 2.2598816440975058e-33 1.9900970797344205e-29 1.859108981813915e-25 9.132432968902104e-23 7.724610750861868e-23
0.005299369772740128 5.483622508701867e-41 2.721455144809087e-40 1.9636581355300445e-36 2.4091876289787603e-33 2.1324011237156495e-29 1.9891027327388369e-25 9.488366028713303e-23 7.945325220498774e-23
0.005422932943147155 5.408051947647869e-41 2.733199400183317e-40 2.0272362581413756e-36 2.568843884542417e-33 2.2848856712152094e-29 2.128034996907216e-25 9.853592322065589e-23 8.170659547118632e-23
0.0055493771838957115 5.333941452256551e-41 2.7458862092611716e-40 2.093358736482395e-36 2.739583515763422e-33 2.448278980625809e-29 2.276502621256284e-25 1.0228180765475632e-22 8.400725064445083e-23
0.00567876967168809 5.261265620407167e-41 2.759534324676909e-40 2.1621494853801296e-36 2.9221919600996007e-33 2.623361383222473e-29 2.435140237622592e-25 1.061224101637618e-22 8.635611787975451e-23
0.005811179149557424 5.189999592474244e-41 2.7741632774845044e-40 2.2337393752670864e-36 3.1175107299798054e-33 2.8109690034036384e-29 2.604622410009111e-25 1.1005854357188998e-22 8.875417711615351e-23
0.0059466759633891655 5.120119041905657e-41 2.789793390713622e-40 2.3082666622846795e-36 3.32644142304767e-33 3.011997744326531e-29 2.785665886240515e-25 1.1409125652288868e-22 9.120270466889589e-23
0.006085332099294114 5.051600166037656e-41 2.806445792535137e-40 2.3858774469302087e-36 3.549950019330333e-33 3.227407557819591e-29 2.9790319387796477e-25 1.182215074134868e-22 9.370250487995604e-23
0.006227221221852859 4.98441967714357e-41 2.824142428959611e-40 2.4667261632438807e-36 3.7890714858738576e-33 3.458227018795471e-29 3.1855288065251804e-25 1.2245037091437374e-22 9.62552538604844e-23
0.006372418713251954 4.918554793713302e-41 2.84290607598839e-40 2.5509761006769237e-36 4.044914710858008e-33 3.705558225818276e-29 3.4060142299430293e-25 1.2677890555511242e-22 9.886192596410195e-23
0.006521001713332612 4.853983231960657e-41 2.8627603511339474e-40 2.6387999609371672e-36 4.318667790778864e-33 3.9705820510123915e-29 3.6413980848896573e-25 1.312083089018964e-22 1.0152368348176417e-22
0.006673049160573193 4.790683197555794e-41 2.8837297242230913e-40 2.7303804522750066e-36 4.611603695976542e-33 4.254563764139238e-29 3.8926451064062162e-25 1.3573967218726037e-22 1.0424171876898946e-22
0.006828641834027273 4.728633377580161e-41 2.905839527394634e-40 2.825910923851762e-36 4.9250863415949554e-33 4.558859057425311e-29 4.160777712561438e-25 1.4037436877639885e-22 1.070169441898984e-22
0.006987862396239558 4.667812932701431e-41 2.929115964201305e-40 2.9255960430244604e-36 5.260577092999336e-33 4.884920499599654e-29 4.446878907712252e-25 1.4511362686942255e-22 1.098511499324704e-22
0.00715079543716245 4.608201489566168e-41 2.9535861177251307e-40 3.0296525185873564e-36 5.619641736755356e-33 5.234304449612533e-29 4.7520952809183105e-25 1.499588386988528e-22 1.1274590755432652e-22
0.007317527519096606 4.549779133407883e-41 2.9792779576154033e-40 3.1383098732318485e-36 6.0039579504998336e-33 5.608678462653283e-29 5.077640080482308e-25 1.549114821615096e-22 1.1570308438234822e-22
0.007488147222679345 4.492526400868536e-41 3.0062203459597437e-40 3.251811268724232e-36 6.415323307419066e-33 6.009829223387244e-29 5.424796363636383e-25 1.5997307240871641e-22 1.1872280934426047e-22
0.007662745193945353 4.4364242730314205e-41 3.0344430419009952e-40 3.370414387555715e-36 6.855663853607025e-33 6.439671043791666e-29 5.794920215109804e-25 1.6514518137955484e-22 1.2180743199114122e-22
0.007841414192484688 4.381454168663764e-41 3.0639767049165012e-40 3.4943923750930614e-36 7.327043299315529e-33 6.900254965602355e-29 6.189444026398007e-25 1.7042951056301426e-22 1.2495854078534374e-22
0.008024249140723652 4.3275979376672744e-41 3.094852896681571e-40 3.624034846552087e-36 7.831672868043532e-33 7.393778510196499e-29 6.609879821430694e-25 1.7582779410419963e-22 1.2817740347784814e-22
0.008211347174354735 4.274837854735135e-41 3.127104081445776e-40 3.759648963431651e-36 8.371921850558597e-33 7.922596121749082e-29 7.057822624867918e-25 1.8134191844547162e-22 1.3146549512255993e-22
0.008402807693942412 4.223156613214088e-41 3.160763624859434e-40 3.9015605843843336e-36 8.95032891431407e-33 8.489230352716907e-29 7.534953850358479e-25 1.8697379359976516e-22 1.3482513700662183e-22
0.008598732417732204 4.172537319170347e-41 3.1958657911983078e-40 4.05011549586317e-36 9.569614222337413e-33 9.096383844148299e-29 8.043044702278954e-25 1.927253735347186e-22 1.3825766551703506e-22
0.008799225435691074 4.122963485658223e-41 3.232445738947155e-40 4.205680728273683e-36 1.0232692419535715e-32 9.746952156995664e-29 8.583959579254116e-25 1.985989322177793e-22 1.4176431213617244e-22
0.009004393264807849 4.0744190271905506e-41 3.2705395147175836e-40 4.36864596377844e-36 1.094268654851124e-32 1.0444037514536769e-28 9.159659428108114e-25 2.0459643402643402e-22 1.453480732342295e-22
0.009214344905683071 4.026888254410037e-41 3.3101840454928627e-40 4.539425042350201e-36 1.1702942961424884e-32 1.1190963520228236e-28 9.77220509744709e-25 2.107204317707005e-22 1.490096406652781e-22
0.009429191900438323 3.980355868960957e-41 3.351417129211453e-40 4.718457573150794e-36 1.2517047299206339e-32 1.1991290919786381e-28 1.0423760569044652e-24 2.1697311272096213e-22 1.5275123885040443e-22
0.009649048391975805 3.934806958560567e-41 3.3942774237228925e-40 4.906210658829108e-36 1.3388841614514317e-32 1.2848834481118863e-28 1.1116596152728741e-24 2.2335708194527755e-22 1.5657510445163853e-22
0.009874031184619632 3.8902269922700235e-41 3.438804434173374e-40 5.1031807408852594e-36 1.4322442720316856e-32 1.3767681070835837e-28 1.1853091527202333e-24 2.2987497305858474e-22 1.6048278581227725e-22
0.010104259806171096 3.8466018159644556e-41 3.4850384989044444e-40 5.309895574841665e-36 1.5322261851822226e-32 1.4752209011565807e-28 1.2635738637896714e-24 2.3652925883163143e-22 1.6447669558460328e-22
0.01033985657141083 3.8039176480021877e-41 3.5330207739763184e-40 5.526916344598227e-36 1.6393025735769203e-32 1.5807108810157815e-28 1.3467144469961453e-24 2.4332315853375495e-22 1.685591271380028e-22
0.010580946647081629 3.7621610750933087e-41 3.5827932164572045e-40 5.754839926031843e-36 1.7539799167814024e-32 1.6937405353074862e-28 1.4350033495000152e-24 2.502589390673976e-22 1.7273085774003616e-22
0.010827658118386449 3.7213190483676336e-41 3.634398566651231e-40 5.9943013106317194e-36 1.876800920596009e-32 1.8148481672022712e-28 1.5287250071395327e-24 2.573403032221099e-22 1.7699546180934712e-22
0.011080122057036918 3.681378879642734e-41 3.687880329470395e-40 6.245976200746958e-36 2.0083471095703024e-32 1.9446104389885884e-28 1.628176031783986e-24 2.645697325679056e-22 1.813548079390767e-22
0.011338472590888495 3.64232823789243e-41 3.7432827551889894e-40 6.510583788863249e-36 2.149241605084071e-32 2.083645096477866e-28 1.733665394088732e-24 2.719509295312807e-22 1.85811105189042e-22
0.01160284697519928 3.6041551459165884e-41 3.80065081985255e-40 6.788889734227158e-36 2.3001521022769196e-32 2.2326138857999575e-28 1.845514547453625e-24 2.7948692638787587e-22 1.9036651810708785e-22
0.01187338566555036 3.566847977213149e-41 3.860030205646613e-40 7.081709351101847e-36 2.4617940600590722e-32 2.3922256760468377e-28 1.9640575309987438e-24 2.8718128751223297e-22 1.950239399435211e-22
0.012150232392466372 3.530395453053426e-41 3.921467281562491e-40 7.389911023973173e-36 2.6349341194544377e-32 2.5632398021367055e-28 2.0896410192400114e-24 2.950375319405832e-22 1.9978445009880113e-22
0.012433534237775993 3.494786639761999e-41 3.985009084727834e-40 7.71441986613382e-36 2.820393766618532e-32 2.746469643262483e-28 2.2226243296018284e-24 3.030592838526952e-22 2.046523016744521e-22
0.01272344171275288 3.4600109462025974e-41 4.050703302797471e-40 8.056221639260947e-36 3.01905325804319e-32 2.9427864533368626e-28 2.3633793794561122e-24 3.1125033744467426e-22 2.0962952774647744e-22
0.013020108838078586 3.426058121471602e-41 4.118598257824604e-40 8.416366952875512e-36 3.2318558267133227e-32 3.153123460966878e-28 2.512290588353173e-24 3.196146258332433e-22 2.147185637530988e-22
0.013323693225669961 3.3929182528010095e-41 4.1887428920526625e-40 8.795975763934408e-36 3.459812189323559e-32 3.3784802576847657e-28 2.6697547204543735e-24 3.281559668941892e-22 2.1992210766383137e-22
0.013634356162414448 3.3605817636727665e-41 4.261186756083498e-40 9.196242198266533e-36 3.7040053761016525e-32 3.61992749443612e-28 2.8361806758038756e-24 3.3687876345953277e-22 2.2524260022381723e-22
0.013952262695857842 3.329039412146667e-41 4.335979999886956e-40 9.618439717127675e-36 3.9655959063272384e-32 3.878611907675035e-28 3.011989199961623e-24 3.45786955705066e-22 2.306819559581137e-22
0.014277581721889965 3.2982822894041945e-41 4.413173367119725e-40 1.0063926653823588e-35 4.245827334286632e-32 4.155761697869146e-28 3.19761254908769e-24 3.5488503271542153e-22 2.3624445026635854e-22
0.014610486074474885 3.2683018185107597e-41 4.49281819321682e-40 1.0534152147143744e-35 4.5460321921744644e-32 4.452692284740969e-28 3.3934940700937976e-24 3.6417749236784074e-22 2.4193395043030763e-22
0.014951152617473332 3.2390897533991644e-41 4.574966407706771e-40 1.1030662500268782e-35 4.8676383583500363e-32 4.770812465215611e-28 3.600087717111558e-24 3.736689090004463e-22 2.477513400917514e-22
0.015299762338606094 3.210638178077078e-41 4.65967054118081e-40 1.1555107995870428e-35 5.212175881388531e-32 5.111631001778501e-28 3.8178574966775304e-24 3.8336396091187984e-22 2.537010044313808e-22
0.015656500445608335 3.1829395060617574e-41 4.746983737317118e-40 1.2109250200324502e-35 5.581284292545333e-32 5.4767636707964185e-28 4.047276842739169e-24 3.9326751213546845e-22 2.5978581452123216e-22
0.016021556464625875 3.1559864800451577e-41 4.836959770323405e-40 1.2694969792314587e-35 5.976720441585079e-32 5.867940802318413e-28 4.2888279182120046e-24 4.0338451557137483e-22 2.660081804443907e-22
0.016395124340905766 3.1297721717930423e-41 4.929653068114596e-40 1.3314274953627614e-35 6.400366893427832e-32 6.287015344962497e-28 4.543000851561752e-24 4.137201825501368e-22 2.723724328864515e-22
0.016777402541834602 3.1042899822816467e-41 5.025118741488203e-40 1.3969310362645146e-35 6.854240925743707e-32 6.735971491706276e-28 4.8102928961496744e-24 4.242796083272585e-22 2.788814057504306e-22
0.017168594162379338 3.0795336420758246e-41 5.123412619498061e-40 1.4662366833926446e-35 7.340504170498679e-32 7.216933904759171e-28 5.0912075390833804e-24 4.350681475895004e-22 2.855400208888701e-22
0.01756890703298664 3.055497211952649e-41 5.22459129115903e-40 1.5395891650377397e-35 7.8614729455297e-32 7.732177580182724e-28 5.386253546918917e-24 4.460915420033616e-22 2.923481722975734e-22
0.017978553829998065 3.032175083774733e-41 5.3287121535418245e-40 1.6172499637815263e-35 8.419629325524174e-32 8.284138395570256e-28 5.695943932653481e-24 4.573550246891108e-22 2.9931426604640734e-22
0.01839775218863974 3.009561981617602e-41 5.435833466239788e-40 1.6994985035290176e-35 9.01763300530956e-32 8.875424386921853e-28 6.020794927954207e-24 4.688648010341636e-22 3.064374101582633e-22
