results/limits/Stanford_f_6_phase.dat
# %ECSV 1.0
# ---
# datatype:
# - {name: mx, unit: MeV, datatype: float64}
# - {name: sigma_6, unit: cm2, datatype: float64}
# schema: astropy-2.0
mx sigma_6
[from data line 358]
0.0012122259692915415 2.379899802960885e-18
0.0012404909310584848 2.499187923229533e-18
0.0012694149350204683 2.6216751892459254e-18
0.0012990133477864558 2.7472474481251958e-18
0.0013293018942621524 2.8757774901199967e-18
0.001360296666004259 3.0071255505885284e-18
0.001392014129769518 3.141139922349626e-18
0.0014244711362630968 3.2776576791670347e-18
0.0014576849290909482 3.416505494907716e-18
0.0014916731539209149 3.557500556398016e-18
0.0015264538678574353 3.700451558299364e-18
0.0015620455490348386 3.8451597601321705e-18
0.0015984671064343198 3.991420110377681e-18
0.0016357378899298156 4.1390224060301516e-18
0.0016738777005681136 4.28775248619277e-18
0.0017129068010886602 4.437393440051823e-18
0.0017528459266886532 4.587726820046467e-18
0.00179371629603914 4.738533844186161e-18
0.0018355396225579732 4.889596575053555e-18
0.0018783381259456144 5.040699058649114e-18
0.0019221345439899109 5.191628427159152e-18
0.001966952144646121 5.3421759365700336e-18
0.0020128147383986056 5.4921379425773e-18
0.002059746690910748 5.6413168059008355e-18
0.0021077729359698315 5.78952171576386e-18
0.0021569189887337423 5.93656943160497e-18
0.002207210959286545 6.082284933473532e-18
0.0022586755665101248 6.226501995928954e-18
0.0023113401522792685 6.369063658057234e-18
0.0023652326959877285 6.5098226108861865e-18
0.0024203818294129824 6.648641496700695e-18
0.0024768168519275916 6.785393129142514e-18
0.002534567746065232 6.919960614452295e-18
0.0025936651934496745 7.052237412996476e-18
0.0026541405910951734 7.182127324712974e-18
0.0027160260680869266 7.309544394499753e-18
0.0027793545026504624 7.434412771418451e-18
0.002844159539619031 7.556666506217143e-18
0.0029104756083082714 7.676249284551566e-18
0.0029783379408076585 7.793114150055658e-18
0.0030477825906984404 7.907223150568598e-18
0.0031188464522080173 8.018546983906297e-18
0.0031915672798109355 8.127064590989873e-18
0.0032659837082868936 8.232762759110264e-18
0.003342135273246469 8.335635668227741e-18
0.0034200624321353945 8.43568446822204e-18
0.0034998065857286074 8.53291682266498e-18
0.0035814101001254554 8.627346461259238e-18
0.003664916329257761 8.718992730028696e-18
0.0037503696379226933 8.807880140637025e-18
0.0038378154253526898 8.894037949165297e-18
0.003927300149334948 8.977499701047102e-18
0.004018871350893299 9.058302851748135e-18
0.00411257767954558 9.136488333394678e-18
0.004208468919149921 9.21210018262095e-18
0.004306596014353682 9.285185181879515e-18
0.004407011097659079 9.35579247560907e-18
0.004509767517119906 9.423973278944306e-18
0.004614919864684026 9.489780524112992e-18
0.004722524005196735 9.553268589866517e-18
0.004832637106080367 9.614493014737323e-18
0.004945317667705937 9.673510228885295e-18
0.005060625554472947 9.730377337981101e-18
0.005178622026613854 9.785151868640781e-18
0.005299369772740128 9.837891596462754e-18
0.005422932943147155 9.888654329718638e-18
0.0055493771838957115 9.937497770797637e-18
0.00567876967168809 9.984479328412336e-18
0.005811179149557424 1.0029655983721564e-17
0.0059466759633891655 1.0073084177351007e-17
0.006085332099294114 1.0114819701875088e-17
0.006227221221852859 1.0154917567865483e-17
0.006372418713251954 1.0193431950200904e-17
0.006521001713332612 1.0230416092439572e-17
0.006673049160573193 1.0265922257123934e-17
0.006828641834027273 1.0300001634233569e-17
0.006987862396239558 1.0332704338614197e-17
0.00715079543716245 1.036407933488534e-17
0.007317527519096606 1.0394174427647763e-17
0.007488147222679345 1.04230362152575e-17
0.007662745193945353 1.0450710098016007e-17
0.007841414192484688 1.0477240236206185e-17
0.008024249140723652 1.050266957346949e-17
0.008211347174354735 1.0527039794878774e-17
0.008402807693942412 1.0550391359833493e-17
0.008598732417732204 1.0572763506070443e-17
0.008799225435691074 1.0594194255419265e-17
0.009004393264807849 1.0614720389309375e-17
0.009214344905683071 1.063437752951399e-17
0.009429191900438323 1.0653200106524274e-17
0.009649048391975805 1.067122137986904e-17
0.009874031184619632 1.0688473479949625e-17
0.010104259806171096 1.0704987439931068e-17
0.01033985657141083 1.072079317280762e-17
0.010580946647081629 1.0735919518527584e-17
0.010827658118386449 1.0750394315311446e-17
0.011080122057036918 1.0764244343517165e-17
0.011338472590888495 1.0777495401223162e-17
0.01160284697519928 1.079017234889786e-17
0.01187338566555036 1.0802299053242585e-17
0.012150232392466372 1.0813898521898858e-17
0.012433534237775993 1.0824992891467003e-17
0.01272344171275288 1.0835603367205172e-17
0.013020108838078586 1.0845750392578838e-17
0.013323693225669961 1.0855453592237299e-17
0.013634356162414448 1.0864731825635484e-17
0.013952262695857842 1.0873603157171546e-17
0.014277581721889965 1.0882084969048492e-17
0.014610486074474885 1.0890193936273441e-17
0.014951152617473332 1.0897946032022661e-17
0.015299762338606094 1.0905356619429817e-17
0.015656500445608335 1.0912440412804838e-17
0.016021556464625875 1.0919211508515617e-17
0.016395124340905766 1.0925683451437886e-17
0.016777402541834602 1.093186918555605e-17
0.017168594162379338 1.0937781141971352e-17
0.01756890703298664 1.0943431244144844e-17
0.017978553829998065 1.0948830894134834e-17
0.01839775218863974 1.0953991014935833e-17
0.01882672481864659 1.0958922060726715e-17
0.01926569962258253 1.0963634077571592e-17
0.019714909816919448 1.0968136632828258e-17
0.020174594055939365 1.0972438925793839e-17
0.02064499655852557 1.0976549777831262e-17
0.021126367237910063 1.0980477574656997e-17
0.021618961834446313 1.0984230382016968e-17
0.02212304205147776 1.0987815919385884e-17
0.022638875694374342 1.0991241583299041e-17
0.0231667368128109 1.0994514402125902e-17
0.02370690584636297 1.0997641152406057e-17
0.024259669773497434 1.1000628242272564e-17
0.024825322264037063 1.1003481913577559e-17
0.025404163835180054 1.1006208073678407e-17
0.025996502011157406 1.1008812342034613e-17
0.026602651486612925 1.1011300157939414e-17
0.027222934293792744 1.1013676693924541e-17
0.027857679973633073 1.101594685808546e-17
0.02850722575083718 1.1018115415072929e-17
0.02917191671303455 1.1020186882886968e-17
0.029852105994117403 1.1022165569850138e-17
0.030548154961852016 1.1024055607305816e-17
0.031260433409864494 1.1025860929310763e-17
0.031989319754103004 1.1027585353892153e-17
0.0327352012338808 1.1029232456235103e-17
0.03349847411760691 1.1030805715607328e-17
0.034279543913313774 1.1032308381094694e-17
0.03507882558409363 1.103374367010949e-17
0.03589674376855814 1.1035114538355962e-17
0.03673373300643846 1.1036423936599224e-17
0.037590237969445384 1.1037674505967362e-17
0.038466713697512506 1.103886892881841e-17
0.03936362584054766 1.1040009729876797e-17
0.04028145090582124 1.104109934522878e-17
0.04122067651112274 1.1042140016558857e-17
0.04218180164382002 1.1043133900278817e-17
0.043165336925959 1.1044083161000256e-17
0.044171804885544536 1.1044989729743386e-17
0.04520174023414663 1.1045855600418776e-17
0.046255690150979495 1.1046682561638608e-17
0.047334214573604344 1.1047472300034048e-17
0.048437886495410414 1.1048226582340552e-17
0.04956729227003216 1.1048946916641763e-17
0.05072303192286451 1.1049634933225975e-17
0.051905719469841495 1.1050291983286881e-17
0.05311598324364777 1.1050919451129407e-17
0.05435446622753626 1.1051518766805765e-17
0.05562182639692926 1.1052091080380461e-17
0.056918737068984544 1.1052637643719073e-17
0.058245887260312136 1.1053159650697903e-17
0.05960398205303182 1.1053658169191485e-17
0.06099374296936585 1.1054134287387702e-17
0.06241590835496589 1.1054588926503995e-17
0.06387123377117784 1.1055023140353941e-17
0.06536049239645289 1.105543781615425e-17
0.06688447543711816 1.1055833842076588e-17
0.06844399254772507 1.1056211961461048e-17
0.0700398722611988 1.1056573217395009e-17
0.0716729624290174 1.1056918137261119e-17
0.07334413067165428 1.1057247552279814e-17
0.07505426483952363 1.1057562037977253e-17
0.07680427348467332 1.1057862486420767e-17
0.07859508634347626 1.1058149342253302e-17
0.08042765483057629 1.105842332363952e-17
0.08230295254435131 1.1058684945929436e-17
0.08422197578416211 1.1058934814695276e-17
0.08618574407966152 1.105917340171976e-17
0.08819530073244539 1.105940124519596e-17
0.09025171337033296 1.1059618927870787e-17
0.09235607451457113 1.1059826770349267e-17
0.09450950216026408 1.1060025159593366e-17
0.09671314037033632 1.1060214651359192e-17
0.09896815988334524 1.1060395710815917e-17
0.10127575873546546 1.1060568487474983e-17
0.10363716289697593 1.1060733556511531e-17
0.10605362692358762 1.1060891265638845e-17
0.10852643462295801 1.1061041812889125e-17
0.11105689973674641 1.1061185451866371e-17
0.11364636663857243 1.1061322726212381e-17
0.11629621104824843 1.1061453810425414e-17
0.1190078407626656 1.1061579044260236e-17
0.12178269640372161 1.1061698367151123e-17
0.12462225218368743 1.1061812759275541e-17
0.1275280166884199 1.1061921809913013e-17
0.13050153367883624 1.106202585028041e-17
0.1335443829110759 1.1062125297494264e-17
0.13665818097578622 1.1062220212036668e-17
0.13984458215697693 1.1062310991968933e-17
0.14310527931090045 1.1062397348292641e-17
0.14644200476542463 1.1062480210678378e-17
0.14985653124037576 1.1062559120341623e-17
0.15335067278934078 1.106263449413944e-17
0.1569262857634292 1.106270651756602e-17
0.1605852697975066 1.1062775288848825e-17
0.16432956881942368 1.1062840994953471e-17
0.16816117208277714 1.106290362509384e-17
0.172082115223751 1.1062963538728906e-17
0.1760944813425998 1.1063020902076247e-17
0.1802004021103484 1.1063075278365296e-17
0.18440205890129596 1.1063127450289431e-17
0.18870168395192646 1.106317732228151e-17
0.1931015615468407 1.106322483570601e-17
0.1976040292323402 1.1063270332061428e-17
0.20221147905830805 1.1063313732787567e-17
0.20692635884904578 1.1063354981452794e-17
0.21175117350374192 1.106339456367138e-17
0.2166884863272632 1.1063432245723409e-17
0.22174092039197504 1.106346841288481e-17
0.22691115993131514 1.1063502863879362e-17
0.23220195176586036 1.1063535778963962e-17
0.2376161067626448 1.1063567192641406e-17
0.24315650132850383 1.106359711231163e-17
0.24882607893823822 1.1063625921323546e-17
0.25462785169840935 1.1063653226329813e-17
0.2605649019475973 1.1063679111393157e-17
0.26664038389397104 1.1063704221079747e-17
0.27285752529104135 1.10637279078095e-17
0.2792196291524867 1.1063750733711868e-17
0.2857300755069626 1.106377243036546e-17
0.2923923231938275 1.1063793203347173e-17
0.2992099117007387 1.1063813017661059e-17
0.3061864630440946 1.1063831834728944e-17
0.31332568369332287 1.1063850231554385e-17
0.32063136654003577 1.1063867453878048e-17
0.3281073929131 1.1063883762214396e-17
0.3357577346406907 1.1063899530704565e-17
0.343586456160426 1.1063914325625777e-17
0.3515977166787018 1.1063928905156242e-17
0.359795772380376 1.1063942794720185e-17
0.368184978689974 1.1063955643389467e-17
0.3767697925856183 1.1063968050276078e-17
0.38555477496691104 1.106398027372337e-17
0.394544593078027 1.1063991588370634e-17
0.4037440229873054 1.1064002420458508e-17
0.4131579521246571 1.1064012626695699e-17
0.42279138187813525 1.1064022933643341e-17
0.43264943025104924 1.1064032137737777e-17
0.4427373345810337 1.1064041566367324e-17
0.4530604543225162 1.1064049883295262e-17
0.4636242738940635 1.1064058198118651e-17
0.47443440559211736 1.1064066041366973e-17
0.48549659257266914 1.106407342598804e-17
0.4968167119024568 1.1064080826908852e-17
0.5084007776813051 1.1064087805500981e-17
0.5202549442372687 1.1064094180605052e-17
0.5323855093962742 1.1064100275135723e-17
0.5447989178279997 1.1064106683629325e-17
0.557501764469769 1.1064111772339057e-17
0.5705007980302781 1.1064117639075345e-17
0.5838029245750183 1.1064122802262749e-17
0.5974152111952977 1.1064127850608897e-17
0.6113448897628128 1.1064132282243615e-17
0.6255993607717623 1.106413718327768e-17
0.6401861972705483 1.1064141389791916e-17
0.6551131488851486 1.106414515597724e-17
0.6703881459363026 1.1064149133031591e-17
0.686019303652694 1.1064152502913085e-17
0.7020149264823721 1.1064157074585213e-17
0.7183835125046995 1.1064160014823036e-17
0.7351337579451718 1.1064163494013228e-17
0.7522745617955077 1.106416707639098e-17
0.7698150305414633 1.1064169595255976e-17
0.7877644830008832 1.1064171830569225e-17
0.8061324552745581 1.1064175385484295e-17
0.8249287058125218 1.1064177955339923e-17
0.8441632205984669 1.106417949953457e-17
0.8638462184550629 1.1064182480445103e-17
0.8839881564729563 1.1064184395212528e-17
0.9045997355663667 1.106418723605547e-17
0.9256919061582187 1.1064189204506745e-17
0.9472758739978306 1.1064190925494198e-17
0.9693631061142522 1.106419234705314e-17
0.9919653369084147 1.1064194445113823e-17
1.0150945743873274 1.1064195958671954e-17
1.0387631065436362 1.1064198562297472e-17
1.0629835078839296 1.1064199636488254e-17
1.0877686461092637 1.1064201114794159e-17
1.1131316889514546 1.1064201870871128e-17
1.1390861111687691 1.1064203183443379e-17
1.16564570170473 1.1064205753582328e-17
1.1928245710138414 1.1064206870328115e-17
1.2206371585581264 1.1064207252064865e-17
1.2490982404784545 1.1064209649915759e-17
1.2782229374447416 1.1064210227653325e-17
1.3080267226891875 1.1064210207478175e-17
1.3385254302268237 1.1064211449332431e-17
1.369735263267732 1.1064213821939815e-17
1.4016728028254128 1.106421500574869e-17
1.4343550165258654 1.1064214018025738e-17
1.4677992676220706 1.1064216129385576e-17
1.5020233242186567 1.1064216702006079e-17
1.5370453687116559 1.1064217186854293e-17
1.5728840074483612 1.1064218116511311e-17
1.6095582806124205 1.1064219793874813e-17
1.6470876723394143 1.1064218824035606e-17
1.6854921210682972 1.106421978974396e-17
1.7247920301341966 1.1064221549402763e-17
1.7650082786082029 1.106421970778289e-17
1.8061622323899016 1.1064221048915312e-17
1.848275755558551 1.1064223583767453e-17
1.8913712219889245 1.106422218490187e-17
1.935471527238 1.1064222756527817e-17
1.9806001007088037 1.1064223415680581e-17
2.0267809180978715 1.1064224674836889e-17
2.0740385141329463 1.1064225722010179e-17
2.1223979956076717 1.1064224038234566e-17
2.171885054720213 1.1064225394275402e-17
2.222525982722885 1.1064223919935047e-17
2.274347683890048 1.10642271521731e-17
2.327377689811681 1.1064227540963146e-17
2.3816441740202396 1.1064225170041521e-17
2.437175966958554 1.1064225560176916e-17
2.4940025712967335 1.1064225754941721e-17
2.552154177606206 1.1064226553601267e-17
2.611661680399223 1.1064227196364274e-17
2.6725566945423505 1.1064227800063349e-17
2.7348715720526675 1.106422629453653e-17
2.7986394192855935 1.1064228385685016e-17
2.863894114523477 1.1064227759695903e-17
2.9306703259742912 1.1064228041844304e-17
2.999003530189995 1.106422813161771e-17
3.068930030914351 1.1064230831999578e-17
3.1404869783702067 1.1064228015702602e-17
3.21371238899649 1.1064227976885256e-17
3.2886451656454048 1.1064229472628707e-17
3.3653251182505572 1.106422850054228e-17
3.443792984976987 1.106422702896333e-17
3.5240904538643507 1.1064230922211443e-17
3.6062601849747473 1.1064230550523886e-17
3.6903458330569543 1.1064228416984664e-17
3.77639207073912 1.1064231643093587e-17
3.8644446122622242 1.1064229575460786e-17
3.9545502377669295 1.1064231285278862e-17
4.046756818146711 1.1064231652854107e-17
4.141113340480481 1.1064234479202657e-17
4.237669934058216 1.1064228180887359e-17
4.336477897013409 1.1064230048126081e-17
4.437589723576497 1.1064231710704057e-17
4.541059131963759 1.1064232151513264e-17
4.646941092916466 1.1064232836861572e-17
4.755291858905486 1.1064230232941952e-17
4.866168994016832 1.1064226846335047e-17
4.979631404534034 1.1064233006197113e-17
5.0957393702336 1.1064230227674469e-17
5.214554576410165 1.1064232115819006e-17
5.336140146648369 1.1064229152401419e-17
5.4605606763588606 1.1064229445330767e-17
5.587882267096237 1.1064237432839399e-17
5.718172561677172 1.1064228726943741e-17
5.851500780117376 1.1064232564658243e-17
5.987937756406471 1.106423098143343e-17
6.127555976140354 1.1064226701124632e-17
6.270429615030991 1.1064235337226341e-17
6.416634578314149 1.1064235998953797e-17
6.566248541075969 1.1064230133639116e-17
6.719350989519823 1.1064235794573207e-17
