results/limits/Stanford_h_phase.dat
# %ECSV 1.0
# ---
# datatype:
# - {name: mx, unit: MeV, datatype: float64}
# - {name: sigma, unit: cm2 MeV4, datatype: float64}
# schema: astropy-2.0
mx sigma
[from data line 2172]
0.029915425131895435 3.0018710155881045e-09
0.030025863027793583 3.046444765832117e-09
0.030136708624026814 3.091680367680403e-09
0.030247963425690475 3.1375876644154037e-09
0.030359628943436225 3.184176615770863e-09
0.030471706693492532 3.2314573553518064e-09
0.030584198197685358 3.2794401533302275e-09
0.030697104983458665 3.328135428978962e-09
0.030810428583895256 3.3775537631364732e-09
0.030924170537737546 3.427705888802497e-09
0.031038332389408577 3.478602708440065e-09
0.03115291568903279 3.5302552767761296e-09
0.031267921992457204 3.5826748279011547e-09
0.03138335286127252 3.6358727282957004e-09
0.0314992098628343 3.6898605333645485e-09
0.03161549457028432 3.744649993961388e-09
0.03173220856257183 3.800253017551847e-09
0.031849353424475035 3.856681656159554e-09
0.03196693074662264 3.913948199461226e-09
0.032084942125515395 3.972065056460775e-09
0.03220338916354788 4.031044872311343e-09
0.032322273469030126 4.0909004639064585e-09
0.03244159665620952 4.151644835699607e-09
0.03256136034529272 4.213291182028767e-09
0.03268156616246764 4.275852884760696e-09
0.032802215739925616 4.339343557241599e-09
0.032923310715883426 4.403776954617914e-09
0.03304485273460562 4.4691671108438114e-09
0.03316684344642683 4.535528231254618e-09
0.033289284507774144 4.602874727728341e-09
0.033412177581189764 4.6712212283959055e-09
0.03353552433535331 4.7405825820773e-09
0.03365932644510467 4.8109738479115e-09
0.03378358559146665 4.882410342235413e-09
0.03390830346166796 4.9549075674338834e-09
0.034033481749165866 5.028481269384737e-09
0.034159122153669376 5.103147457752072e-09
0.03428522638116226 5.178922319754169e-09
0.0344117961439262 5.255822340322778e-09
0.03453883316056412 5.333864244034976e-09
0.0346663391560234 5.413064947669554e-09
0.03479431586161937 5.493441691042176e-09
0.0349227650150588 5.575011899664348e-09
0.0350516883604635 5.657793318682394e-09
0.035181087648394054 5.7418039403600485e-09
0.03531096463587348 5.8270620112813876e-09
0.03544132108641117 5.913586030705038e-09
0.03557215877002679 6.00139483019695e-09
0.03570347946327434 6.090507463946713e-09
0.035835284949266334 6.180943308499843e-09
0.035967577017697885 6.272721992436746e-09
0.03610035746487107 6.365863486949152e-09
0.036233628093719356 6.460387984732757e-09
0.03636739071383197 6.556316070709609e-09
0.0365016471414787 6.653668534833277e-09
0.03663639919963426 6.752466549623473e-09
0.036771648718003244 6.8527315980565895e-09
0.0369073975330449 6.954485442122556e-09
0.037043647487998044 7.05775019531432e-09
0.037180400432906234 7.162548283649386e-09
0.03731765822464267 7.26890248977904e-09
0.03745542272693556 7.376835939908791e-09
0.03759369581039333 7.48637203347638e-09
0.0377324793525302 7.597534572012867e-09
0.03787177523779144 7.710347746323574e-09
0.038011585357579106 7.824835999369984e-09
0.03815191161027769 7.941024314039924e-09
0.038292755901279854 8.058937829393605e-09
0.03843412014301245 8.178602231918272e-09
0.03857600625496228 8.30004343408865e-09
0.03871841616370229 8.423287913478396e-09
0.0388613518029177 8.548362417042418e-09
0.039004815113432206 8.675294083898745e-09
0.039148808043234534 8.804110530895614e-09
0.03929333254750459 8.934839723674454e-09
0.03943839058864023 9.06751007206999e-09
0.03958398413628382 9.202150424725006e-09
0.03973011516734895 9.338789965801458e-09
0.03987678566604746 9.477458400452607e-09
0.040023997623916126 9.618185935383285e-09
0.04017175303984384 9.761003061522402e-09
0.04032005392009877 9.905940799025203e-09
0.040468902278355486 1.0053030717301853e-08
0.040618300135722527 1.0202304674734301e-08
0.04076824952076957 1.03537951643671e-08
0.04091875246955515 1.0507535088285567e-08
0.04106981102565425 1.0663557883674009e-08
0.041221427240186015 1.0821897360725408e-08
0.041373603171841786 1.098258798540038e-08
0.04152634088691278 1.1145664642624455e-08
0.04167964245931833 1.1311162764548286e-08
0.041833509970633925 1.1479118266939584e-08
0.041987945510119716 1.1649567754717398e-08
0.042142951174748554 1.1822548165824217e-08
0.04229852906923468 1.19980970707345e-08
0.04245468130606224 1.2176252690449482e-08
0.04261141000551394 1.2357053713441543e-08
0.0427687172957 1.2540539296077126e-08
0.04292660531258677 1.2726749416482197e-08
0.04308507620002597 1.2915724551291582e-08
0.04324413210978367 1.310750567306053e-08
0.04340377520156955 1.3302134450407863e-08
0.043564007643066324 1.3499653242979805e-08
0.043724831609958964 1.3700104960801109e-08
0.04388624928596438 1.3903533124246986e-08
0.04404826286286107 1.4109981826612603e-08
0.044210874540518794 1.43194961339671e-08
0.04437408652692865 1.4532121320263407e-08
0.04453790103823276 1.4747903832384485e-08
0.044702320298754594 1.4966890283397645e-08
0.04486734654102905 1.518912851545886e-08
0.045032982005832785 1.5414666602904124e-08
0.04519922894221481 1.5643553674826078e-08
0.04536608960752672 1.5875839398717094e-08
0.045533566267453585 1.6111574284136007e-08
0.04570166119604462 1.6350809433060646e-08
0.04587037667574404 1.659359693401948e-08
0.04603971499742223 1.6839989575757008e-08
0.04620967846040657 1.7090040764934946e-08
0.04638026937251285 1.7343804874579226e-08
0.04655149005007651 1.760133703408959e-08
0.04672334281798429 1.7862693190042563e-08
0.04689583000970547 1.8127930198399534e-08
0.04706895396732382 1.8397105500597593e-08
0.04724271704156928 1.8670277834909715e-08
0.047417121591849874 1.894750625861494e-08
0.04759216998628393 1.9228851210567555e-08
0.04776786460173194 1.9514373832701175e-08
0.04794420782382904 1.980413601797854e-08
0.04812120204701733 2.009820082943377e-08
0.048298849674578356 2.0396632112458333e-08
0.04847715311866594 2.0699494676846417e-08
0.04865611480033864 2.100685432078772e-08
0.04883573714959281 2.1318777710813554e-08
0.04901602260539553 2.1635332834624254e-08
0.049196973615717725 2.195658854680741e-08
0.04937859263756755 2.22826143247652e-08
0.04956088213702349 2.2613481094710195e-08
0.04974384458926801 2.2949260880395933e-08
0.04992748247862115 2.3290026533080927e-08
0.050111798298574185 2.3635852166683785e-08
0.0502967945518237 2.3986812696313372e-08
0.05048247375030524 2.434298458424942e-08
0.05066883841522765 2.470444519276988e-08
0.05085589107710725 2.507127293073259e-08
0.05104363427580214 2.5443547651897213e-08
0.05123207056054689 2.582135004597631e-08
0.05142120248998686 2.620476232275296e-08
0.051611032632213116 2.659386780030475e-08
0.051801563564797246 2.6988751010918097e-08
0.05199279787482652 2.738949754054373e-08
0.052184738158938725 2.779619476856624e-08
0.052377387023357654 2.8208930931871376e-08
0.052570747083928386 2.8627795585563727e-08
0.052764820966152814 2.9052879761411214e-08
0.05295961130522546 2.9484275958822562e-08
0.05315512074606897 2.992207773503432e-08
0.05335135194337023 3.0366380399266474e-08
0.053548307561616326 3.081728033731454e-08
0.05374599027513073 3.127487546795248e-08
0.05394440276810979 3.1739265265795735e-08
0.05414354773465885 3.221055071976719e-08
0.05434342787882907 3.268883399791734e-08
0.05454404591465407 3.3174219040047496e-08
0.05474540456618673 3.366681170864973e-08
0.05494750656753641 3.416671862913164e-08
0.05515035466290572 3.4674048326321334e-08
0.055353951606628045 3.518891128767632e-08
0.055558300163204836 3.571141944576757e-08
0.055763403107343124 3.624168585604612e-08
0.05596926322399342 3.6779826117802325e-08
0.05617588330838718 3.732595708942869e-08
0.05638326616607499 3.788019724284304e-08
0.0565914146129646 3.8442667278794236e-08
0.05680033147535912 3.90134892101128e-08
0.0570100195899956 3.9592787133231e-08
0.05722048180408323 4.018068684483467e-08
0.057431720975342195 4.077731580632687e-08
0.0576437399720424 4.138280385040364e-08
0.057856541673042626 4.1997283034241184e-08
0.05807012896782928 4.2620885973682645e-08
0.05828450475655587 4.32537487948479e-08
0.05849967195008229 4.38960088538317e-08
0.05871563347001432 4.4547805707564516e-08
0.05893239224874355 4.520928051203202e-08
0.059149951229486776 4.588057751040479e-08
0.05936831336632627 4.656184238134847e-08
0.05958748162424979 4.725322315841393e-08
0.059807458979190785 4.795486981089424e-08
0.06002824841806907 4.8666935069769744e-08
0.060249852938831 4.938957347141085e-08
0.060472275550490395 5.012294236169253e-08
0.06069551927316939 5.086720060884098e-08
0.060919587138139344 5.1622510005018426e-08
0.06114448218786227 5.238903499235274e-08
0.06137020747603174 5.3166941680033917e-08
0.06159676606761463 5.3956399165422294e-08
0.061824161038892676 5.475757904914429e-08
0.062052395477504144 5.557065542614152e-08
0.06228147248248606 5.639580492869637e-08
0.06251139516431586 5.723320678509865e-08
0.06274216664495393 5.808304288248728e-08
0.06297379005788588 5.89454978899004e-08
0.06320626854816505 5.98207590365642e-08
0.0634396052724555 6.070901681524467e-08
0.06367380339907443 6.161046425536435e-08
0.06390886610803552 6.25252967413363e-08
0.06414479659109193 6.345371331783598e-08
0.06438159805177991 6.43959156703543e-08
0.06461927370546194 6.535210811853236e-08
0.06485782677937059 6.63224991574954e-08
0.06509726051265233 6.730729894419075e-08
0.06533757815641143 6.830672174584626e-08
0.06557878297375436 6.93209846636688e-08
0.0658208782398337 7.03503079814248e-08
0.06606386724189288 7.139491509521582e-08
0.06630775327931075 7.245503337260918e-08
0.06655253966364634 7.353089331214507e-08
0.06679822971868403 7.462272866367436e-08
0.06704482678047832 7.57307753259489e-08
0.06729233419739941 7.685527577843261e-08
0.06754075533017857 7.799647286160987e-08
0.06779009355195373 7.915461566882296e-08
0.0680403522483155 8.032995538241537e-08
0.06829153481735281 8.152274719657742e-08
0.06854364466969927 8.2733250234685e-08
0.0687966852285794 8.396172758034867e-08
0.06905065992985512 8.520844589470121e-08
0.0693055722220726 8.647367708447583e-08
0.0695614255665087 8.775769520768249e-08
0.06981822343721822 8.906077833340527e-08
0.07007596932108105 9.038321101344012e-08
0.07033466671784945 9.17252805296012e-08
0.07059431914019577 9.308727719461812e-08
0.07085493011375982 9.446949808825458e-08
0.07111650317719695 9.58722429988806e-08
0.071379041882226 9.729581633071537e-08
0.07164254979367782 9.87405282746988e-08
0.07190703048954318 1.002066930834978e-07
0.07217248756102174 1.0169462752948769e-07
0.07243892461257065 1.0320465532383812e-07
0.07270634526195348 1.0473710588998507e-07
0.07297475314028957 1.0629231156223473e-07
0.07324415189210298 1.0787060830797642e-07
0.07351454517537222 1.0947234223820287e-07
0.07378593666157983 1.1109785973763062e-07
0.07405833003576218 1.1274751356261461e-07
0.07433172899655983 1.1442166200579007e-07
0.07460613725626726 1.1612066969197896e-07
0.0748815585408836 1.1784490530170254e-07
0.07515799659016315 1.1959474366267382e-07
0.07543545515766602 1.2137056546357803e-07
0.07571393801080954 1.2317275407322186e-07
0.07599344893091883 1.2500170450440583e-07
0.07627399171327849 1.268578112220323e-07
0.07655557016718408 1.2874147951349437e-07
0.0768381881159937 1.3065311730868416e-07
0.07712184939718035 1.3259313994074425e-07
0.07740655786238339 1.3456196870041917e-07
0.0776923173774613 1.365600334581497e-07
0.07797913182254392 1.385877657614252e-07
0.07826700509208553 1.4064560813624137e-07
0.07855594109491719 1.427340062528216e-07
0.07884594375430015 1.4485341507361254e-07
0.07913701700797905 1.470042926029625e-07
0.07942916480823534 1.491871075869876e-07
0.07972239112194118 1.514023369025322e-07
0.0800166999306129 1.5365045689264378e-07
0.08031209523046537 1.5593195962401715e-07
0.08060858103246615 1.5824734002942255e-07
0.08090616136238989 1.6059709963169865e-07
0.08120484026087334 1.6298175013504918e-07
0.08150462178346966 1.6540180959572244e-07
0.08180551000070391 1.6785780579218516e-07
0.08210750899812816 1.703502663781092e-07
0.0824106228763769 1.7287974024605786e-07
0.08271485575122312 1.754467703715988e-07
0.08302021175363353 1.780519190445125e-07
0.0833266950298252 1.8069575094415434e-07
0.08363430974132162 1.833788397119062e-07
0.08394306006500915 1.861017697420708e-07
0.08425295019319413 1.8886512917837384e-07
0.08456398433365926 1.9166952302445594e-07
0.08487616670972103 1.9451555613561429e-07
0.08518950156028708 1.9740385105701673e-07
0.08550399313991355 2.0033503318475002e-07
0.08581964571886333 2.0330973833959741e-07
0.0861364635831634 2.0632861415010916e-07
0.08645445103466345 2.0939231573706216e-07
0.08677361239109409 2.125015117105652e-07
0.08709395198612584 2.156568725623291e-07
0.08741547416942741 2.1885908670511605e-07
0.0877381833067252 2.2210884886867617e-07
0.08806208377986238 2.2540686680324758e-07
0.08838717998685837 2.287538552282367e-07
0.0887134763419689 2.3215054246778896e-07
0.08904097727574542 2.3559766671354807e-07
0.08936968723509557 2.3909597417161335e-07
0.08969961068334356 2.4264622744617364e-07
0.0900307521002906 2.4624919685044873e-07
0.09036311598227612 2.4990566703225983e-07
0.09069670684223828 2.5361643048458547e-07
0.09103152920977564 2.573822936783591e-07
0.09136758763120853 2.612040748656741e-07
0.09170488666964068 2.6508260281419205e-07
0.09204343090502162 2.6901872143957466e-07
0.09238322493420822 2.7301328767415405e-07
0.09272427337102758 2.7706716811312896e-07
0.09306658084633947 2.8118124393274775e-07
0.0934101520080992 2.853564064495957e-07
0.09375499152142111 2.8959356549223176e-07
0.09410110406864126 2.938936414452293e-07
0.09444849434938153 2.982575669222064e-07
0.09479716708061317 3.026862886956399e-07
0.0951471269967209 3.0718077336416225e-07
0.0954983788495675 3.1174199451560875e-07
0.09585092740855775 3.1637094037593883e-07
0.09620477746070362 3.2106862552425123e-07
0.09655993381068906 3.258360608861617e-07
0.09691640128093561 3.3067429281752337e-07
0.09727418471166731 3.35584357497348e-07
0.09763328896097682 3.4056733363652985e-07
0.09799371890489128 3.456242988550121e-07
0.0983554794374384 3.5075635607898944e-07
0.09871857547071332 3.5596461722443015e-07
0.09908301193494475 3.6125021491695993e-07
0.09944879377856226 3.66614291493475e-07
0.0998159259682634 3.720580213222571e-07
0.10018441348908101 3.775825814725451e-07
0.10055426134445149 3.8318917481590825e-07
0.10092547455628148 3.888790177587812e-07
0.10129805816501752 3.946533484896124e-07
0.10167201722971382 4.005134210507593e-07
0.10204735682810032 4.064605065088876e-07
0.10242408205665306 4.1249589568370467e-07
0.10280219803066182 4.186209083330963e-07
0.10318170988430093 4.2483686327636953e-07
0.10356262277069843 4.311451239776833e-07
0.10394494186200536 4.37547047686093e-07
0.10432867234946745 4.440440264996031e-07
0.10471381944349403 4.506374832734288e-07
0.10510038837373013 4.5732884532601025e-07
0.10548838438912692 4.641195650220346e-07
0.1058778127580123 4.7101111490352724e-07
0.10626867876816401 4.780049981699377e-07
0.10666098772687962 4.851027244800729e-07
0.10705474496105018 4.923058512031339e-07
0.10744995581723184 4.99615929108526e-07
0.10784662566171781 5.070345541552087e-07
0.10824475988061279 5.145633348565426e-07
0.10864436387990432 5.222039081986209e-07
0.10904544308553772 5.29957933643018e-07
0.10944800294348911 5.378270975742682e-07
0.10985204891983871 5.45813102019203e-07
0.11025758650084658 5.539176955004072e-07
0.11066462119302534 5.621426282016444e-07
0.11107315852321656 5.704896899546729e-07
0.11148320403866506 5.789606959108769e-07
0.11189476330709357 5.875574752001037e-07
0.11230784191677994 5.962819252703345e-07
0.11272244547663118 6.051359000853934e-07
0.11313857961626127 6.141213529501708e-07
0.1135562499860668 6.232402335011293e-07
0.11397546225730311 6.324945125178889e-07
0.11439622212216265 6.418862037085716e-07
0.11481853529385154 6.51417350033808e-07
0.11524240750666649 6.610900247778101e-07
0.1156678445160743 6.709063266145751e-07
0.11609485209878807 6.80868372778946e-07
0.1165234360528474 6.909783525296064e-07
0.11695360219769627 7.012384490855622e-07
0.11738535637426145 7.116509046746391e-07
0.11781870444503345 7.222179578088216e-07
0.11825365229414421 7.329419257579e-07
0.11869020582744863 7.438251293677496e-07
0.11912837097260412 7.548699294531435e-07
0.1195681536791503 7.660787311871632e-07
