results/limits/Stanford_l.dat
# %ECSV 1.0
# ---
# datatype:
# - {name: mx, unit: MeV, datatype: float64}
# - {name: sigma_10, unit: cm2, datatype: float64}
# - {name: sigma_9, unit: cm2, datatype: float64}
# - {name: sigma_7, unit: cm2, datatype: float64}
# - {name: sigma_6, unit: cm2, datatype: float64}
# - {name: sigma_5, unit: cm2, datatype: float64}
# - {name: sigma_4, unit: cm2, datatype: float64}
# - {name: sigma_3, unit: cm2, datatype: float64}
# - {name: sigma_2, unit: cm2, datatype: float64}
# schema: astropy-2.0
mx sigma_10 sigma_9 sigma_7 sigma_6 sigma_5 sigma_4 sigma_3 sigma_2
[from data line 318]
0.00048215112361018567 1.2178962217329196e-43 2.303810150000813e-43 5.393151768438634e-41 6.849582001075324e-39 7.356756568930195e-36 6.162237858998259e-32 8.589397975401431e-29 2.0409980959445447e-28
0.0004933932380508582 1.1958079063468149e-43 2.2713568229041555e-43 5.518591153731115e-41 7.064955462782199e-39 7.837923209062825e-36 6.602824978971352e-32 9.196978923294118e-29 2.180594153174479e-28
0.0005048974801334842 1.1741467009628848e-43 2.239526154252009e-43 5.64710381409239e-41 7.288660365580482e-39 8.352287533951132e-36 7.074932359713566e-32 9.847173536917889e-29 2.3294296232333093e-28
0.0005166699617777604 1.1529041459877287e-43 2.208307147050552e-43 5.778766201872177e-41 7.521090725043723e-39 8.902196718310516e-36 7.580814998932918e-32 1.0542926942869238e-28 2.4880829982539755e-28
0.0005287169374124361 1.1320719530728063e-43 2.17768903577559e-43 5.913656991829472e-41 7.762662182333012e-39 9.4901654192579e-36 8.122889163116089e-32 1.128738273941225e-28 2.6571722253263715e-28
0.0005410448072981404 1.111642001606314e-43 2.147661282236703e-43 6.051857151452438e-41 8.013813317803029e-39 1.0118887752623476e-35 8.703743912606115e-32 1.2083894947487705e-28 2.8373176852565056e-28
0.0005536601209276797 1.0916063352778734e-43 2.1182135715410314e-43 6.193450014566074e-41 8.275007050546779e-39 1.0791250125975967e-35 9.326153449511673e-32 1.2936043253256973e-28 3.029228067631499e-28
0.0005665695805056229 1.0719571587144929e-43 2.0893358081551998e-43 6.338521358360822e-41 8.546732129828815e-39 1.151034498969255e-35 9.993090346468323e-32 1.3847644714830164e-28 3.233580385879787e-28
0.0005797800445090163 1.0526868341863335e-43 2.0610181120640084e-43 6.487159483981034e-41 8.82950472478475e-39 1.227948557179589e-35 1.0707739719830205e-31 1.4822771983993223e-28 3.451169909911709e-28
0.0005932985313311235 1.033787878380798e-43 2.0332508150244686e-43 6.639455300819209e-41 9.123870119225363e-39 1.310222166698772e-35 1.1473514413444632e-31 1.5865765520064816e-28 3.6827362140454413e-28
0.000607132223010125 1.0152529592435284e-43 2.006024456913945e-43 6.79550241467005e-41 9.430404518877411e-39 1.3982356555351266e-35 1.229407126619556e-31 1.6981254531170542e-28 3.9291606782890626e-28
0.0006212884690447563 9.970748928849307e-44 1.9793297821711028e-43 6.955397219907516e-41 9.74971697892356e-39 1.4923965131598912e-35 1.3173328539047974e-31 1.817417073930678e-28 4.191276521299654e-28
0.0006357747902989163 9.792466405508324e-44 1.9531577363284815e-43 7.119238995858297e-41 1.0082451460273314e-38 1.5931413331532063e-35 1.411548458537473e-31 1.9449770149892168e-28 4.470023020075198e-28
0.0006505988829973161 9.617613056559566e-44 1.927499462635536e-43 7.287130007555922e-41 1.0429289023608111e-38 1.700937894858496e-35 1.5125037851953393e-31 2.0813651159923875e-28 4.766359964262255e-28
0.0006657686228142928 9.446121308788883e-44 1.9023462987710688e-43 7.459175611071459e-41 1.0790950170899916e-38 1.816287393997315e-35 1.6206808305724026e-31 2.2271774845372877e-28 5.081265762021702e-28
0.0006812920690579615 9.277924953172677e-44 1.8776897736439946e-43 7.635484363629455e-41 1.1168197344807684e-38 1.9397268329092026e-35 1.7365960387801953e-31 2.3830489585551853e-28 5.415851430329638e-28
0.0006971774689519261 9.112959117019302e-44 1.8535216042814445e-43 7.816168138730452e-41 1.156183759711195e-38 2.0718315818444596e-35 1.8608027602207517e-31 2.5496548337764656e-28 5.771123477890329e-28
0.0007134332620168255 8.9511602366879975e-44 1.829833692803287e-43 8.001342246515618e-41 1.1972725438160444e-38 2.2132181235559137e-35 1.9938938857334904e-31 2.7277140888199054e-28 6.148345869093994e-28
0.0007300680845540431 8.792466030872983e-44 1.8066181234822074e-43 8.19112555962341e-41 1.2401765880169213e-38 2.364546994312248e-35 2.1365046681732038e-31 2.9179908805336356e-28 6.548589927605695e-28
0.0007470907742339592 8.636815474441119e-44 1.783867159888436e-43 8.385640644803078e-41 1.284991768815957e-38 2.5265259353948653e-35 2.2893157450659066e-31 3.1212982783569624e-28 6.973227620236924e-28
0.0007645103747911887 8.484148772811658e-44 1.7615732421184595e-43 8.585013900566133e-41 1.3318196853315938e-38 2.699913270146733e-35 2.4530563762224344e-31 3.3384999333960004e-28 7.4234465274338115e-28
0.0007823361408292924 8.33440733686663e-44 1.7397289841069117e-43 8.789375701173252e-41 1.38076803046278e-38 2.88552152272029e-35 2.628507911925494e-31 3.570513957948243e-28 7.900703898412098e-28
0.00080057754273752 8.187533758380984e-44 1.7183271710210106e-43 8.998860547271524e-41 1.4319509875836426e-38 3.084221295827181e-35 2.8165075076642543e-31 3.818314932793156e-28 8.40628573928831e-28
0.0008192442717221943 8.043471785961634e-44 1.6973607567369373e-43 9.213607223515402e-41 1.4854896545949104e-38 3.296945426031122e-35 3.01795210323584e-31 4.08293808514258e-28 8.941774200372642e-28
0.0008383462449554094 7.902166301484738e-44 1.6768228613975885e-43 9.433758963523858e-41 1.541512497291646e-38 3.524693436452191e-35 3.233802684540313e-31 4.365481322084779e-28 9.5085298501317e-28
0.0008578936108437789 7.763563297020971e-44 1.6567067690512088e-43 9.659463622546389e-41 1.6001558341499323e-38 3.7685363081730206e-35 3.465088848492679e-31 4.667109859051008e-28 1.0108222851233622e-27
0.0008778967544200344 7.627609852238615e-44 1.6370059253704628e-43 9.890873858232007e-41 1.6615643547885666e-38 4.0296215931610894e-35 3.7129136920567477e-31 4.989058730062664e-28 1.0742434778480628e-27
0.000898366302860337 7.494254112274515e-44 1.617713935451554e-43 1.0128147319917482e-40 1.7258916745265545e-38 4.309178893154257e-35 3.978459048621304e-31 5.332636666003649e-28 1.1412769199970074e-27
0.0009193131311302326 7.36344526606316e-44 1.5988245616930811e-43 1.0371446846875133e-40 1.7933009276338563e-38 4.60852573070636e-35 4.26299109613083e-31 5.699230102495676e-28 1.2120973244160042e-27
0.0009407483677622533 7.235133525114537e-44 1.580331721754341e-43 1.0620940675985197e-40 1.863965402062305e-38 4.929073840464783e-35 4.567866363141861e-31 6.090306610065092e-28 1.2868780907493696e-27
0.000962683400768232 7.109270102731216e-44 1.562229486592881e-43 1.0876802659324143e-40 1.938069218646965e-38 5.272335910760851e-35 4.894538160987084e-31 6.507419053935103e-28 1.3658001132067186e-27
0.000985129883689471 6.985807193655711e-44 1.544512078581147e-43 1.1139212492188447e-40 2.0158080579861625e-38 5.639932807746919e-35 5.2445634719833575e-31 6.952209496555437e-28 1.4490483612532328e-27
0.0010080997417879817 6.864697954139189e-44 1.527173869702151e-43 1.1408355952102812e-40 2.0973899384422753e-38 6.033601316621079e-35 5.6196103258230155e-31 7.426413121314985e-28 1.5368069880310838e-27
0.0010316051783820807 6.745896482422778e-44 1.510209379824099e-43 1.1684425149392614e-40 2.1830360489560854e-38 6.455202436952243e-35 6.021465698568352e-31 7.931862942207156e-28 1.6292719287702586e-27
0.0010556586813297128 6.629357799622767e-44 1.493613275054055e-43 1.196761878993422e-40 2.2729816406362823e-38 6.906730271767629e-35 6.452043970856677e-31 8.470493892654087e-28 1.7266372763830587e-27
0.0010802730296629402 6.515037831011711e-44 1.4773803661706975e-43 1.2258142450730975e-40 2.3674769813739627e-38 7.390321552902832e-35 6.913395984526785e-31 9.04434553094745e-28 1.8290967291191654e-27
0.001105461300377127 6.402893387686834e-44 1.4615056071363678e-43 1.2556208869000444e-40 2.466788378040925e-38 7.908265848156743e-35 7.407718740330242e-31 9.655570444922794e-28 1.9368583161690693e-27
0.0011312368753784248 6.292882148617985e-44 1.445984093688608e-43 1.286203824549728e-40 2.571199271161652e-38 8.463016499052273e-35 7.937365780108247e-31 1.0306431947002646e-27 2.050129192238873e-27
0.0011576134485932472 6.184962643067193e-44 1.4308110620114948e-43 1.3175858562838333e-40 2.681011407303893e-38 9.057202341496996e-35 8.504858303882977e-31 1.0999317139338328e-27 2.1691176336913507e-27
0.0011846050332435167 6.079094233372179e-44 1.4159818874871182e-43 1.3497905919640124e-40 2.7965460948130537e-38 9.693640265379493e-35 9.112897069966937e-31 1.1736731178179432e-27 2.2940145653846514e-27
0.0012122259692915415 5.975237098086301e-44 1.4014920835276573e-43 1.382842488132652e-40 2.9181455489232084e-38 1.0375348673148012e-34 9.764375136607935e-31 1.2521311560635515e-27 2.425042534045623e-27
0.0012404909310584848 5.87335221546752e-44 1.3873373004884998e-43 1.4167668848513338e-40 3.046174332714256e-38 1.1105561901714299e-34 1.0462391500084264e-30 1.3355823536052509e-27 2.5624165110793813e-27
0.0012694149350204683 5.773401347309318e-44 1.373513324663029e-43 1.4515900443930358e-40 3.1810209008525797e-38 1.1887745676630925e-34 1.1210265695053058e-30 1.424316996042431e-27 2.706345564357658e-27
0.0012990133477864558 5.675347023106346e-44 1.360016077359659e-43 1.4873391918896367e-40 3.3230992535538335e-38 1.2725613672423174e-34 1.201155342196661e-30 1.5186393610766193e-27 2.8570380056485453e-27
0.0013293018942621524 5.579152524548068e-44 1.3468416140618613e-43 1.5240425580423246e-40 3.4728507087432466e-38 1.3623145258244341e-34 1.2870063273443843e-30 1.618867679383736e-27 3.0147021442097236e-27
0.001360296666004259 5.484781870333512e-44 1.3339861236719387e-43 1.5617294240087684e-40 3.630745800964058e-38 1.4584604513688035e-34 1.3789874637690405e-30 1.7253355470560638e-27 3.1795478500545136e-27
0.001392014129769518 5.392199801300663e-44 1.3214459278394127e-43 1.6004301685877015e-40 3.797286316200355e-38 1.5614560605660614e-34 1.4775356856066913e-30 1.8383904364243322e-27 3.351789259668665e-27
0.0014244711362630968 5.301371765863807e-44 1.3092174803749277e-43 1.640176317828635e-40 3.973007472440356e-38 1.6717909623723411e-34 1.5831189729072352e-30 1.9583964361397293e-27 3.531631356976734e-27
0.0014576849290909482 5.212263905752807e-44 1.2972973667506952e-43 1.6810005972021059e-40 4.1584802565123434e-38 1.789989797828099e-34 1.6962385454000136e-30 2.085731784400499e-27 3.719275777669305e-27
0.0014916731539209149 5.124843042047816e-44 1.2856823036885209e-43 1.722936986473827e-40 4.354313928481884e-38 1.9166147473463438e-34 1.8174312104153127e-30 2.2207916448871958e-27 3.914922713548037e-27
0.0015264538678574353 5.039076661503562e-44 1.2743691388365922e-43 1.7660207774348385e-40 4.561158705708772e-38 2.052268217455006e-34 1.947271874495319e-30 2.363986032458405e-27 4.118776985603092e-27
0.0015620455490348386 4.954932903157158e-44 1.2633548505362157e-43 1.8102886346487569e-40 4.779708639529313e-38 2.197595719835889e-34 2.086376230920114e-30 2.5157418673153755e-27 4.3310338347919366e-27
0.0015984671064343198 4.872380545213718e-44 1.252636547679823e-43 1.855778659387047e-40 5.010704698457926e-38 2.3532889564212368e-34 2.2354036343462016e-30 2.676501216606495e-27 4.5518765783883436e-27
0.0016357378899298156 4.791388992204012e-44 1.242211469661612e-43 1.9025304569335697e-40 5.254938072796286e-38 2.520089125293613e-34 2.3950601762100657e-30 2.8467233115058152e-27 4.781485479789545e-27
0.0016738777005681136 4.711928262408662e-44 1.2320769864222588e-43 1.9505852074506486e-40 5.513253716602199e-38 2.6987904631895444e-34 2.5661019736547078e-30 3.0268818667763927e-27 5.02005021873844e-27
0.0017129068010886602 4.633968975543413e-44 1.2222305985892267e-43 1.999985740610656e-40 5.786554144110258e-38 2.890244041537815e-34 2.7493386877280105e-30 3.217468152042481e-27 5.2677471410966956e-27
0.0017528459266886532 4.557482340700147e-44 1.2126699377142718e-43 2.0507766142097025e-40 6.075803498916075e-38 3.095361834174316e-34 2.9456372850699094e-30 3.4189880258211564e-27 5.524749666085338e-27
0.00179371629603914 4.4824401445384434e-44 1.2033927666097861e-43 2.103004196993153e-40 6.382031915542183e-38 3.3151210761731372e-34 3.1559260607378826e-30 3.631962628625211e-27 5.7912304660118596e-27
0.0018355396225579732 4.4088147397226004e-44 1.1943969797857408e-43 2.1567167559371032e-40 6.706340194402243e-38 3.550568934624134e-34 3.381198939370465e-30 3.8569288260360965e-27 6.06734289474628e-27
0.0018783381259456144 4.336579033599067e-44 1.1856806039890082e-43 2.2119645482449656e-40 7.04990481267771e-38 3.8028275136769293e-34 3.622520073224237e-30 4.0944375250435545e-27 6.3532413746047314e-27
0.0019221345439899109 4.2657064771095025e-44 1.1772417988469319e-43 2.268799918334412e-40 7.41398329522422e-38 4.073099217767843e-34 3.881028757525431e-30 4.3450537644176056e-27 6.649081404106455e-27
0.001966952144646121 4.1961710539346014e-44 1.1690788576170926e-43 2.327277400107298e-40 7.799919971342369e-38 4.362672498656669e-34 4.157944684091255e-30 4.609356070954365e-27 6.955000017297606e-27
0.0020128147383986056 4.127947269864074e-44 1.1611902080452387e-43 2.3874538248133794e-40 8.209152145085538e-38 4.6729280137328975e-34 4.454573555829365e-30 4.8879352183157515e-27 7.271158207597738e-27
0.002059746690910748 4.0610101423881367e-44 1.1535744133334329e-43 2.4493884348383034e-40 8.643216708746509e-38 5.005345225014757e-34 4.772313086420288e-30 5.1813945112947295e-27 7.597656355992023e-27
0.0021077729359698315 3.995335190506189e-44 1.146230173220503e-43 2.5131430037672724e-40 9.103757231273296e-38 5.361509470368341e-34 5.112659410288985e-30 5.490348309279786e-27 7.934680947842559e-27
0.0021569189887337423 3.9308984247480916e-44 1.1391563251769513e-43 2.578781963098041e-40 9.5925315556227e-38 5.743119540728501e-34 5.4772139299677135e-30 5.81541887980959e-27 8.28228479908885e-27
0.002207210959286545 3.8676763374039816e-44 1.132351845716478e-43 2.646372536000785e-40 1.0111419941478932e-37 6.151995799518663e-34 5.867690631086492e-30 6.1572418346412874e-27 8.640657599753848e-27
0.0022586755665101248 3.805645892958299e-44 1.1258158518263286e-43 2.715984878547767e-40 1.0662433792355615e-37 6.59008888305416e-34 6.2859238918601635e-30 6.516453943218487e-27 9.009883209844464e-27
0.0023113401522792685 3.744784518723984e-44 1.1195476025187192e-43 2.7876922288629554e-40 1.124772500887478e-37 7.05948902348738e-34 6.733876825641854e-30 6.893706611954117e-27 9.39009800719893e-27
0.0023652326959877285 3.685070095672869e-44 1.113546500505539e-43 2.86157106467074e-40 1.186959601298972e-37 7.562436038822509e-34 7.213650182658479e-30 7.289648066723129e-27 9.781401778760799e-27
0.0024203818294129824 3.626480949458307e-44 1.1078120939986126e-43 2.937701269753918e-40 1.2530510491104029e-37 8.101330037712194e-34 7.72749185669468e-30 7.704937901773975e-27 1.0183906976424555e-26
0.0024768168519275916 3.5689958416262296e-44 1.1023440786377335e-43 3.0161663098642987e-40 1.3233104907451703e-37 8.678742890156854e-34 8.277807026157302e-30 8.140233071453461e-27 1.0597729848290699e-26
0.002534567746065232 3.512593961010916e-44 1.0971422995486943e-43 3.097053418664707e-40 1.3980200842760084e-37 9.297430518882698e-34 8.867168977502411e-30 8.59619297445411e-27 1.1022977131621009e-26
0.0025936651934496745 3.4572549153117845e-44 1.0922067535334649e-43 3.180453794319016e-40 1.4774818217136068e-37 9.960346070087874e-34 9.498330650667901e-30 9.073479942268748e-27 1.145977152528624e-26
0.0026541405910951734 3.402958722847674e-44 1.0875375913946763e-43 3.2664628073874668e-40 1.5620189460314277e-37 1.0670654026440315e-33 1.0174236950096391e-29 9.572745239354728e-27 1.1908218907175552e-26
0.0027160260680869266 3.349685804485066e-44 1.0831351203964054e-43 3.3551802207277484e-40 1.6519774696905961e-37 1.1431745329704774e-33 1.0898037878529268e-29 1.0094651806389536e-26 1.2368395168060889e-26
0.0027793545026504624 3.29741697573688e-44 1.0789998068632574e-43 3.446710422148761e-40 1.7477278019109694e-37 1.2247253585187996e-33 1.1673102527066939e-29 1.0639836648845933e-26 1.2840462013526298e-26
0.002844159539619031 3.2461334390285134e-44 1.07513227891957e-43 3.5411626706136445e-40 1.8496664924513082e-37 1.3121072425352426e-33 1.2503034000638706e-29 1.1208954221790314e-26 1.3324506304089632e-26
