results/limits/Stanford_h_phase.dat
# %ECSV 1.0
# ---
# datatype:
# - {name: mx, unit: MeV, datatype: float64}
# - {name: sigma, unit: cm2 MeV4, datatype: float64}
# schema: astropy-2.0
mx sigma
[from data line 4143]
42.670332321179046 12.626717252633673
42.827857133146374 12.814220770133128
42.98596347483319 13.004502239092679
43.14465349305576 13.197568634812084
43.303929342555435 13.393548195920696
43.46379318602849 13.592385432281175
43.624247194154826 13.794288588063521
43.785293545628036 13.999064288703174
43.94693442718474 14.206952021217992
44.109172033634 14.417941743247205
44.27200856788775 14.631982412909375
44.43544624098998 14.849265135060179
44.59948727214741 15.069756006783594
44.76413388875932 15.293507595560996
44.92938832644756 15.520646142530557
45.09525282908753 15.751035236235944
45.26172964883789 15.984942510413763
45.42882104617183 16.22229195157787
45.59652928990743 16.463189452204585
45.76485665723825 16.707626745633558
45.93380543376486 16.955757760992952
46.10337791352514 17.207441222219057
46.27357639902608 17.463008838043294
46.44440320127478 17.72231638736323
46.61586063980952 17.985446408823414
46.78795104273193 18.252502710606482
46.96067674673787 18.523554854410968
47.13404009714976 18.798594654575307
47.308043447948194 19.077749823290635
47.482689161803606 19.361013176552625
47.65797961010902 19.648509566720502
47.83391717301145 19.940230516519776
48.01050423944494 20.236289083703358
48.18774320716269 20.536763315329015
48.365636482769325 20.841736647620536
48.54418648175424 21.151260065043566
48.72339562852363 21.46528577569352
48.90326635643412 21.784048735327143
49.08380110782545 22.107461857738823
49.265002334053406 22.435812177917917
49.44687249552364 22.768847292800494
49.62941406172485 23.10700168558246
49.81262951126194 23.45006585603195
49.99652133189042 23.79828160955927
50.18109202054937 24.151597252325256
50.36634408339606 24.510371795050418
50.55228003583965 24.87429201966471
50.73890240257507 25.24356752709173
50.92621371761799 25.618445089820636
51.11421652433843 25.998867661309305
51.302913375496004 26.384931301958176
51.49230683327426 26.776633393063168
51.682399469315186 27.174165142418353
51.873193864754846 27.57777679168284
52.064692610257566 27.987255160539355
52.256898306051895 28.402763181653526
52.449813561965556 28.82442033543934
52.643440997460566 29.252579906087792
52.837783241669584 29.686945368257387
53.03284293343072 30.127704313728714
53.22862272132412 30.574968989212607
53.42512526370763 31.029137984920165
53.622353228752544 31.489895480515532
53.8203092944806 31.957413876814208
54.01899614879949 32.432001146870626
54.21841648954006 32.913458209182025
54.41857302449272 33.40217878262966
54.61946847144378 33.89825916076524
54.82110555821317 34.40150190716281
55.02348702269059 34.91248473830011
55.226615612873466 35.430612582340984
55.43049408690392 35.95694686282919
55.6351252131059 36.49066454422924
55.84051177002353 37.032587224962334
56.04665654645795 37.582561767333395
56.253562341506004 38.14051599072307
56.46123196459785 38.706744066392915
56.66966823553479 39.281523901280835
56.8788739845284 39.86478278509758
57.08885205223796 40.45686860009903
57.299605289809904 41.05752463157252
57.51113655891615 41.6672087611449
57.723448731792615 42.28587232314568
57.93654469127904 42.91378182256792
58.150427330857184 43.55102730911721
58.36509955469094 44.1976254719618
58.580564277665424 44.8538796464721
58.79682442542619 45.52011083481635
59.01388293441978 46.19591402145965
59.231742751932664 46.88185982532677
59.450406836132075 47.578115571427425
59.66987815610583 48.28450273358823
59.89015969190227 49.00125054864053
60.111254434571585 49.72909699469483
60.333165386205444 50.467284511342655
60.55589555997863 51.216777396558015
60.77944798018955 51.977219031572965
61.00382568230098 52.74918274833615
61.22903171298198 53.53213376800533
61.45506913014892 54.32731589310073
61.68194100300661 55.134017987603755
61.90965041209084 55.95276790526348
62.13820044930925 56.78321960927112
62.36759421798415 57.626643044900824
62.59783483289428 58.48229363704826
62.82892542031675 59.35049465623354
63.060869118070364 60.231864228229696
63.29366907555721 61.126237702891636
63.52732845380632 62.033844399738115
63.76185042551618 62.95501723695065
63.997238175097465 63.88984512632724
64.23349489871718 64.83858172592065
64.47062380434097 65.80120944185717
64.70862811177764 66.77818660114335
64.94751105272249 67.76987491184846
65.18727587080073 68.77595419035444
65.42792582161255 69.79707407900761
65.66946417277617 70.83382241911212
65.91189420397322 71.8854416569768
66.1552192069928 72.95303921823934
66.3994424857758 74.03624406219777
66.64456735646074 75.13552350748296
66.8905971474277 76.25114445539154
67.13753519934441 77.38337153530402
67.38538486521128 78.5325391583881
67.63414951040644 79.69852159598221
67.88383251273251 80.88208424556238
68.13443726246122 82.08293464014503
68.3859671623805 83.302436240151
68.63842562784028 84.53886227173811
68.89181608679839 85.79429090257351
69.14614197986813 87.06785103600878
69.40140676036384 88.36090129016988
69.65761389434877 89.67267883463401
69.91476686068178 91.00396178820039
70.17286915106403 92.35569288240353
70.43192427008752 93.72647311718305
70.69193573528148 95.1189302971762
70.95290707716107 96.53122775093613
71.21484183927502 97.96451988992115
71.4777435782532 99.41929336914909
71.74161586385597 100.89559731419858
72.00646227902149 102.39343357229372
72.2722864199154 103.91436150525321
72.5390918959792 105.45738971014683
72.80688232997876 107.02333761967455
73.0756613580547 108.61149900475192
73.34543262977039 110.22431681984315
73.61619980816268 111.86096544551246
73.88796656979112 113.52209818232755
74.16073660478747 115.20780350752749
74.43451361690687 116.91873564919223
74.70930132357685 118.65526644780475
74.98510345594893 120.41656207411974
75.26192375894884 122.20443263992397
75.53976599132683 124.01930037091499
75.81863392570975 125.86095396568832
76.09853134865168 127.72903069929828
76.37946206068496 129.62618107045228
76.6614298763729 131.55114142830809
76.94443862436027 133.50430883099753
77.22849214742641 135.48673760372728
77.51359430253693 137.4987479259725
77.79974896089563 139.54062680233926
78.08696000799812 141.61268034334648
78.37523134368337 143.71478807143757
78.66456688218774 145.84952136814277
78.9549705521977 148.0138910411435
79.24644629690259 150.21323232857458
79.53899807404937 152.4424568600077
79.83262985599511 154.7069183535908
80.1273456297619 157.0032052453251
80.4231493970907 159.33490823457362
80.72004517449501 161.69975282507673
81.01803699331668 164.10133369566304
81.31712889977928 166.53843705943186
81.61732495504418 169.01123835554998
81.91862923526524 171.52096109362748
82.22104583164365 174.0682928808473
82.52457885048459 176.6523727905295
82.82923241325173 179.27566136825615
83.13501065662435 181.93712943839665
83.44191773255291 184.6393981813746
83.7499578083151 187.38041472476203
84.05913506657342 190.16497062161667
84.36945370543074 192.9867472716953
84.68091793848846 195.8528580651816
84.9935319949032 198.76190283501614
85.30730011944368 201.71073332176644
85.62222657254968 204.7072697871473
85.93831563038836 207.74616044534397
86.25557158491361 210.83240524972152
86.57399874392384 213.9609990419895
86.89360143111986 217.13965541866634
87.21438398616489 220.3629144159455
87.53635076474205 223.63594999016038
87.85950613861472 226.9548583427355
88.18385449568541 230.3262842967541
88.50940024005479 233.74688910551967
88.83614779208271 237.21760682366698
89.16410158844684 240.73944576517474
89.4932660822041 244.31490718566502
89.82364574285072 247.94148200528323
90.15524505638217 251.6211970592039
90.48806852535557 255.35927504202715
90.82212066894921 259.1509027846796
91.15740602302529 263.0004149625577
91.49392914019086 266.90460647890643
91.8316945898592 270.8669698830767
92.17070695831306 274.8893400826382
92.51097084876552 278.9717205530592
92.85249088142375 283.1125209587791
93.1952716935512 287.31659594811947
93.53931793953002 291.5821459554037
93.88463429092536 295.91191293860567
94.23122543654827 300.303807879519
94.57909608251873 304.76725537060855
94.92825095233098 309.29061978202805
95.27869478691605 313.88321831362884
95.6304323447075 318.5449436585614
95.98346840170548 323.2775748277999
96.33780775154095 328.07556984488076
96.6934552055422 332.9457548798153
97.05041559279852 337.8890036843306
97.40869376022724 342.90491931955927
97.7682945726389 347.99957065927333
98.12922291280269 353.16782130438355
98.49148368151424 358.4101534550745
98.85508179766045 363.73399748375107
99.22002219828775 369.1328515287956
99.58630983866851 374.6138547517709
99.95394969236774 380.17730840386554
100.32294675131203 385.8226389768696
100.69330602585569 391.55287636880627
101.06503254485021 397.36560347731034
101.43813135571197 403.2664658865405
101.81260752449012 409.25211648404115
102.1884661359368 415.32877042017384
102.5657122935746 421.49519959115355
102.94435111976722 427.75443093346695
103.32438775578845 434.10457780620715
103.70582736189134 440.55612666413583
104.08867511737972 447.0956375562511
104.47293622067689 453.7351681678175
104.85861588939764 460.4742655985172
105.24571936041846 467.3081092720812
105.63425188994805 474.2518200641556
106.02421875360014 481.2877797442204
106.41562524646342 488.43848934928985
106.80847668317497 495.690862146167
107.20277839799175 503.0528458844615
107.5985357448624 510.52150279661515
107.99575409750142 518.1028464751977
108.39443884946044 525.7912752590724
108.79459541420297 533.6041348795154
109.19622922517723 541.5224606344458
109.59934573588927 549.5661137255393
110.00395041997861 557.7266633533177
110.4100487712907 566.0072903262595
110.81764630395318 574.4070242560741
111.22674855245002 582.9394765972605
111.63736107169598 591.5953778944273
112.04948943711366 600.3813617894511
112.46313924470739 609.2889982174697
112.87831611114076 618.340562962222
113.29502567381225 627.5251398871378
113.71327359093107 636.8341978316525
114.13306554159533 646.2934622128238
114.55440722586857 655.8904070306728
114.97730436485632 665.6278500860661
115.40176270078554 675.5207782549097
115.82778799708059 685.5498054714666
116.25538603844329 695.730371373569
116.6845626309306 706.0625649612825
117.11532360203286 716.5424869449078
117.5476748007545 727.1862288401668
117.98162209769164 737.9810622009535
118.41717138511339 748.9385238367522
118.8543285770412 760.0624631908153
119.2930996093284 771.3438358777855
119.73349043974248 782.8001646458157
120.17550704804414 794.4213485641903
120.61915543607005 806.2155643470576
121.06444162781374 818.188632988127
121.51137166950654 830.3364245881446
121.95995162970154 842.6663215924782
122.41018759935385 855.1747838205907
122.86208569190521 867.8738114061164
123.31565204336611 880.7629087786886
123.77089281239846 893.8499502234554
124.2278141804009 907.1130085451348
124.68642235159076 920.5827267067135
125.14672355309006 934.2567957438939
125.60872403500927 948.1205850148067
126.07243007053152 962.2053959788999
126.53784795599941 976.4860314002982
127.00498401099857 990.9899515308891
127.47384457844524 1005.7112696812286
127.94443602467159 1020.6464596428663
128.41676473951145 1035.794571824238
128.8908371363888 1051.1684432994632
129.3666596524029 1066.7777257133391
129.84423874841738 1082.6244418891627
130.32358090914727 1098.700134850847
130.80469264324623 1115.0202068519493
131.28758048339682 1131.5735440475883
131.77225098639704 1148.3675398448697
132.2587107332512 1165.4129439044793
132.74696632925853 1182.7327641306106
133.23702440410202 1200.287339416615
133.7288916119404 1218.1079841112387
134.2225746314962 1236.1928544086397
134.7180801661485 1254.562016599715
135.21541494402297 1273.1817008873309
135.71458571808253 1292.0941252817051
136.21559926622086 1311.2840424154697
136.71846239135238 1330.7485252992815
137.22318192150635 1350.4947212372626
137.72976470991895 1370.5573393726654
138.23821763512538 1390.9168163729712
138.74854760105526 1411.5574999170788
139.26076153712407 1432.5201167551395
139.77486639832932 1453.78671726486
140.29086916534408 1475.3704464657878
140.80877684461083 1497.2969414065383
141.3285964684385 1519.5153434142433
141.85033509509688 1542.0893093839256
142.3739998089118 1564.9751673454002
142.89959772036318 1588.2169151597304
143.42713596617932 1611.8134023412822
143.95662170943586 1635.728990481698
144.48806213965224 1660.0311223965398
145.02146447288823 1684.6758315924062
145.55683595184416 1709.7001313615403
146.09418384595682 1735.0796610709194
146.63351545150027 1760.8385878431156
147.17483809168402 1786.9968633687877
147.71815911675154 1813.5296092674373
148.26348590408216 1840.44421765523
148.8108258582889 1867.772859421453
149.36018641132108 1895.530259855235
149.91157502256428 1923.6656935949645
150.46499917894081 1952.2105719581575
151.02046639501344 1981.1953257113325
151.57798421308502 2010.6193766594267
152.13756020330297 2040.4757837649538
152.69920196376123 2070.793068464809
153.26291712060248 2101.5134933561926
153.82871332812385 2132.711936020231
154.3965982688784 2164.3768414576484
154.96657965378145 2196.5422228613147
155.53866522221463 2229.1416681219657
156.11286274212983 2262.262562948345
156.6891800101569 2295.8258498365567
157.26762485170698 2329.9321427072887
157.8482051210811 2364.5331402816364
158.4309287015757 2399.6538398398534
159.01580350558882 2435.2712891140823
159.60283747472977 2471.4538870020406
160.19203857992434 2508.157330344186
160.78341482152535 2545.3690053238774
161.3769742294203 2583.180582951697
161.97272486313935 2621.4951998222487
162.5706748119672 2660.4286357784536
163.17083219505008 2699.938142090664
163.77320516150854 2740.0225632024026
164.37780189054698 2780.7516969313724
164.98463059156364 2821.996900132442
165.5936995042646 2863.8850533224963
166.2050168987728 2906.446242863232
166.81859107574286 2949.64008218204
167.43443036647255 2993.3998898989826
168.05254313301512 3037.858654681881
168.6729377682951 3082.964942977585
169.2956226962196 3128.767231056269
169.92060637179497 3175.161021077704
170.54789728124075 3222.353462260923
171.1775039421037 3270.1626353572383
171.809434903376 3318.7686828496703
172.44369874560846 3368.063832372355
173.0803040810295 3418.0627660018895
173.71925955366112 3468.785048772787
174.36057383943503 3520.343099633707
175.00425564631283 3572.569614197386
175.6503137144029 3625.59841961097
176.29875681607825 3679.446389016609
176.94959375609798 3734.0672840311845
177.60283337172407 3789.5412841847615
178.25848453284377 3845.7721238289882
178.91655614208912 3902.933777782597
179.57705713495662 3960.905605100152
180.23999647993108 4019.6454113446925
180.9053831786046 4079.341057074709
181.57322626580137 4139.936495369725
182.24353480969896 4201.39192737433
182.91631791195078 4263.823420799518
183.5915847078119 4327.062706879244
184.26934436626027 4391.338833889669
184.94960609012386 4456.549524758021
185.63237911620442 4522.688480513193
186.31767271540176 4589.903910953792
187.00549619284234 4658.076149204813
187.69585888800265 4727.111957584627
188.3887701748384 4797.4007010705045
189.08423946191107 4868.635985028433
189.78227619251413 4940.993591694055
190.48288984480422 5014.302152217056
191.18608993192663 5088.744744638734
191.89188600214723 5164.2579473216365
192.60028763898092 5241.0001987240485
193.31130446132062 5318.855620975176
194.02494612357057 5397.800841469659
194.7412223157744 5477.938170497235
195.4601427637493 5559.254122770023
196.18171722921699 5641.854222645493
196.90595550993504 5725.553368498078
197.63286743983278 5810.6086798695005
198.3624628891415 5896.801559792926
199.09475176453137 5984.504496752792
199.82974400924468 6073.35245492811
200.56744960322973 6163.561896879173
201.30787856327913 6254.976659908583
202.0510409431625 6347.86565632323
202.79694683376593 6442.187850188899
203.5456063632278 6537.849688103947
204.29702969707486 6634.90373586332
205.0512270383634 6733.400671511722
205.8082086278144 6833.4255212713115
206.56798474395532 6934.886013177162
207.3305657032587 7037.859768964569
208.0959618602808 7142.292882529734
208.86418360780507 7248.441645718881
209.6352413769802 7356.112573575996
