results/limits/Stanford_f_6.dat
# %ECSV 1.0
# ---
# datatype:
# - {name: mx, unit: MeV, datatype: float64}
# - {name: sigma_6, unit: cm2, datatype: float64}
# schema: astropy-2.0
mx sigma_6
[from data line 358]
0.0012122259692915415 2.3452916366609814e-24
0.0012404909310584848 2.4044019466263083e-24
0.0012694149350204683 2.4624199542157718e-24
0.0012990133477864558 2.519192365323152e-24
0.0013293018942621524 2.574568806785775e-24
0.001360296666004259 2.62840279831318e-24
0.001392014129769518 2.680552695101404e-24
0.0014244711362630968 2.7308825966061067e-24
0.0014576849290909482 2.7792632028734902e-24
0.0014916731539209149 2.8255726154969054e-24
0.0015264538678574353 2.8696970692369766e-24
0.0015620455490348386 2.9115315895207017e-24
0.0015984671064343198 2.9509805656730446e-24
0.0016357378899298156 2.987958239502174e-24
0.0016738777005681136 3.022389100050638e-24
0.0017129068010886602 3.0542081837814476e-24
0.0017528459266886532 3.083361281764616e-24
0.00179371629603914 3.1098050491314033e-24
0.0018355396225579732 3.133507024157894e-24
0.0018783381259456144 3.154445554493137e-24
0.0019221345439899109 3.1726096387201335e-24
0.001966952144646121 3.1879986870321323e-24
0.0020128147383986056 3.200622205601288e-24
0.002059746690910748 3.210499415146256e-24
0.0021077729359698315 3.2176588066821316e-24
0.0021569189887337423 3.222137645807712e-24
0.002207210959286545 3.2239814307390414e-24
0.0022586755665101248 3.2232433156994304e-24
0.0023113401522792685 3.219983502865436e-24
0.0023652326959877285 3.2142686163460915e-24
0.0024203818294129824 3.2061710611296384e-24
0.0024768168519275916 3.1957683757199146e-24
0.002534567746065232 3.183142590102977e-24
0.0025936651934496745 3.168379582151093e-24
0.0026541405910951734 3.151568455945372e-24
0.0027160260680869266 3.13280093198409e-24
0.0027793545026504624 3.1121707609595666e-24
0.002844159539619031 3.0897731632252817e-24
0.0029104756083082714 3.065704297519366e-24
0.0029783379408076585 3.040060760129701e-24
0.0030477825906984404 3.0129391174647325e-24
0.0031188464522080173 2.9844354739567454e-24
0.0031915672798109355 2.954645073097342e-24
0.0032659837082868936 2.9236619360467614e-24
0.003342135273246469 2.8915785341360224e-24
0.0034200624321353945 2.8584854980804817e-24
0.0034998065857286074 2.824471359138889e-24
0.0035814101001254554 2.7896223260088403e-24
0.003664916329257761 2.7540220906576463e-24
0.0037503696379226933 2.7177516670402157e-24
0.0038378154253526898 2.680889256789997e-24
0.003927300149334948 2.6435101425615112e-24
0.004018871350893299 2.6056866066503575e-24
0.00411257767954558 2.5674878723608562e-24
0.004208468919149921 2.5289800671256775e-24
0.004306596014353682 2.490226205070954e-24
0.004407011097659079 2.4512861872327165e-24
0.004509767517119906 2.412216818022858e-24
0.004614919864684026 2.3730718352560282e-24
0.004722524005196735 2.3339019532591366e-24
0.004832637106080367 2.2947549167028756e-24
0.004945317667705937 2.2556755641179754e-24
0.005060625554472947 2.216705899325943e-24
0.005178622026613854 2.177885169699633e-24
0.005299369772740128 2.1392499500804016e-24
0.005422932943147155 2.1008342312008697e-24
0.0055493771838957115 2.0626695117417014e-24
0.00567876967168809 2.0247848923793228e-24
0.005811179149557424 1.9872071726781424e-24
0.0059466759633891655 1.9499609477603677e-24
0.006085332099294114 1.913068706249672e-24
0.006227221221852859 1.8765509274975968e-24
0.006372418713251954 1.8404261781738342e-24
0.006521001713332612 1.80471120778105e-24
0.006673049160573193 1.769421042160765e-24
0.006828641834027273 1.734569075982847e-24
0.006987862396239558 1.700167161834081e-24
0.00715079543716245 1.666225698033752e-24
0.007317527519096606 1.632753712711495e-24
0.007488147222679345 1.599758946514389e-24
0.007662745193945353 1.5672479309653491e-24
0.007841414192484688 1.5352260649796018e-24
0.008024249140723652 1.5036976878940326e-24
0.008211347174354735 1.4726661495177965e-24
0.008402807693942412 1.4421338774019245e-24
0.008598732417732204 1.4121024406457428e-24
0.008799225435691074 1.3825726111224305e-24
0.009004393264807849 1.3535444215870554e-24
0.009214344905683071 1.325017220911986e-24
0.009429191900438323 1.296989726486197e-24
0.009649048391975805 1.2694600738721404e-24
0.009874031184619632 1.2424258638052006e-24
0.010104259806171096 1.2158842066360167e-24
0.01033985657141083 1.1898317641535134e-24
0.010580946647081629 1.1642647889530205e-24
0.010827658118386449 1.1391791619879017e-24
0.011080122057036918 1.1145704270899005e-24
0.011338472590888495 1.0904338239717507e-24
0.01160284697519928 1.0667643189634475e-24
0.01187338566555036 1.0435566338616335e-24
0.012150232392466372 1.0208052728465265e-24
0.012433534237775993 9.985045477561701e-25
0.01272344171275288 9.766486015581837e-25
0.013020108838078586 9.552314303309816e-25
0.013323693225669961 9.34246903660332e-25
0.013634356162414448 9.13688783692635e-25
0.013952262695857842 8.935507427495431e-25
0.014277581721889965 8.738263797598988e-25
0.014610486074474885 8.545092353717248e-25
0.014951152617473332 8.355928060771707e-25
0.015299762338606094 8.170705571308922e-25
0.015656500445608335 7.989359345698287e-25
0.016021556464625875 7.811823762004843e-25
0.016395124340905766 7.6380332180586025e-25
0.016777402541834602 7.467922223967897e-25
0.017168594162379338 7.301425488017548e-25
0.01756890703298664 7.138477993791977e-25
0.017978553829998065 6.9790150729906625e-25
0.01839775218863974 6.822972468224063e-25
0.01882672481864659 6.670286393656779e-25
0.01926569962258253 6.520893587046121e-25
0.019714909816919448 6.3747313583744935e-25
0.020174594055939365 6.231737632848732e-25
0.02064499655852557 6.0918509896061845e-25
0.021126367237910063 5.955010696211999e-25
0.021618961834446313 5.82115673932322e-25
0.02212304205147776 5.6902298513916345e-25
0.022638875694374342 5.562171534426737e-25
0.0231667368128109 5.436924080342648e-25
0.02370690584636297 5.314430588581446e-25
0.024259669773497434 5.194634980759276e-25
0.024825322264037063 5.07748201349294e-25
0.025404163835180054 4.962917288034955e-25
0.025996502011157406 4.850887258473827e-25
0.026602651486612925 4.741339237763871e-25
0.027222934293792744 4.634221401971065e-25
0.027857679973633073 4.529482792833085e-25
0.02850722575083718 4.42707331895518e-25
0.02917191671303455 4.326943755510032e-25
0.029852105994117403 4.229045742555372e-25
0.030548154961852016 4.133331782483737e-25
0.031260433409864494 4.0397552361775603e-25
0.031989319754103004 3.948270318378615e-25
0.0327352012338808 3.8588320920098627e-25
0.03349847411760691 3.771396461877524e-25
0.034279543913313774 3.6859201676035603e-25
0.03507882558409363 3.6023607758915367e-25
0.03589674376855814 3.520676672233889e-25
0.03673373300643846 3.4408270520142813e-25
0.037590237969445384 3.3627719116233653e-25
0.038466713697512506 3.2864720384609794e-25
0.03936362584054766 3.211889001050391e-25
0.04028145090582124 3.13898513873502e-25
0.04122067651112274 3.067723551192202e-25
0.04218180164382002 2.998068087607849e-25
0.043165336925959 2.929983335664424e-25
0.044171804885544536 2.863434610438336e-25
0.04520174023414663 2.798387943159889e-25
0.046255690150979495 2.734810069850825e-25
0.047334214573604344 2.672668419899352e-25
0.048437886495410414 2.611931104582281e-25
0.04956729227003216 2.5525669055815596e-25
0.05072303192286451 2.4945452634624195e-25
0.051905719469841495 2.437836266177642e-25
0.05311598324364777 2.382410637602826e-25
0.05435446622753626 2.3282397261080384e-25
0.05562182639692926 2.275295493185249e-25
0.056918737068984544 2.223550502134881e-25
0.058245887260312136 2.1729779068722416e-25
0.05960398205303182 2.1235514407553642e-25
0.06099374296936585 2.075245405564109e-25
0.06241590835496589 2.028034660566815e-25
0.06387123377117784 1.9818946117101287e-25
0.06536049239645289 1.9368012009227807e-25
0.06688447543711816 1.8927308955020056e-25
0.06844399254772507 1.8496606777590168e-25
0.0700398722611988 1.8075680346299444e-25
0.0716729624290174 1.7664309475507057e-25
0.07334413067165428 1.7262278824268616e-25
0.07505426483952363 1.6869377797590335e-25
0.07680427348467332 1.6485400448775862e-25
0.07859508634347626 1.6110145384406068e-25
0.08042765483057629 1.5743415668633717e-25
0.08230295254435131 1.5385018732272204e-25
0.08422197578416211 1.503476627936113e-25
0.08618574407966152 1.4692474199471696e-25
0.08819530073244539 1.4357962477873946e-25
0.09025171337033296 1.4031055109793562e-25
0.09235607451457113 1.3711580014921636e-25
0.09450950216026408 1.3399368953656152e-25
0.09671314037033632 1.3094257445390386e-25
0.09896815988334524 1.2796084687336037e-25
0.10127575873546546 1.250469347600646e-25
0.10363716289697593 1.2219930129048752e-25
0.10605362692358762 1.1941644409493105e-25
0.10852643462295801 1.1669689450848404e-25
0.11105689973674641 1.1403921683826704e-25
0.11364636663857243 1.114420076474355e-25
0.11629621104824843 1.0890389504875756e-25
0.1190078407626656 1.0642353801567207e-25
0.12178269640372161 1.0399962570586522e-25
0.12462225218368743 1.0163087679839264e-25
0.1275280166884199 9.931603884460067e-26
0.13050153367883624 9.705388763200666e-26
0.1335443829110759 9.484322656064703e-26
0.13665818097578622 9.268288603424801e-26
0.13984458215697693 9.05717228610556e-26
0.14310527931090045 8.850861966979197e-26
0.14644200476542463 8.649248433601886e-26
0.14985653124037576 8.45222494218719e-26
0.15335067278934078 8.259687162595012e-26
0.1569262857634292 8.071533124737137e-26
0.1605852697975066 7.887663165744042e-26
0.16432956881942368 7.70797987875367e-26
0.16816117208277714 7.532388062237548e-26
0.172082115223751 7.360794670929547e-26
0.1760944813425998 7.193108767415177e-26
0.1802004021103484 7.029241474999106e-26
0.18440205890129596 6.869105931512223e-26
0.18870168395192646 6.71261724407572e-26
0.1931015615468407 6.559692444975049e-26
0.1976040292323402 6.410250448319561e-26
0.20221147905830805 6.264212007839667e-26
0.20692635884904578 6.121499675422917e-26
0.21175117350374192 5.982037760713737e-26
0.2166884863272632 5.84575229148876e-26
0.22174092039197504 5.712570974958088e-26
0.22691115993131514 5.582423159920825e-26
0.23220195176586036 5.455239799719842e-26
0.2376161067626448 5.330953416048444e-26
0.24315650132850383 5.209498063544653e-26
0.24882607893823822 5.090809295168346e-26
0.25462785169840935 4.974824128352166e-26
0.2605649019475973 4.861481011900925e-26
0.26664038389397104 4.750719793618655e-26
0.27285752529104135 4.6424816886863984e-26
0.2792196291524867 4.5367092486977287e-26
0.2857300755069626 4.4333463314323534e-26
0.2923923231938275 4.3323380712673024e-26
0.2992099117007387 4.2336308502813234e-26
0.3061864630440946 4.137172269970636e-26
0.31332568369332287 4.042911123643455e-26
0.32063136654003577 3.950797369373425e-26
0.3281073929131 3.860782103632803e-26
0.3357577346406907 3.772817535441075e-26
0.343586456160426 3.6868569611581954e-26
0.3515977166787018 3.60285473980233e-26
0.359795772380376 3.520766268942138e-26
0.368184978689974 3.44054796113112e-26
0.3767697925856183 3.362157220858683e-26
0.38555477496691104 3.285552422043866e-26
0.394544593078027 3.210692886007738e-26
0.4037440229873054 3.137538859972609e-26
0.4131579521246571 3.0660514960180226e-26
0.42279138187813525 2.9961928305359167e-26
0.43264943025104924 2.927925764131525e-26
0.4427373345810337 2.86121404198922e-26
0.4530604543225162 2.79602223467881e-26
0.4636242738940635 2.7323157193938637e-26
0.47443440559211736 2.6700606616173846e-26
0.48549659257266914 2.609223997200894e-26
0.4968167119024568 2.5497734148489406e-26
0.5084007776813051 2.4916773390007713e-26
0.5202549442372687 2.4349049130993002e-26
0.5323855093962742 2.3794259832382667e-26
0.5447989178279997 2.3252110821830813e-26
0.557501764469769 2.2722314137483126e-26
0.5705007980302781 2.2204588375357207e-26
0.5838029245750183 2.1698658540123423e-26
0.5974152111952977 2.1204255899326993e-26
0.6113448897628128 2.072111784085555e-26
0.6255993607717623 2.024898773371381e-26
0.6401861972705483 1.9787614791870514e-26
0.6551131488851486 1.9336753941292972e-26
0.6703881459363026 1.889616568990696e-26
0.686019303652694 1.8465616000580665e-26
0.7020149264823721 1.8044876166952884e-26
0.7183835125046995 1.7633722692092788e-26
0.7351337579451718 1.723193716992776e-26
0.7522745617955077 1.6839306169336784e-26
0.7698150305414633 1.6455621120916432e-26
0.7877644830008832 1.608067820627608e-26
0.8061324552745581 1.571427824989421e-26
0.8249287058125218 1.5356226613390488e-26
0.8441632205984669 1.5006333092238232e-26
0.8638462184550629 1.466441181479635e-26
0.8839881564729563 1.4330281143656127e-26
0.9045997355663667 1.4003763579222472e-26
0.9256919061582187 1.3684685665489304e-26
0.9472758739978306 1.337287789795945e-26
0.9693631061142522 1.3068174633658477e-26
0.9919653369084147 1.2770414003194617e-26
1.0150945743873274 1.2479437824820302e-26
1.0387631065436362 1.2195091520448566e-26
1.0629835078839296 1.191722403357939e-26
1.0877686461092637 1.1645687749096875e-26
1.1131316889514546 1.1380338414885245e-26
1.1390861111687691 1.11210350652369e-26
1.16564570170473 1.086763994599458e-26
1.1928245710138414 1.0620018441406561e-26
1.2206371585581264 1.0378039002636641e-26
1.2490982404784545 1.0141573077912623e-26
1.2782229374447416 9.910495044252637e-27
1.3080267226891875 9.68468214075769e-27
1.3385254302268237 9.464014403412442e-27
1.369735263267732 9.248374601377456e-27
1.4016728028254128 9.037648174728578e-27
1.4343550165258654 8.831723173613688e-27
1.4677992676220706 8.630490198797576e-27
1.5020233242186567 8.433842343555795e-27
1.5370453687116559 8.241675136897571e-27
1.5728840074483612 8.053886488075067e-27
1.6095582806124205 7.87037663236272e-27
1.6470876723394143 7.691048078065254e-27
1.6854921210682972 7.51580555473768e-27
1.7247920301341966 7.344555962580342e-27
1.7650082786082029 7.177208322989336e-27
1.8061622323899016 7.013673730231464e-27
1.848275755558551 6.853865304220336e-27
1.8913712219889245 6.697698144368115e-27
1.935471527238 6.54508928448805e-27
1.9806001007088037 6.3959576487243144e-27
2.0267809180978715 6.250224008485507e-27
2.0740385141329463 6.107810940359246e-27
2.1223979956076717 5.968642784985089e-27
2.171885054720213 5.83264560686466e-27
2.222525982722885 5.699747155086507e-27
2.274347683890048 5.569876824946614e-27
2.327377689811681 5.442965620441945e-27
2.3816441740202396 5.3189461176196e-27
2.437175966958554 5.1977524287595176e-27
2.4940025712967335 5.079320167374571e-27
2.552154177606206 4.963586414006381e-27
2.611661680399223 4.850489682801741e-27
2.6725566945423505 4.739969888849336e-27
2.7348715720526675 4.631968316261224e-27
2.7986394192855935 4.526427586981232e-27
2.863894114523477 4.423291630303718e-27
2.9306703259742912 4.322505653087259e-27
2.999003530189995 4.224016110646178e-27
3.068930030914351 4.1277706783060635e-27
3.1404869783702067 4.033718223606407e-27
3.21371238899649 3.9418087791373595e-27
3.2886451656454048 3.8519935159945804e-27
3.3653251182505572 3.7642247178394785e-27
3.443792984976987 3.678455755549909e-27
3.5240904538643507 3.594641062448747e-27
3.6062601849747473 3.512736110096625e-27
3.6903458330569543 3.4326973846362274e-27
3.77639207073912 3.354482363675567e-27
3.8644446122622242 3.278049493697892e-27
3.9545502377669295 3.2033581679862542e-27
4.046756818146711 3.130368705051049e-27
4.141113340480481 3.0590423275490327e-27
4.237669934058216 2.98934114168266e-27
4.336477897013409 2.9212281170687538e-27
4.437589723576497 2.854667067065793e-27
4.541059131963759 2.7896226295495546e-27
4.646941092916466 2.726060248126557e-27
4.755291858905486 2.6639461537757583e-27
4.866168994016832 2.603247346908281e-27
4.979631404534034 2.5439315798361498e-27
5.0957393702336 2.4859673396402064e-27
5.214554576410165 2.429323831428565e-27
5.336140146648369 2.373970961976381e-27
5.4605606763588606 2.3198793237384287e-27
5.587882267096237 2.2670201792259464e-27
5.718172561677172 2.2153654457393834e-27
5.851500780117376 2.1648876804490983e-27
5.987937756406471 2.115560065815871e-27
6.127555976140354 2.0673563953437096e-27
6.270429615030991 2.0202510596571683e-27
6.416634578314149 1.9742190328959784e-27
6.566248541075969 1.9292358594195906e-27
6.719350989519823 1.8852776408147275e-27
6.87602326319537 1.8423210231988768e-27
7.036348598212252 1.8003431848131553e-27
7.200412171461376 1.759321823897793e-27
