results/limits/Stanford_l.dat
# %ECSV 1.0
# ---
# datatype:
# - {name: mx, unit: MeV, datatype: float64}
# - {name: sigma_10, unit: cm2, datatype: float64}
# - {name: sigma_9, unit: cm2, datatype: float64}
# - {name: sigma_7, unit: cm2, datatype: float64}
# - {name: sigma_6, unit: cm2, datatype: float64}
# - {name: sigma_5, unit: cm2, datatype: float64}
# - {name: sigma_4, unit: cm2, datatype: float64}
# - {name: sigma_3, unit: cm2, datatype: float64}
# - {name: sigma_2, unit: cm2, datatype: float64}
# schema: astropy-2.0
mx sigma_10 sigma_9 sigma_7 sigma_6 sigma_5 sigma_4 sigma_3 sigma_2
3.162277660168379e-07 7.410441867702809e-41 9.135304824813321e-41 1.7091797706522012e-40 3.0234429864696177e-40 1.061636781610232e-39 3.512604861710863e-38 8.7391064632523e-37 5.943582103667853e-37
3.2360111549336787e-07 7.255279614596512e-41 8.947963288836123e-41 1.677533690800134e-40 2.9772958747337004e-40 1.0592584330082885e-39 3.5916651687930526e-38 8.958636908605983e-37 6.111548920356588e-37
3.311463862505236e-07 7.103392599120368e-41 8.764512826484758e-41 1.6465054958028617e-40 2.932021743004242e-40 1.0571574616084996e-39 3.672685152376582e-38 9.184409463144705e-37 6.285543842516384e-37
3.388675869043115e-07 6.954711198225408e-41 8.584871793965075e-41 1.6160828190690675e-40 2.8876043669223516e-40 1.0553357793431717e-39 3.755708497480769e-38 9.416647986464884e-37 6.46585913965981e-37
3.4676881953794695e-07 6.809167279635615e-41 8.408960277566497e-41 1.5862535474135302e-40 2.8440278557123732e-40 1.0537954916884887e-39 3.840780194281815e-38 9.655586966048532e-37 6.652804861133538e-37
3.548542818811901e-07 6.66669416961295e-41 8.236700056532159e-41 1.5570058157380138e-40 2.801276645549771e-40 1.0525389016981255e-39 3.927946571875445e-38 9.90147213104271e-37 6.846709960507497e-37
3.6312826954049566e-07 6.527226621432421e-41 8.068014566744324e-41 1.528328001828656e-40 2.759335493085117e-40 1.0515685141887369e-39 4.017255332682424e-38 1.0154561102290975e-36 7.04792358841838e-37
3.715951782811629e-07 6.390700784549484e-41 7.90282886520716e-41 1.5002087212674482e-40 2.7181894691172796e-40 1.050887040070542e-39 4.108755587082719e-38 1.0415124086080695e-36 7.256816488936011e-37
3.8025950636269697e-07 6.257054174445556e-41 7.741069595303198e-41 1.4726368224531518e-40 2.6778239524153955e-40 1.0504974008241603e-39 4.2024978890284655e-38 1.0683444609941227e-36 7.473782456000777e-37
3.89125856928623e-07 6.126225643134933e-41 7.58266495281291e-41 1.4456013817316678e-40 2.6382246236841377e-40 1.0504027331171756e-39 4.298534272393255e-38 1.0959820305695891e-36 7.699239900620643e-37
3.9819894045202297e-07 5.998155350318875e-41 7.427544652676115e-41 1.4190916986318833e-40 2.5993774596708324e-40 1.0506063935585552e-39 4.396918288607078e-38 1.1244563738388029e-36 7.933633528559315e-37
4.0748357723809307e-07 5.872784735172099e-41 7.275639896477293e-41 1.393097291204208e-40 2.561268727410222e-40 1.0511119635842598e-39 4.497705045506722e-38 1.153800329267695e-36 8.177436147909989e-37
4.169846999850535e-07 5.750056488746762e-41 7.126883340643988e-41 1.367607891461431e-40 2.5238849786045657e-40 1.0519232544690986e-39 4.6009512477270847e-38 1.1840484109509623e-36 8.431150591068942e-37
4.2670735640476865e-07 5.629914526980912e-41 6.981209065333358e-41 1.3426134409163479e-40 2.4872130441363568e-40 1.0530443124581858e-39 4.706715238855184e-38 1.2152369085492436e-36 8.695311777215363e-37
4.3665671190447213e-07 5.512303964297067e-41 6.838552543999405e-41 1.3181040862168936e-40 2.4512400287102164e-40 1.0544794240091079e-39 4.81505704530405e-38 1.2474039935723292e-36 8.9704889174843e-37
4.4683805233101997e-07 5.397171087777904e-41 6.698850613621449e-41 1.2940701748750507e-40 2.415953305622299e-40 1.0562331211374692e-39 4.926038422370601e-38 1.2805898317344316e-36 9.257287875177995e-37
4.572567867791303e-07 5.28446333190605e-41 6.562041445579695e-41 1.2705022510876606e-40 2.381340511653724e-40 1.0583101868542223e-39 5.039722902321772e-38 1.314836703539653e-36 9.55635369543414e-37
4.6791845046510194e-07 5.174129253855372e-41 6.428064517163497e-41 1.2473910516471178e-40 2.3473895420861512e-40 1.0607156606847067e-39 5.156175844898753e-38 1.3501891310463624e-36 9.868373315500246e-37
4.788287076675383e-07 5.066118509320984e-41 6.29686058369869e-41 1.2247275019400906e-40 2.314088545837656e-40 1.0634548442560037e-39 5.27546449021033e-38 1.3866940144463832e-36 1.0194078451926121e-36
4.899933547366384e-07 4.960381828877022e-41 6.168371651277051e-41 1.2025027120311587e-40 2.281425920712752e-40 1.066533306939036e-39 5.397658014230442e-38 1.4244007750813315e-36 1.0534248696601229e-36
5.014183231736547e-07 4.856870994848484e-41 6.042540950083272e-41 1.1807079728327686e-40 2.2493903087761298e-40 1.06995689152996e-39 5.522827587020887e-38 1.4633615101237325e-36 1.0889714856053755e-36
5.131096827821533e-07 4.75553881868805e-41 5.91931290828891e-41 1.1593347523530551e-40 2.21797059182465e-40 1.0737317199536737e-39 5.65104643374411e-38 1.5036311544770892e-36 1.1261362475745401e-36
5.250736448927506e-07 4.656339118844251e-41 5.798633126520213e-41 1.138374692027189e-40 2.1871558869821853e-40 1.0778641989712152e-39 5.782389898645226e-38 1.5452676550998986e-36 1.1650135668222835e-36
5.373165656630395e-07 4.559226699111632e-41 5.680448352881984e-41 1.1178196031285132e-40 2.1569355424089553e-40 1.0823610258709322e-39 5.916935512131806e-38 1.5883321552110126e-36 1.2057041162928877e-36
5.4984494945446e-07 4.46415732745188e-41 5.564706458500504e-41 1.0976614632481859e-40 2.127299133087896e-40 1.087229194121466e-39 6.054763061005902e-38 1.6328891910750226e-36 1.2483152679448555e-36
5.626654522879044e-07 4.371087715274769e-41 5.451356413627636e-41 1.0778924128624625e-40 2.0982364567634438e-40 1.0924759989633947e-39 6.195954662043699e-38 1.679006900612111e-36 1.2929615591369937e-36
5.757848853798981e-07 4.2799754971695024e-41 5.340348264226146e-41 1.0585047519596005e-40 2.0697375299331245e-40 1.0981090429143576e-39 6.340594839026829e-38 1.72675724598416e-36 1.3397651910886044e-36
5.892102187612295e-07 4.1907792110760907e-41 5.231633109088227e-41 1.0394909367493388e-40 2.0417925839819064e-40 1.1041362411609395e-39 6.488770603365698e-38 1.7762162503561806e-36 1.3888565653000949e-36
6.029485849799565e-07 4.1034582788870824e-41 5.125163077431118e-41 1.02084357643589e-40 2.014392061392285e-40 1.1105658268091408e-39 6.640571538461398e-38 1.827464249960197e-36 1.440374853566429e-36
6.17007282890752e-07 4.0179729874700106e-41 5.020891306979703e-41 1.0025554300609806e-40 1.987526612058744e-40 1.1174063559630441e-39 6.796089887965475e-38 1.880586162687056e-36 1.4944686225237581e-36
6.313937815326057e-07 3.934284470101467e-41 4.918771922527938e-41 9.846194034164987e-41 1.9611870897096938e-40 1.124666712601384e-39 6.955420648069276e-38 1.9356717733306705e-36 1.551296468576309e-36
6.461157240969403e-07 3.8523546883036743e-41 4.818760014947554e-41 9.670285460168171e-41 1.935364548402414e-40 1.1323561132177658e-39 7.118661664067856e-38 1.992816038765745e-36 1.611027743934922e-36
6.611809319882495e-07 3.772146414074269e-41 4.720811620667084e-41 9.497760481426324e-41 1.9100502391416515e-40 1.1404841111922931e-39 7.285913731291988e-38 2.0521194117799132e-36 1.6738432985850294e-36
6.765974089794179e-07 3.693623212501319e-41 4.624883701573428e-41 9.328552379397566e-41 1.8852356065608557e-40 1.149060600858723e-39 7.457280700670008e-38 2.11368818703115e-36 1.7399362905410887e-36
6.923733454639272e-07 3.6167494247545795e-41 4.5309341253612646e-41 9.162595785855507e-41 1.8609122857206288e-40 1.1580958212317833e-39 7.632869589097799e-38 2.177634869087156e-36 1.8095130492444587e-36
7.085171228072106e-07 3.5414901514446056e-41 4.438921646293914e-41 8.999826655108142e-41 1.8370720989799086e-40 1.1676003593588273e-39 7.812790694852635e-38 2.2440785653631165e-36 1.8827940064108475e-36
7.250373177994646e-07 3.467811236342379e-41 4.3488058863836983e-41 8.840182236828208e-41 1.8137070529668564e-40 1.1775851532596668e-39 7.99715771827086e-38 2.3131454046318868e-36 1.9600146799363018e-36
7.419427072122865e-07 3.3956792504503734e-41 4.260547316973589e-41 8.683601049445205e-41 1.7908093356335745e-40 1.1880614944182029e-39 8.18608788795393e-38 2.38496898377197e-36 2.0414267458403377e-36
7.592422724615558e-07 3.3250614764186055e-41 4.17410724071495e-41 8.530022854101298e-41 1.7683713133995282e-40 1.1990410297922498e-39 8.379702092751536e-38 2.4596908439099155e-36 2.1272991730502534e-36
7.769452043790388e-07 3.2559258932969653e-41 4.0894477739319696e-41 8.379388629156064e-41 1.7463855283816626e-40 1.2105357633054083e-39 8.578125019813911e-38 2.537460978734779e-36 2.2179194445714712e-36
7.950609080952509e-07 3.1882411616172346e-41 4.006531829364013e-41 8.231640545226524e-41 1.7248446957097043e-40 1.2225580567913862e-39 8.781485299003115e-38 2.6184383768496588e-36 2.3135948658247463e-36
8.135990080361694e-07 3.121976608797213e-41 3.9253230992780467e-41 8.086721940752908e-41 1.7037417009266596e-40 1.2351206303598096e-39 8.989915653982716e-38 2.7027916008005235e-36 2.4146539652973052e-36
8.325693530364543e-07 3.0571022148599136e-41 3.8457860389429845e-41 7.944577298078264e-41 1.6830695974736383e-40 1.2482365621575855e-39 9.203553060307268e-38 2.7906994051428696e-36 2.521447996261419e-36
8.519820215718901e-07 2.9935885984611183e-41 3.7678858504577834e-41 7.805152220029521e-41 1.662821604257747e-40 1.2619192875034512e-39 9.422538910877066e-38 2.882351396656702e-36 2.634352545650898e-36
8.718473271138315e-07 2.931407003218312e-41 3.6915884669260074e-41 7.668393406991442e-41 1.6429911033034775e-40 1.2761825973778073e-39 9.647019189119082e-38 2.9779487394567958e-36 2.7537692569328464e-36
8.921758236084957e-07 2.8705292843345297e-41 3.616860536969008e-41 7.534248634460835e-41 1.6235716374861266e-40 1.2910406362556708e-39 9.877144650292777e-38 3.0777049083935396e-36 2.8801276780377112e-36
9.12978311084014e-07 2.810927895510741e-41 3.543669409570464e-41 7.402666731071888e-41 1.6045569083473476e-40 1.3065078992769768e-39 1.0113071011333975e-37 3.181846494110481e-36 3.01388723967124e-36
9.342658413882192e-07 2.7525758761402503e-41 3.4719831192450776e-41 7.27359755708201e-41 1.5859407739922193e-40 1.3225992287558571e-39 1.0354959149678578e-37 3.2906140635661776e-36 3.1555393754923e-36
9.560497240602198e-07 2.695446838779294e-41 3.401770371524398e-41 7.146991983308555e-41 1.56771724706756e-40 1.3393298100383207e-39 1.060297531152778e-37 3.4042630799413094e-36 3.3056097946184033e-36
9.78341532338879e-07 2.639514956887381e-41 3.3330005287528595e-41 7.022801870506607e-41 1.549880492821189e-40 1.3567151667274798e-39 1.085729133005589e-37 3.523064886596215e-36 3.4646609148457444e-36
1.0011531093113902e-06 2.5847549528319215e-41 3.265643596187315e-41 6.900980049178489e-41 1.5324248272419547e-40 1.3747711553050034e-39 1.1118084854056632e-37 3.6473077583936184e-36 3.633294470899604e-36
1.0244965742052174e-06 2.531142086151245e-41 3.199670208393491e-41 6.781480299805804e-41 1.515344715280368e-40 1.3935139591884844e-39 1.1385539587618575e-37 3.7772980278184834e-36 3.8121543087339616e-36
1.048384328826741e-06 2.47865214206999e-41 3.1350516159329517e-41 6.664257333494903e-41 1.4986347691498146e-40 1.4129600822760212e-39 1.1659845541370931e-37 3.91336128867921e-36 4.0019293790410483e-36
1.0728290641500308e-06 2.427261420262149e-41 3.0717596723342365e-41 6.549266773027114e-41 1.4822897467082983e-40 1.4331263420413283e-39 1.1941199295933487e-37 4.0558436842496616e-36 4.2033569446879244e-36
1.0978437670592484e-06 2.376946723855716e-41 3.00976682134207e-41 6.436465134305031e-41 1.4663045499207985e-40 1.4540298622556838e-39 1.2229804278222019e-37 4.205113286082047e-36 4.417226017265306e-36
1.1234417272482566e-06 2.32768534867393e-41 2.949046084438611e-41 6.325809808186521e-41 1.4506742234023893e-40 1.4756880654259634e-39 1.252587105129417e-37 4.361561569813623e-36 4.6443810389466145e-36
1.149636544281106e-06 2.2794550727080083e-41 2.889571048630862e-41 6.217259042698163e-41 1.4353939530423044e-40 1.4981186650513383e-39 1.2829617618467644e-37 4.5256049953440826e-36 4.8857258273253223e-36
1.1764421348171486e-06 2.2322341458162996e-41 2.8313158544984767e-41 6.110771925620167e-41 1.4204590647092279e-40 1.5213396578144762e-39 1.3141269742469727e-37 4.697686698074058e-36 5.142227801969746e-36
1.2038727400046132e-06 2.1860012796448613e-41 2.774255184496386e-41 6.006308367434891e-41 1.4058650230381561e-40 1.545369315835975e-39 1.346106128044695e-37 4.8782783003361255e-36 5.4149225128328656e-36
1.2319429330465773e-06 2.1407356377648526e-41 2.7183642515067034e-41 5.903829084631244e-41 1.391607430299257e-40 1.5702261791331635e-39 1.378923453569167e-37 5.067881851290644e-36 5.704918492358151e-36
1.2606676269433496e-06 2.0964168260217687e-41 2.6636187876345583e-41 5.803295583357541e-41 1.3776820253491807e-40 1.5959290484358306e-39 1.4126040626997739e-37 5.267031904580192e-36 6.013402453969582e-36
1.2900620824153782e-06 2.0530248830922306e-41 2.609995033242566e-41 5.704670143415399e-41 1.364084682665433e-40 1.6224969785218105e-39 1.447173987661359e-37 5.476297743857083e-36 6.341644862249268e-36
1.3201419160108953e-06 2.0105402712434843e-41 2.5574697262188656e-41 5.607915802587619e-41 1.3508114114644003e-40 1.6499492722440395e-39 1.4826602217815177e-37 5.696285766859933e-36 6.691005901096395e-36
1.3509231084026028e-06 1.968943867291599e-41 2.50602009147359e-41 5.512996341292827e-41 1.3378583549037557e-40 1.6783054754276456e-39 1.5190907623183005e-37 5.927642039624779e-36 7.06294186841535e-36
1.38242201287781e-06 1.9282169537535925e-41 2.455623830658968e-41 5.419876267560362e-41 1.325221789370041e-40 1.7075853728203117e-39 1.5564946554730346e-37 6.171055033119602e-36 7.459012028023014e-36
1.4146553640265304e-06 1.888341210189978e-41 2.4062591121081374e-41 5.328520802318306e-41 1.3128981238522474e-40 1.7378089852813654e-39 1.594902043709835e-37 6.427258555538908e-36 7.880885951195017e-36
1.447640286632156e-06 1.8492987047326922e-41 2.3579045609880537e-41 5.238895864988438e-41 1.3008838994023775e-40 1.768996568394474e-39 1.6343442155105596e-37 6.697034894452198e-36 8.330351383259634e-36
1.4813943047694329e-06 1.81107188579518e-41 2.3105392496618437e-41 5.150968059381534e-41 1.2891757886839565e-40 1.8011686126851248e-39 1.6748536577017085e-37 6.98121818399385e-36 8.809322672414706e-36
1.5159353511145682e-06 1.773643573960452e-41 2.2641426882561047e-41 5.064704659886765e-41 1.2777705956096114e-40 1.83434584561729e-39 1.7164641104978006e-37 7.28069801339043e-36 9.319849801647088e-36
1.5512817764724183e-06 1.736996954042945e-41 2.2186948154287725e-41 4.980073597949117e-41 1.266665255068863e-40 1.868549235533332e-39 1.7592106254146305e-37 7.596423294273639e-36 9.86412806593948e-36
1.587452359525819e-06 1.7011155673209246e-41 2.174175989333225e-41 4.897043448828809e-41 1.2558568327473832e-40 1.9037999976876763e-39 1.8031296262148105e-37 7.929406405491235e-36 1.044450844193462e-35
1.6244663168122348e-06 1.6659833039354373e-41 2.1305669787744424e-41 4.815583418636872e-41 1.2453425250390371e-40 1.9401196025075525e-39 1.8482589730580645e-37 8.280727635454998e-36 1.1063508699054019e-35
1.6623433129330315e-06 1.6315843954523133e-41 2.0878489545530373e-41 4.735663331641102e-41 1.2351196590520854e-40 1.977529786193955e-39 1.894638030039018e-37 8.65153994350213e-36 1.1723825305278796e-35
1.7011034710007933e-06 1.5979034075835742e-41 2.046003480993224e-41 4.657253617836927e-41 1.2251856927110517e-40 2.016052563752518e-39 1.9423077363064673e-37 9.043074063278558e-36 1.242834618436949e-35
1.740767383330235e-06 1.5649252330650629e-41 2.0050125076506868e-41 4.580325300777512e-41 1.215538214955753e-40 2.0557102445179037e-39 1.9913106809699153e-37 9.456643972797226e-36 1.318016438587365e-35
1.7813561223783898e-06 1.5326350846866872e-41 1.9648583611965616e-41 4.5048499856579705e-41 1.206174946039157e-40 2.0965254502070472e-39 2.0416911820118647e-37 9.893652757576498e-36 1.3982592732618104e-35
1.8228912519398869e-06 1.5010184884719851e-41 1.925523737473695e-41 4.4307998476482425e-41 1.1970937379257178e-40 2.1385211355063555e-39 2.093495369437717e-37 1.0355598895150397e-35 1.483917951582287e-35
1.8653948386032614e-06 1.4700612770040017e-41 1.8869916937215638e-41 4.3581476204696565e-41 1.188292574791977e-40 2.181720611166827e-39 2.1467712729096048e-37 1.0844082991260889e-35 1.575372531354838e-35
1.908889463474389e-06 1.4397495828940386e-41 1.8492456409661786e-41 4.286866585210156e-41 1.1797695736312388e-40 2.2261475695492266e-39 2.2015689141256815e-37 1.1360815000188815e-35 1.6730301011590234e-35
