results/limits/Stanford_f_6_phase.dat
# %ECSV 1.0
# ---
# datatype:
# - {name: mx, unit: MeV, datatype: float64}
# - {name: sigma_6, unit: cm2, datatype: float64}
# schema: astropy-2.0
mx sigma_6
3.162277660168379e-07 3.878273914386367e-32
3.2360111549336787e-07 4.247558836589e-32
3.311463862505236e-07 4.6522805843113584e-32
3.388675869043115e-07 5.095850858209099e-32
3.4676881953794695e-07 5.582010350304291e-32
3.548542818811901e-07 6.114860493749681e-32
3.6312826954049566e-07 6.69889827784079e-32
3.715951782811629e-07 7.339054424253872e-32
3.8025950636269697e-07 8.040735249058436e-32
3.89125856928623e-07 8.809868566462584e-32
3.9819894045202297e-07 9.652954024518119e-32
4.0748357723809307e-07 1.0577118300801958e-31
4.169846999850535e-07 1.159017562736504e-31
4.2670735640476865e-07 1.2700694159563152e-31
4.3665671190447213e-07 1.3918068753103118e-31
4.4683805233101997e-07 1.5252600768145896e-31
4.572567867791303e-07 1.6715585578998648e-31
4.6791845046510194e-07 1.8319408533578473e-31
4.788287076675383e-07 2.0077650178595014e-31
4.899933547366384e-07 2.200520164520936e-31
5.014183231736547e-07 2.4118391176425285e-31
5.131096827821533e-07 2.6435122872120978e-31
5.250736448927506e-07 2.8975028831594227e-31
5.373165656630395e-07 3.175963598744917e-31
5.4984494945446e-07 3.481254904954456e-31
5.626654522879044e-07 3.815965111482152e-31
5.757848853798981e-07 4.182932364901461e-31
5.892102187612295e-07 4.585268771102957e-31
6.029485849799565e-07 5.02638684714452e-31
6.17007282890752e-07 5.510028527473237e-31
6.313937815326057e-07 6.040296971198113e-31
6.461157240969403e-07 6.621691440931482e-31
6.611809319882495e-07 7.2591455498082105e-31
6.765974089794179e-07 7.958069201997044e-31
6.923733454639272e-07 8.856774174573824e-31
7.085171228072106e-07 9.709757378602102e-31
7.250373177994646e-07 1.0645010040635359e-30
7.419427072122865e-07 1.1670472443943941e-30
7.592422724615558e-07 1.2794851490807466e-30
7.769452043790388e-07 1.4027694730247783e-30
7.950609080952509e-07 1.5379471534760455e-30
8.135990080361694e-07 1.6861662116411314e-30
8.325693530364543e-07 1.8486855139449668e-30
8.519820215718901e-07 2.0268854759586072e-30
8.718473271138315e-07 2.222279800037815e-30
8.921758236084957e-07 2.4365283465008022e-30
9.12978311084014e-07 2.6714512478188506e-30
9.342658413882192e-07 2.9290443858623533e-30
9.560497240602198e-07 3.211496363847141e-30
9.78341532338879e-07 3.521207117326633e-30
1.0011531093113902e-06 3.8608083225272514e-30
1.0244965742052174e-06 4.2331857756060254e-30
1.048384328826741e-06 4.641503933175241e-30
1.0728290641500308e-06 5.08923282282355e-30
1.0978437670592484e-06 5.580177552520197e-30
1.1234417272482566e-06 6.1185106698853614e-30
1.149636544281106e-06 6.708807646571619e-30
1.1764421348171486e-06 7.356085789558906e-30
1.2038727400046132e-06 8.065846910326525e-30
1.2319429330465773e-06 8.844124114822335e-30
1.2606676269433496e-06 9.697533112216277e-30
1.2900620824153782e-06 1.063332847882542e-29
1.3201419160108953e-06 1.1659465355795597e-29
1.3509231084026028e-06 1.278466710527495e-29
1.38242201287781e-06 1.4018499500579058e-29
1.4146553640265304e-06 1.5371452081342007e-29
1.447640286632156e-06 1.6855027365646085e-29
1.4813943047694329e-06 1.848183867793435e-29
1.5159353511145682e-06 2.026571742476136e-29
1.5512817764724183e-06 2.2221830730871638e-29
1.587452359525819e-06 2.4366810436168963e-29
1.6244663168122348e-06 2.6718894550682565e-29
1.6623433129330315e-06 2.9298082370862227e-29
1.7011034710007933e-06 3.21263045763758e-29
1.740767383330235e-06 3.52276097543303e-29
1.7813561223783898e-06 3.8628368937327703e-29
1.8228912519398869e-06 4.235749989509241e-29
1.8653948386032614e-06 4.644671308748878e-29
1.908889463474389e-06 5.093078137072301e-29
1.9533982341732686e-06 5.584783575093538e-29
1.9989447971105317e-06 6.123968970058887e-29
2.045553350050195e-06 6.715219479628752e-29
2.0932486549653353e-06 7.363563070274757e-29
2.1420560511935146e-06 8.074513282003653e-29
2.192001468898943e-06 8.854116123163465e-29
2.2431114428485372e-06 9.709001494156842e-29
2.2954131265091837e-06 1.0646439577472148e-28
2.3489343064737076e-06 1.1674402673672243e-28
2.403703417223201e-06 1.2801633009244425e-28
2.4597495562335635e-06 1.4037717093075582e-28
2.5171024994342686e-06 1.5393167253997212e-28
2.575792717027583e-06 1.6879511052875662e-28
2.635851389676631e-06 1.8509389329775958e-28
2.6973104250709106e-06 2.02966637200797e-28
2.760202474878063e-06 2.2256534554074195e-28
2.8245609520908932e-06 2.440567014272213e-28
2.8904200487788716e-06 2.6762348549302114e-28
2.9578147542535346e-06 2.9346613052684277e-28
3.026780873657441e-06 3.2180442624445926e-28
3.097355046986562e-06 3.5287938869867043e-28
3.1695747685562034e-06 3.8695531022729537e-28
3.2434784069208122e-06 4.243220073738227e-28
3.319105225258239e-06 4.65297285900822e-28
3.3964954022292982e-06 5.102296438585516e-28
3.4756900533236943e-06 5.595012357028497e-28
3.5567312527036693e-06 6.1353112266697e-28
3.6396620555569646e-06 6.727788370343369e-28
3.7245265209709786e-06 7.377482906286135e-28
3.811369735340273e-06 8.089920607538443e-28
3.900237836319859e-06 8.871160900447883e-28
3.991178037336996e-06 9.727848401938595e-28
4.0842386526745176e-06 1.0667269433855238e-27
4.179469123139017e-06 1.1697413995000868e-27
4.2769200423275275e-06 1.2827043717955445e-27
4.376643183506652e-06 1.4065766388596895e-27
4.478691527118417e-06 1.5424117661974666e-27
4.583119288927478e-06 1.691365066967544e-27
4.689981948824612e-06 1.854703428049677e-27
4.799336280301815e-06 2.0338160850219417e-27
4.911240380614659e-06 2.2302264376710573e-27
5.0257537016479225e-06 2.4456050065152275e-27
5.142937081500915e-06 2.681783640520463e-27
5.262852776809252e-06 2.940771096844344e-27
5.385564495820272e-06 3.2247701250458867e-27
5.511137432239651e-06 3.53619620110943e-27
5.639638299867211e-06 3.877698070527407e-27
5.771135368040315e-06 4.252180275141786e-27
5.905698497903673e-06 4.662827855318577e-27
6.043399179524854e-06 5.113133437462777e-27
6.184310569875183e-06 5.6069269372232874e-27
6.32850753169624e-06 6.148408130939412e-27
6.47606667327258e-06 6.742182372268446e-27
6.627066389131828e-06 7.393299757698483e-27
6.781586901693754e-06 8.107298073869372e-27
6.939710303890459e-06 8.890249891964043e-27
7.101520602780329e-06 9.748814209457625e-27
7.267103764178904e-06 1.0690293078325909e-26
7.436547758330399e-06 1.1722693701102828e-26
7.609942606644117e-06 1.2854796522752092e-26
7.787380429520604e-06 1.4096229897148687e-26
7.968955495292936e-06 1.5457551962857148e-26
8.15476427030917e-06 1.695034042442359e-26
8.344905470182516e-06 1.858729100193591e-26
8.539480112236516e-06 2.0382325386367786e-26
8.738591569173047e-06 2.2350709617348845e-26
8.942345623991688e-06 2.450918389054697e-26
9.150850526189614e-06 2.6876104897195664e-26
9.364217049271877e-06 2.947160190579163e-26
9.58255854960264e-06 3.2317747912286243e-26
9.805991026628606e-06 3.543874731368928e-26
1.0034633184506672e-05 3.8861141699124274e-26
1.0268606495168497e-05 4.261403550781984e-26
1.0508035262855554e-05 4.6729343470959807e-26
1.07530466901589e-05 5.1242061940197226e-26
1.1003770945598772e-05 5.619056640757926e-26
1.1260341232779899e-05 6.161693774526478e-26
1.1522893861159297e-05 6.756731993568045e-26
1.1791568318464117e-05 7.409231233175596e-26
1.206650734479802e-05 8.124739977888401e-26
1.2347857008475478e-05 8.909342425129231e-26
1.263576678362426e-05 9.769710200956267e-26
1.293038962959737e-05 1.0713159067060556e-25
1.3231882072236462e-05 1.174771110054092e-25
1.3540404287030327e-05 1.2882162874525513e-25
1.3856120184212054e-05 1.4126160218322567e-25
1.4179197495840522e-05 1.5490280192185533e-25
1.4509807864912299e-05 1.6986120971993098e-25
1.484812693655133e-05 1.8626400407290269e-25
1.5194334451324849e-05 2.0425064089157255e-25
1.5548614340735104e-05 2.2397403844589477e-25
1.5911154824937624e-05 2.4560187663284547e-25
1.6282148512737936e-05 2.6931802159310065e-25
1.6661792503919872e-05 2.9532408775298138e-25
1.7050288493959805e-05 3.2384115055860176e-25
1.7447842881182494e-05 3.551116244086086e-25
1.785466687641539e-05 3.8940132172873964e-25
1.8270976615199758e-05 4.270017106306442e-25
1.869699327261814e-05 4.682323903110197e-25
1.91329431807992e-05 5.134438051576387e-25
1.957905794916243e-05 5.6302022057760855e-25
2.003557458746648e-05 6.173829857536898e-25
2.0502735631726606e-05 6.769941109748969e-25
2.0980789273068064e-05 7.423601898427459e-25
2.1469989489583918e-05 8.1403669956465585e-25
2.1970596181267336e-05 8.926327157559456e-25
2.2482875308090033e-05 9.78816081638727e-25
2.3007099031300245e-05 1.0733190754157429e-24
2.354354585801526e-05 1.176944623740288e-24
2.4092500789185385e-05 1.2905731138649887e-24
2.4654255471007912e-05 1.4151698620647582e-24
2.5229108349871537e-05 1.5517933014813479e-24
2.5817364830913554e-05 1.7016039585730302e-24
2.641933744027406e-05 1.865874294070551e-24
2.7035345991133382e-05 2.0459994914888702e-24
2.7665717753620915e-05 2.243509284310631e-24
2.8310787628685666e-05 2.460080921766841e-24
2.8970898326020842e-05 2.6975533824568526e-24
2.964640054613707e-05 2.9579429558261676e-24
3.033765316668089e-05 3.2434603228143694e-24
3.104502343309761e-05 3.5565292796720074e-24
3.176888715373972e-05 3.899807262580772e-24
3.25096288995246e-05 4.2762078460092624e-24
3.326764220824756e-05 4.68892540418094e-24
3.4043329793658724e-05 5.141462142828906e-24
3.483710375941493e-05 5.637657728893424e-24
3.5649385818020195e-05 6.181721767017807e-24
3.648060751487119e-05 6.778269395178412e-24
3.73312104575266e-05 7.43236029902868e-24
3.820164655032238e-05 8.149541471126562e-24
3.90923782344573e-05 8.935894074725243e-24
4.0003878733676586e-05 9.798084803216737e-24
4.093663230568398e-05 1.0743422166400782e-23
4.1891134499415887e-05 1.177991817364324e-23
4.2867892418314344e-05 1.2916355929406082e-23
4.386742498973848e-05 1.4162363705843222e-23
4.489026324065786e-05 1.5528496110416276e-23
4.5936950579773975e-05 1.7026323024174483e-23
4.700804308621986e-05 1.8668527053242466e-23
4.8104109804991236e-05 2.0469010301194353e-23
4.922573304926602e-05 2.2443011352908433e-23
5.0373508709772956e-05 2.4607233438000364e-23
5.154804657137365e-05 2.6979984837663684e-23
5.27499706370262e-05 2.9581332697697056e-23
5.397991945930254e-05 3.243327151895936e-23
5.5238546479635675e-05 3.555990771760821e-23
5.6526520375476976e-05 3.8987661775150596e-23
5.784452541554797e-05 4.274548964660596e-23
5.9193261823375433e-05 4.686512524210913e-23
6.057344614930286e-05 5.1381345977284824e-23
6.198581165117595e-05 5.633226356479762e-23
6.34311086839044e-05 6.175964242609447e-23
6.491010509810695e-05 6.770924832596864e-23
6.642358664805138e-05 7.42312300654583e-23
6.797235740910648e-05 8.13805373405419e-23
6.955724020492732e-05 8.921737815384753e-23
7.117907704460117e-05 9.780771948964213e-23
7.283872956998614e-05 1.0722383527819519e-22
7.453707951348025e-05 1.1754490608482876e-22
7.627502916646401e-05 1.2885767532619115e-22
7.805350185866558e-05 1.412571672730102e-22
7.987344244870308e-05 1.5484747258716422e-22
8.173581782606456e-05 1.6974260762064049e-22
8.364161742479263e-05 1.8606745433737852e-22
8.559185374914618e-05 2.0395878826145967e-22
8.758756291151902e-05 2.2356640255546886e-22
8.96298051829007e-05 2.450543370886955e-22
9.17196655561724e-05 2.686022220816988e-22
9.385825432253677e-05 2.94406746777789e-22
9.604670766138824e-05 3.226832646066696e-22
9.828618824393714e-05 3.536675471402083e-22
0.00010057788585090809 3.876177003934639e-22
0.00010292301800464121 4.248162580725758e-22
0.00010532283061593165 4.655724677320756e-22
0.00010777859864595113 5.102247870795046e-22
0.00011029162678360347 5.591436092800501e-22
0.00011286325013867351 6.127342374802232e-22
0.00011549483495113791 6.714401307966429e-22
0.00011818777931701482 7.357464455339673e-22
0.0001209435139311377 8.061838977571087e-22
0.00012376350284724815 8.833329749919141e-22
0.00012664924425581149 9.67828527599109e-22
0.00012960227127996844 1.0603647725800936e-21
0.00013262415279004548 1.1617007451287101e-21
0.00013571649423705693 1.2726662362242018e-21
0.0001388809385056415 1.3941682574531593e-21
0.00014211916678688624 1.5271980773700188e-21
0.00014543289947150178 1.6728388772906453e-21
0.0001488238970638237 1.832274077747999e-21
0.00015229396111712465 2.0067963905440926e-21
0.00015584493519073535 2.1978176560334076e-21
0.00015947870582948208 2.406879528393663e-21
0.00016319720356596128 2.635665077050122e-21
0.00016700240394618395 2.8860113761950435e-21
0.00017089632857913436 3.159923159905099e-21
0.000174881046210801 3.459587624936818e-21
0.00017895867382325032 3.787390468371246e-21
0.0001831313777593269 4.1459332525926804e-21
0.00018740137487357792 4.5380521962416875e-21
0.00019177093371001327 4.9668384932231965e-21
0.000196242375707327 5.435660271042769e-21
0.00020081807643222024 5.948186300221344e-21
0.00020550046684148122 6.5084115771257996e-21
0.0002102920345734925 7.120684903923683e-21
0.0002151953252698519 7.789738595292148e-21
0.00022021294392780895 8.520720450039584e-21
0.00022534755628423554 9.319228120984388e-21
0.0002306018902318662 1.0191346031448854e-20
0.00023597873726856003 1.1143684978770814e-20
0.0002414809539803547 1.2183424575931831e-20
0.0002471114635590999 1.331835867587889e-20
0.00025287325735547713 1.455694392782801e-20
0.00025876939646823026 1.5908351609004902e-20
0.00026480301337045197 1.7382522871042353e-20
0.000270977313573789 1.8990227539979978e-20
0.00027729557733145163 2.074312658750618e-20
0.00028376116138093086 2.2653838390209784e-20
0.0002903775007273506 2.4736008875594807e-20
0.00029714811046840066 2.7004385627899025e-20
0.00030407658766182135 2.9474896010488354e-20
0.00031116661323643183 3.2164729339231283e-20
0.0003184219539477161 3.5092423077869094e-20
0.00032584646437900766 3.8277953038711276e-20
0.00033344408898933415 4.174282747123457e-20
0.0003412188642090111 4.5510184901458286e-20
0.0003491749205840977 4.9604895537579425e-20
0.0003573164849708539 5.405366593326647e-20
0.0003656478827813646 5.888514659222569e-20
0.0003741735402815245 6.413004206410723e-20
0.0003828979869426037 6.982122302793751e-20
0.000391825857847644 7.599383969763373e-20
0.000400961896153964 8.268543584433185e-20
0.0004103109556130814 8.993606255802034e-20
0.0004198780031493915 9.778839074621272e-20
0.00042966812149897106 1.0628782127228981e-19
0.000439686511909911 1.1548259141261598e-19
0.0004499384969056106 1.2542387623136675e-19
0.00046042952311250296 1.3616588327540333e-19
0.0004711651641537129 1.4776593885352013e-19
0.00048215112361018567 1.6028456392725134e-19
0.0004933932380508582 1.7378553769612356e-19
0.0005048974801334842 1.8833594643000836e-19
0.0005166699617777604 2.0400621535782782e-19
0.0005287169374124361 2.20870121019107e-19
0.0005410448072981404 2.390047815051806e-19
0.0005536601209276797 2.5849062180013665e-19
0.0005665695805056229 2.794113114902502e-19
0.0005797800445090163 3.018536721179636e-19
0.0005932985313311235 3.259075511351482e-19
0.000607132223010125 3.516656599409722e-19
0.0006212884690447563 3.792233733371824e-19
0.0006357747902989163 4.086784877737219e-19
0.0006505988829973161 4.401309362119838e-19
0.0006657686228142928 4.736824579978713e-19
0.0006812920690579615 5.094362214360968e-19
0.0006971774689519261 5.474963989483333e-19
0.0007134332620168255 5.879676930754901e-19
0.0007300680845540431 6.309548145137118e-19
0.0007470907742339592 6.765619119315773e-19
0.0007645103747911887 7.248919558295099e-19
0.0007823361408292924 7.760460779869128e-19
0.00080057754273752 8.301228697065998e-19
0.0008192442717221943 8.87217643746942e-19
0.0008383462449554094 9.474216636017628e-19
0.0008578936108437789 1.0108213470799302e-18
0.0008778967544200344 1.0774974502686956e-18
0.000898366302860337 1.1475242399379104e-18
0.0009193131311302326 1.2209686628472024e-18
0.0009407483677622533 1.297889520994445e-18
0.000962683400768232 1.3783366630082446e-18
0.000985129883689471 1.4623502013297553e-18
0.0010080997417879817 1.5499597669196264e-18
0.0010316051783820807 1.6411838117567075e-18
0.0010556586813297128 1.7360289698975165e-18
0.0010802730296629402 1.8344894864990284e-18
0.001105461300377127 1.9365467285873406e-18
0.0011312368753784248 2.0421687823579712e-18
0.0011576134485932472 2.1513101484096763e-18
