results/limits/Stanford_h.dat
# %ECSV 1.0
# ---
# datatype:
# - {name: mx, unit: MeV, datatype: float64}
# - {name: sigma, unit: cm2, datatype: float64}
# schema: astropy-2.0
mx sigma
[from data line 2548]
0.1195681536791503 1.6395283713121052e-19
0.12000955991859152 1.6461125556036967e-19
0.12045259568447597 1.6527088030437154e-19
0.12089726699247878 1.6593321654367946e-19
0.12134357988048299 1.6659812881851542e-19
0.12179154040866073 1.672649794874969e-19
0.12224115465955733 1.679342781220467e-19
0.12269242873817185 1.6860594341520217e-19
0.12314536877204176 1.6927969564936308e-19
0.12359998091132536 1.6995594960281335e-19
0.12405627132888458 1.7063500915260033e-19
0.12451424622037052 1.7131545118637586e-19
0.12497391180430556 1.7199851328353159e-19
0.1254352743221696 1.7268440514970215e-19
0.12589834003848402 1.733731550684194e-19
0.12636311524089594 1.7406303014726764e-19
0.1268296062402655 1.7475531158050053e-19
0.1272978193707494 1.7545045615524076e-19
0.12776776098988873 1.7614849227736288e-19
0.12823943747869454 1.7684944898739472e-19
0.12871285524173362 1.7755140237496495e-19
0.12918802070721744 1.7825555848411655e-19
0.12966494032708725 1.7896262579286325e-19
0.13014362057710352 1.7967263302934937e-19
0.13062406795693307 1.8038560956448925e-19
0.13110628899023657 1.811015854234842e-19
0.131590290224759 1.8181763838849447e-19
0.1320760782324163 1.8253659206683503e-19
0.13256365960938665 1.8325852503709696e-19
0.13305304097619913 1.839834667006306e-19
0.13354422897782275 1.8471144711628822e-19
0.13403723028375877 1.8544249701220078e-19
0.13453205158812884 1.8617407843233868e-19
0.135028699609768 1.8690803004316648e-19
0.13552718109231496 1.8764502528169348e-19
0.13602750280430292 1.8838509407230012e-19
0.13652967153925344 1.8912826700905847e-19
0.13703369411576632 1.8987457536778725e-19
0.1375395773776143 1.9062255418663929e-19
0.13804732819383497 1.9137184684147802e-19
0.1385569534588234 1.921242487752936e-19
0.13906846009242732 1.9287979043944723e-19
0.13958185504004023 1.9363850296728184e-19
0.1400971452726949 1.944004181864688e-19
0.14061433778716 1.9516474372984704e-19
0.14113343960603286 1.95929874809948e-19
0.14165445777783667 1.966981876471469e-19
0.14217739937711557 1.974697133933848e-19
0.14270227150452966 1.9824448389796353e-19
0.14322908128695352 1.990225317201697e-19
0.1437578358775706 1.9980245052079002e-19
0.14428854245597247 2.005840594410382e-19
0.1448212082282554 2.013689344360902e-19
0.14535584042711722 2.0215710768541032e-19
0.14589244631195777 2.0294861208696103e-19
0.146431033168975 2.0374261588491878e-19
0.14697160831126596 2.0453814610400666e-19
0.14751417907892528 2.0533701032324768e-19
0.14805875283914388 2.0613924147728894e-19
0.14860533698631115 2.0694487323515094e-19
0.1491539389421129 2.0775178482769862e-19
0.1497045661556343 2.0856198623234783e-19
0.15025722610346004 2.0937560867141596e-19
0.150811926289775 2.1019178555566138e-19
0.15136867424646827 2.110106369246747e-19
0.15192747753323302 2.1183272102768987e-19
0.15248834373767112 2.1265748275634497e-19
0.15305128047539548 2.1348517387744204e-19
0.15361629539013236 2.143157607607815e-19
0.1541833961538274 2.1514932353599445e-19
0.15475259046674725 2.1598609110612962e-19
0.15532388605758637 2.1682506410632832e-19
0.1558972906835711 2.1766758458404544e-19
0.15647281213056383 2.1851368788245583e-19
0.1570504582131711 2.1936133569784614e-19
0.15763023677484714 2.2021236858436284e-19
0.1582121556880026 2.2106700978637767e-19
0.15879622285411046 2.2192529536995094e-19
0.15938244620381237 2.2278499793361606e-19
0.15997083369702858 2.2364786989487e-19
0.1605613933230635 2.2451439695149394e-19
0.1611541331007163 2.253846154517963e-19
0.16174906107838902 2.2625804091825487e-19
0.1623461853341947 2.2713265435434396e-19
0.16294551397606943 2.280109599980906e-19
0.16354705514187984 2.2889299416643556e-19
0.16415081699953585 2.29778793986235e-19
0.16475680774710064 2.3066793423370877e-19
0.1653650356129009 2.3155804811589903e-19
0.16597550885564097 2.324519224520303e-19
0.16658823576451223 2.333495941575232e-19
0.1672032246593081 2.3425110097146246e-19
0.1678204838905358 2.3515648147132034e-19
0.16844002183952902 2.3606249967987327e-19
0.16906184691856385 2.369722242935752e-19
0.16968596757097032 2.378858157601484e-19
0.17031239227124959 2.3880331242137213e-19
0.17094112952518778 2.397247534713211e-19
0.17157218786997064 2.4064725363344146e-19
0.17220557587430135 2.4157327139151376e-19
0.17284130213851595 2.425032318907175e-19
0.1734793752946991 2.4343717424012693e-19
0.17411980400680352 2.443747592359111e-19
0.17476259697076518 2.4531367030509313e-19
0.17540776291462348 2.4625657233817007e-19
0.17605531059863896 2.4720350465791675e-19
0.17670524881541108 2.481545074627653e-19
0.17735758639000002 2.491072388189497e-19
0.17801233218004386 2.500636622109693e-19
0.17866949507588117 2.510241790445418e-19
0.17932908400067077 2.519882705236743e-19
0.17999110791051168 2.529547796739604e-19
0.18065557579456742 2.539254232376523e-19
0.18132249667518507 2.548995488124641e-19
0.1819918796080203 2.5587684701239067e-19
0.1826637336821593 2.56857843912168e-19
0.18333806802024108 2.578422808754572e-19
0.1840148917785839 2.58830263000909e-19
0.1846942141473066 2.5982165251648415e-19
0.18537604435045615 2.60816811545388e-19
0.18606039164613153 2.618150389995847e-19
0.18674726532660849 2.6281755464259107e-19
0.18743667471846837 2.638231529032226e-19
0.18812862918272155 2.6483202364601117e-19
0.18882313811493745 2.658452287046995e-19
0.18952021094537072 2.6686247339384954e-19
0.1902198571390883 2.6788169292627523e-19
0.1909220861961006 2.6890527813443237e-19
0.19162690765148735 2.699332721659079e-19
0.19233433107552989 2.7096507538082405e-19
0.19304436607383976 2.719988710885999e-19
0.19375702228748823 2.7303709658900164e-19
0.1944723093931397 2.740797955980819e-19
0.19519023710318006 2.751270128041088e-19
0.19591081516585138 2.7617553232214057e-19
0.19663405336538295 2.7722844477140873e-19
0.19735996152212307 2.782858899009172e-19
0.1980885494926751 2.793479127943347e-19
0.19881982717002813 2.8041252340262295e-19
0.19955380448369414 2.81480319624504e-19
0.20029049139984156 2.825527075539069e-19
0.20102989792142947 2.836297326429957e-19
0.20177203408834618 2.8471048305661763e-19
0.2025169099775423 2.8579352019601245e-19
0.20326453570317043 2.868812137035001e-19
0.20401492141672142 2.879736095472097e-19
0.2047680773071607 2.890699942024824e-19
0.20552401360106973 2.901687702875028e-19
0.20628274056278148 2.91272278109454e-19
0.20704426849452268 2.9238056445433826e-19
0.2078086077365525 2.9349196467644303e-19
0.20857576866730165 2.946071013199885e-19
0.20934576170351638 2.957270601470998e-19
0.21011859730039628 2.9685067241242075e-19
0.2108942859517395 2.9797805379311984e-19
0.21167283819008384 2.9911014632938224e-19
0.21245426458684835 3.002456066761535e-19
0.21323857575247965 3.013855156273628e-19
0.2140257823365947 3.0252945323159543e-19
0.21481589502812387 3.036774539093705e-19
0.21560892455545946 3.048298937190099e-19
0.21640488168659758 3.059858654745323e-19
0.2172037772292876 3.0714659857699964e-19
0.2180056220311776 3.083112351324863e-19
0.21881042697996014 3.0947975476464975e-19
0.21961820300352347 3.1065334413227443e-19
0.22042896107009613 3.1183051845998304e-19
0.2212427121883991 3.1301154577492327e-19
0.22205946740779403 3.1419769484058136e-19
0.22287923781843166 3.1538846479705076e-19
0.22370203455140583 3.1658183711064355e-19
0.2245278687789009 3.177803726128636e-19
0.22535675171434655 3.189841223177341e-19
0.22618869461256882 3.2019140400407496e-19
0.22702370876994146 3.214022868727311e-19
0.22786180552454255 3.2261841927741976e-19
0.22870299625630475 3.238398532321115e-19
0.2295472923871731 3.2506412668510916e-19
0.2303947053812587 3.262927571459941e-19
0.23124524674499297 3.275267236990915e-19
0.23209892802728715 3.287660793397538e-19
0.2329557608196854 3.300075173221289e-19
0.23381575675652538 3.3125429853033237e-19
0.234678927515095 3.325065085235997e-19
0.23554528481578937 3.337627118392946e-19
0.23641484042227343 3.350227261844554e-19
0.23728760614163763 3.362882193238349e-19
0.2381635938245619 3.3755836908014466e-19
0.23904281536547492 3.388321426966166e-19
0.2399252827027142 3.401114593579641e-19
0.24081100781869166 3.413949332294022e-19
0.24170000274005238 3.4268311075706567e-19
0.24259227953784124 3.439760498157776e-19
0.24348785032766557 3.452736967724959e-19
0.24438672726985794 3.465758825818019e-19
0.2452889225696449 3.4788279579138846e-19
0.2461944484773087 3.491947158939328e-19
0.24710331728835705 3.5051079107033664e-19
0.2480155413436886 3.518324521880162e-19
0.24893113302975917 3.531579387102689e-19
0.24985010477875313 3.544888332660839e-19
0.2507724690687485 3.5582483645418835e-19
0.25169823842388966 3.571645985492346e-19
0.2526274254145561 3.5851020182028436e-19
0.25356004265753135 3.598607916311981e-19
0.2544961028161782 3.6121504591070045e-19
0.2554356186006062 3.6257520345352103e-19
0.25637860276784796 3.6394109446455194e-19
0.25732506812203104 3.653098170988096e-19
0.25827502751454984 3.666844989104798e-19
0.25922849384424407 3.6806519869327314e-19
0.2601854800575696 3.6944944672524437e-19
0.26114599914877795 3.7083877680478914e-19
0.2621100641600911 3.7223418021995895e-19
0.26307768818187705 3.736342751415154e-19
0.2640488843528307 3.7503854235029883e-19
0.2650236658601507 3.7644894331920042e-19
0.26600204593971694 3.778645403857049e-19
0.2669840378762738 3.792841770362244e-19
0.26796965500360664 3.807100181097995e-19
0.26895891070472616 3.821406715963734e-19
0.26995181841204896 3.835762308609016e-19
0.2709483916075778 3.850177826279631e-19
0.271948643823089 3.8646362200327344e-19
0.27295258864031124 3.8791536679080944e-19
0.2739602396911145 3.893721640344041e-19
0.2749716106576929 3.908341844249894e-19
0.27598671527274893 3.9230151945571465e-19
0.2770055673196843 3.9377440276818954e-19
0.27802818063278184 3.9525229425732045e-19
0.279054569097398 3.967359134631861e-19
0.28008474665014926 3.982244582778292e-19
0.2811187272790998 3.997194707114333e-19
0.2821565250239554 4.012183091565784e-19
0.28319815397624953 4.0272370679995864e-19
0.2842436282795387 4.0423454368191725e-19
0.28529296212959276 4.0575002598900137e-19
0.28634616977458593 4.0727215039004914e-19
0.2874032655152944 4.0879929528468846e-19
0.2884642637052855 4.1033141798081933e-19
0.28952917875111733 4.1187025962775685e-19
0.2905980251125321 4.134141136327998e-19
0.2916708173026507 4.149630207412951e-19
0.29274756988817435 4.165187229132249e-19
0.29382829748957706 4.1807940261153575e-19
0.2949130147813089 4.1964540411903646e-19
0.29600173649199285 4.2121828201350917e-19
0.29709447740462364 4.2279566613000177e-19
0.2981912523567721 4.243792237808915e-19
0.2992920762407822 4.2596903571826492e-19
0.3003969640039773 4.275637392733863e-19
0.30150593064886144 4.291651993870536e-19
0.302618991233321 4.3077161598147104e-19
0.30373616087083366 4.323843715380651e-19
0.3048574547306686 4.340029195980787e-19
0.30598288803809687 4.356273774725362e-19
0.307112476074596 4.3725772746762055e-19
0.3082462341780561 4.3889383197868325e-19
0.30938417774299193 4.405364863245163e-19
0.31052632222074755 4.42184225614408e-19
0.31167268311970986 4.438391903830044e-19
0.31282327600551785 4.454986539597042e-19
0.3139781165012717 4.47165406331715e-19
0.31513722028774954 4.488375551998472e-19
0.31630060310361513 4.505158351223988e-19
0.31746828074563616 4.522014476491751e-19
0.3186402690688968 4.538911499804957e-19
0.31981658398701107 4.55588270273861e-19
0.32099724147234265 4.572917832630485e-19
0.32218225755622004 4.59000400695757e-19
0.323371648329152 4.607165328385738e-19
0.324565429941051 4.624380672765883e-19
0.3257636186014468 4.641659384536793e-19
0.3269662305797116 4.659010659621722e-19
0.3281732822052786 4.676410333482369e-19
0.3293847898678619 4.693886555002203e-19
0.3306007700176839 4.711416389580321e-19
0.33182123916569284 4.729018720386281e-19
0.3330462138837922 4.746677951124904e-19
0.33427571080506324 4.764406213876892e-19
0.33550974662398925 4.782198047551168e-19
0.3367483380966867 4.800055343520608e-19
0.3379915020411273 4.8179786580142e-19
0.3392392553373714 4.8359637148229195e-19
0.3404916149277949 4.8540163808537655e-19
0.3417485978173172 4.872136843326714e-19
0.34301022107363716 4.890320175263311e-19
0.34427650182745906 4.9085725438381435e-19
0.3455474572727304 4.926891841087721e-19
0.34682310466687283 4.945273795856358e-19
0.3481034613310148 4.963734806545592e-19
0.34938854465023134 4.982245310182896e-19
0.35067837207377467 5.000837326870625e-19
0.3519729611153161 5.019490824951442e-19
0.3532723293531816 5.038212265544827e-19
0.35457649443058825 5.057011287610183e-19
0.35588547405588916 5.075864309145137e-19
0.35719928600280787 5.094800443349103e-19
0.3585179481106848 5.113793605608946e-19
0.3598414782847174 5.132865406246958e-19
0.36116989449620096 5.152000208202846e-19
0.3625032147827778 5.171212504013865e-19
0.3638414572486764 5.1904868992672085e-19
0.36518464006496226 5.209835867346575e-19
0.3665327814697825 5.229255770336549e-19
0.3678858997686112 5.248745600100498e-19
0.3692440133345032 5.2683067024657e-19
0.3706071406083376 5.287942730333145e-19
0.37197530009907354 5.307644746941022e-19
0.37334851038399897 5.327423108761363e-19
0.37472679010898086 5.347271277496356e-19
0.37611015798872366 5.367195119543495e-19
0.3774986328070172 5.387187221085234e-19
0.3788922334169973 5.407260858775603e-19
0.3802909787413992 5.427395905178859e-19
0.38169488777281246 5.447619885134446e-19
0.3831039795739441 5.467900716219126e-19
0.3845182732778712 5.488268688951322e-19
0.3859377880883062 5.5087035272726e-19
0.38736254327985536 5.529217713798589e-19
0.3887925581982782 5.549805044653932e-19
0.3902278522607553 5.570469147032482e-19
0.3916684449561461 5.591206792897318e-19
0.39311435584525883 5.612025725174553e-19
0.3945656045611138 5.632913526832586e-19
0.39602221080920746 5.653881350484758e-19
0.39748419436778504 5.674925868629975e-19
0.3989515750881064 5.696048007751322e-19
0.40042437289471333 5.717245711113328e-19
0.4019026077857058 5.738521084114202e-19
0.4033862998330067 5.759880727833792e-19
0.40487546918264056 5.78130722316418e-19
0.40637013605500416 5.802823742614669e-19
0.40787032074513907 5.824407803574315e-19
0.4093760436230126 5.846083451907361e-19
0.41088732513378806 5.867824746049959e-19
0.41240418579810806 5.889661685486221e-19
0.4139266462123705 5.9115608200449975e-19
0.4154547270490062 5.933556764001731e-19
0.41698844905676485 5.955618349902841e-19
0.41852783306099045 5.977775094901594e-19
0.42007289996390984 5.999999467780381e-19
0.42162367074491397 6.022315861171373e-19
0.4231801664608403 6.044707762508512e-19
0.42474240824626447 6.067183544549914e-19
0.4263104173137807 6.089742782192417e-19
0.4278842149542958 6.11238457775088e-19
0.42946382253731535 6.135109249867254e-19
0.4310492615112317 6.157916316366346e-19
0.432640553403621 6.180806393309488e-19
0.4342377198215286 6.203785173606339e-19
0.43584078245176866 6.2268413527909315e-19
0.43744976306121586 6.249986327437907e-19
0.4390646834970984 6.273215226214352e-19
0.4406855656873006 6.296528541066413e-19
0.44231243164065415 6.319929357524714e-19
0.4439453034472424 6.343413336184654e-19
0.4455842032786982 6.366986771325278e-19
0.447229153388502 6.390642611771575e-19
0.44888017611229036 6.414391063624033e-19
0.45053729386815217 6.438219012748351e-19
0.45220052915693904 6.462142213416433e-19
0.4538699045625685 6.4861473373946735e-19
0.45554544275232756 6.510241796731748e-19
0.4572271664771872 6.534426003243425e-19
0.4589150985721037 6.558698686395738e-19
0.46060926195633534 6.583060098955104e-19
0.4623096796337507 6.607512673261099e-19
0.4640163746931382 6.6320510010567535e-19
0.46572937030852646 6.656679836351759e-19
0.46744868973949083 6.68140649187897e-19
0.4691743563314765 6.706212175281877e-19
0.4709063935161123 6.731118073831013e-19
0.4726448248115259 6.756109832096902e-19
0.4743896738226702 6.781196457725348e-19
0.47614096424163577 6.806375118913701e-19
0.47789871984797955 6.83164359945279e-19
0.4796629645090448 6.857011686970003e-19
0.4814337221802822 6.882462980248952e-19
0.483211016905582 6.908014263979067e-19
0.48499487281759257 6.933660108450705e-19
