results/limits/Stanford_l_phase.dat
# %ECSV 1.0
# ---
# datatype:
# - {name: mx, unit: MeV, datatype: float64}
# - {name: sigma_10, unit: cm2, datatype: float64}
# - {name: sigma_9, unit: cm2, datatype: float64}
# - {name: sigma_7, unit: cm2, datatype: float64}
# - {name: sigma_6, unit: cm2, datatype: float64}
# - {name: sigma_5, unit: cm2, datatype: float64}
# - {name: sigma_4, unit: cm2, datatype: float64}
# - {name: sigma_3, unit: cm2, datatype: float64}
# - {name: sigma_2, unit: cm2, datatype: float64}
# schema: astropy-2.0
mx sigma_10 sigma_9 sigma_7 sigma_6 sigma_5 sigma_4 sigma_3 sigma_2
[from data line 558]
0.12178269640372161 2.2039128038246425e-33 7.696429834722036e-30 2.3955693342532705e-22 2.3949037324029845e-18 2.3940917276430467e-14 2.3155556481918883e-10 3.2877000478176325e-07 8.200104884099447e-07
0.12462225218368743 2.3569401673407986e-33 8.27140096781212e-30 2.6268989639677764e-22 2.6262015636082664e-18 2.625311460824434e-14 2.5391904239521045e-10 3.6052238627334735e-07 8.992065387686527e-07
0.1275280166884199 2.522565412852835e-33 8.885861102818468e-30 2.880568650584666e-22 2.8798379131371242e-18 2.8788621850183246e-14 2.784423642600965e-10 3.9534138383991414e-07 9.860512715157888e-07
0.13050153367883624 2.701923305565154e-33 9.542528679737916e-30 3.158735926865206e-22 3.15797023745166e-18 3.1569006304210476e-14 3.053341284742801e-10 4.335231716865459e-07 1.0812833974553562e-06
0.1335443829110759 2.8962554393945377e-33 1.0244352676940601e-29 3.4637667321227994e-22 3.462964395587575e-18 3.461791859681758e-14 3.3482308292765865e-10 4.7539253339135527e-07 1.1857129842232192e-06
0.13665818097578622 3.106920369610039e-33 1.0994535530053482e-29 3.7982554007412807e-22 3.797414637509139e-18 3.7961292495341544e-14 3.6716005795482826e-10 5.213056058944711e-07 1.3002283002805166e-06
0.13984458215697693 3.3354046821971756e-33 1.1796559406717934e-29 4.1650469388282053e-22 4.164165880456517e-18 4.162756759649716e-14 4.026201201694413e-10 5.71652937581026e-07 1.4258034423130252e-06
0.14310527931090045 3.583335086701378e-33 1.2654213077783318e-29 4.567260858190708e-22 4.5663375427645036e-18 4.564792758440123e-14 4.4150487688605744e-10 6.268627601730752e-07 1.5635064959077801e-06
0.14644200476542463 3.85249162033195e-33 1.3571623806533235e-29 5.008318446289253e-22 5.007350813379322e-18 5.005657283399535e-14 4.84145112729279e-10 6.87404732271675e-07 1.714508872608527e-06
0.14985653124037576 4.14482205849715e-33 1.4553287689297338e-29 5.4919708204757745e-22 5.4909567060583085e-18 5.489100085869946e-14 5.309035021119686e-10 7.537937906202971e-07 1.8800949156472336e-06
0.15335067278934078 4.4624576495700735e-33 1.5604107537881414e-29 6.022331768646884e-22 6.0212688994986155e-18 6.019233460121244e-14 5.821777844504184e-10 8.265946583769928e-07 2.0616731443715168e-06
0.1569262857634292 4.8077302770828426e-33 1.672943026399335e-29 6.603912283237168e-22 6.602798271125458e-18 6.600566765524503e-14 6.384041031348084e-10 9.064265858915587e-07 2.2607880785806307e-06
0.1605852697975066 5.1831911952697935e-33 1.7935089021999864e-29 7.2416589724097535e-22 7.24049130793462e-18 7.238044824474305e-14 7.000607193605252e-10 9.93968623722146e-07 2.4791333903606767e-06
0.16432956881942368 5.591631453336793e-33 1.9227449210773075e-29 7.940996238051852e-22 7.939772284083874e-18 7.937090085792772e-14 7.676720901553223e-10 1.0899654127487992e-06 2.7185663456509286e-06
0.16816117208277714 6.036104199614316e-33 2.061345767426671e-29 8.707872219346573e-22 8.706589204125893e-18 8.703648552509462e-14 8.418133104953757e-10 1.195233491232061e-06 2.9811235351625097e-06
0.172082115223751 6.519948982981094e-33 2.2100697298804812e-29 9.548809808191145e-22 9.547464817951757e-18 9.544240779644932e-14 9.231150457900197e-10 1.3106682981127174e-06 3.269038341845503e-06
0.1760944813425998 7.046818295723195e-33 2.3697445682943102e-29 1.0470961743560205e-21 1.0469551714748034e-17 1.0466016949636948e-13 1.012268858754402e-09 1.4372517362761607e-06 3.584759805006755e-06
0.1802004021103484 7.620706515867824e-33 2.5412737650145594e-29 1.14821709579486e-21 1.148069266907556e-17 1.1476817198122673e-13 1.1100330440944256e-09 1.5760604568248817e-06 3.930973282749387e-06
0.18440205890129596 8.24598148984905e-33 2.72564395687144e-29 1.2591039072357597e-21 1.2589489135051847e-17 1.2585240085079884e-13 1.217239251007479e-09 1.7282752619170385e-06 4.310623904313738e-06
0.18870168395192646 8.92741900750351e-33 2.9239321285905104e-29 1.3806997557808133e-21 1.3805372407644539e-17 1.3800713732188513e-13 1.334799363558889e-09 1.8951908737452523e-06 4.726940935636743e-06
0.1931015615468407 9.670240444990491e-33 3.1373141436832444e-29 1.5140388753579642e-21 1.513868464020861e-17 1.5133576813116295e-13 1.4637133340291834e-09 2.0782270565738476e-06 5.183465519678181e-06
0.1976040292323402 1.0480153842912001e-32 3.367073972860929e-29 1.6602554391382254e-21 1.660076736797487e-17 1.659516704723225e-13 1.6050777419897936e-09 2.278940769188586e-06 5.684080986777745e-06
0.20221147905830805 1.136339880044593e-32 3.6146134992374175e-29 1.820593098788571e-21 1.8204056900036077e-17 1.819791655950898e-13 1.7600950174737438e-09 2.4990392602497153e-06 6.233045516779608e-06
0.20692635884904578 1.2326795493852034e-32 3.881463511720916e-29 1.996415613097488e-21 1.9962190604840338e-17 1.9955458130267265e-13 1.930083717407422e-09 2.740394659098827e-06 6.835028531083056e-06
0.21175117350374192 1.3377798258808642e-32 4.1692958153719956e-29 2.1892185509370686e-21 2.1890123938979582e-17 2.188274218460209e-13 2.11648984077993e-09 3.005060041398592e-06 7.495150763186906e-06
0.2166884863272632 1.4524554133716616e-32 4.479936001165727e-29 2.400641787827863e-21 2.400425541217944e-17 2.3996161715343054e-13 2.320898911140645e-09 3.2952865842496554e-06 8.219027046582507e-06
0.22174092039197504 1.5775966882511584e-32 4.815378085579457e-29 2.6324837056385366e-21 2.6322568583269602e-17 2.63136942312644e-13 2.545049705771945e-09 3.6135430593096403e-06 9.012814934037164e-06
0.22691115993131514 1.7141766941043315e-32 5.177799890906811e-29 2.8867162399049172e-21 2.8864782532576816e-17 2.88550521788699e-13 2.7908488044225974e-09 3.962536489550665e-06 9.88326621919756e-06
0.23220195176586036 1.8632587975493678e-32 5.569580517973561e-29 3.1655018636249083e-21 3.1652521698730845e-17 3.1641852722074855e-13 3.0603870103290786e-09 4.345235464351141e-06 1.0837785088548715e-05
0.2376161067626448 2.0260050442664224e-32 5.993318894285484e-29 3.4712118623430104e-21 3.470949862856922e-17 3.4697800430647015e-13 3.355957019766726e-09 4.7648952272902626e-06 1.1884490694806689e-05
0.24315650132850383 2.2036853166224153e-32 6.451854613196449e-29 3.806446526215219e-21 3.8061715896479345e-17 3.804888913163483e-13 3.6800729450371725e-09 5.225085395510668e-06 1.303228629390722e-05
0.24882607893823822 2.3976873194460677e-32 6.948290630940462e-29 4.1740574152701765e-21 4.173768875572865e-17 4.1723624485812066e-13 4.035491841970914e-09 5.729720525155813e-06 1.4290935480607848e-05
0.25462785169840935 2.6095275085282673e-32 7.486017275244927e-29 4.577171203955422e-21 4.576868358294447e-17 4.575326235196486e-13 4.425236764423486e-09 6.2830928448818374e-06 1.5671143831650677e-05
0.2605649019475973 2.840863033353306e-32 8.068740266129005e-29 5.019216703321879e-21 5.0188988098024524e-17 5.017207891591348e-13 4.852622891043787e-09 6.889909351479737e-06 1.7184651428799263e-05
0.26664038389397104 3.0935047648202273e-32 8.700510483442392e-29 5.503954156320372e-21 5.503620431557418e-17 5.501766354342212e-13 5.3212858498875575e-09 7.555332026068479e-06 1.8844333165130722e-05
0.27285752529104135 3.36943151614487e-32 9.385755072930012e-29 6.035506345022723e-21 6.035155961605364e-17 6.033122974672893e-13 5.835211794972764e-09 8.285020537751343e-06 2.0664305255500863e-05
0.2792196291524867 3.6708055897302917e-32 1.0129315200975902e-28 6.6183948452233906e-21 6.618026928904793e-17 6.615797760587389e-13 6.398772459521946e-09 9.08518201333172e-06 2.2660049371009993e-05
0.2857300755069626 3.9999896657021697e-32 1.093648331875623e-28 7.257577462545724e-21 7.257191089318346e-17 7.254746800271515e-13 7.016761351723008e-09 9.962622429213194e-06 2.4848540819483204e-05
0.2923923231938275 4.35956526139591e-32 1.1813047240523712e-28 7.958491108131816e-21 7.958085301036476e-17 7.955405123095856e-13 7.694435209715649e-09 1.0924805470516624e-05 2.724839535050924e-05
0.2992099117007387 4.752352792496943e-32 1.2765336550937333e-28 8.727097627652029e-21 8.726671353375766e-17 8.723732513000878e-13 8.437558312109804e-09 1.1979915444572879e-05 2.9880026072808756e-05
0.3061864630440946 5.181433376397368e-32 1.380027392622504e-28 9.569934637415486e-21 9.56948680265873e-17 9.56626432727946e-13 9.25245162970387e-09 1.3136927068106242e-05 3.276581751580173e-05
0.31332568369332287 5.650172563102124e-32 1.492543264661314e-28 1.049417171514455e-20 1.0493701162671357e-16 1.0490167668135642e-12 1.0146047154386279e-08 1.440568260514821e-05 3.593031802519536e-05
0.32063136654003577 6.162246094049618e-32 1.6149095907441676e-28 1.1507669631517834e-20 1.1507175135998902e-16 1.150330059410029e-12 1.1125945168174145e-08 1.579697317945231e-05 3.9400442570515326e-05
0.3281073929131 6.721667757794599e-32 1.7480327329412173e-28 1.2619049274698952e-20 1.2618529538156736e-16 1.2614281020980339e-12 1.2200480883929085e-08 1.7322633393116122e-05 4.32057087406689e-05
0.3357577346406907 7.332819663946624e-32 1.8929044349622196e-28 1.383776433788506e-20 1.383721798482266e-16 1.3832559384644918e-12 1.3378794724506338e-08 1.8995641111167288e-05 4.737848562433539e-05
0.343586456160426 8.000484951830217e-32 2.050609797511143e-28 1.5174180555647837e-20 1.5173606127864494e-16 1.5168497850404473e-12 1.4670908933741728e-08 2.0830226236295928e-05 5.195426511337008e-05
0.3515977166787018 8.729883093668525e-32 2.2223365359502354e-28 1.6639666391584295e-20 1.6639062342487802e-16 1.6633460969657552e-12 1.6087815259189096e-08 2.2841995203612452e-05 5.697197241472948e-05
0.359795772380376 9.52670804223996e-32 2.409384326872719e-28 1.8246686540587098e-20 1.8246051229200695e-16 1.8239909150409958e-12 1.7641565356423497e-08 2.5048059339571917e-05 6.247428620031127e-05
0.368184978689974 1.0397169346053887e-31 2.6131757440232325e-28 2.0008909530236303e-20 2.0008241214667443e-16 2.000150622193927e-12 1.9345374825144116e-08 2.746718257576398e-05 6.850800703124775e-05
0.3767697925856183 1.1348036418637582e-31 2.835268210978343e-28 2.1941325667907505e-20 2.1940622498256116e-16 2.1933237341674225e-12 2.1213737248224867e-08 3.011994336520823e-05 7.512446120575967e-05
0.38555477496691104 1.2386685872934985e-31 3.0773666009407395e-28 2.4060372580118928e-20 2.405963259092016e-16 2.405153449185564e-12 2.3262545571570956e-08 3.302890702136083e-05 8.237993060309147e-05
0.394544593078027 1.352115272876856e-31 3.341337148530921e-28 2.638407323559653e-20 2.638329433769343e-16 2.6374414455612218e-12 2.5509225554014018e-08 3.6218815194548466e-05 9.033612527122002e-05
0.4037440229873054 1.4760184883606225e-31 3.6292234769196855e-28 2.8932193764123716e-20 2.8931373735759994e-16 2.8921636581951653e-12 2.797288835696526e-08 3.971680252364351e-05 9.906072379441734e-05
0.4131579521246571 1.6113301321410542e-31 3.9432630832603952e-28 3.1726407941353494e-20 3.172554441867498e-16 3.1714867214663644e-12 3.067448957937693e-08 4.35526224389942e-05 0.00010862793648565868
0.42279138187813525 1.7590854617902377e-31 4.285906407530059e-28 3.479048537969881e-20 3.4789575846377313e-16 3.4777867819039503e-12 3.3637011213134783e-08 4.775890550851688e-05 0.00011911914974742938
0.43264943025104924 1.9204096883102706e-31 4.659836165373933e-28 3.815048531914945e-20 3.814952709539973e-16 3.813668870690921e-12 3.688564901312036e-08 5.237142547170939e-05 0.00013062358960756423
0.4427373345810337 2.0965250467250943e-31 5.067991385445974e-28 4.18349921784891e-20 4.183398240880994e-16 4.181990450735967e-12 4.0448040243525095e-08 5.7429422601160157e-05 0.00014323912823999257
0.4530604543225162 2.288758196069491e-31 5.513589792885588e-28 4.5875341364841053e-20 4.58742770052027e-16 4.585883989978689e-12 4.435448200593374e-08 6.29759136917509e-05 0.00015707305713258662
0.4636242738940635 2.4985481701219964e-31 6.0001568169682425e-28 5.0305904196902956e-20 5.030478200044857e-16 5.028785443981722e-12 4.863820672178834e-08 6.905808319948016e-05 0.00017224306265650616
0.47443440559211736 2.727454597786862e-31 6.531553254064835e-28 5.516436503484386e-20 5.516318153672595e-16 5.5144619595138625e-12 5.3335650080309645e-08 7.572766368250068e-05 0.00018887817495337141
0.48549659257266914 2.9771664878870473e-31 7.112008415231399e-28 6.049204974950033e-20 6.049080125030247e-16 6.047044710281172e-12 5.8486768624343246e-08 8.304138671967219e-05 0.00020711989260581665
0.4968167119024568 3.2495113079922354e-31 7.746155589697235e-28 6.633427818486027e-20 6.633296073261931e-16 6.631064131181574e-12 6.41353805346264e-08 9.106146676697503e-05 0.00022712338946088626
0.5084007776813051 3.5464645732779158e-31 8.439069938652413e-28 7.274074191811138e-20 7.273935128895794e-16 7.271487681466958e-12 7.032953087354514e-08 9.985611974229072e-05 0.00024905880807211543
0.5202549442372687 3.8701597368474655e-31 9.19631166368102e-28 7.976593275400378e-20 7.976446443104221e-16 7.97376267959244e-12 7.71219058820416e-08 0.00010950015125741583 0.0002731127268541198
0.5323855093962742 4.2228984593886065e-31 1.002397283313732e-27 8.746960883606559e-20 8.746805798646712e-16 8.74386289848323e-12 8.45702836471264e-08 0.00012007559649022553 0.0002994897560368415
0.5447989178279997 4.607161290789942e-31 1.0928728503352106e-27 9.591730271053003e-20 9.591566416061224e-16 9.588339354639023e-12 9.273802533201585e-08 0.00013167241764895063 0.00032841427726470335
0.557501764469769 5.025618337904793e-31 1.1917890101774025e-27 1.0518085628902758e-19 1.05179124497644e-15 1.0514373786243074e-11 1.0169459241421157e-07 0.00014438923836336431 0.0003601322752980038
0.5705007980302781 5.481140957505037e-31 1.2999472830664027e-27 1.15339084432328e-19 1.1533725346099031e-15 1.1529844988891614e-11 1.1151618828195907e-07 0.00015833425464397577 0.00039491361010611704
0.5838029245750183 5.976812470251095e-31 1.4182255392645862e-27 1.264783789902589e-19 1.2647644247189857e-15 1.2643389199135906e-11 1.222863422613921e-07 0.0001736260641024701 0.0004330540850898035
0.5974152111952977 6.515940212274772e-31 1.5475859843062487e-27 1.3869349677903863e-19 1.3869144788307195e-15 1.3864478865344485e-11 1.340966714850857e-07 0.0001903947476770726 0.0004748781450954183
0.6113448897628128 7.1020672632011965e-31 1.6890828898574117e-27 1.520883331249509e-19 1.520861645197982e-15 1.5203499975800997e-11 1.470476288062508e-07 0.00020878293154506986 0.0005207415250123845
0.6255993607717623 7.738983843608506e-31 1.8438718165270986e-27 1.66776839428037e-19 1.667745432400623e-15 1.667184378385652e-11 1.6124938996064987e-07 0.00022894704674370137 0.0005710343914902874
0.6401861972705483 8.43073945808441e-31 2.013218788615201e-27 1.8288393979098734e-19 1.828815075603035e-15 1.8281998439678064e-11 1.7682273982511475e-07 0.000251058587508381 0.0006261844814567548
0.6551131488851486 9.18165476077715e-31 2.198511489327118e-27 2.0054664376566942e-19 2.0054406639750583e-15 2.0047660227034228e-11 1.9390014829518113e-07 0.00027530563883820856 0.0006866609121357785
0.6703881459363026 9.996333813718798e-31 2.4012708599145472e-27 2.1991520214490446e-19 2.1991246985669163e-15 2.1983849103173863e-11 2.126268877820615e-07 0.0003018944631539529 0.000752978138453098
0.686019303652694 1.0879675009909242e-30 2.6231634952230185e-27 2.411543483857538e-19 2.4115145065020507e-15 2.410703279900423e-11 2.3316223350448457e-07 0.00033105120451083536 0.0008257002036440357
0.7020149264823721 1.1836884399841581e-30 2.8660166343792208e-27 2.6444478356946577e-19 2.6444170905127432e-15 2.6435275264505387e-11 2.5568089924666235e-07 0.0003630239271336629 0.0009054458237203406
0.7183835125046995 1.2873486641180985e-30 3.131831809687412e-27 2.899845513006058e-19 2.899812877895196e-15 2.8988374112042654e-11 2.80374366704379e-07 0.0003980845028649666 0.0009928930950993777
0.7351337579451718 1.3995338306459733e-30 3.4228041317162204e-27 3.179909452374684e-19 3.179874795728414e-15 3.178805130440151e-11 3.074527298118501e-07 0.00043653122979932956 0.0010887860259408745
0.7522745617955077 1.5208639538954422e-30 3.741338921737456e-27 3.4870217992472426e-19 3.4869849791522278e-15 3.485812018137663e-11 3.371463102160539e-07 0.00047869112598556514 0.0011939402570454716
