results/limits/Stanford_h_phase.dat
# %ECSV 1.0
# ---
# datatype:
# - {name: mx, unit: MeV, datatype: float64}
# - {name: sigma, unit: cm2 MeV4, datatype: float64}
# schema: astropy-2.0
mx sigma
[from data line 3331]
2.1412438727565077 0.07879085429546463
2.14914863984136 0.0799608041754291
2.1570825887225786 0.08114811759333987
2.1650458271297484 0.0823530479689
2.1730384631901423 0.08357587420008866
2.1810606054302224 0.08481687308900755
2.189112362777076 0.08607630193985352
2.197193844559927 0.08735441081309844
2.2053051605116067 0.08865149710303183
2.213446420770031 0.08996786353208337
2.2216177358797253 0.09130376084266825
2.229819216793293 0.09265950439900857
2.2380509748729494 0.09403536889016857
2.246313121892024 0.09543167800953316
2.254605770036462 0.09684869223322436
2.262929031906381 0.09828677693048421
2.2712830205175623 0.0997461897172393
2.2796678493030185 0.10122728297494608
2.2880836321145193 0.10273039297157882
2.296530483224124 0.10425576219851532
2.3050085173257653 0.10580386149116902
2.3135178495367685 0.10737489512943373
2.3220585953994495 0.10896926179350429
2.3306308708826675 0.11058730197081515
2.339234792383387 0.11222937163363635
2.34787047672829 0.11389582921723188
2.3565380411753263 0.1155870519876564
2.365237603415336 0.11730335413231903
2.373969281573636 0.11904514159314102
2.382733194211609 0.12081280452176132
2.3915294603283463 0.12260671272351659
2.4003581993622243 0.12442724758679208
2.409219531192562 0.12627484334939937
2.418113576141234 0.12814983046454803
2.4270404549742874 0.1300526880733475
2.4360002889036183 0.13198381083381033
2.4449931995885774 0.13394361933260684
2.454019309137657 0.13593247143654313
2.463078740110132 0.1379508828960438
2.4721716155177136 0.13999927322585168
2.481298058826249 0.14207807350413465
2.4904581939573616 0.14418775238182693
2.4996521452901685 0.14632873683608566
2.5088800376629528 0.14850152519688667
2.518141996374844 0.150706569852926
2.527438147187555 0.1529443793973938
2.5367686163270506 0.15521535116016189
2.5461335304852932 0.15752011490546133
2.5555330168219523 0.15985907543236202
2.564967202966112 0.1622327636035299
2.5744362170180435 0.1646416709905327
2.583940187550899 0.16708641128570453
2.5934792436124976 0.16956740203209647
2.60305351472706 0.17208526188459583
2.612663130896952 0.17464051608522643
2.622308222604481 0.17723367151390582
2.6319889208136518 0.17986534642089794
2.64170535697193 0.18253615575291823
2.651457663012063 0.1852464962253784
2.6612459713538286 0.18799720743324413
2.671070414905871 0.1907886991430669
2.6809311270674896 0.19362165272140128
2.690828241730434 0.19649669488328061
2.70076189328076 0.19941442405597531
2.710732216600609 0.20237540433786133
2.7207393470700816 0.20538039821085105
2.7307834205690553 0.208430074700715
2.7408645734790156 0.2115249591472945
2.7509829426849457 0.2146658229274596
2.761138665577141 0.2178533398351184
2.771331880053112 0.22108815334886203
2.7815627245194436 0.22437100675120536
2.7918313378936537 0.22770260324379388
2.802137859606121 0.2310837269075451
2.8124824296019324 0.2345150042236285
2.8228651883428237 0.2379972008670461
2.8332862768090683 0.241531144300776
2.8437458365013755 0.2451175983201424
2.8542440094428514 0.24875722028705566
2.864780938180882 0.2524509584608755
2.8753567657891086 0.2561994151669861
2.8859716358693523 0.26000374505440393
2.8966256925535494 0.2638644303791026
2.907319080505745 0.2677824312569148
2.9180519449240134 0.2717586380839935
2.928824431542471 0.2757938885426952
2.939636686633236 0.27988904812424187
2.9504888570083962 0.2840450084279127
2.9613810900220474 0.28826271931657793
2.9723135335722413 0.29254309913490784
2.983286336103041 0.29688694224539053
2.9942996466065157 0.30129533974795775
3.005353614624745 0.3057690925030891
3.0164483902518935 0.31030933225534013
3.0275841241361996 0.3149170269121952
3.0387609674820646 0.31959312450303407
3.0499790720520856 0.3243386953358236
3.0612385901690984 0.3291547226903291
3.072539674718291 0.33404220218768027
3.083882479149226 0.33900227721291687
3.0952671574779718 0.3440359962131392
3.1066938642891726 0.34914448577727114
3.11816275473813 0.3543287635786685
3.129673984552952 0.35959005343545486
3.1412277100366186 0.36492950661928103
3.1528240880691483 0.37034823231893904
3.1644632761097093 0.3758474394521416
3.176145432198737 0.3814281556458095
3.1878707149601255 0.38709195906293475
3.1996392836033323 0.3928398015957436
3.2114512979255814 0.3986729060828078
3.2233069183140155 0.4045925663276341
3.235206305747855 0.41060030994899954
3.247149621800622 0.41669712171772133
3.2591370286423142 0.422884522232729
3.2711686890415894 0.4291637850422804
3.2832447663680178 0.4355362299512889
3.2953654245942516 0.4420034338479931
3.307530828298295 0.44856652327088725
3.3197411426657206 0.45522707791313116
3.331996533491891 0.46198669939842724
3.3442971671842576 0.46884659200057716
3.3566432107645667 0.4758084248100108
3.3690348318711747 0.4828734162765982
3.381472198761302 0.49004351140777147
3.3939554803133003 0.4973199134723604
3.4064848460289916 0.5047043932830249
3.4190604660359143 0.5121986886148919
3.4316825110896834 0.5198040706209748
3.4443511525762873 0.5275224493067774
3.4570665625143935 0.5353554831412105
3.4698289135577345 0.5433048385159596
3.482638378997395 0.5513720474338232
3.4954951327642143 0.5595592865364121
3.508399349431128 0.567867769709249
3.5213512042155144 0.5762999911970949
3.534350872981627 0.58485754247389
3.547398532242922 0.5935418032218931
3.5604943591645086 0.6023549764872624
3.5736385315655292 0.611299014401484
3.5868312279215555 0.6203762653434117
3.600072627367061 0.6295880910981555
3.613362909697795 0.638936451324662
3.6267022553732757 0.6484237480435285
3.640090845519219 0.6580518927585913
3.6535288619299746 0.667823224863773
3.667016487071047 0.6777394193728692
3.6805539040815125 0.687802875884768
3.69414129677656 0.698015942000765
3.7077788496499635 0.7083805276077569
3.7214667478765646 0.7188989813297233
3.735205177314839 0.7295736702087218
3.748994324509361 0.7404069261123943
3.762834376693388 0.7514009641426483
3.7767255217913824 0.7625582278666956
3.7906679484215378 0.7738812983524441
3.804661845898395 0.7853722710123497
3.818707404235351 0.7970339075639822
3.8328048141472917 0.8088688663785655
3.8469542670531616 0.8208794970877342
3.8611559550785364 0.8330684100457771
3.8754100710582873 0.8454381591659076
3.8897168085391374 0.8579921145737178
3.9040763617823435 0.8707319502665455
3.918488925766312 0.8836612781606951
3.9329546961892206 0.896782324742911
3.947473869471732 0.9100984936097017
3.9620466427595984 0.9236123790405025
3.9766732139263925 0.9373265382341076
3.991353781576171 0.9512446079276912
4.006088545046148 0.9653693978645147
4.020877704409447 0.9797040810220752
4.035721460477798 0.9942508982058063
4.050620014804236 1.0090141276175133
4.065573569685897 1.0239965300242004
4.080582328166699 1.039201744833118
4.095646494040153 1.0546325799780976
4.110766271852111 1.0702924820629365
4.125941866903517 1.0861846253613772
4.141173485253249 1.1023133038116892
4.1564613337208565 1.1186813666771969
4.171805619889419 1.1352918620706374
4.187206552108348 1.1521496600313612
4.202664339496187 1.1692576282099516
4.218179191943509 1.186619353066266
4.2337513201157 1.2042389301931007
4.249380935455879 1.2221203422142133
4.265068250187745 1.2402675309460527
4.280813477318426 1.2586837342363124
4.296616830641443 1.277373281896189
4.312478524739534 1.2963404217728787
4.328398774987633 1.3155893817972628
4.344377797555768 1.3351240730507123
4.3604158094119665 1.3549489220198434
4.376513028325268 1.3750679869072
4.392669672868608 1.395486272791385
4.408885962421848 1.416206598447071
4.425162117174726 1.4372358042938596
4.441498358129824 1.458577000889095
4.457894907105627 1.4802347253078667
4.474351986739463 1.5022146614411471
4.490869820490595 1.5245200188715347
4.50744863264322 1.5471569079750918
4.524088648309492 1.5701306895312757
4.540790093432645 1.5934449756740512
4.55755319478998 1.6171050361433152
4.574378179996013 1.6411169494784086
4.591265277505541 1.6654860552432194
4.60821471661671 1.6902154753511782
4.625226727474198 1.7153132601536
4.642301541072263 1.7407830478991282
4.659439389257947 1.7666317356498107
4.676640504734193 1.7928640693267575
4.693905121062981 1.8194853651448335
4.71123347266856 1.8465021844313352
4.7286257948405614 1.8739198853482055
4.746082323737253 1.901744872545784
4.763603296388725 1.9299838416106754
4.781188950700072 1.9586410840553792
4.798839525454698 1.98772407815333
4.816555260317475 2.0172393087024427
4.834336395838071 2.0471932999425957
4.852183173454182 2.0775911387847117
4.870095835494782 2.1084404911988472
4.888074625183487 2.1397478657010796
4.90611978664177 2.1715201634282377
4.924231564892354 2.203764196135355
4.942410205862503 2.2364877301508903
4.960655956387334 2.26969600143423
4.978969064213229 2.3033978017705805
4.9973497780011655 2.3375995418507904
5.015798347330069 2.3723110258463977
5.034315022700264 2.407536174078822
5.052900055536803 2.4432860145519206
5.071553698192946 2.479563126373699
5.090276203953557 2.5163819814264867
5.1090678270385155 2.5537482690754407
5.127928822606238 2.591665831644785
5.14685944675706 2.6301512482027785
5.165859956536784 2.6692047132462737
5.184930609940145 2.7088381553127436
5.204071665914276 2.7490621348388418
5.2232833843623 2.7898809432903233
5.242566026146773 2.831307064735297
5.261919853093303 2.8733481839461215
5.281345127994074 2.9160132002362724
5.300842114611375 2.9593116474914085
5.320411077681265 3.0032534328298226
5.340052282917078 3.0478499100393726
5.359765997013105 3.093103835248713
5.379552487648187 3.1390332790906514
5.399412023489311 3.1856426793391055
5.419344874195341 3.2329460885111514
5.439351310420586 3.2809509513475725
5.459431603818558 3.329668947281653
5.479586027045621 3.379109566452572
5.499814853764665 3.4292848375838996
5.520118358648897 3.4802054847904436
5.540496817385483 3.531881557087733
5.560950506679368 3.584325426293823
5.581479704257001 3.63754815893796
5.602084688870072 3.6915606263801304
5.622765740299376 3.7463748136078325
5.6435231393585195 3.802003117787513
5.6643571678978155 3.858460886983048
5.685268108808076 3.9157523138654518
5.706256246024418 3.9738938222637987
5.7273218645302 4.032900937050663
5.7484652503607965 4.092785861893721
5.769686690607569 4.153557279781757
5.790986473421722 4.2152313989618335
5.812364888018186 4.277822976759404
5.833822224679626 4.3413414604045055
5.855358774760285 4.405806760787927
5.8769748306900285 4.471225306089566
5.898670685978274 4.53761777526272
5.920446635217946 4.6049969280476795
5.942302974089554 4.673375076637186
5.964239999365115 4.742765007841384
5.98625800891227 4.813189600596517
6.008357301698286 4.884660886236797
6.0305381777940825 4.957189551924717
6.052800938378379 5.030798688251412
6.075145885741749 5.105499081323645
6.097573323290684 5.181309005948877
6.120083555551803 5.258243225738225
6.142676888175887 5.336320453932314
6.1653536279421175 5.415560385879398
6.188114082762202 5.495971961320881
6.21095856168452 5.577582280256414
6.233887374898406 5.660400008320426
6.25690083373826 5.744450886601563
6.279999250687865 5.8297448161324
6.303182939384592 5.916309801663874
6.326452214623618 6.004158788846863
6.349807392362292 6.093313186810133
6.373248789724321 6.183792514280255
6.39677672500417 6.275610009967593
6.420391517671337 6.368792882362201
6.444093488374664 6.463365981995916
6.4678829589467695 6.559337452035047
6.491760252408322 6.656735390307611
6.515725692972515 6.7555776911095675
6.5397796060494295 6.855888955557504
6.563922318250417 6.957689518369719
6.588154157392618 7.0609992663490155
6.612475452503318 7.165848004699843
6.6368865338245 7.272250192423973
6.661387732817292 7.38023547419806
6.685979382166426 7.489818301726181
6.710661815784854 7.601031711564907
6.735435368818167 7.71389910107172
6.760300377649245 7.828441738161601
6.785257179902784 7.9446833464330435
6.810306114449834 8.062650507317029
6.835447521412507 8.18236914028111
6.860681742168472 8.303868644851306
6.886009119355697 8.427168399640822
6.9114299968770565 8.552302369020907
6.936944719904958 8.679291320407442
6.962553634886128 8.8081657797322
6.988257089546206 8.93895195535397
7.014055432894558 9.071691196766293
7.039949015228983 9.206394987490349
7.065938188140419 9.343088368472525
7.092023304517816 9.481828092015375
7.118204718552821 9.622618624132139
7.144482785744682 9.765501160169205
7.170857862905032 9.910503870616521
7.19733030816269 10.057662086656874
7.2239004809686325 10.207005295258783
7.250568742100746 10.358569913363436
7.277335453668837 10.512376288072906
7.304200979119502 10.66847330287845
7.331165683241017 10.82688389571823
7.358229932168399 10.987648496626484
7.385394093388251 11.150807521817477
7.412658535743863 11.316373148676206
7.440023629440171 11.48440783646406
7.467489746048743 11.65493279344492
7.495057258512911 11.827992720425392
7.522726541152789 12.003626508107743
7.550497969670315 12.181861467895557
7.578371921154454 12.362744194953512
7.606348774086199 12.546310217974371
7.634428908343816 12.732607600734699
7.662612705207955 12.921673602790195
7.690900547366785 13.113549540221605
7.719292818921294 13.308258650503724
7.74778990539038 13.50587130057543
7.776392193716201 13.70641583192584
7.805100072269376 13.909936188224584
7.833913930854211 14.11648062955818
7.862834160714108 14.326088585584126
7.891861154536746 14.538824631463026
7.920995306459523 14.754697147488642
7.950237012074867 14.973781378115842
7.979586668435551 15.196132496977603
8.0090446740602 15.421767299812869
8.038611428938578 15.650766039408357
8.068287334537127 15.883152824108928
8.098072793804365 16.119006993733425
8.127968211176322 16.358339399977663
8.157973992582134 16.601243740754015
8.188090545449429 16.847747373359656
8.218318278709972 17.09791346977481
8.248657602805173 17.351794672214723
8.279108929691601 17.609449045276502
8.309672672846704 17.87091984734994
8.340349247274283 18.136272933757937
8.37113906951025 18.40558500857051
8.402042557628226 18.67888605306751
8.433060131245174 18.956233826931488
8.464192211527214 19.23771438442105
8.495439221195202 19.523369247531704
8.526801584530592 19.813268162446423
8.558279727381144 20.107460679306566
8.589874077166659 20.406031725010163
8.621585062884897 20.709029388754786
8.653413115117273 21.01653910638876
8.685358666034809 21.328587369951467
8.71742214940397 21.645315064863418
8.749604000592484 21.966714542762002
8.781904656575389 22.29288139891771
8.814324555940818 22.62390760576348
8.846864138896079 22.95984673720282
8.879523847273582 23.30075194485555
8.912304124536782 23.646746314996413
8.94520541578633 23.9978510953556
8.978228167765963 24.354198937678117
9.01137282886871 24.715837299797887
9.044639849142916 25.08280626349999
9.078029680298304 25.455271082822716
9.111542775712229 25.833243973423787
9.145179590435697 26.21683377665888
9.178940581199665 26.606113161371628
9.212826206421193 27.00118493164048
9.246836926209609 27.402110097657115
9.280973202372865 27.80898470175934
9.31523549842376 28.221922668922186
9.349624279586177 28.640979215906103
9.384140012801518 29.06624375650059
9.41878316673491 29.497850064595998
9.453554211781693 29.935856106205698
9.488453620073752 30.380361015839647
9.523481865485868 30.831476255578067
9.55863942364229 31.289285172319662
9.593926771923039 31.75389545314916
9.62934438947052 32.225396049588014
9.664892757195979 32.70390237318041
9.700572357785965 33.18949745264483
9.73638367570903 33.68232506967205
9.772327197222138 34.18244149334912
9.808403410377421 34.69001869162748
9.844612805028733 35.205127139451086
9.880955872838252 35.727826535257925
9.917433107283285 36.25838463595692
9.95404500366282 36.79675764389733
9.990792059104383 37.34311974096389
10.027674772570732 37.89765070892138
10.06469364486657 38.460364990503074
10.101849178645487 39.031482633412026
10.139141878416625 39.61105563458453
10.176572250551667 40.19918636244352
10.214140803291652 40.79609546956783
10.251848046753821 41.401898718242464
10.289694492938676 42.01667081423031
10.327680655736778 42.64054104427326
10.365807050935862 43.2736869033252
10.404074196227784 43.916254506999636
10.442482611215482 44.56831836128323
