results/limits/Stanford_h_phase.dat
# %ECSV 1.0
# ---
# datatype:
# - {name: mx, unit: MeV, datatype: float64}
# - {name: sigma, unit: cm2 MeV4, datatype: float64}
# schema: astropy-2.0
mx sigma
[from data line 716]
0.00013990368888816543 1.4359126876436931e-18
0.00014042016722538018 1.4572340575816542e-18
0.00014093855223049607 1.4788720211898898e-18
0.00014145885094230237 1.5008312794187957e-18
0.00014198107042557426 1.52311660307209e-18
0.0001425052177711672 1.545732833810667e-18
0.0001430313000961137 1.5686848850963877e-18
0.00014355932454372065 1.5919777434723308e-18
0.00014408929828366458 1.6156164694215509e-18
0.0001446212285120912 1.6396061986523002e-18
0.00014515512245171137 1.6639521430693646e-18
0.00014569098735189992 1.6886595920072984e-18
0.00014622883048879444 1.7137339132717773e-18
0.00014676865916539268 1.7391805544931892e-18
0.00014731048071165367 1.7650050440538792e-18
0.0001478543024845956 1.7912129925244243e-18
0.00014840013186839644 1.817810093822893e-18
0.00014894797627449448 1.8448021262143323e-18
0.00014949784314168815 1.8721949539540685e-18
0.0001500497399362377 1.8999945283622565e-18
0.00015060367415196623 1.928206888969216e-18
0.00015115965331036153 1.9568381652100784e-18
0.00015171768496067864 1.985894577357651e-18
0.00015227777668004155 2.0153824380989377e-18
0.00015283993607354658 2.0453081538973746e-18
0.00015340417077436565 2.0756782262774175e-18
0.00015397048844384957 2.1064992533860914e-18
0.00015453889677163293 2.1377779312485664e-18
0.00015510940347573734 2.1695210553736822e-18
0.00015568201630267704 2.2017355221805057e-18
0.00015625674302756378 2.2344283304902676e-18
0.00015683359145421234 2.267606582942937e-18
0.0001574125694152471 2.301277487840642e-18
0.00015799368477220743 2.3354483603266367e-18
0.00015857694541565487 2.370126624297718e-18
0.000159162359265281 2.4053198137748276e-18
0.00015974993427001315 2.441035574790659e-18
0.0001603396784081246 2.4772816668096236e-18
0.0001609315996873412 2.514065964457616e-18
0.00016152570614495052 2.5513964594020045e-18
0.000162122005847912 2.5892812620156867e-18
0.00016272050689296438 2.627728602909671e-18
0.00016332121740673806 2.6667468350972398e-18
0.00016392414554586363 2.706344435487315e-18
0.00016452929949708329 2.746530007007226e-18
0.0001651366874773626 2.7873122801517487e-18
0.00016574631773400036 2.828700115131535e-18
0.0001663581985447428 2.870702503850204e-18
0.0001669723382178942 2.9133285714102496e-18
0.0001675887450924304 2.9565875787327084e-18
0.0001682074275381126 3.0004889241245358e-18
0.00016882839395559928 3.045042145424695e-18
0.00016945165277656253 3.0902569220575607e-18
0.00017007721246380076 3.136143077265719e-18
0.0001707050815113542 3.18271058012332e-18
0.00017133526844462097 3.2299695477228396e-18
0.00017196778182047097 3.2779302474303765e-18
0.00017260263022736443 3.3266030989666563e-18
0.00017323982228546669 3.3759986768400546e-18
0.00017387936664676584 3.426127712524613e-18
0.000174521271995191 3.4770010969320105e-18
0.0001751655470467283 3.528629882626389e-18
0.0001758122005495416 3.5810252864158455e-18
0.00017646124128408935 3.634198691372137e-18
0.0001771126780632447 3.688161649747558e-18
0.00017776651973241563 3.742925885493769e-18
0.0001784227751696632 3.798503296427786e-18
0.00017908145328582466 3.854905957179138e-18
0.00017974256302463236 3.9121461214595385e-18
0.000180406113362836 3.970236225173038e-18
0.0001810721133103252 4.029188888693833e-18
0.00018174057191024988 4.089016919952563e-18
0.0001824114982391455 4.149733316992577e-18
0.00018308490140705438 4.211351270895451e-18
0.0001837607905576502 4.273884168332226e-18
0.00018443917486836252 4.337345595197333e-18
0.00018512006355050046 4.401749338878606e-18
0.00018580346584937842 4.4671093914317606e-18
0.00018648939104444143 4.533439952874635e-18
0.00018717784844939105 4.600755433822038e-18
0.00018786884741231247 4.669070459108381e-18
0.00018856239731580038 4.7383998705334734e-18
0.00018925850757708711 4.808758730482408e-18
0.00018995718764817034 4.8801623247250996e-18
0.00019065844701594113 4.952626166332752e-18
0.0001913622952023137 5.026165998418015e-18
0.0001920687417643534 5.10079779809886e-18
0.00019277779629440735 5.176537779456687e-18
0.0001934894684202344 5.253402397695326e-18
0.00019420376780513577 5.331408352042079e-18
0.00019492070414808696 5.410572589791565e-18
0.00019564028718386836 5.490912310008725e-18
0.00019636252668319787 5.572444966909644e-18
0.00019708743245286454 5.65518827407797e-18
0.0001978150143358594 5.7391602079983514e-18
0.00019854528221151203 5.824379012157093e-18
0.00019927824599562236 5.9108632008527736e-18
0.00020001391564059622 5.998631563357526e-18
0.0002007523011355813 6.08770316790862e-18
0.0002014934125066004 6.1780973659988904e-18
0.00020223725981669065 6.269833796100342e-18
0.0002029838531660377 6.362932388880994e-18
0.00020373320269211374 6.457413370409072e-18
0.00020448531856981608 6.553297267398048e-18
0.00020524021101160286 6.650604911265186e-18
0.0002059978902676348 6.749357442673936e-18
0.0002067583666259119 6.849576316198328e-18
0.00020752165041241412 6.951283305194641e-18
0.00020828775199124242 7.054500506073527e-18
0.00020905668176475703 7.159250343495104e-18
0.00020982845017372182 7.265555574996119e-18
0.00021060306769744367 7.373439296353617e-18
0.00021138054485391556 7.482924945557016e-18
0.0002121608921999604 7.594036309271795e-18
0.00021294412033137175 7.7067975272855e-18
0.00021373023988306098 7.821233097695815e-18
0.00021451926152919916 7.937367882307618e-18
0.00021531119598336288 8.055227112334359e-18
0.00021610605399868053 8.174836392985487e-18
0.00021690384636797612 8.296221710674217e-18
0.0002177045839239186 8.419409437089709e-18
0.0002185082775391668 8.544426335110156e-18
0.0002193149381265177 8.671299566167237e-18
0.00022012457663905577 8.800056693928613e-18
0.000220937204070299 8.930725691794033e-18
0.00022175283145435141 9.06333494824481e-18
0.0002225714698660504 9.197913273732408e-18
0.00022339313042111806 9.334489906414167e-18
0.0002242178242763129 9.473094518153402e-18
0.00022504556262957896 9.613757222053137e-18
0.00022587635672020103 9.756508577617276e-18
0.00022671021782895467 9.901379598547916e-18
0.00022754715727826033 1.0048401759476156e-17
0.00022838718643233786 1.0197607001635906e-17
0.00022923031669735934 1.0349027740630706e-17
0.00023007655952160492 1.0502696874183957e-17
0.00023092592639561803 1.0658647787337142e-17
0.00023177842885236115 1.0816914361712558e-17
0.00023263407846737337 1.0977530981627462e-17
0.00023349288685892616 1.1140532542514479e-17
0.00023435486568818207 1.130595445706726e-17
0.0002352200266593528 1.1473832664530086e-17
0.0002360883815198579 1.1644203637261803e-17
0.00023695994206048528 1.1817104389765827e-17
0.00023783472011554976 1.1992572485829042e-17
0.00023871272756305464 1.2170646046914174e-17
0.00023959397632485383 1.235136376101047e-17
0.00024047847836681106 1.2534764889537813e-17
0.00024136624569896583 1.2720889278078835e-17
0.0002422572903756938 1.2909777363444643e-17
0.00024315162449587132 1.3101470182866572e-17
0.00024404926020304092 1.3296009382590876e-17
0.00024495020968557323 1.3493437227535642e-17
0.0002458544851768362 1.3693796610685599e-17
0.0002467620989553582 1.389713106049227e-17
0.00024767306334499604 1.410348475376752e-17
0.000248587390715103 1.43129025212474e-17
0.00024950509348069423 1.4525429861266655e-17
0.00025042618410261894 1.474111294543595e-17
0.0002513506750877264 1.4959998634241704e-17
0.0002522785789890373 1.518213448023244e-17
0.00025320990840591484 1.5407568744823018e-17
0.00025414467598423315 1.5636350404510533e-17
0.00025508289441655255 1.5868529165025043e-17
0.00025602457644228907 1.610415546692491e-17
0.00025696973484788855 1.6343280502316872e-17
0.00025791838246700115 1.6585956223005827e-17
0.0002588705321806528 1.6832235351239026e-17
0.0002598261969174238 1.708217139361206e-17
0.0002607853896536214 1.733581864928803e-17
0.00026174812341345726 1.759323222565366e-17
0.00026271441126922494 1.785446804731018e-17
0.000263684266341475 1.811958286929136e-17
0.0002646577017991965 1.8388634289897813e-17
0.00026563473085999297 1.866168076160577e-17
0.000266615366790263 1.8938781606376403e-17
0.0002675996229053815 1.9219997025839815e-17
0.00026858751256987737 1.9505388115249932e-17
0.00026957904919761895 1.9795016878889334e-17
0.00027057424625199296 2.0088946240135124e-17
0.00027157311724608854 2.03872400559637e-17
0.0002725756757428819 2.068996313458471e-17
0.00027358193535541726 2.0997181242404186e-17
0.00027459190974699565 2.1308961126604695e-17
0.0002756056126313575 2.1625370522574033e-17
0.00027662305777286964 2.1946478172214395e-17
0.0002776442589867138 2.227235383755521e-17
0.0002786692301390707 2.260306831921544e-17
0.00027969798514731233 2.29386934654791e-17
0.0002807305379801881 2.327930219314148e-17
0.0002817669026580152 2.362496850227998e-17
0.0002828070932528703 2.3975767490606483e-17
0.0002838511238887785 2.4331775372658847e-17
0.00028489900874190664 2.4693069492564032e-17
0.0002859507620407551 2.5059728343990623e-17
0.0002870063980663509 2.5431831585561832e-17
0.000288065931152443 2.5809460059619204e-17
0.0002891293756856948 2.6192695808857372e-17
0.00029019674610588074 2.6581622092131116e-17
0.00029126805690608235 2.697632340843301e-17
0.00029234332263288447 2.737688550812177e-17
0.0002934225578865739 2.7783395415016737e-17
0.0002945057773213362 2.819594144806352e-17
0.00029559299564545525 2.8614613234226377e-17
0.0002966842276215142 2.9039501733207395e-17
0.0002977794880665929 2.9470699254395437e-17
0.0002988787918524729 2.9908299479075294e-17
0.00029998215390583633 3.035239747688168e-17
0.00030108958920846966 3.080308973347165e-17
0.0003022011127974685 3.126047416340446e-17
0.00030331673976543823 3.1724650136441606e-17
0.00030443648526070336 3.219571849815645e-17
0.00030556036448750975 3.2673781590951766e-17
0.0003066883927062324 3.315894327822847e-17
0.00030782058523358375 3.365130896265262e-17
0.0003089569574428183 3.415098561641537e-17
0.0003100975247639459 3.465808179500264e-17
0.0003112423026839374 3.517270766886328e-17
0.00031239130674693674 3.569497504622862e-17
0.0003135445525544727 3.622499738990043e-17
0.0003147020557656677 3.676288985279129e-17
0.0003158638320974547 3.73087692963227e-17
0.00031702989732478704 3.786275431282981e-17
0.00031820026728085417 3.842496526181378e-17
0.0003193749578572976 3.899552428767765e-17
0.00032055398500442325 3.957455534655308e-17
0.0003217373647314227 4.0162184237942385e-17
0.0003229251131065868 4.0758538627380613e-17
0.00032411724625752534 4.1363748076104896e-17
0.00032531378037138723 4.1977944073889075e-17
0.0003265147316950765 4.26012600528005e-17
0.000327720116535478 4.323383143637725e-17
0.0003289299512596747 4.387579565342283e-17
0.00033014425229517156 4.452729217577883e-17
0.0003313630361301197 4.518846254544679e-17
0.0003325863193135368 4.58594504040216e-17
0.0003338141184555365 4.6540401530237304e-17
0.00033504645022755 4.723146386420292e-17
0.00033628333136255387 4.793278754212258e-17
0.000337524778655299 4.864452493505355e-17
0.00033877080896253423 4.936683066961498e-17
0.0003400214392032406 5.009986167267019e-17
0.00034127668635885696 5.0843777200918797e-17
0.0003425365674735121 5.1598738873388257e-17
0.00034380109965425704 5.236491070947565e-17
0.00034507030007129556 5.3142459166542865e-17
0.0003463441859582183 5.393155317369e-17
0.00034762277461223683 5.473236416275427e-17
0.0003489060833944179 5.554506611852451e-17
0.00035019412972992056 5.63698356051024e-17
0.00035148693110823097 5.720685180886035e-17
0.0003527845050834008 5.805629657708468e-17
0.0003540868692742858 5.891835445484329e-17
0.00035539404136478403 5.979321273558036e-17
0.00035670603910407803 6.068106148206647e-17
0.0003580228803068733 6.158209358853152e-17
0.0003593445828536417 6.249650481094074e-17
0.00036067116469086394 6.342449380726219e-17
0.0003620026438312728 6.436626219196985e-17
0.0003633390383540993 6.532201457205237e-17
0.00036468036640531596 6.629195858393948e-17
0.0003660266461978842 6.727630496243238e-17
0.00036737789601200304 6.827526755931827e-17
0.0003687341341953537 6.928906340820434e-17
0.00037009537916335325 7.03179127609459e-17
0.00037146164939940113 7.136203914307682e-17
0.00037283296345513135 7.24216693945336e-17
0.000374209339950666 7.349703373203892e-17
0.00037559079757486377 7.458836578042742e-17
0.00037697735508557923 7.569590264423041e-17
0.00037836903130991314 7.681988493484849e-17
0.00037976584514446977 7.796055685474516e-17
0.00038116781555561503 7.911816621496844e-17
0.00038257496157972963 8.029296452017617e-17
0.00038398730232347297 8.148520699359233e-17
0.0003854048569640386 8.269515266957309e-17
0.0003868276447494156 8.392306440858959e-17
0.0003882556849986523 8.516920898517746e-17
0.0003896889971021135 8.643385712883746e-17
0.00039112760052174974 8.771728360068247e-17
0.0003925715147913571 8.901976722442728e-17
0.00039402075951684387 9.034159097902274e-17
0.00039547535437649864 9.16830420400699e-17
0.00039693531912125287 9.304441184072532e-17
0.00039840067357495485 9.44259961523948e-17
0.0003998714376346343 9.582809513185966e-17
0.00040134763127077424 9.725101339507986e-17
0.0004028292745275837 9.869506007955318e-17
0.00040431638752326564 1.0016054891251165e-16
0.00040580899045029547 1.01647798284342e-16
0.0004073071035756911 1.031571313091239e-16
0.0004088107472412894 1.0468887589954174e-16
0.0004103199418640245 1.0624336483134365e-16
0.0004118347079362 1.0782093583470143e-16
0.0004133550660257733 1.0942193164661243e-16
0.0004148810367766303 1.110467000899565e-16
0.00041641264090886744 1.1269559416075397e-16
0.00041794989921907434 1.1436897208592527e-16
0.000419492832580612 1.1606719742010054e-16
0.000421041461943902 1.1779063912212237e-16
0.00042259580833670617 1.195396716112432e-16
0.0004241558928644139 1.213146748809967e-16
0.00042572173671033016 1.2311603455928788e-16
0.0004272933611359602 1.249441420017669e-16
0.00042887078748130036 1.2679939438458308e-16
0.00043045403716512713 1.286821947645767e-16
0.00043204313168528763 1.305929522039009e-16
0.0004336380926189933 1.3253208181119912e-16
0.00043523894162311017 1.345000048873437e-16
0.00043684570043445474 1.3649714897964598e-16
0.00043845839087008876 1.385239479645207e-16
0.0004400770348276149 1.405808421920507e-16
0.00044170165428547575 1.4266827853004847e-16
0.00044333227130324994 1.4478671049189647e-16
0.0004449689080219532 1.4693659831583092e-16
0.0004466115866643385 1.4911840907911337e-16
0.0004482603295351975 1.5133261680214693e-16
0.0004499151590216652 1.5357970252605973e-16
0.00045157609759352113 1.558601544503058e-16
0.00045324316780349585 1.5817446801359087e-16
0.000454916392287579 1.6052314602448606e-16
0.00045659579376532155 1.629066987440426e-16
0.0004582813950401509 1.653256440091079e-16
0.00045997321899967546 1.6778050736003657e-16
0.0004616712886159968 1.702718221344674e-16
0.0004633756269460241 1.7280012956662683e-16
0.0004650862571317816 1.753659789704379e-16
0.0004668032024007297 1.7796992778611162e-16
0.00046852648606607496 1.8061254173388671e-16
0.0004702561315270886 1.8329439494471943e-16
0.00047199216226942616 1.8601607006804296e-16
0.0004737346018654412 1.8877815841218444e-16
0.00047548347397451194 1.9158126003773572e-16
0.00047723880234335734 1.9442598395895668e-16
0.0004790006108063614 1.9731294819936442e-16
0.00048076892328589876 2.0024277997779353e-16
0.0004825437637926542 2.032161158214688e-16
0.0004843251564259555 2.062336016910378e-16
0.00048611312537409504 2.0929589316240684e-16
0.00048790769491466074 2.1240365555043555e-16
0.0004897088894148671 2.155575640246061e-16
0.000491516733331881 2.1875830379507602e-16
0.0004933312512131606 2.2200657024692602e-16
0.000495152467696783 2.2530306908602124e-16
0.0004969804075117813 2.286485164950456e-16
0.0004988150954784819 2.3204363929002982e-16
0.000500656556508836 2.3548917510561497e-16
0.0005025048156067654 2.3898587249077044e-16
0.0005043598978684955 2.425344911115728e-16
0.0005062218284828995 2.46135801949938e-16
0.0005080906327318411 2.4979058741360154e-16
0.0005099663359905129 2.534996415068728e-16
0.0005118489637277879 2.572637700919994e-16
0.0005137385415065598 2.610837909036221e-16
0.0005156350949840921 2.649605338950543e-16
