results/limits/Stanford_h_phase.dat
# %ECSV 1.0
# ---
# datatype:
# - {name: mx, unit: MeV, datatype: float64}
# - {name: sigma, unit: cm2 MeV4, datatype: float64}
# schema: astropy-2.0
mx sigma
[from data line 715]
0.00013938911020595083 1.744598357239329e-20
0.00013990368888816543 1.770503293733797e-20
0.00014042016722538018 1.7967928836419573e-20
0.00014093855223049607 1.8234728386056115e-20
0.00014145885094230237 1.8505489549717312e-20
0.00014198107042557426 1.8780271152175527e-20
0.0001425052177711672 1.905913289188341e-20
0.0001430313000961137 1.9342135352611016e-20
0.00014355932454372065 1.962934001923149e-20
0.00014408929828366458 1.9920809288309713e-20
0.0001446212285120912 2.021660648394925e-20
0.00014515512245171137 2.0516795869769124e-20
0.00014569098735189992 2.082144266410977e-20
0.00014622883048879444 2.1130613052873096e-20
0.00014676865916539268 2.1444374206212467e-20
0.00014731048071165367 2.1762794289965785e-20
0.0001478543024845956 2.2085942483364992e-20
0.00014840013186839644 2.2413888993329915e-20
0.00014894797627449448 2.2746705066792114e-20
0.00014949784314168815 2.308446301095703e-20
0.0001500497399362377 2.3427236206553364e-20
0.00015060367415196623 2.3775099121955233e-20
0.00015115965331036153 2.4128127334077472e-20
0.00015171768496067864 2.448639753987796e-20
0.00015227777668004155 2.4849987575796405e-20
0.00015283993607354658 2.5218976434550897e-20
0.00015340417077436565 2.55934442809771e-20
0.00015397048844384957 2.59734724712824e-20
0.00015453889677163293 2.6359143568527364e-20
0.00015510940347573734 2.6750541362422087e-20
0.00015568201630267704 2.7147750886915904e-20
0.00015625674302756378 2.7550858438593194e-20
0.00015683359145421234 2.795995159413998e-20
0.0001574125694152471 2.8375119233073594e-20
0.00015799368477220743 2.87964515522795e-20
0.00015857694541565487 2.922404008959177e-20
0.000159162359265281 2.9657977740692756e-20
0.00015974993427001315 3.009835878238761e-20
0.0001603396784081246 3.0545278890112703e-20
0.0001609315996873412 3.0998835159263905e-20
0.00016152570614495052 3.1459126128377157e-20
0.000162122005847912 3.192625179964654e-20
0.00016272050689296438 3.2400313657821286e-20
0.00016332121740673806 3.2881414696890184e-20
0.00016392414554586363 3.3369659438495116e-20
0.00016452929949708329 3.386515395810502e-20
0.0001651366874773626 3.4368005904115854e-20
0.00016574631773400036 3.487832452434108e-20
0.0001663581985447428 3.539622069038947e-20
0.0001669723382178942 3.5921806916233217e-20
0.0001675887450924304 3.645519739050886e-20
0.0001682074275381126 3.699650799584326e-20
0.00016882839395559928 3.754585633531525e-20
0.00016945165277656253 3.8103361757774416e-20
0.00017007721246380076 3.8669145385371856e-20
0.0001707050815113542 3.9243330138385193e-20
0.00017133526844462097 3.9826040762181633e-20
0.00017196778182047097 4.041740385502619e-20
0.00017260263022736443 4.101754789374077e-20
0.00017323982228546669 4.1626603263703746e-20
0.00017387936664676584 4.224470228570524e-20
0.000174521271995191 4.287197924642691e-20
0.0001751655470467283 4.3508570425751143e-20
0.0001758122005495416 4.415461412871454e-20
0.00017646124128408935 4.4810250710411186e-20
0.0001771126780632447 4.547562261195824e-20
0.00017776651973241563 4.615087439155349e-20
0.0001784227751696632 4.683615275118235e-20
0.00017908145328582466 4.753160657295678e-20
0.00017974256302463236 4.8237386947100666e-20
0.000180406113362836 4.895364721029857e-20
0.0001810721133103252 4.968054297378144e-20
0.00018174057191024988 5.041823216138107e-20
0.0001824114982391455 5.116687504104946e-20
0.00018308490140705438 5.19266342609307e-20
0.0001837607905576502 5.269767488081832e-20
0.00018443917486836252 5.348016441696202e-20
0.00018512006355050046 5.427427287005744e-20
0.00018580346584937842 5.508017276438785e-20
0.00018648939104444143 5.589803918844275e-20
0.00018717784844939105 5.672804982740596e-20
0.00018786884741231247 5.757038500782321e-20
0.00018856239731580038 5.842522773145831e-20
0.00018925850757708711 5.92927637199268e-20
0.00018995718764817034 6.017318144921486e-20
0.00019065844701594113 6.106667219796984e-20
0.0001913622952023137 6.197343008128687e-20
0.0001920687417643534 6.289365209958417e-20
0.00019277779629440735 6.382753817507684e-20
0.0001934894684202344 6.477529120305809e-20
0.00019420376780513577 6.573711708766958e-20
0.00019492070414808696 6.671322479176257e-20
0.00019564028718386836 6.770382638255672e-20
0.00019636252668319787 6.8709137073326e-20
0.00019708743245286454 6.97293752753879e-20
0.0001978150143358594 7.07647626416713e-20
0.00019854528221151203 7.181552411727814e-20
0.00019927824599562236 7.2881887986469e-20
0.00020001391564059622 7.396408592397234e-20
0.0002007523011355813 7.506235304420129e-20
0.0002014934125066004 7.617692795415544e-20
0.00020223725981669065 7.730805279933337e-20
0.0002029838531660377 7.845597332805725e-20
0.00020373320269211374 7.962093893098095e-20
0.00020448531856981608 8.080320270576235e-20
0.00020524021101160286 8.200302150710576e-20
0.0002059978902676348 8.322065600277034e-20
0.0002067583666259119 8.445637073108297e-20
0.00020752165041241412 8.571043416100653e-20
0.00020828775199124242 8.698311874481595e-20
0.00020905668176475703 8.827470098215462e-20
0.00020982845017372182 8.958546147708789e-20
0.00021060306769744367 9.091568500423809e-20
0.00021138054485391556 9.226566055776075e-20
0.0002121608921999604 9.363568143104302e-20
0.00021294412033137175 9.502604527152353e-20
0.00021373023988306098 9.643705414466223e-20
0.00021451926152919916 9.786901460048685e-20
0.00021531119598336288 9.93222377438919e-20
0.00021610605399868053 1.0079703929120227e-19
0.00021690384636797612 1.0229373965904628e-19
0.0002177045839239186 1.0381266401456618e-19
0.0002185082775391668 1.0535414234832757e-19
0.0002193149381265177 1.0691850956512419e-19
0.00022012457663905577 1.0850610552938373e-19
0.000220937204070299 1.1011727515759601e-19
0.00022175283145435141 1.1175236848427292e-19
0.0002225714698660504 1.1341174074688571e-19
0.00022339313042111806 1.1509575245658744e-19
0.0002242178242763129 1.1680476947219518e-19
0.00022504556262957896 1.185391630930821e-19
0.00022587635672020103 1.2029931012281561e-19
0.00022671021782895467 1.2208559296529943e-19
0.00022754715727826033 1.2389839970776553e-19
0.00022838718643233786 1.257381241907331e-19
0.00022923031669735934 1.276051661037747e-19
0.00023007655952160492 1.2949993108107783e-19
0.00023092592639561803 1.3142283076553985e-19
0.00023177842885236115 1.3337428292297892e-19
0.00023263407846737337 1.3535471151752235e-19
0.00023349288685892616 1.3736454681543165e-19
0.00023435486568818207 1.3940422546087953e-19
0.0002352200266593528 1.41474190590492e-19
0.0002360883815198579 1.4357489191428297e-19
0.00023695994206048528 1.457067858269955e-19
0.00023783472011554976 1.4787033549612558e-19
0.00023871272756305464 1.5006601096540153e-19
0.00023959397632485383 1.5229428926391412e-19
0.00024047847836681106 1.5455565449124562e-19
0.00024136624569896583 1.568505979497983e-19
0.0002422572903756938 1.5917961823191603e-19
0.00024315162449587132 1.6154322133322006e-19
0.00024404926020304092 1.6394192075858292e-19
0.00024495020968557323 1.6637623764119974e-19
0.0002458544851768362 1.688467008584277e-19
0.0002467620989553582 1.7135384712303117e-19
0.00024767306334499604 1.7389822114216109e-19
0.000248587390715103 1.764803756859582e-19
0.00024950509348069423 1.7910087175616176e-19
0.00025042618410261894 1.8176027865611078e-19
0.0002513506750877264 1.8445917418309245e-19
0.0002522785789890373 1.8719814466763028e-19
0.00025320990840591484 1.899777851806829e-19
0.00025414467598423315 1.9279869961028744e-19
0.00025508289441655255 1.956615008360398e-19
0.00025602457644228907 1.9856681079808638e-19
0.00025696973484788855 2.0151526070328514e-19
0.00025791838246700115 2.0450749112569389e-19
0.0002588705321806528 2.0754415213904769e-19
0.0002598261969174238 2.10625903488222e-19
0.0002607853896536214 2.1375341469057638e-19
0.00026174812341345726 2.1692736522899684e-19
0.00026271441126922494 2.201484446627548e-19
0.000263684266341475 2.2341735279048773e-19
0.0002646577017991965 2.2673479980844793e-19
0.00026563473085999297 2.3010150644500975e-19
0.000266615366790263 2.3351820414943565e-19
0.0002675996229053815 2.3698563521744673e-19
0.00026858751256987737 2.405045529632886e-19
0.00026957904919761895 2.4407572190967544e-19
0.00027057424625199296 2.4769991791190394e-19
0.00027157311724608854 2.5137792833669915e-19
0.0002725756757428819 2.551105522796441e-19
0.00027358193535541726 2.5889860065103656e-19
0.00027459190974699565 2.6274289645430565e-19
0.0002756056126313575 2.666442748776088e-19
0.00027662305777286964 2.7060358351958696e-19
0.0002776442589867138 2.7462168255721296e-19
0.0002786692301390707 2.786994449734344e-19
0.00027969798514731233 2.8283775666907666e-19
0.0002807305379801881 2.870375167198797e-19
0.0002817669026580152 2.9129963755862515e-19
0.0002828070932528703 2.9562504515210324e-19
0.0002838511238887785 3.00014679237747e-19
0.00028489900874190664 3.0446949348100347e-19
0.0002859507620407551 3.0899045572135186e-19
0.0002870063980663509 3.13578548162348e-19
0.000288065931152443 3.18234767602984e-19
0.0002891293756856948 3.2296012564279737e-19
0.00029019674610588074 3.2775564887677465e-19
0.00029126805690608235 3.3262237919099956e-19
0.00029234332263288447 3.375613739011003e-19
0.0002934225578865739 3.425737060246782e-19
0.0002945057773213362 3.4766046454844846e-19
0.00029559299564545525 3.528227545872052e-19
0.0002966842276215142 3.580616976886131e-19
0.0002977794880665929 3.6337843204219044e-19
0.0002988787918524729 3.6877411275315153e-19
0.00029998215390583633 3.742499120452872e-19
0.00030108958920846966 3.7980701960216995e-19
0.0003022011127974685 3.8544664272596493e-19
0.00030331673976543823 3.911700066617134e-19
0.00030443648526070336 3.969783548514528e-19
0.00030556036448750975 4.0287294919336663e-19
0.0003066883927062324 4.088550703397883e-19
0.00030782058523358375 4.1492601792243657e-19
0.0003089569574428183 4.2108711092552554e-19
0.0003100975247639459 4.273396878555469e-19
0.0003112423026839374 4.336851071317431e-19
0.00031239130674693674 4.401247473674765e-19
0.0003135445525544727 4.466600075772275e-19
0.0003147020557656677 4.5329230761481295e-19
0.0003158638320974547 4.600230884002374e-19
0.00031702989732478704 4.668538121959476e-19
0.00031820026728085417 4.737859630538298e-19
0.0003193749578572976 4.808210470338956e-19
0.00032055398500442325 4.879605925350599e-19
0.0003217373647314227 4.952061506852924e-19
0.0003229251131065868 5.025592956210448e-19
0.00032411724625752534 5.100216248530784e-19
0.00032531378037138723 5.175947596713206e-19
0.0003265147316950765 5.252803453144877e-19
0.000327720116535478 5.330800515764487e-19
0.0003289299512596747 5.409955729763158e-19
0.00033014425229517156 5.490286292241873e-19
0.0003313630361301197 5.571809655555645e-19
0.0003325863193135368 5.654543530942703e-19
0.0003338141184555365 5.73850589315395e-19
0.00033504645022755 5.823714983441275e-19
0.00033628333136255387 5.91018931383861e-19
0.000337524778655299 5.997947671940846e-19
0.00033877080896253423 6.087009123457261e-19
0.0003400214392032406 6.177393017720912e-19
0.00034127668635885696 6.269118991337402e-19
0.0003425365674735121 6.362206972191126e-19
0.00034380109965425704 6.456677184135893e-19
0.00034507030007129556 6.552550151630469e-19
0.0003463441859582183 6.649846703902892e-19
0.00034762277461223683 6.748587978772687e-19
0.0003489060833944179 6.848795428842391e-19
0.00035019412972992056 6.9504908247479425e-19
0.00035148693110823097 7.053696260455445e-19
0.0003527845050834008 7.158434158025951e-19
0.0003540868692742858 7.26472727216128e-19
0.00035539404136478403 7.372598696442448e-19
0.00035670603910407803 7.482071865912844e-19
0.0003580228803068733 7.593170564739309e-19
0.0003593445828536417 7.70591892994523e-19
0.00036067116469086394 7.820341456375579e-19
0.0003620026438312728 7.936463003417236e-19
0.0003633390383540993 8.0543087994389155e-19
0.00036468036640531596 8.173904446344269e-19
0.0003660266461978842 8.295275928071091e-19
0.00036737789601200304 8.418449612886544e-19
0.0003687341341953537 8.543452261381272e-19
0.00037009537916335325 8.670311030961058e-19
0.00037146164939940113 8.799053482681483e-19
0.00037283296345513135 8.929707586269272e-19
0.000374209339950666 9.062301727814283e-19
0.00037559079757486377 9.196864713632021e-19
0.00037697735508557923 9.333425779090157e-19
0.00037836903130991314 9.47201459195895e-19
0.00037976584514446977 9.61266126279245e-19
0.00038116781555561503 9.755396347088952e-19
0.00038257496157972963 9.900250855774742e-19
0.00038398730232347297 1.004725625828125e-18
0.0003854048569640386 1.0196444493958604e-18
0.0003868276447494156 1.0347847973923019e-18
0.0003882556849986523 1.0501499591901118e-18
0.0003896889971021135 1.0657432729273044e-18
0.00039112760052174974 1.081568126452316e-18
0.0003925715147913571 1.0976279577061141e-18
0.00039402075951684387 1.1139262558643902e-18
0.00039547535437649864 1.1304665618482036e-18
0.00039693531912125287 1.1472524690749546e-18
0.00039840067357495485 1.1642876244533486e-18
0.0003998714376346343 1.1815757289644726e-18
0.00040134763127077424 1.1991205385717993e-18
0.0004028292745275837 1.216925864990085e-18
0.00040431638752326564 1.234995576526243e-18
0.00040580899045029547 1.2533335989846289e-18
0.0004073071035756911 1.271943916413488e-18
0.0004088107472412894 1.2908305720286286e-18
0.0004103199418640245 1.3099976690082114e-18
0.0004118347079362 1.3294493716192336e-18
0.0004133550660257733 1.3491899058636514e-18
0.0004148810367766303 1.3692235604531653e-18
0.00041641264090886744 1.3895546878851241e-18
0.00041794989921907434 1.4101877051547116e-18
0.000419492832580612 1.4311270949486233e-18
0.000421041461943902 1.452377406588359e-18
0.00042259580833670617 1.4739432567231425e-18
0.0004241558928644139 1.4958293307339786e-18
0.00042572173671033016 1.5180403834745694e-18
0.0004272933611359602 1.5405812404226318e-18
0.00042887078748130036 1.5634567988235655e-18
0.00043045403716512713 1.5866720284326316e-18
0.00043204313168528763 1.6102319730515573e-18
0.0004336380926189933 1.6341417510362629e-18
0.00043523894162311017 1.6584065570938391e-18
0.00043684570043445474 1.6830316629509692e-18
0.00043845839087008876 1.7080224183731918e-18
0.0004400770348276149 1.733384252947409e-18
0.00044170165428547575 1.7591226766251705e-18
0.00044333227130324994 1.785243281298966e-18
0.0004449689080219532 1.8117517417798074e-18
0.0004466115866643385 1.838653817204981e-18
0.0004482603295351975 1.865955352321819e-18
0.0004499151590216652 1.8936622784443145e-18
0.00045157609759352113 1.921780615149764e-18
0.00045324316780349585 1.950316471276594e-18
0.000454916392287579 1.979276046534849e-18
0.00045659579376532155 2.0086656325248444e-18
0.0004582813950401509 2.0384916142576743e-18
0.00045997321899967546 2.0687604717299058e-18
0.0004616712886159968 2.0994787810798677e-18
0.0004633756269460241 2.1306532158120767e-18
0.0004650862571317816 2.1622905490549992e-18
0.0004668032024007297 2.1943976541355316e-18
0.00046852648606607496 2.2269815064746344e-18
0.0004702561315270886 2.260049185198761e-18
0.00047199216226942616 2.2936078744685463e-18
0.0004737346018654412 2.3276648652101706e-18
0.00047548347397451194 2.362227556266638e-18
0.00047723880234335734 2.3973034568811104e-18
0.0004790006108063614 2.4329001873823312e-18
0.00048076892328589876 2.4690254814787774e-18
0.0004825437637926542 2.5056871876528654e-18
0.0004843251564259555 2.5428932707026225e-18
0.00048611312537409504 2.5806518139837524e-18
0.00048790769491466074 2.6189710209348103e-18
0.0004897088894148671 2.6578592165034223e-18
0.000491516733331881 2.6973248494403457e-18
0.0004933312512131606 2.7373764939547683e-18
0.000495152467696783 2.7780228515127982e-18
0.0004969804075117813 2.8192727527613944e-18
0.0004988150954784819 2.86113515945838e-18
0.000500656556508836 2.9036191667567753e-18
0.0005025048156067654 2.9467340043850107e-18
0.0005043598978684955 2.9904890391472266e-18
0.0005062218284828995 3.034893777373671e-18
0.0005080906327318411 3.0799578662767728e-18
0.0005099663359905129 3.12569109605657e-18
0.0005118489637277879 3.172103403123376e-18
0.0005137385415065598 3.2192048702760085e-18
0.0005156350949840921 3.2670057309714692e-18
