results/limits/Stanford_l.dat
# %ECSV 1.0
# ---
# datatype:
# - {name: mx, unit: MeV, datatype: float64}
# - {name: sigma_10, unit: cm2, datatype: float64}
# - {name: sigma_9, unit: cm2, datatype: float64}
# - {name: sigma_7, unit: cm2, datatype: float64}
# - {name: sigma_6, unit: cm2, datatype: float64}
# - {name: sigma_5, unit: cm2, datatype: float64}
# - {name: sigma_4, unit: cm2, datatype: float64}
# - {name: sigma_3, unit: cm2, datatype: float64}
# - {name: sigma_2, unit: cm2, datatype: float64}
# schema: astropy-2.0
mx sigma_10 sigma_9 sigma_7 sigma_6 sigma_5 sigma_4 sigma_3 sigma_2
[from data line 557]
0.1190078407626656 1.5331854438966782e-44 1.3563324261578517e-42 9.82925139443811e-37 9.555696428524282e-33 8.077455538670347e-29 4.8521496358908604e-26 1.2494858780692158e-24 7.938754147289269e-25
0.12178269640372161 1.5576323899441995e-44 1.3895567671617153e-42 1.0520605047930075e-36 1.0238805012305953e-32 8.592607207981686e-29 4.977042126428806e-26 1.2786744379256293e-24 8.123948397030012e-25
0.12462225218368743 1.5829158949067205e-44 1.4236587861489827e-42 1.1261152594982063e-36 1.0970708220167265e-32 9.137977977184745e-29 5.1046320972999875e-26 1.3085422178963706e-24 8.313452141822775e-25
0.1275280166884199 1.6090548958843235e-44 1.4586649346490763e-42 1.2054409057579519e-36 1.1754886135681382e-32 9.715073531366505e-29 5.234984115149007e-26 1.3391052219147533e-24 8.507374858342281e-25
0.13050153367883624 1.6360685809620758e-44 1.4946026354238546e-42 1.2904140934770813e-36 1.2595066382380346e-32 1.0325448940656345e-28 5.368164402171018e-26 1.3703801108105727e-24 8.705848931984061e-25
0.1335443829110759 1.6639763836614917e-44 1.5315003256040467e-42 1.3814384200847189e-36 1.3495241650300064e-32 1.0970707912842124e-28 5.504240812865988e-26 1.4023821912237947e-24 8.908888407013174e-25
0.13665818097578622 1.6927979783527013e-44 1.5693875020260467e-42 1.4789463591752694e-36 1.4459688453577207e-32 1.1652501798540015e-28 5.643282973213038e-26 1.4351299589845735e-24 9.116700013202507e-25
0.13984458215697693 1.7225532768119652e-44 1.608294768891053e-42 1.5834013271920832e-36 1.5492987204362178e-32 1.2372528336501625e-28 5.785362180387704e-26 1.4686398786758535e-24 9.329360843819044e-25
0.14310527931090045 1.7532624261100934e-44 1.64825388787583e-42 1.6952998980331943e-36 1.6600043694072636e-32 1.3132530131504405e-28 5.930551530033287e-26 1.5029303084810147e-24 9.54694577706465e-25
0.14644200476542463 1.7849458080151346e-44 1.689297830831973e-42 1.815174176165444e-36 1.7786112079140728e-32 1.3934292856025985e-28 6.078925879745549e-26 1.5380188180877468e-24 9.769626652967842e-25
0.14985653124037576 1.81762404008758e-44 1.731460835218836e-42 1.9435943395906748e-36 1.90568194749302e-32 1.4779643172016001e-28 6.230561958862548e-26 1.5739252506749678e-24 9.997494428622573e-25
0.15335067278934078 1.8513179786376828e-44 1.7747784624238924e-42 2.0811713648193824e-36 2.0418192268436437e-32 1.5670446368662232e-28 6.385538271844994e-26 1.6106665778824993e-24 1.0230677234656648e-24
0.1569262857634292 1.886048723702642e-44 1.8192876591336075e-42 2.2285599468768204e-36 2.1876684267760538e-32 1.660860371958024e-28 6.543935355322064e-26 1.6482657078662332e-24 1.0469288127730802e-24
0.1605852697975066 1.9218376261859955e-44 1.8650268219277236e-42 2.3864616282983927e-36 2.3439206814185612e-32 1.7596049557942217e-28 6.705835468314283e-26 1.6867377795414237e-24 1.0713462163818597e-24
0.16432956881942368 1.958706297282811e-44 1.9120358652803626e-42 2.5556281520697268e-36 2.511316099101615e-32 1.8634748084741472e-28 6.8713230931174e-26 1.726108529708855e-24 1.0963319370997949e-24
0.16816117208277714 1.9966766202925467e-44 1.9603562931624883e-42 2.7368650545366236e-36 2.690647207218128e-32 1.972668990991536e-28 7.040484466554754e-26 1.7663941976502693e-24 1.1219027112611481e-24
0.172082115223751 2.035770764896498e-44 2.0100312744521945e-42 2.9310355154565447e-36 2.8827626362995614e-32 2.0873888353359977e-28 7.213408076418503e-26 1.8076195990241405e-24 1.1480692085769807e-24
0.1760944813425998 2.0760112039496575e-44 2.0611057223719144e-42 3.1390644835915736e-36 3.088571059542373e-32 2.2078375512507495e-28 7.390184373259852e-26 1.8498050644975128e-24 1.1748434467373988e-24
0.1802004021103484 2.1174207328073857e-44 2.113626378185154e-42 3.3619430975589964e-36 3.3090454050759017e-32 2.3342198127869874e-28 7.570905974288836e-26 1.892972871937373e-24 1.2022417367408762e-24
0.18440205890129596 2.160022491176586e-44 2.167641899399751e-42 3.6007334230658895e-36 3.54522735938138e-32 2.4667413268571134e-28 7.755667715972863e-26 1.9371474833076165e-24 1.2302797105621416e-24
0.18870168395192646 2.2038399874495075e-44 2.2232029527399667e-42 3.8565735291651375e-36 3.798232181456719e-32 2.605608386763656e-28 7.944566547475381e-26 1.982349687437724e-24 1.2589706534462267e-24
0.1931015615468407 2.2488971254466335e-44 2.280362312166083e-42 4.130682927789416e-36 4.0692538485762214e-32 2.7510274146909995e-28 8.137701842911056e-26 2.0286068841233493e-24 1.2883345725627263e-24
0.1976040292323402 2.2952182334641233e-44 2.339174962237577e-42 4.424368402554447e-36 4.3595705558203303e-32 2.9032044959215713e-28 8.335175109578074e-26 2.0759398978528474e-24 1.3183748817481433e-24
0.20221147905830805 2.342828095491775e-44 2.3996982071346267e-42 4.7390302546815275e-36 4.6705505929531247e-32 3.062344910234458e-28 8.537090413120118e-26 2.124377526837617e-24 1.3491187160476907e-24
0.20692635884904578 2.391751984440226e-44 2.4619917856724403e-42 5.076168995881008e-36 5.00365862370507e-32 3.2286526632931324e-28 8.743554063768614e-26 2.1739424195767962e-24 1.3805805966821633e-24
0.21175117350374192 2.442015697191826e-44 2.52611799266414e-42 5.4373925201722666e-36 5.360462394081718e-32 3.4023300242364405e-28 8.954674978902093e-26 2.2246630456087764e-24 1.4127766793834157e-24
0.2166884863272632 2.4936455912692134e-44 2.592141807010569e-42 5.824423788902012e-36 5.742639897965492e-32 3.5835770728633003e-28 9.170564533624274e-26 2.2765658528083297e-24 1.445724296774119e-24
0.22174092039197504 2.5466686228992604e-44 2.6601310269194196e-42 6.23910906567248e-36 6.151987030013144e-32 3.772591262231422e-28 9.391336664435662e-26 2.329677097724197e-24 1.4794419984161281e-24
0.22691115993131514 2.601112386238956e-44 2.7301564126819973e-42 6.683426740515896e-36 6.590425757677104e-32 3.969567001434124e-28 9.617108027286126e-26 2.384026749870868e-24 1.5139458256447788e-24
0.23220195176586036 2.6570051535235617e-44 2.8022918374633722e-42 7.159496785463295e-36 7.060012846097927e-32 4.174695263001557e-28 9.847997913632234e-26 2.4396429864994023e-24 1.5492434747277186e-24
0.2376161067626448 2.714375915896872e-44 2.876614446591094e-42 7.669590886669422e-36 7.562949171630043e-32 4.388163220447555e-28 1.0084128388873168e-25 2.496555200131751e-24 1.585374599445817e-24
0.24315650132850383 2.773254424688363e-44 2.953204825859152e-42 8.216143301482779e-36 8.101589661876416e-32 4.610153920160344e-28 1.0325624351005028e-25 2.5547938704093788e-24 1.6223435689832491e-24
0.24882607893823822 2.833671232912457e-44 3.032147179397392e-42 8.801762492309283e-36 8.678453902320094e-32 4.840845992092406e-28 1.0572613570471246e-25 2.614389654729504e-24 1.660174373608303e-24
0.25462785169840935 2.895657736780826e-44 3.113529517692526e-42 9.429243592822838e-36 9.296237451955624e-32 5.080413403438778e-28 1.0825226783659132e-25 2.6753744687121548e-24 1.6988882192729394e-24
0.2605649019475973 2.959246217039056e-44 3.197443856385318e-42 1.0101581766046656e-35 9.957823912739559e-32 5.329025258814285e-28 1.1083597763718174e-25 2.7377816333225965e-24 1.7385063053124587e-24
0.26664038389397104 3.0244698799638837e-44 3.283986426509579e-42 1.0821986518082177e-35 1.0666297800198457e-31 5.58684564984493e-28 1.1347863265656295e-25 2.8016411637645253e-24 1.7790444063192323e-24
0.27285752529104135 3.091362897885304e-44 3.3732578968824933e-42 1.1593897035819479e-35 1.142495826515531e-31 5.854033558057567e-28 1.1618163390043423e-25 2.8669909427476915e-24 1.820528024060153e-24
0.2792196291524867 3.159960449129131e-44 3.465363609402899e-42 1.2420998621845392e-35 1.2237333719255991e-31 6.130742810686491e-28 1.1894641286762482e-25 2.933862709808344e-24 1.862987852845209e-24
0.2857300755069626 3.230298757308483e-44 3.560413828064306e-42 1.3307240304994864e-35 1.310719741980134e-31 6.417122093965448e-28 1.217744355286389e-25 3.002294338589809e-24 1.9064224078602527e-24
0.2923923231938275 3.3024151299267786e-44 3.658524002543374e-42 1.4256853710595943e-35 1.4038584072305154e-31 6.713315021652064e-28 1.2466720036026352e-25 3.072319556556497e-24 1.9508805057787074e-24
0.2992099117007387 3.376347996289052e-44 3.7598150472821706e-42 1.5274373280460085e-35 1.5035807512209132e-31 7.019460261877291e-28 1.2762624215239918e-25 3.1439793602461425e-24 1.996371066826348e-24
0.3061864630440946 3.452136944751811e-44 3.864413637044044e-42 1.6364657939101854e-35 1.6103479530276346e-31 7.335691718331087e-28 1.306531286063162e-25 3.2173061831428953e-24 2.042923534859326e-24
0.31332568369332287 3.529822759373671e-44 3.9724525199892815e-42 1.7532914309560317e-35 1.7246529909359983e-31 7.662138769595258e-28 1.3374946731569366e-25 3.292347184926656e-24 2.0905599001091386e-24
0.32063136654003577 3.609447456058569e-44 4.08407084938718e-42 1.878472158957564e-35 1.8470227743476624e-31 7.998926557387148e-28 1.3691689784961606e-25 3.369131146808284e-24 2.1393073832358607e-24
0.3281073929131 3.691054318310196e-44 4.199414535157051e-42 2.0126058206780471e-35 1.978020411341835e-31 8.346176331911443e-28 1.4015710357851815e-25 3.4477100023266685e-24 2.189191857993096e-24
0.3357577346406907 3.7746879327397405e-44 4.318636616511794e-42 2.1563330380034614e-35 2.1182476196463134e-31 8.704005838319601e-28 1.4347180158864483e-25 3.528117296955714e-24 2.240245263868602e-24
0.343586456160426 3.8603942244885724e-44 4.4418976570646784e-42 2.3103402723105463e-35 2.2683472891121285e-31 9.072529754190568e-28 1.4686275211890474e-25 3.610400599337077e-24 2.2924797769639577e-24
0.3515977166787018 3.948220492743401e-44 4.5693661638529945e-42 2.47536310366143e-35 2.429006204121156e-31 9.451860163319476e-28 1.5033175446441516e-25 3.69460238768996e-24 2.345934646475471e-24
0.359795772380376 4.038215446533198e-44 4.701219031832319e-42 2.6521897444579846e-35 2.6009579346924917e-31 9.842107068258083e-28 1.5388064925870254e-25 3.780765285403685e-24 2.4006379395882813e-24
0.368184978689974 4.130429241005117e-44 4.837642015501944e-42 2.841664804304221e-35 2.784985905383872e-31 1.0243378935430031e-27 1.575113215570048e-25 3.8689398991689895e-24 2.456614725735923e-24
0.3767697925856183 4.224913514380793e-44 4.978830229436945e-42 3.0446933240194114e-35 2.981926651407925e-31 1.0655783264857677e-27 1.6122569679647736e-25 3.9591659942709535e-24 2.5138948659281044e-24
0.38555477496691104 4.3217214257955495e-44 5.1249886796251846e-42 3.2622450980243034e-35 3.1926732716967157e-31 1.107942718751729e-27 1.6502574911474527e-25 4.0514999434400705e-24 2.5725262258716542e-24
0.394544593078027 4.420907694220718e-44 5.2763328276396737e-42 3.495359305692963e-35 3.4181790889444145e-31 1.1514418073823439e-27 1.6891349359027666e-25 4.145981664151331e-24 2.632499475803613e-24
0.4037440229873054 4.522528638665189e-44 5.4330891898179925e-42 3.745149473730861e-35 3.6594615269387773e-31 1.1960864162813663e-27 1.7289099677915254e-25 4.242670264259532e-24 2.6938782524451532e-24
0.4131579521246571 4.626642219845601e-44 5.5954959737722443e-42 4.012808793211812e-35 3.917606215743553e-31 1.2418875191371031e-27 1.7696036856739145e-25 4.341609331391992e-24 2.7566912544852926e-24
0.42279138187813525 4.733308083507086e-44 5.763803754715782e-42 4.299615816590304e-35 4.193771335520887e-31 1.2888563034798803e-27 1.811237713663501e-25 4.44285731631799e-24 2.8209704082090874e-24
0.43264943025104924 4.842587605567774e-44 5.938276194267447e-42 4.6069405618089833e-35 4.4891922099675554e-31 1.3370042340229557e-27 1.853834153387027e-25 4.546465357447551e-24 2.8867499474945388e-24
0.4427373345810337 4.954543939251385e-44 6.119190804581329e-42 4.936251052552659e-35 4.805186160484921e-31 1.3863431159163896e-27 1.8974156230685726e-25 4.652487548284253e-24 2.9540664927655237e-24
0.4530604543225162 5.069242064363528e-44 6.306839760851198e-42 5.289120325768403e-35 5.143157632293665e-31 1.4368851570358966e-27 1.9420052741481522e-25 4.760982764674834e-24 3.022960161931251e-24
0.4636242738940635 5.186748838859092e-44 6.501530765453966e-42 5.667233939786502e-35 5.5046036037367985e-31 1.4886430289320967e-27 1.9876267838770318e-25 4.8720072777278344e-24 3.0934345787746543e-24
0.47443440559211736 5.307133052840783e-44 6.703587967228344e-42 6.072398018749121e-35 5.891119289977431e-31 1.5416299264285021e-27 2.03430438108444e-25 4.985619759456299e-24 3.1655729802423143e-24
0.48549659257266914 5.43046548512297e-44 6.91335293963294e-42 6.50654787159378e-35 6.304404152179645e-31 1.5958596253660169e-27 2.0820628587901644e-25 5.101881231845747e-24 3.239379708153788e-24
0.4968167119024568 5.556818962490081e-44 7.131185721794453e-42 6.971757226558624e-35 6.7462682230517965e-31 1.65134653829882e-27 2.1309275815254773e-25 5.220852914548766e-24 3.314914667724022e-24
0.5084007776813051 5.6862684217759e-44 7.357465926743019e-42 7.470248125089275e-35 7.218638759318754e-31 1.708105768051384e-27 2.180924504712822e-25 5.342598485338131e-24 3.392210593382155e-24
0.5202549442372687 5.818890974888527e-44 7.592593921438283e-42 8.004401522145588e-35 7.723567231259045e-31 1.7661531588885606e-27 2.2320801879943984e-25 5.4671839550855664e-24 3.471302891570082e-24
0.5323855093962742 5.954765976905792e-44 7.836992083519908e-42 8.576768643245772e-35 8.26323665888085e-31 1.8255053451015122e-27 2.284421789284269e-25 5.594670183548205e-24 3.5522485965167576e-24
0.5447989178279997 6.093975097367975e-44 8.091106140069573e-42 9.190083152160239e-35 8.839969303604e-31 1.8861797975033088e-27 2.337977132019701e-25 5.7251327252533505e-24 3.635067578494978e-24
0.557501764469769 6.236602394897665e-44 8.355406594051548e-42 9.847274186995427e-35 9.456234723439092e-31 1.9481948665624225e-27 2.3927746439445365e-25 5.858633428145166e-24 3.719842365266668e-24
0.5705007980302781 6.382734395281647e-44 8.630390244506821e-42 1.0551480326505035e-34 1.011465819860975e-30 2.0115698239234202e-27 2.448843452066574e-25 5.99525031011548e-24 3.8065642879642345e-24
0.5838029245750183 6.532460173155575e-44 8.916581807013088e-42 1.1306064552852747e-34 1.081802953330526e-30 2.0763249003737654e-27 2.5062133190172644e-25 6.1350481065360465e-24 3.8953327314356205e-24
0.5974152111952977 6.685871437439813e-44 9.21453564139345e-42 1.2114630281746482e-34 1.1569312237793062e-30 2.1424813223906276e-27 2.564914747580794e-25 6.278111374854971e-24 3.986156205754241e-24
0.6113448897628128 6.84306262068298e-44 9.52483759416087e-42 1.2981038535890008e-34 1.2371653093405664e-30 2.210061344931802e-27 2.6249788830290087e-25 6.424502075833751e-24 4.079100488595105e-24
0.6255993607717623 7.004130972479514e-44 9.848106963727331e-42 1.3909426343077998e-34 1.3228392100971349e-30 2.2790882836760945e-27 2.6864376812394156e-25 6.57431621889782e-24 4.174210179505251e-24
0.6401861972705483 7.169176657137684e-44 1.0184998596988258e-41 1.4904226446018711e-34 1.4143072811001155e-30 2.3495865427026195e-27 2.749323731440996e-25 6.727611284809767e-24 4.271538297610089e-24
0.6551131488851486 7.338302855785795e-44 1.0536205126517492e-41 1.5970188417130684e-34 1.5119453031440763e-30 2.4215816429512104e-27 2.81367049516336e-25 6.88448924591237e-24 4.371140875217023e-24
0.6703881459363026 7.511615873116328e-44 1.0902459358277991e-41 1.7112401278155235e-34 1.6161515905912527e-30 2.4951002457854272e-27 2.879512120264686e-25 7.045020230139645e-24 4.473071027853611e-24
0.686019303652694 7.689225248980198e-44 1.1284536820473875e-41 1.8336317731483522e-34 1.7273481352227445e-30 2.5701701771823763e-27 2.9468835995507872e-25 7.209295374326983e-24 4.577358366035988e-24
0.7020149264823721 7.871243875056906e-44 1.1683258484941738e-41 1.964778011764827e-34 1.845981784738014e-30 2.646820448861246e-27 3.0158207268743385e-25 7.377403188179974e-24 4.6840880233864666e-24
0.7183835125046995 8.057788116840263e-44 1.209949367330913e-41 2.1053048221510706e-34 1.972525454135677e-30 2.725081278285245e-27 3.0863601034559994e-25 7.549425180505288e-24 4.793313557461233e-24
0.7351337579451718 8.248977941193857e-44 1.253416316103805e-41 2.2558829058316553e-34 2.107479367779759e-30 2.804984108070153e-27 3.158539238178719e-25 7.725465847692783e-24 4.9050770831791886e-24
