results/limits/Stanford_l.dat
# %ECSV 1.0
# ---
# datatype:
# - {name: mx, unit: MeV, datatype: float64}
# - {name: sigma_10, unit: cm2, datatype: float64}
# - {name: sigma_9, unit: cm2, datatype: float64}
# - {name: sigma_7, unit: cm2, datatype: float64}
# - {name: sigma_6, unit: cm2, datatype: float64}
# - {name: sigma_5, unit: cm2, datatype: float64}
# - {name: sigma_4, unit: cm2, datatype: float64}
# - {name: sigma_3, unit: cm2, datatype: float64}
# - {name: sigma_2, unit: cm2, datatype: float64}
# schema: astropy-2.0
mx sigma_10 sigma_9 sigma_7 sigma_6 sigma_5 sigma_4 sigma_3 sigma_2
[from data line 80]
1.9989447971105317e-06 1.3810087391245253e-41 1.776046876948648e-41 4.1483138861557634e-41 1.163551193657598e-40 2.3187807816491362e-39 2.3159400464974587e-37 1.2486456307983362e-35 1.8887294436430846e-35
2.045553350050195e-06 1.3525532979895344e-41 1.740562690420365e-41 4.080991423950324e-41 1.155852719852572e-40 2.3670365903495007e-39 2.3756244447601342e-37 1.3099404732072177e-35 2.007738627476211e-35
2.0932486549653353e-06 1.32469077915205e-41 1.7058015302359681e-41 4.0149385360669514e-41 1.148426220005304e-40 2.4166190581377144e-39 2.437052617654492e-37 1.3748697741173295e-35 2.1348902168067347e-35
2.1420560511935146e-06 1.297408722190617e-41 1.6717484677350396e-41 3.9501310806703354e-41 1.1412704880415574e-40 2.4675542464662604e-39 2.5002861192984762e-37 1.4436719859979047e-35 2.270758335560612e-35
2.192001468898943e-06 1.2706949303602074e-41 1.6383888856557796e-41 3.8865454009278165e-41 1.1343844566275496e-40 2.5198687961243043e-39 2.565389166623325e-37 1.516602058139838e-35 2.415958005471665e-35
2.2431114428485372e-06 1.2445374649794852e-41 1.6057084715852558e-41 3.8241583153639446e-41 1.1277671985592532e-40 2.573589965907967e-39 2.632428773812479e-37 1.5939326101118814e-35 2.571148069800546e-35
2.2954131265091837e-06 1.2189246399381292e-41 1.573693211548427e-41 3.762947108417512e-41 1.1214179282723389e-40 2.6287456723327406e-39 2.7014748942675216e-37 1.67595518944802e-35 2.7370343251708683e-35
2.3489343064737076e-06 1.1938450163217693e-41 1.542329383733029e-41 3.702889521196881e-41 1.1153360034750041e-40 2.6853645301474276e-39 2.7726005705559647e-37 1.7629816195973647e-35 2.9143728784007886e-35
2.403703417223201e-06 1.1692873971519087e-41 1.5116035523473715e-41 3.643963742429647e-41 1.109520926905892e-40 2.7434758934111285e-39 2.8458820928249817e-37 1.8553454445872816e-35 3.1039737434647104e-35
2.4597495562335635e-06 1.1452408222383838e-41 1.4815025616082606e-41 3.5861483996027835e-41 1.1039723482193573e-40 2.803109896902556e-39 2.921399166196689e-37 1.953403477303428e-35 3.3067046944071875e-35
2.5171024994342686e-06 1.1216945631419897e-41 1.4520135298562086e-41 3.529422550289371e-41 1.0986900660002628e-40 2.8642974976440347e-39 2.999235087694125e-37 2.0575374588134724e-35 3.523495397634924e-35
2.575792717027583e-06 1.0986381182447863e-41 1.4231238437952812e-41 3.47376567365827e-41 1.0936740299105046e-40 2.9270705163407397e-39 3.0794769332829435e-37 2.1681558366221695e-35 3.755341833447341e-35
2.635851389676631e-06 1.0760612079259185e-41 1.3948211528548527e-41 3.4191576621630257e-41 1.088924342969367e-40 2.991461678558383e-39 3.162215755652396e-37 2.2856956704157717e-35 4.00331104330698e-35
2.6973104250709106e-06 1.0539537698405289e-41 1.3670933636707414e-41 3.365578813406491e-41 1.084441263969788e-40 3.0575046554891623e-39 3.2475467933999048e-37 2.410624674318436e-35 4.268546206076717e-35
2.760202474878063e-06 1.0323059542996703e-41 1.3399286346831047e-41 3.313009822177698e-41 1.0802252100325091e-40 3.1252341041856374e-39 3.3355696923279573e-37 2.543443405484701e-35 4.552272087323474e-35
2.8245609520908932e-06 1.0111081197489613e-41 1.3133153708486756e-41 3.2614317726575443e-41 1.0762767592999562e-40 3.1946857071743153e-39 3.4263887396085204e-37 2.684687609411526e-35 4.855800871583801e-35
2.8904200487788716e-06 9.903508283438983e-42 1.287242218464843e-41 3.2108261307900116e-41 1.072596653771618e-40 3.265896211394464e-39 3.520113111620911e-37 2.8349307331925166e-35 5.180538415790834e-35
2.9578147542535346e-06 9.700248416197926e-42 1.2616980601032346e-41 3.161174736815679e-41 1.069185802282462e-40 3.338903466441842e-39 3.616857136322639e-37 2.9947866186887405e-35 5.527990949664536e-35
3.026780873657441e-06 9.501211162541533e-42 1.2366720096504414e-41 3.1124597979643316e-41 1.066045283625819e-40 3.413746462131025e-39 3.716740571070446e-37 3.164912388446683e-35 5.899772253484759e-35
3.097355046986562e-06 9.30630799919697e-42 1.212153407453623e-41 3.0646638813036587e-41 1.0631763498218822e-40 3.490465365422873e-39 3.819888896870592e-37 3.3460115381469344e-35 6.297611353726359e-35
3.1695747685562034e-06 9.115452272259585e-42 1.1881318155687357e-41 3.017769906740894e-41 1.0605804295327639e-40 3.5691015567944313e-39 3.926433630103203e-37 3.538837250288635e-35 6.72336076455331e-35
3.2434784069208122e-06 8.928559157475873e-42 1.1645970131092203e-41 2.9717611401746085e-41 1.058259131624738e-40 3.649697666156979e-39 4.036512652836739e-37 3.744195944937096e-35 7.179005323258252e-35
3.319105225258239e-06 8.745545621374542e-42 1.1415389916929995e-41 2.926621186793681e-41 1.0562142488779938e-40 3.732297608453032e-39 4.150270562923953e-37 3.962951084434866e-35 7.666671656881344e-35
3.3964954022292982e-06 8.566330383228437e-42 1.1189479509856914e-41 2.882333984520682e-41 1.0544477618438433e-40 3.81694661908468e-39 4.267859045152352e-37 4.196027250204845e-35 8.188638322588658e-35
3.4756900533236943e-06 8.390833877828531e-42 1.0968142943379956e-41 2.838883797596925e-41 1.0529618428489092e-40 3.9036912893433805e-39 4.389437264808877e-37 4.4444145111106663e-35 8.747346682973598e-35
3.5567312527036693e-06 8.218978219052743e-42 1.0751286245152411e-41 2.796255210306532e-41 1.0517588601453744e-40 3.9925796020251183e-39 4.515172285112074e-37 4.7091731041357104e-35 9.345412549158036e-35
3.6396620555569646e-06 8.050687164212573e-42 1.0538817395171459e-41 2.7544331208369367e-41 1.0508413822058674e-40 4.083660967424753e-39 4.645239510064667e-37 4.991438449741868e-35 9.98563866406e-35
3.7245265209709786e-06 7.885886079161258e-42 1.033064628485858e-41 2.7134027352732094e-41 1.0502121821609452e-40 4.17698625990924e-39 4.7798231543869386e-37 5.292426525788165e-35 1.0671028077189607e-34
3.811369735340273e-06 7.724501904146289e-42 1.0126684677004091e-41 2.6731495617238527e-41 1.0498742423765704e-40 4.2726078552721514e-39 4.9191167423058815e-37 5.613439625633008e-35 1.140479847653638e-34
3.900237836319859e-06 7.566463120390875e-42 9.926846166557374e-42 2.6336594045755673e-41 1.0498307591682643e-40 4.370579669071246e-39 5.063323637098517e-37 5.9558725278765e-35 1.21903975471875e-34
3.991178037336996e-06 7.411699717389158e-42 9.731046142244788e-42 2.594918358874688e-41 1.0500851476478582e-40 4.470957196147407e-39 5.2126576034196245e-37 6.321219107159347e-35 1.3031519429155047e-34
4.0842386526745176e-06 7.260143160898534e-42 9.539201748997832e-42 2.556912804832998e-41 1.0506410466979649e-40 4.573797551518069e-39 5.367343404585931e-37 6.711079417533607e-35 1.393212234859167e-34
4.179469123139017e-06 7.111726361615479e-42 9.351231851174107e-42 2.51962940245571e-41 1.051502324068421e-40 4.679159512830806e-39 5.527617437140746e-37 7.127167282237657e-35 1.4896447523033437e-34
4.2769200423275275e-06 6.9663836445192e-42 9.167056996554394e-42 2.4830550862894474e-41 1.0526730815879552e-40 4.7871035645547773e-39 5.693728405185728e-37 7.571318426007747e-35 1.5929039405468127e-34
4.376643183506652e-06 6.824050718869671e-42 8.986599381099351e-42 2.447177060288126e-41 1.0541576604833517e-40 4.8976919440788e-39 5.8659380371417435e-37 8.045499188795153e-35 1.7034767384940307e-34
4.478691527118417e-06 6.684664648845493e-42 8.809782814449519e-42 2.411982792794688e-41 1.0559606467972424e-40 5.0109886898758633e-39 6.044521847787895e-37 8.55181586244474e-35 1.821884904377596e-34
4.583119288927478e-06 6.54816382480768e-42 8.636532686153178e-42 2.3774600116367327e-41 1.0580868768945126e-40 5.127059691885581e-39 6.229769948629356e-37 9.092524694889598e-35 1.948687507149929e-34
4.689981948824612e-06 6.41448793517668e-42 8.466775932606183e-42 2.343596699334076e-41 1.0605414430460369e-40 5.2459727442580464e-39 6.421987909860505e-37 9.6700426096113e-35 2.0844835962396994e-34
4.799336280301815e-06 6.283577938908647e-42 8.300441004689065e-42 2.310381088416398e-41 1.0633296990771379e-40 5.367797600596063e-39 6.621497677421541e-37 1.0286958691632428e-34 2.229915064748139e-34
4.911240380614659e-06 6.155376038558868e-42 8.137457836086273e-42 2.2778016568491696e-41 1.0664572660668004e-40 5.4926060318271926e-39 6.828638548895583e-37 1.0946046494634442e-34 2.3856697110732392e-34
5.0257537016479225e-06 6.029825653919001e-42 7.977757812273275e-42 2.2458471235660825e-41 1.0699300380821476e-40 5.6204718868331956e-39 7.043768212260309e-37 1.1650277228463736e-34 2.552484531979311e-34
5.142937081500915e-06 5.906871396216857e-42 7.821273740157301e-42 2.2145064441062824e-41 1.0737541879312737e-40 5.751471155962102e-39 7.267263851794288e-37 1.2402833889248592e-34 2.7311492328169556e-34
5.262852776809252e-06 5.786459042865242e-42 7.667939818357754e-42 2.1837688063547873e-41 1.0779361729158325e-40 5.885682037547608e-39 7.4995233257465e-37 1.3207126400629182e-34 2.9225100125589513e-34
5.385564495820272e-06 5.668535512749692e-42 7.517691608112897e-42 2.1536236263844637e-41 1.082482740563268e-40 6.023185007561101e-39 7.740966420706736e-37 1.4066807837320643e-34 3.1274735950754933e-34
5.511137432239651e-06 5.553048842042473e-42 7.370466004799369e-42 2.124060544398043e-41 1.0874009343168817e-40 6.164062892524728e-39 7.992036187969956e-37 1.4985791809532507e-34 3.347011569563739e-34
5.639638299867211e-06 5.439948160531645e-42 7.226201210051651e-42 2.0950694207686834e-41 1.0926980991602424e-40 6.308400945817355e-39 8.253200367567529e-37 1.5968271090610376e-34 3.5821650289471156e-34
5.771135368040315e-06 5.329183668454792e-42 7.084836704468653e-42 2.0666403321776812e-41 1.098381887150837e-40 6.45628692751121e-39 8.524952906047056e-37 1.7018737577210675e-34 3.8340495439249673e-34
5.905698497903673e-06 5.2207066138261685e-42 6.946313220895047e-42 2.038763567847887e-41 1.1044602628361325e-40 6.607811187883462e-39 8.807815574520995e-37 1.8142003677524402e-34 4.103860498429505e-34
6.043399179524854e-06 5.1144692702463834e-42 6.810572718265157e-42 2.0114296258715848e-41 1.1109415085236839e-40 6.763066754755126e-39 9.102339693975143e-37 1.934322522927095e-34 4.392878793667403e-34
6.184310569875183e-06 5.010424915185141e-42 6.677558355997463e-42 1.9846292096315169e-41 1.1178342293752877e-40 6.922149424818377e-39 9.409107975333782e-37 2.0627926057811933e-34 4.702476979804507e-34
6.32850753169624e-06 4.9085278087261606e-42 6.547214468928041e-42 1.9583532243138278e-41 1.1251473582938161e-40 7.085157859123592e-39 9.728736482320372e-37 2.200202429078215e-34 5.034125804402777e-34
6.47606667327258e-06 4.808733172764726e-42 6.419486542771509e-42 1.932592773511813e-41 1.1328901605699497e-40 7.25219368290801e-39 1.0061876725736454e-36 2.347186055603923e-34 5.389401250143888e-34
6.627066389131828e-06 4.7109971706480854e-42 6.294321190098355e-42 1.9073391559193273e-41 1.141072238254938e-40 7.423361589959577e-39 1.040921789840609e-36 2.5044228196931754e-34 5.769992063444291e-34
6.781586901693754e-06 4.615276887249401e-42 6.171666126817682e-42 1.882583862112784e-41 1.1497035342245136e-40 7.598769451721713e-39 1.0771489260705184e-36 2.6726405649633955e-34 6.177707819522835e-34
6.939710303890459e-06 4.521530309465495e-42 6.051470149154616e-42 1.8583185714207996e-41 1.1587943358983783e-40 7.778528431358032e-39 1.1149462687316538e-36 2.852619113778505e-34 6.614487586054241e-34
7.101520602780329e-06 4.4297163071300194e-42 5.933683111111975e-42 1.8345351488804567e-41 1.1683552785792786e-40 7.962753103009313e-39 1.1543955386624726e-36 3.045193984925708e-34 7.082409176809504e-34
7.267103764178904e-06 4.3397946143326245e-42 5.818255902405914e-42 1.8112256422793576e-41 1.1783973483756285e-40 8.151561576489597e-39 1.1955832804996934e-36 3.2512603773876754e-34 7.5836990894527805e-34
7.436547758330399e-06 4.2517258111355723e-42 5.7051404268654785e-42 1.7883822792825795e-41 1.1889318846719319e-40 8.345075627683342e-39 1.2386011729087318e-36 3.4717774391974394e-34 8.120743147671031e-34
7.609942606644117e-06 4.165471305679428e-42 5.594289581286308e-42 1.765997464643775e-41 1.199970582112124e-40 8.543420834921141e-39 1.283546360026044e-36 3.7077728417982044e-34 8.696097903458639e-34
7.787380429520604e-06 4.080993316669546e-42 5.485657234728831e-42 1.7440637774996588e-41 1.2115254920621872e-40 8.746726721628097e-39 1.330521805625712e-36 3.960347681793251e-34 9.312502860275931e-34
7.968955495292936e-06 3.998254856234639e-42 5.379198208251553e-42 1.7225739687472212e-41 1.2236090235203696e-40 8.955126905556091e-39 1.3796366716329355e-36 4.230681733509159e-34 9.97289356903382e-34
8.15476427030917e-06 3.9172197131505415e-42 5.27486825507024e-42 1.7015209585030304e-41 1.236233943445785e-40 9.168759254929523e-39 1.4310067227255045e-36 4.520039077460048e-34 1.0680415646042548e-33
8.344905470182516e-06 3.837852436420243e-42 5.172624041134001e-42 1.6808978336440575e-41 1.2494133764794792e-40 9.387766051852876e-39 1.4847547588914192e-36 4.829774131754899e-34 1.1438439840869661e-33
8.539480112236516e-06 3.760118319203256e-42 5.072423126109398e-42 1.66069784542953e-41 1.2631608040359613e-40 9.612294163348561e-39 1.5410110779471376e-36 5.161338115048765e-34 1.2250578115770034e-33
8.738591569173047e-06 3.6839833830868785e-42 4.9742239447639966e-42 1.64091440720333e-41 1.2774900627480227e-40 9.842495220414782e-39 1.5999139701673227e-36 5.516285972213581e-34 1.312070093460727e-33
8.942345623991688e-06 3.609414362691344e-42 4.8779857887409506e-42 1.6215410921765537e-41 1.2924153422532443e-40 1.0078525805514859e-38 1.661610247333913e-36 5.896283795622057e-34 1.405295575309351e-33
9.150850526189614e-06 3.536378690602797e-42 4.783668788716196e-42 1.6025716312898978e-41 1.307951182317135e-40 1.0320547648933304e-38 1.7262558086807643e-36 6.303116777712418e-34 1.5051786863394172e-33
9.364217049271877e-06 3.464844482626065e-42 4.6912338969303766e-42 1.5839999111555735e-41 1.3241124692952093e-40 1.0568727834458606e-38 1.7940162463908152e-36 6.7386977326110705e-34 1.612195659599813e-33
9.58255854960264e-06 3.394780523351005e-42 4.600642870087398e-42 1.5658199720785358e-41 1.340914431944629e-40 1.0823239014878245e-38 1.8650674934965708e-36 7.205076228043877e-34 1.7268568182181865e-33
9.805991026628606e-06 3.3261562520256784e-42 4.51185825261199e-42 1.5480260061568688e-41 1.3583726366052548e-40 1.1084259637800081e-38 1.939596517242431e-36 7.70444837029252e-34 1.8497089975092405e-33
1.0034633184506672e-05 3.2589417487295604e-42 4.42484336025859e-42 1.5306123554612097e-41 1.3765029817799697e-40 1.1351974182342127e-38 2.0178020611905868e-36 8.2391672904891e-34 1.981338185670204e-33
1.0268606495168497e-05 3.193107720840458e-42 4.3395622640641944e-42 1.513573510293182e-41 1.395321692155114e-40 1.1626573407264739e-38 2.099895439590873e-36 8.811754380272369e-34 2.1223722925157766e-33
1.0508035262855554e-05 3.128625489788996e-42 4.255979774637885e-42 1.4969041075228534e-41 1.4148453121134477e-40 1.1908254611151324e-38 2.1861013877917685e-36 9.424911333043002e-34 2.2734841848412623e-33
1.07530466901589e-05 3.065466978094522e-42 4.1740614267798944e-42 1.4805989290053045e-41 1.4350906988043194e-40 1.21972219052782e-38 2.276658972744049e-36 1.0081533045902734e-33 2.435394875249794e-33
1.1003770945598772e-05 3.00360469667617e-42 4.093773464423316e-42 1.4646529000764508e-41 1.4560750148485837e-40 1.2493686499851423e-38 2.3718225679435936e-36 1.0784721445965456e-33 2.6088769857637337e-33
1.1260341232779899e-05 2.943011732433412e-42 4.0150828258915534e-42 1.4490610881283451e-41 1.4778157207688551e-40 1.2797867004326633e-38 2.4718628974754122e-36 1.1537800306042928e-33 2.794758438558505e-33
1.1522893861159297e-05 2.883661736090568e-42 3.937957129464927e-42 1.4338187012642044e-41 1.500330567249012e-40 1.3109989742569656e-38 2.577068154159416e-36 1.2344331120573608e-33 2.9939264026645675e-33
1.1791568318464117e-05 2.825528910299009e-42 3.862364659249867e-42 1.418921087033558e-41 1.5236375873400816e-40 1.3430289083658965e-38 2.6877451971613376e-36 1.320813011879539e-33 3.207331560076199e-33
