results/limits/Stanford_h_phase.dat
# %ECSV 1.0
# ---
# datatype:
# - {name: mx, unit: MeV, datatype: float64}
# - {name: sigma, unit: cm2 MeV4, datatype: float64}
# schema: astropy-2.0
mx sigma
[from data line 4598]
228.17688886093958 125273.92911827286
229.01924277659606 127135.39037318784
229.86470638545097 129021.64068285417
230.7132911674664 130939.38425520538
231.56500864498645 132885.51710960595
232.4198703828902 134855.589616817
233.27788798875176 136858.8632582661
234.1390731129966 138890.04271048206
235.0034374490583 140955.82279990913
235.8709927335407 143045.19703464134
236.74175074637333 145171.53721720798
237.6157233109748 147325.18747469818
238.49292229441193 149513.79166550862
239.3733596075593 151734.90112242807
240.2570472052646 153987.2728107886
241.14399708650677 156272.35248587086
242.0342212945626 158592.9669716151
242.9277319171687 160950.32046939907
243.82454108668404 163336.86090250593
244.72466098025836 165765.80754369096
245.62810381999338 168223.97911934255
246.53488187311228 170725.99711086747
247.44500745212483 173257.22134667524
248.35849291499295 175831.5005571598
249.2753506653022 178441.97627624247
250.195593152426 181090.20754514672
251.1192328716983 183778.7305551536
252.04628236458169 186508.91961374693
252.97675421883622 189278.06964351409
253.9106610686938 192090.70567343538
254.84801559502574 194938.22682183143
255.78883052551848 197834.91018587362
256.7331186348449 200775.6791449424
257.6808927448362 203752.88971582902
258.63216572465967 206780.32899590858
259.5869504909892 209852.84950487793
260.5452600081843 212966.2771363197
261.5071072884648 216126.38704596114
262.47250539208557 219337.0655059161
263.44146742751735 222594.6975345533
264.41400655162306 225903.77660341316
265.3901359698348 229255.78537484177
266.36986893633673 232660.25617317297
267.3532187542413 236113.9946149499
268.340198775773 239619.52932431403
269.3308224024484 243177.30103607802
270.3251030852565 246789.7405683937
271.32305432484503 250454.19095880206
272.32468967169956 254169.82515647108
273.33002272633115 257944.233227484
274.3390671394594 261775.27989223163
275.3518366121965 265665.71044449497
276.36834489623647 269611.2103191587
277.38860579403814 273611.16388924286
278.4126331590159 277676.88109851704
279.4404408957267 281800.33828548016
280.47204296005646 285984.62597548316
281.50745335941417 290232.2030011443
282.54668615291723 294533.2042366726
283.5897554515863 298914.97868877766
284.6366754185354 303351.29462516395
285.6874602691623 307856.55384265684
286.74212427134563 312423.5534072468
287.80068174563405 317070.5769729003
288.8631470654447 321775.94319104514
289.9295346572567 326552.25832342746
290.99985900080515 331395.7633130891
292.07413462928184 336322.6520735862
293.15237612952814 341303.40166182443
294.23459814223696 346385.496238665
295.32081536214963 351518.5499298621
296.41104253825415 356741.7264033492
297.5052944739891 362044.14980835957
298.60358602744014 367423.4255356679
299.70593211154585 372877.34997667227
300.8123476942986 378412.99881199875
301.9228477989456 384027.9803250492
303.0374475041977 389740.0145534641
304.1561619444287 395515.4088055095
305.27900630988535 401394.37543106725
306.4059958468919 407347.4033585059
307.5371458580552 413400.31354772806
308.6724717024766 419534.07647854777
309.81198879595587 425767.8101989711
310.9557126112045 432080.3811942879
312.10365867805433 438497.8584423087
313.25584258366626 445021.8554941003
314.4122799727464 451620.9863136385
315.5729865477533 458324.2769956073
316.737978069116 465133.2765337013
317.90727035544563 472047.8660216184
319.0808792837486 479050.43937854865
320.25882078964634 486161.9203219514
321.44111086758716 493379.5885904224
322.62776557106724 500714.3678867554
323.8188010128471 508148.54786954157
325.01423336516825 515698.0109977362
326.21407885997684 523337.28310828976
327.418353789142 531129.9233128245
328.62707450467497 538991.5499845335
329.84025741895607 546997.8608455086
331.0579190049519 555132.5944202361
332.28007579644384 563376.1418763526
333.50674438825075 571743.5004034996
334.7379414364518 580224.5582378345
335.9736836586178 588834.9682688045
337.2139878340326 597590.5474371656
338.4588708039255 606461.0097196412
339.70834947169834 615465.7048535236
340.9624408031525 624599.3997615525
342.2211618267244 633895.5483532919
343.48452963371096 643302.6111461952
344.7525613785066 652867.0313510494
346.0252742788343 662546.7074011186
347.3026856159768 672367.8545689055
348.5848127350169 682352.930957842
349.8716730450664 692480.130253365
351.1632840195083 702772.6360860204
352.4596631962314 713202.4056295718
353.7608281778666 723805.4498616275
355.0667966320306 734530.346369278
356.3775862915604 745467.8943001356
357.69321495475884 756518.6685074634
359.0137004856344 767759.9947004237
360.33906081414125 779153.6802337453
361.66931393642795 790735.6264621717
363.0044779150762 802485.2563576361
364.3445708793508 814398.4808156361
365.6896110254438 826476.596465819
367.03961661671957 838729.6419837282
368.39460598396766 851202.6499731113
369.75459752564586 863839.5485421737
371.11960970813533 876690.4539662504
372.48966106598886 889678.7812470513
373.86477020218064 902920.1810517214
375.2449557883638 916290.1431793967
376.6302365651182 929907.591566665
378.02063134220975 943723.7499105709
379.41615899884414 957739.0657359521
380.8168384839203 971929.9150010197
382.2226888162935 986389.9251859583
383.6337290850272 1001046.0409872668
385.0499784496577 1015895.795277687
386.47145614045206 1030942.474694041
387.89818145866684 1046277.4676428544
389.33017377681546 1061835.246114384
390.7674525389253 1077594.3388828682
392.2100372608069 1093607.347901595
393.65794753031696 1109822.3019918292
395.11120300762144 1126308.2512570522
396.56982342546854 1143052.299080655
398.03382858945 1160007.40201071
399.5032383782758 1177237.242198384
400.9780727440413 1194697.2066348987
402.45835171249627 1212431.6882948182
403.94409538332127 1230442.6179881548
405.4353239303983 1248691.6533434223
406.9320576020821 1267227.692268224
408.4343167214812 1286060.6795061785
409.9421216867268 1305162.0613841922
411.4554929712559 1324580.9118663715
412.9744511240868 1344207.1050385728
414.4990167700952 1364168.2847442587
416.0292106103006 1384413.4124698061
417.5650534221405 1404984.3379747136
419.1065660597583 1425931.1771116098
420.6537694542841 1447013.4748176285
422.20668461411617 1468508.826080329
423.76533262521247 1490298.4120578784
425.3297346513698 1512455.3325523315
426.89991193451726 1534924.766581753
428.47588579500234 1557653.0665294419
430.0576776318775 1580805.5125222278
431.645308923197 1604350.204553009
433.23880122630135 1628181.3872245208
434.8381761781165 1652347.6643256692
436.4434554954447 1676872.1519336905
438.05466097525687 1701727.4991579782
439.6718144949947 1727043.630309096
441.2949380128605 1752679.9817616702
442.92405356812196 1778657.002188614
444.5591832814083 1805071.5146604353
446.2003493550082 1831929.0616505349
447.84757407317744 1859107.8683687837
449.5008798024343 1886679.6815871568
451.16028899186966 1914775.4487876317
452.82582417344906 1943176.91084396
454.4975079623158 1972001.2440157477
456.1753630571046 2001217.8366344552
457.85941224024236 2031028.6552792501
459.5496783782639 2061153.3513205722
461.24618442211977 2091805.9622572584
462.94895340748525 2122777.5780755896
464.65800845507925 2154331.9338598847
466.3733727709711 2186333.0634232713
468.0950696469022 2218844.3305905806
469.8231224605992 2251762.8084184807
471.557554676089 2285236.8943953663
473.2983898440236 2319196.2030300973
475.0456516019924 2353514.612638171
476.79936367485004 2388527.982914312
478.55954987503543 2423953.9312212886
480.32623410289216 2460001.7040841025
482.0994403470001 2496359.9858108424
483.8791926844929 2533593.3470669226
485.66551528139223 2571086.4564829487
487.45843239293265 2609373.6364502017
489.2579683638881 2648059.6176210493
491.0641476289093 2687387.6829483127
492.8769947128479 2727302.882405352
494.69653423109594 2767815.371338755
496.52279088991753 2808833.6970110037
498.3557894867812 2850591.8237190414
500.1955549107024 2892867.5677207867
502.04211214257884 2935864.950354291
503.8954862555263 2979528.342756064
505.7557024152264 3023719.467933877
507.6227858802599 3068657.9596657273
509.49676200245733 3114253.3801091285
511.3776562272395 3160503.761086998
513.2654940939605 3207359.087865801
515.1603012362611 3255066.122733778
517.0621033824093 3303161.3983172923
518.9709263556562 3352410.3816113137
520.8867960745838 3402208.987000901
522.8097385534542 3452710.2799990857
524.7397799025695 3503858.417726804
526.6769463286181 3555865.4896269934
528.6212641350385 3608743.8622565237
530.5727597223722 3662274.8892504885
532.5314595886202 3716732.7178392815
534.4973903296094 3771909.858950049
536.4705786393454 3828022.1019170075
538.4510513103825 3884769.889744613
540.4388352341844 3942465.18344906
542.4339574014858 4001038.310426439
544.4364449026671 4060388.672036689
546.4463249281123 4120653.3260494787
548.4636247685875 4181890.0905106138
550.4883718156068 4243814.063030043
552.5205935618014 4306901.373837905
554.560317601301 4371098.225783591
556.6075716300991 4435859.349565916
558.6623834464369 4501690.1859232215
560.7247809511779 4568689.150360955
562.7947921481826 4636160.473972236
564.8724451446974 4705261.883958663
566.9577681517268 4774933.781157381
569.0507894844242 4846047.914038673
571.1515375624734 4917863.611183518
573.260040910471 4990819.097246105
575.3763281583216 5064933.752901825
577.5004280416169 5140285.071015036
579.632369402035 5216577.435271217
581.7721811877276 5294140.064883886
583.9198924537102 5372649.629512343
586.0755323622644 5452583.081964711
588.2391301833246 5533448.682230937
590.4107152948836 5615900.450185902
592.5903171833885 5698944.770707435
594.7779654441366 5783608.663060703
596.9736897816864 5869445.572737082
599.1775200102508 5956543.55357496
601.3894860541105 6045026.156842906
603.6096179480173 6134876.554166672
605.8379458375974 6225977.45008305
608.0744999797682 6318250.076521006
610.319310743146 6412270.093914125
612.5724086084542 6507374.522394958
614.8338241689461 6604088.064266021
617.10358813081 6702567.231537738
619.381731313595 6801682.069130387
621.6682846506262 6902710.658686758
623.9632791894205 7005014.4565322315
626.2667460921167 7109084.939560562
628.5787166358891 7214460.48681205
630.8992222133811 7321657.9564884845
633.228294333127 7430568.92997972
635.5659646199765 7541334.586443825
637.9122648155331 7652853.828132326
640.2672267785747 7766451.898589375
642.6308824854949 7881987.37032244
645.0032640307339 7998712.817265496
647.38440362721 8117693.199873909
649.7743336067662 8238223.075377999
652.1730864205988 8360454.244343733
654.5806946397071 8484932.098235415
656.997190955332 8610570.840136614
659.4226081793954 8738288.537353793
661.8569792449557 8868524.051291298
664.3003372066437 8999954.63396427
666.752715241121 9133261.038927585
669.2141466475267 9269210.79019118
671.6846648479252 9406396.467411797
674.1643033877697 9546450.093358368
676.6530959363464 9688087.465095257
679.1510762872417 9831986.797798377
681.658278358797 9977202.321320122
684.1747361945647 10126122.302412944
686.7004839637802 10276199.271626312
689.2355559618152 10429512.505838374
691.7799866106525 10583847.096836679
694.3338104593496 10741321.448181309
696.8970621845039 10900953.339713702
699.4697765907324 11063021.761098512
702.0519886111341 11226808.28811938
704.6437333077735 11393713.944865493
707.2450458721527 11562580.745430825
709.8559616256853 11734419.759998452
712.476516020185 11908686.541280968
715.1067446383369 12085263.544951279
717.7466831941894 12264768.814648975
720.3963675336357 12447052.355365256
723.0558336348959 12632532.55279862
725.7251176090153 12819898.97870017
728.4042557003442 13010562.348991595
731.0932842870384 13202112.406088939
733.7922398815509 13399254.475750647
736.5011591311217 13597804.62066012
739.2200788182863 13799924.935200877
741.9490358613634 14004377.677296026
744.6880673149664 14212246.84770236
747.4372103705019 14423430.470572306
750.196502356671 14638181.712315088
752.9659807399837 14854889.384500552
755.745683125265 15075173.258841489
758.5356472561592 15299678.91925603
761.3359110156542 15526054.999376515
764.1465124265832 15757441.347802961
766.9674896521517 15991045.068536932
769.7988809964513 16228476.481269937
772.640724904975 16469722.387320127
775.49305996515 16714015.602766028
778.3559249068496 16963115.09021187
781.2293586029297 17214998.590327792
784.1134000697515 17470639.686178166
787.0080884677076 17729272.379230507
789.9134631017639 17993683.122670915
792.8295634219811 18259444.025321092
795.7564290240612 18531287.115667604
798.6940996498805 18806521.638269864
801.6426151880244 19085281.308842786
804.6020156743402 19368279.978718806
807.5723412924682 19655302.074113723
810.5536323743979 19948062.437116995
813.5459294010116 20243732.43936975
816.5492730026284 20545357.787875853
819.5637039595681 20849084.960440293
822.5892632026912 21159937.150225952
825.6259918139664 21474007.524424057
828.6739310270236 21792376.42071048
831.7331222277086 22117163.337264456
834.8036069546569 22445997.526796952
837.8854268998441 22777536.441473536
840.9786239091641 23116687.569295924
844.0832399829918 23459786.890190292
847.1993172767488 23808042.432903267
850.3268981014874 24161564.807885513
853.4660249244513 24519836.491215426
856.6167403696646 24883712.972206183
859.7790872185054 25255145.783826
862.9531084102811 25629404.951493856
866.138847042824 26009511.44535901
869.3363463730624 26396680.934145454
872.54564981762 26788548.49659243
875.7668009534007 27185246.53718208
878.9998435181743 27586416.008113068
882.2448214111836 27997502.929721646
885.5017786937254 28414894.370856997
888.7707595897618 28836718.30615481
892.0518084865155 29264455.80419061
895.344969935066 29698321.460075486
898.650288650969 30139885.045189828
901.9678095148472 30586739.480318103
905.2975775730135 31042940.07725847
908.6396380380772 31502880.287921485
911.9940362895519 31968586.006932076
915.3608178744848 32443865.53801386
918.7400285080605 32926062.30646155
922.1317140742344 33415452.302012283
925.5359206263506 33911717.757807724
928.9526943877611 34414796.95647476
932.3820817524651 34924976.50588705
935.8241292857332 35444441.96043814
939.2788837247336 35970658.45794206
942.746391979181 36505814.26428678
946.226701131957 37048744.70237204
949.7198584397639 37598588.49986993
953.22591133376 38155829.9275136
956.7449074201978 38722946.845781885
960.2768944810847 39297668.922398485
963.8219204748152 39878459.72397091
967.3800335368367 40472087.27328989
970.9512819802964 41075101.86604576
974.5357142966922 41684629.68418299
978.1333791565442 42304679.39108492
981.7443254100403 42931732.82378049
985.3686020877134 43568089.51050081
989.0062584011004 44213895.817460656
992.6573437434055 44873118.280134246
996.3219076901839 45539819.26166848
1000.0 46214012.321465634
