results/limits/Stanford_h_phase.dat
# %ECSV 1.0
# ---
# datatype:
# - {name: mx, unit: MeV, datatype: float64}
# - {name: sigma, unit: cm2 MeV4, datatype: float64}
# schema: astropy-2.0
mx sigma
[from data line 1071]
0.0005175386499123683 2.732484897423152e-19
0.0005194492321384366 2.773058621371928e-19
0.000521366867604767 2.8142348104104845e-19
0.0005232915823495992 2.856022410695203e-19
0.0005252234025072966 2.8984305004734293e-19
0.0005271623543087045 2.941468293392862e-19
0.0005291084640815018 2.985145139528375e-19
0.0005310617582505611 3.029470528099054e-19
0.000533022263338307 3.074454089070726e-19
0.0005349900059650756 3.1201055953076405e-19
0.000536965012849478 3.166434964952563e-19
0.0005389473108087604 3.2134522634967045e-19
0.0005409369267591693 3.261167705575602e-19
0.0005429338877163178 3.3095916580207025e-19
0.0005449382207955507 3.358734640751098e-19
0.0005469499532123157 3.408607330695783e-19
0.0005489691122825291 3.459220563068635e-19
0.0005509957254229494 3.5105853337684024e-19
0.0005530298201515484 3.562712801976996e-19
0.0005550714240878846 3.6156142933509513e-19
0.000557120564953481 3.6693013004003196e-19
0.000559177270572197 3.7237854873750747e-19
0.0005612415688706091 3.7790786912490755e-19
0.0005633134878783914 3.8351929247858083e-19
0.0005653930557286905 3.8921403793482807e-19
0.0005674803006585152 3.9499334268402955e-19
0.000569575251009114 4.008584623120332e-19
0.0005716779352263616 4.0681067109842917e-19
0.000573788381861148 4.1285126217498214e-19
0.0005759066195697597 4.189815478873236e-19
0.0005780326771142767 4.252028601035252e-19
0.0005801665833629568 4.3151655044708343e-19
0.00058230836729063 4.379239905716013e-19
0.0005844580579790941 4.444265725724587e-19
0.0005866156846175032 4.510257091830062e-19
0.0005887812765027723 4.577228340734759e-19
0.0005909548630399686 4.645194022415544e-19
0.0005931364737427131 4.714168903288209e-19
0.0005953261382335837 4.784167968100075e-19
0.000597523886244511 4.855206425097936e-19
0.0005997297476171904 4.92729970731905e-19
0.0006019437523034802 5.000463478403971e-19
0.0006041659303658116 5.074713632522025e-19
0.0006063963119775984 5.150066301312763e-19
0.0006086349274236407 5.226537856317218e-19
0.0006108818071005444 5.30414491061172e-19
0.0006131369815171269 5.382904325686564e-19
0.0006154004812948346 5.462833211743092e-19
0.0006176723371681601 5.543948934166906e-19
0.0006199525799850538 5.62626911610399e-19
0.0006222412407073505 5.709811642084326e-19
0.0006245383504111837 5.7945946621993855e-19
0.0006268439402874096 5.880636595980712e-19
0.0006291580416420334 5.967956136350177e-19
0.0006314806858966271 6.056572254713607e-19
0.0006338119045887655 6.146504203211725e-19
0.0006361517293724472 6.23777152036239e-19
0.0006385001920185266 6.330394034205226e-19
0.0006408573244151485 6.424391867474229e-19
0.0006432231585681736 6.519785442396822e-19
0.0006455977266016224 6.616595483215843e-19
0.0006479810607581039 6.714843023277696e-19
0.0006503731933992562 6.814549407066741e-19
0.0006527741570061881 6.9157362957504775e-19
0.0006551839841799155 7.018425674694858e-19
0.0006576027076418076 7.122639851916071e-19
0.0006600303602340302 7.228401470257756e-19
0.0006624669749199906 7.335733505595072e-19
0.000664912584784788 7.444659277248766e-19
0.0006673672230356595 7.555202450653936e-19
0.0006698309230024324 7.667387041126663e-19
0.0006723037181379771 7.781237421627002e-19
0.0006747856420186601 7.896778327296557e-19
0.0006772767283448033 8.014034859911159e-19
0.0006797770109411362 8.133032494078751e-19
0.000682286523757259 8.253797083011889e-19
0.0006848053008681045 8.376354863756669e-19
0.0006873333764743949 8.500732463040834e-19
0.0006898707849031145 8.626956901847747e-19
0.000692417560607969 8.755055603491553e-19
0.0006949737381698556 8.885056399075173e-19
0.0006975393522973359 9.01698753063723e-19
0.000700114437827099 9.150877663001183e-19
0.0007026990297244444 9.286755883812785e-19
0.0007052931630837493 9.42465171260455e-19
0.0007078968731289476 9.564595108704336e-19
0.0007105101952140116 9.706616476315624e-19
0.0007131331648234234 9.850746670558103e-19
0.0007157658175726674 9.997017004138997e-19
0.0007184081892087055 1.014545925490378e-18
0.0007210603156104659 1.0296105673583792e-18
0.0007237222327893327 1.0448988989229424e-18
0.0007263939768896271 1.060414241540106e-18
0.0007290755841891085 1.0761599661867128e-18
0.0007317670910994585 1.0921394936738728e-18
0.0007344685341667792 1.1083562955984258e-18
0.0007371799500720914 1.1248138952446134e-18
0.0007399013756318252 1.1415158681977189e-18
0.0007426328477983297 1.158465842804667e-18
0.0007453744036603674 1.1756675018214233e-18
0.0007481260804436199 1.193124582258278e-18
0.000750887915511197 1.2108408768750003e-18
0.0007536599463641352 1.2288202346663316e-18
0.0007564422106419183 1.2470665617162859e-18
0.0007592347461229792 1.2655838221756977e-18
0.0007620375907252163 1.2843760390501743e-18
0.0007648507825065118 1.3034472950786573e-18
0.0007676743596652395 1.3228017335065052e-18
0.0007705083605407943 1.3424435593639379e-18
0.0007733528236141047 1.3623770398578155e-18
0.0007762077875081578 1.3826065058660673e-18
0.0007790732909885272 1.4031363520959887e-18
0.0007819493729638912 1.4239710388496815e-18
0.0007848360724865711 1.4451150927654904e-18
0.0007877334287530536 1.4665731074253298e-18
0.0007906414811045257 1.4883497447084888e-18
0.0007935602690274126 1.5104497357653118e-18
0.0007964898321539044 1.5328778820191945e-18
0.0007994302102625065 1.5556390559364871e-18
0.0008023814432785692 1.578738202882732e-18
0.000805343571274835 1.6021803409024116e-18
0.0008083166344719836 1.6259705631085662e-18
0.000811300673239174 1.6501140381009934e-18
0.0008142957280945956 1.6746160112462395e-18
0.0008173018397060176 1.6994818057810275e-18
0.0008203190488913404 1.724716823810327e-18
0.0008233473966191533 1.7503265480436783e-18
0.0008263869240092852 1.7763165421225e-18
0.0008294376723333671 1.8026924527290077e-18
0.0008324996830153912 1.8294600099251733e-18
0.0008355729976322724 1.856625029548767e-18
0.0008386576579144166 1.8841934130880764e-18
0.0008417537057462819 1.9121711499249518e-18
0.0008448611831669504 1.9405643186821385e-18
0.0008479801323707016 1.9693790875864116e-18
0.0008511105957075766 1.9986217171999036e-18
0.0008542526156839649 2.028298560431451e-18
0.0008574062349631721 2.0584160649312486e-18
0.0008605714963660027 2.0889807738253346e-18
0.0008637484428713452 2.11999932760688e-18
0.0008669371176167454 2.1514784649456258e-18
0.0008701375638990053 2.1834250252741666e-18
0.0008733498251747606 2.2158459490273606e-18
0.0008765739450610748 2.2487482799057367e-18
0.0008798099673360348 2.282139166111535e-18
0.0008830579359393353 2.3160258618755098e-18
0.0008863178949728883 2.350415729581049e-18
0.000889589888701412 2.3853162406798073e-18
0.0008928739615530352 2.4207349773157754e-18
0.0008961701581199045 2.4566796345983972e-18
0.0008994785231587794 2.4931580214605315e-18
0.0009027991015916534 2.5301780635123653e-18
0.0009061319385063533 2.5677478033544795e-18
0.0009094770791571551 2.605875403133911e-18
0.0009128345689654028 2.6445691465984585e-18
0.0009162044535201145 2.6838374401719883e-18
0.0009195867785786138 2.7236888148588483e-18
0.0009229815900671425 2.7641319289481414e-18
0.0009263889340814863 2.8051755689976662e-18
0.0009298088568876053 2.846828651496159e-18
0.0009332414049222518 2.889100226467464e-18
0.0009366866247936137 2.9319994773603277e-18
0.0009401445632819373 2.9755357245185713e-18
0.0009436152673401661 3.0197184265231226e-18
0.0009470987840945825 3.064557181994815e-18
0.0009505951608454364 3.110061732583521e-18
0.0009541044450676018 3.1562419645105786e-18
0.0009576266844112103 3.203107910819353e-18
0.000961161926702302 3.250669753621071e-18
0.000964710219943479 3.2989378254516485e-18
0.0009682716123145463 3.3479226132851675e-18
0.0009718461521731797 3.397634759387873e-18
0.000975433888055572 3.4480850639404464e-18
0.0009790348686770948 3.499284487805141e-18
0.0009826491429329649 3.5512441537542345e-18
0.0009862767598989004 3.603975351220887e-18
0.0009899177688317917 3.657489535968767e-18
0.0009935722191703703 3.711798334029718e-18
0.0009972401605358768 3.766913544974152e-18
0.0010009216427327417 3.822847142831148e-18
0.0010046167157492527 3.8796112790003966e-18
0.0010083254297582394 3.937218286499801e-18
0.001012047835117753 3.99568068063427e-18
0.0010157839823717488 4.0550111621579176e-18
0.001019533922250777 4.115222621821826e-18
0.001023297705672665 4.176328140311904e-18
0.0010270753837432133 4.2383409941646295e-18
0.0010308670077568882 4.3012746551045274e-18
0.0010346726291975167 4.365142795720758e-18
0.0010384922997389908 4.4299592931493724e-18
0.0010423260712459626 4.4957382283367056e-18
0.0010461739957745514 4.5624938913081576e-18
0.0010500361255730518 4.630240786594026e-18
0.00105391251308264 4.69899363197285e-18
0.0010578032109380912 4.768767364913221e-18
0.0010617082719684876 4.8395771437857824e-18
0.0010656277491979402 4.91143835311765e-18
0.0010695616958463063 4.984366603279427e-18
0.0010735101653299166 5.05837774109283e-18
0.0010774732112622943 5.133487844118572e-18
0.001081450887454887 5.209713232021333e-18
0.0010854432479177963 5.287070463495425e-18
0.0010894503468605104 5.365576345470241e-18
0.0010934722386926443 5.445247934988719e-18
0.001097508978024672 5.526102539830313e-18
0.0011015606196686726 5.608157727271688e-18
0.0011056272186390733 5.6914313234935246e-18
0.0011097088301533955 5.77594142073368e-18
0.0011138055096330086 5.861706379344043e-18
0.001117917312703876 5.948744831392806e-18
0.0011220442951973154 6.037075688587886e-18
0.0011261865131507547 6.12671813939246e-18
0.0011303440228084933 6.2176916596679355e-18
0.0011345168806224683 6.310016014622837e-18
0.0011387051432530165 6.403711262124686e-18
0.001142908867569646 6.498797758321122e-18
0.0011471281106518094 6.5952961605432625e-18
0.001151362929789676 6.693227434514746e-18
0.0011556133824849155 6.792612855593094e-18
0.001159879526451471 6.893474016655991e-18
0.0011641614196163475 6.995832830655729e-18
0.001168459120120398 7.099711534952372e-18
0.0011727726863191106 7.205132698720937e-18
0.0011771021767834065 7.312119224408083e-18
0.0011814476503004278 7.420694356809561e-18
0.0011858091658743409 7.530881682989725e-18
0.0011901867827271342 7.64270514225403e-18
0.0011945805602994286 7.756189030433463e-18
0.0011989905582512758 7.871358000872727e-18
0.0012034168364629747 7.988237077295728e-18
0.001207859455035882 8.106851648331276e-18
0.0012123184742932277 8.227227487692382e-18
0.0012167939547809395 8.34939074594268e-18
0.001221285957268456 8.473367964579505e-18
0.001225794542749559 8.599186078203876e-18
0.001230319772443198 8.726872420691208e-18
0.0012348617077943228 8.856454733290736e-18
0.0012394204104747202 8.987961169782814e-18
0.0012439959423838458 9.121420299321759e-18
0.0012485883656496689 9.256861117715987e-18
0.0012531977426295145 9.394313050002068e-18
0.0012578241359109093 9.533805959089252e-18
0.0012624676083124364 9.675370148916101e-18
0.0012671282228845803 9.819036377731638e-18
0.0012718060429105888 9.964835855489995e-18
0.0012765011319073299 1.0112800260006033e-17
0.0012812135536261543 1.0262961737302139e-17
0.0012859433720537655 1.0415352910099951e-17
0.0012906906514130805 1.0570006885670785e-17
0.0012954554561641085 1.0726957266285733e-17
0.0013002378510048223 1.088623814769805e-17
0.0013050379008720382 1.1047884136716551e-17
0.0013098556709423012 1.1211930351066885e-17
0.0013146912266327631 1.1378412431136817e-17
0.0013195446336020753 1.1547366546113585e-17
0.001324415957751278 1.1718829400350545e-17
0.0013293052652247003 1.1892838249668476e-17
0.0013342126224108505 1.2069430896165304e-17
0.0013391380959433226 1.2248645704423792e-17
0.0013440817527017002 1.2430521612237157e-17
0.0013490436598124626 1.2615098133609715e-17
0.001354023884649902 1.2802415365718063e-17
0.0013590224948370304 1.2992514008104366e-17
0.0013640395582465031 1.3185435358157065e-17
0.0013690751430015388 1.338122133410671e-17
0.001374129317476843 1.357991446604588e-17
0.001379202150299543 1.3781557923771796e-17
0.0013842937103501097 1.398619551422231e-17
0.0013894040667633003 1.4193871701356898e-17
0.0013945332889290943 1.440463159577416e-17
0.0013996814464936349 1.4618520993617632e-17
0.0014048486093601797 1.4835586361632817e-17
0.0014100348476900424 1.5055874856252868e-17
0.0014152402319035505 1.5279434339302348e-17
0.001420464832681 1.5506313382314218e-17
0.001425708720963614 1.573656127024958e-17
0.0014309719679545113 1.5970228032555433e-17
0.001436254645119665 1.620736442855896e-17
0.0014415568241888785 1.6448021985245897e-17
0.0014468785771567577 1.669225297852595e-17
0.001452219976283688 1.6940110479124127e-17
0.0014575810940968203 1.7191648323788277e-17
0.0014629620033910474 1.7446921168246765e-17
0.0014683627772299986 1.7705984472990685e-17
0.0014737834889470285 1.7968894518173525e-17
0.0014792242121462187 1.8235708425280256e-17
0.0014846850207033684 1.8506484157498558e-17
0.0014901659887670033 1.878128054749082e-17
0.001495667190759381 1.906015729327253e-17
0.0015011887013775002 1.9343174984173622e-17
0.001506730595594121 1.9630395107067497e-17
0.0015122929486587734 1.9921880059302904e-17
0.0015178758360987854 2.0217693171517117e-17
0.0015234793337203074 2.051789871205535e-17
0.0015291035176093388 2.0822561901379807e-17
0.0015347484641327692 2.1131748927125648e-17
0.001540414249939404 2.1445526966464684e-17
0.0015461009519610125 2.1763964186082653e-17
0.0015518086474133712 2.208712977093509e-17
0.00155753741379731 2.2415093927358076e-17
0.0015632873288997705 2.2747927913756183e-17
0.0015690584707948544 2.308570403849955e-17
0.001574850917844888 2.3428495675648376e-17
0.0015806647487014859 2.3776377316218524e-17
0.0015865000423066166 2.4129424528010218e-17
0.0015923568778936816 2.448771401358495e-17
0.001598235334988581 2.4851323614635353e-17
0.0016041354934107999 2.5220332336734492e-17
0.0016100574332744905 2.5594820337214277e-17
0.0016160012349895588 2.597486898239458e-17
0.0016219669792627625 2.636056083552714e-17
0.0016279547470987967 2.6751979695352948e-17
0.0016339646198014013 2.7149210598609094e-17
0.0016399966789744612 2.7552339846250788e-17
0.0016460510065231205 2.7961455019835666e-17
0.0016521276846548855 2.837664500741669e-17
0.001658226795880747 2.879799999692485e-17
0.0016643484230162995 2.9225611556196044e-17
0.001670492649182863 2.9659572560352716e-17
0.0016766595578086203 3.009997730484764e-17
0.0016828492326297372 3.054692146817948e-17
0.0016890617576915084 3.100050215399583e-17
0.0016952972173494957 3.146081789662127e-17
0.0017015556962706726 3.1927968711438585e-17
0.0017078372794345799 3.240205607952733e-17
0.0017141420521344696 3.288318301876423e-17
0.0017204700999784706 3.337145404487178e-17
0.0017268215088907485 3.3866975232925744e-17
0.0017331963651126703 3.4369854244459494e-17
0.0017395947552039843 3.488020033935793e-17
0.0017460167660439823 3.539812438114394e-17
0.0017524624848326883 3.5923738903105716e-17
0.0017589319990920398 3.6457158091047327e-17
0.001765425396667075 3.699849782378204e-17
0.0017719427657271318 3.7547875739046824e-17
0.0017784841947670357 3.810541117202025e-17
0.001785049772608307 3.8671225263309774e-17
0.0017916395884003643 3.924544091457647e-17
0.001798253731621742 3.982818291100295e-17
0.0018048922920812943 4.0419577836602925e-17
0.0018115553599194218 4.101975418098209e-17
0.0018182430256092938 4.1628842341357616e-17
0.001824955379958075 4.2246974635569236e-17
0.0018316925141081658 4.287428537005881e-17
0.0018384545195384283 4.3510910817878895e-17
0.0018452414880654373 4.415698929450057e-17
0.001852053511844723 4.4812661175024764e-17
0.0018588906833720224 4.54780688934795e-17
0.0018657530954845412 4.6153357024035776e-17
0.001872640841362205 4.683867227343456e-17
0.0018795540145289296 4.753416353384741e-17
0.001886492708853891 4.823998190118038e-17
0.0018934570185527972 4.895628072830522e-17
0.0019004470381891756 4.968321562882329e-17
0.0019074628626756444 5.042094453068034e-17
0.0019145045872752107 5.1169627727324556e-17
0.0019215723076025611 5.19294278368229e-17
0.001928666119625358 5.2700509974084106e-17
0.0019357861196655504 5.348304162509517e-17
0.0019429324044006708 5.42771928323276e-17
0.0019501050708651553 5.5083136117990034e-17
