results/limits/Stanford_f_6_phase.dat
# %ECSV 1.0
# ---
# datatype:
# - {name: mx, unit: MeV, datatype: float64}
# - {name: sigma_6, unit: cm2, datatype: float64}
# schema: astropy-2.0
mx sigma_6
3.162277660168379e-07 4.705782879914309e-31
3.2360111549336787e-07 5.153862284070216e-31
3.311463862505236e-07 5.64493968437865e-31
3.388675869043115e-07 6.183154737524826e-31
3.4676881953794695e-07 6.773046288589075e-31
3.548542818811901e-07 7.4195908952719025e-31
3.6312826954049566e-07 8.128245071400119e-31
3.715951782811629e-07 8.90499160884505e-31
3.8025950636269697e-07 9.756390371650568e-31
3.89125856928623e-07 1.0689633994280251e-30
3.9819894045202297e-07 1.1712608957473427e-30
4.0748357723809307e-07 1.2833962561052765e-30
4.169846999850535e-07 1.406317636310743e-30
4.2670735640476865e-07 1.5410646709969792e-30
4.3665671190447213e-07 1.6887773041731077e-30
4.4683805233101997e-07 1.8507054724180137e-30
4.572567867791303e-07 2.0282197230475968e-30
4.6791845046510194e-07 2.222822857552331e-30
4.788287076675383e-07 2.436162699309752e-30
4.899933547366384e-07 2.6700460941390905e-30
5.014183231736547e-07 2.9264542627607607e-30
5.131096827821533e-07 3.207559635708215e-30
5.250736448927506e-07 3.515744313854464e-30
5.373165656630395e-07 3.8536203115425326e-30
5.4984494945446e-07 4.224051754463148e-30
5.626654522879044e-07 4.630179221057995e-30
5.757848853798981e-07 5.07544643445001e-30
5.892102187612295e-07 5.563629531896033e-30
6.029485849799565e-07 6.098869160679593e-30
6.17007282890752e-07 6.685705673402797e-30
6.313937815326057e-07 7.329117721990434e-30
6.461157240969403e-07 8.034564578644712e-30
6.611809319882495e-07 8.808032543647325e-30
6.765974089794179e-07 9.65608583473566e-30
6.923733454639272e-07 1.0746547872076004e-29
7.085171228072106e-07 1.1781532467537677e-29
7.250373177994646e-07 1.291634039048108e-29
7.419427072122865e-07 1.4160606145817456e-29
7.592422724615558e-07 1.5524894431293524e-29
7.769452043790388e-07 1.702078996055355e-29
7.950609080952509e-07 1.866099596058475e-29
8.135990080361694e-07 2.045944218121649e-29
8.325693530364543e-07 2.2431403335378583e-29
8.519820215718901e-07 2.4593628977395543e-29
8.718473271138315e-07 2.6964485924022143e-29
8.921758236084957e-07 2.956411442950787e-29
9.12978311084014e-07 3.2414599443012094e-29
9.342658413882192e-07 3.5540158404930624e-29
9.560497240602198e-07 3.896734717947352e-29
9.78341532338879e-07 4.272528587494019e-29
1.0011531093113902e-06 4.684590647242626e-29
1.0244965742052174e-06 5.136422436911729e-29
1.048384328826741e-06 5.631863614575785e-29
1.0728290641500308e-06 6.175124609095666e-29
1.0978437670592484e-06 6.770822425957108e-29
1.1234417272482566e-06 7.424019911052412e-29
1.149636544281106e-06 8.14026880637957e-29
1.1764421348171486e-06 8.925656963856901e-29
1.2038727400046132e-06 9.786860118834547e-29
1.2319429330465773e-06 1.0731198663659438e-28
1.2606676269433496e-06 1.17666999041995e-28
1.2900620824153782e-06 1.2902166328826498e-28
1.3201419160108953e-06 1.4147250470558407e-28
1.3509231084026028e-06 1.551253699905967e-28
1.38242201287781e-06 1.7009632740793633e-28
1.4146553640265304e-06 1.8651265392957018e-28
1.447640286632156e-06 2.0451391770839936e-28
1.4813943047694329e-06 2.242531650932203e-28
1.5159353511145682e-06 2.458982222809609e-28
1.5512817764724183e-06 2.6963312267806906e-28
1.587452359525819e-06 2.9565967211159166e-28
1.6244663168122348e-06 3.2419916520190315e-28
1.6623433129330315e-06 3.5549426749795985e-28
1.7011034710007933e-06 3.898110793815399e-28
1.740767383330235e-06 4.274413992969836e-28
1.7813561223783898e-06 4.6870520555547635e-28
1.8228912519398869e-06 5.1395337782332965e-28
1.8653948386032614e-06 5.635706814431624e-28
1.908889463474389e-06 6.179790399691977e-28
1.9533982341732686e-06 6.776411237538912e-28
1.9989447971105317e-06 7.430642851070838e-28
2.045553350050195e-06 8.148048735001218e-28
2.0932486549653353e-06 8.934729675160359e-28
2.1420560511935146e-06 9.79737563794678e-28
2.192001468898943e-06 1.0743322671098221e-27
2.2431114428485372e-06 1.1780615299704711e-27
2.2954131265091837e-06 1.2918074948204766e-27
2.3489343064737076e-06 1.4165374970345545e-27
2.403703417223201e-06 1.5533122925222767e-27
2.4597495562335635e-06 1.7032950799228818e-27
2.5171024994342686e-06 1.867761394129864e-27
2.575792717027583e-06 2.048109955289595e-27
2.635851389676631e-06 2.2458745655542415e-27
2.6973104250709106e-06 2.4627371547695617e-27
2.760202474878063e-06 2.7005420860624027e-27
2.8245609520908932e-06 2.9613118429936687e-27
2.8904200487788716e-06 3.2472642317099394e-27
2.9578147542535346e-06 3.560831244397597e-27
3.026780873657441e-06 3.90467974447191e-27
3.097355046986562e-06 4.2817341494446035e-27
3.1695747685562034e-06 4.695201304386593e-27
3.2434784069208122e-06 5.1485977575324074e-27
3.319105225258239e-06 5.645779670023966e-27
3.3964954022292982e-06 6.190975614145723e-27
3.4756900533236943e-06 6.788822539054608e-27
3.5567312527036693e-06 7.44440520983069e-27
3.6396620555569646e-06 8.163299455308764e-27
3.7245265209709786e-06 8.95161959254102e-27
3.811369735340273e-06 9.816070431127308e-27
3.900237836319859e-06 1.0764004299809238e-26
3.991178037336996e-06 1.1803483580268832e-26
4.0842386526745176e-06 1.2943349279962257e-26
4.179469123139017e-06 1.4193296227157955e-26
4.2769200423275275e-06 1.556395552773061e-26
4.376643183506652e-06 1.706698498494433e-26
4.478691527118417e-06 1.8715168251077118e-26
4.583119288927478e-06 2.052252355434858e-26
4.689981948824612e-06 2.2504422925515556e-26
4.799336280301815e-06 2.467772293825952e-26
4.911240380614659e-06 2.706090807509476e-26
5.0257537016479225e-06 2.967424793798504e-26
5.142937081500915e-06 3.2539969640571985e-26
5.262852776809252e-06 3.5682446848178676e-26
5.385564495820272e-06 3.9128407072560033e-26
5.511137432239651e-06 4.290715898500866e-26
5.639638299867211e-06 4.7050841680046255e-26
5.771135368040315e-06 5.159469800945599e-26
5.905698497903673e-06 5.657737431116309e-26
6.043399179524854e-06 6.204124908113097e-26
6.184310569875183e-06 6.80327933832658e-26
6.32850753169624e-06 7.460296606171642e-26
6.47606667327258e-06 8.180764711587136e-26
6.627066389131828e-06 8.970811292310929e-26
6.781586901693754e-06 9.837155734889126e-26
6.939710303890459e-06 1.0787166317617818e-25
7.101520602780329e-06 1.1828922871114343e-25
7.267103764178904e-06 1.2971285489310807e-25
7.436547758330399e-06 1.4223969874973955e-25
7.609942606644117e-06 1.5597629960368596e-25
7.787380429520604e-06 1.7103948505358236e-25
7.968955495292936e-06 1.8755736443053206e-25
8.15476427030917e-06 2.056704181777542e-25
8.344905470182516e-06 2.2553269240843377e-25
8.539480112236516e-06 2.473131088039414e-25
8.738591569173047e-06 2.7119690097469004e-25
8.942345623991688e-06 2.973871895045252e-25
9.150850526189614e-06 3.2610670905645784e-25
9.364217049271877e-06 3.575997022218264e-25
9.58255854960264e-06 3.9213399620610773e-25
9.805991026628606e-06 4.300032800049262e-25
1.0034633184506672e-05 4.715296014118634e-25
1.0268606495168497e-05 5.17066105085793e-25
1.0508035262855554e-05 5.670000349371175e-25
1.07530466901589e-05 6.217560263477205e-25
1.1003770945598772e-05 6.817997161897527e-25
1.1260341232779899e-05 7.4764170132188965e-25
1.1522893861159297e-05 8.198418791812596e-25
1.1791568318464117e-05 8.990142073531379e-25
1.206650734479802e-05 9.858319225436142e-25
1.2347857008475478e-05 1.0810332632758597e-24
1.263576678362426e-05 1.1854277449265304e-24
1.293038962959737e-05 1.299903040385144e-24
1.3231882072236462e-05 1.4254325247640914e-24
1.3540404287030327e-05 1.5630835482336337e-24
1.3856120184212054e-05 1.714026507197513e-24
1.4179197495840522e-05 1.879544790868541e-24
1.4509807864912299e-05 2.061045687609865e-24
1.484812693655133e-05 2.2600723436762205e-24
1.5194334451324849e-05 2.478316875849563e-24
1.5548614340735104e-05 2.7176347491967285e-24
1.5911154824937624e-05 2.9800605420015487e-24
1.6282148512737936e-05 3.2678252316423342e-24
1.6661792503919872e-05 3.583375147946916e-24
1.7050288493959805e-05 3.929392755002301e-24
1.7447842881182494e-05 4.308819437435208e-24
1.785466687641539e-05 4.724880484613839e-24
1.8270976615199758e-05 5.181112484412384e-24
1.869699327261814e-05 5.681393358972119e-24
1.91329431807992e-05 6.229975296861326e-24
1.957905794916243e-05 6.831520860895388e-24
2.003557458746648e-05 7.491142577457101e-24
2.0502735631726606e-05 8.214446342768296e-24
2.0980789273068064e-05 9.007579013780579e-24
2.1469989489583918e-05 9.877280586663791e-24
2.1970596181267336e-05 1.0830941404819177e-23
2.2482875308090033e-05 1.187666488041013e-23
2.3007099031300245e-05 1.302333626060039e-23
2.354354585801526e-05 1.4280698019960631e-23
2.4092500789185385e-05 1.565943251706727e-23
2.4654255471007912e-05 1.7171252614138057e-23
2.5229108349871537e-05 1.8829001025916555e-23
2.5817364830913554e-05 2.0646759237258096e-23
2.641933744027406e-05 2.2639966910379146e-23
2.7035345991133382e-05 2.482555278946842e-23
2.7665717753620915e-05 2.7222078208233544e-23
2.8310787628685666e-05 2.9849894412849645e-23
2.8970898326020842e-05 3.2731315025820953e-23
2.964640054613707e-05 3.589080510702475e-23
3.033765316668089e-05 3.9355188405242296e-23
3.104502343309761e-05 4.3153874547415945e-23
3.176888715373972e-05 4.731910807832081e-23
3.25096288995246e-05 5.1886241448960533e-23
3.326764220824756e-05 5.689403425152645e-23
3.4043329793658724e-05 6.238498121471638e-23
3.483710375941493e-05 6.840567172172226e-23
3.5649385818020195e-05 7.500718387042736e-23
3.648060751487119e-05 8.224551638025431e-23
3.73312104575266e-05 9.01820619806784e-23
3.820164655032238e-05 9.888412623904856e-23
3.90923782344573e-05 1.0842549619196537e-22
4.0003878733676586e-05 1.1888706352558182e-22
4.093663230568398e-05 1.3035750753654507e-22
4.1891134499415887e-05 1.4293404357719974e-22
4.2867892418314344e-05 1.5672324323975933e-22
4.386742498973848e-05 1.718419331312796e-22
4.489026324065786e-05 1.8841817973750525e-22
4.5936950579773975e-05 2.0659236857365784e-22
4.700804308621986e-05 2.2651838663197016e-22
4.8104109804991236e-05 2.483649179260989e-22
4.922573304926602e-05 2.7231686293862315e-22
5.0373508709772956e-05 2.985768937182425e-22
5.154804657137365e-05 3.273671575348585e-22
5.27499706370262e-05 3.5893114320136253e-22
5.397991945930254e-05 3.9353572548699146e-22
5.5238546479635675e-05 4.3147340451668455e-22
5.6526520375476976e-05 4.7306475860001755e-22
5.784452541554797e-05 5.186611307323801e-22
5.9193261823375433e-05 5.686475707950381e-22
6.057344614930286e-05 6.234460576648506e-22
6.198581165117595e-05 6.835190275929445e-22
6.34311086839044e-05 7.49373237718638e-22
6.491010509810695e-05 8.215639962981411e-22
6.642358664805138e-05 9.00699794053314e-22
6.797235740910648e-05 9.874473743455077e-22
6.955724020492732e-05 1.082537283273981e-21
7.117907704460117e-05 1.18676994471816e-21
7.283872956998614e-05 1.3010223091751834e-21
7.453707951348025e-05 1.4262551302094972e-21
7.627502916646401e-05 1.5635209267870644e-21
7.805350185866558e-05 1.7139726953084445e-21
7.987344244870308e-05 1.8788734410833165e-21
8.173581782606456e-05 2.0596066048099296e-21
8.364161742479263e-05 2.2576874673087977e-21
8.559185374914618e-05 2.4747756223420462e-21
8.758756291151902e-05 2.712688615847846e-21
8.96298051829007e-05 2.9734168590905008e-21
9.17196655561724e-05 3.2591399320462675e-21
9.385825432253677e-05 3.5722444038287876e-21
9.604670766138824e-05 3.915343309270055e-21
9.828618824393714e-05 4.291297430901054e-21
0.00010057788585090809 4.70323855078174e-21
0.00010292301800464121 5.154594849351916e-21
0.00010532283061593165 5.649118644987991e-21
0.00010777859864595113 6.1909166834250066e-21
0.00011029162678360347 6.78448320579717e-21
0.00011286325013867351 7.434736040628536e-21
0.00011549483495113791 8.147055989701019e-21
0.00011818777931701482 8.927329796145561e-21
0.0001209435139311377 9.781997011751157e-21
0.00012376350284724815 1.071810110049543e-20
0.00012664924425581149 1.1743345148918321e-20
0.00012960227127996844 1.2866152580821884e-20
0.00013262415279004548 1.409573330478732e-20
0.00013571649423705693 1.544215575917208e-20
0.0001388809385056415 1.691642535434759e-20
0.00014211916678688624 1.853056984981676e-20
0.00014543289947150178 2.0297732247349343e-20
0.0001488238970638237 2.2232271821732738e-20
0.00015229396111712465 2.4349873955693533e-20
0.00015584493519073535 2.666766950258546e-20
0.00015947870582948208 2.920436443830503e-20
0.00016319720356596128 3.198038062954332e-20
0.00016700240394618395 3.501800859129207e-20
0.00017089632857913436 3.8341573174000286e-20
0.000174881046210801 4.1977613176316794e-20
0.00017895867382325032 4.59550759411278e-20
0.0001831313777593269 5.03055280570738e-20
0.00018740137487357792 5.506338336241662e-20
0.00019177093371001327 6.026614948987489e-20
0.000196242375707327 6.59546943025829e-20
0.00020081807643222024 7.217353357711776e-20
0.00020550046684148122 7.897114141800014e-20
0.0002102920345734925 8.640028490470907e-20
0.0002151953252698519 9.451838454410328e-20
0.00022021294392780895 1.0338790220462353e-19
0.00022534755628423554 1.130767581502378e-19
0.0002306018902318662 1.236587789742612e-19
0.00023597873726856003 1.3521417813665474e-19
0.0002414809539803547 1.4783007093819108e-19
0.0002471114635590999 1.6160102568574108e-19
0.00025287325735547713 1.7662965286010284e-19
0.00025876939646823026 1.930272340270151e-19
0.00026480301337045197 2.1091439218060604e-19
0.000270977313573789 2.304218052052016e-19
0.00027729557733145163 2.5169096388290175e-19
0.00028376116138093086 2.7487497586374577e-19
0.0002903775007273506 3.0013941679671176e-19
0.00029714811046840066 3.276632295078048e-19
0.00030407658766182135 3.576396719140882e-19
0.00031116661323643183 3.9027731409110847e-19
0.0003184219539477161 4.2580108414202804e-19
0.00032584646437900766 4.644533626661896e-19
0.00033344408898933415 5.064951244023531e-19
0.0003412188642090111 5.522071253827422e-19
0.0003491749205840977 6.018911333590345e-19
0.0003573164849708539 6.558711977558168e-19
0.0003656478827813646 7.14494955312572e-19
0.0003741735402815245 7.781349659548461e-19
0.0003828979869426037 8.47190072781472e-19
0.000391825857847644 9.220867780935465e-19
0.000400961896153964 1.0032806269076391e-18
0.0004103109556130814 1.0912575873058147e-18
0.0004198780031493915 1.186535415461258e-18
0.00042966812149897106 1.2896649920243486e-18
0.000439686511909911 1.4012316138418285e-18
0.0004499384969056106 1.5218562240089818e-18
0.00046042952311250296 1.6521965608692377e-18
0.0004711651641537129 1.792948204901048e-18
0.00048215112361018567 1.9448454995544896e-18
0.0004933932380508582 2.1086623227759184e-18
0.0005048974801334842 2.2852126795252936e-18
0.0005166699617777604 2.4753510887042996e-18
0.0005287169374124361 2.679972733026433e-18
0.0005410448072981404 2.9000133406066893e-18
0.0005536601209276797 3.1364487644188237e-18
0.0005665695805056229 3.390294226480038e-18
0.0005797800445090163 3.662603193711576e-18
0.0005932985313311235 3.954465848524876e-18
0.000607132223010125 4.267007123620953e-18
0.0006212884690447563 4.60138426864009e-18
0.0006357747902989163 4.958783916785664e-18
0.0006505988829973161 5.340418625059174e-18
0.0006657686228142928 5.747522868597585e-18
0.0006812920690579615 6.181348461101483e-18
0.0006971774689519261 6.643159399929718e-18
0.0007134332620168255 7.134226114751186e-18
0.0007300680845540431 7.655819134187997e-18
0.0007470907742339592 8.209202167385984e-18
0.0007645103747911887 8.795624627946983e-18
0.0007823361408292924 9.416313618975712e-18
0.00080057754273752 1.0072465418185228e-17
0.0008192442717221943 1.0765236522399846e-17
0.0008383462449554094 1.1495734295865292e-17
0.0008578936108437789 1.2265007306719018e-17
0.0008778967544200344 1.3074035425442645e-17
0.000898366302860337 1.392371978305948e-17
0.0009193131311302326 1.481487269175344e-17
0.0009407483677622533 1.5748207637577874e-17
0.000962683400768232 1.672432946905112e-17
0.000985129883689471 1.7743724898672142e-17
0.0010080997417879817 1.8806753459755036e-17
0.0010316051783820807 1.991363904315456e-17
0.0010556586813297128 2.1064462144550697e-17
0.0010802730296629402 2.2259152936379985e-17
0.001105461300377127 2.3497485331647222e-17
0.0011312368753784248 2.4779072097686318e-17
0.0011576134485932472 2.610336115821761e-17
0.0011846050332435167 2.746963316693634e-17
