results/limits/Stanford_h.dat
# %ECSV 1.0
# ---
# datatype:
# - {name: mx, unit: MeV, datatype: float64}
# - {name: sigma, unit: cm2, datatype: float64}
# schema: astropy-2.0
mx sigma
[from data line 1434]
0.001971782336360376 1.679765457486526e-23
0.001979061507270924 1.698362912619978e-23
0.001986367550482825 1.7171657411536325e-23
0.001993700565199762 1.7361762025197664e-23
0.002001060650991652 1.7553965809077426e-23
0.0020084479077959842 1.7748291855355436e-23
0.0020158624359191877 1.7944763509243888e-23
0.0020233043360379887 1.8143404371764046e-23
0.0020307737092007767 1.8344238302554036e-23
0.002038270656828985 1.8547287389884037e-23
0.0020457952807184554 1.8752575435734087e-23
0.002053347683040829 1.896012940495373e-23
0.0020609279663449287 1.9169974205079053e-23
0.002068536233558155 1.9382135016150362e-23
0.002076172587987886 1.9596637293694293e-23
0.002083837133322872 1.9813506771739193e-23
0.00209152997363465 2.003276946586415e-23
0.002099251213378953 2.0254451676282374e-23
0.0021070009573971303 2.0478579990958788e-23
0.0021147793109175766 2.0705181288763036e-23
0.002122586379557148 2.0934282742657067e-23
0.0021304222693226066 2.1165911822919265e-23
0.0021382870866120556 2.1400096300404257e-23
0.0021461809382163828 2.163686424983942e-23
0.0021541039313207203 2.1876242441268778e-23
0.002162056173505885 2.2118255109721357e-23
0.0021700377727498486 2.236293682709114e-23
0.002178048837429203 2.261031689193618e-23
0.0021860894763206275 2.28604249226842e-23
0.0021941597986023767 2.3113290861124368e-23
0.002202259913855748 2.3368944975937603e-23
0.002210389932066579 2.3627417866266888e-23
0.002218549963626737 2.3888740465327187e-23
0.0022267401193356265 2.4152944044056294e-23
0.00223496051040168 2.4420060214805766e-23
0.0022432112484438763 2.469012093507385e-23
0.0022514924454932563 2.4963158511280274e-23
0.002259804213994439 2.5239205602583085e-23
0.00226814666680716 2.5518295224738858e-23
0.002276519917207787 2.5800460754005596e-23
0.002284924078890871 2.608573593109023e-23
0.0022933592659706856 2.637415486514008e-23
0.0023018255929827735 2.666575025534434e-23
0.002310323174885512 2.6960548552979274e-23
0.0023188521270616604 2.725859440040671e-23
0.002327412565319935 2.755992338179389e-23
0.0023360046058965803 2.786457146875451e-23
0.0023446283654569443 2.817257502456516e-23
0.002353283961097071 2.84839708084297e-23
0.002361971510345279 2.8798795979790534e-23
0.002370691131163764 2.911708810268871e-23
0.0023794429419501995 2.943888515017274e-23
0.002388227061539342 2.976422550875677e-23
0.0023970436092046535 3.009314798292913e-23
0.0024058927046599083 3.042569179971082e-23
0.0024147744680608255 3.076189661326598e-23
0.0024236890200067 3.110180250956385e-23
0.0024326364815420378 3.14454500110932e-23
0.002441616974158208 3.179288008163037e-23
0.002450630619795078 3.2144134131059905e-23
0.0024596775408426814 3.249925402025095e-23
0.002468757860142871 3.285828206598765e-23
0.002477871700990999 3.322125031394776e-23
0.002487019187137577 3.3588205001013235e-23
0.002496200442789965 3.395919637691486e-23
0.0025054155926140546 3.433426857220558e-23
0.002514664761735961 3.471346619637247e-23
0.0025239480757437314 3.509683434303332e-23
0.0025332656606890354 3.548441859518958e-23
0.0025426176430888856 3.587626503054018e-23
0.002552004149927355 3.627242022685363e-23
0.0025614253086572955 3.6672931267400724e-23
0.0025708812472020823 3.707784574644923e-23
0.0025803720939573333 3.748721177481852e-23
0.002589897977792663 3.790107798549857e-23
0.002599459028053431 3.8319493539331305e-23
0.0026090553745624933 3.874250813075615e-23
0.0026186871476219786 3.917017199362104e-23
0.002628354478015039 3.960253590705779e-23
0.002638057497007638 4.0039651201425287e-23
0.0026477963363503295 4.048156976431901e-23
0.0026575711282800455 4.092834404664905e-23
0.0026673820055219 4.1380010790455526e-23
0.002677229101290977 4.183662954677692e-23
0.0026871125492941485 4.2298263085404874e-23
0.00269703248373189 4.276496608599319e-23
0.0027069890393000957 4.323679381938567e-23
0.0027169823511919234 4.371380215400715e-23
0.0027270125550996095 4.419604756232485e-23
0.002737079787216326 4.468358712738347e-23
0.00274718418423802 4.5176478549413005e-23
0.002757325883365285 4.5674780152511947e-23
0.0027675050223052063 4.617855089140447e-23
0.0027777217392732385 4.668785035827475e-23
0.002787976172995085 4.7202738789678306e-23
0.002798268462708574 4.772327707353126e-23
0.0028085987481655636 4.824952675617917e-23
0.002818967169633821 4.8781550049545025e-23
0.0028293738678989372 4.931940983835902e-23
0.0028398189842662393 4.986316968747047e-23
0.002850302660562703 5.0412893849241776e-23
0.0028608250391388918 5.096864165926581e-23
0.0028713862628708714 5.1530454876892733e-23
0.0028819864751621622 5.209842706465913e-23
0.0028926258199456828 5.267262518511821e-23
0.0029033044416857017 5.325311692182866e-23
0.002914022485379811 5.383997068711777e-23
0.0029247800965608774 5.443325562993057e-23
0.00293557742129903 5.503304164376863e-23
0.0029464146062036403 5.563939937471782e-23
0.0029572917984253106 5.625240022956666e-23
0.002968209145657883 5.687211638401722e-23
0.0029791667961404297 5.749862079098747e-23
0.0029901648986592733 5.81319871890089e-23
0.0030012036025500077 5.877229011071926e-23
0.0030122830576995215 5.94196048914512e-23
0.0030234034145480452 6.007400767791951e-23
0.0030345648240911764 6.073557543700571e-23
0.003045767437881941 6.140438596464437e-23
0.0030570114080328468 6.208051789480962e-23
0.0030682968872179587 6.276400691693352e-23
0.0030796240286749556 6.345497391575615e-23
0.003090992986207223 6.415350029703478e-23
0.0031024039141859367 6.485966798731339e-23
0.0031138569675521572 6.557355979148178e-23
0.0031253523018189466 6.62952594022031e-23
0.0031368900730734594 6.702485140944619e-23
0.0031484704379790766 6.776242131012711e-23
0.0031600935537775283 6.850805551785955e-23
0.003171759578291026 6.92618413728159e-23
0.003183468669924418 7.002386715170127e-23
0.0031952209876673233 7.079422207783927e-23
0.0032070166910962996 7.157299633137429e-23
0.0032188559403770094 7.236028105958986e-23
0.0032307388962663905 7.31561683873444e-23
0.003242665720114852 7.396075142762779e-23
0.003254636573868447 7.477408647410256e-23
0.003266651620071082 7.559628973318604e-23
0.003278711021866722 7.642747054209458e-23
0.003290814943001604 7.726772589786707e-23
0.0033029635478264707 7.811715383307717e-23
0.003315157001298784 7.897585342690825e-23
0.0033273954689849775 7.98439248163566e-23
0.0033396791170627023 8.072146920756101e-23
0.003352008112323079 8.160858888726127e-23
0.0033643826221729754 8.25053872343887e-23
0.0033768028146372612 8.341196873178669e-23
0.0033892688583611018 8.432843897806775e-23
0.0034017809226122406 8.525490469960536e-23
0.0034143391772833136 8.619147376266425e-23
0.0034269437928941327 8.713821376382724e-23
0.0034395949405940174 8.80952583899183e-23
0.003452292792164113 8.906273307401802e-23
0.0034650375200197215 9.004075017445918e-23
0.003477829297212656 9.10294232444143e-23
0.0034906682974335684 9.202886704464073e-23
0.003503554695014324 9.303919755637459e-23
0.0035164886649303633 9.406053199437025e-23
0.0035294703828030747 9.509298882008942e-23
0.003542500024902194 9.613668775504323e-23
0.0035555777681481764 9.719174979428461e-23
0.003568703790114612 9.82582851636152e-23
0.0035818782690306343 9.933638510054123e-23
0.0035951013837833366 1.0042621522226167e-22
0.0036083733139202156 1.0152790157187666e-22
0.003621694239651587 1.026415715283199e-22
0.0036350643418530467 1.0376735382057801e-22
0.0036484838020679248 1.0490537854207263e-22
0.0036619528025097453 1.060557771652068e-22
0.0036754715260647153 1.072186825560811e-22
0.0036890401562941874 1.0839420954468108e-22
0.0037026588774371648 1.0958248434693744e-22
0.0037163278744128015 1.107836698824769e-22
0.003730047332822907 1.1199790458587085e-22
0.0037438174389544847 1.1322532835514035e-22
0.003757638379782235 1.1446608256731984e-22
0.0037715103429711125 1.157202927874387e-22
0.0037854335168788643 1.1698810602337355e-22
0.0037994080905586047 1.1826968079154977e-22
0.0038134342537613575 1.1956515663998963e-22
0.0038275121969386485 1.2087468587030435e-22
0.0038416421112450884 1.2219840015253043e-22
0.0038558241885409635 1.2353647090608322e-22
0.003870058621394857 1.2488905314638374e-22
0.0038843456030862402 1.2625630204280276e-22
0.0038986853276081123 1.2763837439975867e-22
0.00391307798966963 1.290354094761476e-22
0.00392752378469875 1.3044753295978024e-22
0.003942022908844895 1.3187495556283448e-22
0.003956575558981596 1.3331784056931131e-22
0.003971181932709178 1.3477635297754452e-22
0.003985842228357443 1.3625065951831394e-22
0.0040005566449883585 1.3774092867316972e-22
0.0040153253823987725 1.3924733069297018e-22
0.004030148641123108 1.4077003761663412e-22
0.004045026622436095 1.4230922329011344e-22
0.004059959528355507 1.4386506338558791e-22
0.004074947561644897 1.4543768775150893e-22
0.004089990925816364 1.470272288756405e-22
0.004105089825133295 1.4863395335397e-22
0.004120244464613155 1.5025804390006477e-22
0.004135455050030265 1.5189968513438177e-22
0.0041507217879185945 1.5355906360427065e-22
0.004166044885574579 1.5523636780421383e-22
0.0041814245510599125 1.5693178819629782e-22
0.004196860993204389 1.5864551723092724e-22
0.004212354421608728 1.603777493677796e-22
0.004227905046647438 1.6212868109700903e-22
0.004243513079471651 1.6389851096069456e-22
0.004259178732012 1.6568743957454602e-22
0.0042749022169815 1.674956696498644e-22
0.004290683747878424 1.693234060157612e-22
0.004306523538989227 1.7117083084658559e-22
0.004322421805391423 1.7303796887914414e-22
0.0043383787629565265 1.7492522539417126e-22
0.00435439462835298 1.7683281316078005e-22
0.004370469619049089 1.7876094715010674e-22
0.004386603953315994 1.8070984455820405e-22
0.004402797850230606 1.8267972482919933e-22
0.004419051529678602 1.8467080967872848e-22
0.004435365212357404 1.8668332311764343e-22
0.004451739119779171 1.8871749147599886e-22
0.004468173474273826 1.9077354342732556e-22
0.004484668498992047 1.9285171001318575e-22
0.004501224417908317 1.9495222466802709e-22
0.004517841455823956 1.9707532324432728e-22
0.0045345198383701735 1.992212440380437e-22
0.004551259792011149 2.0139022781436586e-22
0.004568061544047079 2.0358251783377445e-22
0.004584925322617284 2.0579835987841817e-22
0.004601851356703295 2.0803798617828731e-22
0.004618839876131968 2.1030131729428717e-22
0.004635891111578614 2.1258892960525417e-22
0.0046530052945701105 2.149010780773207e-22
0.004670182657488058 2.1723802028734444e-22
0.0046874234335719306 2.1960001644977704e-22
0.0047047278569222585 2.219873294438531e-22
0.004722096162503781 2.244002248410974e-22
0.004739528586148652 2.268389709331643e-22
0.0047570253645596436 2.293038387600082e-22
0.004774586735313349 2.3179510213838924e-22
0.004792212936863432 2.343130376907274e-22
0.0048099042085438335 2.368579248742967e-22
0.004827660790572042 2.394300460107786e-22
0.004845482924052349 2.4202968631617153e-22
0.0048633708509791184 2.4465713393106315e-22
0.004881324814240094 2.47312679951277e-22
0.004899345057619665 2.49996618458883e-22
0.004917431825802198 2.5270924655359966e-22
0.004935585364375353 2.554508643845744e-22
0.004953805919833413 2.5822150894413012e-22
0.004972093739580654 2.610214639391437e-22
0.004990449071934671 2.6385129195987583e-22
0.005008872166129769 2.667113039106551e-22
0.005027363272320348 2.696018138388314e-22
0.005045922641584285 2.725231389668035e-22
0.005064550525926375 2.754755997244371e-22
0.005083247178281712 2.784595197818676e-22
0.00510201285251915 2.8147522608270934e-22
0.005120847803444739 2.8452304887766627e-22
0.005139752286805202 2.876033217585567e-22
0.00515872655929138 2.9071638169275066e-22
0.005177770878541739 2.9386256905803863e-22
0.00519688550314586 2.9704222767792624e-22
0.005216070692647945 3.002557048573704e-22
0.005235326707550366 3.0350335141896107e-22
0.005254653809317166 3.0678552173954753e-22
0.005274052260377635 3.101025737873317e-22
0.005293522324129861 3.1345486915942347e-22
0.0053130642649443114 3.168427731198668e-22
0.005332678348167434 3.202662499433145e-22
0.005352364840125234 3.2372568914191387e-22
0.005372124008126909 3.2722180418279957e-22
0.005391956120468475 3.307549728791353e-22
0.005411861446436403 3.3432557680782463e-22
0.005431840256311296 3.379340013474696e-22
0.00545189282137153 3.415806357167889e-22
0.005472019413896953 3.4526587301352356e-22
0.005492220307172586 3.489901102538223e-22
0.005512495775492317 3.527537484121222e-22
0.005532846094162659 3.5655719246153463e-22
0.005553271539506443 3.604008514147333e-22
0.005573772388866604 3.6428513836536923e-22
0.005594348920609933 3.6821047053000932e-22
0.005615001414130853 3.721772692906082e-22
0.0056357301498552404 3.7618596023753466e-22
0.005656535409244189 3.8023697321313345e-22
0.005677417474797864 3.8433074235586745e-22
0.0056983766300593205 3.884677061450174e-22
0.00571941315961838 3.9264825060342486e-22
0.005740527349115455 3.9687190009486706e-22
0.0057617194852454595 4.011400192934836e-22
0.005782989855761687 4.0545306120361815e-22
0.005804338749479715 4.0981148327058437e-22
0.005825766456281354 4.1421574742498294e-22
0.005847273267118542 4.1866632012757566e-22
0.005868859474017322 4.2316367241474237e-22
0.005890525370081802 4.277082799445219e-22
0.005912271249498127 4.323006230432469e-22
0.0059340974075385 4.369411867527914e-22
0.005956004140565151 4.416304608784244e-22
0.00597799174603439 4.463689400373031e-22
0.006000060522500636 4.511571237075963e-22
0.006022210769620469 4.559955162782607e-22
0.006044442788156717 4.608846270994798e-22
0.00606675687998251 4.6582497053376645e-22
0.0060891533480854 4.708170660077546e-22
0.006111632496571468 4.758614380646826e-22
0.006134194630669447 4.809574738375347e-22
0.006156840056734897 4.861066201476389e-22
0.006179569082254321 4.913095606268272e-22
0.006202382015849364 4.965668365676794e-22
0.006225279167281004 5.018789944841012e-22
0.006248260847453749 5.072465861632081e-22
0.006271327368419879 5.126701687179051e-22
0.006294479043383653 5.181503046401581e-22
0.006317716186705582 5.236875618549998e-22
0.006341039113906684 5.292825137752521e-22
0.0063644481416728 5.3493573935701025e-22
0.006387943587858849 5.406478231558601e-22
0.006411525771493172 5.464193553838862e-22
0.006435195012781858 5.522509319674584e-22
0.006458951633113085 5.581431546058105e-22
0.0064827959550615094 5.640966308304443e-22
0.006506728302392609 5.7011104041092715e-22
0.0065307490000671015 5.7618729330476565e-22
0.006554858374245353 5.823265577087423e-22
0.006579056752291801 5.885294602108598e-22
0.006603344462779423 5.947966333482642e-22
0.0066277218354941604 6.011287156661049e-22
0.006652189201439423 6.07526351777243e-22
0.006676746892840575 6.139901924227775e-22
0.0067013952431494404 6.20520894533424e-22
0.006726134587048859 6.27119121291774e-22
0.006750965260457189 6.33785542195414e-22
0.006775887600532894 6.405208331209615e-22
0.006800901945679116 6.473256763890125e-22
0.006826008635548263 6.542007608300183e-22
0.006851208011046651 6.6114576822326985e-22
0.006876500414339085 6.68161729594075e-22
0.00690188618885354 6.752499306859524e-22
0.006927365679285812 6.824110818212078e-22
0.006952939231604193 6.896458999707299e-22
0.0069786071930542 6.969551088198322e-22
0.0070043699121632415 7.043394388350264e-22
0.0070302277387453834 7.117996273317952e-22
0.007056181023906083 7.193364185433473e-22
0.007082230120046982 7.269505636903939e-22
0.0071083753808706554 7.34642821051948e-22
0.007134617161385436 7.424137825375117e-22
0.007160955817910231 7.502629649790367e-22
0.007187391708079353 7.581924754367476e-22
0.007213925190847404 7.662030961892438e-22
0.007240556626494107 7.742956167486082e-22
0.007267286376629226 7.824708339321361e-22
0.007294114804197466 7.907295519351432e-22
0.007321042273483404 7.9907258240488e-22
0.007348069150116451 8.075007445155764e-22
0.007375195801075783 8.160144587468395e-22
0.007402422594695348 8.246140092013784e-22
0.007429749900668863 8.333011083546404e-22
0.007457178090054821 8.420766020811396e-22
0.00748470753528157 8.509413440118496e-22
0.007512338610152314 8.59896195611727e-22
0.007540071689850221 8.689416333273957e-22
0.007567907150943516 8.780784238115528e-22
