results/limits/Stanford_l_phase.dat
# %ECSV 1.0
# ---
# datatype:
# - {name: mx, unit: MeV, datatype: float64}
# - {name: sigma_10, unit: cm2, datatype: float64}
# - {name: sigma_9, unit: cm2, datatype: float64}
# - {name: sigma_7, unit: cm2, datatype: float64}
# - {name: sigma_6, unit: cm2, datatype: float64}
# - {name: sigma_5, unit: cm2, datatype: float64}
# - {name: sigma_4, unit: cm2, datatype: float64}
# - {name: sigma_3, unit: cm2, datatype: float64}
# - {name: sigma_2, unit: cm2, datatype: float64}
# schema: astropy-2.0
mx sigma_10 sigma_9 sigma_7 sigma_6 sigma_5 sigma_4 sigma_3 sigma_2
[from data line 976]
1861.1002598924472 1.3274621687990657e-20 1.3274606082007542e-16 1.327460547336952e-08 0.0001327456081821512 1.3270096441980745 12834.78291877144 18223235.73191119 45451970.11781648
1904.4947498826687 1.455548776420165e-20 1.4555471424014554e-16 1.4555470764442429e-08 0.00014555421800517646 1.4550526657088239 14073.209777641157 19981593.838062428 49837625.95155266
1948.9010508978479 1.5962571674379437e-20 1.5962554561295767e-16 1.5962553846110368e-08 0.00015962500148824517 1.595713178995516 15433.672500102119 21913222.370682508 54655448.84727623
1994.3427549090043 1.750313092348506e-20 1.750311300384562e-16 1.7503112228172042e-08 0.00017503053348520578 1.7497166885196633 16923.188135586333 24028084.36122677 59930288.36599008
2040.8440039711966 1.9193303302366005e-20 1.9193284537661879e-16 1.9193283696027936e-08 0.00019193219130719517 1.9186764246635508 18557.35978226655 26348333.58806056 65717399.945700556
2088.4295030496014 2.104562524710308e-20 2.104560559901003e-16 2.104560468551944e-08 0.00021045533889090816 2.103845605181845 20348.308510928804 28891179.93557816 72059708.07922138
2137.124533144652 2.3078978833079747e-20 2.3078958256504397e-16 2.3078957264551015e-08 0.0002307887962802051 2.3071117954912266 22314.290776960624 31682544.503673535 79021864.57016951
2186.9549647232075 2.5306437513866048e-20 2.530641596852056e-16 2.530641489110259e-08 0.0002530632976151003 2.529781897318999 24467.946880332234 34740374.39496142 86648632.66387324
2237.947271462894 2.7755324008084814e-20 2.7755301441281034e-16 2.775530027034304e-08 0.00027755206902816006 2.7745872531022293 26835.694253207686 38102177.92546106 95033564.72852671
2290.1285443169163 3.0427326783748454e-20 3.042730316063606e-16 3.042730188824552e-08 0.000304271995322316 3.0416966540848396 29419.165437583775 41770273.0305703 104182442.10461104
2343.5265059068115 3.3375277874441504e-20 3.3375253129759847e-16 3.3375251745881997e-08 0.0003337513947310447 3.3363915058110916 32269.441971535936 45817186.91357634 114276160.45330498
2398.169525250793 3.6597449970538353e-20 3.659742405884266e-16 3.659742255370162e-08 0.000365972994416942 3.6584991379973353 35384.85379515403 50240548.36994686 125308805.57149269
2454.086632835509 4.013309106939625e-20 4.013306393438125e-16 4.013306229675786e-08 0.0004013292729102602 4.011943015998985 38803.348504633876 55094236.61176605 137414761.73503205
2511.3075360392254 4.4006981766308313e-20 4.40069533525461e-16 4.400695157038826e-08 0.00044006803533076593 4.399200357618677 42548.88564908542 60412270.1739966 150678877.18148786
2569.8626349146184 4.825813953088474e-20 4.825810977605975e-16 4.825810783592002e-08 0.0004825794549792038 4.824171583669485 46659.189938834905 66248211.80822878 165234746.87832484
2629.783038339575 5.291648827385514e-20 5.291645711532696e-16 5.291645500273792e-08 0.000529162769942795 5.289848068654052 51163.19382553256 72643140.73567441 181184829.6622967
2691.100580544569 5.80264295075652e-20 5.802639688020047e-16 5.8026394579161034e-08 0.0005802619938110844 5.8006684552028185 56103.82767887457 79658010.8697717 198681155.3645992
2753.8478380254037 6.3643471322589e-20 6.364343714842357e-16 6.364343464091699e-08 0.0006364322054740844 6.362181665426455 61534.76044620803 87369023.10033555 217913782.46978277
2818.0581468502987 6.979581498532232e-20 6.979577919573605e-16 6.9795776462882e-08 0.0006979554167318775 6.977206868890061 67483.25902008155 95814891.83443719 238979271.55025196
2883.7656203705187 7.651048843774843e-20 7.651045097486522e-16 7.65104479969734e-08 0.0007651019061944318 7.648445942717548 73975.45584535725 105032720.75400028 261970165.74526346
2951.0051673439552 8.389405331419622e-20 8.389401408729558e-16 8.389401084072347e-08 0.0008389372862523867 8.386551427047328 81114.38185388093 115168796.47490163 287251329.7249173
3019.812510481288 9.201240107246637e-20 9.20123599863877e-16 9.201235644520924e-08 0.0009201204691999567 9.198110228829288 88963.74533984429 126313574.07304582 315048374.4327088
3090.2242054245785 1.0090541931236525e-19 1.00905376286742e-15 1.0090537242382525e-07 0.0010090503298292876 10.087109754526448 97562.11233521695 138521810.83542958 345497874.2184911
3162.2776601683795 1.1065595950806517e-19 1.1065591444913935e-15 1.106559102344023e-07 0.001106555379931604 11.061832335677632 106989.58921136285 151907244.35295987 378883510.73239714
