data/Al2O3.ecsv
# %ECSV 0.9
# ---
# datatype:
# - {name: mx, unit: MeV, datatype: float64}
# - {name: heavy, unit: cm2, datatype: float64}
# - {name: sigma10, unit: cm2, datatype: float64}
# - {name: sigma7, unit: cm2, datatype: float64}
# - {name: sigma5, unit: cm2, datatype: float64}
# - {name: sigma3, unit: cm2, datatype: float64}
# schema: astropy-2.0
mx heavy sigma10 sigma7 sigma5 sigma3
0.001 3.8861678419255566e+35 1.1217421042792182e+36 1.1217420661631312e+36 1.1213610401372423e+36 1.539915453090099e+35
0.0011497569953977356 5.137283539695796e+35 8.485564939077863e+35 8.485564650743737e+35 8.482682329509804e+35 1.164889195835424e+35
0.0013219411484660286 6.791184009213876e+35 6.419016333382436e+35 6.419016115268326e+35 6.416835745757104e+35 8.811956338007707e+34
0.0015199110829529332 8.9775417990725e+35 4.855748405517138e+35 4.855748240521878e+35 4.854098871642336e+35 6.665918999963117e+34
0.001747528400007683 1.1867776156550576e+36 3.673193813916306e+35 3.673193689103509e+35 3.6719460026380544e+35 5.042520820665135e+34
0.002009233002565048 1.5688492887877257e+36 2.7786348647372033e+35 2.7786347703209494e+35 2.77769094179221e+35 3.8144799507665315e+34
0.0023101297000831605 2.0739251000230442e+36 2.1019340273016226e+35 2.1019339558792344e+35 2.1012199846678053e+35 2.8855123451905185e+34
0.0026560877829466868 2.7416049062153723e+36 1.5900348357055738e+35 1.5900347816771956e+35 1.589494689037218e+35 2.182782660215736e+34
0.0030538555088334154 3.624237264586675e+36 1.2028020226292578e+35 1.2028019817588068e+35 1.2023934218296877e+35 1.6511936340706154e+34
0.003511191734215131 4.7910237000016093e+36 9.09874733183595e+34 9.098747022666278e+34 9.095656419645144e+34 1.249066212867131e+34
0.004037017258596553 6.333444271508253e+36 6.882860966435961e+34 6.882860732560703e+34 6.880522807336372e+34 9.448717243698241e+33
0.004641588833612777 8.372429801458354e+36 5.206625198113435e+34 5.2066250211956045e+34 5.204856468780602e+34 7.147598873606543e+33
0.005336699231206313 1.1067843063486237e+37 3.9386151852536488e+34 3.938615051421998e+34 3.9372772083600133e+34 5.4068884143781e+33
0.006135907273413176 1.4631012238273552e+37 2.9794128718978026e+34 2.9794127706592395e+34 2.97840074316938e+34 4.0901058318739415e+33
0.007054802310718645 1.934129922699277e+37 2.2538121594475372e+34 2.253812082864427e+34 2.253046522681797e+34 3.0940090056847205e+33
0.008111308307896872 2.556800171688087e+37 1.7049224052042418e+34 1.7049223472720576e+34 1.704343230373418e+34 2.340499075570085e+33
0.0093260334688322 2.4264350649713e-21 4.1247089393593127e-19 4.1247088098502417e-19 4.1234141689237376e-19 7.215322827423471e-20
0.010722672220103232 1.5678043551352885e-38 6.317033342308939e-36 6.317033132106239e-36 6.314931845052704e-36 9.2930508153955e-37
0.012328467394420659 1.7159534960365307e-40 2.0125388170535094e-37 2.012538750409102e-37 2.0118725406501845e-37 3.0068535913119166e-38
0.014174741629268049 2.3357538260558106e-41 2.600973397966684e-38 2.600973312335556e-38 2.6001173017267e-38 3.957663802009646e-39
0.016297508346206434 6.998107691534441e-42 5.384836778519331e-39 5.3848366027360184e-39 5.383079385604827e-39 8.41052020344615e-40
0.01873817422860383 2.94040082962904e-42 1.463758378173204e-39 1.463758330943175e-39 1.4632861956652735e-39 2.367057919933382e-40
0.021544346900318822 1.6597306338680174e-42 5.082346602319641e-40 5.082346440793134e-40 5.0807317382535415e-40 8.583304108232803e-41
0.02477076355991714 1.0518444094427109e-42 2.1899265990144346e-40 2.189926530724206e-40 2.1892438652007048e-40 3.8951335084673994e-41
0.02848035868435805 9.367121437259365e-43 1.0981321754333323e-40 1.0981321420151141e-40 1.0977980749772332e-40 2.078864958841599e-41
0.032745491628777317 5.933049485118077e-43 6.217261958735825e-41 6.217261775314467e-41 6.215428189118158e-41 1.266087102136068e-41
0.03764935806792471 5.254991194550654e-43 3.9866209502557445e-41 3.98662083668982e-41 3.9854855628285573e-41 8.754087239917065e-42
0.043287612810830614 5.245666743643958e-43 2.582682366484149e-41 2.582682296659939e-41 2.5819842883256334e-41 6.265842026860055e-42
0.04977023564332114 5.242205377514371e-43 1.6959959936777581e-41 1.6959959514899768e-41 1.695574211579938e-41 4.692424727142557e-42
0.05722367659350221 5.224371419824533e-43 1.2041167849258548e-41 1.2041167582187017e-41 1.203849770777948e-41 3.8325887677434815e-42
0.06579332246575682 5.216978427919821e-43 9.442822522679608e-42 9.442822339031756e-42 9.440986407340707e-42 3.387904678534841e-42
0.07564633275546291 5.214986340917513e-43 7.606445701295767e-42 7.606445574287269e-42 7.60517584190762e-42 3.058888991735044e-42
0.08697490026177834 5.212332530260844e-43 5.5171455070901695e-42 5.517145449931405e-42 5.516573963987428e-42 2.7232712810680956e-42
0.1 5.208783206523586e-43 4.400779125868664e-42 4.4007791105865267e-42 4.400626225342756e-42 2.5646014987729757e-42
0.11497569953977356 5.20401623590351e-43 3.8069840482091834e-42 3.8069840535171375e-42 3.8070369946525125e-42 2.4745385142044794e-42
0.13219411484660287 5.197585901570515e-43 2.879744333573236e-42 2.879744378833634e-42 2.8801966668565513e-42 2.3608531496926808e-42
0.15199110829529333 5.1888740999207594e-43 2.4583710821816357e-42 2.4583711507506474e-42 2.4590563829064367e-42 2.3170395931863448e-42
0.1747528400007683 5.1770253837223874e-43 2.0270785449816412e-42 2.0270786357989684e-42 2.0279862377239675e-42 2.272469856551197e-42
0.2009233002565046 5.160866079933136e-43 1.6594156085187404e-42 1.6594157287382196e-42 1.6606170881245396e-42 2.2436486655982446e-42
0.2310129700083158 5.138819682456534e-43 1.4494103060200073e-42 1.449410441678411e-42 1.4507660750798398e-42 2.2256670150128283e-42
0.2656087782946684 5.108839022452762e-43 1.1684306231135813e-42 1.1684307937738672e-42 1.1701359413408618e-42 2.2080437859429344e-42
0.30538555088334124 5.068372552057946e-43 1.0407101959037509e-42 1.04071038186886e-42 1.042568379003486e-42 2.197104484070791e-42
0.3511191734215128 5.014336459455032e-43 8.438886203253812e-43 8.438888481654527e-43 8.461645371733715e-43 2.1844801306769226e-42
0.40370172585965575 4.9429550457682035e-43 7.480738471409996e-43 7.480740946730769e-43 7.505462558577933e-43 2.1731119620892465e-42
0.46415888336127725 4.849389723796872e-43 6.278307061594079e-43 6.2783100052599304e-43 6.307692744844311e-43 2.159513083872756e-42
0.5336699231206302 4.727246558436645e-43 5.369348290129363e-43 5.369351565123297e-43 5.402034558388639e-43 2.1428008127399653e-42
0.6135907273413176 4.568025043287741e-43 4.851516856803146e-43 4.851520477918803e-43 4.8876346915517255e-43 2.1221321565275992e-42
0.7054802310718645 4.360510582648626e-43 3.852019121005547e-43 3.8520234702141165e-43 3.895360253246951e-43 2.0943583249152625e-42
0.8111308307896872 4.090393649018309e-43 3.5808022866460603e-43 3.580806897396038e-43 3.626728737688209e-43 2.0583148413433585e-42
0.9326033468832199 3.7437093831846776e-43 2.8742524785881954e-43 2.8742581754284893e-43 2.930847682993347e-43 2.009687186020384e-42
1.072267222010323 3.32092262966428e-43 2.5418737020682944e-43 2.541879911978432e-43 2.6035108173759287e-43 1.9442690954843236e-42
1.232846739442066 2.8574056741298492e-43 2.3641971233871997e-43 2.3642037081841303e-43 2.429484135875199e-43 1.8567008534640733e-42
1.4174741629268077 2.407838842091075e-43 1.8270853517257366e-43 1.827093738239195e-43 1.9097243908412102e-43 1.7422563350212547e-42
1.6297508346206433 2.010539457087111e-43 1.661632325064946e-43 1.6616413243515563e-43 1.7501179338950087e-43 1.6035810151165176e-42
1.873817422860383 1.6748023870386515e-43 1.5026475575878961e-43 1.502657488107423e-43 1.5997203313898576e-43 1.4449705723583774e-42
2.1544346900318865 1.3982404515025733e-43 1.1752829296069467e-43 1.1752952881529707e-43 1.294726899537939e-43 1.2716826935814107e-42
2.477076355991709 1.1735058092622871e-43 1.06965756833283e-43 1.0696708108202143e-43 1.1969680119833673e-43 1.1111809478805332e-42
2.848035868435805 9.975836753544552e-44 9.874785309117459e-44 9.8749258271919e-44 1.1217047044227103e-43 9.50569164500628e-43
3.2745491628777317 8.654648885666175e-44 7.57088809547817e-44 7.571071345679218e-44 9.263020670158743e-44 8.200439151095291e-43
3.7649358067924634 7.761442073237089e-44 6.772772443610405e-44 6.772970361035087e-44 8.577536758272907e-44 6.9675577629340134e-43
4.328761281083062 6.76316367482596e-44 6.229028738538082e-44 6.229238957220758e-44 8.117566464779033e-44 6.019530349638975e-43
4.9770235643321135 6.028705101403031e-44 5.069423544487854e-44 5.069687726529572e-44 7.290020278738468e-44 5.226375571391538e-43
5.72236765935022 5.388021397953246e-44 4.219796385710766e-44 4.220097598386683e-44 6.666614383704465e-44 4.508437858891211e-43
6.5793322465756825 4.970513279543766e-44 3.8685294679761553e-44 3.8688501588834606e-44 6.394174010480259e-44 4.0104590711568e-43
7.564633275546291 4.495862689955802e-44 3.540154134574457e-44 3.5404943467656494e-44 6.12482537611287e-44 3.4543535219668983e-43
8.697490026177835 4.0314408419046473e-44 2.7363903249508584e-44 2.7368422929163114e-44 5.704351504307879e-44 3.1344140210509675e-43
10.0 3.9665215050666433e-44 2.36215891919079e-44 2.362657061880681e-44 5.432212663395986e-44 2.724197490989134e-43
11.497569953977356 3.711226133232724e-44 2.156903948095574e-44 2.157435143538153e-44 5.240308654158987e-44 2.5170241209927738e-43
13.219411484660286 3.7306436035431387e-44 1.9656824235871216e-44 1.96624669869167e-44 5.025158527310033e-44 2.2592866174021102e-43
15.199110829529332 3.79954427833601e-44 1.5316371526228535e-44 1.5323902833319313e-44 4.789495277986741e-44 2.1210775962194645e-43
17.47528400007683 4.110457537356635e-44 1.2912839044559309e-44 1.2921290069636915e-44 4.549996077695153e-44 1.9625752739945603e-43
20.092330025650462 4.4390578275986944e-44 1.1742963715984686e-44 1.1751996936338446e-44 4.351246572432637e-44 1.9015748605487884e-43
23.101297000831583 5.337166616832573e-44 1.0652509067931325e-44 1.0662120498149515e-44 4.1130530840447113e-44 1.8493731705726537e-43
26.56087782946684 6.537133139067301e-44 9.166769451870081e-45 9.178178092006448e-45 3.9013245176266844e-44 1.858435020252314e-43
30.53855508833419 9.36127846322452e-44 7.068590634066337e-45 7.083086316743778e-45 3.6585101016208094e-44 1.90205010622841e-43
35.11191734215128 1.3778897329541954e-43 6.220924992705035e-45 6.23666873078888e-45 3.4325856917548087e-44 2.0032674503296277e-43
40.3701725859655 2.3941849776270377e-43 5.614675624877317e-45 5.631470607363345e-45 3.1952502208053973e-44 2.1512185018634114e-43
46.415888336127814 4.736871249680851e-43 5.054758926057092e-45 5.07261140592385e-45 2.9417257609015956e-44 2.3878252763660384e-43
53.36699231206302 1.1882942754859605e-42 4.3417413534666264e-45 4.362777229290531e-45 2.7398995430617176e-44 2.748119199186383e-43
61.35907273413176 4.123122216468494e-42 3.282495871318938e-45 3.3096655986736747e-45 2.5009729041206263e-44 3.216071384332609e-43
70.54802310718645 2.102489852375996e-41 2.83709661900434e-45 2.86660213221323e-45 2.2889600896098727e-44 3.906039837224784e-43
81.11308307896871 1.843771875856692e-40 2.530625854744758e-45 2.5619153309458823e-45 2.0744566094166027e-44 4.8212128738561e-43
93.26033468832199 4.447746053721743e-40 2.1776364638978846e-45 2.2121089187960477e-45 1.8710179022337694e-44 6.023490594471823e-43
107.22672220103253 5.65033470323218e-40 1.843334766920396e-45 1.8818177734133837e-45 1.6795969122213e-44 7.760681312337023e-43
123.28467394420635 7.43779619987289e-40 1.5548400676875567e-45 1.5976210277902844e-45 1.4999245216153188e-44 1.0185677327387329e-42
141.74741629268078 1.0036629891093821e-39 1.3063081554695958e-45 1.3536380576258892e-45 1.3327733121667353e-44 1.358205767182474e-42
162.97508346206467 1.3773790077498401e-39 1.092667173370115e-45 1.1447393390688524e-45 1.1786184296868486e-44 1.8348691567741687e-42
187.3817422860387 1.9109735998057872e-39 9.09505955498821e-46 9.664303999514692e-46 1.0376387869642544e-44 2.504177514681943e-42
215.44346900318777 2.6682540909149654e-39 7.529780714292769e-46 8.147518516627553e-46 9.097338174995237e-45 3.442913167970546e-42
247.7076355991714 3.736429368176105e-39 6.197192361056637e-46 6.861939673616269e-46 7.945536711695294e-45 4.7558803897065983e-42
284.8035868435793 5.233095922863111e-39 5.067763314555349e-46 5.776252461835962e-46 6.915401712109091e-45 6.584359414310785e-42
327.4549162877732 7.314633850825831e-39 4.115467443182618e-46 4.862352559130559e-46 5.999752486845369e-45 9.116245684399017e-42
376.49358067924715 1.0185983896911944e-38 3.317270548186176e-46 4.0949260012991594e-46 5.1903287537887437e-45 1.259784754014347e-41
432.87612810830615 1.4111650544891966e-38 2.6527031008663755e-46 3.4511877885770566e-46 4.478299301317722e-45 1.7347160769864256e-41
497.7023564332114 1.942763258047353e-38 2.1035119310605035e-46 2.9107757811245315e-46 3.854713552537716e-45 2.3768263250364524e-41
572.236765935022 2.655384785082906e-38 1.6533835740411996e-46 2.455771925603847e-46 3.310857553207604e-45 3.2366308586669346e-41
657.9332246575682 3.6006528570291777e-38 1.2877307195547756e-46 2.0707900236174448e-46 2.83849305045066e-45 4.376248693694215e-41
756.4633275546291 4.84100556618233e-38 9.935315026459255e-47 1.743042595171275e-46 2.4299806373924396e-45 5.870831025058956e-41
869.7490026177834 6.450780573275833e-38 7.59209784849893e-47 1.4622986470216185e-46 2.078308688025374e-45 7.80987048379364e-41
1000.0 8.517181328106873e-38 5.745436646208845e-47 1.2206791760895289e-46 1.7770628672905892e-45 1.0298366982284515e-40
